0 FILE 4506 - Deep Sea Predators - Small Red Fish.ldr
0 4506 - Deep Sea Predators - Small Red Fish
0 Name: 4506 - Deep Sea Predators - Small Red Fish.ldr
0 Author: Merlijn Wissink [Legolijntje]
0 !LICENSE Redistributable under CCAL version 2.0 : see CAreadme.txt
1 72 0 0 0 0 0 -1 0 1 0 1 0 0 48170.dat
1 4 0 24 -30 -1 0 0 0 1 0 0 0 -1 3747a.dat
1 71 0 48 -40 -1 0 0 0 1 0 0 0 -1 3022.dat
1 4 -10 24 -70 0 0 1 0 1 0 -1 0 0 3622.dat
1 4 10 24 -70 0 0 1 0 1 0 -1 0 0 3622.dat
1 4 0 48 -90 0 0 1 0 1 0 -1 0 0 3021.dat
1 4 0 24 -110 1 0 0 0 1 0 0 0 1 3747a.dat
1 71 -10 0 -60 0 0 1 0 1 0 -1 0 0 3010.dat
1 71 10 0 -60 0 0 1 0 1 0 -1 0 0 3010.dat
1 4 -10 0 -110 0 0 1 0 1 0 -1 0 0 4070.dat
1 0 -24 10 -110 0 1 0 0 0 -1 -1 0 0 6141.dat
1 4 10 0 -110 0 0 -1 0 1 0 1 0 0 4070.dat
1 0 24 10 -110 0 -1 0 0 0 -1 1 0 0 6141.dat
1 4 -10 0 -130 0 0 -1 0 1 0 1 0 0 3005.dat
1 4 10 0 -130 0 0 -1 0 1 0 1 0 0 3005.dat
1 4 0 -24 -30 -1 0 0 0 1 0 0 0 -1 3298.dat
1 72 0 -8 -60 -1 0 0 0 1 0 0 0 -1 3022.dat
1 4 10 -16 -60 0 0 -1 0 1 0 1 0 0 44728.dat
1 4 32 -6 -60 0 -1 0 0 0 -1 1 0 0 3069b.dat
1 71 32 14 -60 0 -1 0 0 0 -1 1 0 0 44302.dat
1 4 40 14 -60 0 -1 0 0 0 -1 1 0 0 3069b.dat
1 4 -10 -16 -60 0 0 1 0 1 0 -1 0 0 44728.dat
1 4 -32 -6 -60 0 1 0 0 0 -1 -1 0 0 3069b.dat
1 71 -32 14 -60 0 1 0 0 0 1 1 0 0 44302.dat
1 4 -40 14 -60 0 1 0 0 0 -1 -1 0 0 3069b.dat
1 4 0 -24 -90 1 0 0 0 1 0 0 0 1 30363.dat
1 320 0 -24 -60 1 0 0 0 1 0 0 0 1 3022.dat
1 0 32 10 -110 0 -1 0 0 0 -1 1 0 0 4740.dat
1 47 40 10 -110 0 -1 0 0 0 -1 1 0 0 43898.dat
1 0 -32 10 -110 0 1 0 0 0 1 1 0 0 4740.dat
1 47 -40 10 -110 0 1 0 0 0 1 1 0 0 43898.dat
1 4 0 -48 -70 1 0 0 0 1 0 0 0 1 3039.dat
1 4 0 -56 -70 1 0 0 0 1 0 0 0 1 3794a.dat
1 4 -10 -32 -50 1 0 0 0 1 0 0 0 1 3070b.dat
1 4 10 -32 -50 1 0 0 0 1 0 0 0 1 3070b.dat
1 71 0 -80 -30 1 0 0 0 1 0 0 0 1 4286.dat
1 4 0 -56 -50 -1 0 0 0 1 0 0 0 -1 3665.dat
1 71 0 -104 -10 1 0 0 0 1 0 0 0 1 3040b.dat
1 71 52.627 14 -10.201 -0.707 -0.707 0 0 0 1 -0.707 0.707 0 44301.dat
1 71 -52.627 14 -10.201 0.707 0.707 0 0 0 -1 -0.707 0.707 0 44301.dat
1 71 0 56 -80 1 0 0 0 1 0 0 0 1 3665.dat
1 71 0 80 -60 1 0 0 0 1 0 0 0 1 3665.dat
1 4 0 10 40 0.966 0 0.259 0 1 0 -0.259 0 0.966 4506 - Tail.ldr
0 FILE 4506 - Tail.ldr
0 Name: 4506 - Tail.ldr
0 Author: Merlijn Wissink [Legolijntje]
0 !LICENSE Redistributable under CCAL version 2.0 : see CAreadme.txt
1 379 0 0 0 0 0 -1 0 1 0 1 0 0 47455.dat
1 4 0 -10 30 -1 0 0 0 1 0 0 0 -1 3700.dat
1 320 0 14 50 0 0 1 0 1 0 -1 0 0 3021.dat
1 4 0 6 70 0 0 1 0 1 0 -1 0 0 3021.dat
1 4 10 -2 80 0 0 -1 0 1 0 1 0 0 44301.dat
1 4 -10 -2 80 0 0 -1 0 1 0 1 0 0 3023.dat
1 4 0 -2 50 -1 0 0 0 1 0 0 0 -1 3069b.dat
1 320 0 -10 70 0 0 1 0 1 0 -1 0 0 3021.dat
1 4 10 -9.696 138.46 0 0 1 0.259 0.966 0 -0.966 0.259 0 44302.dat
1 4 10 -24.534 195.007 0 0 1 0.5 0.866 0 -0.866 0.5 0 44301.dat
1 4 10 -1.969 140.531 0 0 -1 -0.259 0.966 0 0.966 0.259 0 44302.dat
1 4 10 -67.357 237.787 0 0 1 0.707 0.707 0 -0.707 0.707 0 44301.dat
1 4 10 -31.462 191.007 0 0 -1 -0.5 0.866 0 0.866 0.5 0 44302.dat
1 4 10 -98.232 291.052 0 0 1 0.5 0.866 0 -0.866 0.5 0 44301.dat
1 4 10 -61.701 243.443 0 0 -1 -0.707 0.707 0 0.707 0.707 0 44302.dat
1 4 10 -115.16 304.372 0 0 1 0.5 0.866 0 -0.866 0.5 0 2431.dat
