0 5221.LDR
0 ROTATION CENTER 0 0 0 1 "Custom" 
0 ROTATION CONFIG 0 0
1 0 293 0 -35 1 0 0 0 1 0 0 0 1 32288.dat
1 7 293 0 -35 1 0 0 0 1 0 0 0 1 32289b.dat
1 7 293 0 5 1 0 0 0 1 0 0 0 1 32290.dat
1 7 293 1.78641 -115.043 1 0 0 0 0.81966 -0.573912 0 0.573912 0.81966 913.dat
1 15 293 82 -35 1 0 0 0 1 0 0 0 1 914.dat
1 7 253 82 5 -1 0 0 0 1 0 0 0 -1 3749.dat
1 7 333 82 5 1 0 0 0 1 0 0 0 1 3749.dat
1 8 333 42 5 1 0 0 0 1 0 0 0 1 32002.dat
1 8 253 42 5 -1 0 0 0 1 0 0 0 -1 32002.dat
1 0 248 2 5 0 1 0 0 0 1 1 0 0 32250.dat
1 0 338 2 5 0 1 0 0 0 1 1 0 0 32250.dat
1 0 293 2 45 -1 0 0 0 0 1 0 1 0 32073.dat
1 22 293 2 45 -1 0 0 0 0 -1 0 -1 0 32291.dat
1 7 328 2 45 0 0 -1 1 0 0 0 -1 0 32123a.dat
1 7 258 2 45 0 0 -1 1 0 0 0 -1 0 32123a.dat
1 7 273 2 45 0 0 -1 1 0 0 0 -1 0 3713.dat
1 7 313 2 45 0 0 -1 1 0 0 0 -1 0 3713.dat
1 0 293 82 -295 -1 0 0 0 1 0 0 0 -1 3737.dat
1 7 223 82 -295 0 0 1 -1 0 0 0 -1 0 3713.dat
1 7 363 82 -295 0 0 -1 -1 0 0 0 1 0 3713.dat
1 0 293 1.78641 -115.043 1 0 0 0 0.81966 -0.573912 0 0.573912 0.81966 3705.dat
1 7 268 1.78641 -115.043 0 0 -1 0.81966 0.573912 0 0.573912 -0.81966 0 32123a.dat
1 7 318 1.78641 -115.043 0 0 -1 0.81966 0.573912 0 0.573912 -0.81966 0 32123a.dat
1 7 253 42 -295 1 0 0 0 0.927184 0.374607 0 -0.374607 0.927184 3749.dat
1 7 333 42 -295 -1 0 0 0 -0.927184 0.374607 0 0.374607 0.927184 3749.dat
1 7 263 34.5079 -313.544 1 0 0 0 -0.374607 0.927184 0 -0.927184 -0.374607 32184.dat
1 7 323 34.5079 -313.544 1 0 0 0 -0.374607 0.927184 0 -0.927184 -0.374607 32184.dat
1 7 258 -31 -138 0 1 0 -0.573912 0 0.81966 0.81966 0 0.573912 6632.dat
1 0 293 -31 -138 -1 0 0 0 -0.81966 -0.573912 0 -0.573912 0.81966 3705.dat
1 0 293 27.0158 -332.087 -1 0 0 0 -0.927184 0.374607 0 0.374607 0.927184 3705.dat
1 7 328 -31 -138 0 1 0 -0.573912 0 0.81966 0.81966 0 0.573912 6632.dat
1 0 293 -31 -138 -1 0 0 0 0.995129 0.104576 0 0.104576 -0.995129 75535.dat
1 0 268 -14.4526 -195.711 0 -1 0 0.961851 0 -0.275789 0.275789 0 0.961851 32065.dat
1 0 293 2.0947 -253.422 1 0 0 0 0.961851 -0.275789 0 0.275789 0.961851 6558.dat
1 0 293 -3.42108 -234.185 1 0 0 0 0.984808 -0.173648 0 0.173648 0.984808 6558.dat
1 0 278 13.1842 -291.913 0 -1 0 0.961851 0 -0.275789 0.275789 0 0.961851 32065.dat
1 0 308 13.1263 -291.896 0 -1 0 0.961851 0 -0.275789 0.275789 0 0.961851 32065.dat
1 0 292 18.642 -311.133 1 0 0 0 0.961851 -0.275789 0 0.275789 0.961851 32062.dat
1 0 318 -14.4526 -195.711 0 -1 0 0.961851 0 -0.275789 0.275789 0 0.961851 32065.dat
1 0 293 82 -35 -1 0 0 0 1 0 0 0 -1 3708.dat
1 7 223 82 -35 0 0 -1 -1 0 0 0 1 0 3713.dat
1 7 363 82 -35 0 0 1 -1 0 0 0 -1 0 3713.dat
1 14 393 82 -295 0 0 -1 0 1 0 1 0 0 2994.dat
1 14 193 82 -295 0 0 1 0 1 0 -1 0 0 2994.dat
1 14 193 82 -35 0 0 1 0 1 0 -1 0 0 2994.dat
1 14 393 82 -35 0 0 -1 0 1 0 1 0 0 2994.dat
1 0 393 82 -35 0 0 -1 0 1 0 1 0 0 6578.dat
1 0 393 82 -295 0 0 -1 0 1 0 1 0 0 6578.dat
1 0 193 82 -295 0 0 1 0 1 0 -1 0 0 6578.dat
1 0 193 82 -35 0 0 1 0 1 0 -1 0 0 6578.dat
1 7 292.7 18.6 -310.95 0 1 0 0.961851 0 0.275789 0.275789 0 -0.961851 32140.dat
0
