0 FILE 5510 - Off Road 4 X 4 - 2.ldr
0 5510 - Off Road 4 X 4 - 2
0 Author: Darats
0 Official Model
0 ROTATION CENTER 0 0 0 1 "Custom" 
0 ROTATION CONFIG 0 0
1 0 20 0 0 1 0 0 0 1 0 0 0 1 Depaneuse.ldr
0
0 FILE Depaneuse.ldr
0 Depaneuse
0 ROTATION CENTER 0 0 0 1 "Custom" 
0 ROTATION CONFIG 1 1
1 0 -30 0 -10 0 0 1 0 1 0 -1 0 0 3703.dat
1 0 30 0 -10 0 0 1 0 1 0 -1 0 0 3703.dat
1 7 40 10 130 -1 0 0 0 1 0 0 0 -1 3673.dat
1 7 40 10 50 -1 0 0 0 1 0 0 0 -1 3673.dat
1 7 -40 10 50 -1 0 0 0 1 0 0 0 -1 3673.dat
1 7 -40 10 130 -1 0 0 0 1 0 0 0 -1 3673.dat
1 0 50 0 110 0 0 1 0 1 0 -1 0 0 3702.dat
1 0 -50 0 110 0 0 1 0 1 0 -1 0 0 3702.dat
1 0 0 0 -70 0 0 1 0 1 0 -1 0 0 3001.dat
1 0 0 -8 -20 -1 0 0 0 1 0 0 0 -1 3710.dat
1 0 0 -8 60 -1 0 0 0 1 0 0 0 -1 3666.dat
1 0 -20 -8 -50 -1 0 0 0 1 0 0 0 -1 3068b.dat
1 0 20 -8 -50 -1 0 0 0 1 0 0 0 -1 3068b.dat
1 0 0 10 170 -1 0 0 0 1 0 0 0 -1 3708.dat
1 7 72 10 170 0 0 1 0 1 0 -1 0 0 3713.dat
1 7 108 10 170 0 0 1 0 1 0 -1 0 0 3713.dat
1 7 -72 10 170 0 0 -1 0 1 0 1 0 0 3713.dat
1 7 -108 10 170 0 0 -1 0 1 0 1 0 0 3713.dat
1 0 0 24 -160 -1 0 0 0 1 0 0 0 -1 3710.dat
1 0 0 0 -160 -1 0 0 0 1 0 0 0 -1 3004.dat
1 0 0 24 -50 -1 0 0 0 1 0 0 0 -1 3020.dat
1 7 0 24 10 -1 0 0 0 1 0 0 0 -1 3034.dat
1 7 0 24 90 -1 0 0 0 1 0 0 0 -1 3034.dat
1 7 30 24 -70 1 0 0 0 1 0 0 0 1 Direction.ldr
1 14 0 -8 -100 -1 0 0 0 1 0 0 0 -1 3710.dat
1 0 0 -16 -20 -1 0 0 0 1 0 0 0 -1 3023.dat
1 0 70 0 50 0 0 -1 0 1 0 1 0 0 3009.dat
1 0 -70 0 50 0 0 -1 0 1 0 1 0 0 3009.dat
1 0 70 -8 30 0 0 -1 0 1 0 1 0 0 3710.dat
1 0 -70 -8 30 0 0 -1 0 1 0 1 0 0 3710.dat
1 0 0 -8 90 1 0 0 0 1 0 0 0 1 3034.dat
1 14 0 -16 -90 1 0 0 0 1 0 0 0 1 3020.dat
1 0 0 -40 -20 1 0 0 0 1 0 0 0 1 3937.dat
1 14 70 -32 50 0 0 1 0 1 0 -1 0 0 3009.dat
1 14 -70 -32 50 0 0 1 0 1 0 -1 0 0 3009.dat
1 0 0 -32 100 -1 0 0 0 1 0 0 0 -1 3009.dat
1 0 50 -24 170 0 0 -1 0 1 0 1 0 0 3009.dat
1 0 -50 -24 170 0 0 -1 0 1 0 1 0 0 3009.dat
1 0 40 0 230 0 0 -1 0 1 0 1 0 0 3020.dat
1 0 -40 0 230 0 0 -1 0 1 0 1 0 0 3020.dat
1 14 50 8 250 0 0 -1 0 1 0 1 0 0 3023.dat
1 14 50 16 250 0 0 -1 0 1 0 1 0 0 3023.dat
1 14 -50 8 250 0 0 -1 0 1 0 1 0 0 3023.dat
1 14 -50 16 250 0 0 -1 0 1 0 1 0 0 3023.dat
1 7 0 24 250 1 0 0 0 1 0 0 0 1 3795.dat
1 14 70 -24 240 1 0 0 0 1 0 0 0 1 3622.dat
1 14 -70 -24 240 1 0 0 0 1 0 0 0 1 3622.dat
1 14 0 -24 240 1 0 0 0 1 0 0 0 1 3010.dat
1 14 -50 -24 260 -1 0 0 0 1 0 0 0 -1 4070.dat
1 36 -50 -14 274 -1 0 0 0 0 -1 0 -1 0 4073.dat
1 14 50 -24 260 -1 0 0 0 1 0 0 0 -1 4070.dat
1 36 50 -14 274 -1 0 0 0 0 -1 0 -1 0 4073.dat
1 14 40 -40 -100 1 0 0 0 1 0 0 0 1 3004.dat
1 14 -40 -40 -100 1 0 0 0 1 0 0 0 1 3004.dat
1 0 0 -40 -100 1 0 0 0 1 0 0 0 1 3937.dat
1 0 30 -24 -130 0 0 1 0 1 0 -1 0 0 3004.dat
1 0 -30 -24 -130 0 0 1 0 1 0 -1 0 0 3004.dat
1 0 0 -32 170 0 0 1 0 1 0 -1 0 0 3958.dat
1 7 0 -32 240 -1 0 0 0 1 0 0 0 -1 3460.dat
1 7 -50 -32 260 -1 0 0 0 1 0 0 0 -1 3024.dat
1 7 50 -32 260 -1 0 0 0 1 0 0 0 -1 3024.dat
1 7 90 -32 240 0 0 -1 0 1 0 1 0 0 4081b.dat
1 7 -90 -32 240 0 0 1 0 1 0 -1 0 0 4081b.dat
1 36 -110 -30 252 0 0 1 -1 0 0 0 -1 0 4073.dat
1 36 110 -30 252 0 0 1 -1 0 0 0 -1 0 4073.dat
1 14 40 -64 -100 1 0 0 0 1 0 0 0 1 3004.dat
1 14 -40 -64 -100 1 0 0 0 1 0 0 0 1 3004.dat
1 7 0 -32 -130 1 0 0 0 1 0 0 0 1 3795.dat
1 14 0 -32 -160 1 0 0 0 1 0 0 0 1 3009.dat
1 7 0 -8 -160 1 0 0 0 1 0 0 0 1 3460.dat
1 14 70 -32 -160 1 0 0 0 1 0 0 0 1 4287.dat
1 14 -70 -32 -160 1 0 0 0 1 0 0 0 1 4287.dat
1 14 -20 -56 100 -1 0 0 0 1 0 0 0 -1 3039.dat
1 14 20 -56 100 -1 0 0 0 1 0 0 0 -1 3039.dat
1 14 40 -56 220 -1 0 0 0 1 0 0 0 -1 3039.dat
1 14 -40 -56 220 -1 0 0 0 1 0 0 0 -1 3039.dat
1 7 0 -40 240 -1 0 0 0 1 0 0 0 -1 4175.dat
1 7 40 -64 -110 1 0 0 0 1 0 0 0 1 Volant.ldr
1 0 0 -56 260 1 0 0 0 1 0 0 0 1 4873.dat
1 14 80 -56 240 1 0 0 0 1 0 0 0 1 3660.dat
1 14 -80 -56 240 1 0 0 0 1 0 0 0 1 3660.dat
1 0 -50 -56 190 0 0 1 0 1 0 -1 0 0 3660.dat
1 0 -50 -56 150 0 0 1 0 1 0 -1 0 0 3660.dat
1 0 50 -56 150 0 0 -1 0 1 0 1 0 0 3660.dat
1 0 50 -56 190 0 0 -1 0 1 0 1 0 0 3660.dat
1 14 80 -56 100 -1 0 0 0 1 0 0 0 -1 3660.dat
1 14 -80 -56 100 -1 0 0 0 1 0 0 0 -1 3660.dat
1 14 -50 -56 110 0 0 -1 0 1 0 1 0 0 3004.dat
1 14 50 -56 110 0 0 -1 0 1 0 1 0 0 3004.dat
1 14 -80 -56 0 1 0 0 0 1 0 0 0 1 3660.dat
1 14 80 -56 0 1 0 0 0 1 0 0 0 1 3660.dat
1 14 80 -56 -160 -1 0 0 0 1 0 0 0 -1 3660.dat
1 14 -80 -56 -160 -1 0 0 0 1 0 0 0 -1 3660.dat
1 0 -50 -40 -140 0 0 -1 0 1 0 1 0 0 3623.dat
1 14 -20 -40 -150 0 0 -1 0 1 0 1 0 0 3022.dat
1 7 30 -40 -160 1 0 0 0 1 0 0 0 1 3623.dat
1 0 -20 -48 -140 1 0 0 0 1 0 0 0 1 3023.dat
1 0 -10 -56 -140 1 0 0 0 1 0 0 0 1 3024.dat
1 7 -10 -64 -140 0.92388 0 0.382683 0 1 0 -0.382683 0 0.92388 4592c01.dat
1 7 0 -40 -190 1 0 0 0 1 0 0 0 1 3034.dat
1 7 40 -48 -180 1 0 0 0 1 0 0 0 1 3023.dat
1 14 70 -64 -180 0 0 -1 0 1 0 1 0 0 3665.dat
1 14 -70 -64 -180 0 0 1 0 1 0 -1 0 0 3665.dat
1 14 50 -72 -180 -1 0 0 0 1 0 0 0 -1 4070.dat
1 14 30 -72 -180 -1 0 0 0 1 0 0 0 -1 4070.dat
1 0 -20 -64 -170 -1 0 0 0 1 0 0 0 -1 3003.dat
1 7 40 -62 -166 -1 0 0 0 0 -1 0 -1 0 3794a.dat
1 7 40 -82 -162 -1 0 0 0 1 0 0 0 -1 4185.dat
1 0 -30 -64 -200 -1 0 0 0 1 0 0 0 -1 3062b.dat
1 0 -10 -64 -200 -1 0 0 0 1 0 0 0 -1 3062b.dat
1 0 10 -64 -200 -1 0 0 0 1 0 0 0 -1 3062b.dat
1 0 30 -64 -200 -1 0 0 0 1 0 0 0 -1 3062b.dat
1 14 60 -64 -200 -1 0 0 0 1 0 0 0 -1 3700.dat
1 7 60 -54 -210 0 0 1 0 1 0 -1 0 0 4274.dat
1 0 60 -54 -218 0 0 1 1 0 0 0 1 0 4032a.dat
1 15 60 -54 -226 0 0 1 1 0 0 0 1 0 4150.dat
1 14 -60 -64 -200 -1 0 0 0 1 0 0 0 -1 3700.dat
1 7 -60 -54 -210 0 0 1 0 1 0 -1 0 0 4274.dat
1 0 -60 -54 -218 0 0 1 1 0 0 0 1 0 4032a.dat
1 15 -60 -54 -226 0 0 1 1 0 0 0 1 0 4150.dat
1 14 90 -64 -160 0 0 -1 0 1 0 1 0 0 4081b.dat
1 14 -90 -64 -160 0 0 1 0 1 0 -1 0 0 4081b.dat
1 14 -80 -64 -70 0 0 1 0 1 0 -1 0 0 3034.dat
1 14 80 -64 -70 0 0 1 0 1 0 -1 0 0 3034.dat
1 14 40 -64 110 -1 0 0 0 1 0 0 0 -1 3020.dat
1 14 -40 -64 110 -1 0 0 0 1 0 0 0 -1 3020.dat
1 14 90 -64 170 0 0 -1 0 1 0 1 0 0 3460.dat
1 14 -90 -64 170 0 0 -1 0 1 0 1 0 0 3460.dat
1 4 70 -64 190 0 0 -1 0 1 0 1 0 0 3666.dat
1 4 -70 -64 190 0 0 -1 0 1 0 1 0 0 3666.dat
1 14 -50 -64 160 0 0 -1 0 1 0 1 0 0 3623.dat
1 14 50 -64 160 0 0 -1 0 1 0 1 0 0 3623.dat
1 14 0 -72 -200 1 0 0 0 1 0 0 0 1 4477.dat
1 14 90 -72 -160 0 0 1 0 1 0 -1 0 0 3623.dat
1 14 -90 -72 -160 0 0 1 0 1 0 -1 0 0 3623.dat
1 14 -90 -72 -110 0 0 1 0 1 0 -1 0 0 3023.dat
1 14 90 -72 -110 0 0 1 0 1 0 -1 0 0 3023.dat
1 7 0 -72 -100 -1 0 0 0 1 0 0 0 -1 3460.dat
1 14 50 -88 100 0 0 -1 0 1 0 1 0 0 3040b.dat
1 14 50 -88 180 0 0 -1 0 1 0 1 0 0 3040b.dat
1 14 -50 -88 180 0 0 1 0 1 0 -1 0 0 3040b.dat
1 14 -50 -88 100 0 0 1 0 1 0 -1 0 0 3040b.dat
1 7 0 -88 100 1 0 0 0 1 0 0 0 1 3660.dat
1 14 70 -88 -50 0 0 -1 0 1 0 1 0 0 3037.dat
1 14 -70 -88 -50 0 0 1 0 1 0 -1 0 0 3037.dat
1 14 80 -72 140 0 0 1 0 1 0 -1 0 0 3021.dat
1 14 -80 -72 140 0 0 1 0 1 0 -1 0 0 3021.dat
1 14 0 -96 180 -1 0 0 0 1 0 0 0 -1 3666.dat
1 14 0 -96 100 -1 0 0 0 1 0 0 0 -1 3666.dat
1 7 0 -96 80 -1 0 0 0 1 0 0 0 -1 3023.dat
1 0 90 -72 100 0 0 -1 0 1 0 1 0 0 4592.dat
1 0 90 -72 100 0 0.642788 -0.766044 0 0.766044 0.642788 1 0 0 4593.dat
1 0 -90 -72 100 0 0 1 0 1 0 -1 0 0 4592.dat
1 0 -90 -72 100 0 -0.642788 0.766044 0 0.766044 0.642788 -1 0 0 4593.dat
1 0 10 -104 140 -1 0 0 0 1 0 0 0 -1 Grue.ldr
1 14 0 -96 -50 -1 0 0 0 1 0 0 0 -1 3035.dat
1 7 0 -120 -80 -1 0 0 0 1 0 0 0 -1 3660.dat
1 4 30 -120 -60 1 0 0 0 1 0 0 0 1 4599a.dat
1 0 70 -120 -80 0 0 -1 0 1 0 1 0 0 3665.dat
1 0 -70 -120 -80 0 0 1 0 1 0 -1 0 0 3665.dat
1 14 -40 -120 -80 -1 0 0 0 1 0 0 0 -1 3004.dat
1 14 40 -120 -80 -1 0 0 0 1 0 0 0 -1 3004.dat
1 0 90 -144 -80 -1 0 0 0 1 0 0 0 -1 3005.dat
1 0 -90 -144 -80 -1 0 0 0 1 0 0 0 -1 3005.dat
1 7 0 -128 -80 -1 0 0 0 1 0 0 0 -1 3460.dat
1 7 0 -128 -60 -1 0 0 0 1 0 0 0 -1 3794a.dat
1 4 0 -152 -60 -1 0 0 0 1 0 0 0 -1 3062b.dat
1 0 0 -152 -80 -1 0 0 0 1 0 0 0 -1 3004.dat
1 0 0 -176 -60 -1 0 0 0 1 0 0 0 -1 3040b.dat
1 47 0 -144 -180 1 0 0 0 1 0 0 0 1 2694.dat
1 0 -60 -152 -180 1 0 0 0 1 0 0 0 1 3023.dat
1 0 60 -152 -180 1 0 0 0 1 0 0 0 1 3023.dat
1 0 0 -152 -180 1 0 0 0 1 0 0 0 1 3710.dat
1 0 90 -152 -130 0 0 1 0 1 0 -1 0 0 3666.dat
1 0 -90 -152 -130 0 0 1 0 1 0 -1 0 0 3666.dat
1 0 0 -160 -80 -1 0 0 0 1 0 0 0 -1 4477.dat
1 0 -90 -160 -100 0 0 1 0 1 0 -1 0 0 4081b.dat
1 0 90 -160 -100 0 0 -1 0 1 0 1 0 0 4081b.dat
1 0 90 -160 -130 0 0 -1 0 1 0 1 0 0 3794a.dat
1 0 -90 -160 -130 0 0 -1 0 1 0 1 0 0 3794a.dat
1 14 90 -168 -90 0 0 -1 0 1 0 1 0 0 3023.dat
1 14 -90 -168 -90 0 0 -1 0 1 0 1 0 0 3023.dat
1 7 90 -180 -130 1 0 0 0 1 0 0 0 1 4349.dat
1 47 90 -180 -152 1 0 0 0 0 1 0 -1 0 4073.dat
1 7 -90 -180 -130 1 0 0 0 1 0 0 0 1 4349.dat
1 47 -90 -180 -152 1 0 0 0 0 1 0 -1 0 4073.dat
1 46 -110 -158 -88 1 0 0 0 0 1 0 -1 0 4073.dat
1 46 -110 -158 -112 -1 0 0 0 0 1 0 1 0 4073.dat
1 46 110 -158 -88 1 0 0 0 0 1 0 -1 0 4073.dat
1 46 110 -158 -112 -1 0 0 0 0 1 0 1 0 4073.dat
1 7 110 -62 -173 1 0 0 0 0 -1 0 1 0 3959.dat
1 0 110 -38 -173 1 0 0 0 1 0 0 0 1 3024.dat
1 7 -110 -62 -173 1 0 0 0 0 -1 0 1 0 3959.dat
1 0 -110 -38 -173 1 0 0 0 1 0 0 0 1 3024.dat
1 15 90 10 170 0 0 -1 0 1 0 1 0 0 2695.dat
1 256 90 10 170 0 0 -1 0 1 0 1 0 0 2696.dat
1 15 -90 10 170 0 0 1 0 1 0 -1 0 0 2695.dat
1 256 -90 10 170 0 0 1 0 1 0 -1 0 0 2696.dat
1 0 0 12 -170 1 0 0 0 0 -1 0 1 0 197905a.dat
1 14 80 -16 250 -1 0 0 0 0 -1 0 -1 0 197905b.dat
1 14 80 -19.6 50 0 -1 0 0 0 -1 1 0 0 197905c.dat
1 14 -80 -19.6 50 0 1 0 0 0 -1 -1 0 0 197905d.dat
0
0 FILE Direction.ldr
0 Direction
0 ROTATION CENTER 0 0 0 1 "Custom" 
0 ROTATION CONFIG 0 0
1 7 -30 0 -10 1 0 0 0 1 0 0 0 1 4442.dat
1 7 -30 -32 -10 1 0 0 0 1 0 0 0 1 4442.dat
1 7 -110 -14 -10 1 0 0 0 1 0 0 0 1 3673.dat
1 7 50 -14 -10 1 0 0 0 1 0 0 0 1 3673.dat
1 7 40 -24 30 0 -1 0 1 0 0 0 0 1 3749.dat
1 7 -100 -24 30 0 -1 0 1 0 0 0 0 1 3749.dat
1 7 40 -24 -10 1 0 0 0 1 0 0 0 1 4261.dat
1 7 -100 -24 -10 1 0 0 0 1 0 0 0 1 4261.dat
1 7 -30 -40 30 1 0 0 0 1 0 0 0 1 4442.dat
1 4 -30 -48 30 1 0 0 0 1 0 0 0 1 3666.dat
1 7 -30 -56 30 1 0 0 0 1 0 0 0 1 3710.dat
1 7 -30 -64 30 1 0 0 0 1 0 0 0 1 3743.dat
1 15 60 -14 -10 0 0 -1 0 1 0 1 0 0 2695.dat
1 256 60 -14 -10 0 0 -1 0 1 0 1 0 0 2696.dat
1 15 -120 -14 -10 0 0 1 0 1 0 -1 0 0 2695.dat
1 256 -120 -14 -10 0 0 1 0 1 0 -1 0 0 2696.dat
0
0 FILE Volant.ldr
0 Volant
0 ROTATION CENTER 0 0 0 1 "Custom" 
0 ROTATION CONFIG 0 0
1 0 -40 0 10 1 0 0 0 1 0 0 0 1 3700.dat
1 0 -40 0 90 1 0 0 0 1 0 0 0 1 3700.dat
1 0 -40 24 10 1 0 0 0 1 0 0 0 1 3938.dat
1 0 -40 24 90 1 0 0 0 1 0 0 0 1 3938.dat
1 0 -40 10 60 0 0 1 0 1 0 -1 0 0 3706.dat
1 7 -40 10 30 1 0 0 0 1 0 0 0 1 3713.dat
1 7 -40 10 70 1 0 0 0 1 0 0 0 1 3647.dat
1 7 -40 10 105 1 0 0 0 1 0 0 0 1 4185.dat
1 7 -40 -10 108 0 0 1 0 1 0 -1 0 0 4274.dat
1 7 -40 30 108 0 0 1 0 1 0 -1 0 0 4274.dat
1 15 -40 10 118 -1 0 0 0 1 0 0 0 -1 2695.dat
1 256 -40 10 118 -1 0 0 0 1 0 0 0 -1 2696.dat
0
0 FILE Grue.ldr
0 Grue
0 ROTATION CENTER 0 0 0 1 "Custom" 
0 ROTATION CONFIG 0 0
1 0 10 0 10 1 0 0 0 1 0 0 0 1 3958.dat
1 0 -20 -16 -10 0 0 1 0 1 0 -1 0 0 4531.dat
1 0 40 -16 -10 0 0 1 0 1 0 -1 0 0 4531.dat
1 14 60 -24 60 1 0 0 0 1 0 0 0 1 3005.dat
1 14 -40 -24 60 1 0 0 0 1 0 0 0 1 3005.dat
1 0 60 -24 20 0 0 1 0 1 0 -1 0 0 3622.dat
1 0 -40 -24 20 0 0 1 0 1 0 -1 0 0 3622.dat
1 0 -10 -24 50 0 0 1 0 1 0 -1 0 0 3003.dat
1 0 30 -24 50 0 0 1 0 1 0 -1 0 0 3003.dat
1 14 60 -48 50 0 0 1 0 1 0 -1 0 0 3004.dat
1 14 -40 -48 50 0 0 1 0 1 0 -1 0 0 3004.dat
1 14 60 -56 60 0 0 1 0 1 0 -1 0 0 3024.dat
1 14 60 -64 60 0 0 1 0 1 0 -1 0 0 3024.dat
1 14 -40 -64 60 0 0 1 0 1 0 -1 0 0 3024.dat
1 14 -40 -56 60 0 0 1 0 1 0 -1 0 0 4085a.dat
1 7 -60 -90 60 0 0 1 0 1 0 -1 0 0 556.dat
1 14 -40 -48 20 1 0 0 0 1 0 0 0 1 3040b.dat
1 14 60 -48 20 1 0 0 0 1 0 0 0 1 3040b.dat
1 14 60 -72 40 1 0 0 0 1 0 0 0 1 3040b.dat
1 14 -40 -72 40 1 0 0 0 1 0 0 0 1 3040b.dat
1 14 10 -72 50 -1 0 0 0 1 0 0 0 -1 4209.dat
1 0 10 -50 60 -1 0 0 0 0 -1 0 -1 0 4208.dat
1 14 -40 -72 60 -1 0 0 0 1 0 0 0 -1 4085a.dat
1 14 60 -72 60 0 0 -1 0 1 0 1 0 0 4085a.dat
1 7 80 -48 60 0 0 -1 0 1 0 1 0 0 3957a.dat
1 0 -40 -68 80 -0.996195 0 0.0871557 0 1 0 -0.0871557 0 -0.996195 3962a.dat
1 14 -30 -80 50 0 0 -1 0 1 0 1 0 0 3022.dat
1 14 50 -80 50 0 0 -1 0 1 0 1 0 0 3022.dat
1 4 20 -80 50 0 0 1 0 1 0 -1 0 0 4276b.dat
1 4 0 -80 50 0 0 1 0 1 0 -1 0 0 4276b.dat
1 14 10 -88 40 -1 0 0 0 1 0 0 0 -1 3666.dat
1 7 10 -88 60 -1 0 0 0 1 0 0 0 -1 3794a.dat
1 7 10 -96 60 -1 0 0 0 1 0 0 0 -1 4085a.dat
1 7 20 -87.859 -28.738 1 0 0 0 0.949699 0.313164 0 -0.313164 0.949699 Grue - Bras.ldr
1 0 -60 -38.105 -55.318 1 0 0 0 0.615661 0.788011 0 -0.788011 0.615661 Grue - Hinge.ldr
1 0 0 -38.105 -55.318 1 0 0 0 0.615661 0.788011 0 -0.788011 0.615661 Grue - Hinge.ldr
1 7 10 -71 -257 0 -0.984041 0.177944 1 0 0 0 0.177944 0.984041 3127a.dat
0 GROUP 1481 Corde 1
0 MLCAD BTG Corde 1
1 256 38.008 -60.903 56.998 -1 -0.0001 -0.0082 -0.0001 -0.9988 0.0966 0.0041 -0.0483 -1.9977 LS60.dat
0 MLCAD BTG Corde 1
1 256 37.982 -60.573 55.151 -0.9999 0.003 -0.0131 -0.0051 -0.9857 0.1684 0.0124 -0.1685 -0.9856 LS60.dat
0 MLCAD BTG Corde 1
1 256 37.938 -59.931 53.452 -0.9997 0.0037 -0.0234 -0.0114 -0.9416 0.3366 0.0207 -0.3368 -0.9414 LS60.dat
0 MLCAD BTG Corde 1
1 256 37.875 -58.867 51.888 -0.9995 0.0011 -0.0327 -0.019 -0.8347 0.5504 0.0267 -0.5507 -0.8342 LS60.dat
0 MLCAD BTG Corde 1
1 256 37.806 -57.436 50.7 -0.9993 -0.0044 -0.0369 -0.025 -0.6548 0.7554 0.0275 -0.7558 -0.6543 LS60.dat
0 MLCAD BTG Corde 1
1 256 37.743 -55.765 49.903 -0.9994 -0.0092 -0.034 -0.0263 -0.4492 0.893 0.0235 -0.8934 -0.4487 LS60.dat
0 MLCAD BTG Corde 1
1 256 37.694 -53.953 49.407 -0.9996 -0.0108 -0.0267 -0.0227 -0.2758 0.9609 0.0177 -0.9611 -0.2755 LS60.dat
0 MLCAD BTG Corde 1
1 256 37.66 -52.063 49.125 -0.9998 -0.0094 -0.0182 -0.0165 -0.1535 0.988 0.0121 -0.9881 -0.1533 LS60.dat
0 MLCAD BTG Corde 1
1 256 37.644 -50.239 49.012 -0.9999 -0.0066 -0.0098 -0.0093 -0.0696 0.9975 0.0073 -0.9976 -0.0695 LS60.dat
0 MLCAD BTG Corde 1
1 256 37.64 -48.337 49.001 -1 -0.0028 -0.0023 -0.0023 -0.0089 1 0.0028 -1 -0.0089 LS60.dat
0 MLCAD BTG Corde 1
1 256 37.627 -46.475 49.161 -1 0.0009 -0.0066 -0.0065 0.0792 0.9968 -0.0014 -0.9969 0.0791 LS60.dat
0 MLCAD BTG Corde 1
1 256 37.596 -44.633 49.577 -0.9999 0.0035 -0.0161 -0.0149 0.2124 0.9771 -0.0068 -0.9772 0.2124 LS60.dat
0 MLCAD BTG Corde 1
1 256 37.546 -42.979 50.326 -0.9996 0.0034 -0.0263 -0.0228 0.3949 0.9184 -0.0135 -0.9187 0.3947 LS60.dat
0 MLCAD BTG Corde 1
1 256 37.48 -41.511 51.505 -0.9994 -0.0003 -0.0346 -0.0275 0.6134 0.7893 -0.021 -0.7898 0.6131 LS60.dat
0 MLCAD BTG Corde 1
1 256 37.412 -40.44 53.018 -0.9993 -0.006 -0.0367 -0.0267 0.8032 0.595 -0.0259 -0.5956 0.8028 LS60.dat
0 MLCAD BTG Corde 1
1 256 37.353 -39.738 54.737 -0.9994 -0.01 -0.0323 -0.0219 0.9187 0.3944 -0.0257 -0.3948 0.9184 LS60.dat
0 MLCAD BTG Corde 1
1 256 37.308 -39.306 56.576 -0.9996 -0.0106 -0.0245 -0.0161 0.9711 0.2381 -0.0213 -0.2384 0.9709 LS60.dat
0 MLCAD BTG Corde 1
1 256 37.28 -39.093 58.389 -0.9998 -0.0089 -0.0159 -0.0108 0.9917 0.1277 -0.0146 -0.1279 0.9917 LS60.dat
0 MLCAD BTG Corde 1
1 256 37.266 -39 60.303 -1 -0.0056 -0.0076 -0.0059 0.9986 0.0518 -0.0073 -0.0518 0.9986 LS60.dat
0 MLCAD BTG Corde 1
1 256 37.264 -39.024 62.106 -1 -0.0019 -0.002 -0.0019 1 -0.0071 -0.002 0.0071 1 LS60.dat
0 MLCAD BTG Corde 1
1 256 37.247 -39.238 63.961 -1 0.0017 -0.0087 0.0026 0.9942 -0.1075 -0.0085 0.1075 0.9942 LS60.dat
0 MLCAD BTG Corde 1
1 256 37.21 -39.74 65.79 -0.9998 0.0037 -0.0188 0.0084 0.9665 -0.2567 -0.0172 0.2568 0.9663 LS60.dat
0 MLCAD BTG Corde 1
1 256 37.154 -40.626 67.472 -0.9996 0.0027 -0.0291 0.0157 0.8899 -0.4558 -0.0247 0.4561 0.8896 LS60.dat
0 MLCAD BTG Corde 1
1 256 37.085 -41.913 68.833 -0.9994 -0.0019 -0.036 0.0228 0.7391 -0.6733 -0.0279 0.6736 0.7385 LS60.dat
0 MLCAD BTG Corde 1
1 256 37.019 -43.497 69.79 -0.9993 -0.0075 -0.036 0.0264 0.536 -0.8438 -0.0256 0.8442 0.5354 LS60.dat
0 MLCAD BTG Corde 1
1 256 36.963 -45.258 70.403 -0.9995 -0.0105 -0.0302 0.0247 0.3442 -0.9386 -0.0203 0.9388 0.3437 LS60.dat
0 MLCAD BTG Corde 1
1 256 36.922 -47.121 70.771 -0.9997 -0.0102 -0.022 0.0195 0.2017 -0.9793 -0.0145 0.9794 0.2014 LS60.dat
0 MLCAD BTG Corde 1
1 256 36.899 -48.94 70.945 -0.9999 -0.008 -0.0136 0.0127 0.1045 -0.9944 -0.0094 0.9945 0.1044 LS60.dat
0 MLCAD BTG Corde 1
1 256 36.891 -50.76 70.998 -1 -0.0047 -0.0055 0.0053 0.036 -0.9993 -0.0049 0.9993 0.036 LS60.dat
0 MLCAD BTG Corde 1
1 256 36.886 -52.644 70.934 -1 -0.0008 -0.0028 0.0028 -0.03 -0.9995 -0.0007 0.9995 -0.0301 LS60.dat
0 MLCAD BTG Corde 1
1 256 36.863 -54.493 70.648 -0.9999 0.0024 -0.0115 0.011 -0.145 -0.9894 0.0041 0.9894 -0.1449 LS60.dat
0 MLCAD BTG Corde 1
1 256 36.821 -56.3 70.054 -0.9998 0.0039 -0.0216 0.0194 -0.3043 -0.9524 0.0103 0.9526 -0.3042 LS60.dat
0 MLCAD BTG Corde 1
1 256 36.763 -57.835 69.097 -0.9995 0.0019 -0.0312 0.0259 -0.5085 -0.8607 0.0175 0.8611 -0.5082 LS60.dat
0 MLCAD BTG Corde 1
1 256 36.694 -59.092 67.718 -0.9993 -0.0035 -0.0367 0.0278 -0.7252 -0.688 0.0242 0.6885 -0.7248 LS60.dat
0 MLCAD BTG Corde 1
1 256 36.627 -60 66.01 -0.9994 -0.0087 -0.0348 0.0243 -0.8786 -0.477 0.0264 0.4776 -0.8782 LS60.dat
0 MLCAD BTG Corde 1
1 256 36.575 -60.54 64.216 -0.9995 -0.0107 -0.0281 0.0186 -0.9535 -0.3007 0.0236 0.3011 -0.9533 LS60.dat
0 MLCAD BTG Corde 1
1 256 36.541 -60.827 62.422 -0.9998 -0.0099 -0.0197 0.0131 -0.9851 -0.1713 0.0177 0.1715 -0.985 LS60.dat
0 MLCAD BTG Corde 1
1 256 36.52 -60.977 60.508 -0.9999 -0.0071 -0.0112 0.008 -0.9966 -0.0816 0.0106 0.0817 -0.9966 LS60.dat
0 MLCAD BTG Corde 1
1 256 36.516 -61.002 58.693 -1 -0.0036 -0.0032 0.0036 -0.9998 -0.0201 0.0032 0.0201 -0.9998 LS60.dat
0 MLCAD BTG Corde 1
1 256 36.506 -60.883 56.823 -1 0.0002 -0.0049 -0.0005 -0.9983 0.0582 0.0049 -0.0582 -0.9983 LS60.dat
0 MLCAD BTG Corde 1
1 256 36.479 -60.525 54.976 -0.9999 0.0032 -0.0141 -0.0057 -0.9832 0.1826 0.0133 -0.1826 -0.9831 LS60.dat
0 MLCAD BTG Corde 1
1 256 36.433 -59.848 53.291 -0.9997 0.0036 -0.0243 -0.0121 -0.9346 0.3556 0.0215 -0.3558 -0.9343 LS60.dat
0 MLCAD BTG Corde 1
1 256 36.368 -58.745 51.757 -0.9994 0.0007 -0.0334 -0.0197 -0.8204 0.5715 0.027 -0.5718 -0.8199 LS60.dat
0 MLCAD BTG Corde 1
1 256 36.3 -57.285 50.609 -0.9993 -0.005 -0.0369 -0.0254 -0.6353 0.7719 0.0273 -0.7723 -0.6347 LS60.dat
0 MLCAD BTG Corde 1
1 256 36.238 -55.597 49.844 -0.9994 -0.0095 -0.0335 -0.0261 -0.4307 0.9021 0.023 -0.9024 -0.4302 LS60.dat
0 MLCAD BTG Corde 1
1 256 36.19 -53.775 49.372 -0.9996 -0.0108 -0.0259 -0.0222 -0.2619 0.9648 0.0172 -0.965 -0.2616 LS60.dat
0 MLCAD BTG Corde 1
1 256 36.158 -51.881 49.107 -0.9998 -0.0092 -0.0174 -0.0159 -0.1438 0.9895 0.0116 -0.9896 -0.1437 LS60.dat
0 MLCAD BTG Corde 1
1 256 36.143 -50.057 49.007 -0.9999 -0.0063 -0.009 -0.0086 -0.063 0.998 0.0068 -0.998 -0.0629 LS60.dat
0 MLCAD BTG Corde 1
1 256 36.14 -48.158 49.007 -1 -0.0024 -0.0021 -0.002 -0.0028 1 0.0025 -1 -0.0028 LS60.dat
0 MLCAD BTG Corde 1
1 256 36.125 -46.299 49.188 -1 0.0012 -0.0074 -0.0073 0.0902 0.9959 -0.0019 -0.9959 0.0902 LS60.dat
0 MLCAD BTG Corde 1
1 256 36.092 -44.46 49.634 -0.9998 0.0036 -0.017 -0.0158 0.2281 0.9735 -0.0074 -0.9736 0.228 LS60.dat
0 MLCAD BTG Corde 1
1 256 36.041 -42.824 50.421 -0.9996 0.0032 -0.0273 -0.0235 0.415 0.9095 -0.0142 -0.9098 0.4148 LS60.dat
0 MLCAD BTG Corde 1
1 256 35.974 -41.391 51.637 -0.9994 -0.0008 -0.0351 -0.0277 0.6338 0.773 -0.0216 -0.7735 0.6335 LS60.dat
0 MLCAD BTG Corde 1
1 256 35.906 -40.359 53.174 -0.9993 -0.0065 -0.0366 -0.0264 0.8176 0.5751 -0.0261 -0.5757 0.8172 LS60.dat
0 MLCAD BTG Corde 1
1 256 35.848 -39.687 54.908 -0.9994 -0.0102 -0.0316 -0.0214 0.9259 0.377 -0.0254 -0.3775 0.9257 LS60.dat
0 MLCAD BTG Corde 1
1 256 35.804 -39.277 56.756 -0.9997 -0.0105 -0.0236 -0.0156 0.9741 0.2255 -0.0207 -0.2258 0.974 LS60.dat
0 MLCAD BTG Corde 1
1 256 35.778 -39.079 58.571 -0.9998 -0.0086 -0.0151 -0.0103 0.9928 0.119 -0.0139 -0.1192 0.9928 LS60.dat
0 MLCAD BTG Corde 1
1 256 35.766 -39 60.484 -1 -0.0052 -0.0066 -0.0055 0.999 0.0445 -0.0064 -0.0445 0.999 LS60.dat
0 MLCAD BTG Corde 1
1 256 35.762 -39.041 62.374 -1 -0.0014 -0.0022 -0.0013 0.9998 -0.018 -0.0022 0.018 0.9998 LS60.dat
0 MLCAD BTG Corde 1
1 256 35.743 -39.283 64.226 -0.9999 0.0021 -0.0099 0.0033 0.9925 -0.1224 -0.0095 0.1224 0.9924 LS60.dat
0 MLCAD BTG Corde 1
1 256 35.705 -39.807 65.959 -0.9998 0.0037 -0.0198 0.009 0.9618 -0.2736 -0.018 0.2737 0.9616 LS60.dat
0 MLCAD BTG Corde 1
1 256 35.647 -40.732 67.618 -0.9995 0.0024 -0.03 0.0164 0.8789 -0.4767 -0.0252 0.477 0.8786 LS60.dat
0 MLCAD BTG Corde 1
1 256 35.579 -42.053 68.941 -0.9993 -0.0025 -0.0363 0.0234 0.7211 -0.6925 -0.0279 0.6929 0.7205 LS60.dat
0 MLCAD BTG Corde 1
1 256 35.513 -43.658 69.861 -0.9993 -0.0079 -0.0357 0.0265 0.5163 -0.856 -0.0252 0.8564 0.5158 LS60.dat
0 MLCAD BTG Corde 1
1 256 35.459 -45.432 70.447 -0.9995 -0.0107 -0.0294 0.0243 0.3282 -0.9443 -0.0197 0.9446 0.3278 LS60.dat
0 MLCAD BTG Corde 1
1 256 35.419 -47.301 70.795 -0.9997 -0.0101 -0.0211 0.0188 0.1903 -0.9815 -0.014 0.9817 0.1901 LS60.dat
0 MLCAD BTG Corde 1
1 256 35.398 -49.123 70.952 -0.9999 -0.0077 -0.0126 0.0118 0.0948 -0.9954 -0.0089 0.9955 0.0947 LS60.dat
0 MLCAD BTG Corde 1
1 256 35.39 -51.032 71.001 -1 -0.0041 -0.0045 0.0044 0.0292 -0.9996 -0.0043 0.9996 0.0291 LS60.dat
0 MLCAD BTG Corde 1
1 256 35.384 -52.821 70.918 -1 -0.0005 -0.0034 0.0034 -0.0388 -0.9992 -0.0003 0.9992 -0.0388 LS60.dat
0 MLCAD BTG Corde 1
1 256 35.36 -54.669 70.606 -0.9999 0.0027 -0.0124 0.0118 -0.1583 -0.9873 0.0046 0.9874 -0.1583 LS60.dat
0 MLCAD BTG Corde 1
1 256 35.315 -56.462 69.967 -0.9997 0.0038 -0.0229 0.0204 -0.3274 -0.9447 0.011 0.9449 -0.3273 LS60.dat
0 MLCAD BTG Corde 1
1 256 35.253 -58.041 68.923 -0.9995 0.0013 -0.0324 0.0265 -0.5402 -0.8411 0.0186 0.8415 -0.5399 LS60.dat
0 MLCAD BTG Corde 1
1 256 35.184 -59.248 67.507 -0.9993 -0.0041 -0.0369 0.0276 -0.7472 -0.664 0.0248 0.6645 -0.7468 LS60.dat
0 MLCAD BTG Corde 1
1 256 35.121 -60.063 65.844 -0.9994 -0.0091 -0.0343 0.0238 -0.8886 -0.458 0.0263 0.4586 -0.8883 LS60.dat
0 MLCAD BTG Corde 1
1 256 35.071 -60.578 64.039 -0.9996 -0.0107 -0.0273 0.0181 -0.9581 -0.286 0.0231 0.2864 -0.9578 LS60.dat
0 MLCAD BTG Corde 1
1 256 35.038 -60.848 62.24 -0.9998 -0.0097 -0.0188 0.0126 -0.9869 -0.161 0.017 0.1612 -0.9868 LS60.dat
0 MLCAD BTG Corde 1
1 256 35.019 -60.984 60.326 -0.9999 -0.0068 -0.0104 0.0075 -0.9972 -0.0745 0.0098 0.0746 -0.9972 LS60.dat
0 MLCAD BTG Corde 1
1 256 35.015 -60.999 58.513 -1 -0.0032 -0.0027 0.0032 -0.9999 -0.0146 0.0027 0.0147 -0.9999 LS60.dat
0 MLCAD BTG Corde 1
1 256 35.004 -60.86 56.647 -1 0.0005 -0.0057 -0.0009 -0.9977 0.0685 0.0057 -0.0685 -0.9976 LS60.dat
0 MLCAD BTG Corde 1
1 256 34.974 -60.466 54.803 -0.9999 0.0033 -0.0153 -0.0063 -0.9795 0.2012 0.0144 -0.2013 -0.9794 LS60.dat
0 MLCAD BTG Corde 1
1 256 34.925 -59.726 53.049 -0.9997 0.0036 -0.0256 -0.013 -0.925 0.3797 0.0223 -0.3799 -0.9248 LS60.dat
0 MLCAD BTG Corde 1
1 256 34.862 -58.62 51.63 -0.9994 0.0002 -0.034 -0.0203 -0.8054 0.5924 0.0273 -0.5927 -0.805 LS60.dat
0 MLCAD BTG Corde 1
1 256 34.793 -57.125 50.53 -0.9993 -0.0057 -0.0368 -0.0257 -0.6106 0.7915 0.027 -0.7919 -0.6101 LS60.dat
0 MLCAD BTG Corde 1
1 256 34.73 -55.348 49.752 -0.9994 -0.0098 -0.0327 -0.0259 -0.4079 0.9127 0.0223 -0.913 -0.4074 LS60.dat
0 MLCAD BTG Corde 1
1 256 34.687 -53.597 49.339 -0.9996 -0.0107 -0.0251 -0.0216 -0.2484 0.9684 0.0166 -0.9686 -0.2481 LS60.dat
0 MLCAD BTG Corde 1
1 256 34.656 -51.699 49.092 -0.9998 -0.009 -0.0165 -0.0152 -0.1345 0.9908 0.0111 -0.9909 -0.1344 LS60.dat
0 MLCAD BTG Corde 1
1 256 34.642 -49.875 49.002 -0.9999 -0.0059 -0.0082 -0.0078 -0.0566 0.9984 0.0064 -0.9984 -0.0565 LS60.dat
0 MLCAD BTG Corde 1
1 256 34.639 -47.979 49.015 -1 -0.0021 -0.002 -0.002 0.0037 1 0.0021 -1 0.0037 LS60.dat
0 MLCAD BTG Corde 1
1 256 34.623 -46.123 49.218 -1 0.0015 -0.0083 -0.0081 0.1016 0.9948 -0.0023 -0.9948 0.1016 LS60.dat
0 MLCAD BTG Corde 1
1 256 34.588 -44.289 49.695 -0.9998 0.0037 -0.0181 -0.0166 0.2442 0.9696 -0.008 -0.9697 0.2441 LS60.dat
0 MLCAD BTG Corde 1
1 256 34.535 -42.673 50.52 -0.9996 0.0029 -0.0282 -0.0241 0.4354 0.8999 -0.0149 -0.9002 0.4352 LS60.dat
0 MLCAD BTG Corde 1
1 256 34.467 -41.275 51.771 -0.9994 -0.0014 -0.0356 -0.0278 0.6539 0.756 -0.0222 -0.7565 0.6536 LS60.dat
0 MLCAD BTG Corde 1
1 256 34.4 -40.281 53.333 -0.9993 -0.007 -0.0363 -0.026 0.8313 0.5552 -0.0263 -0.5558 0.8309 LS60.dat
0 MLCAD BTG Corde 1
1 256 34.343 -39.639 55.08 -0.9995 -0.0104 -0.0309 -0.0209 0.9327 0.3602 -0.0251 -0.3606 0.9324 LS60.dat
0 MLCAD BTG Corde 1
1 256 34.301 -39.25 56.936 -0.9997 -0.0104 -0.0228 -0.015 0.9769 0.2132 -0.0201 -0.2135 0.9767 LS60.dat
0 MLCAD BTG Corde 1
1 256 34.276 -39.066 58.754 -0.9999 -0.0083 -0.0142 -0.0099 0.9938 0.1106 -0.0132 -0.1107 0.9938 LS60.dat
0 MLCAD BTG Corde 1
1 256 34.266 -38.998 60.666 -1 -0.0049 -0.0058 -0.0051 0.9992 0.0387 -0.0056 -0.0388 0.9992 LS60.dat
0 MLCAD BTG Corde 1
1 256 34.261 -39.054 62.551 -1 -0.001 -0.0026 -0.001 0.9997 -0.0259 -0.0026 0.0259 0.9997 LS60.dat
0 MLCAD BTG Corde 1
1 256 34.24 -39.321 64.402 -0.9999 0.0023 -0.0108 0.0038 0.9908 -0.135 -0.0104 0.135 0.9908 LS60.dat
0 MLCAD BTG Corde 1
1 256 34.2 -39.877 66.127 -0.9998 0.0038 -0.0208 0.0097 0.9567 -0.291 -0.0188 0.2912 0.9565 LS60.dat
0 MLCAD BTG Corde 1
1 256 34.141 -40.842 67.761 -0.9995 0.0021 -0.0308 0.0171 0.8672 -0.4977 -0.0257 0.498 0.8668 LS60.dat
0 MLCAD BTG Corde 1
1 256 34.072 -42.196 69.046 -0.9993 -0.003 -0.0366 0.0239 0.7026 -0.7112 -0.0278 0.7116 0.7021 LS60.dat
0 MLCAD BTG Corde 1
1 256 34.007 -43.821 69.93 -0.9993 -0.0084 -0.0353 0.0265 0.4968 -0.8675 -0.0248 0.8678 0.4963 LS60.dat
0 MLCAD BTG Corde 1
1 256 33.955 -45.606 70.489 -0.9995 -0.0107 -0.0287 0.0239 0.3126 -0.9496 -0.0192 0.9498 0.3122 LS60.dat
0 MLCAD BTG Corde 1
1 256 33.917 -47.483 70.818 -0.9997 -0.01 -0.0203 0.0182 0.1793 -0.9836 -0.0134 0.9837 0.1791 LS60.dat
0 MLCAD BTG Corde 1
1 256 33.897 -49.305 70.961 -0.9999 -0.0074 -0.0118 0.0111 0.0873 -0.9961 -0.0084 0.9962 0.0872 LS60.dat
0 MLCAD BTG Corde 1
1 256 33.89 -51.212 71.001 -1 -0.0038 -0.0037 0.0036 0.024 -0.9997 -0.0039 0.9997 0.024 LS60.dat
0 MLCAD BTG Corde 1
1 256 33.883 -52.998 70.899 -1 -0.0001 -0.0041 0.0041 -0.0483 -0.9988 0.0001 0.9988 -0.0483 LS60.dat
0 MLCAD BTG Corde 1
1 256 33.857 -54.844 70.561 -0.9999 0.0029 -0.0134 0.0127 -0.1722 -0.985 0.0051 0.9851 -0.1721 LS60.dat
0 MLCAD BTG Corde 1
1 256 33.81 -56.624 69.886 -0.9997 0.0037 -0.0239 0.0211 -0.3462 -0.9379 0.0117 0.9381 -0.346 LS60.dat
0 MLCAD BTG Corde 1
1 256 33.747 -58.173 68.802 -0.9995 0.0009 -0.0331 0.0269 -0.5613 -0.8272 0.0193 0.8276 -0.561 LS60.dat
0 MLCAD BTG Corde 1
1 256 33.678 -59.342 67.357 -0.9993 -0.0047 -0.0369 0.0274 -0.7641 -0.6445 0.0252 0.6451 -0.7637 LS60.dat
0 MLCAD BTG Corde 1
1 256 33.616 -60.123 65.677 -0.9994 -0.0094 -0.0338 0.0233 -0.898 -0.4394 0.0262 0.4399 -0.8977 LS60.dat
0 MLCAD BTG Corde 1
1 256 33.567 -60.613 63.862 -0.9996 -0.0107 -0.0265 0.0175 -0.9622 -0.2717 0.0226 0.2721 -0.962 LS60.dat
0 MLCAD BTG Corde 1
1 256 33.536 -60.866 62.058 -0.9998 -0.0095 -0.018 0.0121 -0.9885 -0.151 0.0163 0.1512 -0.9884 LS60.dat
0 MLCAD BTG Corde 1
1 256 33.518 -60.99 60.144 -0.9999 -0.0065 -0.0096 0.0071 -0.9977 -0.0677 0.0091 0.0678 -0.9977 LS60.dat
0 MLCAD BTG Corde 1
1 256 33.515 -60.994 58.333 -1 -0.0028 -0.0023 0.0029 -1 -0.0089 0.0023 0.0089 -1 LS60.dat
0 MLCAD BTG Corde 1
1 256 33.502 -60.835 56.471 -1 0.0009 -0.0066 -0.0014 -0.9969 0.0791 0.0065 -0.0792 -0.9968 LS60.dat
0 MLCAD BTG Corde 1
1 256 33.47 -60.411 54.63 -0.9999 0.0034 -0.0163 -0.0068 -0.9763 0.2164 0.0152 -0.2165 -0.9762 LS60.dat
0 MLCAD BTG Corde 1
1 256 33.419 -59.633 52.892 -0.9996 0.0034 -0.0266 -0.0137 -0.9166 0.3995 0.023 -0.3997 -0.9163 LS60.dat
0 MLCAD BTG Corde 1
1 256 33.355 -58.48 51.515 -0.9994 -0.0005 -0.0347 -0.0211 -0.7857 0.6182 0.0276 -0.6186 -0.7852 LS60.dat
0 MLCAD BTG Corde 1
1 256 33.284 -56.9 50.395 -0.9993 -0.0063 -0.0367 -0.026 -0.5857 0.8101 0.0266 -0.8105 -0.5851 LS60.dat
0 MLCAD BTG Corde 1
1 256 33.225 -55.177 49.7 -0.9994 -0.01 -0.0321 -0.0256 -0.3903 0.9204 0.0217 -0.9207 -0.3898 LS60.dat
0 MLCAD BTG Corde 1
1 256 33.183 -53.418 49.308 -0.9996 -0.0107 -0.0243 -0.0211 -0.2354 0.9717 0.0161 -0.9718 -0.2351 LS60.dat
0 MLCAD BTG Corde 1
1 256 33.154 -51.516 49.077 -0.9998 -0.0087 -0.0157 -0.0145 -0.1255 0.992 0.0106 -0.9921 -0.1254 LS60.dat
0 MLCAD BTG Corde 1
1 256 33.142 -49.693 48.998 -1 -0.0056 -0.0074 -0.0071 -0.0504 0.9987 0.006 -0.9987 -0.0504 LS60.dat
0 MLCAD BTG Corde 1
1 256 33.138 -47.8 49.025 -1 -0.0018 -0.002 -0.002 0.0106 0.9999 0.0017 -0.9999 0.0106 LS60.dat
0 MLCAD BTG Corde 1
1 256 33.12 -45.947 49.25 -1 0.0018 -0.0092 -0.0089 0.1135 0.9935 -0.0028 -0.9935 0.1135 LS60.dat
0 MLCAD BTG Corde 1
1 256 33.083 -44.119 49.76 -0.9998 0.0038 -0.0191 -0.0174 0.2608 0.9652 -0.0086 -0.9654 0.2606 LS60.dat
0 MLCAD BTG Corde 1
1 256 33.029 -42.524 50.622 -0.9996 0.0027 -0.0291 -0.0247 0.4561 0.8896 -0.0157 -0.8899 0.4558 LS60.dat
0 MLCAD BTG Corde 1
1 256 32.96 -41.163 51.909 -0.9994 -0.0019 -0.036 -0.0279 0.6736 0.7385 -0.0228 -0.7391 0.6733 LS60.dat
0 MLCAD BTG Corde 1
1 256 32.894 -40.206 53.493 -0.9993 -0.0075 -0.036 -0.0257 0.8442 0.5354 -0.0264 -0.536 0.8438 LS60.dat
0 MLCAD BTG Corde 1
1 256 32.838 -39.592 55.253 -0.9995 -0.0106 -0.0302 -0.0203 0.9388 0.3437 -0.0247 -0.3442 0.9386 LS60.dat
0 MLCAD BTG Corde 1
1 256 32.797 -39.224 57.116 -0.9997 -0.0103 -0.022 -0.0145 0.9794 0.2014 -0.0195 -0.2017 0.9793 LS60.dat
0 MLCAD BTG Corde 1
1 256 32.775 -39.054 58.936 -0.9999 -0.0081 -0.0134 -0.0094 0.9947 0.1025 -0.0125 -0.1026 0.9946 LS60.dat
0 MLCAD BTG Corde 1
1 256 32.766 -38.997 60.847 -1 -0.0045 -0.0051 -0.0047 0.9994 0.0332 -0.0049 -0.0333 0.9994 LS60.dat
0 MLCAD BTG Corde 1
1 256 32.76 -39.07 62.729 -1 -0.0007 -0.0031 -0.0006 0.9994 -0.0344 -0.0031 0.0344 0.9994 LS60.dat
0 MLCAD BTG Corde 1
1 256 32.737 -39.361 64.578 -0.9999 0.0026 -0.0117 0.0043 0.989 -0.148 -0.0112 0.1481 0.9889 LS60.dat
0 MLCAD BTG Corde 1
1 256 32.696 -39.951 66.293 -0.9998 0.0038 -0.0218 0.0103 0.951 -0.3089 -0.0196 0.3091 0.9508 LS60.dat
0 MLCAD BTG Corde 1
1 256 32.635 -40.956 67.9 -0.9995 0.0017 -0.0316 0.0178 0.8547 -0.5188 -0.0261 0.5191 0.8543 LS60.dat
0 MLCAD BTG Corde 1
1 256 32.566 -42.342 69.147 -0.9993 -0.0036 -0.0367 0.0243 0.6837 -0.7293 -0.0278 0.7297 0.6832 LS60.dat
0 MLCAD BTG Corde 1
1 256 32.502 -43.986 69.996 -0.9994 -0.0088 -0.0348 0.0264 0.4776 -0.8782 -0.0243 0.8786 0.477 LS60.dat
0 MLCAD BTG Corde 1
1 256 32.45 -45.782 70.529 -0.9996 -0.0108 -0.0279 0.0234 0.2976 -0.9544 -0.0186 0.9546 0.2972 LS60.dat
0 MLCAD BTG Corde 1
1 256 32.414 -47.664 70.838 -0.9998 -0.0098 -0.0195 0.0175 0.1687 -0.9855 -0.0129 0.9856 0.1685 LS60.dat
0 MLCAD BTG Corde 1
1 256 32.395 -49.488 70.969 -0.9999 -0.0071 -0.011 0.0104 0.08 -0.9967 -0.008 0.9968 0.0799 LS60.dat
0 MLCAD BTG Corde 1
1 256 32.391 -51.393 70.996 -1 -0.0034 -0.003 0.0029 0.0174 -0.9998 -0.0035 0.9998 0.0174 LS60.dat
0 MLCAD BTG Corde 1
1 256 32.381 -53.261 70.873 -1 0.0004 -0.0051 0.0051 -0.0606 -0.9982 0.0007 0.9982 -0.0606 LS60.dat
0 MLCAD BTG Corde 1
1 256 32.353 -55.018 70.513 -0.9999 0.0031 -0.0143 0.0135 -0.1865 -0.9824 0.0057 0.9825 -0.1864 LS60.dat
0 MLCAD BTG Corde 1
1 256 32.305 -56.785 69.8 -0.9997 0.0036 -0.0248 0.0218 -0.3654 -0.9306 0.0124 0.9308 -0.3652 LS60.dat
0 MLCAD BTG Corde 1
1 256 32.24 -58.302 68.679 -0.9994 0.0004 -0.0337 0.0272 -0.5823 -0.8125 0.02 0.813 -0.5819 LS60.dat
0 MLCAD BTG Corde 1
1 256 32.171 -59.432 67.205 -0.9993 -0.0053 -0.0369 0.0272 -0.7803 -0.6248 0.0255 0.6254 -0.7799 LS60.dat
0 MLCAD BTG Corde 1
1 256 32.111 -60.18 65.509 -0.9994 -0.0097 -0.0332 0.0228 -0.9067 -0.4211 0.026 0.4216 -0.9064 LS60.dat
0 MLCAD BTG Corde 1
1 256 32.063 -60.647 63.683 -0.9996 -0.0107 -0.0257 0.017 -0.966 -0.258 0.0221 0.2583 -0.9658 LS60.dat
0 MLCAD BTG Corde 1
1 256 32.033 -60.884 61.876 -0.9998 -0.0093 -0.0171 0.0116 -0.9899 -0.1415 0.0157 0.1416 -0.9898 LS60.dat
0 MLCAD BTG Corde 1
1 256 32.017 -60.994 59.962 -0.9999 -0.0061 -0.0088 0.0067 -0.9981 -0.0612 0.0084 0.0612 -0.9981 LS60.dat
0 MLCAD BTG Corde 1
1 256 32.015 -60.988 58.154 -1 -0.0025 -0.0021 0.0025 -1 -0.0028 0.002 0.0028 -1 LS60.dat
0 MLCAD BTG Corde 1
1 256 32 -60.808 56.295 -1 0.0012 -0.0074 -0.0018 -0.9959 0.0902 0.0073 -0.0902 -0.9959 LS60.dat
0 MLCAD BTG Corde 1
1 256 31.966 -60.353 54.458 -0.9998 0.0035 -0.0173 -0.0074 -0.9726 0.2322 0.016 -0.2323 -0.9725 LS60.dat
0 MLCAD BTG Corde 1
1 256 31.913 -59.526 52.744 -0.9996 0.003 -0.0277 -0.0145 -0.9051 0.425 0.0238 -0.4252 -0.9048 LS60.dat
0 MLCAD BTG Corde 1
1 256 31.845 -58.292 51.328 -0.9994 -0.0011 -0.0354 -0.0219 -0.7651 0.6436 0.0278 -0.6439 -0.7646 LS60.dat
0 MLCAD BTG Corde 1
1 256 31.778 -56.742 50.315 -0.9993 -0.0068 -0.0365 -0.0262 -0.5657 0.8242 0.0263 -0.8245 -0.5652 LS60.dat
0 MLCAD BTG Corde 1
1 256 31.72 -55.005 49.65 -0.9995 -0.0102 -0.0314 -0.0253 -0.373 0.9275 0.0212 -0.9278 -0.3726 LS60.dat
0 MLCAD BTG Corde 1
1 256 31.679 -53.239 49.279 -0.9997 -0.0106 -0.0234 -0.0205 -0.2229 0.9746 0.0156 -0.9748 -0.2226 LS60.dat
0 MLCAD BTG Corde 1
1 256 31.652 -51.334 49.064 -0.9999 -0.0085 -0.0149 -0.0138 -0.1169 0.9931 0.0102 -0.9931 -0.1167 LS60.dat
0 MLCAD BTG Corde 1
1 256 31.641 -49.511 48.996 -1 -0.0053 -0.0066 -0.0064 -0.0445 0.999 0.0056 -0.999 -0.0445 LS60.dat
0 MLCAD BTG Corde 1
1 256 31.637 -47.622 49.036 -1 -0.0014 -0.0022 -0.0022 0.018 0.9998 0.0014 -0.9998 0.018 LS60.dat
0 MLCAD BTG Corde 1
1 256 31.618 -45.771 49.286 -0.9999 0.002 -0.0101 -0.0098 0.1258 0.992 -0.0033 -0.9921 0.1257 LS60.dat
0 MLCAD BTG Corde 1
1 256 31.578 -43.95 49.828 -0.9998 0.0038 -0.0201 -0.0182 0.2778 0.9605 -0.0092 -0.9606 0.2777 LS60.dat
0 MLCAD BTG Corde 1
1 256 31.522 -42.378 50.728 -0.9995 0.0024 -0.03 -0.0252 0.477 0.8786 -0.0164 -0.8789 0.4767 LS60.dat
0 MLCAD BTG Corde 1
1 256 31.454 -41.063 52.059 -0.9993 -0.0027 -0.0364 -0.028 0.6976 0.716 -0.0234 -0.7165 0.6972 LS60.dat
0 MLCAD BTG Corde 1
1 256 31.385 -40.09 53.73 -0.9993 -0.008 -0.0356 -0.0251 0.8594 0.5107 -0.0265 -0.5112 0.859 LS60.dat
0 MLCAD BTG Corde 1
1 256 31.334 -39.548 55.427 -0.9995 -0.0107 -0.0294 -0.0198 0.9446 0.3278 -0.0243 -0.3282 0.9443 LS60.dat
0 MLCAD BTG Corde 1
1 256 31.295 -39.206 57.298 -0.9997 -0.0102 -0.0209 -0.014 0.9822 0.1875 -0.0186 -0.1877 0.982 LS60.dat
0 MLCAD BTG Corde 1
1 256 31.272 -39.036 59.209 -0.9999 -0.0076 -0.0124 -0.0087 0.9957 0.0926 -0.0116 -0.0927 0.9956 LS60.dat
0 MLCAD BTG Corde 1
1 256 31.266 -38.997 61.028 -1 -0.0042 -0.0043 -0.0043 0.9996 0.0279 -0.0042 -0.0279 0.9996 LS60.dat
0 MLCAD BTG Corde 1
1 256 31.259 -39.087 62.905 -1 -0.0003 -0.0037 -0.0002 0.9991 -0.0435 -0.0037 0.0435 0.999 LS60.dat
0 MLCAD BTG Corde 1
1 256 31.234 -39.405 64.753 -0.9999 0.0028 -0.0127 0.0048 0.9869 -0.1615 -0.012 0.1615 0.9868 LS60.dat
0 MLCAD BTG Corde 1
1 256 31.19 -40.029 66.458 -0.9997 0.0037 -0.0229 0.011 0.9449 -0.3273 -0.0204 0.3274 0.9447 LS60.dat
0 MLCAD BTG Corde 1
1 256 31.128 -41.073 68.037 -0.9995 0.0013 -0.0324 0.0185 0.8415 -0.5399 -0.0266 0.5402 0.8411 LS60.dat
0 MLCAD BTG Corde 1
1 256 31.059 -42.489 69.244 -0.9993 -0.0042 -0.0369 0.0248 0.6645 -0.7468 -0.0276 0.7472 0.664 LS60.dat
0 MLCAD BTG Corde 1
1 256 30.996 -44.151 70.059 -0.9994 -0.0091 -0.0343 0.0263 0.4586 -0.8883 -0.0238 0.8886 0.458 LS60.dat
0 MLCAD BTG Corde 1
1 256 30.946 -45.959 70.567 -0.9996 -0.0108 -0.0271 0.0229 0.283 -0.9589 -0.0181 0.9591 0.2826 LS60.dat
0 MLCAD BTG Corde 1
1 256 30.911 -47.846 70.858 -0.9998 -0.0096 -0.0186 0.0169 0.1585 -0.9872 -0.0124 0.9873 0.1583 LS60.dat
0 MLCAD BTG Corde 1
1 256 30.894 -49.67 70.976 -0.9999 -0.0068 -0.0102 0.0096 0.073 -0.9973 -0.0076 0.9973 0.0729 LS60.dat
0 MLCAD BTG Corde 1
1 256 30.89 -51.573 70.993 -1 -0.0031 -0.0025 0.0024 0.0118 -0.9999 -0.0031 0.9999 0.0118 LS60.dat
0 MLCAD BTG Corde 1
1 256 30.879 -53.437 70.849 -1 0.0007 -0.0059 0.0059 -0.071 -0.9975 0.0011 0.9975 -0.0709 LS60.dat
0 MLCAD BTG Corde 1
1 256 30.849 -55.192 70.461 -0.9999 0.0032 -0.0153 0.0144 -0.2013 -0.9794 0.0062 0.9795 -0.2012 LS60.dat
0 MLCAD BTG Corde 1
1 256 30.799 -56.943 69.711 -0.9997 0.0034 -0.0258 0.0225 -0.385 -0.9226 0.0131 0.9229 -0.3848 LS60.dat
0 MLCAD BTG Corde 1
1 256 30.734 -58.428 68.551 -0.9994 -0.0001 -0.0343 0.0275 -0.6031 -0.7972 0.0206 0.7977 -0.6027 LS60.dat
0 MLCAD BTG Corde 1
1 256 30.665 -59.518 67.051 -0.9993 -0.0058 -0.0368 0.0269 -0.7958 -0.605 0.0258 0.6056 -0.7954 LS60.dat
0 MLCAD BTG Corde 1
1 256 30.605 -60.235 65.34 -0.9994 -0.01 -0.0326 0.0223 -0.9149 -0.4032 0.0258 0.4037 -0.9145 LS60.dat
0 MLCAD BTG Corde 1
1 256 30.559 -60.679 63.505 -0.9996 -0.0107 -0.0249 0.0164 -0.9695 -0.2446 0.0215 0.2449 -0.9693 LS60.dat
0 MLCAD BTG Corde 1
1 256 30.531 -60.9 61.694 -0.9998 -0.009 -0.0163 0.0111 -0.9912 -0.1322 0.015 0.1324 -0.9911 LS60.dat
0 MLCAD BTG Corde 1
1 256 30.516 -60.998 59.78 -1 -0.0058 -0.008 0.0062 -0.9985 -0.0549 0.0076 0.0549 -0.9985 LS60.dat
0 MLCAD BTG Corde 1
1 256 30.514 -60.98 57.975 -1 -0.0021 -0.002 0.0021 -1 0.0037 0.002 -0.0037 -1 LS60.dat
0 MLCAD BTG Corde 1
1 256 30.498 -60.778 56.119 -1 0.0014 -0.0083 -0.0023 -0.9948 0.1016 0.0081 -0.1016 -0.9948 LS60.dat
0 MLCAD BTG Corde 1
1 256 30.462 -60.292 54.287 -0.9998 0.0036 -0.0183 -0.008 -0.9686 0.2484 0.0168 -0.2485 -0.9685 LS60.dat
0 MLCAD BTG Corde 1
1 256 30.407 -59.425 52.594 -0.9996 0.0028 -0.0286 -0.0153 -0.8952 0.4455 0.0244 -0.4458 -0.8948 LS60.dat
0 MLCAD BTG Corde 1
1 256 30.339 -58.156 51.214 -0.9994 -0.0017 -0.0358 -0.0225 -0.7479 0.6635 0.0279 -0.6638 -0.7473 LS60.dat
0 MLCAD BTG Corde 1
1 256 30.272 -56.583 50.239 -0.9993 -0.0073 -0.0362 -0.0263 -0.5459 0.8375 0.0259 -0.8378 -0.5453 LS60.dat
0 MLCAD BTG Corde 1
1 256 30.216 -54.829 49.611 -0.9995 -0.0105 -0.0305 -0.0249 -0.3523 0.9355 0.0206 -0.9358 -0.3519 LS60.dat
0 MLCAD BTG Corde 1
1 256 30.174 -52.97 49.233 -0.9997 -0.0104 -0.0224 -0.0198 -0.2076 0.978 0.0148 -0.9782 -0.2073 LS60.dat
0 MLCAD BTG Corde 1
1 256 30.15 -51.151 49.052 -0.9999 -0.0082 -0.014 -0.0131 -0.1085 0.994 0.0097 -0.9941 -0.1084 LS60.dat
0 MLCAD BTG Corde 1
1 256 30.141 -49.33 48.994 -1 -0.0049 -0.0058 -0.0056 -0.0388 0.9992 0.0051 -0.9992 -0.0387 LS60.dat
0 MLCAD BTG Corde 1
1 256 30.136 -47.444 49.05 -1 -0.0011 -0.0025 -0.0026 0.0259 0.9997 0.001 -0.9997 0.0259 LS60.dat
0 MLCAD BTG Corde 1
1 256 30.115 -45.595 49.323 -0.9999 0.0023 -0.011 -0.0106 0.1385 0.9903 -0.0038 -0.9904 0.1384 LS60.dat
0 MLCAD BTG Corde 1
1 256 30.074 -43.783 49.9 -0.9998 0.0038 -0.0211 -0.019 0.2954 0.9552 -0.0099 -0.9554 0.2953 LS60.dat
0 MLCAD BTG Corde 1
1 256 30.016 -42.235 50.838 -0.9995 0.002 -0.0308 -0.0257 0.498 0.8668 -0.0171 -0.8672 0.4977 LS60.dat
0 MLCAD BTG Corde 1
1 256 29.947 -40.959 52.201 -0.9993 -0.0033 -0.0366 -0.0279 0.7161 0.6974 -0.0239 -0.698 0.7157 LS60.dat
0 MLCAD BTG Corde 1
1 256 29.879 -40.032 53.899 -0.9993 -0.0086 -0.035 -0.0246 0.8733 0.4866 -0.0264 -0.4871 0.8729 LS60.dat
0 MLCAD BTG Corde 1
1 256 29.827 -39.479 55.688 -0.9995 -0.0107 -0.0285 -0.019 0.9511 0.3082 -0.0238 -0.3086 0.9509 LS60.dat
0 MLCAD BTG Corde 1
1 256 29.792 -39.183 57.479 -0.9997 -0.01 -0.0201 -0.0134 0.9842 0.1766 -0.018 -0.1768 0.9841 LS60.dat
0 MLCAD BTG Corde 1
1 256 29.77 -39.027 59.392 -0.9999 -0.0073 -0.0116 -0.0083 0.9963 0.0852 -0.0109 -0.0853 0.9963 LS60.dat
0 MLCAD BTG Corde 1
1 256 29.766 -38.997 61.208 -1 -0.0038 -0.0036 -0.0039 0.9997 0.0227 -0.0035 -0.0227 0.9997 LS60.dat
0 MLCAD BTG Corde 1
1 256 29.757 -39.107 63.081 -1 0 -0.0045 0.0002 0.9986 -0.0532 -0.0045 0.0532 0.9986 LS60.dat
0 MLCAD BTG Corde 1
1 256 29.73 -39.451 64.928 -0.9999 0.003 -0.0136 0.0053 0.9845 -0.1754 -0.0129 0.1755 0.9844 LS60.dat
0 MLCAD BTG Corde 1
