0 FILE 6360.ldr
0 Untitled
0 Name: 6360.ldr
0 Author: MLCad
0 Unofficial Model
0 ROTATION CENTER 0 0 0 1 "Custom" 
0 ROTATION CONFIG 0 0
1 2 0 0 0 1 0 0 0 1 0 0 0 1 3497.dat
1 2 50 -72 0 0 0 -1 0 1 0 1 0 0 male.ldr
1 1 230 -24 50 -0.382683 0 0.92388 0 1 0 -0.92388 0 -0.382683 3741c01.dat
1 4 190 -24 70 1 0 0 0 1 0 0 0 1 3741c01.dat
1 0 -210 -24 20 0 0 -1 0 1 0 1 0 0 3009.dat
1 0 10 -24 70 0 0 -1 0 1 0 1 0 0 3005.dat
1 4 -170 -24 0 0 0 -1 0 1 0 1 0 0 3004.dat
1 4 -110 -24 0 0 0 -1 0 1 0 1 0 0 3004.dat
1 0 -140 -24 -30 -1 0 0 0 1 0 0 0 -1 3009.dat
1 0 10 -24 -30 -1 0 0 0 1 0 0 0 -1 3005.dat
1 15 20 -24 20 0 0 1 0 1 0 -1 0 0 3001.dat
1 4 -140 -32 0 1 0 0 0 1 0 0 0 1 3020.dat
1 1 -160 -56 0 1 0 0 0 1 0 0 0 1 4589.dat
1 14 -210 -48 0 0 0 -1 0 1 0 1 0 0 3004.dat
1 14 10 -48 -20 0 0 -1 0 1 0 1 0 0 3004.dat
1 14 10 -48 60 0 0 -1 0 1 0 1 0 0 3004.dat
1 14 -210 -48 50 0 0 -1 0 1 0 1 0 0 3622.dat
1 14 -110 -48 -30 -1 0 0 0 1 0 0 0 -1 3622.dat
1 14 -180 -48 -30 -1 0 0 0 1 0 0 0 -1 3010.dat
1 0 30 -32 20 0 0 1 0 1 0 -1 0 0 3794a.dat
1 46 -160 -64 0 0 0 1 0 1 0 -1 0 0 4073.dat
1 14 -210 -72 20 0 0 1 0 1 0 -1 0 0 3009.dat
1 14 -100 -72 -30 1 0 0 0 1 0 0 0 1 3004.dat
1 14 10 -72 -20 0 0 -1 0 1 0 1 0 0 3004.dat
1 14 10 -72 60 0 0 -1 0 1 0 1 0 0 3004.dat
1 1 -160 -72 0 0 0 -1 0 1 0 1 0 0 4740.dat
1 0 10 -72 20 0 0 -1 0 1 0 1 0 0 4864a.dat
1 14 -100 -96 -30 -1 0 0 0 1 0 0 0 -1 3004.dat
1 14 -210 -96 20 0 0 1 0 1 0 -1 0 0 3009.dat
1 14 10 -96 70 0 0 1 0 1 0 -1 0 0 3005.dat
1 14 10 -96 -30 1 0 0 0 1 0 0 0 1 4070.dat
1 15 10 -96 20 0 0 -1 0 1 0 1 0 0 3037.dat
1 14 -100 -120 -30 -1 0 0 0 1 0 0 0 -1 3004.dat
1 14 -210 -120 20 0 0 1 0 1 0 -1 0 0 3009.dat
1 14 10 -120 20 0 0 1 0 1 0 -1 0 0 3009.dat
1 15 -10 -120 -30 0 0 -1 0 1 0 1 0 0 73312.dat
1 15 -160 -120 -30 1 0 0 0 1 0 0 0 1 3853.dat
1 47 -160 -120 -30 1 0 0 0 1 0 0 0 1 3855.dat
1 1 10 -86 -44 1 0 0 0 0 -1 0 1 0 3070bp05.dat
1 14 -100 -128 20 1 0 0 0 1 0 0 0 1 3028.dat
1 15 -150 -152 0 0 0 -1 0 1 0 1 0 0 3004.dat
1 15 -50 -152 0 0 0 -1 0 1 0 1 0 0 3004.dat
1 14 -10 -152 20 0 0 -1 0 1 0 1 0 0 3004.dat
1 14 -180 -152 -30 1 0 0 0 1 0 0 0 1 3004.dat
1 14 -80 -152 -30 1 0 0 0 1 0 0 0 1 3008.dat
1 15 -100 -160 0 -1 0 0 0 1 0 0 0 -1 3795.dat
1 4 -210 -152 20 0 0 1 0 1 0 -1 0 0 4445.dat
1 4 10 -152 20 0 0 -1 0 1 0 1 0 0 4445.dat
1 4 -190 -176 20 0 0 1 0 1 0 -1 0 0 4445.dat
1 15 -50 -184 0 0 0 1 0 1 0 -1 0 0 30010.dat
1 15 -150 -184 0 0 0 -1 0 1 0 1 0 0 30010.dat
1 14 -110 -176 -30 1 0 0 0 1 0 0 0 1 4070.dat
1 14 -90 -176 -30 1 0 0 0 1 0 0 0 1 4070.dat
1 14 0 -176 20 1 0 0 0 1 0 0 0 1 3003.dat
1 4 -10 -176 70 0 0 -1 0 1 0 1 0 0 3038.dat
1 4 -10 -176 -30 0 0 -1 0 1 0 1 0 0 3038.dat
1 1 -160 -176 50 0 0 -1 0 1 0 1 0 0 4532.dat
1 15 -143 -172 26 1 0 0 0 1 0 0 0 1 4533.dat
1 14 -150 -176 -30 1 0 0 0 1 0 0 0 1 3622.dat
1 14 -50 -176 -30 1 0 0 0 1 0 0 0 1 3622.dat
1 14 -100 -166 -44 1 0 0 0 0 -1 0 1 0 3794a.dat
1 4 -170 -200 -40 0 0 1 0 1 0 -1 0 0 3039.dat
1 4 -170 -200 80 0 0 1 0 1 0 -1 0 0 3039.dat
1 4 -30 -200 70 0 0 -1 0 1 0 1 0 0 3038.dat
1 4 -30 -200 -30 0 0 -1 0 1 0 1 0 0 3038.dat
1 14 0 -200 20 -1 0 0 0 1 0 0 0 -1 3003.dat
1 14 -100 -200 -30 -1 0 0 0 1 0 0 0 -1 3009.dat
1 14 -100 -224 -30 -1 0 0 0 1 0 0 0 -1 3010.dat
1 4 -50 -224 20 0 0 -1 0 1 0 1 0 0 4445.dat
1 4 -150 -224 -40 0 0 1 0 1 0 -1 0 0 3039.dat
1 4 -150 -224 80 0 0 1 0 1 0 -1 0 0 3039.dat
1 4 -130 -248 80 0 0 1 0 1 0 -1 0 0 3039.dat
1 4 -130 -248 -40 0 0 1 0 1 0 -1 0 0 3039.dat
1 4 -70 -248 20 0 0 -1 0 1 0 1 0 0 4445.dat
1 14 -100 -248 -30 -1 0 0 0 1 0 0 0 -1 3004.dat
1 15 150 -24 -20 0 0 1 0 1 0 -1 0 0 3004.dat
1 15 110 -24 -20 0 0 1 0 1 0 -1 0 0 3004.dat
1 15 -130 -248 20 0 0 1 0 1 0 -1 0 0 4447.dat
1 47 -130 -248 20 0 0 1 0 1 0 -1 0 0 4448.dat
1 4 -110 -272 20 0 0 1 0 1 0 -1 0 0 4445.dat
1 4 -90 -272 20 0 0 -1 0 1 0 1 0 0 4445.dat
1 14 230 -24 20 0 0 -1 0 1 0 1 0 0 3009.dat
1 14 160 -24 70 -1 0 0 0 1 0 0 0 -1 3009.dat
1 14 0 -224 20 -1 0 0 0 1 0 0 0 -1 3003.dat
1 14 0 -248 20 -1 0 0 0 1 0 0 0 -1 3003.dat
1 14 0 -272 20 -1 0 0 0 1 0 0 0 -1 3003.dat
1 0 0 -280 20 -1 0 0 0 1 0 0 0 -1 3022.dat
1 15 130 -32 -20 -1 0 0 0 1 0 0 0 -1 3021.dat
1 0 0 -288 20 -1 0 0 0 1 0 0 0 -1 4073.dat
1 0 -100 -124 -64 -1 0 0 0 1 0 0 0 -1 4073.dat
1 46 -100 -148 -64 -1 0 0 0 1 0 0 0 -1 3062b.dat
1 0 -100 -156 -64 -1 0 0 0 1 0 0 0 -1 4740.dat
1 0 -100 -166 -68 -1 0 0 0 0 1 0 1 0 4599.dat
1 15 140 -8 20 1 0 0 0 1 0 0 0 1 4079.dat
1 15 180 -8 -20 0 0 1 0 1 0 -1 0 0 4079.dat
1 15 140 -48 70 -1 0 0 0 1 0 0 0 -1 3633.dat
1 15 230 -48 0 0 0 -1 0 1 0 1 0 0 3633.dat
1 4 -100 -296 -20 0 0 -1 0 1 0 1 0 0 3041.dat
1 4 -100 -296 60 0 0 -1 0 1 0 1 0 0 3041.dat
1 0 0 -312 20 -1 0 0 0 1 0 0 0 -1 3300.dat
1 47 150 -56 -10 0.382683 0 0.92388 0 1 0 -0.92388 0 0.382683 3899.dat
1 4 110 -40 -30 0.707107 0 0.707107 0 1 0 -0.707107 0 0.707107 3070b.dat
1 46 130 -40 -10 0 0 1 0 1 0 -1 0 0 4073.dat
1 46 140 -72 -30 1 0 0 0 1 0 0 0 1 female.ldr
0
0 FILE male.ldr
0 New Minifig Model
0 Name: male.ldr
0 Author: MLCad
0 Unofficial Model
0 ROTATION CENTER 0 0 0 1 "Custom" 
0 ROTATION CONFIG 0 0
1 6 0 -22.968 -11.809 1 0 0 0 0.984808 -0.173648 0 0.173648 0.984808 3901.dat
1 14 0 -22.968 -11.809 1 0 0 0 0.984808 -0.173648 0 0.173648 0.984808 3626ap01.dat
1 0 -0.001 0.669 -7.639 1 0 0 0 0.984808 -0.173648 0 0.173648 0.984808 973p28.dat
1 1 0 32.182 -2.083 1 0 0 0 0.984808 -0.173648 0 0.173648 0.984808 970.dat
1 0 -15.552 9.532 -6.078 0.985 -0.17 0 0.167417 0.970036 -0.173648 0.0295202 0.171043 0.984808 982.dat
1 0 15.552 9.532 -6.078 0.985 0.139256 0.097508 -0.167417 0.894207 0.414145 -0.0295202 -0.424752 0.904814 981.dat
1 14 -23.863 28.651 -13.187 0.79294 -0.596588 0.12019 0.426511 0.403903 -0.808584 0.434159 0.692944 0.575331 983.dat
1 14 22.28 21.162 -23.539 0.985 0.167392 -0.0295157 -0.167417 0.925005 -0.339404 -0.0295202 0.339404 0.940003 983.dat
1 0 -11.278 27.452 -36.6 0.826208 -0.119301 -0.549604 0.266861 0.942734 0.196109 0.495351 -0.309057 0.811386 4528.dat
1 1 0 44 0 1 0 0 0 1 0 0 0 1 971.dat
1 1 0 44 0 1 0 0 0 1 0 0 0 1 972.dat
0
0 FILE female.ldr
0 New Minifig Model
0 Name: female.ldr
0 Author: MLCad
0 Unofficial Model
0 ROTATION CENTER 0 0 0 1 "Custom" 
0 ROTATION CONFIG 0 0
1 0 0 -12.835 62.744 0.984808 0 -0.173648 0.0121131 0.997564 0.0686967 0.173225 -0.0697565 0.982409 6093.dat
1 14 0 -12.835 62.744 0.984808 0 -0.173648 0.0121131 0.997564 0.0686967 0.173225 -0.0697565 0.982409 3626ap01.dat
1 15 0 11.108 61.069 1 0 0 0 0.997564 0.0697565 0 -0.0697565 0.997564 973p1e.dat
1 4 0 43.029 58.836 1 0 0 0 0.997564 0.0697565 0 -0.0697565 0.997564 970.dat
1 4 -15.552 20.085 60.442 0.985 -0.139256 -0.097508 0.169586 0.764889 0.620738 -0.0118586 -0.628463 0.777746 982.dat
1 4 15.552 20.085 60.442 0.985 0.085 0.147224 -0.169586 0.430889 0.885835 0.0118586 -0.898271 0.439277 981.dat
1 14 -22.28 27.148 40.685 0.985 -0.167392 0.0295157 0.169586 0.979638 -0.101915 -0.0118586 0.105543 0.99419 983.dat
1 14 20.749 18.146 39.116 0.985 0.164183 0.0439926 -0.169586 0.930924 0.321647 0.0118586 -0.324508 0.945647 983.dat
1 4 0 55 58 1 0 0 0 0 1 0 -1 0 971.dat
1 4 0 55 58 1 0 0 0 0 1 0 -1 0 972.dat
0
0
