0 Emergency Treatment Center
0 Name: 6380-1.ldr

0 ROTATION CENTER 0 0 0 1 "Custom" 
0 ROTATION CONFIG 0 0
1 2 0 0 0 1 0 0 0 1 0 0 0 1 4478p01.dat
0 STEP
1 15 110 -24 180 0 0 1 0 1 0 -1 0 0 3004.dat
1 14 -20 -24 180 1 0 0 0 1 0 0 0 1 3001.dat
1 15 -70 -24 180 0 0 -1 0 1 0 1 0 0 3004.dat
1 15 -70 -24 60 0 0 -1 0 1 0 1 0 0 3004.dat
1 4 -70 -24 0 0 0 -1 0 1 0 1 0 0 3010.dat
1 14 -100 -24 50 -1 0 0 0 1 0 0 0 -1 3134.dat
1 14 -100 -24 -50 -1 0 0 0 1 0 0 0 -1 3004.dat
1 15 -70 -24 -70 0 0 -1 0 1 0 1 0 0 3622.dat
1 15 -250 -24 -70 0 0 -1 0 1 0 1 0 0 3622.dat
1 4 -250 -24 0 0 0 -1 0 1 0 1 0 0 3010.dat
1 15 -250 -24 60 0 0 -1 0 1 0 1 0 0 3004.dat
1 0 -20 -8 120 0 0 -1 0 1 0 1 0 0 3680.dat
1 7 -20 -8 120 0 0 -1 0 1 0 1 0 0 3679.dat
0 STEP
1 15 290 -24 300 0 0 -1 0 1 0 1 0 0 3004.dat
1 15 290 -24 120 0 0 -1 0 1 0 1 0 0 3008.dat
1 15 110 -24 300 0 0 -1 0 1 0 1 0 0 3004.dat
1 15 110 -24 60 0 0 -1 0 1 0 1 0 0 3004.dat
1 4 20 -24 70 1 0 0 0 1 0 0 0 1 3008.dat
1 4 110 -24 120 0 0 -1 0 1 0 1 0 0 3010.dat
1 14 80 -24 100 0 0 -1 0 1 0 1 0 0 3003.dat
1 4 -160 -8 -70 1 0 0 0 1 0 0 0 1 3460.dat
1 4 -160 -16 -70 1 0 0 0 1 0 0 0 1 3460.dat
1 0 -20 -16 120 -1 0 0 0 1 0 0 0 -1 4079.dat
0 STEP
1 15 -250 -48 -70 0 0 1 0 1 0 -1 0 0 3622.dat
1 15 -250 -48 60 0 0 -1 0 1 0 1 0 0 3004.dat
1 15 -70 -48 60 0 0 -1 0 1 0 1 0 0 3004.dat
1 15 -70 -48 -70 0 0 -1 0 1 0 1 0 0 3622.dat
1 15 -70 -48 180 0 0 -1 0 1 0 1 0 0 3004.dat
1 15 110 -48 60 0 0 -1 0 1 0 1 0 0 3004.dat
1 15 110 -48 180 0 0 -1 0 1 0 1 0 0 3004.dat
1 15 110 -48 300 0 0 -1 0 1 0 1 0 0 3004.dat
1 15 290 -48 120 0 0 -1 0 1 0 1 0 0 3008.dat
1 15 290 -48 300 0 0 -1 0 1 0 1 0 0 3004.dat
1 14 -20 -48 180 1 0 0 0 1 0 0 0 1 3001.dat
1 15 -110 -32 50 1 0 0 0 1 0 0 0 1 3838.dat
1 0 -100 -40 -20 1 0 0 0 1 0 0 0 1 4032a.dat
1 14 -100 -32 0 0 0 1 0 1 0 -1 0 0 3795.dat
1 14 80 -48 100 0 0 1 0 1 0 -1 0 0 3003.dat
0 STEP
1 15 -250 -72 60 0 0 1 0 1 0 -1 0 0 3004.dat
1 15 -70 -72 60 0 0 1 0 1 0 -1 0 0 3004.dat
1 15 -70 -72 180 0 0 1 0 1 0 -1 0 0 3004.dat
1 15 110 -72 60 0 0 1 0 1 0 -1 0 0 3004.dat
1 15 110 -72 180 0 0 1 0 1 0 -1 0 0 3004.dat
1 15 110 -72 300 0 0 1 0 1 0 -1 0 0 3004.dat
1 15 290 -72 300 0 0 1 0 1 0 -1 0 0 3004.dat
1 15 -250 -72 -70 0 0 1 0 1 0 -1 0 0 3622.dat
1 15 -70 -72 -70 0 0 1 0 1 0 -1 0 0 3622.dat
1 15 290 -72 120 0 0 1 0 1 0 -1 0 0 3008.dat
1 15 -90 -64 -20 0 0 1 0 1 0 -1 0 0 3039p23.dat
1 47 80 -72 100 0 0 1 0 1 0 -1 0 0 3626b.dat
1 47 80 -96 100 0.707107 0 -0.707107 0 1 0 0.707107 0 0.707107 3899.dat
1 47 10 -72 170 0.707107 0 -0.707107 0 1 0 0.707107 0 0.707107 3899.dat
1 7 -30 -72 190 1 0 0 0 1 0 0 0 1 3040p32.dat
0 STEP
1 15 -250 -96 60 0 0 1 0 1 0 -1 0 0 3004.dat
1 15 -70 -96 60 0 0 1 0 1 0 -1 0 0 3004.dat
1 15 -70 -96 180 0 0 1 0 1 0 -1 0 0 3004.dat
1 15 110 -96 60 0 0 1 0 1 0 -1 0 0 3004.dat
1 15 110 -96 180 0 0 1 0 1 0 -1 0 0 3004.dat
1 15 110 -96 300 0 0 1 0 1 0 -1 0 0 3004.dat
1 15 290 -96 300 0 0 1 0 1 0 -1 0 0 3004.dat
1 15 -250 -96 -70 0 0 1 0 1 0 -1 0 0 3622.dat
1 15 -70 -96 -70 0 0 1 0 1 0 -1 0 0 3622.dat
0 STEP
1 15 -250 -120 70 0 0 1 0 1 0 -1 0 0 3005.dat
1 15 290 -96 140 0 0 1 0 1 0 -1 0 0 3009.dat
1 15 290 -96 70 1 0 0 0 1 0 0 0 1 3040b.dat
1 7 -30.459 -80 188.241 1 0 0 0 1 0 0 0 1 3069b.dat
1 15 110 -144 60 0 0 -1 0 1 0 1 0 0 3004.dat
1 15 -70 -144 60 0 0 -1 0 1 0 1 0 0 3004.dat
1 15 -70 -120 180 0 0 -1 0 1 0 1 0 0 3004.dat
1 15 -70 -144 180 0 0 -1 0 1 0 1 0 0 3004.dat
1 15 290 -144 300 0 0 -1 0 1 0 1 0 0 3004.dat
1 15 290 -144 180 0 0 -1 0 1 0 1 0 0 3004.dat
1 15 110 -120 300 0 0 -1 0 1 0 1 0 0 3004.dat
1 15 290 -120 300 0 0 -1 0 1 0 1 0 0 3004.dat
1 15 290 -120 180 0 0 -1 0 1 0 1 0 0 3004.dat
1 15 110 -144 180 0 0 -1 0 1 0 1 0 0 3004.dat
1 15 -250 -128 -70 0 0 -1 0 1 0 1 0 0 3024.dat
1 15 -70 -128 -70 0 0 -1 0 1 0 1 0 0 3024.dat
1 15 -250 -136 -70 0 0 -1 0 1 0 1 0 0 3024.dat
1 15 -70 -136 -70 0 0 -1 0 1 0 1 0 0 3024.dat
1 15 -250 -120 50 0 0 -1 0 1 0 1 0 0 3665.dat
1 15 -70 -120 60 0 0 -1 0 1 0 1 0 0 3004.dat
1 15 110 -120 60 0 0 -1 0 1 0 1 0 0 3004.dat
1 15 110 -120 180 0 0 -1 0 1 0 1 0 0 3004.dat
1 15 110 -144 300 0 0 -1 0 1 0 1 0 0 3004.dat
1 15 -250 -120 -70 0 0 -1 0 1 0 1 0 0 3622.dat
1 15 -70 -120 -70 0 0 -1 0 1 0 1 0 0 3622.dat
0 STEP
1 15 -250 -144 -50 0 0 -1 0 1 0 1 0 0 3005.dat
1 15 -250 -144 -90 0 0 -1 0 1 0 1 0 0 3005.dat
1 15 -70 -144 -50 0 0 -1 0 1 0 1 0 0 3005.dat
1 15 -70 -144 -90 0 0 -1 0 1 0 1 0 0 3005.dat
1 15 -250 -144 60 0 0 -1 0 1 0 1 0 0 3004.dat
1 4 -200 -136 -70 1 0 0 0 1 0 0 0 1 2493b.dat
1 4 -120 -136 -70 1 0 0 0 1 0 0 0 1 2493b.dat
1 4 -20 -144 70 1 0 0 0 1 0 0 0 1 2493b.dat
1 4 60 -144 70 1 0 0 0 1 0 0 0 1 2493b.dat
1 4 -250 -144 0 0 0 1 0 1 0 -1 0 0 2493b.dat
1 4 -70 -144 0 0 0 -1 0 1 0 1 0 0 2493b.dat
1 4 110 -144 120 0 0 -1 0 1 0 1 0 0 2493b.dat
1 15 -160 -144 -70 1 0 0 0 1 0 0 0 1 4477.dat
1 15 20 -152 190 1 0 0 0 1 0 0 0 1 4477.dat
1 47 -200 -136 -70 1 0 0 0 1 0 0 0 1 2494d99.dat
1 47 -120 -136 -70 1 0 0 0 1 0 0 0 1 2494d99.dat
1 47 -20 -144 70 1 0 0 0 1 0 0 0 1 2494d99.dat
1 47 60 -144 70 1 0 0 0 1 0 0 0 1 2494d99.dat
1 47 114 -144 120 0 0 1 0 1 0 -1 0 0 2494d01.dat
1 47 -250 -144 0 0 0 1 0 1 0 -1 0 0 2494d01.dat
0 STEP
1 15 -230 -128 50 0 0 1 0 1 0 -1 0 0 3024.dat
1 15 -200 -144 60 -1 0 0 0 1 0 0 0 -1 4590.dat
1 15 -170 -120 50 -1 0 0 0 1 0 0 0 -1 745.dat
1 34 -170 -112 50 -1 0 0 0 1 0 0 0 -1 745.dat
1 15 -250 -152 70 -1 0 0 0 1 0 0 0 -1 3024.dat
1 15 -250 -152 -40 0 0 -1 0 1 0 1 0 0 3666.dat
1 15 -70 -152 -20 0 0 -1 0 1 0 1 0 0 3460.dat
1 15 110 -160 190 0 0 -1 0 1 0 1 0 0 3024.dat
1 15 110 -168 190 0 0 -1 0 1 0 1 0 0 3024.dat
1 15 290 -168 190 1 0 0 0 1 0 0 0 1 3040b.dat
1 15 290 -168 290 -1 0 0 0 1 0 0 0 -1 3040b.dat
1 15 110 -168 290 -1 0 0 0 1 0 0 0 -1 3040b.dat
0 STEP
1 15 -250 -152 50 0 0 1 0 1 0 -1 0 0 2420.dat
1 15 20 -152 120 -1 0 0 0 1 0 0 0 -1 3033.dat
1 15 200 -176 240 -1 0 0 0 1 0 0 0 -1 3033.dat
1 15 110 -152 50 0 0 -1 0 1 0 1 0 0 4081b.dat
1 46 130 -150 62 1 0 0 0 0 1 0 -1 0 6141.dat
1 46 130 -150 38 -1 0 0 0 0 1 0 1 0 6141.dat
1 15 -250 -176 40 0 0 -1 0 1 0 1 0 0 3010.dat
1 15 -250 -176 -30 0 0 -1 0 1 0 1 0 0 3622.dat
1 15 -70 -176 40 0 0 -1 0 1 0 1 0 0 3010.dat
1 15 -70 -176 -30 0 0 -1 0 1 0 1 0 0 3622.dat
1 15 -70 -176 180 0 0 -1 0 1 0 1 0 0 3004.dat
1 15 110 -176 60 0 0 -1 0 1 0 1 0 0 3004.dat
1 4 110 -176 120 0 0 -1 0 1 0 1 0 0 3010.dat
1 4 20 -176 70 1 0 0 0 1 0 0 0 1 3008.dat
1 15 -70 -176 -70 1 0 0 0 1 0 0 0 1 3040b.dat
1 15 -250 -176 -70 1 0 0 0 1 0 0 0 1 3040b.dat
1 15 110 -176 170 0 0 -1 0 1 0 1 0 0 3005.dat
0 STEP
1 15 -250 -200 -50 1 0 0 0 1 0 0 0 1 3040b.dat
1 15 -70 -200 -50 1 0 0 0 1 0 0 0 1 3040b.dat
1 0 80 -160 180 1 0 0 0 1 0 0 0 1 4032a.dat
1 14 80 -208 180 0 0 1 0 1 0 -1 0 0 4345b.dat
1 14 80 -208 180 0 0 1 0 1 0 -1 0 0 4346.dat
1 15 200 -184 240 0 0 1 0 1 0 -1 0 0 3068bp52.dat
1 15 -70 -200 20 0 0 1 0 1 0 -1 0 0 3009.dat
1 15 -250 -200 20 0 0 1 0 1 0 -1 0 0 3067.dat
1 15 -70 -200 180 0 0 1 0 1 0 -1 0 0 3004.dat
1 15 110 -200 180 0 0 1 0 1 0 -1 0 0 3004.dat
1 15 110 -200 60 0 0 1 0 1 0 -1 0 0 3004.dat
0 STEP
1 4 -200 -216 -10 1 0 0 0 1 0 0 0 1 4447.dat
1 4 -120 -216 -10 1 0 0 0 1 0 0 0 1 4447.dat
1 39 -200 -216 -10 1 0 0 0 1 0 0 0 1 4448d01.dat
1 39 -120 -216 -10 1 0 0 0 1 0 0 0 1 4448d01.dat
1 15 -70 -224 -30 1 0 0 0 1 0 0 0 1 3040b.dat
1 15 -250 -224 -30 1 0 0 0 1 0 0 0 1 3040b.dat
1 15 -250 -224 40 0 0 1 0 1 0 -1 0 0 3010.dat
1 15 -70 -224 40 0 0 1 0 1 0 -1 0 0 3010.dat
1 15 -70 -224 180 0 0 1 0 1 0 -1 0 0 3004.dat
1 15 110 -224 180 0 0 1 0 1 0 -1 0 0 3004.dat
1 47 70 -232 190 -1 0 0 0 1 0 0 0 -1 3899.dat
1 15 -70 -208 -10 1 0 0 0 1 0 0 0 1 3024.dat
1 15 -250 -208 -10 1 0 0 0 1 0 0 0 1 3024.dat
1 15 -250 -216 -10 1 0 0 0 1 0 0 0 1 3024.dat
1 15 -70 -216 -10 1 0 0 0 1 0 0 0 1 3024.dat
1 15 -160 -224 -10 1 0 0 0 1 0 0 0 1 4477.dat
1 15 110 -224 60 0 0 1 0 1 0 -1 0 0 3004.dat
0 STEP
1 15 -160 -232 20 -1 0 0 0 1 0 0 0 -1 3033.dat
1 15 -70 -240 60 0 0 -1 0 1 0 1 0 0 3023.dat
1 15 -70 -248 60 0 0 -1 0 1 0 1 0 0 3023.dat
1 15 -70 -272 60 0 0 -1 0 1 0 1 0 0 3004.dat
1 15 110 -248 60 0 0 -1 0 1 0 1 0 0 3004.dat
1 15 110 -248 180 0 0 -1 0 1 0 1 0 0 3004.dat
1 15 110 -272 60 0 0 -1 0 1 0 1 0 0 3004.dat
1 15 110 -272 180 0 0 -1 0 1 0 1 0 0 3004.dat
1 15 -70 -248 180 0 0 -1 0 1 0 1 0 0 3004.dat
1 15 -70 -272 180 0 0 -1 0 1 0 1 0 0 3004.dat
1 0 90 -24 -50 0 0 -1 0 1 0 1 0 0 3062a.dat
1 0 -70 -24 -210 0 0 -1 0 1 0 1 0 0 3062b.dat
1 0 210 -24 -270 0 0 -1 0 1 0 1 0 0 3005.dat
1 0 270 -24 -270 0 0 -1 0 1 0 1 0 0 3005.dat
1 0 210 -48 -270 0 0 -1 0 1 0 1 0 0 3005.dat
1 0 270 -48 -270 0 0 -1 0 1 0 1 0 0 3005.dat
0 STEP
1 4 -20 -296 70 1 0 0 0 1 0 0 0 1 2493b.dat
1 47 -20 -296 70 1 0 0 0 1 0 0 0 1 2494d01.dat
1 4 60 -296 70 1 0 0 0 1 0 0 0 1 2493b.dat
1 47 60 -296 70 1 0 0 0 1 0 0 0 1 2494d01.dat
1 4 110 -296 120 0 0 -1 0 1 0 1 0 0 2493b.dat
1 47 110 -296 120 0 0 -1 0 1 0 1 0 0 2494d01.dat
1 8 300 -48 230 0 0 -1 0 1 0 1 0 0 2439.dat
1 0 210 -72 -270 1 0 0 0 1 0 0 0 1 4070.dat
1 0 270 -72 -270 1 0 0 0 1 0 0 0 1 4070.dat
1 0 240 -62 -260 1 0 0 0 0 -1 0 1 0 3710.dat
1 46 -70 -40 -210 1 0 0 0 1 0 0 0 1 6141.dat
1 46 90 -40 -50 1 0 0 0 1 0 0 0 1 6141.dat
1 46 -70 -32 -210 1 0 0 0 1 0 0 0 1 6141.dat
1 46 90 -32 -50 1 0 0 0 1 0 0 0 1 6141.dat
1 0 -200 -240 -10 1 0 0 0 1 0 0 0 1 2412a.dat
1 0 -120 -240 -10 1 0 0 0 1 0 0 0 1 2412b.dat
1 15 -70 -296 70 1 0 0 0 1 0 0 0 1 3040b.dat
1 15 110 -296 70 1 0 0 0 1 0 0 0 1 3040b.dat
1 15 -70 -296 170 -1 0 0 0 1 0 0 0 -1 3040b.dat
1 15 110 -296 170 -1 0 0 0 1 0 0 0 -1 3040b.dat
1 15 20 -304 120 -1 0 0 0 1 0 0 0 -1 3033.dat
1 15 240 -52 -268 -1 0 0 0 0 1 0 1 0 3068bp52.dat
1 46 210 -62 -284 -1 0 0 0 0 1 0 1 0 6141.dat
1 46 270 -62 -284 -1 0 0 0 0 1 0 1 0 6141.dat
1 0 30 -312 130 -1 0 0 0 1 0 0 0 -1 3957a.dat
1 14 -140 -8 -220 1 0 0 0 1 0 0 0 1 4079.dat
1 14 -200 -8 -220 1 0 0 0 1 0 0 0 1 4079.dat
1 0 -10 -328 110 -1 0 0 0 0 -1 0 -1 0 3959.dat
1 8 -10 -328 99 -1 0 0 0 0 -1 0 -1 0 4740.dat
1 8 300 -56 230 1 0 0 0 1 0 0 0 1 4740.dat
1 47 -70 -144 0 0 0 -1 0 1 0 1 0 0 2494d01.dat
1 2 -280 -8 -280 1 0 0 0 1 0 0 0 1 2435.dat
1 2 10 -16 -90 1 0 0 0 1 0 0 0 1 3741.dat
1 14 -9.04 -40 -101 -0.5 0.435 -0.865 0 1 0.5 0.865 0.25 -0.5 3742.dat
1 14 31.0688 -43.8256 -102.482 -0.5 -0.435 0.865 0 1 0.5 -0.865 0.25 -0.5 3742.dat
1 14 10 -36 -70 1 0 0 0 1 0.5 0 -0.5 1 3742.dat
1 2 70 -16 -10 1 0 0 0 1 0 0 0 1 3741.dat
1 14 50.96 -40 -21 -0.5 0.435 -0.865 0 1 0.5 0.865 0.25 -0.5 3742.dat
1 14 91.0688 -43.8256 -22.4816 -0.5 -0.435 0.865 0 1 0.5 -0.865 0.25 -0.5 3742.dat
1 14 70 -36 10 1 0 0 0 1 0.5 0 -0.5 1 3742.dat
0 MLCAD BTG car
1 0 203.422 -23 60.5129 -0.994178 0 -0.113256 0 1 0 0.113256 0 -0.994178 4600.dat
0 MLCAD BTG car
1 0 187.566 -23 -78.6721 -0.994178 0 -0.113256 0 1 0 0.113256 0 -0.994178 4600.dat
0 MLCAD BTG car
1 0 194.361 -31 -19.0214 0.113256 0 -0.994178 0 1 0 0.994178 0 0.113256 3034.dat
0 MLCAD BTG car
1 0 206.819 -31 90.3382 0.113256 0 -0.994178 0 1 0 0.994178 0 0.113256 3021.dat
0 MLCAD BTG car
1 15 187.566 -47 -78.6721 0.994178 0 0.113256 0 1 0 -0.113256 0 0.994178 4211.dat
0 MLCAD BTG car
1 15 203.422 -47 60.5129 0.994178 0 0.113256 0 1 0 -0.113256 0 0.994178 3788.dat
0 MLCAD BTG car
1 15 186.433 -47 -88.6139 0.994178 0 0.113256 0 1 0 -0.113256 0 0.994178 3829c01.dat
0 MLCAD BTG car
1 15 200.024 -39 30.6875 0.994178 0 0.113256 0 1 0 -0.113256 0 0.994178 3710.dat
0 MLCAD BTG car
1 15 196.626 -39 0.862148 0.994178 0 0.113256 0 1 0 -0.113256 0 0.994178 3020.dat
0 MLCAD BTG car
1 15 207.952 -39 100.28 0.994178 0 0.113256 0 1 0 -0.113256 0 0.994178 3020.dat
0 MLCAD BTG car
1 4 194.11 -63 -109.63 0.994178 0 0.113256 0 1 0 -0.113256 0 0.994178 4070.dat
0 MLCAD BTG car
1 4 174.226 -63 -107.365 0.994178 0 0.113256 0 1 0 -0.113256 0 0.994178 4070.dat
0 MLCAD BTG car
1 15 178.127 -47 103.678 -0.113256 0 0.994178 0 1 0 -0.994178 0 -0.113256 3023.dat
0 MLCAD BTG car
1 15 237.777 -47 96.8823 -0.113256 0 0.994178 0 1 0 -0.994178 0 -0.113256 3023.dat
0 MLCAD BTG car
1 15 228.717 -47 17.3481 -0.113256 0 0.994178 0 1 0 -0.994178 0 -0.113256 3023.dat
0 MLCAD BTG car
1 15 169.066 -47 24.1434 -0.113256 0 0.994178 0 1 0 -0.994178 0 -0.113256 3023.dat
0 MLCAD BTG car
1 15 223.054 -47 -32.3609 -0.113256 0 0.994178 0 1 0 -0.994178 0 -0.113256 3623.dat
0 MLCAD BTG car
1 15 163.403 -47 -25.5655 -0.113256 0 0.994178 0 1 0 -0.994178 0 -0.113256 3623.dat
0 MLCAD BTG car
1 15 209.084 -47 110.222 -0.994178 0 -0.113256 0 1 0 0.113256 0 -0.994178 2436a.dat
0 MLCAD BTG car
1 4 154.343 -63 -105.1 0.994178 0 0.113256 0 1 0 -0.113256 0 0.994178 4070.dat
0 MLCAD BTG car
1 4 213.994 -63 -111.895 0.994178 0 0.113256 0 1 0 -0.113256 0 0.994178 4070.dat
0 MLCAD BTG car
1 46 212.408 -53 -125.814 0.994178 0.113256 0 0 0 -1 -0.113256 0.994178 0 3024.dat
0 MLCAD BTG car
1 46 152.757 -53 -119.018 0.994178 0.113256 0 0 0 -1 -0.113256 0.994178 0 3024.dat
0 MLCAD BTG car
1 36 181.751 -37 135.491 -0.994178 -0.113256 0 0 0 -1 0.113256 -0.994178 0 3070a.dat
0 MLCAD BTG car
1 36 241.402 -37 128.696 -0.994178 -0.113256 0 0 0 -1 0.113256 -0.994178 0 3070a.dat
0 MLCAD BTG car
1 15 211.576 -37 132.094 -0.994178 -0.113256 0 0 0 -1 0.113256 -0.994178 0 3069b.dat
0 MLCAD BTG car
1 0 182.583 -53 -122.416 0.994178 0.113256 0 0 0 -1 -0.113256 0.994178 0 2412b.dat
0 MLCAD BTG car
1 0 193.229 -71 -28.9632 0.994178 0 0.113256 0 1 0 -0.113256 0 0.994178 2432.dat
0 MLCAD BTG car
1 47 235.512 -119 76.9988 -0.113256 0 0.994178 0 1 0 -0.994178 0 -0.113256 4215ap01.dat
0 MLCAD BTG car
1 47 226.452 -119 -2.53552 -0.113256 0 0.994178 0 1 0 -0.994178 0 -0.113256 4215ap01.dat
0 MLCAD BTG car
1 47 175.862 -119 83.7941 0.113256 0 -0.994178 0 1 0 0.994178 0 0.113256 4215ap01.dat
0 MLCAD BTG car
1 47 166.801 -119 4.25981 0.113256 0 -0.994178 0 1 0 0.994178 0 0.113256 4215ap01.dat
0 MLCAD BTG car
1 4 184.168 -71 -108.498 0.994178 0 0.113256 0 1 0 -0.113256 0 0.994178 3710.dat
0 MLCAD BTG car
1 4 216.259 -71 -92.0116 0.804356 0 0.595171 0 1 0 -0.595171 0 0.804356 3822.dat
0 MLCAD BTG car
1 4 156.608 -71 -85.2163 0.994178 0 0.113256 0 1 0 -0.113256 0 0.994178 3821.dat
0 MLCAD BTG car
1 15 230.982 -127 37.2316 -0.113256 0 0.994178 0 1 0 -0.994178 0 -0.113256 3666.dat
0 MLCAD BTG car
1 15 171.331 -127 44.0269 -0.113256 0 0.994178 0 1 0 -0.994178 0 -0.113256 3666.dat
0 MLCAD BTG car
1 47 186.433 -119 -88.6139 0.994178 0 0.113256 0 1 0 -0.113256 0 0.994178 3823.dat
0 MLCAD BTG car
1 15 223.054 -127 -32.3609 0.994178 0 0.113256 0 1 0 -0.113256 0 0.994178 3070b.dat
0 MLCAD BTG car
1 15 163.403 -127 -25.5655 0.994178 0 0.113256 0 1 0 -0.113256 0 0.994178 3070b.dat
0 MLCAD BTG car
1 15 209.084 -127 110.222 -0.994178 0 -0.113256 0 1 0 0.113256 0 -0.994178 4315.dat
0 MLCAD BTG car
1 15 214.608 -112.921 158.708 -0.994178 -0.0433411 -0.104571 0 0.924442 -0.382683 0.113256 -0.380456 -0.917942 2349a.dat
0 MLCAD BTG car
1 33 216.259 -127 -92.0116 -0.994178 0 -0.113256 0 1 0 0.113256 0 -0.994178 3024.dat
0 MLCAD BTG car
1 33 155.041 -128 -88.0922 -0.994178 0 -0.113256 0 1 0 0.113256 0 -0.994178 3024.dat
0 MLCAD BTG car
1 15 188.264 -128 -88.0922 -0.994178 0 -0.113256 0 1 0 0.113256 0 -0.994178 3023.dat
0 MLCAD BTG car
1 15 199.338 -144 61.6645 0.994178 0 0.113256 0 1 0 -0.113256 0 0.994178 4592c01.dat
0 MLCAD BTG car
1 15 199.338 -136 -8.80922 0.994178 0 0.113256 0 1 0 -0.113256 0 0.994178 4315.dat
0 MLCAD BTG car
1 15 188.264 -136 -61.6645 0.994178 0 0.113256 0 1 0 -0.113256 0 0.994178 4213.dat
0 MLCAD BTG car
1 15 202.612 -136 55.3717 -0.113256 0 0.994178 0 1 0 -0.994178 0 -0.113256 3032.dat
0 MLCAD BTG car
1 41 212.815 -112.224 140.09 0.994178 -0.0433411 0.104571 0 0.924442 0.382683 -0.113256 -0.380456 0.917942 2348b.dat
0 MLCAD BTG car
1 15 199.338 -144 0 0.994178 0 0.113256 0 1 0 -0.113256 0 0.994178 3068bp52.dat
0 MLCAD BTG car
1 15 188.264 -144 -70.4738 0.994178 0 0.113256 0 1 0 -0.113256 0 0.994178 3023.dat
0 MLCAD BTG car
1 15 188.264 -152 -70.4738 0.994178 0 0.113256 0 1 0 -0.113256 0 0.994178 3069b.dat
0 MLCAD BTG car
1 33 155.041 -144 -61.6645 0.994178 0 0.113256 0 1 0 -0.113256 0 0.994178 3024.dat
0 MLCAD BTG car
1 33 221.487 -144 -70.4738 0.994178 0 0.113256 0 1 0 -0.113256 0 0.994178 3024.dat
0 MLCAD BTG car
1 33 155.041 -152 -61.6645 0.994178 0 0.113256 0 1 0 -0.113256 0 0.994178 3024.dat
0 MLCAD BTG car
1 33 221.487 -152 -70.4738 0.994178 0 0.113256 0 1 0 -0.113256 0 0.994178 3024.dat
0 MLCAD BTG car
1 15 158.566 -16 -77.5204 -0.113256 0 0.994178 0 1 0 -0.994178 0 -0.113256 4624.dat
0 MLCAD BTG car
1 15 176.184 -16 66.446 -0.113256 0 0.994178 0 1 0 -0.994178 0 -0.113256 4624.dat
0 MLCAD BTG car
1 15 229.04 -16 55.3717 0.113256 0 -0.994178 0 1 0 0.994178 0 0.113256 4624.dat
0 MLCAD BTG car
1 15 220.231 -16 -77.5204 0.113256 0 -0.994178 0 1 0 0.994178 0 0.113256 4624.dat
0 MLCAD BTG car
1 0 220.231 -16 -77.5204 0.113256 0 -0.994178 0 1 0 0.994178 0 0.113256 3641.dat
0 MLCAD BTG car
1 0 229.04 -16 55.3717 0.113256 0 -0.994178 0 1 0 0.994178 0 0.113256 3641.dat
0 MLCAD BTG car
1 0 176.184 -16 66.446 0.113256 0 -0.994178 0 1 0 0.994178 0 0.113256 3641.dat
0 MLCAD BTG car
1 0 158.566 -16 -77.5204 0.113256 0 -0.994178 0 1 0 0.994178 0 0.113256 3641.dat
0 GROUP 65 car
0 MLCAD BTG stretcher
1 15 87 -34 -187 1 0 0 0 1 0 0 0 1 4714.dat
0 MLCAD BTG stretcher
1 15 127 -21 -187 0 0 -1 0 1 0 1 0 0 4715.dat
0 MLCAD BTG stretcher
1 15 47 -21 -187 0 0 -1 0 1 0 1 0 0 4715.dat
0 GROUP 3 stretcher
0 MLCAD BTG mf1
1 15 112 -40 -112 1 0 0 0 1 0 0 0 1 3815.dat
0 MLCAD BTG mf1
1 15 96.3996 -63.0359 -112 0.984375 -0.123806 -0.121717 0.17358 0.702106 0.69026 0 -0.700603 0.71325 3818.dat
0 MLCAD BTG mf1
1 15 127.6 -63.0359 -112 0.984375 0.157317 0.0733903 -0.17358 0.892146 0.416196 0 -0.422433 0.906306 3819.dat
0 MLCAD BTG mf1
1 14 90.3428 -57.4672 -132.302 0.984375 -0.173585 0.00147688 0.17358 0.984403 -0.0083752 0 0.00894198 0.999594 3820.dat
0 MLCAD BTG mf1
1 14 134.769 -51.1624 -128.956 0.984375 0.16311 -0.059336 -0.17358 0.924998 -0.336496 0 0.342099 0.939419 3820.dat
0 MLCAD BTG mf1
1 15 112 -28 -112 1 0 0 0 1 0 0 0 1 3816.dat
0 MLCAD BTG mf1
1 15 112 -28 -112 1 0 0 0 1 0 0 0 1 3817.dat
0 MLCAD BTG mf1
1 14 112 -96 -112 0.986889 0 -0.165132 0 1 0 0.165132 0 0.986889 3626ap01.dat
0 MLCAD BTG mf1
1 0 112 -96 -112 0.986889 0 -0.165132 0 1 0 0.165132 0 0.986889 3901.dat
0 MLCAD BTG mf1
1 15 112 -72 -112 1 0 0 0 1 0 0 0 1 973p24.dat
0 GROUP 10 mf1
0 MLCAD BTG minifig2
1 7 -30 -192 160 0 0 -1 0 1 0 1 0 0 3815.dat
0 MLCAD BTG minifig2
1 15 -30 -215.036 144.4 0 0.700603 -0.71325 0.17358 0.702106 0.69026 0.984375 -0.123806 -0.121717 3818.dat
0 MLCAD BTG minifig2
1 15 -30 -215.036 175.6 0 0.422433 -0.906306 -0.17358 0.892146 0.416196 0.984375 0.157317 0.0733903 3819.dat
0 MLCAD BTG minifig2
1 14 -9.69782 -209.467 138.343 0 -0.00894198 -0.999594 0.17358 0.984403 -0.0083752 0.984375 -0.173585 0.00147688 3820.dat
0 MLCAD BTG minifig2
1 14 -13.044 -203.162 182.769 0 -0.342099 -0.939419 -0.17358 0.924998 -0.336496 0.984375 0.16311 -0.059336 3820.dat
0 MLCAD BTG minifig2
1 7 -30 -180 160 0 0 -1 0 1 0 1 0 0 3816.dat
0 MLCAD BTG minifig2
1 7 -30 -180 160 0 0 -1 0 1 0 1 0 0 3817.dat
0 MLCAD BTG minifig2
1 14 -30 -248 160 0 0 -1 0 1 0 1 0 0 3626ap01.dat
0 MLCAD BTG minifig2
1 15 -30 -224 160 0 0 -1 0 1 0 1 0 0 973p24.dat
0 MLCAD BTG minifig2
1 15 -30 -248 160 0 0 -1 0 1 0 1 0 0 3624.dat
0 GROUP 10 minifig2
0 MLCAD BTG minifig3
1 1 76.4127 -46.7082 -187 0 -0.951057 0.309017 0 0.309017 0.951057 -1 0 0 3815.dat
0 MLCAD BTG minifig3
1 4 98.3211 -53.8267 -171.4 -0.165084 -0.884241 -0.43607 0.0536391 -0.44935 0.891643 -0.984375 0.123806 0.121717 3818.dat
0 MLCAD BTG minifig3
1 4 98.3212 -53.8267 -202.601 0.16508 -0.58972 0.790346 -0.0536377 0.79444 0.604507 -0.984375 -0.142184 0.0996018 3819.dat
0 MLCAD BTG minifig3
1 14 86.7513 -71.4144 -165.343 -0.165084 -0.93346 0.316857 0.0536391 0.312702 0.948082 -0.984375 0.173585 -0.00147688 3820.dat
0 MLCAD BTG minifig3
1 14 80.1768 -45.0643 -211.196 0.16508 0.141843 0.975707 -0.0536377 0.989056 -0.134283 -0.984375 -0.0301058 0.170943 3820.dat
0 MLCAD BTG minifig3
1 1 65 -43 -187 0 -1 0 0 0 1 -1 0 0 3816.dat
0 MLCAD BTG minifig3
1 1 65 -43 -187 0 -1 0 0 0 1 -1 0 0 3817.dat
0 MLCAD BTG minifig3
1 14 129.672 -64.0131 -187 0 -0.951057 0.309017 0 0.309017 0.951057 -1 0 0 3626ap01.dat
0 MLCAD BTG minifig3
1 4 106.847 -56.5968 -187 0 -0.951057 0.309017 0 0.309017 0.951057 -1 0 0 973p13.dat
0 MLCAD BTG minifig3
1 0 129.672 -64.0131 -187 0 -0.951057 0.309017 0 0.309017 0.951057 -1 0 0 3901.dat
0 GROUP 10 minifig3
0 MLCAD BTG minifig4
1 4 -140 -29 -212 1 0 0 0 1 0 0 0 1 3815.dat
0 MLCAD BTG minifig4
1 15 -155.601 -52.0359 -212 0.984375 -0.123806 -0.121717 0.17358 0.702106 0.69026 0 -0.700603 0.71325 3818.dat
0 MLCAD BTG minifig4
1 15 -124.4 -52.0359 -212 0.984375 0.163107 -0.0593917 -0.173575 0.92501 -0.336823 0 0.341869 0.939691 3819.dat
0 MLCAD BTG minifig4
1 14 -161.657 -46.4672 -232.302 0.984375 -0.173585 0.00147688 0.17358 0.984403 -0.0083752 0 0.00894198 0.999594 3820.dat
0 MLCAD BTG minifig4
1 14 -115.807 -32.0867 -214.841 0.984375 0.0733267 -0.157307 -0.173575 0.415848 -0.892116 0 0.906063 0.42266 3820.dat
0 MLCAD BTG minifig4
1 4 -140 -17 -212 1 0 0 0 0 1 0 -1 0 3816.dat
0 MLCAD BTG minifig4
1 4 -140 -17 -212 1 0 0 0 0 1 0 -1 0 3817.dat
0 MLCAD BTG minifig4
1 14 -140 -85 -212 0.5 0 -0.866025 0 1 0 0.866025 0 0.5 3626ap01.dat
0 MLCAD BTG minifig4
1 15 -140 -61 -212 1 0 0 0 1 0 0 0 1 973p1c.dat
0 MLCAD BTG minifig4
1 0 -140 -85 -212 0.5 0 -0.866025 0 1 0 0.866025 0 0.5 3625.dat
0 GROUP 10 minifig4
0 GROUP 10 minifig5
0 MLCAD BTG minifig5
1 15 -180 -40 50 1 0 0 0 1 0 0 0 1 3815.dat
0 MLCAD BTG minifig5
1 15 -195.6 -63.036 50 0.984375 -0.123806 -0.121717 0.17358 0.702106 0.69026 0 -0.700603 0.71325 3818.dat
0 MLCAD BTG minifig5
1 15 -164.4 -63.036 50 0.984375 0.157317 0.0733903 -0.17358 0.892146 0.416196 0 -0.422433 0.906306 3819.dat
0 MLCAD BTG minifig5
1 14 -201.744 -56.976 30.063 0.984375 -0.173585 0.00147688 0.17358 0.984403 -0.0083752 0 0.00894198 0.999594 3820.dat
0 MLCAD BTG minifig5
1 14 -157.17 -50.819 33.555 0.984375 0.16311 -0.059336 -0.17358 0.924998 -0.336496 0 0.342099 0.939419 3820.dat
0 MLCAD BTG minifig5
1 15 -180 -28 50 1 0 0 0 1 0 0 0 1 3816.dat
0 MLCAD BTG minifig5
1 15 -180 -28 50 1 0 0 0 1 0 0 0 1 3817.dat
0 MLCAD BTG minifig5
1 14 -180 -96 50 1 0 0 0 1 0 0 0 1 3626ap01.dat
0 MLCAD BTG minifig5
1 15 -180 -72 50 1 0 0 0 1 0 0 0 1 973p24.dat
0 MLCAD BTG minifig5
1 6 -180 -96 50 1 0 0 0 1 0 0 0 1 4530.dat
0 
0
