0 6396 International Jetport
0 Author: marco
0 ROTATION CENTER 0 0 0 1 "Custom" 
0 ROTATION CONFIG 0 0
1 15 615.703 31.047 -76.082 -1 0 0 0 1 0 0 0 -1 4073.dat
1 47 615.703 23.047 -76.082 -1 0 0 0 1 0 0 0 -1 4073.dat
1 15 615.703 31.047 -396.082 -1 0 0 0 1 0 0 0 -1 4073.dat
1 47 615.703 23.047 -396.082 -1 0 0 0 1 0 0 0 -1 4073.dat
1 15 235.703 31.047 243.918 -1 0 0 0 1 0 0 0 -1 4073.dat
1 47 235.703 23.047 243.918 -1 0 0 0 1 0 0 0 -1 4073.dat
1 15 -404.297 31.047 -656.082 -1 0 0 0 1 0 0 0 -1 4073.dat
1 33 -404.297 23.047 -656.082 -1 0 0 0 1 0 0 0 -1 4073.dat
1 2 425.703 23.047 -1206.08 -1 0 0 0 1 0 0 0 -1 3022.dat
1 2 325.704 31.047 -1206.08 -1 0 0 0 1 0 0 0 -1 3832.dat
1 15 335.704 23.047 -1216.08 -1 0 0 0 1 0 0 0 -1 4073.dat
1 36 335.704 15.047 -1216.08 -1 0 0 0 1 0 0 0 -1 4073.dat
1 15 275.704 23.047 -1216.08 -1 0 0 0 1 0 0 0 -1 4073.dat
1 36 275.704 15.047 -1216.08 -1 0 0 0 1 0 0 0 -1 4073.dat
1 2 525.703 31.047 -1206.08 -1 0 0 0 1 0 0 0 -1 3832.dat
1 15 575.703 23.047 -1216.08 -1 0 0 0 1 0 0 0 -1 4073.dat
1 36 575.703 15.047 -1216.08 -1 0 0 0 1 0 0 0 -1 4073.dat
1 15 515.703 23.047 -1216.08 -1 0 0 0 1 0 0 0 -1 4073.dat
1 36 515.703 15.047 -1216.08 -1 0 0 0 1 0 0 0 -1 4073.dat
1 15 435.703 15.047 -1216.08 -1 0 0 0 1 0 0 0 -1 4073.dat
1 46 435.703 7.047 -1216.08 -1 0 0 0 1 0 0 0 -1 4073.dat
1 15 415.703 15.047 -1216.08 -1 0 0 0 1 0 0 0 -1 4073.dat
1 46 415.703 7.047 -1216.08 -1 0 0 0 1 0 0 0 -1 4073.dat
1 47 615.703 23.047 563.918 -1 0 0 0 1 0 0 0 -1 4073.dat
1 15 615.703 31.047 563.918 -1 0 0 0 1 0 0 0 -1 4073.dat
1 15 -24.297 31.047 -1156.08 -1 0 0 0 1 0 0 0 -1 4073.dat
1 33 -24.297 23.047 -1156.08 -1 0 0 0 1 0 0 0 -1 4073.dat
1 15 235.703 31.047 563.918 -1 0 0 0 1 0 0 0 -1 4073.dat
1 47 235.703 23.047 563.918 -1 0 0 0 1 0 0 0 -1 4073.dat
1 15 235.703 31.047 -396.082 -1 0 0 0 1 0 0 0 -1 4073.dat
1 47 235.703 23.047 -396.082 -1 0 0 0 1 0 0 0 -1 4073.dat
1 2 -214.297 39.047 -426.082 -1 0 0 0 1 0 0 0 -1 3857.dat
1 0 -34.291 31.047 -336.082 -1 0 0 0 1 0 0 0 -1 3069b.dat
1 6 -474.296 31.047 -526.082 -1 0 0 0 1 0 0 0 -1 2563.dat
1 2 -304.297 23.047 -476.082 -0.866025 0 0.5 0 1 0 -0.5 0 -0.866025 3741.dat
1 2 -384.297 23.047 -476.082 -0.866025 0 0.5 0 1 0 -0.5 0 -0.866025 3741.dat
1 7 -454.297 15.047 -416.082 -1 0 0 0 1 0 0 0 -1 3010.dat
1 43 -434.297 -200.953 -326.082 1 0 0 0 1 0 0 0 1 2572.dat
1 7 -334.297 15.047 -416.082 -1 0 0 0 1 0 0 0 -1 3008.dat
1 43 -314.297 -200.953 -326.082 1 0 0 0 1 0 0 0 1 2572.dat
1 7 -274.297 -208.953 -306.082 -1 0 0 0 1 0 0 0 -1 3031.dat
1 15 -244.297 -200.953 -286.082 0 0 1 0 1 0 -1 0 0 3004.dat
1 15 -244.297 -176.953 -286.082 0 0 1 0 1 0 -1 0 0 3004.dat
1 15 -244.297 -152.953 -346.082 0 0 1 0 1 0 -1 0 0 3008.dat
1 15 -244.297 -176.953 -346.082 0 0 1 0 1 0 -1 0 0 3004.dat
1 15 -244.297 -200.953 -356.082 0 0 1 0 1 0 -1 0 0 3622.dat
1 7 -244.296 -208.953 -386.082 0 0 1 0 1 0 -1 0 0 3710.dat
1 15 -244.297 -200.953 -406.082 0 0 1 0 1 0 -1 0 0 3004.dat
1 15 -244.297 -176.953 -396.082 0 0 1 0 1 0 -1 0 0 3622.dat
1 15 -244.297 -128.953 -346.082 0 0 1 0 1 0 -1 0 0 3008.dat
1 4 -214.296 -104.953 -286.082 -1 0 0 0 1 0 0 0 -1 3020.dat
1 7 -224.296 -112.953 -346.082 0 0 1 0 1 0 -1 0 0 3460.dat
1 15 -244.296 -104.953 -386.082 0 0 -1 0 1 0 1 0 0 3747a.dat
1 15 -244.297 -80.953 -396.082 0 0 1 0 1 0 -1 0 0 3755.dat
1 7 -54.297 -112.953 -326.082 -1 0 0 0 1 0 0 0 -1 3027.dat
1 7 45.703 -136.953 -296.082 -1 0 0 0 1 0 0 0 -1 3010.dat
1 7 45.703 -160.953 -296.082 -1 0 0 0 1 0 0 0 -1 3010.dat
1 7 45.703 -184.953 -296.082 -1 0 0 0 1 0 0 0 -1 3010.dat
1 7 75.704 -208.953 -296.082 -1 0 0 0 1 0 0 0 -1 3005.dat
1 7 45.704 -232.953 -296.082 -1 0 0 0 1 0 0 0 -1 3010.dat
1 7 15.703 -208.953 -296.082 -1 0 0 0 1 0 0 0 -1 3005.dat
1 7 45.704 -256.953 -296.082 -1 0 0 0 1 0 0 0 -1 3010.dat
1 7 45.704 -280.953 -296.082 -1 0 0 0 1 0 0 0 -1 3010.dat
1 7 45.703 -288.953 -326.082 -1 0 0 0 1 0 0 0 -1 3031.dat
1 7 45.703 -280.953 -356.082 -1 0 0 0 1 0 0 0 -1 3010.dat
1 7 45.703 -256.953 -356.082 -1 0 0 0 1 0 0 0 -1 3010.dat
1 7 45.703 -232.953 -356.082 -1 0 0 0 1 0 0 0 -1 3010.dat
1 7 75.703 -208.953 -356.082 -1 0 0 0 1 0 0 0 -1 3005.dat
1 7 45.703 -184.953 -356.082 -1 0 0 0 1 0 0 0 -1 3010.dat
1 7 15.703 -208.953 -356.082 -1 0 0 0 1 0 0 0 -1 3005.dat
1 7 45.703 -160.953 -356.082 -1 0 0 0 1 0 0 0 -1 3010.dat
1 7 45.703 -136.953 -356.082 -1 0 0 0 1 0 0 0 -1 3010.dat
1 7 45.704 -208.953 -326.082 0 0 1 0 1 0 -1 0 0 3001.dat
1 7 15.703 -312.953 -326.082 0 0 1 0 1 0 -1 0 0 3660.dat
1 7 75.703 -312.953 -326.082 0 0 -1 0 1 0 1 0 0 3660.dat
1 34 75.703 -320.953 -336.082 -1 0 0 0 1 0 0 0 -1 4073.dat
1 7 45.704 -312.953 -356.082 1 0 0 0 1 0 0 0 1 3660.dat
1 36 35.703 -320.953 -356.082 -1 0 0 0 1 0 0 0 -1 4073.dat
1 14 45.703 -296.953 -326.082 1 0 0 0 1 0 0 0 1 4079.dat
1 15 45.703 -104.953 -276.082 -1 0 0 0 1 0 0 0 -1 3009.dat
1 15 -4.297 -80.953 -276.082 -1 0 0 0 1 0 0 0 -1 2453.dat
1 15 95.703 -104.953 -346.082 0 0 1 0 1 0 -1 0 0 3009.dat
1 15 -74.297 -104.953 -416.082 -1 0 0 0 1 0 0 0 -1 3747a.dat
1 7 -74.296 -112.953 -406.082 -1 0 0 0 1 0 0 0 -1 3832.dat
1 15 25.703 -104.953 -416.082 -1 0 0 0 1 0 0 0 -1 3008.dat
1 7 85.703 -112.953 -406.082 -1 0 0 0 1 0 0 0 -1 3022.dat
1 7 45.704 -112.953 -416.082 0 0 1 0 1 0 -1 0 0 3021.dat
1 15 -74.297 -80.953 -416.082 -1 0 0 0 1 0 0 0 -1 3008.dat
1 15 -14.297 -56.953 -416.082 -1 0 0 0 1 0 0 0 -1 3004.dat
1 15 -14.297 -32.953 -416.082 -1 0 0 0 1 0 0 0 -1 3004.dat
1 15 -24.297 -8.953 -416.082 -1 0 0 0 1 0 0 0 -1 3622.dat
1 15 -24.297 15.047 -416.082 -1 0 0 0 1 0 0 0 -1 3622.dat
1 15 -134.297 -56.953 -416.082 -1 0 0 0 1 0 0 0 -1 3004.dat
1 15 -134.297 -32.953 -416.082 -1 0 0 0 1 0 0 0 -1 3004.dat
1 15 -124.297 -8.953 -416.082 -1 0 0 0 1 0 0 0 -1 3622.dat
1 15 -124.297 15.047 -416.082 -1 0 0 0 1 0 0 0 -1 3622.dat
1 15 -174.297 -104.953 -416.082 -1 0 0 0 1 0 0 0 -1 3008.dat
1 7 -194.297 -112.953 -416.082 0 0 1 0 1 0 -1 0 0 3021.dat
1 14 -174.296 -120.953 -306.082 1 0 0 0 1 0 0 0 1 4079.dat
1 14 -114.296 -120.953 -306.082 1 0 0 0 1 0 0 0 1 4079.dat
1 4 -214.296 -96.953 -276.082 -1 0 0 0 1 0 0 0 -1 2436a.dat
1 4 -214.296 -88.953 -286.082 -1 0 0 0 1 0 0 0 -1 3020.dat
1 4 -184.297 -80.953 -286.082 0 0 1 0 1 0 -1 0 0 3004.dat
1 4 -184.297 -56.953 -286.082 0 0 1 0 1 0 -1 0 0 2362b.dat
1 4 -184.297 15.047 -286.082 0 0 1 0 1 0 -1 0 0 3004.dat
1 4 -244.297 -80.953 -286.082 0 0 1 0 1 0 -1 0 0 3004.dat
1 4 -244.297 -56.953 -286.082 0 0 -1 0 1 0 1 0 0 2362b.dat
1 4 -244.297 15.047 -286.082 0 0 1 0 1 0 -1 0 0 3004.dat
1 4 -214.296 -96.953 -296.082 -1 0 0 0 1 0 0 0 -1 3710.dat
1 34 -224.296 -86.953 -254.082 0 0 -1 1 0 0 0 -1 0 4073.dat
1 36 -204.296 -86.953 -254.082 -1 0 0 0 0 -1 0 -1 0 4073.dat
1 14 -244.297 -160.953 -316.082 -1 0 0 0 1 0 0 0 -1 3024.dat
1 14 -244.296 -168.953 -316.082 0 0 -1 0 1 0 1 0 0 4081b.dat
1 46 -224.296 -167.044 -328.082 -1 0 0 0 0 1 0 1 0 4073.dat
1 15 -374.297 -192.953 -316.082 1 0 0 0 1 0 0 0 1 4217.dat
1 15 -504.297 -200.953 -316.082 -1 0 0 0 1 0 0 0 -1 3024.dat
1 7 -474.296 -208.953 -306.082 -1 0 0 0 1 0 0 0 -1 3031.dat
1 15 -504.297 -200.953 -286.082 0 0 1 0 1 0 -1 0 0 3004.dat
1 15 -504.297 -176.953 -286.082 0 0 1 0 1 0 -1 0 0 3004.dat
1 15 -504.297 -152.953 -346.082 0 0 1 0 1 0 -1 0 0 3008.dat
1 15 -504.297 -176.953 -346.082 0 0 1 0 1 0 -1 0 0 3004.dat
1 15 -504.297 -200.953 -356.082 0 0 1 0 1 0 -1 0 0 3622.dat
1 7 -504.297 -208.953 -386.082 0 0 1 0 1 0 -1 0 0 3710.dat
1 15 -504.297 -200.953 -406.082 0 0 1 0 1 0 -1 0 0 3004.dat
1 15 -504.297 -176.953 -396.082 0 0 1 0 1 0 -1 0 0 3622.dat
1 15 -504.297 -128.953 -346.082 0 0 1 0 1 0 -1 0 0 3008.dat
1 15 -504.297 -104.953 -346.082 0 0 1 0 1 0 -1 0 0 3008.dat
1 15 -504.297 -80.953 -406.082 0 0 1 0 1 0 -1 0 0 2454.dat
1 15 -504.297 -80.953 -286.082 0 0 1 0 1 0 -1 0 0 2454.dat
1 14 -504.297 -160.953 -316.082 -1 0 0 0 1 0 0 0 -1 3024.dat
1 14 -504.297 -168.953 -316.082 0 0 1 0 1 0 -1 0 0 4081b.dat
1 46 -524.296 -167.044 -328.082 -1 0 0 0 0 1 0 1 0 4073.dat
1 15 -244.297 -200.953 -316.082 -1 0 0 0 1 0 0 0 -1 3024.dat
1 7 -374.297 -208.953 -306.082 -1 0 0 0 1 0 0 0 -1 3032.dat
1 15 -424.297 -232.953 -296.082 0.00349065 0 0.999994 0 1 0 -0.999994 0 0.00349065 3596.dat
1 15 -324.297 -232.953 -296.082 0.00349065 0 0.999994 0 1 0 -0.999994 0 0.00349065 3596.dat
1 15 95.703 -80.953 -286.082 0 0 1 0 1 0 -1 0 0 2454.dat
1 15 95.703 -80.953 -406.082 0 0 1 0 1 0 -1 0 0 2454.dat
1 15 -74.297 15.047 -376.082 0 0 1 0 1 0 -1 0 0 3002.dat
1 14 -64.297 -8.953 -366.082 0 0 1 0 1 0 -1 0 0 4865a.dat
1 14 -84.297 -8.953 -366.082 0 0 -1 0 1 0 1 0 0 4865a.dat
1 15 55.703 -104.953 -466.082 0 0 -1 0 1 0 1 0 0 2571.dat
1 7 45.703 -112.953 -466.082 -1 0 0 0 1 0 0 0 -1 3022.dat
1 15 35.703 -104.953 -466.082 0 0 1 0 1 0 -1 0 0 2571.dat
1 15 -184.297 -104.953 -466.082 0 0 -1 0 1 0 1 0 0 2571.dat
1 7 -194.297 -112.953 -466.082 -1 0 0 0 1 0 0 0 -1 3022.dat
1 15 -204.297 -104.953 -466.082 0 0 1 0 1 0 -1 0 0 2571.dat
1 15 -74.297 15.047 -416.082 1 0 0 0 1 0 0 0 1 3747a.dat
1 14 -64.297 -8.953 -446.082 0 0 1 0 1 0 -1 0 0 4865a.dat
1 14 -84.297 -8.953 -446.082 0 0 -1 0 1 0 1 0 0 4865a.dat
1 14 -414.297 15.047 -346.082 -1 0 0 0 1 0 0 0 -1 3001.dat
1 14 -394.297 -32.953 -346.082 -1 0 0 0 1 0 0 0 -1 4345b.dat
1 4 -414.297 -104.953 -356.082 -1 0 0 0 1 0 0 0 -1 4215b.dat
1 14 -434.297 -32.953 -346.082 -1 0 0 0 1 0 0 0 -1 4345b.dat
1 14 -294.296 31.047 -306.082 0 0 1 0 1 0 -1 0 0 4079.dat
1 0 -34.297 15.047 -356.082 -1 0 0 0 1 0 0 0 -1 3004.dat
1 0 -24.296 -8.953 -356.082 -1 0 0 0 1 0 0 0 -1 4070.dat
1 15 -34.291 1.047 -342.082 -1 0 0 0 0 -1 0 -1 0 3069bp08.dat
1 0 -44.296 -8.953 -356.082 -1 0 0 0 1 0 0 0 -1 4070.dat
1 2 -514.297 31.047 -586.082 -1 0 0 0 1 0 0 0 -1 3022.dat
1 2 725.703 31.047 -586.082 -1 0 0 0 1 0 0 0 -1 3022.dat
1 2 425.703 39.047 -906.082 -1 0 0 0 1 0 0 0 -1 2360p02.dat
1 2 725.703 31.047 53.918 -1 0 0 0 1 0 0 0 -1 3022.dat
1 2 425.703 39.047 373.918 1 0 0 0 1 0 0 0 1 2358p04.dat
1 2 425.703 39.047 -266.082 1 0 0 0 1 0 0 0 1 2358p04.dat
1 2 125.703 31.047 53.918 -1 0 0 0 1 0 0 0 -1 3022.dat
1 4 685.703 15.047 623.918 1 0 0 0 1 0 0 0 1 3039.dat
1 4 685.703 7.047 633.918 0 0 1 0 1 0 -1 0 0 3680.dat
1 7 685.703 7.047 633.918 0.990218 0 0.139532 0 1 0 -0.139532 0 0.990218 3679.dat
1 4 685.703 15.047 643.918 -1 0 0 0 1 0 0 0 -1 3039.dat
1 15 185.703 -8.953 613.918 0 0 -1 0 1 0 1 0 0 3942b.dat
1 4 185.703 -32.953 613.918 0 0 -1 0 1 0 1 0 0 4589.dat
1 2 105.703 31.047 -1206.08 -1 0 0 0 1 0 0 0 -1 3022.dat
1 7 45.704 -112.953 -496.082 1 0 0 0 1 0 0 0 1 2436a.dat
1 14 25.709 -102.953 -518.082 -1 0 0 0 0 1 0 1 0 3069b.dat
1 14 75.703 -102.953 -518.082 -1 0 0 0 0 1 0 1 0 30039.dat
1 14 55.703 -102.953 -518.082 1 0 0 0 0 -1 0 1 0 3070bp02.dat
1 7 -194.296 -112.953 -496.082 1 0 0 0 1 0 0 0 1 2436a.dat
1 14 -214.291 -102.953 -518.082 -1 0 0 0 0 1 0 1 0 3069b.dat
1 14 -164.296 -102.953 -518.082 -1 0 0 0 0 1 0 1 0 30039.dat
1 14 -184.297 -102.953 -518.082 1 0 0 0 0 -1 0 1 0 3070bp01.dat
1 43 65.703 -448.953 -376.082 1 0 0 0 1 0 0 0 1 2466.dat
1 7 45.703 -456.953 -346.082 -1 0 0 0 1 0 0 0 -1 3032.dat
1 43 25.704 -448.953 -376.082 1 0 0 0 1 0 0 0 1 2466.dat
1 43 95.703 -448.953 -346.082 0 0 -1 0 1 0 1 0 0 2466.dat
1 43 -4.297 -448.953 -346.082 0 0 1 0 1 0 -1 0 0 2466.dat
1 4 25.703 -464.953 -346.082 -1 0 0 0 1 0 0 0 -1 3680.dat
1 7 25.703 -464.953 -346.082 -0.217018 0 -0.976168 0 1 0 0.976168 0 -0.217018 3679.dat
1 0 75.453 -464.953 -316.332 -1 0 0 0 1 0 0 0 -1 3957a.dat
1 7 15.703 -312.953 -356.082 0 0 1 0 1 0 -1 0 0 3676.dat
1 7 75.703 -312.953 -356.082 1 0 0 0 1 0 0 0 1 3676.dat
1 14 -84.297 -8.953 -406.082 0 0 -1 0 1 0 1 0 0 4865a.dat
1 14 -64.297 -8.953 -406.082 0 0 1 0 1 0 -1 0 0 4865a.dat
1 14 -154.296 -184.953 -416.082 1 0 0 0 1 0 0 0 1 2583.dat
1 14 25.704 -184.953 -416.082 1 0 0 0 1 0 0 0 1 2583.dat
1 0 15.703 -336.953 -356.082 -1 0 0 0 1 0 0 0 -1 3040p02.dat
1 34 15.704 -344.953 -356.082 -1 0 0 0 1 0 0 0 -1 4073.dat
1 15 65.709 -320.953 -356.082 -1 0 0 0 1 0 0 0 -1 3069bp25.dat
1 43 -4.297 -448.953 -306.082 0 0 1 0 1 0 -1 0 0 2466.dat
1 7 75.703 -312.953 -296.082 0 0 -1 0 1 0 1 0 0 3665.dat
1 7 15.703 -312.953 -296.082 0 0 1 0 1 0 -1 0 0 3665.dat
1 43 95.703 -448.953 -306.082 0 0 -1 0 1 0 1 0 0 2466.dat
1 7 45.703 -456.953 -296.082 -1 0 0 0 1 0 0 0 -1 3666.dat
1 2 105.703 31.047 -586.082 -1 0 0 0 1 0 0 0 -1 3022.dat
1 4 -325.004 -2.081 -476.082 -0.938288 0.34202 -0.0513501 0.341509 0.939692 0.0186902 0.0546457 0 -0.998506 3742.dat
1 1 45.703 -305.703 -318.082 1 0 0 0 0 1 0 -1 0 3817.dat
1 1 45.703 -317.578 -317.957 1 0 0 0 1 0 0 0 1 3815.dat
1 1 45.704 -305.703 -318.082 1 0 0 0 0 1 0 -1 0 3816.dat
1 15 45.703 -349.578 -317.957 1 0 0 0 1 0 0 0 1 973p16.dat
1 15 30.203 -340.328 -317.957 0.983255 -0.0123481 -0.181816 0.182234 0.0666299 0.980995 0 -0.997702 0.0677641 3818.dat
1 14 26.332 -348.249 -335.023 0.984342 -0.120198 -0.128935 0.176164 0.696425 0.695671 0.00617562 -0.707492 0.706695 3820.dat
1 15 61.203 -340.328 -317.957 0.983255 0.0994975 0.152675 -0.182234 0.536849 0.823762 0 -0.837791 0.545991 3819.dat
1 14 66.756 -339.179 -336.308 0.984748 0.166736 0.0496982 -0.173969 0.947537 0.268156 -0.00237968 -0.272712 0.962093 3820.dat
1 14 45.703 -373.578 -317.957 1 0 0 0 1 0 0 0 1 3626bp01.dat
1 0 45.703 -373.578 -317.957 1 0 0 0 1 0 0 0 1 3901.dat
1 4 -374.169 -0.839 -458.54 -0.981693 -0.172264 -0.081264 -0.139027 0.939693 -0.312489 0.130194 -0.29547 -0.946439 3742.dat
1 4 -294.169 -0.839 -458.54 -0.984701 -0.172264 0.0262407 -0.172264 0.939693 -0.29547 0.0262408 -0.29547 -0.954992 3742.dat
1 4 -375.421 6.04 -491.456 -0.984896 -0.171163 -0.0261296 -0.171163 0.939692 0.296111 -0.0261296 0.296111 -0.954796 3742.dat
1 6 -474.296 -0.453 -526.082 -1 0 0 0 1 0 0 0 -1 6135.dat
1 6 -474.602 -34.932 -526.082 -0.99074 0.135776 0 0.135776 0.99074 0 0 0 -1 6135.dat
1 6 -479.545 -69.061 -526.082 -0.968044 0.250779 0 0.250779 0.968044 0 0 0 -1 6135.dat
1 6 -488.719 -102.251 -526.082 -0.87585 0.482583 0 0.482583 0.87585 0 0 0 -1 6135.dat
1 6 -505.368 -132.468 -526.082 -0.87585 0.482583 0 0.482583 0.87585 0 0 0 -1 6135.dat
1 6 -521.636 -162.851 -526.082 -0.949658 0.313288 0 0.313288 0.949658 0 0 0 -1 6135.dat
1 6 -532.445 -195.614 -526.082 -0.949658 0.313288 0 0.313288 0.949658 0 0 0 -1 6135.dat
1 6 -545.72 -235.856 -526.082 -0.67151 0.313288 -0.67151 0.221528 0.949658 0.221528 0.707107 0 -0.707107 2566.dat
1 2 -558.389 -251.684 -519.01 0.67138 0.313288 -0.67164 -0.221485 0.949658 0.221571 0.707244 0 0.70697 2518.dat
1 2 -544.956 -256.115 -533.155 -0.67138 0.313288 0.67164 0.221485 0.949658 -0.221571 -0.707244 0 -0.70697 2518.dat
1 2 -560.893 -259.282 -533.157 -0.67164 0.313288 -0.671379 0.221571 0.949658 0.221485 0.706969 0 -0.707244 2518.dat
1 2 -556.685 -269.094 -526.085 -0.67164 0.313288 -0.671379 0.221571 0.949658 0.221485 0.706969 0 -0.707244 4032a.dat
1 2 -547.466 -263.711 -519.012 0.67164 0.313288 0.67138 -0.221571 0.949658 -0.221485 -0.70697 0 0.707244 2518.dat
1 0 -394.297 -32.953 -346.082 -1 0 0 0 1 0 0 0 -1 4346.dat
1 43 -4.297 -448.953 -376.082 0 0 1 0 1 0 -1 0 0 2468.dat
1 4 -295.079 4.161 -492.048 -0.984896 -0.171163 -0.0261296 -0.171163 0.939692 0.296111 -0.0261296 0.296111 -0.954796 3742.dat
1 0 -434.297 -32.953 -346.082 -1 0 0 0 1 0 0 0 -1 4346.dat
1 43 95.703 -448.953 -376.082 1 0 0 0 1 0 0 0 1 2468.dat
1 7 15.942 -488.953 -348.252 0.217018 0 0.976168 0 1 0 -0.976168 0 0.217018 3937.dat
1 0 7.302 -483.607 -350.173 -0.217018 0.863962 -0.454394 0 0.465487 0.885055 0.976168 0.192073 -0.101019 3938.dat
1 7 4.935 -496.182 -350.7 -0.217018 0.863962 -0.454394 0 0.465487 0.885055 0.976168 0.192073 -0.101019 3020.dat
1 0 -1.773 -508.756 -331.703 -0.217018 0.863962 -0.454394 0 0.465487 0.885055 0.976168 0.192073 -0.101019 2412b.dat
1 0 6.907 -508.756 -370.749 -0.217018 0.863962 -0.454394 0 0.465487 0.885055 0.976168 0.192073 -0.101019 2412b.dat
1 0 -2.181 -491.055 -372.77 -0.217018 0.863962 -0.454394 0 0.465487 0.885055 0.976168 0.192073 -0.101019 2412b.dat
1 0 -10.861 -491.055 -333.723 -0.217018 0.863962 -0.454394 0 0.465487 0.885055 0.976168 0.192073 -0.101019 2412b.dat
1 15 -104.296 -56.953 -416.082 1 0 0 0 1 0 0 0 1 3581.dat
1 4 -104.296 -56.953 -429.082 0 0 -1 0 1 0 1 0 0 3582.dat
1 15 -44.297 -56.953 -416.082 1 0 0 0 1 0 0 0 1 3581.dat
1 4 -44.297 -56.953 -429.082 0 0 1 0 1 0 -1 0 0 3582.dat
1 4 -405.688 -3.96 -476.082 -0.938288 0.34202 -0.0513501 0.341509 0.939692 0.0186902 0.0546457 0 -0.998506 3742.dat
1 7 684.308 -16.953 624.016 0.990218 0 0.139531 0 1 0 -0.139531 0 0.990218 3937.dat
1 0 643.734 -39.018 622.75 0.990218 0.106477 0.0901756 0 0.646273 -0.763106 -0.139531 0.755642 0.639951 2412b.dat
1 7 683.293 -26.217 616.814 0.990218 0.106477 0.0901762 0 0.646273 -0.763106 -0.139532 0.755642 0.639951 3795.dat
1 0 683.343 -39.018 617.168 0.990218 0.106477 0.0901758 0 0.646273 -0.763107 -0.139531 0.755642 0.639951 2412b.dat
1 0 641.931 -23.756 609.951 0.990218 0.106477 0.0901758 0 0.646273 -0.763107 -0.139531 0.755642 0.639951 2412b.dat
1 0 722.952 -39.018 611.587 0.990218 0.106477 0.0901758 0 0.646273 -0.763107 -0.139531 0.755642 0.639951 2412b.dat
1 0 681.54 -23.756 604.369 0.990218 0.106477 0.0901758 0 0.646273 -0.763107 -0.139531 0.755642 0.639951 2412b.dat
1 0 721.148 -23.756 598.788 0.990218 0.106477 0.0901758 0 0.646273 -0.763107 -0.139531 0.755642 0.639951 2412b.dat
1 0 683.243 -13.415 616.46 0.990218 0.106477 0.0901756 0 0.646273 -0.763107 -0.139531 0.755642 0.639951 3938.dat
1 36 195.578 -70.203 613.918 0 -1 0 0 0 -1 1 0 0 4073.dat
1 15 187.704 -71.453 613.918 0 -1 0 0 0 -1 1 0 0 3900.dat
1 15 243.578 -70.203 613.918 0 -1 0 0 0 -1 1 0 0 3942bp01.dat
1 0 -334.296 -32.953 -574.832 1 0 0 0 1 0 0 0 1 973p1f.dat
1 0 -349.796 -23.703 -574.832 0.983255 -0.181729 -0.0135425 0.182233 0.980534 0.0731072 0 -0.0743509 0.997232 3818.dat
1 0 -318.796 -23.703 -574.832 0.983255 0.137365 0.119751 -0.182235 0.741159 0.646123 0 -0.657126 0.75378 3819.dat
1 14 -357.854 -9.036 -584.263 0.98449 -0.137306 0.109207 0.175362 0.788707 -0.589228 -0.00522723 0.59924 0.800553 3820.dat
1 14 -312.347 -17.713 -591.904 0.984808 0.173648 0 -0.173648 0.984808 0 0 0 1 3820.dat
1 14 -334.296 -56.953 -574.832 1 0 0 0 1 0 0 0 1 3626bp01.dat
1 0 -334.297 -56.953 -574.832 1 0 0 0 1 0 0 0 1 3624.dat
1 0 -334.296 -0.953 -574.832 1 0 0 0 1 0 0 0 1 3815.dat
1 0 -334.296 11.047 -574.832 1 0 0 0 1 0 0 0 1 3816.dat
1 0 -334.297 11.047 -574.832 1 0 0 0 1 0 0 0 1 3817.dat
1 0 -358.896 -3.44 -592.791 0.10436 0.0356041 0.993902 -0.60933 0.792117 0.0356042 -0.786019 -0.60933 0.10436 4449.dat
1 1 -234.297 -32.953 -574.832 1 0 0 0 1 0 0 0 1 973p18.dat
1 1 -249.797 -23.703 -574.832 0.983254 -0.179074 0.0338158 0.182239 0.966182 -0.182433 0 0.18554 0.982637 3818.dat
1 1 -218.797 -23.703 -574.832 0.983255 0.137365 0.119751 -0.182235 0.741159 0.646123 0 -0.657126 0.75378 3819.dat
1 14 -258.2 -7.172 -579.843 0.971194 -0.19049 0.14316 0.229977 0.592017 -0.772416 0.0623845 0.78309 0.618772 3820.dat
1 14 -212.347 -17.713 -591.904 0.984808 0.173648 0 -0.173648 0.984808 0 0 0 1 3820.dat
1 14 -234.297 -56.953 -574.832 1 0 0 0 1 0 0 0 1 3626bp01.dat
1 0 -234.297 -56.953 -574.832 1 0 0 0 1 0 0 0 1 3901.dat
1 7 -234.297 -0.953 -574.832 1 0 0 0 1 0 0 0 1 3815.dat
1 7 -234.297 11.047 -574.832 1 0 0 0 1 0 0 0 1 3816.dat
1 7 -234.297 11.047 -574.832 1 0 0 0 1 0 0 0 1 3817.dat
1 0 -259.56 0.408 -586.612 0.146945 -0.011403 0.989079 -0.371929 0.925917 0.0659315 -0.916557 -0.377556 0.131818 4449.dat
1 6 -154.296 -56.953 -574.832 1 0 0 0 1 0 0 0 1 4530.dat
1 14 -154.296 -56.953 -574.832 1 0 0 0 1 0 0 0 1 3626bp01.dat
1 15 -154.296 -32.953 -574.832 1 0 0 0 1 0 0 0 1 973p71.dat
1 15 -169.797 -23.703 -574.832 0.983255 -0.137365 -0.119752 0.182235 0.741159 0.646123 0 -0.657126 0.75378 3818.dat
1 15 -138.797 -23.703 -574.832 0.983255 0.137365 0.119751 -0.182235 0.741159 0.646123 0 -0.657126 0.75378 3819.dat
1 14 -176.247 -17.709 -591.904 0.984808 -0.173648 0 0.173648 0.984808 0 0 0 1 3820.dat
1 14 -132.347 -17.713 -591.904 0.984808 0.173648 0 -0.173648 0.984808 0 0 0 1 3820.dat
1 1 -154.296 -0.953 -574.832 1 0 0 0 1 0 0 0 1 3815.dat
1 1 -154.296 11.047 -574.832 1 0 0 0 1 0 0 0 1 3816.dat
1 1 -154.297 11.047 -574.832 1 0 0 0 1 0 0 0 1 3817.dat
1 15 235.703 31.047 -76.082 -1 0 0 0 1 0 0 0 -1 4073.dat
1 47 235.703 23.047 -76.082 -1 0 0 0 1 0 0 0 -1 4073.dat
1 15 -24.297 31.047 -656.082 -1 0 0 0 1 0 0 0 -1 4073.dat
1 33 -24.297 23.047 -656.082 -1 0 0 0 1 0 0 0 -1 4073.dat
1 7 360.004 -86.653 -307.082 1 0 0 0 1 0 0 0 1 4869.dat
1 15 359.903 -86.953 -306.082 0 -1 0 1 0 0 0 0 1 4868.dat
1 15 -464.297 31.047 -1096.08 -1 0 0 0 1 0 0 0 -1 4073.dat
1 33 -464.297 23.047 -1096.08 -1 0 0 0 1 0 0 0 -1 4073.dat
1 7 491.803 -86.853 -307.082 1 0 0 0 1 0 0 0 1 4869.dat
1 15 491.903 -86.953 -306.082 0 1 0 -1 0 0 0 0 1 4868a.dat
1 15 235.703 31.047 -716.082 -1 0 0 0 1 0 0 0 -1 4073.dat
1 47 235.703 23.047 -716.082 -1 0 0 0 1 0 0 0 -1 4073.dat
1 15 35.703 31.047 -716.082 -1 0 0 0 1 0 0 0 -1 4073.dat
1 33 35.703 23.047 -716.082 -1 0 0 0 1 0 0 0 -1 4073.dat
1 15 615.703 31.047 243.918 -1 0 0 0 1 0 0 0 -1 4073.dat
1 47 615.703 23.047 243.918 -1 0 0 0 1 0 0 0 -1 4073.dat
1 0 -567.928 -42.398 -886.082 0.926931 -0.375231 0 0.375231 0.926931 0 0 0 1 4504.dat
1 15 -404.297 31.047 -1156.08 -1 0 0 0 1 0 0 0 -1 4073.dat
1 33 -404.297 23.047 -1156.08 -1 0 0 0 1 0 0 0 -1 4073.dat
1 15 35.703 31.047 -1096.08 -1 0 0 0 1 0 0 0 -1 4073.dat
1 33 35.703 23.047 -1096.08 -1 0 0 0 1 0 0 0 -1 4073.dat
1 7 425.703 -24.953 -646.082 -1 0 0 0 1 0 0 0 -1 3680.dat
1 7 425.703 -24.953 -646.082 -1 0 0 0 1 0 0 0 -1 3679.dat
1 7 425.704 -16.953 -646.082 1 0 0 0 1 0 0 0 1 4870.dat
1 7 435.954 12.302 -630.332 0 0 -1 0 1 0 1 0 0 4624.dat
1 0 436.454 12.302 -630.332 -1 0 0 0 -1 0 0 0 1 3139.dat
1 7 415.453 12.302 -630.332 0 0 1 0 1 0 -1 0 0 4624.dat
1 0 415.953 12.302 -630.332 -1 0 0 0 -1 0 0 0 1 3139.dat
1 15 395.703 -88.953 -626.082 0 0 -1 0 1 0 1 0 0 4865a.dat
1 15 425.703 -88.953 -656.083 1 0 0 0 1 0 0 0 1 4858.dat
1 43 425.703 -120.953 -636.083 1 0 0 0 1 0 0 0 1 2437.dat
1 0 425.703 -88.953 -656.082 -1 0 0 0 1 0 0 0 -1 3039pc4.dat
1 15 425.703 -64.953 -666.082 -1 0 0 0 1 0 0 0 -1 3003.dat
1 4 425.704 -48.953 -656.082 1 0 0 0 1 0 0 0 1 4855.dat
1 2 425.704 -40.953 -506.082 0 0 1 0 1 0 -1 0 0 4282.dat
1 7 425.703 -32.953 -386.082 -1 0 0 0 1 0 0 0 -1 3022.dat
1 7 425.703 -24.953 -386.082 -1 0 0 0 1 0 0 0 -1 3034.dat
1 7 365.704 -16.953 -386.082 1 0 0 0 1 0 0 0 1 4870.dat
1 7 485.704 -16.953 -386.082 1 0 0 0 1 0 0 0 1 4870.dat
1 7 455.704 -48.953 -386.082 0 0 -1 0 1 0 1 0 0 3298.dat
1 15 565.704 -56.953 -396.082 1 0 0 0 1 0 0 0 1 3586.dat
1 1 455.703 -64.953 -446.082 0 0 1 0 1 0 -1 0 0 4477.dat
1 1 455.703 -72.953 -356.082 -1 0 0 0 1 0 0 0 -1 3024.dat
1 1 455.703 -96.953 -336.082 -1 0 0 0 1 0 0 0 -1 2357.dat
1 1 455.703 -104.953 -306.082 0 0 1 0 1 0 -1 0 0 3666.dat
1 15 455.703 -96.953 -296.082 0 0 1 0 1 0 -1 0 0 4070.dat
1 15 425.703 -72.953 -296.082 1 0 0 0 1 0 0 0 1 4856.dat
1 4 425.703 -64.953 -336.082 -1 0 0 0 1 0 0 0 -1 3023.dat
1 15 425.703 -72.953 -336.082 -1 0 0 0 1 0 0 0 -1 3023.dat
1 4 425.703 -48.953 -356.082 -1 0 0 0 1 0 0 0 -1 4855.dat
1 15 425.703 -48.953 -346.082 -1 0 0 0 1 0 0 0 -1 3022.dat
1 15 395.703 -96.953 -296.082 0 0 -1 0 1 0 1 0 0 4070.dat
1 1 395.703 -104.953 -306.082 0 0 1 0 1 0 -1 0 0 3666.dat
1 1 395.703 -96.953 -336.082 0 0 1 0 1 0 -1 0 0 2357.dat
1 1 395.703 -72.953 -356.082 -1 0 0 0 1 0 0 0 -1 3024.dat
1 1 395.703 -64.953 -356.082 -1 0 0 0 1 0 0 0 -1 3024.dat
1 15 285.704 -56.953 -396.082 1 0 0 0 1 0 0 0 1 3585.dat
1 1 395.703 -64.953 -386.076 0 0 1 0 1 0 -1 0 0 3069b.dat
1 1 395.703 -64.953 -486.082 0 0 1 0 1 0 -1 0 0 4162.dat
1 15 395.703 -56.953 -566.082 0 0 1 0 1 0 -1 0 0 4477.dat
1 1 395.703 -64.953 -646.082 0 0 1 0 1 0 -1 0 0 3023.dat
1 1 395.703 -64.953 -596.082 0 0 1 0 1 0 -1 0 0 3623.dat
1 15 395.703 -112.953 -586.082 0 0 1 0 1 0 -1 0 0 2377.dat
1 4 395.703 -120.953 -596.082 -1 0 0 0 1 0 0 0 -1 3024.dat
1 15 425.703 -144.953 -596.083 1 0 0 0 1 0 0 0 1 4861.dat
1 4 455.703 -120.953 -596.082 -1 0 0 0 1 0 0 0 -1 3024.dat
1 15 455.703 -112.953 -566.082 0 0 -1 0 1 0 1 0 0 4863.dat
1 1 455.703 -64.953 -606.082 0 0 1 0 1 0 -1 0 0 3666.dat
1 15 455.703 -88.953 -626.082 0 0 1 0 1 0 -1 0 0 4865a.dat
1 15 455.704 -56.953 -566.082 0 0 1 0 1 0 -1 0 0 4477.dat
1 4 425.704 -48.953 -526.082 0 0 -1 0 1 0 1 0 0 4854.dat
1 36 425.704 -24.953 -526.082 -1 0 0 0 1 0 0 0 -1 4073.dat
1 4 425.704 -48.953 -606.082 0 0 -1 0 1 0 1 0 0 4854.dat
1 4 455.703 -120.953 -546.082 0 0 1 0 1 0 -1 0 0 4625.dat
1 43 453.719 -112.953 -546.082 0 0 -1 0 1 0 1 0 0 4862.dat
1 43 453.719 -112.953 -586.082 0 0 -1 0 1 0 1 0 0 4862.dat
1 4 395.703 -120.953 -576.082 -1 0 0 0 1 0 0 0 -1 30039.dat
1 43 397.688 -112.953 -586.082 0 0 1 0 1 0 -1 0 0 4862.dat
1 7 395.703 -48.953 -386.082 0 0 1 0 1 0 -1 0 0 3298.dat
1 4 425.704 -48.953 -446.082 0 0 -1 0 1 0 1 0 0 4854.dat
1 34 175.704 -64.953 -336.082 -1 0 0 0 1 0 0 0 -1 4073.dat
1 15 395.703 -96.953 -316.082 0 0 -1 0 1 0 1 0 0 4070.dat
1 15 395.703 -112.953 -256.082 0 0 1 0 1 0 -1 0 0 3623.dat
1 1 395.703 -104.953 -236.082 -1 0 0 0 1 0 0 0 -1 3024.dat
1 15 425.703 -96.953 -236.082 1 0 0 0 1 0 0 0 1 4856.dat
1 1 455.703 -104.953 -236.082 -1 0 0 0 1 0 0 0 -1 3024.dat
1 15 455.703 -112.953 -256.082 0 0 1 0 1 0 -1 0 0 3623.dat
1 4 425.703 -120.953 -246.082 -1 0 0 0 1 0 0 0 -1 3020.dat
1 15 415.704 -144.953 -256.082 0 0 1 0 1 0 -1 0 0 3040b.dat
1 15 435.704 -144.953 -256.082 0 0 -1 0 1 0 1 0 0 3040b.dat
1 15 425.704 -144.953 -236.082 1 0 0 0 1 0 0 0 1 4867p33.dat
1 1 425.703 -104.953 -186.082 -1 0 0 0 1 0 0 0 -1 4859.dat
1 15 425.703 -112.953 -186.082 -1 0 0 0 1 0 0 0 -1 4859.dat
1 4 425.703 -120.953 -186.082 -1 0 0 0 1 0 0 0 -1 4859.dat
1 15 395.703 -112.953 -326.082 0 0 1 0 1 0 -1 0 0 3710.dat
1 4 395.703 -120.953 -356.082 -1 0 0 0 1 0 0 0 -1 30039.dat
1 4 395.703 -120.953 -306.082 0 0 1 0 1 0 -1 0 0 2431.dat
1 15 455.703 -96.953 -316.082 0 0 1 0 1 0 -1 0 0 4070.dat
1 15 455.703 -112.953 -326.082 0 0 1 0 1 0 -1 0 0 3710.dat
1 4 455.703 -120.953 -306.082 0 0 1 0 1 0 -1 0 0 4625.dat
1 15 455.703 -112.953 -406.082 0 0 -1 0 1 0 1 0 0 4863.dat
1 4 455.703 -120.953 -386.082 0 0 1 0 1 0 -1 0 0 4625.dat
1 43 453.719 -112.953 -386.082 0 0 -1 0 1 0 1 0 0 4862.dat
1 43 453.719 -112.953 -426.082 0 0 -1 0 1 0 1 0 0 4862.dat
1 15 455.703 -112.953 -486.082 0 0 -1 0 1 0 1 0 0 4863.dat
1 4 455.703 -120.953 -466.082 0 0 1 0 1 0 -1 0 0 4625.dat
1 43 453.719 -112.953 -466.082 0 0 -1 0 1 0 1 0 0 4862.dat
1 43 453.719 -112.953 -506.082 0 0 -1 0 1 0 1 0 0 4862.dat
1 36 675.704 -64.953 -336.082 -1 0 0 0 1 0 0 0 -1 4073.dat
1 4 425.704 -48.953 -526.082 1 0 0 0 1 0 0 0 1 4079.dat
1 4 425.704 -48.953 -406.082 1 0 0 0 1 0 0 0 1 4079.dat
1 4 425.704 -48.953 -466.082 1 0 0 0 1 0 0 0 1 4079.dat
1 4 425.703 -64.953 -576.082 -1 0 0 0 1 0 0 0 -1 4865a.dat
1 15 425.703 -56.953 -706.082 1 0 0 0 1 0 0 0 1 4859.dat
1 1 425.703 -64.953 -706.082 1 0 0 0 1 0 0 0 1 4859.dat
1 7 375.954 12.302 -370.332 0 0 -1 0 1 0 1 0 0 4624.dat
1 0 376.454 12.302 -370.332 -1 0 0 0 -1 0 0 0 1 3139.dat
1 15 425.703 -224.953 -126.482 -1 0 0 0 1 0 0 0 -1 3474.dat
1 15 425.703 -232.953 -115.482 -1 0 0 0 1 0 0 0 -1 3794a.dat
1 36 425.703 -240.953 -115.482 -1 0 0 0 1 0 0 0 -1 4073.dat
1 7 475.453 12.302 -370.332 0 0 1 0 1 0 -1 0 0 4624.dat
1 0 475.953 12.302 -370.332 -1 0 0 0 -1 0 0 0 1 3139.dat
1 7 495.954 12.302 -370.332 0 0 -1 0 1 0 1 0 0 4624.dat
1 0 496.454 12.302 -370.332 -1 0 0 0 -1 0 0 0 1 3139.dat
1 15 425.703 -144.953 -306.082 0 0 1 0 1 0 -1 0 0 4857.dat
1 7 355.453 12.302 -370.332 0 0 1 0 1 0 -1 0 0 4624.dat
1 0 355.953 12.302 -370.332 -1 0 0 0 -1 0 0 0 1 3139.dat
1 43 397.688 -112.953 -546.082 0 0 1 0 1 0 -1 0 0 4862.dat
1 15 395.704 -112.953 -526.082 0 0 1 0 1 0 -1 0 0 4863.dat
1 43 397.688 -112.953 -506.082 0 0 1 0 1 0 -1 0 0 4862.dat
1 15 425.704 -144.953 -546.082 0 0 1 0 1 0 -1 0 0 4857.dat
1 4 395.704 -120.953 -466.082 0 0 1 0 1 0 -1 0 0 4477.dat
1 15 425.704 -144.953 -466.082 0 0 1 0 1 0 -1 0 0 4857.dat
1 15 395.704 -112.953 -446.082 0 0 1 0 1 0 -1 0 0 4863.dat
1 43 397.688 -112.953 -466.082 0 0 1 0 1 0 -1 0 0 4862.dat
1 15 425.703 -144.953 -386.082 0 0 1 0 1 0 -1 0 0 4857.dat
1 43 397.688 -112.953 -426.082 0 0 1 0 1 0 -1 0 0 4862.dat
1 15 395.704 -112.953 -386.082 0 0 1 0 1 0 -1 0 0 2377.dat
1 43 397.688 -112.953 -386.082 0 0 1 0 1 0 -1 0 0 4862.dat
1 46 415.703 7.047 683.918 -1 0 0 0 1 0 0 0 -1 4073.dat
1 15 415.703 15.047 683.918 -1 0 0 0 1 0 0 0 -1 4073.dat
1 2 425.703 23.047 673.918 -1 0 0 0 1 0 0 0 -1 3022.dat
1 2 325.703 31.047 673.918 -1 0 0 0 1 0 0 0 -1 3832.dat
1 15 335.703 23.047 683.918 -1 0 0 0 1 0 0 0 -1 4073.dat
1 36 335.703 15.047 683.918 -1 0 0 0 1 0 0 0 -1 4073.dat
1 15 275.703 23.047 683.918 -1 0 0 0 1 0 0 0 -1 4073.dat
1 36 275.703 15.047 683.918 -1 0 0 0 1 0 0 0 -1 4073.dat
1 2 525.703 31.047 673.918 -1 0 0 0 1 0 0 0 -1 3832.dat
1 15 575.703 23.047 683.918 -1 0 0 0 1 0 0 0 -1 4073.dat
1 36 575.703 15.047 683.918 -1 0 0 0 1 0 0 0 -1 4073.dat
1 15 515.703 23.047 683.918 -1 0 0 0 1 0 0 0 -1 4073.dat
1 36 515.703 15.047 683.918 -1 0 0 0 1 0 0 0 -1 4073.dat
1 15 435.703 15.047 683.918 -1 0 0 0 1 0 0 0 -1 4073.dat
1 46 435.703 7.047 683.918 -1 0 0 0 1 0 0 0 -1 4073.dat
1 6 -134.046 -30.953 -913.882 -1 0 0 0 0 1 0 1 0 4449.dat
1 15 -134.546 -30.953 -947.882 1 0 0 0 0 -1 0 1 0 4449.dat
1 0 -134.296 -0.953 -1016.08 1 0 0 0 1 0 0 0 1 3023.dat
1 0 -134.297 -8.953 -1026.08 -1 0 0 0 1 0 0 0 -1 3730.dat
1 0 -134.297 -0.953 -1086.08 0 0 -1 0 1 0 1 0 0 3795.dat
1 0 -134.296 7.047 -1026.08 1 0 0 0 1 0 0 0 1 4600.dat
1 0 -134.296 7.047 -1106.08 1 0 0 0 1 0 0 0 1 4600.dat
1 4 -134.297 -8.953 -1136.08 1 0 0 0 1 0 0 0 1 3710.dat
1 4 -134.297 -16.953 -1136.08 1 0 0 0 1 0 0 0 1 3829a.dat
1 0 -134.296 -43.944 -1135.28 1 0 0 0 0.57357 0.819157 0 -0.819157 0.57357 3828.dat
1 46 -164.297 -16.953 -1136.08 1 0 0 0 1 0 0 0 1 3024.dat
1 4 -164.297 -40.953 -1096.08 1 0 0 0 1 0 0 0 1 4286.dat
1 4 -134.297 -16.953 -1106.08 1 0 0 0 1 0 0 0 1 3788.dat
1 4 -104.296 -40.953 -1096.08 1 0 0 0 1 0 0 0 1 4286.dat
1 46 -104.296 -16.953 -1136.08 1 0 0 0 1 0 0 0 1 3024.dat
1 1 -134.297 -17.703 -1098.08 1 0 0 0 0 1 0 -1 0 3817.dat
1 1 -134.296 -17.703 -1098.08 1 0 0 0 0 1 0 -1 0 3816.dat
1 1 -134.296 -29.578 -1097.96 1 0 0 0 1 0 0 0 1 3815.dat
1 4 -134.296 -8.953 -1066.08 1 0 0 0 1 0 0 0 1 3022.dat
1 4 -134.296 -16.953 -1046.08 1 0 0 0 1 0 0 0 1 3031.dat
1 0 -134.297 -48.953 -1076.08 -1 0 0 0 1 0 0 0 -1 2432.dat
1 4 -134.296 -40.953 -1016.08 1 0 0 0 1 0 0 0 1 4865a.dat
1 4 -164.296 -40.953 -1066.08 0 0 -1 0 1 0 1 0 0 4865a.dat
1 4 -164.296 -40.953 -1026.08 0 0 -1 0 1 0 1 0 0 4865a.dat
1 4 -104.297 -40.953 -1026.08 0 0 1 0 1 0 -1 0 0 4865a.dat
1 4 -104.297 -40.953 -1066.08 0 0 1 0 1 0 -1 0 0 4865a.dat
1 1 -134.296 -85.578 -1097.96 1 0 0 0 1 0 0 0 1 4485.dat
1 14 -134.296 -85.578 -1097.96 1 0 0 0 1 0 0 0 1 3626bp01.dat
1 15 -134.296 -61.578 -1097.96 1 0 0 0 1 0 0 0 1 973p16.dat
1 15 -118.797 -52.328 -1097.96 0.983255 0.137364 0.119751 -0.182234 0.74116 0.646122 0 -0.657125 0.753781 3819.dat
1 14 -112.347 -46.338 -1115.03 0.984808 0.173648 0 -0.173648 0.984808 0 0 0 1 3820.dat
1 15 -149.796 -52.328 -1097.96 0.983255 -0.137364 -0.119751 0.182234 0.741158 0.646124 0 -0.657127 0.753779 3818.dat
1 14 -156.247 -46.334 -1115.03 0.984808 -0.173648 0 0.173648 0.984808 0 0 0 1 3820.dat
1 15 -104.047 12.547 -1106.08 0 0 -1 0 1 0 1 0 0 4624.dat
1 0 -104.046 12.547 -1106.08 0 0 -1 0 1 0 1 0 0 3641.dat
1 46 -124.296 -88.953 -966.082 1 0 0 0 1 0 0 0 1 3062b.dat
1 0 -134.296 -64.953 -966.082 1 0 0 0 1 0 0 0 1 4083.dat
1 4 -134.296 -8.953 -966.082 1 0 0 0 1 0 0 0 1 3184.dat
1 4 -164.296 -16.953 -966.082 1 0 0 0 1 0 0 0 1 2420.dat
1 4 -104.296 -16.953 -966.082 0 0 -1 0 1 0 1 0 0 2420.dat
1 0 -134.296 -0.953 -946.082 0 0 -1 0 1 0 1 0 0 3021.dat
1 4 -134.296 -8.953 -946.082 1 0 0 0 1 0 0 0 1 3710.dat
1 4 -134.296 -16.953 -916.082 1 0 0 0 1 0 0 0 1 3788.dat
1 0 -134.296 7.047 -916.082 1 0 0 0 1 0 0 0 1 4600.dat
1 0 -134.296 -0.953 -896.082 1 0 0 0 1 0 0 0 1 3022.dat
1 4 -164.296 -40.953 -896.082 0 0 -1 0 1 0 1 0 0 4865a.dat
1 36 -164.296 -16.953 -886.082 1 0 0 0 1 0 0 0 1 3024.dat
1 4 -134.296 -8.953 -886.082 1 0 0 0 1 0 0 0 1 3710.dat
1 4 -104.296 -40.953 -896.082 0 0 1 0 1 0 -1 0 0 4865a.dat
1 36 -104.296 -16.953 -886.082 1 0 0 0 1 0 0 0 1 3024.dat
1 4 -134.296 -32.953 -886.082 1 0 0 0 1 0 0 0 1 4865a.dat
1 4 -164.296 -40.953 -936.082 0 0 -1 0 1 0 1 0 0 4865a.dat
1 4 -104.296 -40.953 -936.082 0 0 1 0 1 0 -1 0 0 4865a.dat
1 15 -164.546 12.547 -916.082 0 0 1 0 1 0 -1 0 0 4624.dat
1 0 -164.546 12.547 -916.082 0 0 -1 0 1 0 1 0 0 3641.dat
1 15 -104.046 12.547 -916.082 0 0 -1 0 1 0 1 0 0 4624.dat
1 0 -104.046 12.547 -916.082 0 0 -1 0 1 0 1 0 0 3641.dat
1 15 -104.046 12.547 -1026.08 0 0 -1 0 1 0 1 0 0 4624.dat
1 0 -104.046 12.547 -1026.08 0 0 -1 0 1 0 1 0 0 3641.dat
1 0 -164.547 12.547 -1026.08 0 0 1 0 1 0 -1 0 0 3641.dat
1 15 -164.546 12.547 -1026.08 0 0 1 0 1 0 -1 0 0 4624.dat
1 0 -164.547 12.547 -1106.08 0 0 1 0 1 0 -1 0 0 3641.dat
1 15 -164.546 12.547 -1106.08 0 0 1 0 1 0 -1 0 0 4624.dat
1 15 -464.297 31.047 -716.082 -1 0 0 0 1 0 0 0 -1 4073.dat
1 33 -464.297 23.047 -716.082 -1 0 0 0 1 0 0 0 -1 4073.dat
1 0 -454.296 31.047 -936.082 1 0 0 0 1 0 0 0 1 3666.dat
1 1 -442.296 -9.703 -886.082 0 1 0 0 0 1 1 0 0 3816.dat
1 1 -442.296 -9.703 -886.082 0 1 0 0 0 1 1 0 0 3817.dat
1 1 -442.421 -21.578 -886.082 0 0 -1 0 1 0 1 0 0 3815.dat
1 14 -434.296 -0.953 -886.082 -1 0 0 0 1 0 0 0 -1 3020.dat
1 14 -404.474 -8.953 -896.078 -0.691271 0 -0.722595 0 1 0 0.722595 0 -0.691271 4592.dat
1 0 -403.987 -10.549 -895.786 -0.691271 0.309725 -0.652851 0 0.903481 0.428628 0.722595 0.296298 -0.62455 4593.dat
1 14 -404.309 -8.953 -875.906 0.657491 0 -0.753462 0 1 0 0.753462 0 0.657491 4592.dat
1 0 -403.985 -10.542 -876.354 0.657491 0.311496 -0.686058 0 0.910541 0.413419 0.753462 -0.27182 0.598672 4593.dat
1 0 -424.296 7.047 -886.082 0 0 -1 0 1 0 1 0 0 6140.dat
1 0 -464.296 7.047 -886.082 0 0 -1 0 1 0 1 0 0 6140.dat
1 14 -464.296 -40.953 -916.082 0 0 -1 0 1 0 1 0 0 4286.dat
1 15 -444.297 -16.953 -916.082 -1 0 0 0 1 0 0 0 -1 3623.dat
1 0 -434.297 -8.953 -916.082 -1 0 0 0 1 0 0 0 -1 3023.dat
1 14 -444.297 -0.953 -916.082 -1 0 0 0 1 0 0 0 -1 3623.dat
1 0 -454.296 31.047 -836.082 1 0 0 0 1 0 0 0 1 3666.dat
1 14 -464.296 -40.953 -856.082 0 0 -1 0 1 0 1 0 0 4286.dat
1 15 -444.297 -16.953 -856.082 -1 0 0 0 1 0 0 0 -1 3623.dat
1 0 -434.297 -8.953 -856.082 -1 0 0 0 1 0 0 0 -1 3023.dat
1 14 -444.297 -0.953 -856.082 -1 0 0 0 1 0 0 0 -1 3623.dat
1 0 -464.296 -8.953 -876.082 0 0 -1 0 1 0 1 0 0 2420.dat
1 14 -464.296 -80.953 -916.082 0 0 -1 0 1 0 1 0 0 3024.dat
1 7 -484.296 -88.982 -916.082 1 0 0 0 1 0 0 0 1 2420.dat
1 14 -464.296 -72.953 -916.082 0 0 -1 0 1 0 1 0 0 3005.dat
1 14 -464.296 -48.953 -886.082 0 0 -1 0 1 0 1 0 0 3710.dat
1 7 -484.296 -88.953 -856.082 0 0 1 0 1 0 -1 0 0 2420.dat
1 14 -464.296 -80.953 -856.082 0 0 -1 0 1 0 1 0 0 3024.dat
1 14 -464.296 -72.953 -856.082 0 0 -1 0 1 0 1 0 0 3005.dat
1 7 -474.296 -40.953 -886.082 0 0 -1 0 1 0 1 0 0 3003.dat
1 0 -484.296 -80.953 -886.082 0 0 1 0 1 0 -1 0 0 2452.dat
1 7 -484.296 -72.953 -886.082 0 0 -1 0 1 0 1 0 0 3700.dat
1 7 -484.296 -48.953 -896.082 1 0 0 0 1 0 0 0 1 4081b.dat
1 7 -494.296 -63.453 -886.082 0 -1 0 1 0 0 0 0 1 4589.dat
1 7 -484.297 -48.953 -876.082 -1 0 0 0 1 0 0 0 -1 4081b.dat
1 15 -464.296 -16.953 -886.082 0 0 -1 0 1 0 1 0 0 3023.dat
1 0 -484.296 -16.953 -886.082 0 0 1 0 1 0 -1 0 0 2452.dat
1 0 -474.296 -104.953 -886.082 0 0 -1 0 1 0 1 0 0 2460.dat
1 14 -464.296 -96.953 -886.082 0 0 -1 0 1 0 1 0 0 4315.dat
1 7 -484.296 -96.953 -886.082 0 0 -1 0 1 0 1 0 0 3023.dat
1 0 -464.296 -8.953 -896.082 -1 0 0 0 1 0 0 0 -1 2420.dat
1 1 -442.421 -53.578 -886.082 0 0 -1 0 1 0 1 0 0 973p0a.dat
1 1 -442.421 -44.328 -870.582 0 0.8343 -0.551311 -0.182236 0.54208 0.820329 0.983255 0.100468 0.152039 3819.dat
1 14 -424.084 -43.064 -865.009 0.167391 0.207496 -0.963808 0.453186 0.852003 0.262133 0.875559 -0.480663 0.0485838 3820.dat
1 1 -442.421 -44.328 -901.582 0 0.789043 -0.614338 0.182236 0.604051 0.77583 0.983255 -0.111955 -0.143791 3818.dat
1 14 -424.313 -41.67 -907.414 -0.075792 0.175392 -0.981577 -0.215566 0.958247 0.187868 0.973544 0.225833 -0.034819 3820.dat
1 14 -442.421 -77.578 -886.082 0 0 -1 0 1 0 1 0 0 3626bp01.dat
1 1 -442.422 -77.579 -886.082 0 0 -1 0 1 0 1 0 0 2446.dat
1 43 -448.244 -75.681 -886.082 0 0.638723 -0.769437 0 0.769437 0.638723 1 0 0 2447.dat
1 14 -393.705 -136.953 -926.144 -0.895465 0 -0.445133 0 1 0 0.445133 0 -0.895465 4162.dat
1 7 -474.296 -128.953 -886.082 0.445133 0 -0.895464 0 1 0 0.895464 0 0.445133 2479.dat
1 14 -554.888 -136.953 -846.02 -0.895464 0 -0.445133 0 1 0 0.445133 0 -0.895464 4162.dat
1 43 -449.297 -88.953 -886.082 0 0 -1 0 1 0 1 0 0 2483.dat
1 7 -593.926 -91.467 -886.082 -0.999608 -0.0279809 0 -0.0279809 0.999608 0 0 0 -1 4477.dat
1 0 -574.157 -82.91 -886.082 0.999612 -0.0278623 0 0.0278623 0.999612 0 0 0 1 4504.dat
1 14 -673.67 -101.702 -896.082 0 -0.0279842 0.999608 0 0.999608 0.0279842 -1 0 0 4488.dat
1 36 -683.443 -109.979 -886.082 0 -0.0279842 -0.999608 0 0.999608 -0.0279842 1 0 0 4073.dat
1 0 -674.118 -85.708 -886.082 0.999608 -0.0279842 0 0.0279842 0.999609 0 0 0 1 4276b.dat
1 0 -673.817 -96.454 -923.832 0 0 1 -1 0 0 0 -1 0 2421.dat
1 15 -664.345 -77.432 -886.082 -0.999608 -0.0279852 0 -0.0279852 0.999608 0 0 0 -1 3794a.dat
1 0 -664.569 -69.435 -886.082 0.999608 -0.0279842 0 0.0279842 0.999609 0 0 0 1 4276b.dat
1 1 194.453 11.047 -966.082 0 0 -1 0 1 0 1 0 0 3816.dat
1 1 194.453 -0.953 -966.082 0 0 -1 0 1 0 1 0 0 3815.dat
1 1 194.453 11.047 -966.082 0 0 -1 0 1 0 1 0 0 3817.dat
1 14 194.453 -56.953 -966.082 0 0 -1 0 1 0 1 0 0 3626bp01.dat
1 1 194.453 -56.953 -966.082 0 0 -1 0 1 0 1 0 0 4485.dat
1 15 194.453 -32.953 -966.082 0 0 -1 0 1 0 1 0 0 973p16.dat
1 15 194.453 -23.703 -950.582 0 0.657126 -0.75378 -0.182236 0.741158 0.646123 0.983255 0.137366 0.119752 3819.dat
1 14 211.525 -17.713 -944.133 0 0 -1 0.355594 0.934641 0 0.934641 -0.355594 0 3820.dat
1 15 194.453 -23.703 -981.582 0 0.657126 -0.75378 0.182236 0.741158 0.646123 0.983255 -0.137366 -0.119752 3818.dat
1 14 211.525 -17.709 -988.032 0 0 -1 -0.316338 0.948647 0 0.948647 0.316338 0 3820.dat
1 15 234.63 -55.906 -929.651 0.022248 -0.96567 0.258818 0.361072 -0.233647 -0.902794 0.932273 0.113537 0.343478 3900.dat
1 47 241.911 -52.938 -930.974 0.022248 -0.96567 0.258818 0.361072 -0.233647 -0.902794 0.932273 0.113537 0.343478 4073.dat
1 15 234.112 -54.64 -1000.3 -0.0222484 -0.96567 0.258818 -0.321909 -0.238175 -0.916323 0.946509 -0.103703 -0.305559 3900.dat
1 47 241.393 -51.619 -999.101 -0.0222484 -0.96567 0.258818 -0.321909 -0.238175 -0.916322 0.946509 -0.103703 -0.305559 4073.dat
1 0 265.703 11.047 -594.832 1 0 0 0 1 0 0 0 1 3817.dat
1 0 265.703 -0.953 -594.832 1 0 0 0 1 0 0 0 1 3815.dat
1 0 265.703 11.047 -594.832 1 0 0 0 1 0 0 0 1 3816.dat
1 0 265.703 -32.953 -594.832 1 0 0 0 1 0 0 0 1 973p04.dat
1 0 281.203 -23.703 -594.832 0.983255 0.137365 0.119751 -0.182235 0.741159 0.646123 0 -0.657126 0.75378 3819.dat
1 14 287.653 -17.713 -611.904 0.984808 0.173648 0 -0.173648 0.984808 0 0 0 1 3820.dat
1 0 250.203 -23.703 -594.832 0.983255 -0.137365 -0.119752 0.182235 0.741159 0.646123 0 -0.657126 0.75378 3818.dat
1 14 243.753 -17.709 -611.904 0.984808 -0.173648 0 0.173648 0.984808 0 0 0 1 3820.dat
1 14 265.703 -56.953 -594.832 1 0 0 0 1 0 0 0 1 3626bp01.dat
1 0 265.703 -56.953 -594.832 1 0 0 0 1 0 0 0 1 3624.dat
1 15 615.703 31.047 -716.082 -1 0 0 0 1 0 0 0 -1 4073.dat
1 47 615.703 23.047 -716.082 -1 0 0 0 1 0 0 0 -1 4073.dat
1 2 -214.297 39.047 -906.082 -1 0 0 0 1 0 0 0 -1 2361p03.dat
1 2 45.8 -244.8 -366.682 0.95 0 0 0 0 -0.95 0 0.95 0 164365a.dat
