0 International Jetport
0 Name: 6396.ldr

0 ROTATION CENTER 0 0 0 1 "Custom" 
0 ROTATION CONFIG 0 0
1 2 0 0 0 1 0 0 0 1 0 0 0 1 2361p03.dat
1 2 640 0 0 -1 0 0 0 1 0 0 0 -1 2360p02.dat
1 2 640 0 640 -1 0 0 0 1 0 0 0 -1 2358p04.dat
1 2 320 -8 -300 -1 0 0 0 1 0 0 0 -1 3022.dat
1 2 540 -8 -300 -1 0 0 0 1 0 0 0 -1 3832.dat
1 2 740 -8 -300 -1 0 0 0 1 0 0 0 -1 3832.dat
1 2 640 -16 -300 -1 0 0 0 1 0 0 0 -1 3022.dat
1 2 940 -8 320 -1 0 0 0 1 0 0 0 -1 3022.dat
1 2 940 -8 960 -1 0 0 0 1 0 0 0 -1 3022.dat
1 2 640 0 1280 -1 0 0 0 1 0 0 0 -1 2358p04.dat
1 2 340 -8 960 -1 0 0 0 1 0 0 0 -1 3022.dat
1 2 320 -8 320 -1 0 0 0 1 0 0 0 -1 3022.dat
1 2 -300 -8 320 -1 0 0 0 1 0 0 0 -1 3022.dat
1 2 540 -8 1580 -1 0 0 0 1 0 0 0 -1 3832.dat
1 2 740 -8 1580 -1 0 0 0 1 0 0 0 -1 3832.dat
1 2 640 -16 1580 -1 0 0 0 1 0 0 0 -1 3022.dat
1 15 630 -24 -310 -1 0 0 0 1 0 0 0 -1 6141.dat
1 46 630 -32 -310 -1 0 0 0 1 0 0 0 -1 6141.dat
1 15 650 -24 -310 -1 0 0 0 1 0 0 0 -1 6141.dat
1 46 650 -32 -310 -1 0 0 0 1 0 0 0 -1 6141.dat
1 15 550 -16 -310 -1 0 0 0 1 0 0 0 -1 6141.dat
1 36 550 -24 -310 -1 0 0 0 1 0 0 0 -1 6141.dat
1 15 190 -8 -250 -1 0 0 0 1 0 0 0 -1 6141.dat
1 33 190 -16 -250 -1 0 0 0 1 0 0 0 -1 6141.dat
1 15 250 -8 -190 -1 0 0 0 1 0 0 0 -1 6141.dat
1 33 250 -16 -190 -1 0 0 0 1 0 0 0 -1 6141.dat
1 15 490 -16 -310 -1 0 0 0 1 0 0 0 -1 6141.dat
1 36 490 -24 -310 -1 0 0 0 1 0 0 0 -1 6141.dat
1 15 730 -16 -310 -1 0 0 0 1 0 0 0 -1 6141.dat
1 36 730 -24 -310 -1 0 0 0 1 0 0 0 -1 6141.dat
1 15 790 -16 -310 -1 0 0 0 1 0 0 0 -1 6141.dat
1 36 790 -24 -310 -1 0 0 0 1 0 0 0 -1 6141.dat
1 15 250 -8 190 -1 0 0 0 1 0 0 0 -1 6141.dat
1 33 250 -16 190 -1 0 0 0 1 0 0 0 -1 6141.dat
1 15 190 -8 250 -1 0 0 0 1 0 0 0 -1 6141.dat
1 33 190 -16 250 -1 0 0 0 1 0 0 0 -1 6141.dat
1 15 -190 -8 250 -1 0 0 0 1 0 0 0 -1 6141.dat
1 33 -190 -16 250 -1 0 0 0 1 0 0 0 -1 6141.dat
1 15 -250 -8 190 -1 0 0 0 1 0 0 0 -1 6141.dat
1 33 -250 -16 190 -1 0 0 0 1 0 0 0 -1 6141.dat
1 15 -250 -8 -190 -1 0 0 0 1 0 0 0 -1 6141.dat
1 33 -250 -16 -190 -1 0 0 0 1 0 0 0 -1 6141.dat
1 15 -190 -8 -250 -1 0 0 0 1 0 0 0 -1 6141.dat
1 33 -190 -16 -250 -1 0 0 0 1 0 0 0 -1 6141.dat
1 15 450 -8 190 -1 0 0 0 1 0 0 0 -1 6141.dat
1 47 450 -16 190 -1 0 0 0 1 0 0 0 -1 6141.dat
1 15 830 -8 190 -1 0 0 0 1 0 0 0 -1 6141.dat
1 47 830 -16 190 -1 0 0 0 1 0 0 0 -1 6141.dat
1 15 450 -8 550 -1 0 0 0 1 0 0 0 -1 6141.dat
1 47 450 -16 550 -1 0 0 0 1 0 0 0 -1 6141.dat
1 15 830 -8 550 -1 0 0 0 1 0 0 0 -1 6141.dat
1 47 830 -16 550 -1 0 0 0 1 0 0 0 -1 6141.dat
1 15 450 -8 810 -1 0 0 0 1 0 0 0 -1 6141.dat
1 47 450 -16 810 -1 0 0 0 1 0 0 0 -1 6141.dat
1 15 830 -8 810 -1 0 0 0 1 0 0 0 -1 6141.dat
1 47 830 -16 810 -1 0 0 0 1 0 0 0 -1 6141.dat
1 15 450 -8 1090 -1 0 0 0 1 0 0 0 -1 6141.dat
1 47 450 -16 1090 -1 0 0 0 1 0 0 0 -1 6141.dat
1 15 830 -8 1090 -1 0 0 0 1 0 0 0 -1 6141.dat
1 47 830 -16 1090 -1 0 0 0 1 0 0 0 -1 6141.dat
1 15 450 -8 1350 -1 0 0 0 1 0 0 0 -1 6141.dat
1 47 450 -16 1350 -1 0 0 0 1 0 0 0 -1 6141.dat
1 15 830 -8 1350 -1 0 0 0 1 0 0 0 -1 6141.dat
1 47 830 -16 1350 -1 0 0 0 1 0 0 0 -1 6141.dat
1 15 490 -16 1590 -1 0 0 0 1 0 0 0 -1 6141.dat
1 36 490 -24 1590 -1 0 0 0 1 0 0 0 -1 6141.dat
1 15 550 -16 1590 -1 0 0 0 1 0 0 0 -1 6141.dat
1 36 550 -24 1590 -1 0 0 0 1 0 0 0 -1 6141.dat
1 15 630 -24 1590 -1 0 0 0 1 0 0 0 -1 6141.dat
1 46 630 -32 1590 -1 0 0 0 1 0 0 0 -1 6141.dat
1 15 650 -24 1590 -1 0 0 0 1 0 0 0 -1 6141.dat
1 46 650 -32 1590 -1 0 0 0 1 0 0 0 -1 6141.dat
1 15 730 -16 1590 -1 0 0 0 1 0 0 0 -1 6141.dat
1 36 730 -24 1590 -1 0 0 0 1 0 0 0 -1 6141.dat
1 15 790 -16 1590 -1 0 0 0 1 0 0 0 -1 6141.dat
1 36 790 -24 1590 -1 0 0 0 1 0 0 0 -1 6141.dat
1 15 380 -48 1340 -1 0 0 0 1 0 0 0 -1 3942b.dat
1 4 380 -72 1340 -1 0 0 0 1 0 0 0 -1 4589.dat
1 15 382 -110 1340 0 -1 0 0 0 -1 1 0 0 3900.dat
1 36 390 -110 1340 0 -1 0 0 0 -1 1 0 0 6141.dat
1 15 432 -110 1338 0 -1 0 0 0 -1 1 0 0 3942bp01.dat
1 4 920 -24 -190 1 0 0 0 1 0 0 0 1 3039.dat
1 4 920 -24 -170 -1 0 0 0 1 0 0 0 -1 3039.dat
1 7 920 -32 -180 -0.866025 0 -0.5 0 1 0 0.5 0 -0.866025 3679.dat
1 4 920 -32 -180 -1 0 0 0 1 0 0 0 -1 3680.dat
1 7 925 -56 -171.34 -0.866025 0 -0.5 0 1 0 0.5 0 -0.866025 3937.dat
1 0 925.768 -54.6603 -166.01 -0.866025 -0.25 -0.433013 0 0.866025 -0.5 0.5 -0.433013 -0.75 3938.dat
1 7 923.438 -66.5884 -170.046 -0.866025 -0.25 -0.433013 0 0.866025 -0.5 0.5 -0.433013 -0.75 3795.dat
1 0 896.859 -68.5166 -140.082 -0.866025 -0.25 -0.433013 0 0.866025 -0.5 0.5 -0.433013 -0.75 2412b.dat
1 0 888.199 -78.5166 -155.082 -0.866025 -0.25 -0.433013 0 0.866025 -0.5 0.5 -0.433013 -0.75 2412b.dat
1 0 922.84 -78.5166 -175.082 -0.866025 -0.25 -0.433013 0 0.866025 -0.5 0.5 -0.433013 -0.75 2412b.dat
1 0 931.5 -68.5166 -160.082 -0.866025 -0.25 -0.433013 0 0.866025 -0.5 0.5 -0.433013 -0.75 2412b.dat
1 0 966.141 -68.5166 -180.082 -0.866025 -0.25 -0.433013 0 0.866025 -0.5 0.5 -0.433013 -0.75 2412b.dat
1 0 957.481 -78.5166 -195.082 -0.866025 -0.25 -0.433013 0 0.866025 -0.5 0.5 -0.433013 -0.75 2412b.dat
1 2 0 0 480 1 0 0 0 1 0 0 0 1 3857.dat
1 4 -30 -24 620 0 0 -1 0 1 0 1 0 0 3004.dat
1 4 30 -24 620 0 0 -1 0 1 0 1 0 0 3004.dat
1 15 90 -24 490 1 0 0 0 1 0 0 0 1 3622.dat
1 7 -240 -24 490 -1 0 0 0 1 0 0 0 -1 3010.dat
1 15 140 -24 530 0 0 -1 0 1 0 1 0 0 3002.dat
1 14 -200 -24 560 -1 0 0 0 1 0 0 0 -1 3001.dat
1 7 -120 -24 490 -1 0 0 0 1 0 0 0 -1 3008.dat
1 15 190 -24 490 1 0 0 0 1 0 0 0 1 3622.dat
1 0 180 -8 570 -1 0 0 0 1 0 0 0 -1 3069b.dat
1 15 180 -38 564 1 0 0 0 0 1 0 -1 0 3069bp08.dat
1 4 30 -96 620 0 0 1 0 1 0 -1 0 0 2362a.dat
1 4 -30 -96 620 0 0 -1 0 1 0 1 0 0 2362a.dat
1 0 180 -24 550 -1 0 0 0 1 0 0 0 -1 3004.dat
1 0 190 -48 550 -1 0 0 0 1 0 0 0 -1 4070.dat
1 0 170 -48 550 -1 0 0 0 1 0 0 0 -1 4070.dat
1 15 140 -24 490 1 0 0 0 1 0 0 0 1 3747a.dat
1 15 210 -120 630 1 0 0 0 1 0 0 0 1 2453.dat
1 15 310 -120 620 0 0 -1 0 1 0 1 0 0 2454.dat
1 15 310 -120 500 0 0 -1 0 1 0 1 0 0 2454.dat
1 14 130 -48 460 0 0 -1 0 1 0 1 0 0 4865a.dat
1 14 130 -48 500 0 0 -1 0 1 0 1 0 0 4865a.dat
1 14 130 -48 540 0 0 -1 0 1 0 1 0 0 4865a.dat
1 14 150 -48 540 0 0 1 0 1 0 -1 0 0 4865a.dat
1 14 150 -48 500 0 0 1 0 1 0 -1 0 0 4865a.dat
1 14 150 -48 460 0 0 1 0 1 0 -1 0 0 4865a.dat
1 15 90 -48 490 1 0 0 0 1 0 0 0 1 3622.dat
1 15 190 -48 490 1 0 0 0 1 0 0 0 1 3622.dat
1 4 30 -120 620 0 0 -1 0 1 0 1 0 0 3004.dat
1 4 -30 -120 620 0 0 -1 0 1 0 1 0 0 3004.dat
1 14 -80 -8 600 0 0 1 0 1 0 -1 0 0 4079.dat
1 15 80 -72 490 1 0 0 0 1 0 0 0 1 3004.dat
1 15 200 -72 490 1 0 0 0 1 0 0 0 1 3004.dat
1 4 0 -128 620 1 0 0 0 1 0 0 0 1 3020.dat
1 15 110 -96 490 1 0 0 0 1 0 0 0 1 3581.dat
1 15 170 -96 490 1 0 0 0 1 0 0 0 1 3581.dat
1 4 110 -96 478 0 0 -1 0 1 0 1 0 0 3582.dat
1 4 170 -96 478 0 0 1 0 1 0 -1 0 0 3582.dat
1 14 -220 -72 560 -1 0 0 0 1 0 0 0 -1 4345a.dat
1 14 -180 -72 560 -1 0 0 0 1 0 0 0 -1 4345a.dat
1 15 140 -120 490 -1 0 0 0 1 0 0 0 -1 3008.dat
1 4 0 -136 630 -1 0 0 0 1 0 0 0 -1 2436a.dat
1 4 0 -136 610 -1 0 0 0 1 0 0 0 -1 3710.dat
1 34 -10 -126 652 -1 0 0 0 0 -1 0 -1 0 6141.dat
1 36 10 -126 652 -1 0 0 0 0 -1 0 -1 0 6141.dat
1 15 -30 -120 510 0 0 1 0 1 0 -1 0 0 3755.dat
1 15 40 -144 490 -1 0 0 0 1 0 0 0 -1 3008.dat
1 15 240 -144 490 -1 0 0 0 1 0 0 0 -1 3008.dat
1 15 260 -144 630 -1 0 0 0 1 0 0 0 -1 3067.dat
1 15 310 -144 560 0 0 1 0 1 0 -1 0 0 3067.dat
1 15 140 -144 490 -1 0 0 0 1 0 0 0 -1 3747a.dat
1 15 -30 -144 520 0 0 -1 0 1 0 1 0 0 3747a.dat
1 15 -290 -120 500 0 0 -1 0 1 0 1 0 0 2454.dat
1 15 -290 -120 620 0 0 -1 0 1 0 1 0 0 2454.dat
1 4 0 -144 620 1 0 0 0 1 0 0 0 1 3020.dat
1 15 -290 -144 560 0 0 1 0 1 0 -1 0 0 3008.dat
1 15 10 -144 440 0 0 1 0 1 0 -1 0 0 2571.dat
1 15 250 -144 440 0 0 1 0 1 0 -1 0 0 2571.dat
1 15 270 -144 440 0 0 -1 0 1 0 1 0 0 2571.dat
1 15 30 -144 440 0 0 -1 0 1 0 1 0 0 2571.dat
1 7 -10 -152 560 0 0 -1 0 1 0 1 0 0 3460.dat
1 7 300 -152 500 0 0 -1 0 1 0 1 0 0 3022.dat
1 7 140 -152 500 1 0 0 0 1 0 0 0 1 3832.dat
1 7 160 -152 580 1 0 0 0 1 0 0 0 1 3027.dat
1 7 20 -152 490 0 0 -1 0 1 0 1 0 0 3021.dat
1 7 260 -152 490 0 0 -1 0 1 0 1 0 0 3021.dat
1 15 -290 -168 560 0 0 1 0 1 0 -1 0 0 3008.dat
1 15 -30 -168 560 0 0 1 0 1 0 -1 0 0 3008.dat
1 15 -30 -192 560 0 0 1 0 1 0 -1 0 0 3008.dat
1 15 -290 -192 560 0 0 1 0 1 0 -1 0 0 3008.dat
1 7 20 -152 440 0 0 1 0 1 0 -1 0 0 3022.dat
1 7 260 -152 440 0 0 1 0 1 0 -1 0 0 3022.dat
1 7 260 -152 410 1 0 0 0 1 0 0 0 1 2436a.dat
1 7 20 -152 410 1 0 0 0 1 0 0 0 1 2436a.dat
1 14 40 -160 600 1 0 0 0 1 0 0 0 1 4079.dat
1 14 100 -160 600 1 0 0 0 1 0 0 0 1 4079.dat
1 7 260 -176 610 1 0 0 0 1 0 0 0 1 3010.dat
1 7 260 -176 550 1 0 0 0 1 0 0 0 1 3010.dat
1 7 260 -200 550 1 0 0 0 1 0 0 0 1 3010.dat
1 7 260 -224 550 1 0 0 0 1 0 0 0 1 3010.dat
1 7 260 -200 610 1 0 0 0 1 0 0 0 1 3010.dat
1 7 260 -224 610 1 0 0 0 1 0 0 0 1 3010.dat
1 7 230 -248 610 1 0 0 0 1 0 0 0 1 3005.dat
1 7 290 -248 610 1 0 0 0 1 0 0 0 1 3005.dat
1 7 290 -248 550 1 0 0 0 1 0 0 0 1 3005.dat
1 7 230 -248 550 1 0 0 0 1 0 0 0 1 3005.dat
1 7 260 -248 580 0 0 -1 0 1 0 1 0 0 3001.dat
1 15 -290 -216 510 0 0 -1 0 1 0 1 0 0 3622.dat
1 15 -290 -216 560 0 0 -1 0 1 0 1 0 0 3004.dat
1 15 -290 -216 620 0 0 -1 0 1 0 1 0 0 3004.dat
1 15 -30 -216 620 0 0 -1 0 1 0 1 0 0 3004.dat
1 15 -30 -216 560 0 0 -1 0 1 0 1 0 0 3004.dat
1 15 -30 -216 510 0 0 -1 0 1 0 1 0 0 3622.dat
1 14 -30 -200 590 0 0 -1 0 1 0 1 0 0 3024.dat
1 14 -290 -200 590 0 0 -1 0 1 0 1 0 0 3024.dat
1 14 -30 -208 590 0 0 -1 0 1 0 1 0 0 4081b.dat
1 14 -290 -208 590 0 0 1 0 1 0 -1 0 0 4081b.dat
1 46 -310 -206 578 0 0 1 1 0 0 0 1 0 6141.dat
1 46 -10 -206 578 0 0 1 1 0 0 0 1 0 6141.dat
1 14 0 -142 388 1 0 0 0 0 -1 0 1 0 3069b.dat
1 14 240 -142 388 1 0 0 0 0 -1 0 1 0 3069b.dat
1 14 290 -142 388 1 0 0 0 0 -1 0 1 0 3070b.dat
1 14 50 -142 388 1 0 0 0 0 -1 0 1 0 3070b.dat
1 14 30 -142 388 1 0 0 0 0 -1 0 1 0 3070bp01.dat
1 14 270 -142 388 1 0 0 0 0 -1 0 1 0 3070bp02.dat
1 15 -30 -240 620 0 0 -1 0 1 0 1 0 0 3004.dat
1 15 -290 -240 620 0 0 -1 0 1 0 1 0 0 3004.dat
1 15 -160 -232 590 1 0 0 0 1 0 0 0 1 4217.dat
1 7 260 -328 580 1 0 0 0 1 0 0 0 1 3031.dat
1 7 290 -352 610 0 0 -1 0 1 0 1 0 0 3665.dat
1 7 230 -352 610 0 0 1 0 1 0 -1 0 0 3665.dat
1 7 230 -352 550 0 0 1 0 1 0 -1 0 0 3676.dat
1 7 290 -352 550 1 0 0 0 1 0 0 0 1 3676.dat
1 7 260 -352 550 1 0 0 0 1 0 0 0 1 3660.dat
1 7 290 -352 580 0 0 -1 0 1 0 1 0 0 3660.dat
1 7 230 -352 580 0 0 1 0 1 0 -1 0 0 3660.dat
1 0 230 -376 550 -1 0 0 0 1 0 0 0 -1 3040p33.dat
1 36 250 -360 550 -1 0 0 0 1 0 0 0 -1 6141.dat
1 34 230 -384 550 -1 0 0 0 1 0 0 0 -1 6141.dat
1 34 290 -360 570 -1 0 0 0 1 0 0 0 -1 6141.dat
1 15 280 -360 550 -1 0 0 0 1 0 0 0 -1 3069bp25.dat
1 14 260 -336 580 1 0 0 0 1 0 0 0 1 4079.dat
1 43 240 -488 530 1 0 0 0 1 0 0 0 1 2466.dat
1 43 280 -488 530 1 0 0 0 1 0 0 0 1 2466.dat
1 43 310 -488 560 0 0 -1 0 1 0 1 0 0 2466.dat
1 43 310 -488 600 0 0 -1 0 1 0 1 0 0 2466.dat
1 43 210 -488 600 0 0 1 0 1 0 -1 0 0 2466.dat
1 43 210 -488 560 0 0 1 0 1 0 -1 0 0 2466.dat
1 43 210 -488 530 0 0 1 0 1 0 -1 0 0 2468.dat
1 43 310 -488 530 1 0 0 0 1 0 0 0 1 2468.dat
1 7 260 -496 610 1 0 0 0 1 0 0 0 1 3666.dat
1 7 260 -496 560 1 0 0 0 1 0 0 0 1 3032.dat
1 43 -220 -240 580 1 0 0 0 1 0 0 0 1 2572.dat
1 43 -100 -240 580 1 0 0 0 1 0 0 0 1 2572.dat
1 15 -30 -240 550 0 0 -1 0 1 0 1 0 0 3622.dat
1 15 -290 -240 550 0 0 -1 0 1 0 1 0 0 3622.dat
1 15 -30 -240 500 0 0 -1 0 1 0 1 0 0 3004.dat
1 15 -290 -240 500 0 0 -1 0 1 0 1 0 0 3004.dat
1 15 -30 -240 590 0 0 -1 0 1 0 1 0 0 3024.dat
1 15 -290 -240 590 0 0 -1 0 1 0 1 0 0 3024.dat
1 7 -290 -248 520 0 0 -1 0 1 0 1 0 0 3710.dat
1 7 -30 -248 520 0 0 -1 0 1 0 1 0 0 3710.dat
1 7 -260 -248 600 0 0 -1 0 1 0 1 0 0 3031.dat
1 7 -60 -248 600 0 0 -1 0 1 0 1 0 0 3031.dat
1 7 -160 -248 600 -1 0 0 0 1 0 0 0 -1 3032.dat
1 4 240 -504 560 -1 0 0 0 1 0 0 0 -1 3680.dat
1 7 240 -504 560 -0.656059 0 -0.75471 0 1 0 0.75471 0 -0.656059 3679.dat
1 7 232.453 -528 553.439 0.656059 0 0.75471 0 1 0 -0.75471 0 0.656059 3937.dat
1 0 227.116 -525.071 548.8 0.656059 0.53366 0.53366 0 0.707107 -0.707107 -0.75471 0.463904 0.463904 3938.dat
1 7 228.183 -537.799 549.728 0.656059 0.53366 0.53366 0 0.707107 -0.707107 -0.75471 0.463904 0.463904 3020.dat
1 0 205.457 -536.385 556.472 0.656059 0.53366 0.53366 0 0.707107 -0.707107 -0.75471 0.463904 0.463904 2412a.dat
1 0 231.699 -536.385 526.284 0.656059 0.53366 0.53366 0 0.707107 -0.707107 -0.75471 0.463904 0.463904 2412a.dat
1 0 242.373 -550.527 535.562 0.656059 0.53366 0.53366 0 0.707107 -0.707107 -0.75471 0.463904 0.463904 2412a.dat
1 0 216.13 -550.527 565.75 0.656059 0.53366 0.53366 0 0.707107 -0.707107 -0.75471 0.463904 0.463904 2412a.dat
1 0 290 -504 590 1 0 0 0 1 0 0 0 1 3957a.dat
1 15 -110 -272 610 -0.75471 0 0.656059 0 1 0 -0.656059 0 -0.75471 3596s99.dat
1 15 -210 -272 610 -0.75471 0 0.656059 0 1 0 -0.656059 0 -0.75471 3596s99.dat
1 14 60 -224 490 1 0 0 0 1 0 0 0 1 2583.dat
1 14 240 -224 490 1 0 0 0 1 0 0 0 1 2583.dat
1 2 -90 -16 430 1 0 0 0 1 0 0 0 1 3741.dat
1 2 -170 -16 430 0.707107 0 -0.707107 0 1 0 0.707107 0 0.707107 3741.dat
1 4 -175.701 -39.808 408.763 0.681844 0.119656 -0.721644 -0.398599 0.887977 -0.229379 0.613357 0.444047 0.653157 3742.dat
1 4 -109.048 -39.808 419.014 0.915846 0.398599 -0.0484276 -0.398599 0.887978 -0.229379 -0.0484276 0.229379 0.972132 3742.dat
1 4 -145.991 -44.468 436.205 0.546881 -0.436738 -0.714269 0.35946 0.893003 -0.270803 0.756115 -0.108654 0.645356 3742.dat
1 4 -68.635 -44.468 417.41 0.921357 -0.38565 -0.0487288 0.35946 0.893003 -0.270803 0.14795 0.231991 0.9614 3742.dat
1 4 -90 -36.522 450.911 0.981066 0 -0.193675 0.0803157 0.909962 0.40684 0.176237 -0.414692 0.892732 3742.dat
1 4 -184.787 -36.522 444.787 0.5691 0.293231 -0.768206 0.0803156 0.909962 0.40684 0.818336 -0.293231 0.494308 3742.dat
1 15 80 -96 490 -1 0 0 0 1 0 0 0 -1 3004.dat
1 15 80 -84 500 -1 0 0 0 0 -1 0 -1 0 163156d.dat
1 15 200 -84 500 -1 0 0 0 0 -1 0 -1 0 163156c.dat
1 15 200 -96 490 -1 0 0 0 1 0 0 0 -1 3004.dat
1 7 260 -296 550 1 0 0 0 1 0 0 0 1 3010.dat
1 7 260 -320 550 1 0 0 0 1 0 0 0 1 3010.dat
1 7 260 -272 550 1 0 0 0 1 0 0 0 1 3010.dat
1 7 260 -272 610 1 0 0 0 1 0 0 0 1 3010.dat
1 7 260 -296 610 1 0 0 0 1 0 0 0 1 3010.dat
1 7 260 -320 610 1 0 0 0 1 0 0 0 1 3010.dat
1 7 260 -284 620 -1 0 0 0 0 -1 0 -1 0 163155b.dat
1 7 260 -284 540 1 0 0 0 0 -1 0 1 0 163155b.dat
1 4 -200 -144 550 -1 0 0 0 1 0 0 0 -1 4215as99.dat
1 0 -180 -72 560 -1 0 0 0 1 0 0 0 -1 4346.dat
1 0 -180 -46 591 -1 0 0 0 0 -1 0 -1 0 163156a.dat
1 0 -220 -46 591 -1 0 0 0 0 -1 0 -1 0 163156b.dat
1 0 -220 -72 560 -1 0 0 0 1 0 0 0 -1 4346.dat
1 6 -260 -8 380 1 0 0 0 1 0 0 0 1 2563.dat
1 6 -260 -43.66 382.59 1 0 0 0 0.966 0.259 0 -0.259 0.966 2536.dat
1 6 -260 -78.706 390.524 1 0 0 0 0.993 0.12 0 -0.12 0.993 2536.dat
1 6 -260 -114.728 392.3 1 0 0 0 1 0.021 0 -0.021 1 2536.dat
1 6 -260 -150.496 392.48 1 0 0 0 0.993 -0.12 0 0.12 0.993 2536.dat
1 6 -260 -185.932 387.364 1 0 0 0 0.966 -0.259 0 0.259 0.966 2536.dat
1 6 -260 -220.29 377.546 1 0 0 0 0.92 -0.393 0 0.393 0.92 2536.dat
1 6 -260 -257.252 362.66 0.707 0 0.707 -0.278 0.92 0.278 0.65 0.393 -0.65 2566.dat
1 2 -267.07 -267.668 366.82 -0.707 0 0.707 0.278 0.92 0.278 -0.65 0.393 -0.65 2518.dat
1 2 -252.93 -262.108 353.82 0.707 0 0.707 -0.278 0.92 0.278 0.65 0.393 -0.65 2518.dat
1 2 -267.07 -269.468 350.676 0.707 0 0.707 0.278 0.92 -0.278 -0.65 0.393 0.65 2518.dat
1 2 -252.93 -275.028 363.676 -0.707 0 0.707 -0.278 0.92 -0.278 0.65 0.393 0.65 2518.dat
1 2 -260 -279.608 354.032 0.707 0 0.707 -0.278 0.92 0.278 0.65 0.393 -0.65 4032a.dat
1 2 -260 -301.688 344.6 0.707 0 0.707 -0.278 0.92 0.278 0.65 0.393 -0.65 3062b.dat
1 1 60 -192 531 1 0 0 0 1 0 0 0 1 3815.dat
1 15 44.4 -215.036 531 0.984375 0.043461 -0.168125 0.17358 -0.246468 0.953438 0 -0.967724 -0.25038 3818.dat
1 15 75.6 -215.036 531 0.984375 0.157317 0.0733903 -0.17358 0.892145 0.416196 0 -0.422433 0.906306 3819.dat
1 14 41.9639 -230.001 515.189 0.943145 0.295297 -0.149591 -0.0307538 0.528239 0.848333 0.329629 -0.795628 0.507162 3820.dat
1 14 82.769 -203.162 514.044 0.984375 0.16311 -0.059336 -0.17358 0.924998 -0.336496 0 0.342099 0.939419 3820.dat
1 1 60 -180 531 1 0 0 0 1 0 0 0 1 3816.dat
1 1 60 -180 531 1 0 0 0 1 0 0 0 1 3817.dat
1 14 60 -248 531 1 0 0 0 1 0 0 0 1 3626ap01.dat
1 15 60 -224 531 1 0 0 0 1 0 0 0 1 973p71.dat
1 6 60 -248 531 1 0 0 0 1 0 0 0 1 4530.dat
1 7 260 -40 450 1 0 0 0 1 0 0 0 1 3815.dat
1 1 244.4 -63.036 450 0.984375 -0.123806 -0.121717 0.17358 0.702106 0.69026 0 -0.700603 0.71325 3818.dat
1 1 275.601 -63.036 450 0.984375 0.073358 -0.157385 -0.17358 0.416014 -0.892536 0 0.905909 0.422617 3819.dat
1 14 238.343 -57.467 429.698 0.984375 -0.173585 0.00147688 0.17358 0.984403 -0.0083752 0 0.00894198 0.999594 3820.dat
1 14 283.467 -47.206 462.938 0.984375 -0.0594072 -0.163135 -0.17358 -0.336901 -0.925145 0 0.939268 -0.341687 3820.dat
1 7 260 -28 450 1 0 0 0 1 0 0 0 1 3816.dat
1 7 260 -28 450 1 0 0 0 0.866025 0.5 0 -0.5 0.866025 3817.dat
1 14 260 -96 450 1 0 0 0 1 0 0 0 1 3626ap01.dat
1 1 260 -72 450 1 0 0 0 1 0 0 0 1 973p18.dat
1 0 260 -96 450 1 0 0 0 1 0 0 0 1 3901.dat
1 0 260 -357 588 1 0 0 0 1 0 0 0 1 3815.dat
1 0 244.4 -380.036 588 0.984375 -0.00151475 -0.173649 0.17358 0.00858995 0.984769 0 -0.999524 0.00872643 3818.dat
1 0 275.601 -380.036 588 0.984375 0.117269 0.128033 -0.17358 0.665033 0.726074 0 -0.736953 0.675589 3819.dat
1 14 241.168 -390.49 569.023 0.984375 -0.123841 -0.121699 0.17358 0.702305 0.690158 0 -0.700494 0.712833 3820.dat
1 14 281.472 -375.523 567.384 0.984375 0.173428 0.00761008 -0.17358 0.983513 0.0431563 0 -0.0433846 0.998668 3820.dat
1 0 260 -345 588 1 0 0 0 0 1 0 -1 0 3816.dat
1 0 260 -345 588 1 0 0 0 0 1 0 -1 0 3817.dat
1 14 260 -413 588 1 0 0 0 1 0 0 0 1 3626ap01.dat
1 0 260 -413 588 1 0 0 0 1 0 0 0 1 3624.dat
1 0 260 -389 588 1 0 0 0 1 0 0 0 1 973p1f.dat
1 15 285.306 -36.777 464.052 -0.0983447 0.143042 -0.984372 -0.557716 0.811193 0.173984 0.823654 0.566359 0 4449.dat
0 MLCAD BTG airplane
1 4 686 -121.251 394.701 -1 0 0 0 0.992547 -0.12187 0 -0.12187 -0.992547 4855.dat
0 MLCAD BTG airplane
1 4 686 -157.812 96.94 1 0 0 0 0.992547 0.12187 0 -0.12187 0.992547 4855.dat
0 MLCAD BTG airplane
1 4 686 -127.346 345.081 0 0 1 -0.12187 0.992547 0 -0.992547 -0.12187 0 4854.dat
0 MLCAD BTG airplane
1 4 686 -137.095 265.677 0 0 1 -0.12187 0.992547 0 -0.992547 -0.12187 0 4854.dat
0 MLCAD BTG airplane
1 4 686 -146.843 186.266 0 0 1 -0.12187 0.992547 0 -0.992547 -0.12187 0 4854.dat
0 MLCAD BTG airplane
1 15 686 -159.031 87.016 0 0 1 -0.12187 0.992547 0 -0.992547 -0.12187 0 3022.dat
0 MLCAD BTG airplane
1 15 686 -135.913 406.577 0 0 1 -0.12187 0.992547 0 -0.992547 -0.12187 0 3003.dat
0 MLCAD BTG airplane
1 4 686 -146.881 317.251 1 0 0 0 0.992547 0.12187 0 -0.12187 0.992547 4865a.dat
0 MLCAD BTG airplane
1 15 656 -140.159 306.346 0 0 -1 0.12187 0.992547 0 0.992547 -0.12187 0 4477.dat
0 MLCAD BTG airplane
1 15 716 -140.159 306.346 0 0 -1 0.12187 0.992547 0 0.992547 -0.12187 0 4477.dat
0 MLCAD BTG airplane
1 15 686 -123.099 445.301 -1 0 0 0 0.992547 -0.12187 0 -0.12187 -0.992547 4859.dat
0 MLCAD BTG airplane
1 15 546 -160.879 137.617 -1 0 0 0 0.992547 -0.12187 0 -0.12187 -0.992547 3586.dat
0 MLCAD BTG airplane
1 15 826 -160.879 137.617 -1 0 0 0 0.992547 -0.12187 0 -0.12187 -0.992547 3585.dat
0 MLCAD BTG airplane
1 15 686 -188.944 40.312 -1 0 0 0 0.992547 -0.12187 0 -0.12187 -0.992547 4856.dat
0 MLCAD BTG airplane
1 1 716 -170.037 128.666 0 0 1 -0.12187 0.992547 0 -0.992547 -0.12187 0 3069b.dat
0 MLCAD BTG airplane
1 1 716 -157.849 227.915 0 0 1 -0.12187 0.992547 0 -0.992547 -0.12187 0 4162.dat
0 MLCAD BTG airplane
1 1 716 -173.694 98.893 0 0 1 -0.12187 0.992547 0 -0.992547 -0.12187 0 3024.dat
0 MLCAD BTG airplane
1 1 716 -138.349 386.719 0 0 1 -0.12187 0.992547 0 -0.992547 -0.12187 0 3023.dat
0 MLCAD BTG airplane
1 1 716 -144.444 337.098 0 0 1 -0.12187 0.992547 0 -0.992547 -0.12187 0 3623.dat
0 MLCAD BTG airplane
1 1 656 -143.226 347.023 0 0 1 -0.12187 0.992547 0 -0.992547 -0.12187 0 3666.dat
0 MLCAD BTG airplane
1 1 656 -162.725 188.218 0 0 1 -0.12187 0.992547 0 -0.992547 -0.12187 0 4477.dat
0 MLCAD BTG airplane
1 1 686 -131.038 446.273 -1 0 0 0 0.992547 -0.12187 0 -0.12187 -0.992547 4859.dat
0 MLCAD BTG airplane
1 4 686 -176.129 79.036 1 0 0 0 0.992547 0.12187 0 -0.12187 0.992547 3023.dat
0 MLCAD BTG airplane
1 15 656 -210.329 63.084 0 0 -1 0.12187 0.992547 0 0.992547 -0.12187 0 4070.dat
0 MLCAD BTG airplane
1 15 656 -212.767 43.236 0 0 -1 0.12187 0.992547 0 0.992547 -0.12187 0 4070.dat
0 MLCAD BTG airplane
1 15 716 -212.767 43.236 0 0 1 -0.12187 0.992547 0 -0.992547 -0.12187 0 4070.dat
0 MLCAD BTG airplane
1 15 716 -210.329 63.084 0 0 1 -0.12187 0.992547 0 -0.992547 -0.12187 0 4070.dat
0 MLCAD BTG airplane
1 1 716 -181.631 99.855 0 0 1 -0.12187 0.992547 0 -0.992547 -0.12187 0 3024.dat
0 MLCAD BTG airplane
1 1 656 -181.632 99.865 0 0 1 -0.12187 0.992547 0 -0.992547 -0.12187 0 3024.dat
0 MLCAD BTG airplane
1 4 686 -137.095 265.677 -1 0 0 0 0.992547 -0.12187 0 -0.12187 -0.992547 4079.dat
0 MLCAD BTG airplane
1 4 686 -144.407 206.124 -1 0 0 0 0.992547 -0.12187 0 -0.12187 -0.992547 4079.dat
0 MLCAD BTG airplane
1 4 686 -151.719 146.571 -1 0 0 0 0.992547 -0.12187 0 -0.12187 -0.992547 4079.dat
0 MLCAD BTG airplane
1 1 716 -207.892 82.942 0 0 -1 0.12187 0.992547 0 0.992547 -0.12187 0 2357.dat
0 MLCAD BTG airplane
1 1 656 -207.891 82.942 1 0 0 0 0.992547 0.12187 0 -0.12187 0.992547 2357.dat
0 MLCAD BTG airplane
1 15 686 -184.07 80.007 1 0 0 0 0.992547 0.12187 0 -0.12187 0.992547 3023.dat
0 MLCAD BTG airplane
1 15 686 -160.953 399.578 -1 0 0 0 0.992547 -0.12187 0 -0.12187 -0.992547 4858.dat
0 MLCAD BTG airplane
1 15 686 -220.078 -16.318 -1 0 0 0 0.992547 -0.12187 0 -0.12187 -0.992547 4856.dat
0 MLCAD BTG airplane
1 0 686 -160.954 399.578 1 0 0 0 0.992547 0.12187 0 -0.12187 0.992547 3039pc4.dat
0 MLCAD BTG airplane
1 1 716 -228.019 -15.345 0 0 1 -0.12187 0.992547 0 -0.992547 -0.12187 0 3024.dat
0 MLCAD BTG airplane
1 1 656 -228.019 -15.345 0 0 1 -0.12187 0.992547 0 -0.992547 -0.12187 0 3024.dat
0 MLCAD BTG airplane
1 1 656 -219.489 54.131 0 0 1 -0.12187 0.992547 0 -0.992547 -0.12187 0 3666.dat
0 MLCAD BTG airplane
1 1 716 -219.489 54.131 0 0 1 -0.12187 0.992547 0 -0.992547 -0.12187 0 3666.dat
0 MLCAD BTG airplane
1 1 686 -234.115 -64.965 1 0 0 0 0.992547 0.12187 0 -0.12187 0.992547 4859.dat
0 MLCAD BTG airplane
1 15 716 -164.609 369.796 0 0 1 -0.12187 0.992547 0 -0.992547 -0.12187 0 4865a.dat
0 MLCAD BTG airplane
1 15 656 -164.609 369.796 0 0 -1 0.12187 0.992547 0 0.992547 -0.12187 0 4865a.dat
0 MLCAD BTG airplane
1 15 686 -242.052 -63.995 1 0 0 0 0.992547 0.12187 0 -0.12187 0.992547 4859.dat
0 MLCAD BTG airplane
1 15 716 -233.522 5.483 0 0 1 -0.12187 0.992547 0 -0.992547 -0.12187 0 3623.dat
0 MLCAD BTG airplane
1 15 656 -233.522 5.483 0 0 1 -0.12187 0.992547 0 -0.992547 -0.12187 0 3623.dat
0 MLCAD BTG airplane
1 15 656 -224.991 74.961 0 0 -1 0.12187 0.992547 0 0.992547 -0.12187 0 3710.dat
0 MLCAD BTG airplane
1 15 716 -224.991 74.961 0 0 -1 0.12187 0.992547 0 0.992547 -0.12187 0 3710.dat
0 MLCAD BTG airplane
1 15 656 -215.241 154.363 0 0 1 -0.12187 0.992547 0 -0.992547 -0.12187 0 4863.dat
0 MLCAD BTG airplane
1 15 656 -205.492 233.776 0 0 1 -0.12187 0.992547 0 -0.992547 -0.12187 0 4863.dat
0 MLCAD BTG airplane
1 15 656 -195.742 313.167 0 0 1 -0.12187 0.992547 0 -0.992547 -0.12187 0 4863.dat
0 MLCAD BTG airplane
1 15 716 -193.305 333.026 0 0 -1 0.12187 0.992547 0 0.992547 -0.12187 0 2377.dat
0 MLCAD BTG airplane
1 41 716 -193.305 333.026 0 0 -1 0.12187 0.992547 0 0.992547 -0.12187 0 4862.dat
0 MLCAD BTG airplane
1 41 656 -193.305 333.026 0 0 1 -0.12187 0.992547 0 -0.992547 -0.12187 0 4862.dat
0 MLCAD BTG airplane
1 41 656 -198.179 293.328 0 0 1 -0.12187 0.992547 0 -0.992547 -0.12187 0 4862.dat
0 MLCAD BTG airplane
1 41 656 -203.054 253.612 0 0 1 -0.12187 0.992547 0 -0.992547 -0.12187 0 4862.dat
0 MLCAD BTG airplane
1 41 656 -207.929 213.917 0 0 1 -0.12187 0.992547 0 -0.992547 -0.12187 0 4862.dat
0 MLCAD BTG airplane
1 41 656 -212.803 174.212 0 0 1 -0.12187 0.992547 0 -0.992547 -0.12187 0 4862.dat
0 MLCAD BTG airplane
1 41 656 -217.678 134.516 0 0 1 -0.12187 0.992547 0 -0.992547 -0.12187 0 4862.dat
0 MLCAD BTG airplane
1 15 752 -201.623 51.94 0 1 0 0.992547 0 -0.12187 -0.12187 0 -0.992547 4868a.dat
0 MLCAD BTG airplane
1 7 752 -201.622 51.94 0 1 0 0.992547 0 -0.12187 -0.12187 0 -0.992547 4869.dat
0 MLCAD BTG airplane
1 15 620 -201.623 51.94 0 -1 0 -0.992547 0 -0.12187 0.12187 0 -0.992547 4868a.dat
0 MLCAD BTG airplane
1 7 620 -201.622 51.94 0 -1 0 -0.992547 0 -0.12187 0.12187 0 -0.992547 4869.dat
0 MLCAD BTG airplane
1 4 716 -229.277 105.714 -1 0 0 0 0.992547 -0.12187 0 -0.12187 -0.992547 3070b.dat
0 MLCAD BTG airplane
1 4 716 -235.368 56.084 0 0 1 -0.12187 0.992547 0 -0.992547 -0.12187 0 2431.dat
0 MLCAD BTG airplane
1 4 686 -242.68 -3.469 1 0 0 0 0.992547 0.12187 0 -0.12187 0.992547 3020.dat
0 MLCAD BTG airplane
1 4 686 -249.992 -63.023 1 0 0 0 0.992547 0.12187 0 -0.12187 0.992547 4859.dat
0 MLCAD BTG airplane
1 4 716 -202.464 324.073 -1 0 0 0 0.992547 -0.12187 0 -0.12187 -0.992547 3070b.dat
0 MLCAD BTG airplane
1 4 716 -200.026 343.921 -1 0 0 0 0.992547 -0.12187 0 -0.12187 -0.992547 3024.dat
0 MLCAD BTG airplane
1 4 656 -200.027 343.931 -1 0 0 0 0.992547 -0.12187 0 -0.12187 -0.992547 3024.dat
0 MLCAD BTG airplane
1 15 676 -265.283 9.38 0 0 1 -0.12187 0.992547 0 -0.992547 -0.12187 0 3040b.dat
0 MLCAD BTG airplane
1 15 696 -265.283 9.38 0 0 -1 0.12187 0.992547 0 0.992547 -0.12187 0 3040b.dat
0 MLCAD BTG airplane
1 15 686 -259.19 59.01 0 0 -1 0.12187 0.992547 0 0.992547 -0.12187 0 4857.dat
0 MLCAD BTG airplane
1 4 656 -235.368 56.084 0 0 -1 0.12187 0.992547 0 0.992547 -0.12187 0 4625.dat
0 MLCAD BTG airplane
1 41 686 -195.151 383.627 -1 0 0 0 0.992547 -0.12187 0 -0.12187 -0.992547 2437.dat
0 MLCAD BTG airplane
1 4 656 -225.62 135.488 0 0 -1 0.12187 0.992547 0 0.992547 -0.12187 0 4625.dat
0 MLCAD BTG airplane
1 4 656 -215.869 214.889 0 0 -1 0.12187 0.992547 0 0.992547 -0.12187 0 4625.dat
0 MLCAD BTG airplane
1 4 656 -206.119 294.3 0 0 -1 0.12187 0.992547 0 0.992547 -0.12187 0 4625.dat
0 MLCAD BTG airplane
1 15 686 -249.44 138.41 0 0 -1 0.12187 0.992547 0 0.992547 -0.12187 0 4857.dat
0 MLCAD BTG airplane
1 15 686 -239.691 217.814 0 0 -1 0.12187 0.992547 0 0.992547 -0.12187 0 4857.dat
0 MLCAD BTG airplane
1 15 686 -229.942 297.225 0 0 -1 0.12187 0.992547 0 0.992547 -0.12187 0 4857.dat
0 MLCAD BTG airplane
1 4 716 -215.869 214.889 0 0 -1 0.12187 0.992547 0 0.992547 -0.12187 0 4477.dat
0 MLCAD BTG airplane
1 15 716 -217.678 134.516 0 0 -1 0.12187 0.992547 0 0.992547 -0.12187 0 2377.dat
0 MLCAD BTG airplane
1 41 716 -217.678 134.516 0 0 -1 0.12187 0.992547 0 0.992547 -0.12187 0 4862.dat
0 MLCAD BTG airplane
1 15 716 -210.366 194.059 0 0 -1 0.12187 0.992547 0 0.992547 -0.12187 0 4863.dat
0 MLCAD BTG airplane
1 15 716 -200.617 273.472 0 0 -1 0.12187 0.992547 0 0.992547 -0.12187 0 4863.dat
0 MLCAD BTG airplane
1 41 716 -212.805 174.222 0 0 -1 0.12187 0.992547 0 0.992547 -0.12187 0 4862.dat
0 MLCAD BTG airplane
1 41 716 -207.929 213.917 0 0 -1 0.12187 0.992547 0 0.992547 -0.12187 0 4862.dat
0 MLCAD BTG airplane
1 41 716 -203.055 253.622 0 0 -1 0.12187 0.992547 0 0.992547 -0.12187 0 4862.dat
0 MLCAD BTG airplane
1 41 716 -198.18 293.317 0 0 -1 0.12187 0.992547 0 0.992547 -0.12187 0 4862.dat
0 MLCAD BTG airplane
1 15 686 -223.848 346.845 -1 0 0 0 0.992547 -0.12187 0 -0.12187 -0.992547 4861.dat
0 MLCAD BTG airplane
1 7 656 -154.157 126.721 0 0 1 -0.12187 0.992547 0 -0.992547 -0.12187 0 3298.dat
0 MLCAD BTG airplane
1 7 716 -154.157 126.721 0 0 -1 0.12187 0.992547 0 0.992547 -0.12187 0 3298.dat
0 MLCAD BTG airplane
1 7 686 -138.276 124.768 0 0 -1 0.12187 0.992547 0 0.992547 -0.12187 0 3022.dat
0 MLCAD BTG airplane
1 7 686 -130.334 123.788 -1 0 0 0 0.992547 -0.12187 0 -0.12187 -0.992547 3034.dat
0 MLCAD BTG airplane
1 36 686 -113.272 262.743 1 0 0 0 0.992547 0.12187 0 -0.12187 0.992547 6141.dat
0 MLCAD BTG airplane
1 7 686 -98.65 381.85 1 0 0 0 0.992547 0.12187 0 -0.12187 0.992547 3679.dat
0 MLCAD BTG airplane
1 7 686 -98.648 381.85 1 0 0 0 0.992547 0.12187 0 -0.12187 0.992547 3680.dat
0 MLCAD BTG airplane
1 7 698 -63.875 361.465 0 0 -1 0.12187 0.992547 0 0.992547 -0.12187 0 4624.dat
0 MLCAD BTG airplane
1 7 686 -90.71 380.879 -1 0 0 0 0.992547 -0.12187 0 -0.12187 -0.992547 4870.dat
0 MLCAD BTG airplane
1 7 674 -63.875 361.465 0 0 1 -0.12187 0.992547 0 -0.992547 -0.12187 0 4624.dat
0 MLCAD BTG airplane
1 0 674 -63.875 361.465 0 0 1 -0.12187 0.992547 0 -0.992547 -0.12187 0 59895.dat
0 MLCAD BTG airplane
1 0 698 -63.875 361.465 0 0 1 -0.12187 0.992547 0 -0.992547 -0.12187 0 59895.dat
0 MLCAD BTG airplane
1 7 626 -122.395 122.816 -1 0 0 0 0.992547 -0.12187 0 -0.12187 -0.992547 4870.dat
0 MLCAD BTG airplane
1 7 746 -122.395 122.816 -1 0 0 0 0.992547 -0.12187 0 -0.12187 -0.992547 4870.dat
0 MLCAD BTG airplane
1 7 614 -95.56 103.401 0 0 1 -0.12187 0.992547 0 -0.992547 -0.12187 0 4624.dat
0 MLCAD BTG airplane
1 7 638 -95.56 103.401 0 0 -1 0.12187 0.992547 0 0.992547 -0.12187 0 4624.dat
0 MLCAD BTG airplane
1 7 758 -95.56 103.401 0 0 -1 0.12187 0.992547 0 0.992547 -0.12187 0 4624.dat
0 MLCAD BTG airplane
1 7 734 -95.56 103.401 0 0 1 -0.12187 0.992547 0 -0.992547 -0.12187 0 4624.dat
0 MLCAD BTG airplane
1 0 638 -95.56 103.401 0 0 1 -0.12187 0.992547 0 -0.992547 -0.12187 0 59895.dat
0 MLCAD BTG airplane
1 0 614 -95.56 103.401 0 0 1 -0.12187 0.992547 0 -0.992547 -0.12187 0 59895.dat
0 MLCAD BTG airplane
1 0 734 -95.56 103.401 0 0 1 -0.12187 0.992547 0 -0.992547 -0.12187 0 59895.dat
0 MLCAD BTG airplane
1 0 758 -95.56 103.401 0 0 1 -0.12187 0.992547 0 -0.992547 -0.12187 0 59895.dat
0 MLCAD BTG airplane
1 15 686 -267.722 -10.469 -1 0 0 0 0.992547 -0.12187 0 -0.12187 -0.992547 4867px3.dat
0 MLCAD BTG airplane
1 15 686 -360.531 -109.895 1 0 0 0 0.992547 0.12187 0 -0.12187 0.992547 3474.dat
0 MLCAD BTG airplane
1 15 686 -369.689 -118.847 1 0 0 0 0.992547 0.12187 0 -0.12187 0.992547 3794a.dat
0 MLCAD BTG airplane
1 36 686 -377.63 -117.876 1 0 0 0 0.992547 0.12187 0 -0.12187 0.992547 6141.dat
0 MLCAD BTG airplane
1 36 436 -176.13 79.036 1 0 0 0 0.992547 0.12187 0 -0.12187 0.992547 6141.dat
0 MLCAD BTG airplane
1 34 936 -176.13 79.036 1 0 0 0 0.992547 0.12187 0 -0.12187 0.992547 6141.dat
0 MLCAD BTG airplane
1 0 686 -141.222 338.716 -1 0 0 0 0.992547 -0.12187 0 -0.12187 -0.992547 3815.dat
0 MLCAD BTG airplane
1 0 701.6 -164.087 341.524 -0.984375 0.123806 0.121717 0.172286 0.782255 0.598191 -0.0211541 0.609816 -0.792055 3818.dat
0 MLCAD BTG airplane
1 0 670.4 -164.087 341.524 -0.984375 -0.117269 -0.128033 -0.172286 0.749887 0.638328 0.0211541 0.650413 -0.759039 3819.dat
0 MLCAD BTG airplane
1 14 707.657 -156.086 360.995 -0.984375 0.173585 -0.00147688 0.172286 0.975975 -0.130132 -0.0211541 -0.128843 -0.991122 3820.dat
0 MLCAD BTG airplane
1 14 664.529 -157.096 361.439 -0.984375 -0.173428 -0.00761008 -0.172286 0.981468 -0.0788719 0.0211541 -0.0767986 -0.996483 3820.dat
0 MLCAD BTG airplane
1 0 686 -129.311 337.258 -1 0 0 0 0.12187 0.992547 0 0.992547 -0.12187 3816.dat
0 MLCAD BTG airplane
1 0 686 -129.311 337.258 -1 0 0 0 0.12187 0.992547 0 0.992547 -0.12187 3817.dat
0 MLCAD BTG airplane
1 14 686 -196.806 345.547 -1 0 0 0 0.992547 -0.12187 0 -0.12187 -0.992547 3626ap01.dat
0 MLCAD BTG airplane
1 0 686 -196.806 345.547 -1 0 0 0 0.992547 -0.12187 0 -0.12187 -0.992547 3624.dat
0 MLCAD BTG airplane
1 0 686 -172.986 342.623 -1 0 0 0 0.992547 -0.12187 0 -0.12187 -0.992547 973p04.dat
0 GROUP 131 airplane
0 MLCAD BTG helicopter
1 0 -263.145 -8 -56.949 0.207912 0 -0.978148 0 1 0 0.978148 0 0.207912 3666.dat
0 MLCAD BTG helicopter
1 0 -165.33 -8 -77.74 0.207912 0 -0.978148 0 1 0 0.978148 0 0.207912 3666.dat
0 MLCAD BTG helicopter
1 0 -212.158 -32 -57.563 0.978148 0 0.207912 0 1 0 -0.207912 0 0.978148 4873.dat
0 MLCAD BTG helicopter
1 14 -245.661 -40 -70.889 0.207912 0 -0.978148 0 1 0 0.978148 0 0.207912 3623.dat
0 MLCAD BTG helicopter
1 14 -186.972 -40 -83.363 0.207912 0 -0.978148 0 1 0 0.978148 0 0.207912 3623.dat
0 MLCAD BTG helicopter
1 14 -218.396 -40 -86.907 0.207912 0 -0.978148 0 1 0 0.978148 0 0.207912 3020.dat
0 MLCAD BTG helicopter
1 0 -221.94 -48 -55.4834 0.207912 0 -0.978148 0 1 0 0.978148 0 0.207912 2420.dat
0 MLCAD BTG helicopter
1 0 -202.377 -48 -59.642 0.978148 0 0.207912 0 1 0 -0.207912 0 0.978148 2420.dat
0 MLCAD BTG helicopter
1 0 -189.051 -48 -93.1445 -0.207912 0 0.978148 0 1 0 -0.978148 0 -0.207912 3023.dat
0 MLCAD BTG helicopter
1 0 -247.74 -48 -80.67 -0.207912 0 0.978148 0 1 0 -0.978148 0 -0.207912 3023.dat
0 MLCAD BTG helicopter
1 15 -212.158 -56 -57.563 0.978148 0 0.207912 0 1 0 -0.207912 0 0.978148 3023.dat
0 MLCAD BTG helicopter
1 15 -245.66 -56 -70.889 -0.207912 0 0.978148 0 1 0 -0.978148 0 -0.207912 3623.dat
0 MLCAD BTG helicopter
1 15 -186.972 -56 -83.363 -0.207912 0 0.978148 0 1 0 -0.978148 0 -0.207912 3623.dat
0 MLCAD BTG helicopter
1 0 -208 -56 -38 -0.978148 0 -0.207912 0 1 0 0.207912 0 -0.978148 2452.dat
0 MLCAD BTG helicopter
1 0 -190.45 -79.7 44.5658 -0.195373 0.07111 0.978148 0.34202 0.939693 0 -0.919158 0.334546 -0.207912 4504.dat
0 MLCAD BTG helicopter
1 0 -170.267 -104.406 139.52 -0.207912 0.00362855 0.978148 0.0174524 1 0 -0.978148 0.017071 -0.207912 4276b.dat
0 MLCAD BTG helicopter
1 14 -182.814 -80 -63.8 0.978148 0 0.207912 0 1 0 -0.207912 0 0.978148 4286.dat
0 MLCAD BTG helicopter
1 14 -241.503 -80 -51.326 0.978148 0 0.207912 0 1 0 -0.207912 0 0.978148 4286.dat
0 MLCAD BTG helicopter
1 7 -210.079 -80 -47.781 0.978148 0 0.207912 0 1 0 -0.207912 0 0.978148 3003.dat
0 MLCAD BTG helicopter
1 7 -198.218 -88 -40.079 0.207912 0 -0.978148 0 1 0 0.978148 0 0.207912 4081b.dat
0 MLCAD BTG helicopter
1 7 -217.781 -88 -35.9204 -0.207912 0 0.978148 0 1 0 -0.978148 0 -0.207912 4081b.dat
0 MLCAD BTG helicopter
1 14 -212.16 -88 -57.5624 0.978148 0 0.207912 0 1 0 -0.207912 0 0.978148 3710.dat
0 MLCAD BTG helicopter
1 15 -170.297 -112.406 139.38 0.207912 0.00362855 -0.978148 -0.0174524 1 0 0.978148 0.017071 0.207912 3794a.dat
0 MLCAD BTG helicopter
1 7 -208 -112 -38 -0.978148 0 -0.207912 0 1 0 0.207912 0 -0.978148 3700.dat
0 MLCAD BTG helicopter
1 14 -241.502 -112 -51.3256 -0.978148 0 -0.207912 0 1 0 0.207912 0 -0.978148 3005.dat
0 MLCAD BTG helicopter
1 14 -182.814 -112 -63.8004 -0.978148 0 -0.207912 0 1 0 0.207912 0 -0.978148 3005.dat
0 MLCAD BTG helicopter
1 7 -205.921 -102 -28.219 -0.978148 0.207912 0 0 0 1 0.207912 0.978148 0 4589.dat
0 MLCAD BTG helicopter
1 14 -241.504 -120 -51.325 -0.978148 0 -0.207912 0 1 0 0.207912 0 -0.978148 3024.dat
0 MLCAD BTG helicopter
1 14 -182.813 -120 -63.801 -0.978148 0 -0.207912 0 1 0 0.207912 0 -0.978148 3024.dat
0 MLCAD BTG helicopter
1 0 -208 -120 -38 -0.978148 0 -0.207912 0 1 0 0.207912 0 -0.978148 2452.dat
0 MLCAD BTG helicopter
1 0 -189.288 -120 50.033 -0.207912 0 0.978148 0 1 0 -0.978148 0 -0.207912 4504.dat
0 MLCAD BTG helicopter
1 0 -168.497 -120 147.848 -0.207912 0 0.978148 0 1 0 -0.978148 0 -0.207912 4276b.dat
0 MLCAD BTG helicopter
1 7 -185.13 -128 69.596 -0.207912 0 0.978148 0 1 0 -0.978148 0 -0.207912 4477.dat
0 MLCAD BTG helicopter
1 14 -178.279 -136 149.927 -0.978148 0 -0.207912 0 1 0 0.207912 0 -0.978148 4488.dat
0 MLCAD BTG helicopter
1 7 -237.346 -128 -31.762 -0.207912 0 0.978148 0 1 0 -0.978148 0 -0.207912 2420.dat
0 MLCAD BTG helicopter
1 7 -178.656 -128 -44.237 -0.978148 0 -0.207912 0 1 0 0.207912 0 -0.978148 2420.dat
0 MLCAD BTG helicopter
1 14 -214.852 -48 -118.331 -0.824126 0 -0.566406 0 1 0 0.566406 0 -0.824126 4592.dat
0 MLCAD BTG helicopter
1 14 -234.415 -48 -114.172 -0.983255 0 0.182236 0 1 0 -0.182236 0 -0.983255 4592.dat
0 MLCAD BTG helicopter
1 0 -234.414 -48 -114.173 -0.983255 0.119557 0.137535 0 0.75471 -0.656059 -0.182236 -0.645073 -0.742072 4593.dat
0 MLCAD BTG helicopter
1 0 -214.851 -48 -118.331 -0.824126 -0.332925 -0.458232 0 0.809017 -0.587785 0.566406 -0.484409 -0.666732 4593.dat
0 MLCAD BTG helicopter
1 14 -212.158 -136 -57.563 0.978148 0 0.207912 0 1 0 -0.207912 0 0.978148 4315.dat
0 MLCAD BTG helicopter
1 43 -215.069 -132 -71.257 0.978148 0 0.207912 0 1 0 -0.207912 0 0.978148 2483.dat
0 MLCAD BTG helicopter
1 7 -208 -136 -38 0.978148 0 0.207912 0 1 0 -0.207912 0 0.978148 3023.dat
0 MLCAD BTG helicopter
1 36 -166.417 -144 157.629 0.978148 0 0.207912 0 1 0 -0.207912 0 0.978148 6141.dat
0 MLCAD BTG helicopter
1 0 -210.079 -144 -47.781 0.978148 0 0.207912 0 1 0 -0.207912 0 0.978148 2460.dat
0 MLCAD BTG helicopter
1 7 -210.079 -168 -47.781 0.559547 0 -0.829532 0 1 0 0.829532 0 0.559547 2479.dat
0 MLCAD BTG helicopter
1 0 -203.71 -131 155.333 0 0.978148 0.207912 -1 0 0 0 -0.207912 0.978148 2421.dat
0 MLCAD BTG helicopter
1 14 -284.737 -176 2.57802 -0.829532 0 -0.559547 0 1 0 0.559547 0 -0.829532 4162.dat
0 MLCAD BTG helicopter
1 14 -135.421 -176 -98.1402 -0.829532 0 -0.559547 0 1 0 0.559547 0 -0.829532 4162.dat
0 GROUP 49 helicopter
0 MLCAD BTG vert1
1 0 337.361 -31.147 -83.458 0.406737 0 -0.913545 0 1 0 0.913545 0 0.406737 3023.dat
0 MLCAD BTG vert1
1 0 401.309 -31.147 -111.93 -0.913545 0 -0.406737 0 1 0 0.406737 0 -0.913545 3795.dat
0 MLCAD BTG vert1
1 0 346.496 -39.147 -87.526 -0.406737 0 0.913545 0 1 0 -0.913545 0 -0.406737 3730.dat
0 MLCAD BTG vert1
1 4 383.038 -39.147 -103.796 -0.913545 0 -0.406737 0 1 0 0.406737 0 -0.913545 3022.dat
0 MLCAD BTG vert1
1 4 446.986 -39.147 -132.267 -0.406737 0 0.913545 0 1 0 -0.913545 0 -0.406737 3710.dat
0 MLCAD BTG vert1
1 4 419.58 -47.147 -120.065 -0.406737 0 0.913545 0 1 0 -0.913545 0 -0.406737 3788.dat
0 MLCAD BTG vert1
1 4 364.767 -47.147 -95.662 -0.406737 0 0.913545 0 1 0 -0.913545 0 -0.406737 3031.dat
0 MLCAD BTG vert1
1 46 434.783 -47.147 -159.673 -0.406737 0 0.913545 0 1 0 -0.913545 0 -0.406737 3024.dat
0 MLCAD BTG vert1
1 46 459.187 -47.147 -104.861 -0.406737 0 0.913545 0 1 0 -0.913545 0 -0.406737 3024.dat
0 MLCAD BTG vert1
1 4 422.646 -71.147 -88.591 0.406737 0 -0.913545 0 1 0 0.913545 0 0.406737 4286.dat
0 MLCAD BTG vert1
1 4 398.242 -71.147 -143.404 0.406737 0 -0.913545 0 1 0 0.913545 0 0.406737 4286.dat
0 MLCAD BTG vert1
1 4 370.836 -71.147 -131.202 -0.913545 0 -0.406737 0 1 0 0.406737 0 -0.913545 4865a.dat
0 MLCAD BTG vert1
1 4 334.294 -71.147 -114.933 -0.913545 0 -0.406737 0 1 0 0.406737 0 -0.913545 4865a.dat
0 MLCAD BTG vert1
1 4 337.361 -71.147 -83.459 0.406737 0 -0.913545 0 1 0 0.913545 0 0.406737 4865a.dat
0 MLCAD BTG vert1
1 4 358.698 -71.147 -60.12 0.913545 0 0.406737 0 1 0 -0.406737 0 0.913545 4865a.dat
0 MLCAD BTG vert1
1 4 395.24 -71.147 -76.39 0.913545 0 0.406737 0 1 0 -0.406737 0 0.913545 4865a.dat
0 MLCAD BTG vert1
1 0 419.58 -23.147 -120.065 0.406737 0 -0.913545 0 1 0 0.913545 0 0.406737 4600.dat
0 MLCAD BTG vert1
1 0 346.496 -23.147 -87.526 0.406737 0 -0.913545 0 1 0 0.913545 0 0.406737 4600.dat
0 MLCAD BTG vert1
1 15 359.512 -18.147 -58.294 -0.791153 -0.456773 -0.406737 -0.5 0.866025 0 0.352244 0.203369 -0.913545 4624.dat
0 MLCAD BTG vert1
1 15 432.595 -18.147 -90.833 -0.575275 -0.710381 -0.406737 -0.777609 0.629717 0 0.256129 0.316282 -0.913545 4624.dat
0 MLCAD BTG vert1
1 15 406.564 -18.147 -149.3 0.844005 0.349598 0.406737 -0.382683 0.923879 0 -0.375776 -0.155651 0.913545 4624.dat
0 MLCAD BTG vert1
1 15 333.48 -18.147 -116.761 0.906283 -0.119299 0.406737 0.130589 0.99205 0 -0.403504 0.0531154 0.913545 4624.dat
0 MLCAD BTG vert1
1 0 333.48 -18.147 -116.759 0.913545 0 0.406737 0 1 0 -0.406737 0 0.913545 3641.dat
0 MLCAD BTG vert1
1 0 406.564 -18.147 -149.298 0.913545 0 0.406737 0 1 0 -0.406737 0 0.913545 3641.dat
0 MLCAD BTG vert1
1 0 432.595 -18.147 -90.832 0.913545 0 0.406737 0 1 0 -0.406737 0 0.913545 3641.dat
0 MLCAD BTG vert1
