0 !LEOCAD MODEL AUTHOR LEGO staff (unknown); .ldr from Nitrofurano;
0 !LEOCAD MODEL DESCRIPTION 643 - Mobile Crane - 1971
0 !LEOCAD MODEL COMMENT missing cable; probably misplaced 45ยบ parts (needs review);

1 0 0 -40 -80 1 0 0 0 1 0 0 0 1 3137C02.dat
1 0 0 -40 0 1 0 0 0 1 0 0 0 1 3137C02.dat
1 0 0 -40 -40 1 0 0 0 1 0 0 0 1 3137C02.dat
1 0 0 -40 40 1 0 0 0 1 0 0 0 1 3137C02.dat
1 0 30 -144 10 0 0 -1 0 1 0 1 0 0 3062A.dat
1 4 0 -232 -284 0 0 -1 1 0 0 0 -1 0 3127B.dat
1 4 0 -48 -20 0 0 -1 0 1 0 1 0 0 3035.dat
1 47 -30 -96 -60 0 0 -1 0 1 0 1 0 0 3004.dat
1 47 0 -120 -50 1 0 0 0 1 0 0 0 1 3037.dat
1 14 30 -96 -30 0 0 -1 0 1 0 1 0 0 3005.dat
1 14 0 -120 10 1 0 0 0 1 0 0 0 1 3010.dat
1 14 30 -72 -60 0 0 -1 0 1 0 1 0 0 3010P30.dat
1 14 -30 -72 -60 0 0 1 0 1 0 -1 0 0 3010P30.dat
1 14 0 -56 -50 0 0 -1 0 1 0 1 0 0 3021.dat
1 14 0 -64 -40 0 0 -1 0 1 0 1 0 0 3020.dat
1 14 0 -120 30 -1 0 0 0 1 0 0 0 -1 3037.dat
1 14 -30 -96 -30 0 0 -1 0 1 0 1 0 0 3005.dat
1 47 30 -96 -60 0 0 -1 0 1 0 1 0 0 3004.dat
1 0 30 -18 0 1 0 0 0 1 0 0 0 1 451.dat
1 0 30 -18 40 1 0 0 0 1 0 0 0 1 451.dat
1 0 30 -18 -40 1 0 0 0 1 0 0 0 1 451.dat
1 0 30 -18 -80 1 0 0 0 1 0 0 0 1 451.dat
1 0 -30 -18 0 1 0 0 0 1 0 0 0 1 451.dat
1 0 -30 -18 40 1 0 0 0 1 0 0 0 1 451.dat
1 0 -30 -18 -40 1 0 0 0 1 0 0 0 1 451.dat
1 0 -30 -18 -80 1 0 0 0 1 0 0 0 1 451.dat
1 14 0 -120 -20 1 0 0 0 1 0 0 0 1 3001.dat
1 4 0 -126 -110 -1 0 0 0 1 0 0 0 -1 3149E.dat
1 4 0 -70 -90 -1 0 0 0 1 0 0 0 -1 3149E.dat
1 14 0 -96 20 1 0 0 0 1 0 0 0 1 586C01.dat

1 4 0 -141.207092 -139.472748 0 0 -1 -0.707106 -0.707106 0 -0.707106 0.707106 0 3022.dat
1 4 0 -206.693558 -216.283035 0 0 -1 -0.707106 -0.707106 0 -0.707106 0.707106 0 3034.dat
1 4 0 -136.170486 -145.847321 0 0 1 0.707106 -0.707106 0 0.707106 0.707106 0 3022.dat
1 4 0 -208.76506 -229.621078 0 0 -1 -0.707106 -0.707106 0 -0.707106 0.707106 0 3021.dat
1 4 0 -243.967026 -264.618591 -1 0 0 0 -0.707106 0.707106 0 0.707106 0.707106 3176.dat
1 4 0 -125.958145 -109.884354 -1 0 0 0 -0.707106 0.707106 0 0.707106 0.707106 314E.dat
1 4 0 -68.587677 -86.967621 -1 0 0 0 -0.707106 0.707106 0 0.707106 0.707106 3324D.dat


