0 FILE 6480 - main.ldr 
0 main
0 Name: 6480 - main.ldr 
0 Author: Robert Paciorek [bercik]
0 !LICENSE Redistributable under CCAL version 2.0 : see CAreadme.txt
0 !HELP Copyright (c) 2002-2017, Robert Paciorek (http://www.opcode.eu.org/)
0 !HELP Released under a dual license, you can choise "CCAL version 2.0" or "BSD/MIT-type licence":
0 !HELP Redistribution and use in source or any others forms, with or without modification, ARE PERMITTED provided save information about author(s).
0 !HELP This material is distributed WITHOUT any warranty, use at YOUR own risk.
0 !HISTORY 2017-04-07 [bercik] first OMR version
0 !HISTORY 2018-01-21 [bercik] bugfix
1 4 -180 -8 80 1 0 0 0 1 0 0 0 1 6480 - CAR.LDR 
1 4 -60 0 80 -1 0 0 0 1 0 0 0 -1 6480 - TRAILER.LDR 
1 7 20 0 -50 0.5 0 0.866 0 1 0 -0.866 0 0.5 6480 - MINIFIG.LDR 


0 FILE 6480 - car.ldr 
0 car
0 Name: 6480 - car.ldr 
0 Author: Robert Paciorek [bercik]
0 !LICENSE Redistributable under CCAL version 2.0 : see CAreadme.txt
0 !HELP Copyright (c) 2002-2017, Robert Paciorek (http://www.opcode.eu.org/)
0 !HELP Released under a dual license, you can choise "CCAL version 2.0" or "BSD/MIT-type licence":
0 !HELP Redistribution and use in source or any others forms, with or without modification, ARE PERMITTED provided save information about author(s).
0 !HELP This material is distributed WITHOUT any warranty, use at YOUR own risk.
0 !HISTORY 2017-04-07 [bercik] first OMR version
0 !HISTORY 2018-01-21 [bercik] bugfix
1 0 -150 -24 0 0 0 1 0 1 0 -1 0 0 4600.dat 
1 0 -10 -24 0 0 0 1 0 1 0 -1 0 0 4600.dat 
1 0 50 -24 0 0 0 1 0 1 0 -1 0 0 4600.dat 
0 STEP
1 0 -90 -32 0 1 0 0 0 1 0 0 0 1 3034.dat 
1 0 50 -32 0 1 0 0 0 1 0 0 0 1 3795.dat 
0 STEP
1 0 -160 -40 0 1 0 0 0 1 0 0 0 1 3021.dat 
1 0 -30 -40 0 1 0 0 0 1 0 0 0 1 3832.dat 
1 0 90 -40 0 0 0 -1 0 1 0 1 0 0 3730.dat 
0 STEP
1 16 -60 -48 20 1 0 0 0 1 0 0 0 1 3021.dat 
1 16 50 -56 0 0 0 1 0 1 0 -1 0 0 4211.dat 
1 16 -60 -48 -20 1 0 0 0 1 0 0 0 1 3021.dat 
0 STEP
1 16 -10 -56 0 0 0 1 0 1 0 -1 0 0 3788.dat 
1 16 -150 -56 0 0 0 1 0 1 0 -1 0 0 4211.dat 
0 STEP
1 16 -180 -56 0 0 0 1 0 1 0 -1 0 0 3710.dat 
1 16 -100 -56 0 0 0 1 0 1 0 -1 0 0 3023.dat 
1 16 -40 -56 0 0 0 1 0 1 0 -1 0 0 3710.dat 
1 16 20 -56 0 0 0 1 0 1 0 -1 0 0 3710.dat 
1 16 -100 -56 30 -1 0 0 0 1 0 0 0 -1 3623.dat 
1 16 -100 -56 -30 -1 0 0 0 1 0 0 0 -1 3623.dat 
0 STEP
1 0 -60 -56 30 -1 0 0 0 1 0 0 0 -1 4085C.dat 
1 0 80 -56 30 -1 0 0 0 1 0 0 0 -1 4085C.dat 
1 0 100 -56 10 0 0 -1 0 1 0 1 0 0 4085C.dat 
1 0 100 -56 -10 0 0 -1 0 1 0 1 0 0 4085C.dat 
1 0 80 -56 -30 1 0 0 0 1 0 0 0 1 4085C.dat 
1 36 100 -56 30 1 0 0 0 1 0 0 0 1 3024.dat 
1 36 100 -56 -30 1 0 0 0 1 0 0 0 1 3024.dat 
1 0 -60 -56 -30 1 0 0 0 1 0 0 0 1 4085C.dat 
1 1 -160 -56 0 0 0 1 0 1 0 -1 0 0 3829C01.dat 
0 STEP
1 16 -180 -80 30 0 0 1 0 1 0 -1 0 0 4070.dat 
1 16 -180 -80 -30 0 0 1 0 1 0 -1 0 0 4070.dat 
1 16 -100 -80 0 0 0 1 0 1 0 -1 0 0 3010.dat 
1 16 90 -104 0 0 0 1 0 1 0 -1 0 0 4209.dat 
1 0 90 -80 0 0 0 1 0 1 0 -1 0 0 4208.dat 
0 STEP
1 16 90 -112 0 0 0 1 0 1 0 -1 0 0 3020.dat 
1 16 -180 -64 0 0 0 -1 0 1 0 1 0 0 3023.dat 
1 16 -180 -72 0 0 0 -1 0 1 0 1 0 0 3023.dat 
1 15 -10 -64 0 0 0 -1 0 1 0 1 0 0 4761.dat 
1 15 -10 -112 0 0 0 1 0 1 0 -1 0 0 4760.dat 
1 7 60 -116 0 0 0 1 0 1 0 -1 0 0 4762.dat 
1 46 -194 -70 -30 0 1 0 0 0 -1 -1 0 0 3024.dat 
1 46 -194 -70 30 0 1 0 0 0 -1 -1 0 0 3024.dat 
0 STEP
1 16 -160 -80 -30 0 0 1 0 1 0 -1 0 0 3822.dat 
1 16 -160 -80 30 0 0 1 0 1 0 -1 0 0 3821.dat 
1 0 -180 -80 0 0 0 1 0 1 0 -1 0 0 4175.dat 
1 16 50 -120 -30 -1 0 0 0 1 0 0 0 -1 3666.dat 
1 16 50 -120 30 -1 0 0 0 1 0 0 0 -1 3666.dat 
1 16 30 -136 0 -1 0 0 0 1 0 0 0 -1 3003.dat 
1 7 100 -120 0 0 0 1 0 1 0 -1 0 0 3838.dat 
1 16 -50 -120 30 -1 0 0 0 1 0 0 0 -1 3710.dat 
1 16 -50 -120 -30 -1 0 0 0 1 0 0 0 -1 3710.dat 
1 16 -10 -120 0 -1 0 0 0 1 0 0 0 -1 3022.dat 
1 16 100 -120 0 0 0 1 0 1 0 -1 0 0 3794A.dat 
1 15 -80 -120 0 0 0 1 0 1 0 -1 0 0 4755.dat 
0 STEP
1 16 30 -144 0 -1 0 0 0 1 0 0 0 -1 3680C01.dat 
1 43 -160 -128 0 0 0 1 0 1 0 -1 0 0 3823.dat 
1 16 -100 -128 0 0 0 1 0 1 0 -1 0 0 4214.dat 
1 16 -130 -136 0 0 0 1 0 1 0 -1 0 0 4213.dat 
1 16 -120 -160 0 0 0 1 0 1 0 -1 0 0 3004.dat 
1 15 -80 -136 0 0 0 1 0 1 0 -1 0 0 73664.dat 
1 0 -50 -144 0 0 0 1 0 1 0 -1 0 0 4774C01.dat 
0 STEP
1 33 -80 -136 30 0 0 1 0 1 0 -1 0 0 4770.dat 
1 33 -80 -136 -30 0 0 1 0 1 0 -1 0 0 4770.dat 
1 0 -140 -144 -10 0 0 1 0 1 0 -1 0 0 4592.dat 
1 7 -140 -144 -10 0 -0.259 1 0 1 0.259 -1 0 0 4593.dat 
1 15 -150 -20 -32 1 0 0 0 1 0 0 0 1 4624.dat 
1 0 -150 -20 -32 1 0 0 0 1 0 0 0 1 4084.dat 
1 15 -10 -20 -32 1 0 0 0 1 0 0 0 1 4624.dat 
1 0 -10 -20 -32 1 0 0 0 1 0 0 0 1 4084.dat 
1 15 -10 -20 31 -1 0 0 0 1 0 0 0 -1 4624.dat 
1 0 -10 -20 31 -1 0 0 0 1 0 0 0 -1 4084.dat 
1 15 50 -20 -32 1 0 0 0 1 0 0 0 1 4624.dat 
1 0 50 -20 -32 1 0 0 0 1 0 0 0 1 4084.dat 
1 15 50 -20 31 -1 0 0 0 1 0 0 0 -1 4624.dat 
1 0 50 -20 31 -1 0 0 0 1 0 0 0 -1 4084.dat 
1 15 -150 -20 31 -1 0 0 0 1 0 0 0 -1 4624.dat 
1 0 -150 -20 31 -1 0 0 0 1 0 0 0 -1 4084.dat 
1 0 -59.911999 -51 -50.353001 -0.966 0 -0.259 0 1 0 0.259 0 -0.966 3962B.dat 
1 7 -60.091999 -59 48 -0.5 0 -0.866 0 1 0 0.866 0 -0.5 3835.dat 
1 6 80.757004 -99 -50.612 -1 0 0 0 1 0 0 0 -1 3836.dat 
1 7 79.894997 -59 47 -0.966 0 -0.259 0 1 0 0.259 0 -0.966 3837.dat 
1 16 30 -160 -10 1 0 0 0 1 0 0 0 1 4275B.dat 
1 16 30 -160 10 1 0 0 0 1 0 0 0 1 4531.dat 
1 16 30 -160 -10 1 0 0 0 1 0 0 0 1 4531.dat 
1 16 30 -160 10 1 0 0 0 1 0 0 0 1 4275B.dat 
0 STEP
1 7 -30 -160 0 1 0 0 0 1 0 0 0 1 4207.dat 
1 7 -30 -168 0 1 0 0 0 1 0 0 0 1 4207.dat 
1 7 120 -64 -10 1 0 0 0 1 0 0 0 1 4210A.dat 


0 FILE 6480 - trailer.ldr 
0 trailer
0 Name: 6480 - trailer.ldr 
0 Author: Robert Paciorek [bercik]
0 !LICENSE Redistributable under CCAL version 2.0 : see CAreadme.txt
0 !HELP Copyright (c) 2002-2017, Robert Paciorek (http://www.opcode.eu.org/)
0 !HELP Released under a dual license, you can choise "CCAL version 2.0" or "BSD/MIT-type licence":
0 !HELP Redistribution and use in source or any others forms, with or without modification, ARE PERMITTED provided save information about author(s).
0 !HELP This material is distributed WITHOUT any warranty, use at YOUR own risk.
0 !HISTORY 2017-04-07 [bercik] first OMR version
0 !HISTORY 2018-01-21 [bercik] bugfix
1 0 -80 -24 0 0 0 -1 0 1 0 1 0 0 4600.dat 
1 0 -60 -32 -10 1 0 0 0 1 0 0 0 1 4276B.dat 
1 0 -60 -32 10 1 0 0 0 1 0 0 0 1 4276B.dat 
0 STEP
1 0 -80 -19.25 -30 1 0 0 0 1 0 0 0 1 3641.dat 
1 0 -80 -19.25 30 1 0 0 0 1 0 0 0 1 3641.dat 
1 15 -80 -19.25 -30 1 0 0 0 1 0 0 0 1 4624.dat 
1 15 -80 -19.25 30 -1 0 0 0 1 0 0 0 -1 4624.dat 
1 15 -30 -28.5 0 0 1 0 0 0 1 1 0 0 4715.dat 
1 0 -90 -32 0 0 0 -1 0 1 0 1 0 0 3023.dat 
1 16 -60 -40 0 1 0 0 0 1 0 0 0 1 3022.dat 
0 STEP
1 16 -80 -48 0 0 0 1 0 1 0 -1 0 0 4211.dat 
0 STEP
1 16 -80 -64 0 1 0 0 0 1 0 0 0 1 3003.dat 
1 16 -40 -48 0 0 0 -1 0 1 0 1 0 0 3731.dat 
0 STEP
1 15 -110 -64 -10 0 0 1 0 1 0 -1 0 0 4070.dat 
1 15 -110 -64 10 0 0 1 0 1 0 -1 0 0 4070.dat 
1 16 -50 -72 0 0 0 -1 0 1 0 1 0 0 3039.dat 
1 16 -90 -72 0 1 0 0 0 1 0 0 0 1 3021.dat 
0 STEP
1 7 -70 -72 30 0 0 -1 0 1 0 1 0 0 4599A.dat 
1 7 -70 -72 -30 0 0 -1 0 1 0 1 0 0 4599A.dat 
1 7 -100 -96 0 0 0 -1 0 1 0 1 0 0 3062B.dat 
1 7 -80 -96 0 0 0 -1 0 1 0 1 0 0 3062B.dat 
0 STEP
1 0 -50 -40 -30 1 0 0 0 1 0 0 0 1 6480 - FLEXHOSE.LDR 
1 0 -30 -40 -30 1 0 0 0 1 0 0 0 1 6480 - FLEXHOSE.LDR 


0 FILE 6480 - minifig.ldr 
0 minifig
0 Name: 6480 - minifig.ldr 
0 Author: Robert Paciorek [bercik]
0 !LICENSE Redistributable under CCAL version 2.0 : see CAreadme.txt
0 !HELP Copyright (c) 2002-2017, Robert Paciorek (http://www.opcode.eu.org/)
0 !HELP Released under a dual license, you can choise "CCAL version 2.0" or "BSD/MIT-type licence":
0 !HELP Redistribution and use in source or any others forms, with or without modification, ARE PERMITTED provided save information about author(s).
0 !HELP This material is distributed WITHOUT any warranty, use at YOUR own risk.
0 !HISTORY 2017-04-07 [bercik] first OMR version
0 !HISTORY 2018-01-21 [bercik] bugfix
1 15 0 -96 0 1 0 0 0 1 0 0 0 1 3834.dat 
1 14 0 -96 0 1 0 0 0 1 0 0 0 1 3626BP01.dat 
1 0 0 -72 0 1 0 0 0 1 0 0 0 1 973P21.dat 
1 0 0 -40 0 1 0 0 0 1 0 0 0 1 3815.dat 
1 0 15.5 -64 0 1 0.17 0 -0.17 1 0 0 0 1 3819.dat 
1 0 -15.5 -64 0 1 -0.17 0 0.17 1 0 0 0 1 3818.dat 
1 14 23.658001 -46.148998 -10 1 0.12 -0.12 -0.17 0.697 -0.697 0 0.707 0.707 3820.dat 
1 14 -23.658001 -46.148998 -10 1 -0.12 0.12 0.17 0.697 -0.697 0 0.707 0.707 3820.dat 
1 0 0 -28 0 1 0 0 0 1 0 0 0 1 3817.dat 
1 0 0 -28 0 1 0 0 0 1 0 0 0 1 3816.dat 


0 FILE 6480 - flexHose.ldr 
0 flexHose
0 Name: 6480 - flexHose.ldr 
0 Author: Robert Paciorek [bercik]
0 !LICENSE Redistributable under CCAL version 2.0 : see CAreadme.txt
0 !HELP Copyright (c) 2002-2017, Robert Paciorek (http://www.opcode.eu.org/)
0 !HELP Released under a dual license, you can choise "CCAL version 2.0" or "BSD/MIT-type licence":
0 !HELP Redistribution and use in source or any others forms, with or without modification, ARE PERMITTED provided save information about author(s).
0 !HELP This material is distributed WITHOUT any warranty, use at YOUR own risk.
0 !HISTORY 2017-04-07 [bercik] first OMR version
0 !HISTORY 2018-01-21 [bercik] bugfix
0 !LDCAD CONTENT [type=path] [addFallBack=default] [looped=false] [displayKind=mm] [curveStep=0] [displayLenCor=0]
0 !LDCAD PATH_POINT [type=bezier] [posOri=0 -22 0 1 0 0 0 1 0 0 0 1] [prevCPDist=25] [nextCPDist=50] [cirR=20] [cirDir=xyCW] [prevYRoll=0] [nextYRoll=0]
0 !LDCAD PATH_POINT [type=bezier] [posOri=0 -22 60 1 0 0 0 -1 0 0 0 -1] [prevCPDist=50] [nextCPDist=25] [cirR=20] [cirDir=xyCW] [prevYRoll=0] [nextYRoll=0]
0 !LDCAD PATH_SKIN [donCol=16] [donOri=1 0 0 0 1 0 0 0 1] [donPart=754.dat] [donYSize=100%] [donCen=absCen] [donCenYOfs=0] [donFinScale=none] [donPlace=refsStat] [donYAlign=0] [donInline=false] [segSize=50%] [segSizeTol=5%] [segsCnt=0] [segsGrp=0] [segsMaxMerge=1] [segsMrgAng=0] [segsMrgRollAng=0] [segsEdgeDelKind=keepFirstLeft]
0 !LDCAD PATH_SKIN [donCol=16] [donOri=1 0 0 0 1 0 0 0 1] [donPart=756.dat] [donYSize=100%] [donCen=absCen] [donCenYOfs=0] [donFinScale=none] [donPlace=refsStat] [donYAlign=0] [donInline=false] [segSize=60%] [segSizeTol=5%] [segsCnt=1] [segsGrp=0] [segsMaxMerge=1] [segsMrgAng=0] [segsMrgRollAng=0] [segsEdgeDelKind=keepFirstLeft]
0 !LDCAD PATH_SKIN [donCol=16] [donOri=1 0 0 0 -1 0 0 0 -1] [donPart=754.dat] [donYSize=100%] [donCen=absCen] [donCenYOfs=0] [donFinScale=none] [donPlace=refsStat] [donYAlign=0] [donInline=false] [segSize=50%] [segSizeTol=5%] [segsCnt=0] [segsGrp=0] [segsMaxMerge=1] [segsMrgAng=0] [segsMrgRollAng=0] [segsEdgeDelKind=keepFirstLeft]
0 !LDCAD PATH_CAP [group=start] [color=16] [posOri=0 -18 0 1 0 0 0 1 0 0 0 1] [part=752.dat] [extraLen=0mm] [inlineRef=false]
0 !LDCAD PATH_CAP [group=end] [color=16] [posOri=0 -18 60 1 0 0 0 1 0 0 0 1] [part=752.dat] [extraLen=0mm] [inlineRef=false]
0 !LDCAD PATH_CAP [group=start] [color=16] [posOri=0 -18 0 1 0 0 0 -1 0 0 0 -1] [part=755.dat] [extraLen=0mm] [inlineRef=false]
0 !LDCAD PATH_CAP [group=end] [color=16] [posOri=0 -18 60 1 0 0 0 -1 0 0 0 -1] [part=755.dat] [extraLen=0mm] [inlineRef=false]
0 !LDCAD GENERATED [generator=LDCad 1.6 Beta 2a]
0 //This is the fallback LDraw content for above PATH configuration.
0 // Do not edit, any changes will be lost upon regeneration.
0 // The path is approx 42.92 mm (107.31) and exists out of 42 segments.
0 //Some general hints about the document.
0 BFC CERTIFY CCW
0 //Start cap reference(s)
1 16 0 -18 0 1 0 0 0 1 0 0 0 1 752.dat 
1 16 0 -18 0 1 0 0 0 -1 0 0 0 -1 755.dat 
0 //End cap reference(s)
1 16 0 -18 60 1 0 0 0 1 0 0 0 1 752.dat 
1 16 0 -18 60 1 0 0 0 -1 0 0 0 -1 755.dat 
0 //Segments
1 16 0 -23.749483 0.040345 1 0 0 0 0.999734 0.023055 0 -0.023055 0.999734 754.dat
1 16 0 -26.245493 0.17047 1 0 0 0 0.997919 0.06448 0 -0.06448 0.997919 754.dat
1 16 0 -28.733486 0.406996 1 0 0 0 0.994201 0.107539 0 -0.107539 0.994201 754.dat
1 16 0 -31.206612 0.765289 1 0 0 0 0.98733 0.158677 0 -0.158677 0.98733 754.dat
1 16 0 -33.658089 1.249671 1 0 0 0 0.977951 0.208833 0 -0.208833 0.977951 754.dat
1 16 0 -36.079227 1.866954 1 0 0 0 0.964711 0.263312 0 -0.263312 0.964711 754.dat
1 16 0 -38.460262 2.623861 1 0 0 0 0.947493 0.319777 0 -0.319777 0.947493 754.dat
1 16 0 -40.7897 3.526897 1 0 0 0 0.925359 0.379091 0 -0.379091 0.925359 754.dat
1 16 0 -43.052937 4.584634 1 0 0 0 0.896976 0.44208 0 -0.44208 0.896976 754.dat
1 16 0 -45.238758 5.794353 1 0 0 0 0.864896 0.501952 0 -0.501952 0.864896 754.dat
1 16 0 -47.325188 7.16745 1 0 0 0 0.821861 0.569688 0 -0.569688 0.821861 754.dat
1 16 0 -49.300522 8.696259 1 0 0 0 0.776848 0.629688 0 -0.629688 0.776848 754.dat
1 16 0 -51.144402 10.380624 1 0 0 0 0.721027 0.692907 0 -0.692907 0.721027 754.dat
1 16 0 -52.844776 12.20991 1 0 0 0 0.662941 0.748671 0 -0.748671 0.662941 754.dat
1 16 0 -54.379395 14.17973 1 0 0 0 0.593107 0.805123 0 -0.805123 0.593107 754.dat
1 16 0 -55.731236 16.278894 1 0 0 0 0.518636 0.854995 0 -0.854995 0.518636 754.dat
1 16 0 -56.894482 18.488358 1 0 0 0 0.442737 0.896651 0 -0.896651 0.442737 754.dat
1 16 0 -57.852352 20.794195 1 0 0 0 0.357806 0.933796 0 -0.933796 0.357806 754.dat
1 16 0 -58.589977 23.179352 1 0 0 0 0.268339 0.963324 0 -0.963324 0.268339 754.dat
1 16 0 -59.113819 25.620785 1 0 0 0 0.184477 0.982837 0 -0.982837 0.184477 754.dat
1 16 0 -59.314274 27.902702 1 0 0 0 0 1 0 -0.999191 0 756.dat 
1 16 0 -59.380669 32.192074 1 0 0 0 0.10166 -0.994819 0 0.994819 0.10166 754.dat
1 16 0 -59.058914 34.66798 1 0 0 0 0.192029 -0.981389 0 0.981389 0.192029 754.dat
1 16 0 -58.515072 37.104916 1 0 0 0 0.27738 -0.96076 0 0.96076 0.27738 754.dat
1 16 0 -57.753811 39.482826 1 0 0 0 0.368136 -0.929772 0 0.929772 0.368136 754.dat
1 16 0 -56.770092 41.777843 1 0 0 0 0.453056 -0.891482 0 0.891482 0.453056 754.dat
1 16 0 -55.583424 43.975304 1 0 0 0 0.525605 -0.850729 0 0.850729 0.525605 754.dat
1 16 0 -54.211639 46.061604 1 0 0 0 0.603227 -0.79757 0 0.79757 0.603227 754.dat
1 16 0 -52.653584 48.01289 1 0 0 0 0.67072 -0.741711 0 0.741711 0.67072 754.dat
1 16 0 -50.933994 49.823895 1 0 0 0 0.728628 -0.68491 0 0.68491 0.728628 754.dat
1 16 0 -49.074902 51.491779 1 0 0 0 0.779481 -0.626426 0 0.626426 0.779481 754.dat
1 16 0 -47.088753 53.00563 1 0 0 0 0.830228 -0.557424 0 0.557424 0.830228 754.dat
1 16 0 -44.985489 54.353519 1 0 0 0 0.867792 -0.496927 0 0.496927 0.867792 754.dat
1 16 0 -42.792294 55.54985 1 0 0 0 0.899988 -0.435914 0 0.435914 0.899988 754.dat
1 16 0 -40.52198 56.593094 1 0 0 0 0.927426 -0.374007 0 0.374007 0.927426 754.dat
1 16 0 -38.185772 57.478912 1 0 0 0 0.951224 -0.308502 0 0.308502 0.951224 754.dat
1 16 0 -35.796753 58.211311 1 0 0 0 0.966445 -0.256873 0 0.256873 0.966445 754.dat
1 16 0 -33.371555 58.812424 1 0 0 0 0.979325 -0.202293 0 0.202293 0.979325 754.dat
1 16 0 -30.917278 59.283146 1 0 0 0 0.987802 -0.155715 0 0.155715 0.987802 754.dat
1 16 0 -28.442768 59.632416 1 0 0 0 0.994744 -0.102398 0 0.102398 0.994744 754.dat
1 16 0 -25.953299 59.8535 1 0 0 0 0.998438 -0.055865 0 0.055865 0.998438 754.dat
1 16 0 -23.60293 59.964584 1 0 0 0 0.999756 -0.022088 0 0.022088 0.999756 754.dat
