0 Light & Sound Construction Crew
0 Name: 6481.dat

0 ROTATION CENTER 0 0 0 1 "Custom" 
0 ROTATION CONFIG 0 0
1 0 0 0 -80 1 0 0 0 1 0 0 0 1 3022.dat
1 0 0 0 80 0 0 1 0 1 0 -1 0 0 3020.dat
1 0 0 -8 120 -1 0 0 0 1 0 0 0 -1 3730.dat
0 STEP
1 0 -10 -24 100 0 0 -1 0 1 0 1 0 0 3700.dat
1 0 10 -24 80 0 0 -1 0 1 0 1 0 0 3700.dat
1 0 -10 -24 -80 0 0 -1 0 1 0 1 0 0 3700.dat
1 0 10 -24 -80 0 0 -1 0 1 0 1 0 0 3700.dat
0 STEP
1 0 0 -14 -80 1 0 0 0 1 0 0 0 1 3706.dat
1 7 25 -14 -80 0 0 1 0 1 0 -1 0 0 4265a.dat
1 7 -25 -14 -80 0 0 -1 0 1 0 1 0 0 4265a.dat
1 0 0 -14 80 1 0 0 0 1 0 0 0 1 3706.dat
1 7 25 -14 80 0 0 1 0 1 0 -1 0 0 4265a.dat
1 7 -25 -14 80 0 0 -1 0 1 0 1 0 0 4265a.dat
1 0 0 -24 50 1 0 0 0 1 0 0 0 1 3660.dat
1 0 0 -32 120 1 0 0 0 1 0 0 0 1 3003.dat
0 STEP
1 0 0 -32 60 1 0 0 0 1 0 0 0 1 3639.dat
1 0 0 -32 -60 -1 0 0 0 1 0 0 0 -1 3640.dat
0 STEP
1 0 0 -40 -80 0 0 -1 0 1 0 1 0 0 3020.dat
1 0 0 -40 60 0 0 -1 0 1 0 1 0 0 3020.dat
1 0 0 -48 100 0 0 -1 0 1 0 1 0 0 3020.dat
0 STEP
1 0 30 -48 -20 0 0 -1 0 1 0 1 0 0 4175.dat
1 0 -30 -48 -20 0 0 1 0 1 0 -1 0 0 4175.dat
1 14 0 -48 -30 -1 0 0 0 1 0 0 0 -1 3023.dat
1 0 0 -48 40 -1 0 0 0 1 0 0 0 -1 3068b.dat
1 14 -30 -48 130 0 0 1 0 1 0 -1 0 0 4081b.dat
1 14 30 -48 130 0 0 -1 0 1 0 1 0 0 4081b.dat
1 36 50 -46 142 0 0 -1 1 0 0 0 -1 0 6141.dat
1 36 -50 -46 142 0 0 -1 1 0 0 0 -1 0 6141.dat
1 0 30 -40 -30 0 0 -1 0 1 0 1 0 0 2420.dat
1 0 -10 -40 130 -1 0 0 0 1 0 0 0 -1 2420.dat
1 0 10 -40 130 0 0 1 0 1 0 -1 0 0 2420.dat
1 0 -30 -40 -30 1 0 0 0 1 0 0 0 1 2420.dat
0 STEP
1 14 0 -56 0 1 0 0 0 1 0 0 0 1 3031.dat
1 14 -30 -72 130 1 0 0 0 1 0 0 0 1 3005.dat
1 14 30 -72 130 1 0 0 0 1 0 0 0 1 3005.dat
1 0 0 -72 130 1 0 0 0 1 0 0 0 1 3004.dat
0 STEP
1 14 0 -72 100 0 0 1 0 1 0 -1 0 0 4871.dat
1 14 30 -64 0 0 0 1 0 1 0 -1 0 0 3710.dat
1 14 -30 -64 0 0 0 1 0 1 0 -1 0 0 3710.dat
1 14 -10 -64 -50 0 0 1 0 1 0 -1 0 0 3665.dat
1 14 10 -64 -50 0 0 -1 0 1 0 1 0 0 3665.dat
0 STEP
1 14 -10 -72 70 0 0 1 0 1 0 -1 0 0 3665.dat
1 14 10 -72 70 0 0 -1 0 1 0 1 0 0 3665.dat
1 14 0 -64 -70 1 0 0 0 1 0 0 0 1 3004.dat
1 14 0 -64 -90 1 0 0 0 1 0 0 0 1 3317.dat
1 0 0 -64 -30 1 0 0 0 1 0 0 0 1 3829c01.dat
0 STEP
1 14 0 -72 -110 1 0 0 0 1 0 0 0 1 2432.dat
1 14 0 -88 -50 1 0 0 0 1 0 0 0 1 3298.dat
1 14 0 -80 100 -1 0 0 0 1 0 0 0 -1 3031.dat
0 STEP
1 0 0 -55 -90 0 0 1 0 1 0 -1 0 0 3314.dat
1 14 -30 -88 -50 0 0 1 0 1 0 -1 0 0 3005.dat
1 14 30 -88 -50 0 0 1 0 1 0 -1 0 0 3005.dat
1 14 -30 -88 30 0 0 1 0 1 0 -1 0 0 3005.dat
1 14 30 -88 30 0 0 1 0 1 0 -1 0 0 3005.dat
1 14 30 -88 -30 1 0 0 0 1 0 0 0 1 3822.dat
1 14 -30 -88 -30 1 0 0 0 1 0 0 0 1 3821.dat
1 14 0 -88 90 0 0 1 0 1 0 -1 0 0 3021.dat
1 14 0 -88 130 -1 0 0 0 1 0 0 0 -1 4175.dat
0 STEP
1 0 10 -96 90 1 0 0 0 1 0 0 0 1 6141.dat
1 0 -10 -96 110 1 0 0 0 1 0 0 0 1 6141.dat
0 STEP
1 14 0 -136 30 1 0 0 0 1 0 0 0 1 4214.dat
1 14 0 -144 0 1 0 0 0 1 0 0 0 1 2349a.dat
1 43 0 -140 -20 1 0 0 0 0.707107 -0.707107 0 0.707107 0.707107 2348b.dat
1 0 -10 -120 110 1 0 0 0 1 0 0 0 1 4589.dat
1 14 0 -152 -50 1 0 0 0 1 0 0 0 1 4592.dat
1 0 0 -152 -50 1 0 0 0 0.866025 0.5 0 -0.5 0.866025 4593.dat
0 STEP
1 0 0 -14 -30 0 0 1 1 0 0 0 1 0 3044b.dat
0 STEP
1 14 -37 -14 80 0 0 1 0 1 0 -1 0 0 3482.dat
1 0 -37 -14 80 0 0 1 0 1 0 -1 0 0 2346.dat
0 STEP
1 14 -58 -14 80 0 1 0 0 0 -1 -1 0 0 4032a.dat
0 STEP
1 47 0 -136 -30 1 0 0 0 1 0 0 0 1 4594.dat
0 STEP
1 14 0 -144 -50 1 0 0 0 1 0 0 0 1 3794a.dat
1 14 30 -144 -50 0 0 -1 0 1 0 1 0 0 4081b.dat
1 47 50 -142 -62 0 0 -1 -1 0 0 0 1 0 6141.dat
1 14 -30 -144 -50 0 0 1 0 1 0 -1 0 0 4081b.dat
1 47 -50 -142 -62 0 0 -1 -1 0 0 0 1 0 6141.dat
1 14 -59 -14 -80 0 1 0 0 0 -1 -1 0 0 4032a.dat
1 0 -38 -14 -80 0 0 1 0 1 0 -1 0 0 2346.dat
1 14 -38 -14 -80 0 0 1 0 1 0 -1 0 0 3482.dat
1 14 58 -14 -80 0 -1 0 0 0 1 -1 0 0 4032a.dat
1 0 37 -14 -81 0 0 -1 0 -1 0 -1 0 0 2346.dat
1 14 37 -14 -81 0 0 -1 0 -1 0 -1 0 0 3482.dat
1 14 57 -14 80 0 -1 0 0 0 1 -1 0 0 4032a.dat
1 0 36 -14 79 0 0 -1 0 -1 0 -1 0 0 2346.dat
1 14 36 -14 79 0 0 -1 0 -1 0 -1 0 0 3482.dat
1 14 0 -133 8 1 0 0 0 1 0 0 0 1 3626bp01.dat
1 15 0 -109 8 1 0 0 0 1 0 0 0 1 973p1b.dat
1 1 0 -77 8 1 0 0 0 1 0 0 0 1 3815.dat
1 15 -15.6004 -100.036 8 0.985 -0.17 0 0.17 0.985 0 0 0 1 3818.dat
1 15 15.6004 -100.036 8 0.985 0.17 0 -0.17 0.985 0 0 0 1 3819.dat
1 14 -23.7384 -82.2694 -1.89948 0.985 -0.12019 0.12019 0.17 0.696395 -0.696395 0 0.707 0.707 3820.dat
1 14 23.7384 -82.2694 -1.89948 0.985 0.12019 -0.12019 -0.17 0.696395 -0.696395 0 0.707 0.707 3820.dat
1 1 0 -65 8 1 0 0 0 0 1 0 -1 0 3816.dat
1 1 0 -65 8 1 0 0 0 0 1 0 -1 0 3817.dat
1 0 0 -133 8 1 0 0 0 1 0 0 0 1 3901.dat
1 14 0 -24 330 0 0 1 0 1 0 -1 0 0 3030.dat
1 14 0 -16 300 -1 0 0 0 1 0 0 0 -1 3023.dat
1 0 0 -8 260 1 0 0 0 1 0 0 0 1 3023.dat
1 14 0 -8 300 -1 0 0 0 1 0 0 0 -1 3023.dat
1 0 0 -8 390 1 0 0 0 1 0 0 0 1 3022.dat
1 14 0 -16 330 0 0 -1 0 1 0 1 0 0 4854.dat
1 0 0 0 250 -1 0 0 0 1 0 0 0 -1 4600.dat
1 0 0 -32 240 1 0 0 0 1 0 0 0 1 3710.dat
1 0 -30 -32 330 0 0 1 0 1 0 -1 0 0 3666.dat
1 0 -30 -32 260 0 0 1 0 1 0 -1 0 0 4085c.dat
1 0 -30 -32 400 0 0 1 0 1 0 -1 0 0 4085c.dat
1 0 30 -32 400 0 0 -1 0 1 0 1 0 0 4085c.dat
1 0 30 -32 260 0 0 -1 0 1 0 1 0 0 4085c.dat
1 0 30 -32 330 0 0 1 0 1 0 -1 0 0 3666.dat
1 0 -30 -32 420 0 0 1 0 1 0 -1 0 0 3024.dat
1 0 30 -32 420 0 0 1 0 1 0 -1 0 0 3024.dat
1 14 -30 -40 330 0 0 1 0 1 0 -1 0 0 4477.dat
1 14 30 -40 330 0 0 1 0 1 0 -1 0 0 4477.dat
1 0 0 -40 410 0 0 1 0 1 0 -1 0 0 5306.dat
1 15 0 -56 420 -1 0 0 0 1 0 0 0 -1 73664.dat
1 14 -30 -64 240 -1 0 0 0 1 0 0 0 -1 3005.dat
1 14 -30 -96 240 -1 0 0 0 1 0 0 0 -1 3005.dat
1 14 -30 -72 240 0 0 -1 0 1 0 1 0 0 4085c.dat
1 14 30 -64 240 -1 0 0 0 1 0 0 0 -1 3005.dat
1 14 30 -96 240 -1 0 0 0 1 0 0 0 -1 3005.dat
1 14 30 -72 240 0 0 1 0 1 0 -1 0 0 4085c.dat
1 14 0 -96 330 1 0 0 0 1 0 0 0 1 4760c01.dat
1 14 -30 -104 310 0 0 1 0 1 0 -1 0 0 3460.dat
1 14 30 -104 310 0 0 1 0 1 0 -1 0 0 3460.dat
1 0 0 -112 270 0 0 1 0 1 0 -1 0 0 5306.dat
1  0 10 -111 345 0 0 -1 0.9996573 0.04362935 0 0.04362935 -0.9996573 0 3841.dat
1  0 -4.6753 -108.449 339 0.544639 0 -0.83867 0.83867 0 0.544639 0 -1 0 3835.dat
1 15 0 -128 280 1 0 0 0 1 0 0 0 1 73666.dat
1 6 -10 -50 240 0 0 1 0 -1 0 1 0 0 3836.dat
1 8 10 -86 240 0.258819 0 -0.965926 0 1 0 0.965926 0 0.258819 3837.dat
1 14 0 -16 400 -1 0 0 0 1 0 0 0 -1 2436a.dat
1 36 30 -6 422 0 0 -1 1 0 0 0 -1 0 6141.dat
1 36 -30 -6 422 0 0 -1 1 0 0 0 -1 0 6141.dat
1 15 0 -6 422 1 0 0 0 0 1 0 -1 0 3069bp09.dat
1 0 0 -16 250 -1 0 0 0 1 0 0 0 -1 3680c01.dat
1 0 0 -16 380 1 0 0 0 1 0 0 0 1 3023.dat
1 0 0 -8 240 1 0 0 0 1 0 0 0 1 2508.dat
1 0 0 0 390 1 0 0 0 1 0 0 0 1 4600.dat
1 14 32 5 390 0 0 -1 0 1 0 1 0 0 4624.dat
1 14 -32 5 390 0 0 1 0 1 0 -1 0 0 4624.dat
1 0 32 5 390 0 0 1 0 1 0 -1 0 0 59895.dat
1 0 -32 5 390 0 0 -1 0 1 0 1 0 0 59895.dat
1 14 -32 5 250 0 0 1 0 1 0 -1 0 0 4624.dat
1 0 -32 5 250 0 0 1 0 1 0 -1 0 0 59895.dat
1 14 32 5 250 0 0 -1 0 1 0 1 0 0 4624.dat
1 0 32 5 250 0 0 -1 0 1 0 1 0 0 59895.dat
1 0 50 -48 330 0 0 -1 0 1 0 1 0 0 2486.dat
1 15 50 -72 330 0 0 -1 0 1 0 1 0 0 2500c01.dat
1 46 60 -62 370 0 -1 0 0 0 1 -1 0 0 4770.dat
1 46 60 -62 330 0 -1 0 0 0 1 -1 0 0 4770.dat
1 46 60 -62 290 0 -1 0 0 0 1 -1 0 0 4770.dat
1 15 -20 -104 420 -1 0 0 0 1 0 0 0 -1 2383.dat
1 15 20 -104 420 -1 0 0 0 1 0 0 0 -1 2383.dat
1 15 -20 -104 420 -1 0 0 0 1 0 0 0 -1 2384px1.dat
1 15 20 -104 420 -1 0 0 0 1 0 0 0 -1 2384px6.dat
1 14 10 -120 310 0 0 1 0 1 0 -1 0 0 4865a.dat
1 14 10 -120 350 0 0 1 0 1 0 -1 0 0 4865a.dat
1 14 -10 -120 310 0 0 -1 0 1 0 1 0 0 4865a.dat
1 14 -10 -120 350 0 0 -1 0 1 0 1 0 0 4865a.dat
1 4 122 -73 325 0.707107 0 0.707107 0 1 0 -0.707107 0 0.707107 4485.dat
1 14 122 -73 325 1 0 0 0 1 0 0 0 1 3626bp01.dat
1 1 122 -49 325 1 0 0 0 1 0 0 0 1 973p27.dat
1 1 122 -17 325 1 0 0 0 1 0 0 0 1 3815.dat
1 1 106.448 -40 325 0.985 -0.147224 0.085 0.164207 0.953378 -0.251575 -0.0439992 0.262181 0.963985 3818.dat
1 1 137.552 -40 325 0.985 0.147224 -0.085 -0.164207 0.953378 -0.251575 0.0439992 0.262181 0.963985 3819.dat
1 14 97.8991 -20.3117 320.632 0.985 -0.0439926 0.164183 0.164207 0.496175 -0.851902 -0.0439992 0.866899 0.496175 3820.dat
1 14 146.101 -20.3117 320.632 0.985 0.0439926 -0.164183 -0.164207 0.496175 -0.851902 0.0439992 0.866899 0.496175 3820.dat
1 1 122 -5 325 1 0 0 0 1 0 0 0 1 3816.dat
1 1 122 -5 325 1 0 0 0 1 0 0 0 1 3817.dat
1 0 122.286 -13.1299 288.503 1 0.0108979 0.00148176 0.0108985 -0.963605 -0.267107 -0.00148251 0.267107 -0.963665 3839b.dat
1 0 122.236 -5.47926 286.981 1 0.0108979 0.00148176 0.0108985 -0.963605 -0.267107 -0.00148251 0.267107 -0.963665 3794a.dat
1 0 121.722 18.1804 281.449 1 0.0108979 0.00148176 0.0108985 -0.963605 -0.267107 -0.00148251 0.267107 -0.963665 4589.dat
1 46 0 -128 280 1 0 0 0 1 0 0 0 1 4770.dat
1 14 0 -94 -170 1 0 0 0 1 0 0 0 1 2347.dat
1 14 0 -64 30 1 0 0 0 1 0 0 0 1 3023.dat
1 14 10 -88 30 -1 0 0 0 1 0 0 0 -1 4070.dat
1 14 -10 -88 30 -1 0 0 0 1 0 0 0 -1 4070.dat
1 0 0 -78 60 0 0 1 -1 0 0 0 -1 0 3044b.dat
1 0 -50 -48 330 0 0 1 0 1 0 -1 0 0 2486.dat
1 15 -50 -72 330 0 0 1 0 1 0 -1 0 0 2500c01.dat
1 46 -60 -62 370 0 1 0 0 0 1 1 0 0 4770.dat
1 46 -60 -62 330 0 1 0 0 0 1 1 0 0 4770.dat
1 46 -60 -62 290 0 1 0 0 0 1 1 0 0 4770.dat
1 14 0 -120 380 1 0 0 0 1 0 0 0 1 4865a.dat

0 WORLD  -7.120596 -56.79783 186.8301 0.2036002 -0.140878 0.9688666 0.4452126 0.8946785 0.03653269 -0.871972 0.4239118 0.2448784
0 CENTRE  0 0 0
0 LOOKAT  225 6 0
0 ROTANGLE 0
0 ZOOM  50
0
