0 FILE 6506 - Precinct Cruiser.ldr
0 Precinct Cruiser
0 Name: 6506 - Precinct Cruiser.ldr
0 Author: Tomas Kralicek [Rabbit_CZ]
0 !LDRAW_ORG Unofficial_Model
0 !LICENSE Redistributable under CCAL version 2.0 : see CAreadme.txt

0 !THEME Town

1 0 0 0 0 1 0 0 0 1 0 0 0 1 2441.dat
0 STEP
1 15 -30 0 0 0 0 1 0 1 0 -1 0 0 3623.dat
1 15 30 0 0 0 0 1 0 1 0 -1 0 0 3623.dat
0 STEP
1 15 0 -8 -50 0 0 1 0 1 0 -1 0 0 3022.dat
1 15 0 -8 50 0 0 1 0 1 0 -1 0 0 3022.dat
1 0 0 0 -20 1 0 0 0 1 0 0 0 1 3829c01.dat
0 STEP
1 15 0 -24 -50 1 0 0 0 1 0 0 0 1 3788.dat
1 15 0 -24 50 1 0 0 0 1 0 0 0 1 3788.dat
0 STEP
1 15 30 -24 -20 1 0 0 0 1 0 0 0 1 3822.dat
1 15 -30 -24 -20 1 0 0 0 1 0 0 0 1 3821.dat
1 15 0 -24 -60 1 0 0 0 1 0 0 0 1 2436a.dat
0 STEP
1 0 0 -72 60 1 0 0 0 1 0 0 0 1 4083.dat
1 43 0 -72 -20 1 0 0 0 1 0 0 0 1 3823.dat
1 0 0 -14 -82 -1 0 0 0 0 1 0 1 0 2412a.dat
0 STEP
1 46 30 -14 -82 -1 0 0 0 0 1 0 1 0 3024.dat
1 46 -30 -14 -82 -1 0 0 0 0 1 0 1 0 3024.dat
1 15 0 -80 -20 -1 0 0 0 1 0 0 0 -1 3710.dat
1 15 0 -32 -60 1 0 0 0 1 0 0 0 1 3069bp18.dat
0 STEP
1 33 -30 -88 -20 1 0 0 0 1 0 0 0 1 6141.dat
1 33 30 -88 -20 1 0 0 0 1 0 0 0 1 6141.dat
1 256 30 5 -50 0 0 -1 0 1 0 1 0 0 3641.dat
1 15 30 5 50 0 0 -1 0 1 0 1 0 0 4624.dat
1 256 30 5 50 0 0 -1 0 1 0 1 0 0 3641.dat
1 15 -30 5 -50 0 0 1 0 -1 0 1 0 0 4624.dat
1 256 -30 5 -50 0 0 1 0 -1 0 1 0 0 3641.dat
1 15 -30 5 50 0 0 1 0 -1 0 1 0 0 4624.dat
1 256 -30 5 50 0 0 1 0 -1 0 1 0 0 3641.dat
1 14 90 -18 18 1 0 0 0 1 0 0 0 1 6506 - Minifig.ldr
1 15 30 5 -50 0 0 -1 0 1 0 1 0 0 4624.dat
0 FILE 6506 - Minifig.ldr
0 Minifig
0 Name: 6506 - Minifig.ldr
0 Author: Tomas Kralicek [Rabbit_CZ]
0 !LDRAW_ORG Unofficial_Model
0 !LICENSE Redistributable under CCAL version 2.0 : see CAreadme.txt

0 !THEME Town

1 0 0 -32 0 1 0 0 0 1 0 0 0 1 973p1f.dat
1 0 -15.552 -23 0 0.985 -0.164 0.044 0.17 0.952 -0.254 0 0.259 0.966 3818.dat
1 0 15.552 -23 0 0.985 0.164 -0.044 -0.17 0.952 -0.254 0 0.259 0.966 3819.dat
1 14 -24.014 -3.358 -4.667 0.985 -0.085 0.147 0.17 0.493 -0.853 0 0.865 0.5 3820.dat
1 14 24.014 -3.358 -4.667 0.989 0.017 -0.147 -0.136 0.504 -0.853 0.059 0.864 0.5 3820.dat
1 14 0 -56 0 0.945 0 -0.327 0 1 0 0.327 0 0.945 3626ap01.dat
1 15 0 -56 0 0.945 0 -0.327 0 1 0 0.327 0 0.945 3624.dat
1 0 0 0 0 1 0 0 0 1 0 0 0 1 3815c01.dat
