0 FILE 6508 - Boat.ldr
0 Boat
0 Name: 6508 - Boat.ldr
0 Author: Tomas Kralicek [RabbiT_CZ]
0 !LDRAW_ORG Unofficial_Model
0 !LICENSE Redistributable under CCAL version 2.0 : see CAreadme.txt

0 !THEME Town

1 15 0 0 0 0 0 1 0 1 0 -1 0 0 3032.dat
1 15 10 0 -70 0 0 1 0 1 0 -1 0 0 2420.dat
1 15 -10 0 -70 -1 0 0 0 1 0 0 0 -1 2420.dat
1 1 0 -8 -70 0 0 -1 0 1 0 1 0 0 3021.dat
0 STEP
1 0 0 -8 50 -1 0 0 0 1 0 0 0 -1 2540.dat
1 15 -30 -8 30 0 0 -1 0 1 0 1 0 0 3623.dat
1 15 30 -8 30 0 0 -1 0 1 0 1 0 0 3623.dat
1 15 -30 -8 -40 0 0 -1 0 1 0 1 0 0 3710.dat
1 15 30 -8 -40 0 0 -1 0 1 0 1 0 0 3710.dat
0 STEP
1 15 0 -16 50 1 0 0 0 1 0 0 0 1 3710.dat
1 15 -30 -16 -20 0 0 1 0 1 0 -1 0 0 3666.dat
1 15 30 -16 -20 0 0 1 0 1 0 -1 0 0 3666.dat
1 1 0 -32 -70 1 0 0 0 1 0 0 0 1 3298p55.dat
0 STEP
1 1 -30 -24 -60 0 0 1 0 1 0 -1 0 0 3666.dat
1 1 30 -24 -60 0 0 1 0 1 0 -1 0 0 3666.dat
1 15 -30 -16 -90 1 0 0 0 1 0 0 0 1 4287.dat
1 15 30 -16 -90 1 0 0 0 1 0 0 0 1 4287.dat
1 1 -30 -24 -130 1 0 0 0 1 0 0 0 1 3070b.dat
1 1 30 -24 -130 1 0 0 0 1 0 0 0 1 3070b.dat
0 STEP
1 1 0 -24 10 1 0 0 0 1 0 0 0 1 3710.dat
1 1 0 -24 40 1 0 0 0 1 0 0 0 1 3020.dat
0 STEP
1 15 0 8 -50 1 0 0 0 1 0 0 0 1 3023.dat
0 STEP
1 15 0 -16 -50 1 0 0 0 1 0 0 0 1 3829c01.dat
1 1 30 -48 50 1 0 0 0 1 0 0 0 1 4286.dat
1 1 -30 -48 50 1 0 0 0 1 0 0 0 1 4286.dat
0 STEP
1 1 0 -56 50 1 0 0 0 1 0 0 0 1 3710.dat
1 15 0 -56 10 1 0 0 0 1 0 0 0 1 2432.dat
0 STEP
1 15 0 -64 60 0 0 -1 0 1 0 1 0 0 4488.dat
0 STEP
1 0 0 -60 88 0 0 -1 -1 0 0 0 1 0 2421.dat
1 7 10 -72 60 0 0 1 0 1 0 -1 0 0 2412b.dat
1 7 -10 -72 60 0 0 1 0 1 0 -1 0 0 2412b.dat
1 14 0.163 -21.005 -10.782 1 0 0.002 0 1 0 -0.001 0 1 6508 - Minifig.ldr

0 FILE 6508 - Minifig.ldr
0 Minifig
0 Name: 6508 - Minifig.ldr
0 Author: Tomas Kralicek [RabbiT_CZ]
0 !LDRAW_ORG Unofficial_Model
0 !LICENSE Redistributable under CCAL version 2.0 : see CAreadme.txt

0 !THEME Town

1 4 0 0 0 1 0 0 0 1 0 0 0 1 3815c02.dat
1 4 0 -32 0 1 0 0 0 1 0 0 0 1 973.dat
1 4 15.552 -23 0 0.985 0.17 0 -0.12 0.697 0.707 0.12 -0.697 0.707 3819.dat
1 4 -15.552 -23 0 0.985 -0.17 0 0.044 0.255 0.966 -0.164 -0.952 0.259 3818.dat
1 14 23.688 -17.431 -19.547 0.985 0.12 -0.12 -0.12 0.993 0.007 0.12 0.007 0.993 3820.dat
1 14 -23.688 -27.951 -19.713 0.985 0.12 0.12 -0.165 0.849 0.503 -0.042 -0.515 0.856 3820.dat
1 14 0 -60 0 0.787 0 -0.617 0 1 0 0.617 0 0.787 3626ap01.dat
1 4 0 -60 0 0.787 0 -0.617 0 1 0 0.617 0 0.787 2446.dat
1 43 0 -60 0 0.787 0 -0.617 0 1 0 0.617 0 0.787 2447.dat
1 14 0 -32 0 1 0 0.033 0 1 0 -0.033 0 1 2610.dat
