0 FILE Untitled.ldr
0 Untitled
0 Name: Untitled.ldr
0 Author: MLCad
0 Unofficial Model
0 ROTATION CENTER 0 0 0 1 "Custom" 
0 ROTATION CONFIG 0 0
1 2 0 0 0 1 0 0 0 1 0 0 0 1 3795.dat
1 15 -40 -8 0 0 0 1 0 1 0 -1 0 0 4859.dat
1 15 40 -8 0 0 0 -1 0 1 0 1 0 0 4859.dat
1 15 -50 -32 0 0 0 1 0 1 0 -1 0 0 3660.dat
1 15 -30 -32 0 0 0 1 0 1 0 -1 0 0 3004.dat
1 0 30 -16 10 0.382683 0 -0.92388 0 1 0 0.92388 0 0.382683 4592c01.dat
1 0 30 -16 -10 -0.382683 0 -0.92388 0 1 0 0.92388 0 -0.382683 4592c01.dat
1 7 -40 -40 0 1 0 0 0 1 0 0 0 1 3022.dat
1 7 -70 -40 0 0 0 -1 0 1 0 1 0 0 3794a.dat
1 0 -30 -48 0 0 0 1 0 1 0 -1 0 0 3839b.dat
1 0 -50 -48 0 0 0 1 0 1 0 -1 0 0 3023.dat
1 15 50 -40 0 0 0 -1 0 1 0 1 0 0 2432.dat
1 15 -120 -48 0 -1 0 0 0 1 0 0 0 -1 3666.dat
1 4 -160 -56 10 0 0 -1 0 1 0 1 0 0 4488.dat
1 15 -170 -80 0 0 0 -1 0 1 0 1 0 0 3040b.dat
1 36 -170 -88 0 0 0 -1 0 1 0 1 0 0 3070b.dat
1 0 -160 -51 37.5 0 0 -1 1 0 0 0 -1 0 2421.dat
1 7 -40 -56 0 0 0 1 0 1 0 -1 0 0 3176.dat
1 15 -40 -64 0 0 0 1 0 1 0 -1 0 0 3022.dat
1 15 -40 -72 0 1 0 0 0 1 0 0 0 1 2460.dat
1 4 -30 8 0 0 0 -1 0 1 0 1 0 0 6140.dat
1 4 30 8 0 0 0 -1 0 1 0 1 0 0 6140.dat
1 15 0 32 -50 -1 0 0 0 1 0 0 0 -1 3666.dat
1 15 0 32 50 -1 0 0 0 1 0 0 0 -1 3666.dat
1 0 -40 -96 0 -1 0 0 0 1 0 0 0 -1 2479.dat
1 2 -40 -104 -30 0 0 1 0 1 0 -1 0 0 2412b.dat
1 2 -40 -104 30 0 0 1 0 1 0 -1 0 0 2412b.dat
1 15 -130 -104 0 1 0 0 0 1 0 0 0 1 4162.dat
1 15 50 -104 0 1 0 0 0 1 0 0 0 1 4162.dat
1 15 -170 -104 0 1 0 0 0 1 0 0 0 1 168185a.dat
1 15 90 -104 0 -1 0 0 0 1 0 0 0 -1 168185a.dat
1 15 -8 -53 0 0 0 -1 0 1 0 1 0 0 pilot.ldr
0
0 FILE pilot.ldr
0 New Minifig Model
0 Name: pilot.ldr
0 Author: MLCad
0 Unofficial Model
0 ROTATION CENTER 0 0 0 1 "Custom" 
0 ROTATION CONFIG 0 0
1 4 0 -24 0 1 0 0 0 1 0 0 0 1 2446.dat
1 14 0 -24 0 1 0 0 0 1 0 0 0 1 3626bp01.dat
1 15 0 0 0 1 0 0 0 1 0 0 0 1 973pt2.dat
1 2 0 32 0 1 0 0 0 1 0 0 0 1 3815.dat
1 15 -15.552 9 0 0.985 -0.139256 -0.097508 0.17 0.806865 0.564973 0 -0.573576 0.819152 3818.dat
1 15 15.552 9 0 0.985 0.139256 0.097508 -0.17 0.806865 0.564973 0 -0.573576 0.819152 3819.dat
1 14 -22.2802 17.4225 -19.2153 0.985 -0.167392 0.0295157 0.17 0.969889 -0.171018 0 0.173622 0.984659 3820.dat
1 14 22.2802 17.4225 -19.2153 0.985 0.167392 -0.0295157 -0.17 0.969889 -0.171018 0 0.173622 0.984659 3820.dat
1 2 0 44 0 1 0 0 0 0 1 0 -1 0 3816.dat
1 2 0 44 0 1 0 0 0 0 1 0 -1 0 3817.dat
1 41 0 -24 0 1 0 0 0 1 0 0 0 1 2447.dat
0 
0
0
