0 FILE Untitled.ldr
0 Untitled
0 Name: Untitled.ldr
0 Author: marco
0 Unofficial Model
0 ROTATION CENTER 0 0 0 1 "Custom" 
0 ROTATION CONFIG 0 0
1 0 0 64 0 1 0 0 0 1 0 0 0 1 3020.dat
1 15 0 8 0 1 0 0 0 1 0 0 0 1 3020.dat
1 15 0 40 10 1 0 0 0 1 0 0 0 1 3004.dat
1 15 0 16 10 1 0 0 0 1 0 0 0 1 3004p18.dat
1 43 30 -40 0 0 0 1 0 1 0 -1 0 0 87552.dat
1 43 -30 -40 0 0 0 -1 0 1 0 1 0 0 87552.dat
1 0 0 -16 10 1 0 0 0 1 0 0 0 1 3039p12.dat
1 15 0 -64 10 1 0 0 0 1 0 0 0 1 4861.dat
1 15 -90 24 -30 1 0 0 0 1 0 0 0 1 motociclista.ldr
1 15 -170 24 -30 1 0 0 0 1 0 0 0 1 motociclista.ldr
0
0 FILE motociclista.ldr
0 ~Bike  2 Wheel Motorcycle Minifig Rider (Shortcut)
0 Name: motociclista.ldr
0 Author: Kevin M Bane
0 !LDRAW_ORG Unofficial_Shortcut Update 2001-01
0 ROTATION CENTER 0 0 0 1 "Custom" 
0 ROTATION CONFIG 0 0
0 BFC CERTIFY CCW
0 !CATEGORY Minifig
0 !KEYWORDS vehicle, town, motorbike
0 !HISTORY 2006-08-05 [WilliamH] Replaced obsolete parts (arms and hands)
0 !HISTORY 2010-11-29 [anathema] Fixed header, corrected helmet position
1 0 0 2 -31 1 0 0 0 0.927 0.375 0 -0.375 0.927 3817.dat
1 0 0 2 -31 1 0 0 0 0.927 0.375 0 -0.375 0.927 3816.dat
1 0 0 -9.78 -33.29 1 0 0 0 0.982 -0.191 0 0.191 0.982 3815.dat
1 0 0 -41.192 -39.396 1 0 0 0 0.982 -0.191 0 0.191 0.982 973p1g.dat
1 14 0 -64.751 -43.975 1 0 0 0 0.982 -0.191 0 0.191 0.982 3626bp01.dat
1 15 0 -64.751 -43.975 1 0 0 0 0.982 -0.191 0 0.191 0.982 3842b.dat
1 15 -0.6 -0.219 0.242 1 0 0 0 1.0004 -0.000116359 0 0.000116359 1.0004 73538.dat
1 0 -0.6 -8.0021 -9.60479 1 0 0 0 1.0004 -0.000116359 0 0.000116359 1.0004 4592c01.dat
1 33 -0.6 -8.00469 10.2033 1 0 0 0 1.0004 -0.000116359 0 0.000116359 1.0004 3024.dat
1 15 19.4 9.794 0.204 0 -1.0004 0.000116359 0 -0.000116359 -1.0004 1 0 0 3069bp18.dat
1 15 -20.6 9.794 0.204 0 1.0004 -0.000116359 0 -0.000116359 -1.0004 -1 0 0 3069bp18.dat
1 46 -0.6 -14.005 -92.997 1 0 0 0 -0.000116359 -1.0004 0 1.0004 -0.000116359 4073.dat
1 36 -0.6 9.995 27.003 1 0 0 0 0.000116359 1.0004 0 -1.0004 0.000116359 4073.dat
1 0 -15.552 -32.328 -37.833 0.986 -0.17 0 0.147 0.853 0.5 -0.085 -0.493 0.866 3818.dat
1 0 15.552 -32.328 -37.833 0.986 0.17 0 -0.147 0.853 0.5 0.08495 -0.49275 0.866 3819.dat
1 14 -23.552 -22.605 -54.994 0.077 -0.995 -0.058 0.961 0.089 -0.26 0.263 -0.036 0.964 3820.dat
1 14 23.552 -22.605 -54.994 0.077 0.995 0.054 -0.961 0.089 -0.273 -0.263 -0.036 0.96 3820.dat
0 
0 
0 
0
0
