0 Untitled
0 Name: 660-1.ldr
0 Author: MLCad
0 Unofficial Model
0 ROTATION CENTER 0 0 0 1 "Custom" 
0 ROTATION CONFIG 0 0
1 4 -20 16 0 0 0 1 0 1 0 -1 0 0 3030.dat
1 4 -20 -16 40 0 0 1 0 1 0 -1 0 0 3032.dat
1 14 -20 -3.581 216.99 0 0 1 -0.258819 0.965926 0 -0.965926 -0.258819 0 3034.dat
1 14 -20 -11.383 156.964 0 0 1 -0.258819 0.965926 0 -0.965926 -0.258819 0 3022.dat
1 14 -20 17.051 232.167 0 0 1 -0.258819 0.965926 0 -0.965926 -0.258819 0 3022.dat
1 14 -20 -3.655 154.893 0 0 1 -0.258819 0.965926 0 -0.965926 -0.258819 0 3481.dat
1 7 -25.657 -6.388 155.625 0 -0.707107 0.707107 -0.258819 0.683013 0.683013 -0.965926 -0.183013 -0.183013 3480.dat
1 14 -20 -47.394 208.024 0 0 1 -0.258819 0.965926 0 -0.965926 -0.258819 0 3022.dat
1 14 -17 -17.648 303.581 0 -1 0 -0.258819 0 0.965926 -0.965926 0 -0.258819 3068b.dat
1 14 -20 -6.132 238.379 0 0 1 -0.258819 0.965926 0 -0.965926 -0.258819 0 3022.dat
1 14 -20 -26.837 161.105 0 0 1 -0.258819 0.965926 0 -0.965926 -0.258819 0 3022.dat
1 14 -20.001 -37.078 215.613 -1 0 0 0 0.965926 -0.258819 0 -0.258819 -0.965926 3039.dat
1 47 -20.001 -42.255 196.294 1 0 0 0 0.965926 0.258819 0 -0.258819 0.965926 3039.dat
1 14 -20 -16.484 199.742 -1 0 0 0 0.965926 -0.258819 0 -0.258819 -0.965926 3034.dat
1 14 -20 1.67 298.405 -1 0 0 0 0.965926 -0.258819 0 -0.258819 -0.965926 3020.dat
1 14 -20 11.91 243.897 0 0 1 -0.258819 0.965926 0 -0.965926 -0.258819 0 3021.dat
1 14 -20 6.809 286.675 0 0 1 -0.258819 0.965926 0 -0.965926 -0.258819 0 3021.dat
1 47 -20 -8 90 -1 0 0 0 1 0 0 0 -1 3010.dat
1 47 -50 -8 40 0 0 1 0 1 0 -1 0 0 3010.dat
1 47 10 -8 40 0 0 1 0 1 0 -1 0 0 3010.dat
1 47 -20 -8 -10 1 0 0 0 1 0 0 0 1 3037.dat
1 4 0 24 70 -1 0 0 0 1 0 0 0 -1 3023.dat
1 4 -40 24 70 -1 0 0 0 1 0 0 0 -1 3023.dat
1 4 -20 24 90 -1 0 0 0 1 0 0 0 -1 3183.dat
1 9 -21 36 250 1 0 0 0 1 0 0 0 1 817.dat
1 4 -20 32 80 -1 0 0 0 1 0 0 0 -1 3020.dat
1 4 -20 40 80 -1 0 0 0 1 0 0 0 -1 3020.dat
1 4 -20 24 -90 1 0 0 0 1 0 0 0 1 3010p20c.dat
1 0 -20 24 -60 1 0 0 0 1 0 0 0 1 3137c01.dat
1 0 -20 -1.031 195.601 1 0 0 0 0.965926 0.258819 0 -0.258819 0.965926 3137c01.dat
1 0 10 45 -60 1 0 0 0 1 0 0 0 1 3139.dat
1 0 -50 19.255 190.165 1 0 0 0 0.965926 0.258819 0 -0.258819 0.965926 3139.dat
1 0 10 19.255 190.165 1 0 0 0 0.965926 0.258819 0 -0.258819 0.965926 3139.dat
1 0 10 45 40 1 0 0 0 1 0 0 0 1 3139.dat
1 0 -50 45 40 1 0 0 0 1 0 0 0 1 3139.dat
1 0 -71 45 250 1 0 0 0 1 0 0 0 1 3139.dat
1 0 29 45 250 1 0 0 0 1 0 0 0 1 3139.dat
1 4 -71 45 250 1 0 0 0 1 0 0 0 1 3464.dat
1 4 29 45 250 1 0 0 0 1 0 0 0 1 3464.dat
1 0 -50 45 -60 1 0 0 0 1 0 0 0 1 3139.dat
1 0 -20 24 40 1 0 0 0 1 0 0 0 1 3137c01.dat
1 4 0 24 -10 0 0 -1 0 1 0 1 0 0 3002.dat
1 4 -40 24 -10 0 0 -1 0 1 0 1 0 0 3002.dat
0
