0 FILE 6675 - Road & Trail 4x4.ldr
0 6675 - Road & Trail 4x4
0 Author: Darats
0 Official Model
0 ROTATION CENTER 0 0 0 1 "Custom" 
0 ROTATION CONFIG 0 0
1 0 0 0 0 1 0 0 0 0.997801 -0.0662739 0 0.0662739 0.997801 Vehicle + Minifig.ldr
0
0 FILE Vehicle.ldr
0 Name: Vehicle
0 ROTATION CENTER 0 0 0 1 "Custom" 
0 ROTATION CONFIG 0 0
1 0 0 0 0 1 0 0 0 1 0 0 0 1 4212b.dat
1 14 0 -8 -30 1 0 0 0 1 0 0 0 1 3829c01.dat
1 0 0 -16 -60 1 0 0 0 1 0 0 0 1 3788.dat
1 0 0 -24 90 1 0 0 0 1 0 0 0 1 4865a.dat
1 36 -30 -8 90 1 0 0 0 1 0 0 0 1 3024.dat
1 36 -30 -16 90 1 0 0 0 1 0 0 0 1 3024.dat
1 36 30 -8 90 1 0 0 0 1 0 0 0 1 3024.dat
1 36 30 -16 90 1 0 0 0 1 0 0 0 1 3024.dat
1 0 -30 -24 -70 1 0 0 0 1 0 0 0 1 3024.dat
1 0 30 -24 -70 1 0 0 0 1 0 0 0 1 3024.dat
1 0 0 -24 -50 1 0 0 0 1 0 0 0 1 3710.dat
1 0 0 -16 60 1 0 0 0 1 0 0 0 1 3788.dat
1 7 -10 -32 -70 1 0 0 0 1 0 0 0 1 4589.dat
1 7 10 -32 -70 1 0 0 0 1 0 0 0 1 4589.dat
1 0 -10 -24 -90 1 0 0 0 1 0 0 0 1 4070.dat
1 0 10 -24 -90 1 0 0 0 1 0 0 0 1 4070.dat
1 0 -30 -24 70 0 0 1 0 1 0 -1 0 0 3623.dat
1 0 30 -24 70 0 0 1 0 1 0 -1 0 0 3623.dat
1 0 0 -24 30 -1 0 0 0 1 0 0 0 -1 3010.dat
1 7 0 -72 50 1 0 0 0 1 0 0 0 1 4083.dat
1 0 30 -24 -30 1 0 0 0 1 0 0 0 1 3822p03.dat
1 0 -30 -24 -30 1 0 0 0 1 0 0 0 1 3821p03.dat
1 7 0 -14 -104 1 0 0 0 0 -1 0 1 0 2412a.dat
1 0 30 -24 -90 1 0 0 0 1 0 0 0 1 4070.dat
1 46 30 -14 -104 1 0 0 0 0 -1 0 1 0 3024.dat
1 0 -30 -24 -90 1 0 0 0 1 0 0 0 1 4070.dat
1 46 -30 -14 -104 1 0 0 0 0 -1 0 1 0 3024.dat
1 0 0 -72 30 1 0 0 0 1 0 0 0 1 4214.dat
1 47 0 -72 -30 1 0 0 0 1 0 0 0 1 3823.dat
1 0 0 -80 0 1 0 0 0 1 0 0 0 1 2349a.dat
1 47 0 -76 -17 1 0 0 0 1 0 0 0 1 2348b.dat
1 14 0 8 60 1 0 0 0 1 0 0 0 1 3022.dat
1 0 -30 8 0 0 0 1 0 1 0 -1 0 0 3023.dat
1 0 30 8 0 0 0 1 0 1 0 -1 0 0 3023.dat
1 14 0 8 -50 -1 0 0 0 1 0 0 0 -1 3004.dat
1 14 10 16 70 -1 0 0 0 1 0 0 0 -1 4070.dat
1 14 -10 16 70 -1 0 0 0 1 0 0 0 -1 4070.dat
1 14 10 16 50 -1 0 0 0 1 0 0 0 -1 3062b.dat
1 14 -10 16 50 -1 0 0 0 1 0 0 0 -1 3062b.dat
1 14 10 8 -70 -1 0 0 0 1 0 0 0 -1 3062b.dat
1 14 -10 8 -70 -1 0 0 0 1 0 0 0 -1 3062b.dat
1 14 0 32 -60 -1 0 0 0 1 0 0 0 -1 3022.dat
1 14 0 40 60 -1 0 0 0 1 0 0 0 -1 3022.dat
1 0 0 26 100 1 0 0 0 0 1 0 -1 0 3937.dat
1 0 0 26 90 1 0 0 0 0.5 0.866 0 -0.866 0.5 Vehicle - Exaust Pipe.ldr
1 0 -10 48 60 0 0 -1 0 1 0 1 0 0 3700.dat
1 0 10 48 60 0 0 -1 0 1 0 1 0 0 3700.dat
1 0 0 58 60 -1 0 0 0 1 0 0 0 -1 3707.dat
1 7 -25 58 60 0 0 -1 0 1 0 1 0 0 4265a.dat
1 7 25 58 60 0 0 1 0 1 0 -1 0 0 4265a.dat
1 14 46 58 60 0 0 -1 0 1 0 1 0 0 3482.dat
1 256 46 58 60 0 0 1 0 1 0 -1 0 0 2346.dat
1 14 66 58 60 0 0 1 0 1 0 -1 0 0 3482.dat
1 256 66 58 60 0 0 -1 0 1 0 1 0 0 2346.dat
1 14 -46 58 60 0 0 1 0 1 0 -1 0 0 3482.dat
1 256 -46 58 60 0 0 -1 0 1 0 1 0 0 2346.dat
1 14 -66 58 60 0 0 -1 0 1 0 1 0 0 3482.dat
1 256 -66 58 60 0 0 1 0 1 0 -1 0 0 2346.dat
1 0 -10 40 -60 0 0 -1 0 1 0 1 0 0 3700.dat
1 0 10 40 -60 0 0 -1 0 1 0 1 0 0 3700.dat
1 0 0 50 -60 -1 0 0 0 1 0 0 0 -1 3707.dat
1 7 -25 50 -60 0 0 -1 0 1 0 1 0 0 4265a.dat
1 7 25 50 -60 0 0 1 0 1 0 -1 0 0 4265a.dat
1 14 46 50 -60 0 0 -1 0 1 0 1 0 0 3482.dat
1 256 46 50 -60 0 0 1 0 1 0 -1 0 0 2346.dat
1 14 66 50 -60 0 0 1 0 1 0 -1 0 0 3482.dat
1 256 66 50 -60 0 0 -1 0 1 0 1 0 0 2346.dat
1 14 -46 50 -60 0 0 1 0 1 0 -1 0 0 3482.dat
1 256 -46 50 -60 0 0 -1 0 1 0 1 0 0 2346.dat
1 14 -66 50 -60 0 0 -1 0 1 0 1 0 0 3482.dat
1 256 -66 50 -60 0 0 1 0 1 0 -1 0 0 2346.dat
1 0 -10 -80 50 1 0 0 0 1 0 0 0 1 4592.dat
1 0 10 -80 50 1 0 0 0 1 0 0 0 1 4592.dat
1 14 -10 -80 50 1 0 0 0 0.866 0.5 0 -0.5 0.866 4593.dat
1 14 10 -80 50 1 0 0 0 0.866 0.5 0 -0.5 0.866 4593.dat
1 0 1 -25 82 -0.0928 -0.3462 0.9336 -0.9569 0.2901 0.0125 -0.2752 -0.8922 -0.3581 4006.dat
0
0 FILE Minifig.ldr
0 Name: Minifig
0 ROTATION CENTER 0 0 0 1 "Custom" 
0 ROTATION CONFIG 0 0
1 4 0 -24 0 0.882948 0 -0.469472 0 1 0 0.469472 0 0.882948 4485.dat
1 14 0 -24 0 0.882948 0 -0.469472 0 1 0 0.469472 0 0.882948 3626bp01.dat
1 15 0 0 0 1 0 0 0 1 0 0 0 1 973p1t.dat
1 4 0 32 0 1 0 0 0 1 0 0 0 1 3815.dat
1 14 -15.552 9 0 0.985 -0.0118586 -0.169586 0.17 0.0687101 0.982601 0 -0.997564 0.0697565 3818.dat
1 14 -19.1462 -0.73635 -19.4353 0.985 -0.128281 -0.111513 0.17 0.743277 0.646121 0 -0.65596 0.754596 3820.dat
1 4 0 44 0 1 0 0 0 0 1 0 -1 0 3816.dat
1 4 0 44 0 1 0 0 0 0 1 0 -1 0 3817.dat
1 14 15.552 9 0 0.985 0.0745231 0.152795 -0.17 0.431796 0.885312 0 -0.898794 0.438371 3819.dat
1 14 20.4951 7.07961 -21.3867 0.985 0.160714 0.0553382 -0.17 0.931195 0.320636 0 -0.325519 0.945376 3820.dat
0
0 FILE Vehicle - Exaust Pipe.ldr
0 Name: Vehicle - Exaust Pipe
0 ROTATION CENTER 0 0 0 1 "Custom" 
0 ROTATION CONFIG 0 0
1 0 0 -10 0 1 0 0 0 1 0 0 0 1 3938.dat
1 0 0 -18 0 1 0 0 0 1 0 0 0 1 3623.dat
1 7 -20 -58 0 1 0 0 0 1 0 0 0 1 6269.dat
1 7 20 -58 0 1 0 0 0 1 0 0 0 1 6269.dat
0
0 FILE Vehicle + Minifig.ldr
0 Vehicle + Minifig
0 ROTATION CENTER 0 0 0 1 "Custom" 
0 ROTATION CONFIG 1 1
1 0 0 -58 -60 1 0 0 0 1 0 0 0 1 Vehicle.ldr
1 0 0 -95 -52 1 0 0 0 1 0 0 0 1 Minifig.ldr
0 
0
0
