0 FILE Untitled.ldr
0 Untitled
0 Name: Untitled.ldr
0 Author: MLCad
0 Unofficial Model
0 ROTATION CENTER 0 0 0 1 "Custom" 
0 ROTATION CONFIG 0 0
1 0 0 0 0 0.999391 0.0348995 0 -0.0348995 0.999391 0 0 0 1 3033.dat
1 0 -119.927 4.188 -40 0.999391 0.0348995 0 -0.0348995 0.999391 0 0 0 1 3022.dat
1 0 -119.927 4.188 40 0.999391 0.0348995 0 -0.0348995 0.999391 0 0 0 1 3022.dat
1 0 169.896 -5.933 0 0 0.0348995 -0.999391 0 0.999391 0.0348995 1 0 0 2625.dat
1 0 -90.783 -20.845 40 0 0.0348995 0.999391 0 0.999391 -0.0348995 -1 0 0 3298.dat
1 0 -90.783 -20.845 -40 0 0.0348995 0.999391 0 0.999391 -0.0348995 -1 0 0 3298.dat
1 1 99.102 -27.476 0 0 0.0348995 0.999391 0 0.999391 -0.0348995 -1 0 0 3003.dat
1 14 49.132 -25.73 30 -0.999391 0.0348995 0 0.0348995 0.999391 0 0 0 -1 2357.dat
1 14 49.132 -25.73 -30 0 0.0348995 -0.999391 0 0.999391 0.0348995 1 0 0 2357.dat
1 0 -50.807 -22.241 50 -0.999391 0.0348995 0 0.0348995 0.999391 0 0 0 -1 3622.dat
1 0 -50.807 -22.241 -50 -0.999391 0.0348995 0 0.0348995 0.999391 0 0 0 -1 3622.dat
1 0 59.126 -26.079 50 -0.999391 0.0348995 0 0.0348995 0.999391 0 0 0 -1 3008.dat
1 0 59.126 -26.079 -50 -0.999391 0.0348995 0 0.0348995 0.999391 0 0 0 -1 3008.dat
1 7 -90.783 -20.845 10 0 0.0348995 0.999391 0 0.999391 -0.0348995 -1 0 0 4070.dat
1 7 -90.783 -20.845 -10 0 0.0348995 0.999391 0 0.999391 -0.0348995 -1 0 0 4070.dat
1 0 199.041 -30.965 0 0 0.0348995 -0.999391 0 0.999391 0.0348995 1 0 0 2626.dat
1 7 -120.415 -9.804 10 0 0.999391 0.0348995 0 -0.0348995 0.999391 1 0 0 4589.dat
1 7 -120.415 -9.804 -10 0 0.999391 0.0348995 0 -0.0348995 0.999391 1 0 0 4589.dat
1 0 38.858 -33.376 -30 -0.999391 0.0348995 0 0.0348995 0.999391 0 0 0 -1 3023.dat
1 0 38.858 -33.376 30 -0.999391 0.0348995 0 0.0348995 0.999391 0 0 0 -1 3023.dat
1 4 19.708 -8.693 0 0 0.0348995 -0.999391 0 0.999391 0.0348995 1 0 0 4079.dat
1 4 -40.255 -6.599 0 0 0.0348995 -0.999391 0 0.999391 0.0348995 1 0 0 4079.dat
1 14 38.022 -57.362 30 0.999391 0.0348995 0 -0.0348995 0.999391 0 0 0 1 30010.dat
1 14 38.022 -57.362 -30 -0.999391 0.0348995 0 0.0348995 0.999391 0 0 0 -1 30010.dat
1 0 -51.645 -46.226 50 0 0.0348995 0.999391 0 0.999391 -0.0348995 -1 0 0 4286.dat
1 0 -51.645 -46.226 -50 0 0.0348995 0.999391 0 0.999391 -0.0348995 -1 0 0 4286.dat
1 0 218.191 -55.648 0 0 0.0348995 -0.999391 0 0.999391 0.0348995 1 0 0 2626.dat
1 0 58.288 -50.065 50 -0.999391 0.0348995 0 0.0348995 0.999391 0 0 0 -1 6111.dat
1 0 58.288 -50.065 -50 -0.999391 0.0348995 0 0.0348995 0.999391 0 0 0 -1 6111.dat
1 14 48.853 -33.726 0 0 0.0348995 -0.999391 0 0.999391 0.0348995 1 0 0 3829c01.dat
1 4 -91.062 -28.839 0 0 0.0348995 -0.999391 0 0.999391 0.0348995 1 0 0 3710.dat
1 0 -91.341 -36.834 0 0 0.0348995 -0.999391 0 0.999391 0.0348995 1 0 0 3023.dat
1 4 -91.341 -36.834 30 0 0.0348995 0.999391 0 0.999391 -0.0348995 -1 0 0 4085b.dat
1 4 -91.341 -36.834 -30 0 0.0348995 0.999391 0 0.999391 -0.0348995 -1 0 0 4085b.dat
1 0 -91.62 -44.83 0 0 0.0348995 0.999391 0 0.999391 -0.0348995 -1 0 0 2431.dat
1 1 98.264 -51.461 -10 0.999391 0.0348995 0 -0.0348995 0.999391 0 0 0 1 3937.dat
1 1 98.264 -51.461 10 -0.999391 0.0348995 0 0.0348995 0.999391 0 0 0 -1 3937.dat
1 1 98.354 -48.893 -16.691 -0.999391 0.0259354 0.0233523 0.0348995 0.742692 0.668723 0 0.669131 -0.743145 3938.dat
1 1 98.354 -48.893 16.691 -0.999391 0.0259354 -0.0233523 0.0348995 0.742692 -0.668723 0 -0.669131 -0.743145 3938.dat
1 7 98.146 -54.834 -22.044 -0.999391 0.0259354 0.0233523 0.0348995 0.742692 0.668723 0 0.669131 -0.743145 3023.dat
1 7 98.146 -54.834 22.044 -0.999391 0.0259354 -0.0233523 0.0348995 0.742692 -0.668723 0 -0.669131 -0.743145 3023.dat
1 7 97.938 -60.778 -27.397 -0.999391 0.0259354 0.0233523 0.0348995 0.742692 0.668723 0 0.669131 -0.743145 2540.dat
1 7 97.938 -60.778 27.397 0.999391 0.0259354 0.0233523 -0.0348995 0.742692 0.668723 0 -0.669131 0.743145 2540.dat
1 7 97.731 -66.719 -32.75 0.999391 0.0259354 -0.0233523 -0.0348995 0.742692 -0.668723 0 0.669131 0.743145 2412a.dat
1 7 97.731 -66.719 32.75 0.999391 0.0259354 0.0233523 -0.0348995 0.742692 0.668723 0 -0.669131 0.743145 2412a.dat
1 0 -111.19 -32.139 30 0.999391 0.0348995 0 -0.0348995 0.999391 0 0 0 1 3962a.dat
1 0 -111.19 -32.139 -30 0.999391 0.0348995 0 -0.0348995 0.999391 0 0 0 1 3962a.dat
1 4 207.918 -63.294 0 0 0.0348995 -0.999391 0 0.999391 0.0348995 1 0 0 2625.dat
1 4 -64.151 -117.833 50 0 0.0348995 -0.999391 0 0.999391 0.0348995 1 0 0 2340.dat
1 4 -64.151 -117.833 -50 0 0.0348995 -0.999391 0 0.999391 0.0348995 1 0 0 2340.dat
1 4 68.003 -58.409 0 0 0.0348995 -0.999391 0 0.999391 0.0348995 1 0 0 3666.dat
1 4 127.967 -60.503 0 0 0.0348995 -0.999391 0 0.999391 0.0348995 1 0 0 3666.dat
1 4 -64.431 -125.828 0 0 0.0348995 -0.999391 0 0.999391 0.0348995 1 0 0 3795.dat
1 4 38.022 -57.362 50 -0.999391 0.0348995 0 0.0348995 0.999391 0 0 0 -1 3023.dat
1 4 38.022 -57.362 -50 -0.999391 0.0348995 0 0.0348995 0.999391 0 0 0 -1 3023.dat
1 4 97.984 -59.456 -50 -0.999391 0.0348995 0 0.0348995 0.999391 0 0 0 -1 3023.dat
1 4 97.984 -59.456 50 -0.999391 0.0348995 0 0.0348995 0.999391 0 0 0 -1 3023.dat
1 4 16.917 -88.645 0 0 0.0348995 -0.999391 0 0.999391 0.0348995 1 0 0 smuggler.ldr
1 4 -43.047 -86.551 0 0 0.0348995 -0.999391 0 0.999391 0.0348995 1 0 0 smuggler.ldr
1 41 46.899 -89.691 0 0 0.0348995 -0.999391 0 0.999391 0.0348995 1 0 0 2437.dat
1 0 167.663 -69.894 0 0 0.0348995 -0.999391 0 0.999391 0.0348995 1 0 0 2412a.dat
1 0 137.681 -68.847 0 0 0.0348995 -0.999391 0 0.999391 0.0348995 1 0 0 3068b.dat
1 0 227.626 -71.988 10 0 0.0348995 -0.999391 0 0.999391 0.0348995 1 0 0 4073.dat
1 0 227.626 -71.988 -10 0 0.0348995 -0.999391 0 0.999391 0.0348995 1 0 0 4073.dat
1 0 -74.704 -133.475 50 0 0.0348995 -0.999391 0 0.999391 0.0348995 1 0 0 4592.dat
1 0 -74.704 -133.475 -50 0 0.0348995 -0.999391 0 0.999391 0.0348995 1 0 0 4592.dat
1 0 -74.704 -133.475 50 0 0.731354 -0.681998 0 0.681998 0.731354 1 0 0 4593.dat
1 0 -74.704 -133.475 -50 0 0.731354 -0.681998 0 0.681998 0.731354 1 0 0 4593.dat
1 7 110.212 4.156 0 0.999391 0.0348995 0 -0.0348995 0.999391 0 0 0 1 3021.dat
1 0 100.497 12.5 0 0.999391 0.0348995 0 -0.0348995 0.999391 0 0 0 1 2654.dat
1 0 -99.66 11.485 -40 0.999391 0.0348995 0 -0.0348995 0.999391 0 0 0 1 2654.dat
1 0 -99.66 11.485 40 0.999391 0.0348995 0 -0.0348995 0.999391 0 0 0 1 2654.dat
1 0 137.681 -68.847 0 0 0.0348995 -0.999391 0 0.999391 0.0348995 1 0 0 820675a.dat
1 4 -42.907 -82.553 -52 0.999391 0 -0.0348995 -0.0348995 0 -0.999391 0 1 0 820675a.dat
1 4 -42.907 -82.553 52 -0.999391 0 -0.0348995 0.0348995 0 -0.999391 0 -1 0 820675a.dat
1 4 78.268 -51.013 -60 0.999391 0 -0.0348995 -0.0348995 0 -0.999391 0 1 0 s6.dat
1 4 78.276 -50.763 60 -0.999391 0 -0.0348995 0.0348995 0 -0.999391 0 -1 0 s5.dat
0
0 FILE smuggler.ldr
0 New Minifig Model
0 Name: smuggler.ldr
0 Author: MLCad
0 Unofficial Model
0 ROTATION CENTER 0 0 0 1 "Custom" 
0 ROTATION CONFIG 0 0
1 15 0 0.173 12.953 1 0 0 0 0.997564 0.0697565 0 -0.0697565 0.997564 2446.dat
1 14 0 0.173 12.953 1 0 0 0 0.997564 0.0697565 0 -0.0697565 0.997564 3626ap01.dat
1 14 0 27.108 11.069 1 0 0 0 0.997564 0.0697565 0 -0.0697565 0.997564 2610.dat
1 15 0 27.108 11.069 1 0 0 0 0.997564 0.0697565 0 -0.0697565 0.997564 973.dat
1 1 0 59.029 8.836 1 0 0 0 0.997564 0.0697565 0 -0.0697565 0.997564 970.dat
1 15 -15.552 36.085 10.442 0.985 -0.147224 -0.085 0.169586 0.816079 0.551711 -0.0118586 -0.558287 0.829561 982.dat
1 15 15.552 36.085 10.442 0.985 0.147224 0.085 -0.169586 0.816079 0.551711 0.0118586 -0.558287 0.829561 981.dat
1 14 -22.559 44.82 -8.534 0.985 -0.164183 0.0439926 0.169586 0.967028 -0.186908 -0.0118586 0.191791 0.981208 983.dat
1 14 22.559 44.82 -8.534 0.985 0.164183 -0.0439926 -0.169586 0.967028 -0.186908 0.0118586 0.191791 0.981208 983.dat
1 1 0 71 8 1 0 0 0 0 1 0 -1 0 971.dat
1 1 0 71 8 1 0 0 0 0 1 0 -1 0 972.dat
1 0 0 0.173 12.953 1 0 0 0 0.997564 0.0697565 0 -0.0697565 0.997564 2447.dat
0
0
