0 6810 Laser Ranger
0 Name: 6810_Laser_Ranger.ldr
0 Author: LEGO
0 bassfoundation@yahoo.com
0 ROTATION CENTER 0 0 0 1 "Custom" 
0 ROTATION CONFIG 0 0
1 15 0 0 0 0 0 1 0 1 0 -1 0 0 3034.dat
1 0 0 -8 10 0 0 1 0 1 0 -1 0 0 3021.dat
1 0 10 -8 60 0 0 1 0 1 0 -1 0 0 3475b.dat
1 0 -10 -8 60 0 0 -1 0 1 0 1 0 0 3475b.dat
1 15 0 -8 -40 1 0 0 0 1 0 0 0 1 4859.dat
1 15 0 -8 -70 1 0 0 0 1 0 0 0 1 4596.dat
1 15 0 -32 70 -1 0 0 0 1 0 0 0 -1 3937.dat
1 15 0 -22 80 -1 0 0 0 0 -1 0 -1 0 3938.dat
1 15 10 -32 40 0 0 -1 0 1 0 1 0 0 3937.dat
1 0 20 -22 40 0 -1 0 0 0 -1 1 0 0 3938.dat
1 15 -10 -32 40 0 0 1 0 1 0 -1 0 0 3937.dat
1 0 -20 -22 40 0 1 0 0 0 -1 -1 0 0 3938.dat
1 15 0 -32 -30 1 0 0 0 1 0 0 0 1 3298p90.dat
1 36 -10 -22.001 88 1 0 0 0 0 1 0 -1 0 4073.dat
1 36 10 -22.001 88 1 0 0 0 0 1 0 -1 0 4073.dat
1 15 -10 -22 128 1 0 0 0 0 1 0 -1 0 2343.dat
1 15 10 -22 128 1 0 0 0 0 1 0 -1 0 2343.dat
1 15 -10 -40 -30 0.866025 0 -0.5 0 1 0 0.5 0 0.866025 4592.dat
1 0 -10 -40 -30 0.866025 0.353553 -0.353553 0 0.707107 0.707107 0.5 -0.612372 0.612372 4593.dat
1 15 10 -40 -30 0.866025 0 0.5 0 1 0 -0.5 0 0.866025 4592.dat
1 0 10 -40 -30 0.866025 -0.353553 0.353553 0 0.707107 0.707107 -0.5 -0.612372 0.612372 4593.dat
1 15 -68 -22 40 0 1 0 0 0 -1 -1 0 0 6268a.dat
1 33 -76 -22 30 0 1 0 0 0 -1 -1 0 0 3024.dat
1 15 -76 -22 50 0 1 0 0 0 1 1 0 0 4081b.dat
1 15 -84 -22 40 0 1 0 0 0 1 1 0 0 2412b.dat
1 15 -74 -42 -30 1 0 0 0 0 1 0 -1 0 3957a.dat
1 0 -74 -42 62 1 0 0 0 0 1 0 -1 0 4073.dat
1 15 68 -22 40 0 -1 0 0 0 -1 1 0 0 6268a.dat
1 33 76 -22 30 0 -1 0 0 0 1 -1 0 0 3024.dat
1 15 76 -22 50 0 -1 0 0 0 1 -1 0 0 4081b.dat
1 15 84 -22 40 0 -1 0 0 0 -1 1 0 0 2412b.dat
1 15 74 -42 -30 -1 0 0 0 0 -1 0 -1 0 3957a.dat
1 0 74 -42 62 -1 0 0 0 0 -1 0 -1 0 4073.dat
1 33 0 -6 -140 0 0 -1 1 0 0 0 -1 0 4073.dat
1 33 0 -6 -148 0 0 -1 1 0 0 0 -1 0 4073.dat
1 36 -74 -42 -38 1 0 0 0 0 1 0 -1 0 4740.dat
1 36 74 -42 -38 -1 0 0 0 0 -1 0 -1 0 4740.dat
1 15 0 -29 8 1 0 0 0 1 0 0 0 1 fig_Futuron-Bl_recline1.ldr
0
