0 6832 Super Nova II
0 Name: 6832_Super_NovaII.ldr
0 Author: Lego
0 bassfoundation@yahoo.com
0 ROTATION CENTER 0 0 0 1 "Custom" 
0 ROTATION CONFIG 0 0
1 15 0 0 0 0 0 1 0 1 0 -1 0 0 3832.dat
1 0 0 -8 10 -1 0 0 0 1 0 0 0 -1 3023.dat
1 0 -10 -8 40 0 0 1 0 1 0 -1 0 0 2452.dat
1 0 -10 -8 80 0 0 1 0 1 0 -1 0 0 2452.dat
1 0 10 -8 40 0 0 -1 0 1 0 1 0 0 2452.dat
1 0 10 -8 80 0 0 -1 0 1 0 1 0 0 2452.dat
1 15 -60 -8 40 1 0 0 0 1 0 0 0 1 4276b.dat
1 15 60 -8 40 -1 0 0 0 1 0 0 0 -1 4276b.dat
1 15 49.532 -28.474 80 -0.707107 0.707107 0 0.707107 0.707107 0 0 0 -1 4276b.dat
1 15 -48.448 -28.991 80 0.707107 -0.707107 0 0.707107 0.707107 0 0 0 1 4276b.dat
1 0 0 -24 -90 1 0 0 0 1 0 0 0 1 3747b.dat
1 0 -58.453 -50.488 110 0 -0.707107 0.707107 0 0.707107 0.707107 -1 0 0 3935.dat
1 0 58.669 -48.488 110 0 0.707107 -0.707107 0 0.707107 0.707107 1 0 0 3936.dat
1 0 68.137 -16.488 40 1 0 0 0 1 0 0 0 1 2450.dat
1 0 -65 -16.488 40 0 0 1 0 1 0 -1 0 0 2450.dat
1 15 -31.607 -34.459 90 0 -0.707107 0.707107 0 0.707107 0.707107 -1 0 0 2412a.dat
1 15 31.213 -32.527 90 0 0.707107 0.707107 0 0.707107 -0.707107 -1 0 0 2412a.dat
1 0 0 -32 -40 -1 0 0 0 1 0 0 0 -1 2397.dat
1 0 0 -24 20 -1 0 0 0 1 0 0 0 -1 3022.dat
1 15 0 -16 80 1 0 0 0 1 0 0 0 1 3956.dat
1 0 0 -32 -130 1 0 0 0 1 0 0 0 1 3839b.dat
1 15 0 -40 -130 1 0 0 0 1 0 0 0 1 3023.dat
1 15 0 -32 30 1 0 0 0 1 0 0 0 1 3023.dat
1 0 0 -36 60 -1 0 0 0 0 1 0 1 0 4345a.dat
1 0 0 -36 60 -1 0 0 0 0 1 0 1 0 4346p60.dat
1 15 -1 -37 -89 -1 0 0 0 1 0 0 0 -1 3069bp68.dat
1 0 0 -56 30 1 0 0 0 1 0 0 0 1 3937.dat
1 15 0 -46 20 1 0 0 0 0.0348995 -0.999391 0 0.999391 0.0348995 3938.dat
1 42 26 -26 -164 1 0 0 0 0 -1 0 1 0 4589.dat
1 42 -26 -26 -164 1 0 0 0 0 -1 0 1 0 4589.dat
1 0 0 -36 108 1 0 0 0 0 -1 0 1 0 4591.dat
1 42 0 -36 156 1 0 0 0 0 -1 0 1 0 4740.dat
1 42 0 -50.747 -115.917 -1 0 0 0 0.0348995 0.999391 0 0.999391 -0.0348995 2466.dat
1 0 0 -51.863 -147.897 -1 0 0 0 0.0348995 0.999391 0 0.999391 -0.0348995 2432.dat
1 0 -10 -24 -70 0 1 0 0 0 -1 -1 0 0 3959.dat
1 0 0 -21 -32 1 0 0 0 1 0 0 0 1 fig_blacktronII.ldr
0
