0 FILE V-Wing Fighter.ldr
0 V-Wing Fighter
0 Name: V-Wing Fighter.ldr
0 Author: LDraw
0 Unofficial Model
0 ROTATION CENTER 0 0 0 1 "Custom" 
0 ROTATION CONFIG 0 0
1 0 30.052 0 134.73 -1 0 0 0 1 0 0 0 -1 Pilot`.ldr
1 0 143.016 -55.52 67.365 -0.949224 0.180194 0.257883 0.0205981 0.853553 -0.520598 -0.313925 -0.488852 -0.813925 Part 1.ldr
0
0 FILE Pilot`.ldr
0 Pilot
0 Name: Pilot`.ldr
0 Author: LDraw
0 Unofficial Model
0 ROTATION CENTER 0 0 0 1 "Custom" 
0 ROTATION CONFIG 0 0
1 4 0 -24 0 1 0 0 0 1 0 0 0 1 3626bp6w.dat
1 0 0 0 0 1 0 0 0 1 0 0 0 1 973p6w.dat
1 0 0 32 0 1 0 0 0 1 0 0 0 1 3815c6w.dat
1 4 -15.552 9 0 0.985 -0.17 0 0.17 0.985 0 0 0 1 3818.dat
1 4 15.552 9 0 0.985 0.17 0 -0.17 0.985 0 0 0 1 3819.dat
1 0 -23.8634 26.5956 -10.321 0.985 -0.12019 0.12019 0.17 0.696395 -0.696395 0 0.707 0.707 3820.dat
1 0 23.8634 26.5956 -10.321 0.985 0.12019 -0.12019 -0.17 0.696395 -0.696395 0 0.707 0.707 3820.dat
0
0 FILE Part 1.ldr
0 Part 1
0 Name: Part 1.ldr
0 Author: LDraw
0 Unofficial Model
0 ROTATION CENTER 0 0 0 1 "Custom" 
0 ROTATION CONFIG 0 0
1 4 20 24 0 1 0 0 0 1 0 0 0 1 3034.dat
1 4 -10 0 0 1 0 0 0 1 0 0 0 1 3021.dat
1 0 60 16 0 0 0 -1 0 1 0 1 0 0 3022.dat
1 0 90 -8 0 0 0 -1 0 1 0 1 0 0 3069bp51.dat
1 0 20 8 0 1 0 0 0 1 0 0 0 1 3795.dat
1 0 0 -64 150 1 0 0 0 1 0 0 0 1 2412b.dat
1 0 0 -64 -150 1 0 0 0 1 0 0 0 1 2412b.dat
1 4 70 -8 10 0.382683 0 -0.92388 0 1 0 0.92388 0 0.382683 4592c01.dat
1 4 70 -8 -10 -0.382683 0 -0.92388 0 1 0 0.92388 0 -0.382683 4592c01.dat
1 0 -40 32 0 1 0 0 0 1 0 0 0 1 3941.dat
1 0 -48 -4 0 0 -1 0 1 0 0 0 0 1 6233.dat
1 0 -10 -32 70 0 0 1 0 1 0 -1 0 0 3959.dat
1 0 80 40 0 1 0 0 0 1 0 0 0 1 4285a.dat
1 7 90 16 -10 1 0 0 0 1 0 0 0 1 6019.dat
1 7 90 16 10 -1 0 0 0 1 0 0 0 -1 6019.dat
1 7 80 32 0 -1 0 0 0 1 0 0 0 -1 4032b.dat
1 7 90 8 0 0 0 -1 0 1 0 1 0 0 4596.dat
1 7 80 0 0 0 0 -1 0 1 0 1 0 0 4859.dat
1 7 0 16 20 1 0 0 0 1 0 0 0 1 30118p6v.dat
1 7 -40 -4 0 0 -1 0 0 0 1 -1 0 0 3956.dat
1 42 -10 -24 70 1 0 0 0 1 0 0 0 1 4589.dat
1 42 -10 -24 -70 1 0 0 0 1 0 0 0 1 4589.dat
1 7 0 16 -20 -1 0 0 0 1 0 0 0 -1 30118p6v.dat
1 7 -60 -88 0 0 0 1 0 1 0 -1 0 0 3068bp54.dat
1 42 160 11 0 0 1 0 0 0 1 1 0 0 4589.dat
1 42 -34 -32 70 0 -1 0 0 0 1 -1 0 0 4589.dat
1 42 -58 -32 70 0 -1 0 0 0 1 -1 0 0 4740.dat
1 38 -66 -32 68 0 -1 0 0 0 1 -1 0 0 4073.dat
1 0 -10 -32 -70 0 0 1 0 1 0 -1 0 0 3959.dat
1 42 -34 -32 -70 0 -1 0 0 0 1 -1 0 0 4589.dat
1 42 -58 -32 -70 0 -1 0 0 0 1 -1 0 0 4740.dat
1 38 -96 -4 0 0 -1 0 0 0 1 -1 0 0 4740.dat
1 38 -66 -32 -72 0 -1 0 0 0 1 -1 0 0 4073.dat
1 42 86 18 30 0 -1 0 0 0 1 -1 0 0 2569.dat
1 42 86 18 -30 0 -1 0 0 0 1 -1 0 0 2569.dat
1 0 -20 -24 0 1 0 0 0 1 0 0 0 1 3941.dat
1 0 -60 -80 0 0 0 -1 0 1 0 1 0 0 3479.dat
0
0
