0 6851 Try-Wheeled Tryax
0 Name: 6851_Try-Wheeled_Tryax.ldr
0 Author: LEGO
0 bassfoundation@yahoo.com
0 ROTATION CENTER 0 0 0 1 "Custom" 
0 ROTATION CONFIG 0 0
1 15 0 5.441 24.672 0 0 1 0.258819 0.965926 0 -0.965926 0.258819 0 3795.dat
1 0 0 0.302 12.942 0 0 1 0.258819 0.965926 0 -0.965926 0.258819 0 3021.dat
1 15 0 -12.639 61.238 -1 0 0 0 0.965926 0.258819 0 0.258819 -0.965926 3795.dat
1 15 0 13.242 -35.355 -1 0 0 0 0.965926 0.258819 0 0.258819 -0.965926 3795.dat
1 15 30 -9.939 -41.567 0 0 -1 -0.258819 0.965926 0 0.965926 0.258819 0 3004.dat
1 15 -30 -9.939 -41.567 0 0 -1 -0.258819 0.965926 0 0.965926 0.258819 0 3004.dat
1 0 0 -25.469 16.389 0 0 -1 -0.258819 0.965926 0 0.965926 0.258819 0 3007.dat
1 0 40 -4.912 63.308 1 0 0 0 0.965926 -0.258819 0 0.258819 0.965926 4730.dat
1 0 -40 -4.912 63.308 -1 0 0 0 0.965926 0.258819 0 0.258819 -0.965926 4730.dat
1 0 0 23.559 -42.943 -1 0 0 0 0.965926 0.258819 0 0.258819 -0.965926 3004.dat
1 0 50 0.413 -80.204 0 0 -1 -0.258819 0.965926 0 0.965926 0.258819 0 3009.dat
1 0 20 10.766 -118.84 -1 0 0 0 0.965926 0.258819 0 0.258819 -0.965926 4730.dat
1 0 30 3.039 -120.912 -1 0 0 0 0.965926 0.258819 0 0.258819 -0.965926 3021.dat
1 0 30 33.948 -112.629 -1 0 0 0 0.965926 0.258819 0 0.258819 -0.965926 3021.dat
1 0 0 20.425 -116.253 0 0 1 0.258819 0.965926 0 -0.965926 0.258819 0 2593.dat
1 0 -50 0.413 -80.204 0 0 -1 -0.258819 0.965926 0 0.965926 0.258819 0 3009.dat
1 0 -50 3.039 -120.912 0 0 -1 -0.258819 0.965926 0 0.965926 0.258819 0 3023.dat
1 0 0 -17.667 -43.637 -1 0 0 0 0.965926 0.258819 0 0.258819 -0.965926 3795.dat
1 15 0 -28.019 -4.999 -1 0 0 0 0.965926 0.258819 0 0.258819 -0.965926 3022.dat
1 0 0 -66.769 77.792 -1 0 0 0 0.965926 0.258819 0 0.258819 -0.965926 3004.dat
1 0 0 -53.79 -1.552 1 0 0 0 0.965926 -0.258819 0 0.258819 0.965926 3298.dat
1 0 0 -97.677 69.511 1 0 0 0 0.965926 -0.258819 0 0.258819 0.965926 2432.dat
1 15 -50 -22.807 -55.367 -1 0 0 0 0.965926 0.258819 0 0.258819 -0.965926 2555.dat
1 15 50 -22.807 -55.367 -1 0 0 0 0.965926 0.258819 0 0.258819 -0.965926 2555.dat
1 15 0 -22.807 -55.367 -1 0 0 0 0.965926 0.258819 0 0.258819 -0.965926 3710.dat
1 42 -50 -26.013 -66.579 -1 0 0 0 0.258819 -0.965926 0 -0.965926 -0.258819 2569.dat
1 42 50 -26.013 -66.579 -1 0 0 0 0.258819 -0.965926 0 -0.965926 -0.258819 2569.dat
1 15 0 -61.518 -3.623 -1 0 0 0 0.965926 0.258819 0 0.258819 -0.965926 3069bp68.dat
1 0 0 -45.988 -61.578 -1 0 0 0 0.965926 0.258819 0 0.258819 -0.965926 3937.dat
1 15 0 -41.815 -50.107 -1 0 0 0 0.5 -0.866025 0 -0.866025 -0.5 3938.dat
1 42 0 -109.815 67.67 1 0 0 0 0.5 0.866025 0 -0.866025 0.5 2466.dat
1 0 0 -113.815 74.6 1 0 0 0 0.5 0.866025 0 -0.866025 0.5 4590.dat
1 0 -70 4.747 65.896 0 0 1 0.258819 0.965926 0 -0.965926 0.258819 0 2593.dat
1 0 70 4.747 65.896 0 0 -1 -0.258819 0.965926 0 0.965926 0.258819 0 2593.dat
1 0 0 -53 38 1 0 0 0 0.965926 -0.258819 0 0.258819 0.965926 fig_BlacktronII_recline1.ldr
0
