0 6852 Sonar Security
0 Name: 6852_Sonar_Security.ldr
0 Author: LEGO
0 bassfoundation@yahoo.com
0 ROTATION CENTER 0 0 0 1 "Custom" 
0 ROTATION CONFIG 0 0
1 0 0 0 -60 1 0 0 0 1 0 0 0 1 4732.dat
1 0 0 8 0 1 0 0 0 1 0 0 0 1 3003.dat
1 0 0 8 -130 1 0 0 0 1 0 0 0 1 3747a.dat
1 0 0 32 -120 1 0 0 0 1 0 0 0 1 2817.dat
1 7 20 42 -120 1 0 0 0 1 0 0 0 1 3673.dat
1 7 -20 42 -120 1 0 0 0 1 0 0 0 1 3673.dat
1 0 0 32 -60 1 0 0 0 1 0 0 0 1 2817.dat
1 7 20 42 -60 1 0 0 0 1 0 0 0 1 3673.dat
1 7 -20 42 -60 1 0 0 0 1 0 0 0 1 3673.dat
1 0 0 32 0 1 0 0 0 1 0 0 0 1 2817.dat
1 7 20 42 0 1 0 0 0 1 0 0 0 1 3673.dat
1 7 -20 42 0 1 0 0 0 1 0 0 0 1 3673.dat
1 0 0 16 -90 1 0 0 0 1 0 0 0 1 3829c01.dat
1 7 0 0 -160 1 0 0 0 1 0 0 0 1 4859.dat
1 7 0 -8 0 -1 0 0 0 1 0 0 0 -1 3731.dat
1 7 0 -8 -110 -1 0 0 0 1 0 0 0 -1 3023.dat
1 0 10 -16 0 0 0 1 0 1 0 -1 0 0 3475b.dat
1 0 -10 -16 0 0 0 -1 0 1 0 1 0 0 3475b.dat
1 0 0 -8 -140 1 0 0 0 1 0 0 0 1 3068bp69.dat
1 0 0 -32 -110 1 0 0 0 1 0 0 0 1 3937.dat
1 0 0 -30 -116 1 0 0 0 0.766044 -0.642788 0 0.642788 0.766044 3938.dat
1 7 0 -24 0 1 0 0 0 1 0 0 0 1 3956.dat
1 0 0 -34 -20 1 0 0 0 0 -1 0 1 0 3023.dat
1 0 10 -54 -20 0 0 -1 -1 0 0 0 1 0 6019.dat
1 0 -10 -54 -20 0 0 1 1 0 0 0 1 0 6019.dat
1 0 0 -44 -12 0 0 1 1 0 0 0 1 0 3941.dat
1 34 0 -34.597 -119.857 -1 0 0 0 0.766044 0.642788 0 0.642788 -0.766044 6070.dat
1 0 30 42 -120 0 0 -1 0 1 0 1 0 0 6118.dat
1 0 30 42 -60 0 0 -1 0 1 0 1 0 0 6118.dat
1 0 30 42 0 0 0 -1 0 1 0 1 0 0 6118.dat
1 0 -30 42 0 0 0 1 0 1 0 -1 0 0 6118.dat
1 0 -30 42 -60 0 0 1 0 1 0 -1 0 0 6118.dat
1 0 -30 42 -120 0 0 1 0 1 0 -1 0 0 6118.dat
1 4 -30 -50 -20 0 0 1 0 1 0 -1 0 0 2569.dat
1 15 30 -66 -18 1 0 0 0 1 0 0 0 1 4349.dat
1 0 0 8 110 0 0 1 0 1 0 -1 0 0 3001.dat
1 0 -30 0 110 0 0 1 0 1 0 -1 0 0 2419.dat
1 0 30 0 110 0 0 -1 0 1 0 1 0 0 2419.dat
1 7 0 -8 70 1 0 0 0 1 0 0 0 1 3730.dat
1 0 0 -8 120 1 0 0 0 1 0 0 0 1 3794b.dat
1 7 0 -8 160 1 0 0 0 1 0 0 0 1 30244.dat
1 0 0 32 110 1 0 0 0 1 0 0 0 1 2817.dat
1 7 20 42 110 1 0 0 0 1 0 0 0 1 3673.dat
1 7 -20 42 110 1 0 0 0 1 0 0 0 1 3673.dat
1 0 30 42 110 0 0 -1 0 1 0 1 0 0 6118.dat
1 0 -30 42 110 0 0 1 0 1 0 -1 0 0 6118.dat
1 7 0 -56 120 0 0 1 0 1 0 -1 0 0 4591.dat
1 4 -10 -64 120 0 0 1 0 1 0 -1 0 0 2540.dat
1 4 10 -64 120 0 0 -1 0 1 0 1 0 0 2540.dat
1 7 0 -112 120 0 0 -1 0 1 0 1 0 0 3942c.dat
1 0 -57 -34 124 0.707107 0 -0.707107 0.707107 0 0.707107 0 -1 0 4735.dat
1 34 -57 -34 108 0.707107 0 -0.707107 0.707107 0 0.707107 0 -1 0 4740.dat
1 0 57 -34 124 0.707107 0 0.707107 -0.707107 0 0.707107 0 -1 0 4735.dat
1 34 55 -34 108 -0.707107 0 -0.707107 0.707107 0 -0.707107 0 -1 0 4740.dat
1 0 0 -120 120 1 0 0 0 1 0 0 0 1 4592.dat
1 0 0 -120 120 1 0 0 0 1 0 0 0 1 4593.dat
1 0 0 3 -52 1 0 0 0 1 0 0 0 1 fig_spacepoliceII.ldr
0
