0 6877 Vector Detector
0 Name: 6877_Vector_Detector.ldr
0 Author: LEGO
0 bassfoundation@yahoo.com
0 ROTATION CENTER 0 0 0 1 "Custom" 
0 ROTATION CONFIG 0 0
1 4 0 0 0 0 0 1 0 1 0 -1 0 0 3795.dat
1 4 0 -8 50 0 0 1 0 1 0 -1 0 0 3021.dat
1 0 80 -8 -20 0 0 -1 0 1 0 1 0 0 3934.dat
1 0 -80 -8 -20 0 0 1 0 1 0 -1 0 0 3933.dat
1 4 -50 -16 10 0 0 1 0 1 0 -1 0 0 3024.dat
1 4 50 -16 10 0 0 1 0 1 0 -1 0 0 3024.dat
1 4 -50 -24 10 0 0 1 0 1 0 -1 0 0 4081b.dat
1 4 50 -24 10 0 0 -1 0 1 0 1 0 0 4081b.dat
1 4 0 -24 -50 1 0 0 0 1 0 0 0 1 3747b.dat
1 4 0 -32 70 -1 0 0 0 1 0 0 0 -1 3747b.dat
1 4 0 -32 -60 1 0 0 0 1 0 0 0 1 6104.dat
1 0 0 -40 0 -1 0 0 0 1 0 0 0 -1 4732.dat
1 0 0 -40 100 -1 0 0 0 1 0 0 0 -1 3022.dat
1 0 0 -40 -120 0 0 -1 0 1 0 1 0 0 3020.dat
1 42 -70 -22 38 0 0 -1 1 0 0 0 -1 0 4589.dat
1 42 70 -22 38 0 0 -1 1 0 0 0 -1 0 4589.dat
1 0 80 -48 80 0 0 -1 0 1 0 1 0 0 3934.dat
1 0 -80 -48 80 0 0 1 0 1 0 -1 0 0 3933.dat
1 4 0 -48 50 -1 0 0 0 1 0 0 0 -1 3023.dat
1 4 0 -48 -50 -1 0 0 0 1 0 0 0 -1 3023.dat
1 15 0 -48 -30 -1 0 0 0 1 0 0 0 -1 3069bp68.dat
1 0 0 -32 -150 1 0 0 0 1 0 0 0 1 3839b.dat
1 7 -110 -40 100 -1 0 0 0 1 0 0 0 -1 4595.dat
1 7 110 -40 100 -1 0 0 0 1 0 0 0 -1 4595.dat
1 4 0 -56 110 -1 0 0 0 1 0 0 0 -1 3023.dat
1 4 0 -64 110 -1 0 0 0 1 0 0 0 -1 3023.dat
1 4 0 -88 110 -1 0 0 0 1 0 0 0 -1 2458.dat
1 4 0 -96 110 -1 0 0 0 1 0 0 0 -1 3023.dat
1 4 0 -72 90 1 0 0 0 1 0 0 0 1 3298.dat
1 4 0 -72 -50 -1 0 0 0 1 0 0 0 -1 3937.dat
1 0 0 -64.489 -40.675 -1 0 0 0 0.258819 -0.965926 0 -0.965926 -0.258819 3938.dat
1 4 0 -88 130 -1 0 0 0 1 0 0 0 -1 2607.dat
1 0 0 -79 156 -1 0 0 0 0 -1 0 -1 0 2959c01.dat
1 0 0 -79 156 -1 0 0 0 0 -1 0 -1 0 2959.dat
1 0 0 -96 130 -1 0 0 0 1 0 0 0 -1 3070b.dat
1 0 -60 -96 120 1 0 0 0 1 0 0 0 1 3479.dat
1 0 60 -96 120 1 0 0 0 1 0 0 0 1 3479.dat
1 4 0 -64 -70 1 0 0 0 1 0 0 0 1 3298p68.dat
1 4 0 -47 156 -1 0 0 0 1 0 0 0 -1 magnet box.ldr
1 0 0 -104 120 -1 0 0 0 1 0 0 0 -1 3034.dat
1 0 0 -112 130 -1 0 0 0 1 0 0 0 -1 3023.dat
1 0 0 -120 130 -1 0 0 0 1 0 0 0 -1 3023.dat
1 42 -10 -112 110 -1 0 0 0 1 0 0 0 -1 2569.dat
1 42 10 -112 110 -1 0 0 0 1 0 0 0 -1 2569.dat
1 42 0 -99.688 90.691 1 0 0 0 0.258819 0.965926 0 -0.965926 0.258819 2466.dat
1 4 10 -120 90 -1 0 0 0 1 0 0 0 -1 4085a.dat
1 4 -10 -120 90 -1 0 0 0 1 0 0 0 -1 4085a.dat
1 0 -10 -128 130 1 0 0 0 1 0 0 0 1 4085a.dat
1 0 10 -128 130 1 0 0 0 1 0 0 0 1 4085a.dat
1 42 26 -26 -164 1 0 0 0 0 1 0 -1 0 4740.dat
1 42 -26 -26 -164 1 0 0 0 0 1 0 -1 0 4740.dat
1 42 0 -37 8 1 0 0 0 1 0 0 0 1 fig_mtron_recline1.ldr
1 0 -28.49 -56.277 -13 0 -0.258819 -0.965926 -0.258819 0.933013 -0.25 0.965926 0.25 -0.0669873 3962a.dat
0
