0 6896 Celestial Forager
0 Name: 6896_Celestial_Forager.ldr
0 Author: LEGO
0 bassfoundation@yahoo.com
0 ROTATION CENTER 0 0 0 1 "Custom" 
0 ROTATION CONFIG 0 0
1 0 0 0 80 1 0 0 0 1 0 0 0 1 3034.dat
1 0 0 0 -80 1 0 0 0 1 0 0 0 1 3034.dat
1 0 0 -8 -80 0 0 1 0 1 0 -1 0 0 3034.dat
1 0 0 -8 80 0 0 1 0 1 0 -1 0 0 3022.dat
1 0 0 -16 -20 -1 0 0 0 1 0 0 0 -1 3640.dat
1 0 0 -16 100 1 0 0 0 1 0 0 0 1 3639.dat
1 4 0 -24 -180 1 0 0 0 1 0 0 0 1 2336p68.dat
1 0 0 -24 -80 0 0 1 0 1 0 -1 0 0 3034.dat
1 0 0 -24 100 0 0 1 0 1 0 -1 0 0 3020.dat
1 4 0 -24 10 -1 0 0 0 1 0 0 0 -1 3023.dat
1 0 30 -24 80 0 0 1 0 1 0 -1 0 0 3004.dat
1 0 -30 -24 80 0 0 1 0 1 0 -1 0 0 3004.dat
1 0 -30 -24 -80 0 0 1 0 1 0 -1 0 0 3004.dat
1 0 30 -24 -80 0 0 1 0 1 0 -1 0 0 3004.dat
1 0 0 -32 120 0 0 1 0 1 0 -1 0 0 3022.dat
1 0 0 -32 80 -1 0 0 0 1 0 0 0 -1 3020.dat
1 4 0 -32 10 -1 0 0 0 1 0 0 0 -1 3069b.dat
1 4 10 -48 -80 0 0 -1 0 1 0 1 0 0 3039.dat
1 4 -10 -48 -80 0 0 1 0 1 0 -1 0 0 3039.dat
1 0 0 -32 -120 -1 0 0 0 1 0 0 0 -1 4859.dat
1 4 0 -56 -110 1 0 0 0 1 0 0 0 1 3039.dat
1 4 0 -56 -80 1 0 0 0 1 0 0 0 1 3022.dat
1 4 0 -40 80 0 0 1 0 1 0 -1 0 0 3036.dat
1 0 -50 -48 40 0 0 1 0 1 0 -1 0 0 4623.dat
1 0 -50 -48 140 0 0 1 0 1 0 -1 0 0 4623.dat
1 0 50 -48 140 0 0 -1 0 1 0 1 0 0 4623.dat
1 0 50 -48 40 0 0 -1 0 1 0 1 0 0 4623.dat
1 0 0 -64 -100 0 0 -1 0 1 0 1 0 0 3022.dat
1 4 0 -64 10 1 0 0 0 1 0 0 0 1 3700.dat
1 4 30 -64 10 1 0 0 0 1 0 0 0 1 3045.dat
1 4 -30 -64 10 0 0 1 0 1 0 -1 0 0 3045.dat
1 4 60 8 -80 1 0 0 0 1 0 0 0 1 4730.dat
1 4 60 8 80 1 0 0 0 1 0 0 0 1 4730.dat
1 4 -60 8 80 -1 0 0 0 1 0 0 0 -1 4730.dat
1 4 -60 8 -80 -1 0 0 0 1 0 0 0 -1 4730.dat
1 42 -50 -48 70 -1 0 0 0 1 0 0 0 -1 2569.dat
1 0 -50 -56 50 -1 0 0 0 1 0 0 0 -1 4085a.dat
1 0 0 -64 -70 1 0 0 0 1 0 0 0 1 4590.dat
1 0 0 -72 10 1 0 0 0 1 0 0 0 1 2431.dat
1 4 0 -72 -80 1 0 0 0 1 0 0 0 1 3680c01.dat
1 4 0 -72 -20 1 0 0 0 1 0 0 0 1 3680c01.dat
1 4 0 -80 -40 0 0 1 0 1 0 -1 0 0 3795.dat
1 0 0 -65 -20 0 0 1 0 1 0 -1 0 0 2817.dat
1 7 0 -54 25 -1 0 0 0 1 0 0 0 -1 4265a.dat
1 0 0 -54 -10 0 0 1 0 1 0 -1 0 0 3705.dat
1 0 -10 -64 50 1 0 0 0 1 0 0 0 1 4070.dat
1 0 10 -64 50 1 0 0 0 1 0 0 0 1 4070.dat
1 0 0 -64 70 1 0 0 0 1 0 0 0 1 3004.dat
1 4 0 -54 36 1 0 0 0 0 -1 0 1 0 3069b.dat
1 0 0 -72 60 1 0 0 0 1 0 0 0 1 2609.dat
1 0 0 -78 60 1 0 0 0 0 1 0 -1 0 2959c01.dat
1 0 0 -78 60 1 0 0 0 0 1 0 -1 0 2959.dat
1 0 0 -88 -60 1 0 0 0 1 0 0 0 1 3022.dat
1 0 0 -96 -60 1 0 0 0 1 0 0 0 1 4285a.dat
1 0 0 -48 120 -1 0 0 0 1 0 0 0 -1 3597.dat
1 0 0 -98.222 175.587 -1 0 0 0 -0.5 -0.866025 0 -0.866025 0.5 3315.dat
1 0 0 -72.863 299.51 -1 0 0 0 -0.5 -0.866025 0 -0.866025 0.5 4476.dat
1 0 0 -119.543 178.658 -1 0 0 0 -0.5 -0.866025 0 -0.866025 0.5 2476a.dat
1 4 0 -60.863 320.294 0 0 -1 0.866025 -0.5 0 -0.5 -0.866025 0 4730.dat
1 4 0 -138.935 169.07 1 0 0 0 0.866025 0.5 0 -0.5 0.866025 2607.dat
1 0 0 -144.141 142.054 1 0 0 0 0.5 -0.866025 0 0.866025 0.5 2959c01.dat
1 0 0 -144.129 142.021 1 0 0 0 0.5 -0.866025 0 0.866025 0.5 2959.dat
1 4 0 -34.883 305.294 -1 0 0 0 -0.5 -0.866025 0 -0.866025 0.5 2607.dat
1 0 0 -16 284 -1 0 0 0 0 -1 0 -1 0 2959c01.dat
1 0 0 -16 284 -1 0 0 0 0 -1 0 -1 0 2959.dat
1 0 72 -52 90 0 0 1 0 -1 0 1 0 0 2486.dat
1 0 -72 -52 90 0 0 1 0 -1 0 1 0 0 2486.dat
1 7 0 -120 -60 0 0 -1 0 1 0 1 0 0 3941.dat
1 0 -40 -21.495 -204.093 0 1 0 0.707107 0 0.707107 0.707107 0 -0.707107 2516.dat
1 0 40 -21.494 -204.092 0 -1 0 -0.707107 0 0.707107 -0.707107 0 -0.707107 2516.dat
1 15 32 -41.293 -184.293 0 0 1 -0.707107 0.707107 0 -0.707107 -0.707107 0 3070bpc2.dat
1 15 -32 -42 -185 1 0 0 0 0.707107 0.707107 0 -0.707107 0.707107 3070bp06.dat
1 42 -72 -100 140 0 0 1 0 -1 0 1 0 0 4740.dat
1 42 -72 -100 40 0 0 1 0 -1 0 1 0 0 4740.dat
1 42 72 -100 40 0 0 1 0 -1 0 1 0 0 4740.dat
1 42 72 -100 140 0 0 1 0 -1 0 1 0 0 4740.dat
1 0 80 18 -80 0 0 -1 0 -1 0 -1 0 0 2593.dat
1 0 80 18 80 0 0 -1 0 -1 0 -1 0 0 2593.dat
1 0 -80 18 80 0 0 1 0 -1 0 1 0 0 2593.dat
1 0 -80 18 -80 0 0 1 0 -1 0 1 0 0 2593.dat
1 0 0 16 284 -1 0 0 0 1 0 0 0 -1 magnet box.ldr
1 0 0 -45 -152 1 0 0 0 1 0 0 0 1 fig_mtron_recline1.ldr
1 0 -28 -64 -172 0.0669873 -0.25 -0.965926 -0.25 0.933013 -0.258819 0.965926 0.258819 0 3962a.dat
0
