0 untitled model
0 Name: 
0 Author: Noah Pottle
0 Unofficial Model
1   1    20.000000   -56.000000     0.000000    -0.000000     0.000000     1.000000     0.000000     1.000000     0.000000    -1.000000     0.000000     0.000000 2445.dat
1   0    20.000000   -48.000000    80.000000    -1.000000     0.000000    -0.000000     0.000000     1.000000     0.000000     0.000000     0.000000    -1.000000 2817.dat
1   0    20.000000   -48.000000    20.000000    -1.000000     0.000000    -0.000000     0.000000     1.000000     0.000000     0.000000     0.000000    -1.000000 2817.dat
1   0    20.000000   -48.000000   -40.000000    -1.000000     0.000000    -0.000000     0.000000     1.000000     0.000000     0.000000     0.000000    -1.000000 2817.dat
1   0    20.000000   -48.000000  -100.000000    -1.000000     0.000000    -0.000000     0.000000     1.000000     0.000000     0.000000     0.000000    -1.000000 2817.dat
1   7     0.000000   -40.000000    80.000000    -1.000000    -0.000000    -0.000000    -0.000000     1.000000    -0.000000     0.000000    -0.000000    -1.000000 3673.dat
1   7     0.000000   -40.000000    20.000000    -1.000000    -0.000000    -0.000000    -0.000000     1.000000    -0.000000     0.000000    -0.000000    -1.000000 3673.dat
1   7     0.000000   -40.000000   -40.000000    -1.000000    -0.000000    -0.000000    -0.000000     1.000000    -0.000000     0.000000    -0.000000    -1.000000 3673.dat
1   7     0.000000   -40.000000  -100.000000    -1.000000    -0.000000    -0.000000    -0.000000     1.000000    -0.000000     0.000000    -0.000000    -1.000000 3673.dat
1   7    40.000000   -40.000000  -100.000000    -1.000000    -0.000000    -0.000000    -0.000000     1.000000    -0.000000     0.000000    -0.000000    -1.000000 3673.dat
1   7    40.000000   -40.000000   -40.000000    -1.000000    -0.000000    -0.000000    -0.000000     1.000000    -0.000000     0.000000    -0.000000    -1.000000 3673.dat
1   7    40.000000   -40.000000    20.000000    -1.000000    -0.000000    -0.000000    -0.000000     1.000000    -0.000000     0.000000    -0.000000    -1.000000 3673.dat
1   7    40.000000   -40.000000    80.000000    -1.000000    -0.000000    -0.000000    -0.000000     1.000000    -0.000000     0.000000    -0.000000    -1.000000 3673.dat
1   1    20.000000   -64.000000   -90.000000    -0.000000     0.000000     1.000000    -0.000000     1.000000     0.000000    -1.000000    -0.000000    -0.000000 3021.dat
1  15    20.000000   -56.000000  -230.000000    -1.000000     0.000000    -0.000000     0.000000     1.000000     0.000000     0.000000     0.000000    -1.000000 3023.dat
1  15    20.000000   -48.000000  -230.000000    -1.000000     0.000000    -0.000000     0.000000     1.000000     0.000000     0.000000     0.000000    -1.000000 3023.dat
1  15    20.000000   -72.000000   -70.000000    -1.000000     0.000000    -0.000000     0.000000     1.000000     0.000000     0.000000     0.000000    -1.000000 3023.dat
1  15    20.000000   -72.000000  -160.000000     1.000000     0.000000     0.000000    -0.000000     1.000000    -0.000000     0.000000     0.000000     1.000000 4732.dat
1  15    20.000000   -40.000000  -180.000000    -0.000000     0.000000     1.000000    -0.000000     1.000000    -0.000000    -1.000000    -0.000000     0.000000 379523.dat
1  15    19.000000  -182.000000  -127.000000    -0.999999    -0.000000    -0.000000    -0.000000     1.000000    -0.000000     0.000000    -0.000000    -0.999999 3839b.dat
1   1    20.000000   -64.000000  -230.000000     1.000000     0.000000     0.000000    -0.000000     1.000000    -0.000000     0.000000     0.000000     1.000000 3839b.dat
1   1    20.000000   -80.000000   100.000000    -0.000000     0.000000     1.000000    -0.000000     1.000000    -0.000000    -1.000000    -0.000000     0.000000 3001.dat
1  15    20.000000   -88.000000   110.000000     1.000000    -0.000000    -0.000000     0.000000     1.000000     0.000000    -0.000000    -0.000000     1.000000 4590.dat
1  15    20.000000   -88.000000   -20.000000     0.000000    -0.000000     1.000000     0.000000     1.000000     0.000000    -1.000000    -0.000000    -0.000000 3029.dat
1   1    20.000000   -80.000000  -100.000000     0.000000    -0.000000     1.000000     0.000000     1.000000     0.000000    -1.000000     0.000000    -0.000000 3020.dat
1   1    20.000000  -119.000000  -110.000000    -1.000000     0.000000    -0.000000     0.000000     1.000000     0.000000     0.000000    -0.000000    -1.000000 2419.dat
1   1    20.000000   -56.000000  -170.000000    -1.000000     0.000000    -0.000000     0.000000     1.000000     0.000000     0.000000    -0.000000    -1.000000 2419.dat
1  15    50.000000   -64.000000  -180.000000    -0.000000     0.000000     1.000000    -0.000000     1.000000    -0.000000    -1.000000    -0.000000    -0.000000 3069bp61.dat
1  15   -10.000000   -64.000000  -180.000000     0.000000     0.000000    -1.000000     0.000000     1.000000     0.000000     1.000000    -0.000000     0.000000 3069bp61.dat
1   1    20.000000  -111.000000   -90.000000    -1.000000    -0.000000    -0.000000    -0.000000     1.000000     0.000000     0.000000     0.000000    -1.000000 3039.dat
1   1   -30.000000   -80.000000  -190.000000     1.000000     0.000000     0.000000    -0.000000     1.000000     0.000000    -0.000000    -0.000000     1.000000 4070.dat
1   1    70.000000   -80.000000  -190.000000     1.000000     0.000000     0.000000    -0.000000     1.000000     0.000000    -0.000000    -0.000000     1.000000 4070.dat
1   1   -30.000000  -119.000000  -150.000000     0.000000    -0.000000     1.000000    -0.000000     1.000000     0.000000    -1.000000    -0.000000    -0.000000 4085c.dat
1   1    70.000000  -119.000000  -150.000000    -0.000000     0.000000    -1.000000    -0.000000     1.000000     0.000000     1.000000     0.000000     0.000000 4085c.dat
1   1    50.000000   -96.000000   -50.000000    -0.000000     0.000000    -1.000000    -0.000000     1.000000     0.000000     1.000000     0.000000     0.000000 4085c.dat
1   1   -10.000000   -96.000000   -50.000000     0.000000    -0.000000     1.000000    -0.000000     1.000000     0.000000    -1.000000    -0.000000    -0.000000 4085c.dat
1   1    20.000000   -96.000000   -50.000000     1.000000    -0.000000     0.000000     0.000000     1.000000     0.000000     0.000000    -0.000000     1.000000 3023.dat
1   1   -10.000000   -96.000000   -20.000000     0.000000    -0.000000     1.000000     0.000000     1.000000     0.000000    -1.000000     0.000000    -0.000000 2412b.dat
1  15   -30.000000  -128.000000  -140.000000     0.000000    -0.000000     1.000000     0.000000     1.000000     0.000000    -1.000000     0.000000    -0.000000 2412b.dat
1   1    50.000000   -96.000000   -20.000000     0.000000    -0.000000     1.000000     0.000000     1.000000     0.000000    -1.000000     0.000000    -0.000000 2412b.dat
1   1    20.000000   -96.000000    80.000000    -0.000000     0.000000     1.000000    -0.000000     1.000000    -0.000000    -1.000000     0.000000    -0.000000 3020.dat
1   0    20.000000  -102.000000   130.000000     0.999999    -0.000000     0.000000     0.000000     1.000000     0.000000     0.000000    -0.000000     1.000000 3149ec01.dat
1   1    20.000000  -103.000000   -50.000000    -1.000000    -0.000000    -0.000000    -0.000000     1.000000     0.000000     0.000000     0.000000    -1.000000 3710.dat
1   1    50.000000  -111.000000  -130.000000     0.000000     0.000000    -1.000000    -0.000000     1.000000     0.000000     1.000000     0.000000     0.000000 2462.dat
1   1   -10.000000  -111.000000  -130.000000    -1.000000    -0.000000    -0.000000    -0.000000     1.000000     0.000000     0.000000     0.000000    -1.000000 2462.dat
1  38    70.000000   -71.000000  -202.000000    -0.000000     0.000000    -1.000000    -1.000000     0.000000     0.000000    -0.000000     1.000000     0.000000 4073.dat
1  38   -30.000000   -71.000000  -202.000000    -0.000000     0.000000    -1.000000    -1.000000     0.000000     0.000000    -0.000000     1.000000     0.000000 4073.dat
1   1    20.000000  -119.000000   100.000000    -0.000000     0.000000     1.000000    -0.000000     1.000000    -0.000000    -1.000000     0.000000    -0.000000 3034.dat
1   0   -30.000000   -72.000000   -46.000000     0.999999    -0.000000     0.000000     0.000000    -0.000000     0.999999     0.000000    -1.000000    -0.000000 4735.dat
1  15    20.000000   -78.000000  -206.000000     0.999999    -0.000000     0.000000    -0.000000     1.000000     0.000000    -0.000000    -0.000000     0.999999 3829c01.dat
1  15    70.000000  -128.000000  -140.000000    -0.000000    -0.000000    -1.000000     0.000000     1.000000    -0.000000     0.999999    -0.000000     0.000000 4276b.dat
1  15    90.000000  -130.000000  -150.000000    -0.999999     0.000000    -0.000000     0.000000     1.000000    -0.000000    -0.000000    -0.000000    -1.000000 2433.dat
1  15    67.292892  -149.519897   -84.516541    -0.000000    -0.000000    -1.000000     0.707106     0.707107     0.000000     0.707106    -0.707107     0.000000 2433.dat
1  15    30.000000  -128.000000   140.000000     0.000000    -0.000000    -1.000000    -0.000000     1.000000    -0.000000     1.000000     0.000000    -0.000000 4315.dat
1  15    10.000000  -128.000000   140.000000    -0.000000     0.000000     1.000000    -0.000000     1.000000    -0.000000    -1.000000    -0.000000     0.000000 4315.dat
1  38    36.000000  -196.000000   140.000000    -0.000000    -0.258819    -0.965926    -0.000000     0.965926    -0.258819     1.000000     0.000000     0.000000 2582.dat
1  38     4.000000  -197.000000   140.000000    -0.000000     0.258819     0.965925     0.000000     0.965925    -0.258819    -1.000000     0.000000    -0.000000 2582.dat
1  15    20.000000  -141.000000  -116.000000     1.000000     0.000000     0.000000    -0.000000     1.000000    -0.000000     0.000000     0.000000     1.000000 3022.dat
1  15    20.000000  -127.000000    40.000000     1.000000     0.000000     0.000000    -0.000000     1.000000    -0.000000     0.000000     0.000000     1.000000 3022.dat
1   1    20.000000  -151.000000    40.000000    -0.000000    -0.000000     1.000000    -0.000000     1.000000     0.000000    -1.000000     0.000000    -0.000000 4871.dat
1   1    19.000000  -141.000000  -117.000000    -0.000000    -0.000000     1.000000    -0.000000     1.000000     0.000000    -1.000000     0.000000    -0.000000 4871.dat
1   1    19.000000  -133.000000  -106.000000    -1.000000    -0.000000    -0.000000     0.000000     1.000000    -0.000000     0.000000    -0.000000    -1.000000 4623.dat
1  15    19.000000  -133.000000  -126.000000    -1.000000    -0.000000    -0.000000    -0.000000     1.000000    -0.000000     0.000000    -0.000000    -1.000000 3023.dat
1   1    18.000000  -149.000000  -116.000000    -1.000000    -0.000000    -0.000000    -0.000000     1.000000    -0.000000     0.000000    -0.000000    -1.000000 3020.dat
1  38    21.000000  -139.000000   -83.000000     0.000000     0.000000     0.999999    -0.000000     1.000000    -0.000000    -0.999999    -0.000000     0.000000 6120.dat
1  38    21.000000  -134.000000   -83.000000    -0.013112     0.067823     0.997609    -0.116331    -0.991025     0.065846     0.993123    -0.115190     0.020884 6120.dat
1   0    20.000000  -136.000000   170.000000     0.999999    -0.000000     0.000000     0.000000     1.000000     0.000000     0.000000    -0.000000     1.000000 3023.dat
1   0    20.000000  -136.000000   110.000000     0.999999    -0.000000     0.000000     0.000000     1.000000     0.000000     0.000000    -0.000000     1.000000 3023.dat
1   0     6.000000  -189.000000   140.000000     0.000000     0.258819     0.965925    -0.000000     0.965926    -0.258819    -0.999999     0.000000    -0.000000 3710.dat
1   0    34.000000  -188.000000   140.000000     0.000000    -0.258819     0.965925     0.000000     0.965926     0.258819    -0.999999     0.000000    -0.000000 3710.dat
1  15     3.000000  -203.000000   140.000000     0.000000     0.258819    -0.965925    -0.000000     0.965925     0.258819     0.999999    -0.000000     0.000000 3069bp13.dat
1  15    37.000000  -202.000000   140.000000    -0.000000    -0.258819     0.965925    -0.000000     0.965926     0.258819    -0.999999     0.000000    -0.000000 3069bp13.dat
1  15    51.000000  -159.000000    30.000000    -0.000000    -0.000000     0.999999    -0.000000     1.000000     0.000000    -0.999999    -0.000000    -0.000000 4073.dat
1  15    19.000000  -269.283569    34.936111    -0.000000    -0.000000     0.999999    -0.707106     0.707106    -0.000000    -0.707106    -0.707106    -0.000000 4073.dat
1  15    19.000000  -258.793182    23.105972    -0.000000    -0.000000     0.999999    -0.707106     0.707106    -0.000000    -0.707106    -0.707106    -0.000000 4073.dat
1  15    19.000000  -255.453461    48.890579    -0.000000    -0.000000     0.999999    -0.707106     0.707106    -0.000000    -0.707106    -0.707106    -0.000000 4073.dat
1  15    19.000000  -244.463058    37.926483    -0.000000    -0.000000     0.999999    -0.707106     0.707106    -0.000000    -0.707106    -0.707106    -0.000000 4073.dat
1  15    51.000000  -159.000000    51.000000    -0.000000    -0.000000     0.999999    -0.000000     1.000000     0.000000    -0.999999    -0.000000    -0.000000 4073.dat
1  15   -10.000000  -159.000000    51.000000    -0.000000    -0.000000     0.999999    -0.000000     1.000000     0.000000    -0.999999    -0.000000    -0.000000 4073.dat
1  15   -10.000000  -159.000000    30.000000    -0.000000    -0.000000     0.999999    -0.000000     1.000000     0.000000    -0.999999    -0.000000    -0.000000 4073.dat
1  15    19.000000  -158.000000  -127.000000     0.999999    -0.000000     0.000000     0.000000     1.000000    -0.000000    -0.000000     0.000000     0.999999 4315.dat
1  15    19.000000  -158.000000  -107.000000    -0.999999     0.000000    -0.000000     0.000000     1.000000     0.000000     0.000000     0.000000    -0.999999 3023.dat
1  38    19.000000  -154.000000  -140.000000     0.999999     0.000000     0.000000    -0.000000     1.000000     0.000000    -0.000000    -0.000000     0.999999 2483.dat
1   1   -42.000000  -135.000000  -160.000000     0.000000    -1.000000     0.000000    -1.000000     0.000000    -0.000000     0.000000    -0.000000    -1.000000 2516.dat
1  38   -50.000000  -143.000000  -136.000000     0.999999     0.000000     0.000000    -0.000000     1.000000     0.000000    -0.000000    -0.000000     0.999999 6117.dat
1  38    90.000000  -154.000000  -150.000000    -0.000000    -0.000000     0.999999    -0.000000     1.000000     0.000000    -0.999999    -0.000000    -0.000000 4589.dat
1   0    19.000000  -165.000000  -117.000000     0.999999    -0.000000     0.000000     0.000000     1.000000     0.000000     0.000000    -0.000000     1.000000 3680c01.dat
1   0    19.000000  -173.000000  -117.000000     0.999999    -0.000000     0.000000     0.000000     1.000000     0.000000     0.000000    -0.000000     1.000000 3022.dat
1   1    19.000000  -181.000000  -107.000000    -1.000000    -0.000000    -0.000000     0.000000     1.000000    -0.000000     0.000000    -0.000000    -1.000000 2452.dat
1   1    19.000000  -193.000000  -117.000000    -0.999999    -0.000000    -0.000000    -0.000000     1.000000    -0.000000     0.000000    -0.000000    -0.999999 3068bp61.dat
1   1    19.000000  -229.682159   -40.414215    -0.000000    -0.000000     1.000000     0.707107     0.707107     0.000000    -0.707107     0.707107     0.000000 4504.dat
1  15    19.000000  -220.383255   -59.663380    -0.000000     0.000000     1.000000     0.707107     0.707107     0.000000    -0.707107     0.707107    -0.000000 2412b.dat
1  15    19.000000  -248.760437   -31.032358    -0.000000     0.000000     1.000000     0.707107     0.707107     0.000000    -0.707107     0.707107    -0.000000 2412b.dat
1   1    19.000000  -257.123322    35.998276    -0.000000    -0.000000     1.000000    -0.707107     0.707107     0.000000    -0.707107    -0.707107    -0.000000 4276b.dat
1   1    19.000000  -261.381653    54.622635    -0.000000    -0.000000     0.999999    -0.707106     0.707107    -0.000000    -0.707107    -0.707106    -0.000000 3623.dat
1   1    19.000000  -238.534866    32.194443    -0.000000    -0.000000     0.999999    -0.707106     0.707107    -0.000000    -0.707107    -0.707106    -0.000000 3623.dat
1   1    19.000000  -241.623306    62.845062    -0.999999     0.000000    -0.000000     0.000000     0.707106    -0.707106    -0.000000    -0.707106    -0.707106 2607.dat
1   1    19.000000  -182.000000    75.000000    -0.999999     0.000000    -0.000000    -0.000000    -0.000000     0.999999     0.000000     0.999999     0.000000 73092.dat
1  15    19.000000  -175.000000    75.000000    -0.999999     0.000000    -0.000000     0.000000     0.999999     0.000000     0.000000     0.000000    -0.999999 2609.dat
1   1    19.000000  -216.000000    75.000000    -0.999999     0.000000    -0.000000    -0.000000    -0.000000     0.999999     0.000000     0.999999     0.000000 73092.dat
1  15    19.000000  -167.000000    85.000000    -0.999999     0.000000    -0.000000     0.000000     0.999999     0.000000     0.000000     0.000000    -0.999999 3700.dat
1  15    19.000000  -167.000000    65.000000    -0.999999     0.000000    -0.000000     0.000000     0.999999     0.000000     0.000000     0.000000    -0.999999 3700.dat
1  15    19.000000  -157.000000    31.000000    -0.000000     0.000000     0.999999     0.999999     0.000000     0.000000    -0.000000     0.999999    -0.000000 3941.dat
1  15    19.000000  -157.000000    99.000000    -0.000000     0.000000     0.999999     0.999999     0.000000     0.000000    -0.000000     0.999999    -0.000000 3941.dat
1  38    19.000000  -158.000000   147.000000    -0.000000     0.000000     0.999999     0.999999     0.000000     0.000000    -0.000000     0.999999    -0.000000 3941.dat
1  38    19.000000  -158.000000   123.000000    -0.000000     0.000000     0.999999     0.999999     0.000000     0.000000    -0.000000     0.999999    -0.000000 3941.dat
1  38    19.000000  -157.000000     5.000000    -0.000000     0.000000     0.999999     0.999999     0.000000     0.000000    -0.000000     0.999999    -0.000000 3941.dat
1  38    67.292885  -155.195312   -78.790329     0.000000    -0.000000    -0.999999     0.707106     0.707106     0.000000     0.707106    -0.707106     0.000000 2569.dat
1  38    19.000000  -157.000000    56.000000     0.000000    -0.000000    -0.999999    -0.000000     0.999999    -0.000000     0.999999     0.000000     0.000000 370826.dat
1   0    19.000000  -157.000000   172.000000    -0.000000     0.000000     0.999999     0.999999     0.000000     0.000000    -0.000000     0.999999    -0.000000 3943b.dat
1   0    19.000000  -158.000000   -43.000000    -0.000000     0.000000     0.999999     0.999999     0.000000     0.000000    -0.000000     0.999999    -0.000000 4591.dat
1   0    19.000000  -157.000000   -91.000000    -0.000000     0.000000     0.999999     0.999999     0.000000     0.000000    -0.000000     0.999999    -0.000000 3942b.dat
1   0    70.000000   -76.000000   -51.000000    -0.000000     0.000000     0.999999     0.000000     0.999999    -0.000000    -0.999999     0.000000    -0.000000 3957b.dat
1  38    70.000000  -153.000000   -51.000000    -0.999999     0.000000    -0.000000     0.000000     0.999999     0.000000     0.000000     0.000000    -0.999999 4740.dat
1  15    70.000000  -126.000000   -51.000000    -0.999999     0.000000    -0.000000     0.000000     0.999999     0.000000     0.000000     0.000000    -0.999999 4740.dat
1   0    71.000000  -149.000000   -51.000000    -0.999999     0.000000    -0.000000     0.000000     0.999999     0.000000     0.000000     0.000000    -0.999999 4733.dat
1  15    58.000000  -138.000000   -51.000000    -0.051425     0.991147     0.122385    -0.043671    -0.124662     0.991236     0.997720     0.045630     0.049695 4592c01.dat
1  15    72.000000  -138.000000   -34.000000     0.977034    -0.212453     0.016326    -0.043671    -0.124662     0.991236    -0.208556    -0.969185    -0.131077 4592c01.dat
1  15    70.000000  -138.000000   -67.000000    -0.977034     0.212453    -0.016326    -0.043671    -0.124662     0.991236     0.208556     0.969185     0.131077 4592c01.dat
1  15    89.000000  -138.000000   -51.000000    -0.014755    -0.991480    -0.129410    -0.035699    -0.128819     0.991024    -0.999253     0.019242    -0.033494 4592c01.dat
1  15    49.000000   -40.000000    20.000000     0.000000    -0.000000    -1.000000    -0.000000     1.000000    -0.000000     1.000000     0.000000     0.000000 6118.dat
1  15   -11.000000   -40.000000  -100.000000     0.000000     0.000000     0.999999    -0.000000     1.000000    -0.000000    -1.000000    -0.000000    -0.000000 6118.dat
1  15   -11.000000   -40.000000   -40.000000     0.000000     0.000000     0.999999    -0.000000     1.000000    -0.000000    -1.000000    -0.000000    -0.000000 6118.dat
1  15   -11.000000   -40.000000    20.000000     0.000000     0.000000     0.999999    -0.000000     1.000000    -0.000000    -1.000000    -0.000000    -0.000000 6118.dat
1  15   -11.000000   -40.000000    80.000000     0.000000     0.000000     0.999999    -0.000000     1.000000    -0.000000    -1.000000    -0.000000    -0.000000 6118.dat
1  15    49.000000   -40.000000  -100.000000     0.000000    -0.000000    -1.000000    -0.000000     1.000000    -0.000000     1.000000     0.000000     0.000000 6118.dat
1  15    49.000000   -40.000000   -40.000000     0.000000    -0.000000    -1.000000    -0.000000     1.000000    -0.000000     1.000000     0.000000     0.000000 6118.dat
1  15    49.000000   -40.000000    80.000000     0.000000    -0.000000    -1.000000    -0.000000     1.000000    -0.000000     1.000000     0.000000     0.000000 6118.dat
1   0   139.000000   -96.000000   -90.000000     0.999999     0.000000     0.000000     0.000000     1.000000    -0.000000    -0.000000    -0.000000     0.999999 973p62.dat
1  14   139.000000  -120.000000   -90.000000     0.999999     0.000000     0.000000     0.000000     1.000000    -0.000000    -0.000000    -0.000000     0.999999 3626bp62.dat
1  15   139.000000  -120.000000   -90.000000     0.999999     0.000000     0.000000     0.000000     1.000000    -0.000000    -0.000000    -0.000000     0.999999 2446.dat
1  15   139.000000   -96.000000   -90.000000     0.999999     0.000000     0.000000     0.000000     1.000000    -0.000000    -0.000000    -0.000000     0.999999 3838.dat
1   1   139.000000   -64.000000   -90.000000     0.999999     0.000000     0.000000     0.000000     1.000000    -0.000000    -0.000000    -0.000000     0.999999 3815.dat
1   0   139.000000   -52.000000   -90.000000     0.999999     0.000000     0.000000     0.000000     1.000000    -0.000000    -0.000000    -0.000000     0.999999 3817.dat
1   0   139.000000   -52.000000   -90.000000     0.999999     0.000000     0.000000     0.000000     1.000000    -0.000000    -0.000000    -0.000000     0.999999 3816.dat
1  38   140.000000  -119.000000   -90.000000     0.999999     0.000000     0.000000     0.000000     1.000000    -0.000000    -0.000000    -0.000000     0.999999 6119.dat
1  15   157.000000   -87.000000   -90.000000     0.999999     0.000000     0.000000     0.000000     1.000000    -0.000000    -0.000000    -0.000000     0.999999 3819.dat
1  15   121.000000   -88.000000   -90.000000     0.999999     0.000000     0.000000     0.000000     1.000000    -0.000000    -0.000000    -0.000000     0.999999 3818.dat
1   1   116.000000   -70.000000   -98.000000     0.999999     0.000000     0.000000     0.000000     0.707107    -0.707106    -0.000000     0.707107     0.707106 3820.dat
1   1   163.000000   -70.000000   -98.000000     0.999999     0.000000     0.000000     0.000000     0.707107    -0.707106    -0.000000     0.707107     0.707106 3820.dat