0 FILE 6940 Alien Moon Stalker.ldr
0 6940 Alien Moon Stalker
0 Name: 6940 Alien Moon Stalker.ldr
0 Author: ClydeBum
0 ROTATION CENTER 0 0 0 1 "Custom" 
0 ROTATION CONFIG -1 0
1 0 -60 0 -130 1 0 0 0 1 0 0 0 1 6940 Leg FR.ldr
1 0 60 0 90 1 0 0 0 1 0 0 0 1 6940 Leg RL.ldr
1 0 -60 0 90 1 0 0 0 1 0 0 0 1 6940 Leg RR.ldr
1 0 60 0 -130 1 0 0 0 1 0 0 0 1 6940 Leg FL.ldr
1 0 0 -184 -220 1 0 0 0 1 0 0 0 1 6940_ship-red.ldr
1 0 -2 -162 200 -1 0 0 0 1 0 0 0 -1 6940 Ship Blue.ldr
1 0 0 -144 100 1 0 0 0 1 0 0 0 1 6940 Support Bar.ldr
1 0 0 -144 -100 1 0 0 0 1 0 0 0 1 6940 Support Bar.ldr
1 0 0 -168 0 0 0 1 0 1 0 -1 0 0 6940 Body Base.ldr
1 0 0 -224 40 0 0 1 0 1 0 -1 0 0 6940 Missle.ldr
1 0 0 -224 -40 0 0 1 0 1 0 -1 0 0 6940 Missle.ldr
0
0 FILE 6940_ship-red.ldr
0 6940_ship-red.ldr
0 ROTATION CENTER 0 0 0 1 "Custom" 
0 ROTATION CONFIG 0 0
1 7 0 0 0 0 0 -1 0 1 0 1 0 0 3832.dat
1 7 0 -8 -70 1 0 0 0 1 0 0 0 1 3023.dat
1 7 0 -8 20 0 0 -1 0 1 0 1 0 0 3035.dat
1 7 0 -8 -100 1 0 0 0 1 0 0 0 1 4859.dat
1 7 -60 -16 60 0 0 1 0 1 0 -1 0 0 3936.dat
1 7 60 -16 60 0 0 -1 0 1 0 1 0 0 3935.dat
1 7 -30 -16 10 0 0 -1 0 1 0 1 0 0 3623.dat
1 7 30 -16 10 0 0 -1 0 1 0 1 0 0 3623.dat
1 0 -70 -8 80 -1 0 0 0 1 0 0 0 -1 4595.dat
1 0 70 -8 80 -1 0 0 0 1 0 0 0 -1 4595.dat
1 7 0 -16 -10 -1 0 0 0 1 0 0 0 -1 2342.dat
1 7 0 -32 80 0 0 -1 0 1 0 1 0 0 4730.dat
1 7 30 -24 90 0 0 -1 0 1 0 1 0 0 3623.dat
1 7 -30 -24 90 0 0 -1 0 1 0 1 0 0 3623.dat
1 7 -30 -24 20 0 0 -1 0 1 0 1 0 0 3710.dat
1 7 30 -24 20 0 0 -1 0 1 0 1 0 0 3710.dat
1 7 0 -32 -30 -1 0 0 0 1 0 0 0 -1 3004.dat
1 7 -30 -32 -30 1 0 0 0 1 0 0 0 1 3040b.dat
1 7 30 -32 -30 1 0 0 0 1 0 0 0 1 3040b.dat
1 7 0 -32 -50 1 0 0 0 1 0 0 0 1 3298p90.dat
1 7 0 -56 -30 1 0 0 0 1 0 0 0 1 3039.dat
1 7 -30 -56 -30 1 0 0 0 1 0 0 0 1 4070.dat
1 7 30 -56 -30 1 0 0 0 1 0 0 0 1 4070.dat
1 7 30 -32 70 0 0 1 0 1 0 -1 0 0 3623.dat
1 7 -30 -32 70 0 0 1 0 1 0 -1 0 0 3623.dat
1 36 -30 -32 -10 0 0 1 0 1 0 -1 0 0 3024.dat
1 36 30 -32 -10 0 0 1 0 1 0 -1 0 0 3024.dat
1 34 -30 -32 110 0 0 1 0 1 0 -1 0 0 3070a.dat
1 34 30 -32 110 0 0 1 0 1 0 -1 0 0 3070a.dat
1 0 30 -32 20 0 0 1 0 1 0 -1 0 0 3475a.dat
1 0 -30 -32 20 0 0 -1 0 1 0 1 0 0 3475a.dat
1 7 -30 -56 80 0 0 -1 0 1 0 1 0 0 3004.dat
1 7 30 -56 80 0 0 -1 0 1 0 1 0 0 3004.dat
1 7 0 -56 90 1 0 0 0 1 0 0 0 1 3004.dat
1 7 30 -56 0 0 0 1 0 1 0 -1 0 0 4865a.dat
1 7 30 -56 40 0 0 1 0 1 0 -1 0 0 4865a.dat
1 7 -30 -56 40 0 0 -1 0 1 0 1 0 0 4865a.dat
1 7 -30 -56 0 0 0 -1 0 1 0 1 0 0 4865a.dat
1 7 30 -64 90 0 0 -1 0 1 0 1 0 0 4085c.dat
1 7 -30 -64 90 0 0 1 0 1 0 -1 0 0 4085b.dat
1 0 0 -64 90 -1 0 0 0 1 0 0 0 -1 3023.dat
1 7 0 -88 90 -1 0 0 0 1 0 0 0 -1 3010.dat
1 7 30 -96 90 0 0 -1 0 1 0 1 0 0 4085c.dat
1 7 -30 -96 90 0 0 1 0 1 0 -1 0 0 4085c.dat
1 0 0 -96 90 -1 0 0 0 1 0 0 0 -1 3023.dat
1 7 0 -104 90 1 0 0 0 1 0 0 0 1 4315.dat
1 34 0 -100 76 1 0 0 0 1 0 0 0 1 4474.dat
1 36 30 -48 -56 1 0 0 0 0 -1 0 1 0 4589.dat
1 36 -30 -48 -54 1 0 0 0 0 -1 0 1 0 4589.dat
1 7 -30 -112 90 1 0 0 0 1 0 0 0 1 4592c01.dat
1 7 30 -112 90 1 0 0 0 1 0 0 0 1 4592c01.dat
1 36 -50 -22 90 1 0 0 0 1 0 0 0 1 3957a.dat
1 36 50 -22 90 1 0 0 0 1 0 0 0 1 3957a.dat
1 36 0 -62 50 1 0 0 0 1 0 0 0 1 sp005 Classic Space Red Sitting.ldr
0
0 FILE 6940 Ship Blue.ldr
0 6940 Ship Blue
0 Name: 6940 Ship Blue.ldr
0 Author: ClydeTheBum
0 Unofficial Model
0 ROTATION CENTER 0 0 0 1 "Custom" 
0 ROTATION CONFIG 0 0
1 7 0 -22 0 0 0 -1 0 1 0 1 0 0 3795.dat
1 7 0 -46 -10 -1 0 0 0 1 0 0 0 -1 3004.dat
1 7 0 -30 40 -1 0 0 0 1 0 0 0 -1 3031.dat
1 7 0 -30 -40 1 0 0 0 1 0 0 0 1 4859.dat
1 7 0 -54 -40 -1 0 0 0 1 0 0 0 -1 792.dat
1 7 0 -43 -58 0 1 0 -1 0 0 0 0 1 3612.dat
1 7 0 -54 -40 -1 0 0 0 1 0 0 0 -1 794.dat
1 7 60 -38 40 0 0 -1 0 1 0 1 0 0 3935.dat
1 7 -60 -38 40 0 0 1 0 1 0 -1 0 0 3936.dat
1 7 0 -54 60 0 0 -1 0 1 0 1 0 0 4730.dat
1 7 -30 -46 60 0 0 -1 0 1 0 1 0 0 3710.dat
1 7 30 -46 60 0 0 -1 0 1 0 1 0 0 3710.dat
1 7 -30 -54 50 0 0 -1 0 1 0 1 0 0 3623.dat
1 7 30 -54 50 0 0 -1 0 1 0 1 0 0 3623.dat
1 7 -30 -54 10 1 0 0 0 1 0 0 0 1 3040b.dat
1 7 30 -54 10 1 0 0 0 1 0 0 0 1 3040b.dat
1 34 -30 -54 90 1 0 0 0 1 0 0 0 1 3070a.dat
1 34 30 -54 90 1 0 0 0 1 0 0 0 1 3070a.dat
1 0 -70 -30 60 -1 0 0 0 1 0 0 0 -1 4595.dat
1 0 70 -30 60 -1 0 0 0 1 0 0 0 -1 4595.dat
1 7 0 -54 -10 -1 0 0 0 1 0 0 0 -1 3023.dat
1 7 -10 -78 60 0 0 1 0 1 0 -1 0 0 3039.dat
1 7 10 -78 60 0 0 -1 0 1 0 1 0 0 3039.dat
1 7 0 -43 -83 0 1 0 -1 0 0 0 0 1 3612.dat
1 7 0 -43 -113 0 1 0 -1 0 0 0 0 1 3612.dat
1 7 0 -43 -143 0 1 0 -1 0 0 0 0 1 3612.dat
1 7 0 -43 -173 0 1 0 -1 0 0 0 0 1 3612.dat
1 7 0 -43 -203 0 1 0 -1 0 0 0 0 1 3612.dat
1 7 0 -43 -243 -1 0 0 0 -1 0 0 0 1 4220.dat
1 0 0 -41 -243 -1 0 0 0 -1 0 0 0 1 4221.dat
1 0 0 -41 -243 1 0 0 0 1 0 0 0 1 4221.dat
1 7 -10 -78 -50 1 0 0 0 1 0 0 0 1 4070.dat
1 7 10 -78 -50 1 0 0 0 1 0 0 0 1 4070.dat
1 0 -50 -62 30 0 0 1 0 1 0 -1 0 0 3963.dat
1 0 50 -62 30 0 0 -1 0 1 0 1 0 0 3963.dat
1 7 0 -86 70 1 0 0 0 1 0 0 0 1 3023.dat
1 7 0 -86 50 -1 0 0 0 1 0 0 0 -1 3069bp25.dat
1 7 0 -78 -30 -1 0 0 0 1 0 0 0 -1 3039p34.dat
1 7 0 -94 60 -1 0 0 0 1 0 0 0 -1 3022.dat
1 7 0 -102 60 -1 0 0 0 1 0 0 0 -1 3022.dat
1 7 0 -126 70 -1 0 0 0 1 0 0 0 -1 3700.dat
1 7 0 -126 50 -1 0 0 0 1 0 0 0 -1 3700.dat
1 7 0 -134 60 -1 0 0 0 1 0 0 0 -1 3022.dat
1 7 -10 -142 60 0 0 1 0 1 0 -1 0 0 2342.dat
1 7 10 -142 60 0 0 -1 0 1 0 1 0 0 2342.dat
1 7 30 -63 10 1 0 0 0 1 0 0 0 1 4592c01.dat
1 7 -30 -63 10 1 0 0 0 1 0 0 0 1 4592c01.dat
1 0 23 -197 60.1 -0.00149418 -0.342019 -0.93969 -0.00320428 0.93969 -0.342019 0.999994 0.0025 -0.0025 4589.dat
1 0 -23 -197 60.1 0.00149418 0.342019 0.93969 -0.00320428 0.93969 -0.342019 -0.999994 -0.0025 0.0025 4589.dat
1 0 -0.025 -97.025 10 0.999994 0.0025 -0.0025 -0.0025 0.999997 0 0.0025 0 0.999997 sp004 Space Blue.ldr
0
0 FILE sp005 Classic Space Red Sitting.ldr
0 sp005 Classic Space Red Sitting
0 Name: sp005 Classic Space Red Sitting.ldr
0 Author: ClydeTheBum
0 Unofficial Model
0 ROTATION CENTER 0 0 0 1 "Custom" 
0 ROTATION CONFIG 0 0
1 4 0 -27 0 1 0 0 0 1 0 0 0 1 3842b.dat
1 14 0 -27 0 1 0 0 0 1 0 0 0 1 3626bp01.dat
1 4 0 -2 0 1 0 0 0 1 0 0 0 1 3838.dat
1 4 0 0 0 1 0 0 0 1 0 0 0 1 973p90.dat
1 4 0 32 0 1 0 0 0 1 0 0 0 1 3815.dat
1 4 -15.552 9 0 0.985 -0.144168 -0.0900863 0.17 0.835327 0.52197 0 -0.529919 0.848048 3818.dat
1 4 15.552 9 0 0.985 0.144168 0.0900863 -0.17 0.835327 0.52197 0 -0.529919 0.848048 3819.dat
1 4 -22.449 18.4003 -18.6945 0.985 -0.165618 0.0382359 0.17 0.95961 -0.221543 0 0.224917 0.974223 3820.dat
1 4 22.449 18.4003 -18.6945 0.985 0.165618 -0.0382359 -0.17 0.95961 -0.221543 0 0.224917 0.974223 3820.dat
1 4 0 44 0 1 0 0 0 0 1 0 -1 0 3816.dat
1 4 0 44 0 1 0 0 0 0 1 0 -1 0 3817.dat
0
0 FILE 6940 Leg FR.ldr
0 6940 Leg FR
0 Name: 6940 Leg FR.ldr
0 Author: ClydeBum
0 Unofficial Model
0 ROTATION CENTER 0 0 0 1 "Custom" 
0 ROTATION CONFIG 0 0
1 7 0 0 0 0 0 -1 0 1 0 1 0 0 3021.dat
1 36 -30 0 20 0 0 -1 0 1 0 1 0 0 3024.dat
1 34 10 0 40 0 0 -1 0 1 0 1 0 0 3024.dat
1 7 -10 -24 20 0 0 1 0 1 0 -1 0 0 3040b.dat
1 7 10 -24 20 -1 0 0 0 1 0 0 0 -1 3040b.dat
1 7 0 -24 0 1 0 0 0 1 0 0 0 1 3039p05.dat
1 7 0 -48 10 1 0 0 0 1 0 0 0 1 3003.dat
1 7 0 -96 10 1 0 0 0 1 0 0 0 1 4345a.dat
1 7 0 -96 10 1 0 0 0 1 0 0 0 1 4346.dat
1 7 10 -120 0 0 0 -1 0 1 0 1 0 0 4070.dat
1 7 -10 -120 0 0 0 1 0 1 0 -1 0 0 4070.dat
1 7 0 -120 20 -1 0 0 0 1 0 0 0 -1 3747a.dat
1 7 0 -128 50 0 0 -1 0 1 0 1 0 0 3795.dat
1 7 0 -136 10 0 0 -1 0 1 0 1 0 0 3022.dat
1 7 0 -136 70 -1 0 0 0 1 0 0 0 -1 3639.dat
1 7 0 -144 30 -1 0 0 0 1 0 0 0 -1 3680.dat
1 36 0 -64 10 1 0 0 0 1 0 0 0 1 3024.dat
1 34 24 -110 0 0 -1 0 1 0 0 0 0 1 3024.dat
1 36 -24 -110 0 0 1 0 1 0 0 0 0 -1 3024.dat
0
0 FILE 6940 Leg FL.ldr
0 6940 Leg FL
0 Name: 6940 Leg FL.ldr
0 Author: ClydeBum
0 Unofficial Model
0 ROTATION CENTER 0 0 0 1 "Custom" 
0 ROTATION CONFIG 0 0
1 7 0 0 0 0 0 -1 0 1 0 1 0 0 3021.dat
1 36 30 0 20 0 0 -1 0 1 0 1 0 0 3024.dat
1 34 -10 0 40 0 0 -1 0 1 0 1 0 0 3024.dat
1 7 10 -24 20 0 0 -1 0 1 0 1 0 0 3040b.dat
1 7 -10 -24 20 -1 0 0 0 1 0 0 0 -1 3040b.dat
1 7 0 -24 0 1 0 0 0 1 0 0 0 1 3039p05.dat
1 7 0 -48 10 1 0 0 0 1 0 0 0 1 3003.dat
1 7 0 -96 10 1 0 0 0 1 0 0 0 1 4345a.dat
1 7 0 -96 10 1 0 0 0 1 0 0 0 1 4346.dat
1 7 10 -120 0 0 0 -1 0 1 0 1 0 0 4070.dat
1 7 -10 -120 0 0 0 1 0 1 0 -1 0 0 4070.dat
1 7 0 -120 20 -1 0 0 0 1 0 0 0 -1 3747a.dat
1 7 0 -128 50 0 0 -1 0 1 0 1 0 0 3795.dat
1 7 0 -136 10 0 0 -1 0 1 0 1 0 0 3022.dat
1 7 0 -136 70 -1 0 0 0 1 0 0 0 -1 3639.dat
1 7 0 -144 30 -1 0 0 0 1 0 0 0 -1 3680.dat
1 36 0 -64 10 1 0 0 0 1 0 0 0 1 3024.dat
1 36 24 -110 0 0 -1 0 1 0 0 0 0 1 3024.dat
1 34 -24 -110 0 0 1 0 1 0 0 0 0 -1 3024.dat
0
0 FILE 6940 Leg RL.ldr
0 6940 Leg RL
0 Name: 6940 Leg RL.ldr
0 Author: ClydeBum
0 Unofficial Model
0 ROTATION CENTER 0 0 0 1 "Custom" 
0 ROTATION CONFIG 0 0
1 7 0 0 0 0 0 -1 0 1 0 1 0 0 3021.dat
1 36 30 0 -20 0 0 -1 0 1 0 1 0 0 3024.dat
1 34 -10 0 -40 0 0 -1 0 1 0 1 0 0 3024.dat
1 7 10 -24 -20 0 0 -1 0 1 0 1 0 0 3040b.dat
1 7 -10 -24 -20 1 0 0 0 1 0 0 0 1 3040b.dat
1 7 0 -24 0 -1 0 0 0 1 0 0 0 -1 3039p05.dat
1 7 0 -48 -10 1 0 0 0 1 0 0 0 1 3003.dat
1 7 0 -72 -10 1 0 0 0 1 0 0 0 1 3003.dat
1 7 0 -96 -10 1 0 0 0 1 0 0 0 1 3003.dat
1 7 0 -120 0 -1 0 0 0 1 0 0 0 -1 3747a.dat
1 7 0 -120 -20 1 0 0 0 1 0 0 0 1 3747a.dat
1 7 0 -128 -10 0 0 -1 0 1 0 1 0 0 3795.dat
1 7 0 -136 30 0 0 -1 0 1 0 1 0 0 3022.dat
1 7 0 -136 -30 1 0 0 0 1 0 0 0 1 3640.dat
1 7 0 -144 10 -1 0 0 0 1 0 0 0 -1 3680.dat
0
0 FILE 6940 Leg RR.ldr
0 6940 Leg RR
0 Name: 6940 Leg RR.ldr
0 Author: ClydeBum
0 Unofficial Model
0 ROTATION CENTER 0 0 0 1 "Custom" 
0 ROTATION CONFIG 0 0
1 7 0 0 0 0 0 -1 0 1 0 1 0 0 3021.dat
1 36 -30 0 -20 0 0 -1 0 1 0 1 0 0 3024.dat
1 34 10 0 -40 0 0 -1 0 1 0 1 0 0 3024.dat
1 7 -10 -24 -20 0 0 1 0 1 0 -1 0 0 3040b.dat
1 7 10 -24 -20 1 0 0 0 1 0 0 0 1 3040b.dat
1 7 0 -24 0 -1 0 0 0 1 0 0 0 -1 3039p05.dat
1 7 0 -48 -10 1 0 0 0 1 0 0 0 1 3003.dat
1 7 0 -72 -10 1 0 0 0 1 0 0 0 1 3003.dat
1 7 0 -96 -10 1 0 0 0 1 0 0 0 1 3003.dat
1 7 0 -120 0 -1 0 0 0 1 0 0 0 -1 3747a.dat
1 7 0 -120 -20 1 0 0 0 1 0 0 0 1 3747a.dat
1 7 0 -128 -10 0 0 -1 0 1 0 1 0 0 3795.dat
1 7 0 -136 30 0 0 -1 0 1 0 1 0 0 3022.dat
1 7 0 -136 -30 1 0 0 0 1 0 0 0 1 3640.dat
1 7 0 -144 10 -1 0 0 0 1 0 0 0 -1 3680.dat
0
0 FILE 6940 Support Bar.ldr
0 6940 Support Bar
0 Name: 6940 Support Bar.ldr
0 Author: ClydeBum
0 Unofficial Model
0 ROTATION CENTER 0 0 0 1 "Custom" 
0 ROTATION CONFIG 0 0
1 7 60 0 0 1 0 0 0 1 0 0 0 1 3679.dat
1 7 -60 0 0 1 0 0 0 1 0 0 0 1 3679.dat
1 7 0 -8 0 1 0 0 0 1 0 0 0 1 3034.dat
1 7 -40 -16 0 1 0 0 0 1 0 0 0 1 3068b.dat
1 7 40 -16 0 1 0 0 0 1 0 0 0 1 3068b.dat
1 7 0 -16 0 1 0 0 0 1 0 0 0 1 3680.dat
0
0 FILE 6940 Body Base.ldr
0 6940 Body Base
0 Name: 6940 Body Base.ldr
0 Author: ClydeBum
0 Unofficial Model
0 ROTATION CENTER 0 0 0 1 "Custom" 
0 ROTATION CONFIG 0 0
1 7 0 0 0 1 0 0 0 1 0 0 0 1 3029.dat
1 7 -100 8 0 1 0 0 0 1 0 0 0 1 3679.dat
1 7 100 8 0 1 0 0 0 1 0 0 0 1 3679.dat
1 7 -100 -24 0 0 0 1 0 1 0 -1 0 0 3001.dat
1 7 100 -24 0 0 0 1 0 1 0 -1 0 0 3001.dat
1 0 -40 -8 0 0 0 1 0 1 0 -1 0 0 3068b.dat
1 0 40 -8 0 0 0 1 0 1 0 -1 0 0 3068b.dat
1 36 -110 -32 30 0 0 1 0 1 0 -1 0 0 3070b.dat
1 36 -110 -32 -30 0 0 1 0 1 0 -1 0 0 3070b.dat
1 36 110 -32 -30 0 0 1 0 1 0 -1 0 0 3070b.dat
1 36 110 -32 30 0 0 1 0 1 0 -1 0 0 3070b.dat
1 7 -110 -48 0 0 0 1 0 1 0 -1 0 0 3700.dat
1 7 110 -48 0 0 0 1 0 1 0 -1 0 0 3700.dat
1 7 -90 -48 0 0 0 1 0 1 0 -1 0 0 3010.dat
1 7 90 -48 0 0 0 1 0 1 0 -1 0 0 3010.dat
1 7 -90 -72 0 0 0 1 0 1 0 -1 0 0 3037.dat
1 7 90 -72 0 0 0 -1 0 1 0 1 0 0 3037.dat
1 7 -90 -96 0 0 0 -1 0 1 0 1 0 0 3010.dat
1 7 -90 -120 0 0 0 -1 0 1 0 1 0 0 3010.dat
1 7 -90 -144 0 0 0 -1 0 1 0 1 0 0 3010.dat
1 7 90 -96 0 0 0 -1 0 1 0 1 0 0 3010.dat
1 7 90 -120 0 0 0 -1 0 1 0 1 0 0 3010.dat
1 7 90 -144 0 0 0 -1 0 1 0 1 0 0 3010.dat
1 7 -40 -144 30 -1 0 0 0 1 0 0 0 -1 4741.dat
1 34 -40 -144 30 -1 0 0 0 1 0 0 0 -1 4448.dat
1 0 -40 -72 100 1 0 0 0 1 0 0 0 1 4448.dat
1 7 40 -144 30 -1 0 0 0 1 0 0 0 -1 4741.dat
1 34 40 -144 30 -1 0 0 0 1 0 0 0 -1 4448.dat
1 0 40 -72 100 1 0 0 0 1 0 0 0 1 4448.dat
1 7 40 -144 -30 1 0 0 0 1 0 0 0 1 4741.dat
1 34 40 -144 -30 1 0 0 0 1 0 0 0 1 4448.dat
1 0 40 -72 -100 -1 0 0 0 1 0 0 0 -1 4448.dat
1 7 -40 -144 -30 1 0 0 0 1 0 0 0 1 4741.dat
1 34 -40 -144 -30 1 0 0 0 1 0 0 0 1 4448.dat
1 0 -40 -72 -100 -1 0 0 0 1 0 0 0 -1 4448.dat
1 7 -80 -152 0 0 0 -1 0 1 0 1 0 0 3020.dat
1 7 -90 -168 30 0 0 -1 0 1 0 1 0 0 752.dat
1 7 -90 -168 -30 0 0 -1 0 1 0 1 0 0 752.dat
1 7 90 -168 -30 0 0 -1 0 1 0 1 0 0 752.dat
1 7 90 -168 30 0 0 -1 0 1 0 1 0 0 752.dat
1 7 -90 -168 -30 1 0 0 0 1 0 0 0 1 Hose 2.ldr
1 7 90 -168 -30 1 0 0 0 1 0 0 0 1 Hose 2.ldr
1 7 80 -152 0 0 0 -1 0 1 0 1 0 0 3020.dat
1 7 0 -152 0 0 0 -1 0 1 0 1 0 0 3020.dat
1 7 -40 -152 30 1 0 0 0 1 0 0 0 1 3023.dat
1 7 40 -152 30 1 0 0 0 1 0 0 0 1 3023.dat
1 7 40 -152 -30 1 0 0 0 1 0 0 0 1 3023.dat
1 7 -40 -152 -30 1 0 0 0 1 0 0 0 1 3023.dat
1 7 -50 -176 -10 0 0 1 0 1 0 -1 0 0 3063.dat
1 7 -50 -176 10 -1 0 0 0 1 0 0 0 -1 3063.dat
1 7 -30 -176 10 0 0 -1 0 1 0 1 0 0 3063.dat
1 7 -30 -176 -10 1 0 0 0 1 0 0 0 1 3063.dat
1 7 30 -176 -10 0 0 1 0 1 0 -1 0 0 3063.dat
1 7 30 -176 10 -1 0 0 0 1 0 0 0 -1 3063.dat
1 7 50 -176 10 0 0 -1 0 1 0 1 0 0 3063.dat
1 7 50 -176 -10 1 0 0 0 1 0 0 0 1 3063.dat
1 7 0 -184 10 -1 0 0 0 1 0 0 0 -1 4623.dat
1 7 0 -184 -10 1 0 0 0 1 0 0 0 1 4623.dat
1 0 0 -191 32 1 0 0 0 -1 0 0 0 -1 4740.dat
1 0 0 -191 -32 1 0 0 0 -1 0 0 0 -1 4740.dat
0
0 FILE 6940 Missle.ldr
0 6940 Missle
0 Name: 6940 Missle.ldr
0 Author: ClydeBum
0 Unofficial Model
0 ROTATION CENTER 0 0 0 1 "Custom" 
0 ROTATION CONFIG 0 0
1 0 0 0 0 1 0 0 0 1 0 0 0 1 3942b.dat
1 0 0 -64 0 0 0 1 1 0 0 0 1 0 3706.dat
1 15 0 -24 0 1 0 0 0 1 0 0 0 1 3941.dat
1 15 0 -48 0 1 0 0 0 1 0 0 0 1 3941.dat
1 0 0 -72 0 1 0 0 0 1 0 0 0 1 3941.dat
1 15 0 -96 0 1 0 0 0 1 0 0 0 1 3941.dat
1 15 0 -144 0 1 0 0 0 1 0 0 0 1 3942b.dat
1 0 0 -184 0 1 0 0 0 1 0 0 0 1 30002.dat
1 15 0 -203 0 1 0 0 0 1 0 0 0 1 4589.dat
1 36 0 -208 0 1 0 0 0 1 0 0 0 1 4740.dat
1 15 0 -216 0 1 0 0 0 1 0 0 0 1 4592.dat
1 15 0 -216 0 1 0 0 0 1 0 0 0 1 4593.dat
0
0 FILE Hose 2.ldr
0 Hose 2
0 Name: Hose 2.ldr
0 Author: ClydeBum
0 Unofficial Model
0 ROTATION CENTER 0 0 0 1 "Custom" 
0 ROTATION CONFIG 0 0
1 16 0 0 60 1 0 0 0 0.999915 -0.0130439 -0 0.0130439 0.999915 756.dat
1 16 0 -2.307 59.9699 1 0 0 0 0.99919 -0.0402414 -0 0.0402414 0.99919 756.dat
1 16 0 -4.645 59.8758 1 -6.00128e-015 -8.64053e-014 0 0.997597 -0.0692882 8.66134e-014 0.0692882 0.997597 756.dat
1 16 0 -7.007 59.7117 1 5.93519e-015 5.88712e-014 0 0.994956 -0.100308 -5.91696e-014 0.100308 0.994956 756.dat
1 16 0 -9.389 59.4715 1 0 0 0 0.991059 -0.133424 -0 0.133424 0.991059 756.dat
1 16 0 -11.785 59.1489 1 0 0 0 0.985658 -0.168754 -0 0.168754 0.985658 756.dat
1 16 0 -14.188 58.7375 1 5.78926e-015 2.74441e-014 0 0.978467 -0.206405 -2.80481e-014 0.206405 0.978467 756.dat
1 16 0 -16.59 58.2309 1 -5.75888e-015 -2.26452e-014 0 0.969152 -0.246464 2.3366e-014 0.246464 0.969152 756.dat
1 16 0 -18.982 57.6227 1 5.73794e-015 1.90079e-014 0 0.957332 -0.288991 -1.98551e-014 0.288991 0.957332 756.dat
1 16 0 -21.353 56.9069 1 0 0 0 0.942571 -0.334005 -0 0.334005 0.942571 756.dat
1 16 0 -23.692 56.0781 1 -1.14494e-014 -2.77442e-014 0 0.924381 -0.38147 3.00138e-014 0.38147 0.924381 756.dat
1 16 0 -25.986 55.1311 1 5.73225e-015 1.19919e-014 0 0.902222 -0.431272 -1.32915e-014 0.431272 0.902222 756.dat
1 16 0 -28.223 54.062 1 0 0 0 0.875507 -0.483205 -0 0.483205 0.875507 756.dat
1 16 0 -30.387 52.8675 1 0 0 0 0.843619 -0.536942 -0 0.536942 0.843619 756.dat
1 16 0 -32.463 51.5461 1 1.16147e-014 1.58116e-014 0 0.80593 -0.592012 -1.96191e-014 0.592012 0.80593 756.dat
1 16 0 -34.436 50.0974 1 -1.16946e-014 -1.37536e-014 0 0.761829 -0.647778 1.80535e-014 0.647778 0.761829 756.dat
1 16 0 -36.287 48.5231 1 0 0 0 0.71077 -0.703425 -0 0.703425 0.71077 756.dat
1 16 0 -38.001 46.8267 1 1.18835e-014 1.02275e-014 0 0.652319 -0.757944 -1.56786e-014 0.757944 0.652319 756.dat
1 16 0 -39.561 45.0139 1 -1.1985e-014 -8.67231e-015 0 0.586221 -0.810151 1.47936e-014 0.810151 0.586221 756.dat
1 16 0 -40.952 43.0927 1 -6.04265e-015 -3.60609e-015 0 0.512457 -0.858713 7.03687e-015 0.858713 0.512457 756.dat
1 16 0 -42.157 41.0732 1 0 0 0 0.431313 -0.902203 -0 0.902203 0.431313 756.dat
1 16 0 -43.163 38.9678 1 6.13113e-015 2.24189e-015 0 0.343419 -0.939182 -6.52815e-015 0.939182 0.343419 756.dat
1 16 0 -43.959 36.791 1 -6.16463e-015 -1.59015e-015 0 0.249772 -0.968305 6.36642e-015 0.968305 0.249772 756.dat
1 16 0 -44.535 34.5588 1 0 0 0 0.151717 -0.988424 -0 0.988424 0.151717 756.dat
1 16 0 -44.883 32.289 1 6.20036e-015 3.15933e-016 0 0.050888 -0.998704 -6.20841e-015 0.998704 0.050888 756.dat
1 16 0 -45 30 1 6.20036e-015 -3.15933e-016 0 -0.050888 -0.998704 -6.20841e-015 0.998704 -0.050888 756.dat
1 16 0 -44.883 27.711 1 -6.18819e-015 9.49849e-016 0 -0.151717 -0.988424 6.26067e-015 0.988424 -0.151717 756.dat
1 16 0 -44.535 25.4412 1 0 -0 0 -0.249772 -0.968305 -0 0.968305 -0.249772 756.dat
1 16 0 -43.959 23.209 1 6.13113e-015 -2.24189e-015 0 -0.343419 -0.939182 -6.52815e-015 0.939182 -0.343419 756.dat
1 16 0 -43.163 21.0322 1 -6.08969e-015 2.91127e-015 0 -0.431313 -0.902203 6.7498e-015 0.902203 -0.431313 756.dat
1 16 0 -42.157 18.9268 1 0 -0 0 -0.512457 -0.858713 -0 0.858713 -0.512457 756.dat
1 16 0 -40.952 16.9073 1 0 -0 0 -0.586221 -0.810151 -0 0.810151 -0.586221 756.dat
1 16 0 -39.561 14.9861 1 0 -0 0 -0.652319 -0.757944 -0 0.757944 -0.652319 756.dat
1 16 0 -38.001 13.1733 1 0 -0 0 -0.71077 -0.703425 -0 0.703425 -0.71077 756.dat
1 16 0 -36.287 11.4769 1 0 -0 0 -0.761829 -0.647778 -0 0.647778 -0.761829 756.dat
1 16 0 -34.436 9.9026 1 0 -0 0 -0.80593 -0.592012 -0 0.592012 -0.80593 756.dat
1 16 0 -32.463 8.4539 1 0 -0 0 -0.843619 -0.536942 -0 0.536942 -0.843619 756.dat
1 16 0 -30.387 7.1325 1 0 -0 0 -0.875507 -0.483205 -0 0.483205 -0.875507 756.dat
1 16 0 -28.223 5.938 1 0 -0 0 -0.902222 -0.431272 -0 0.431272 -0.902222 756.dat
1 16 0 -25.986 4.8689 1 0 -0 0 -0.924381 -0.38147 -0 0.38147 -0.924381 756.dat
1 16 0 -23.692 3.9219 1 0 -0 0 -0.942571 -0.334005 -0 0.334005 -0.942571 756.dat
1 16 0 -21.353 3.0931 1 0 -0 0 -0.957332 -0.288991 -0 0.288991 -0.957332 756.dat
1 16 0 -18.982 2.3773 1 0 -0 0 -0.969152 -0.246464 -0 0.246464 -0.969152 756.dat
1 16 0 -16.59 1.7691 1 0 -0 0 -0.978467 -0.206405 -0 0.206405 -0.978467 756.dat
1 16 0 -14.188 1.2625 1 0 -0 0 -0.985658 -0.168754 -0 0.168754 -0.985658 756.dat
1 16 0 -11.785 0.8511 1 0 -0 0 -0.991059 -0.133424 -0 0.133424 -0.991059 756.dat
1 16 0 -9.389 0.5285 1 0 -0 0 -0.994956 -0.100308 -0 0.100308 -0.994956 756.dat
1 16 0 -7.007 0.2883 1 -6.00128e-015 8.64053e-014 0 -0.997597 -0.0692882 8.66134e-014 0.0692882 -0.997597 756.dat
1 16 0 -4.645 0.1242 1 6.07566e-015 -1.50858e-013 0 -0.99919 -0.0402414 -1.5098e-013 0.0402414 -0.99919 756.dat
1 16 0 -2.307 0.0301 1 0 -0 0 -0.999915 -0.0130439 -0 0.0130439 -0.999915 756.dat
0
0 FILE sp004 Space Blue.ldr
0 sp004 Space Blue
0 Name: sp004 Space Blue.ldr
0 Author: ClydeBum
0 Unofficial Model
0 ROTATION CENTER 0 0 0 1 "Custom" 
0 ROTATION CONFIG 0 0
1 1 0 -27 0 1 0 0 0 1 0 0 0 1 3842a.dat
1 14 0 -27 0 1 0 0 0 1 0 0 0 1 3626bp01.dat
1 1 0 -2 0 1 0 0 0 1 0 0 0 1 3838.dat
1 1 0 0 0 1 0 0 0 1 0 0 0 1 973p90.dat
1 1 0 32 0 1 0 0 0 1 0 0 0 1 3815.dat
1 1 -15.552 9 0 0.985 -0.17 0 0.17 0.985 0 0 0 1 3818.dat
1 1 15.552 9 0 0.985 0.17 0 -0.17 0.985 0 0 0 1 3819.dat
1 1 -23.8634 26.5956 -10.321 0.985 -0.12019 0.12019 0.17 0.696395 -0.696395 0 0.707 0.707 3820.dat
1 1 23.8634 26.5956 -10.321 0.985 0.12019 -0.12019 -0.17 0.696395 -0.696395 0 0.707 0.707 3820.dat
1 1 0 44 0 1 0 0 0 1 0 0 0 1 3816.dat
1 1 0 44 0 1 0 0 0 1 0 0 0 1 3817.dat
0 
0 
0 
0 
0
0
