0 6956 Stellar Recon Voyager
0 Name: 6956_Stellar_Recon_Voyager.ldr
0 Author: LEGO
0 bassfoundation@yahoo.com
0 ROTATION CENTER 0 0 0 1 "Custom" 
0 ROTATION CONFIG 0 0
1 4 0 0 0 1 0 0 0 1 0 0 0 1 3832.dat
1 0 0 0 260 1 0 0 0 1 0 0 0 1 3035.dat
1 4 0 0 160 1 0 0 0 1 0 0 0 1 3795.dat
1 4 0 0 -160 1 0 0 0 1 0 0 0 1 3795.dat
1 4 0 0 -130 1 0 0 0 1 0 0 0 1 3023.dat
1 0 -80 -8 -80 1 0 0 0 1 0 0 0 1 3934.dat
1 0 80 -8 80 -1 0 0 0 1 0 0 0 -1 3934.dat
1 4 60 -8 200 0 0 -1 0 1 0 1 0 0 3020.dat
1 0 -80 -8 80 -1 0 0 0 1 0 0 0 -1 3933.dat
1 0 80 -8 -80 1 0 0 0 1 0 0 0 1 3933.dat
1 4 -60 -8 200 0 0 -1 0 1 0 1 0 0 3020.dat
1 4 0 -8 -150 0 0 -1 0 1 0 1 0 0 3021.dat
1 4 0 -8 120 0 0 -1 0 1 0 1 0 0 2445.dat
1 0 0 -8 260 1 0 0 0 1 0 0 0 1 4282.dat
1 0 40 -8 -220 0 0 1 0 1 0 -1 0 0 3795.dat
1 0 -40 -8 -220 0 0 1 0 1 0 -1 0 0 3795.dat
1 4 0 -8 300 -1 0 0 0 1 0 0 0 -1 3034.dat
1 0 0 -16 260 -1 0 0 0 1 0 0 0 -1 3035.dat
1 0 0 -16 180 -1 0 0 0 1 0 0 0 -1 3035.dat
1 0 0 -16 -20 0 0 -1 0 1 0 1 0 0 3027.dat
1 4 70 -16 0 0 0 -1 0 1 0 1 0 0 3023.dat
1 4 -70 -16 0 0 0 -1 0 1 0 1 0 0 3023.dat
1 4 -90 -16 0 0 0 -1 0 1 0 1 0 0 2412b.dat
1 4 90 -16 0 0 0 -1 0 1 0 1 0 0 2412b.dat
1 0 120 0 260 1 0 0 0 1 0 0 0 1 3020.dat
1 0 -120 0 260 1 0 0 0 1 0 0 0 1 3020.dat
1 0 -40 8 -160 1 0 0 0 1 0 0 0 1 4229.dat
1 0 40 8 -160 1 0 0 0 1 0 0 0 1 4229.dat
1 0 -60 8 0 1 0 0 0 1 0 0 0 1 4229.dat
1 0 60 8 0 1 0 0 0 1 0 0 0 1 4229.dat
1 0 0 8 160 1 0 0 0 1 0 0 0 1 4229.dat
1 0 -140 8 260 1 0 0 0 1 0 0 0 1 4229.dat
1 0 -80 8 260 1 0 0 0 1 0 0 0 1 4229.dat
1 0 80 8 260 1 0 0 0 1 0 0 0 1 4229.dat
1 0 140 8 260 1 0 0 0 1 0 0 0 1 4229.dat
1 0 0 8 -150 0 0 1 0 1 0 -1 0 0 3002.dat
1 0 0 32 -150 0 0 1 0 1 0 -1 0 0 3021.dat
1 0 0 40 -180 0 0 1 0 1 0 -1 0 0 3795.dat
1 15 0 32 -230 -1 0 0 0 1 0 0 0 -1 3069bp13.dat
1 0 50 -40 -180 0 0 1 0 1 0 -1 0 0 2744.dat
1 0 -50 -40 -180 0 0 1 0 1 0 -1 0 0 2744.dat
1 0 0 -24 -90 1 0 0 0 1 0 0 0 1 3829c01.dat
1 0 130 -32 260 0 0 1 0 1 0 -1 0 0 3298.dat
1 0 -130 -32 260 0 0 -1 0 1 0 1 0 0 3298.dat
1 0 150 -32 260 0 0 -1 0 1 0 1 0 0 3747b.dat
1 0 -150 -32 260 0 0 1 0 1 0 -1 0 0 3747b.dat
1 0 0 -40 240 0 0 1 0 1 0 -1 0 0 3001.dat
1 0 0 -40 140 0 0 1 0 1 0 -1 0 0 3003.dat
1 4 0 -40 -160 0 0 1 0 1 0 -1 0 0 4730.dat
1 4 10 -40 -130 1 0 0 0 1 0 0 0 1 2357.dat
1 4 -10 -40 -130 0 0 -1 0 1 0 1 0 0 2357.dat
1 4 50 -40 20 0 0 -1 0 1 0 1 0 0 2465.dat
1 4 -50 -40 20 0 0 -1 0 1 0 1 0 0 2465.dat
1 0 70 -40 0 0 0 -1 0 1 0 1 0 0 2458.dat
1 0 -70 -40 0 0 0 1 0 1 0 -1 0 0 2458.dat
1 0 0 -16 310 -1 0 0 0 1 0 0 0 -1 3710.dat
1 0 -70 -16 310 1 0 0 0 1 0 0 0 1 2420.dat
1 0 70 -16 310 0 0 -1 0 1 0 1 0 0 2420.dat
1 0 50 -16 -270 0 0 -1 0 1 0 1 0 0 6019.dat
1 0 -50 -16 -270 0 0 1 0 1 0 -1 0 0 6019.dat
1 4 0 -48 -150 0 0 -1 0 1 0 1 0 0 3021.dat
1 0 30 -48 -130 0 0 -1 0 1 0 1 0 0 3070b.dat
1 0 -30 -48 -130 0 0 -1 0 1 0 1 0 0 3070b.dat
1 15 0 -48 -110 -1 0 0 0 1 0 0 0 -1 3069bp68.dat
1 42 60 -29 -160 0 1 0 1 0 0 0 0 -1 4073.dat
1 42 -60 -29 -160 0 -1 0 -1 0 0 0 0 -1 4073.dat
1 4 0 -46 290 1 0 0 0 1 0 0 0 1 3324d.dat
1 4 0 -56 130 1 0 0 0 1 0 0 0 1 3023.dat
1 4 0 -64 130 1 0 0 0 1 0 0 0 1 3023.dat
1 4 50 -64 30 0 0 -1 0 1 0 1 0 0 4070.dat
1 4 -50 -64 30 0 0 1 0 1 0 -1 0 0 4070.dat
1 4 50 -64 140 0 0 1 0 1 0 -1 0 0 3010.dat
1 4 -50 -64 0 0 0 1 0 1 0 -1 0 0 3039p68.dat
1 4 50 -64 0 0 0 -1 0 1 0 1 0 0 3039p68.dat
1 4 -50 -64 140 0 0 1 0 1 0 -1 0 0 3010.dat
1 4 0 -46.063 289.366 1 0 0 0 0.5 0.866025 0 -0.866025 0.5 314d.dat
1 4 0 -119.723 396.95 1 0 0 0 0.5 0.866025 0 -0.866025 0.5 4476.dat
1 0 200 -152 260 0 0 1 0 1 0 -1 0 0 4476.dat
1 0 -200 -152 260 0 0 -1 0 1 0 1 0 0 4476.dat
1 4 -200 -160 260 0 0 -1 0 1 0 1 0 0 3022.dat
1 4 200 -160 260 0 0 -1 0 1 0 1 0 0 3022.dat
1 4 0 -131.723 417.735 0 0 -1 0.866025 0.5 0 0.5 -0.866025 0 4730.dat
1 4 0 -56 -160 1 0 0 0 1 0 0 0 1 4859.dat
1 4 50 -64 -140 0 0 1 0 1 0 -1 0 0 3633.dat
1 4 50 -64 -60 0 0 1 0 1 0 -1 0 0 3633.dat
1 4 -50 -64 -140 0 0 -1 0 1 0 1 0 0 3633.dat
1 4 -50 -64 -60 0 0 -1 0 1 0 1 0 0 3633.dat
1 4 90 -40 0 0 0 -1 0 1 0 1 0 0 2607.dat
1 4 -90 -40 0 0 0 1 0 1 0 -1 0 0 2607.dat
1 4 0 -40 -190 1 0 0 0 1 0 0 0 1 2607.dat
1 0 -116 -31 0 0 1 0 0 0 -1 -1 0 0 2959c01.dat
1 0 -116 -31 0 0 1 0 0 0 -1 -1 0 0 2959.dat
1 0 116 -31 0 0 1 0 0 0 -1 -1 0 0 2959c01.dat
1 0 116 -31 0 0 1 0 0 0 -1 -1 0 0 2959.dat
1 0 0 -31 -216 -1 0 0 0 -1 0 0 0 1 2959c01.dat
1 0 0 -31 -216 -1 0 0 0 -1 0 0 0 1 2959.dat
1 4 50 -88 30 1 0 0 0 1 0 0 0 1 4286.dat
1 4 -50 -88 30 1 0 0 0 1 0 0 0 1 4286.dat
1 0 -50 -88 90 -1 0 0 0 1 0 0 0 -1 3189.dat
1 0 50 -88 90 -1 0 0 0 1 0 0 0 -1 3188.dat
1 4 0 -88 110 -1 0 0 0 1 0 0 0 -1 3009.dat
1 4 -50 -88 150 0 0 -1 0 1 0 1 0 0 3622.dat
1 4 50 -88 150 0 0 -1 0 1 0 1 0 0 3622.dat
1 4 0 -96 110 1 0 0 0 1 0 0 0 1 3710.dat
1 4 0 -104 110 1 0 0 0 1 0 0 0 1 3710.dat
1 4 0 -112 110 1 0 0 0 1 0 0 0 1 4315.dat
1 42 0 -108 96 1 0 0 0 1 0 0 0 1 2337.dat
1 42 0 -108 16 1 0 0 0 1 0 0 0 1 2507.dat
1 4 50 -112 100 0 0 1 0 1 0 -1 0 0 3008.dat
1 4 -50 -112 100 0 0 1 0 1 0 -1 0 0 3008.dat
1 0 0 -144.383 419.663 1 0 0 0 0.5 0.866025 0 -0.866025 0.5 3839b.dat
1 0 0 -127.062 429.663 -1 0 0 0 0.5 -0.866025 0 -0.866025 -0.5 3839b.dat
1 7 90 -60 4 1 0 0 0 0 1 0 -1 0 4599.dat
1 7 -90 -60 4 1 0 0 0 0 1 0 -1 0 4599.dat
1 0 -200 -140 280 -1 0 0 0 0 1 0 1 0 3956.dat
1 0 200 -140 280 -1 0 0 0 0 1 0 1 0 3956.dat
1 7 200 -140 288 -1 0 0 0 0 1 0 1 0 4591.dat
1 7 -200 -140 288 -1 0 0 0 0 1 0 1 0 4591.dat
1 42 -200 -140 337 -1 0 0 0 0 1 0 1 0 4589.dat
1 42 200 -140 337 -1 0 0 0 0 1 0 1 0 4589.dat
1 4 -70 -160 220 0 0 1 0 1 0 -1 0 0 4741.dat
1 4 -70 -160 300 0 0 1 0 1 0 -1 0 0 4741.dat
1 4 70 -160 220 0 0 -1 0 1 0 1 0 0 4741.dat
1 4 70 -160 300 0 0 -1 0 1 0 1 0 0 4741.dat
1 4 0 -136 160 1 0 0 0 1 0 0 0 1 2456.dat
1 4 0 -136 120 1 0 0 0 1 0 0 0 1 2456.dat
1 42 -26 -153.507 407.467 1 0 0 0 -0.866025 0.5 0 -0.5 -0.866025 4589.dat
1 42 26 -153.507 407.467 1 0 0 0 -0.866025 0.5 0 -0.5 -0.866025 4589.dat
1 7 110 -95 -12 0.866025 0 0.5 0.5 0 -0.866025 0 1 0 4735.dat
1 7 -110 -95 -12 0.866025 0 -0.5 -0.5 0 -0.866025 0 1 0 4735.dat
1 42 -116 1 0 0 0 1 0 1 0 -1 0 0 magnet box.ldr
1 42 116 1 0 0 0 -1 0 1 0 1 0 0 magnet box.ldr
1 42 90 -60 -20 0 0 -1 1 0 0 0 -1 0 4740.dat
1 42 -90 -60 -20 0 0 -1 1 0 0 0 -1 0 4740.dat
1 42 -110 -95 4 0 0 1 1 0 0 0 1 0 4073.dat
1 42 110 -95 4 0 0 1 1 0 0 0 1 0 4073.dat
1 4 0 -105.741 432.735 -1 0 0 0 0.5 -0.866025 0 -0.866025 -0.5 2607.dat
1 42 0 -109.242 438.797 -1 0 0 0 0.5 -0.866025 0 -0.866025 -0.5 4073.dat
1 0 0 -77.859 438.44 -1 0 0 0 0 -1 0 -1 0 2959c01.dat
1 0 0 -77.859 438 -1 0 0 0 0 -1 0 -1 0 2959.dat
1 4 0 -160 170 1 0 0 0 1 0 0 0 1 3939p68.dat
1 0 70 -160 170 1 0 0 0 1 0 0 0 1 4737.dat
1 0 -70 -160 170 0 0 1 0 1 0 -1 0 0 4737.dat
1 0 0 -168 210 -1 0 0 0 1 0 0 0 -1 3460.dat
1 0 0 -168 180 -1 0 0 0 1 0 0 0 -1 3034.dat
1 0 60 -168 280 0 0 -1 0 1 0 1 0 0 3795.dat
1 0 -60 -168 280 0 0 -1 0 1 0 1 0 0 3795.dat
1 4 -50 -144 110 1 0 0 0 1 0 0 0 1 4085a.dat
1 4 50 -144 110 1 0 0 0 1 0 0 0 1 4085a.dat
1 0 40 -176 240 0 0 1 0 1 0 -1 0 0 3795.dat
1 0 -40 -176 240 0 0 1 0 1 0 -1 0 0 3795.dat
1 0 60 -176 320 0 0 1 0 1 0 -1 0 0 3176.dat
1 0 -60 -176 320 0 0 -1 0 1 0 1 0 0 3176.dat
1 0 -180 -176 250 1 0 0 0 1 0 0 0 1 3585.dat
1 0 180 -176 250 1 0 0 0 1 0 0 0 1 3586.dat
1 0 0 -184 190 1 0 0 0 1 0 0 0 1 3460.dat
1 4 -200 -184 280 1 0 0 0 1 0 0 0 1 3068bp68.dat
1 4 200 -184 280 1 0 0 0 1 0 0 0 1 3068bp68.dat
1 0 -70 -248 340 1 0 0 0 1 0 0 0 1 2340.dat
1 0 70 -248 340 1 0 0 0 1 0 0 0 1 2340.dat
1 7 70 -256 340 0 0 1 0 1 0 -1 0 0 3475b.dat
1 7 -70 -256 340 0 0 -1 0 1 0 1 0 0 3475b.dat
1 0 0 -264 340 1 0 0 0 1 0 0 0 1 3034.dat
1 7 30 -192 170 1 0 0 0 1 0 0 0 1 3963.dat
1 7 -30 -192 170 1 0 0 0 1 0 0 0 1 3963.dat
1 7 50 -202 190 1 0 0 0 1 0 0 0 1 752.dat
1 7 70 -194 250 1 0 0 0 1 0 0 0 1 752.dat
0 MLCAD FLEXHOSE 7 0 0 0 1 0 0 0 1 0 0 0 1  50 -202 190  0 80 0 70 -194 250 0 80 0 50 756.dat 754.dat 0
0 MLCAD SKIP_BEGIN
1 7 50 -202 190 -0.948683 -0.00292005 -0.316214 0 0.999957 -0.00923401 0.316228 -0.00876016 -0.948643 756.dat
1 7 50.008 -204.754 190.024 -0.948683 -0.00903405 -0.316099 0 0.999592 -0.0285682 0.316228 -0.0271022 -0.948296 754.dat
1 7 50.0334 -207.557 190.1 -0.948683 -0.0156219 -0.315842 0 0.998779 -0.0494007 0.316228 -0.0468656 -0.947525 754.dat
1 7 50.078 -210.408 190.234 -0.948683 -0.0227367 -0.315409 0 0.997412 -0.0718998 0.316228 -0.0682102 -0.946228 754.dat
1 7 50.144 -213.303 190.432 -0.948683 -0.0304391 -0.314759 0 0.995357 -0.0962569 0.316228 -0.0913173 -0.944278 754.dat
1 7 50.2337 -216.238 190.701 -0.948683 -0.0387978 -0.313839 0 0.992445 -0.122689 0.316228 -0.116393 -0.941516 754.dat
1 7 50.3498 -219.208 191.049 -0.948683 -0.0478908 -0.31258 0 0.988466 -0.151444 0.316228 -0.143672 -0.937741 754.dat
1 7 50.495 -222.204 191.485 -0.948683 -0.0578062 -0.310899 0 0.98315 -0.182799 0.316228 -0.173418 -0.932698 754.dat
1 7 50.6722 -225.219 192.017 -0.948683 -0.0686425 -0.308688 0 0.976157 -0.217066 0.316228 -0.205927 -0.926064 754.dat
1 7 50.8848 -228.241 192.654 -0.948683 -0.0805087 -0.305808 0 0.967049 -0.254591 0.316228 -0.241526 -0.917423 754.dat
1 7 51.1359 -231.258 193.408 -0.948683 -0.0935229 -0.302082 0 0.955267 -0.295745 0.316228 -0.280569 -0.906246 754.dat
1 7 51.4291 -234.252 194.287 -0.948683 -0.107808 -0.297283 0 0.940093 -0.340918 0.316228 -0.323423 -0.89185 754.dat
1 7 51.7678 -237.206 195.303 -0.948683 -0.123484 -0.291122 0 0.920607 -0.390489 0.316228 -0.370451 -0.873365 754.dat
1 7 52.1553 -240.095 196.466 -0.948683 -0.140653 -0.283226 0 0.895639 -0.444782 0.316228 -0.421958 -0.849677 754.dat
1 7 52.5946 -242.892 197.784 -0.948683 -0.159374 -0.27313 0 0.863712 -0.503986 0.316228 -0.478123 -0.819389 754.dat
1 7 53.0884 -245.568 199.265 -0.948683 -0.179625 -0.260259 0 0.823012 -0.568024 0.316228 -0.538875 -0.780778 754.dat
1 7 53.6382 -248.087 200.915 -0.948683 -0.201236 -0.243935 0 0.771389 -0.636364 0.316228 -0.603708 -0.731804 754.dat
1 7 54.2446 -250.412 202.734 -0.948683 -0.22381 -0.223403 0 0.706463 -0.70775 0.316228 -0.671431 -0.670209 754.dat
1 7 54.9065 -252.501 204.72 -0.948683 -0.246626 -0.197928 0 0.625903 -0.779901 0.316228 -0.739879 -0.593784 754.dat
1 7 55.6212 -254.315 206.864 -0.948683 -0.268561 -0.166958 0 0.527969 -0.849264 0.316228 -0.805682 -0.500875 754.dat
1 7 56.3836 -255.814 209.151 -0.948683 -0.288098 -0.130381 0 0.412302 -0.911047 0.316228 -0.864295 -0.391144 754.dat
1 7 57.1865 -256.963 211.559 -0.948683 -0.303506 -0.0887924 0 0.280786 -0.95977 0.316228 -0.910518 -0.266377 754.dat
1 7 58.0208 -257.735 214.062 -0.948683 -0.313202 -0.0436415 0 0.138006 -0.990431 0.316228 -0.939606 -0.130924 754.dat
1 7 58.8756 -258.111 216.627 -0.948683 -0.316214 0.0029138 0 -0.00921423 -0.999958 0.316228 -0.948643 0.00874139 754.dat
1 7 59.7392 -258.086 219.218 -0.948683 -0.312492 0.0484654 0 -0.153261 -0.988186 0.316228 -0.937475 0.145396 754.dat
1 7 60.5996 -257.664 221.799 -0.948683 -0.302875 0.0909224 0 -0.287522 -0.957774 0.316228 -0.908624 0.272767 754.dat
1 7 61.4453 -256.861 224.336 -0.948683 -0.288763 0.128903 0 -0.407626 -0.913149 0.316228 -0.866289 0.386708 754.dat
1 7 62.2664 -255.702 226.799 -0.948683 -0.271693 0.161812 0 -0.511695 -0.859167 0.316228 -0.815078 0.485436 754.dat
1 7 63.0541 -254.219 229.162 -0.948683 -0.253022 0.189683 0 -0.599831 -0.800127 0.316228 -0.759067 0.569049 754.dat
1 7 63.802 -252.446 231.406 -0.948683 -0.233794 0.212933 0 -0.673352 -0.739322 0.316228 -0.701382 0.638798 754.dat
1 7 64.5054 -250.42 233.516 -0.948683 -0.214724 0.23215 0 -0.734122 -0.679018 0.316228 -0.644173 0.696449 754.dat
1 7 65.1612 -248.178 235.484 -0.948683 -0.196262 0.247954 0 -0.7841 -0.620635 0.316228 -0.588786 0.743863 754.dat
1 7 65.7679 -245.754 237.304 -0.948683 -0.178659 0.260923 0 -0.825111 -0.564971 0.316228 -0.535978 0.782769 754.dat
1 7 66.3253 -243.18 238.976 -0.948683 -0.162038 0.271558 0 -0.858742 -0.512409 0.316228 -0.486114 0.814674 754.dat
1 7 66.834 -240.484 240.502 -0.948683 -0.146434 0.28028 0 -0.886324 -0.463066 0.316228 -0.439303 0.840841 754.dat
1 7 67.2952 -237.692 241.886 -0.948683 -0.131835 0.287436 0 -0.908953 -0.416899 0.316228 -0.395505 0.862308 754.dat
1 7 67.7108 -234.827 243.132 -0.948683 -0.118199 0.293307 0 -0.927519 -0.373777 0.316228 -0.354596 0.879921 754.dat
1 7 68.083 -231.906 244.249 -0.948683 -0.105469 0.298121 0 -0.942742 -0.333522 0.316228 -0.316407 0.894364 754.dat
1 7 68.4139 -228.948 245.242 -0.948683 -0.0935835 0.302063 0 -0.955207 -0.295937 0.316228 -0.280751 0.906189 754.dat
1 7 68.7061 -225.966 246.118 -0.948683 -0.0824795 0.305282 0 -0.965387 -0.260823 0.316228 -0.247438 0.915846 754.dat
1 7 68.9619 -222.972 246.886 -0.948683 -0.0720956 0.3079 0 -0.973664 -0.227986 0.316228 -0.216287 0.923699 754.dat
1 7 69.1837 -219.976 247.551 -0.948683 -0.0623743 0.310015 0 -0.980354 -0.197245 0.316228 -0.187123 0.930046 754.dat
1 7 69.3739 -216.988 248.122 -0.948683 -0.053262 0.31171 0 -0.985714 -0.168429 0.316228 -0.159786 0.93513 754.dat
1 7 69.5346 -214.013 248.604 -0.948683 -0.0447094 0.313051 0 -0.989955 -0.141383 0.316228 -0.134128 0.939154 754.dat
1 7 69.668 -211.059 249.004 -0.948683 -0.0366717 0.314094 0 -0.993253 -0.115966 0.316228 -0.110015 0.942283 754.dat
1 7 69.7761 -208.131 249.328 -0.948683 -0.029108 0.314885 0 -0.995755 -0.0920474 0.316228 -0.0873239 0.944656 754.dat
1 7 69.8608 -205.232 249.582 -0.948683 -0.0219812 0.315463 0 -0.997581 -0.0695106 0.316228 -0.0659436 0.946389 754.dat
1 7 69.924 -202.367 249.772 -0.948683 -0.0152577 0.315859 0 -0.998835 -0.0482492 0.316228 -0.0457732 0.947578 754.dat
1 7 69.9672 -199.539 249.901 -0.948683 -0.00890707 0.316102 0 -0.999603 -0.0281666 0.316228 -0.0267212 0.948307 754.dat
1 7 69.992 -196.749 249.976 -0.948683 -0.00290151 0.316214 0 -0.999958 -0.00917538 0.316228 -0.00870453 0.948643 754.dat
0 MLCAD SKIP_END
1 7 -70 -194 250 1 0 0 0 1 0 0 0 1 752.dat
1 7 -50 -202 190 1 0 0 0 1 0 0 0 1 752.dat
0 MLCAD FLEXHOSE 7 0 0 0 1 0 0 0 1 0 0 0 1  -50 -202 190  0 80 0 -70 -194 250 0 80 0 50 756.dat 754.dat 0
0 MLCAD SKIP_BEGIN
1 7 -50 -202 190 -0.948683 0.00292005 0.316214 0 0.999957 -0.00923401 -0.316228 -0.00876016 -0.948643 756.dat
1 7 -50.008 -204.754 190.024 -0.948683 0.00903405 0.316099 0 0.999592 -0.0285682 -0.316228 -0.0271022 -0.948296 754.dat
1 7 -50.0334 -207.557 190.1 -0.948683 0.0156219 0.315842 0 0.998779 -0.0494007 -0.316228 -0.0468656 -0.947525 754.dat
1 7 -50.078 -210.408 190.234 -0.948683 0.0227367 0.315409 0 0.997412 -0.0718998 -0.316228 -0.0682102 -0.946228 754.dat
1 7 -50.144 -213.303 190.432 -0.948683 0.0304391 0.314759 0 0.995357 -0.0962569 -0.316228 -0.0913173 -0.944278 754.dat
1 7 -50.2337 -216.238 190.701 -0.948683 0.0387978 0.313839 0 0.992445 -0.122689 -0.316228 -0.116393 -0.941516 754.dat
1 7 -50.3498 -219.208 191.049 -0.948683 0.0478908 0.31258 0 0.988466 -0.151444 -0.316228 -0.143672 -0.937741 754.dat
1 7 -50.495 -222.204 191.485 -0.948683 0.0578062 0.310899 0 0.98315 -0.182799 -0.316228 -0.173418 -0.932698 754.dat
1 7 -50.6722 -225.219 192.017 -0.948683 0.0686425 0.308688 0 0.976157 -0.217066 -0.316228 -0.205927 -0.926064 754.dat
1 7 -50.8848 -228.241 192.654 -0.948683 0.0805087 0.305808 0 0.967049 -0.254591 -0.316228 -0.241526 -0.917423 754.dat
1 7 -51.1359 -231.258 193.408 -0.948683 0.0935229 0.302082 0 0.955267 -0.295745 -0.316228 -0.280569 -0.906246 754.dat
1 7 -51.4291 -234.252 194.287 -0.948683 0.107808 0.297283 0 0.940093 -0.340918 -0.316228 -0.323423 -0.89185 754.dat
1 7 -51.7678 -237.206 195.303 -0.948683 0.123484 0.291122 0 0.920607 -0.390489 -0.316228 -0.370451 -0.873365 754.dat
1 7 -52.1553 -240.095 196.466 -0.948683 0.140653 0.283226 0 0.895639 -0.444782 -0.316228 -0.421958 -0.849677 754.dat
1 7 -52.5946 -242.892 197.784 -0.948683 0.159374 0.27313 0 0.863712 -0.503986 -0.316228 -0.478123 -0.819389 754.dat
1 7 -53.0884 -245.568 199.265 -0.948683 0.179625 0.260259 0 0.823012 -0.568024 -0.316228 -0.538875 -0.780778 754.dat
1 7 -53.6382 -248.087 200.915 -0.948683 0.201236 0.243935 0 0.771389 -0.636364 -0.316228 -0.603708 -0.731804 754.dat
1 7 -54.2446 -250.412 202.734 -0.948683 0.22381 0.223403 0 0.706463 -0.70775 -0.316228 -0.671431 -0.670209 754.dat
1 7 -54.9065 -252.501 204.72 -0.948683 0.246626 0.197928 0 0.625903 -0.779901 -0.316228 -0.739879 -0.593784 754.dat
1 7 -55.6212 -254.315 206.864 -0.948683 0.268561 0.166958 0 0.527969 -0.849264 -0.316228 -0.805682 -0.500875 754.dat
1 7 -56.3836 -255.814 209.151 -0.948683 0.288098 0.130381 0 0.412302 -0.911047 -0.316228 -0.864295 -0.391144 754.dat
1 7 -57.1865 -256.963 211.559 -0.948683 0.303506 0.0887924 0 0.280786 -0.95977 -0.316228 -0.910518 -0.266377 754.dat
1 7 -58.0208 -257.735 214.062 -0.948683 0.313202 0.0436415 0 0.138006 -0.990431 -0.316228 -0.939606 -0.130924 754.dat
1 7 -58.8756 -258.111 216.627 -0.948683 0.316214 -0.0029138 0 -0.00921423 -0.999958 -0.316228 -0.948643 0.00874139 754.dat
1 7 -59.7392 -258.086 219.218 -0.948683 0.312492 -0.0484654 0 -0.153261 -0.988186 -0.316228 -0.937475 0.145396 754.dat
1 7 -60.5996 -257.664 221.799 -0.948683 0.302875 -0.0909224 0 -0.287522 -0.957774 -0.316228 -0.908624 0.272767 754.dat
1 7 -61.4453 -256.861 224.336 -0.948683 0.288763 -0.128903 0 -0.407626 -0.913149 -0.316228 -0.866289 0.386708 754.dat
1 7 -62.2664 -255.702 226.799 -0.948683 0.271693 -0.161812 0 -0.511695 -0.859167 -0.316228 -0.815078 0.485436 754.dat
1 7 -63.0541 -254.219 229.162 -0.948683 0.253022 -0.189683 0 -0.599831 -0.800127 -0.316228 -0.759067 0.569049 754.dat
1 7 -63.802 -252.446 231.406 -0.948683 0.233794 -0.212933 0 -0.673352 -0.739322 -0.316228 -0.701382 0.638798 754.dat
1 7 -64.5054 -250.42 233.516 -0.948683 0.214724 -0.23215 0 -0.734122 -0.679018 -0.316228 -0.644173 0.696449 754.dat
1 7 -65.1612 -248.178 235.484 -0.948683 0.196262 -0.247954 0 -0.7841 -0.620635 -0.316228 -0.588786 0.743863 754.dat
1 7 -65.7679 -245.754 237.304 -0.948683 0.178659 -0.260923 0 -0.825111 -0.564971 -0.316228 -0.535978 0.782769 754.dat
1 7 -66.3253 -243.18 238.976 -0.948683 0.162038 -0.271558 0 -0.858742 -0.512409 -0.316228 -0.486114 0.814674 754.dat
1 7 -66.834 -240.484 240.502 -0.948683 0.146434 -0.28028 0 -0.886324 -0.463066 -0.316228 -0.439303 0.840841 754.dat
1 7 -67.2952 -237.692 241.886 -0.948683 0.131835 -0.287436 0 -0.908953 -0.416899 -0.316228 -0.395505 0.862308 754.dat
1 7 -67.7108 -234.827 243.132 -0.948683 0.118199 -0.293307 0 -0.927519 -0.373777 -0.316228 -0.354596 0.879921 754.dat
1 7 -68.083 -231.906 244.249 -0.948683 0.105469 -0.298121 0 -0.942742 -0.333522 -0.316228 -0.316407 0.894364 754.dat
1 7 -68.4139 -228.948 245.242 -0.948683 0.0935835 -0.302063 0 -0.955207 -0.295937 -0.316228 -0.280751 0.906189 754.dat
1 7 -68.7061 -225.966 246.118 -0.948683 0.0824795 -0.305282 0 -0.965387 -0.260823 -0.316228 -0.247438 0.915846 754.dat
1 7 -68.9619 -222.972 246.886 -0.948683 0.0720956 -0.3079 0 -0.973664 -0.227986 -0.316228 -0.216287 0.923699 754.dat
1 7 -69.1837 -219.976 247.551 -0.948683 0.0623743 -0.310015 0 -0.980354 -0.197245 -0.316228 -0.187123 0.930046 754.dat
1 7 -69.3739 -216.988 248.122 -0.948683 0.053262 -0.31171 0 -0.985714 -0.168429 -0.316228 -0.159786 0.93513 754.dat
1 7 -69.5346 -214.013 248.604 -0.948683 0.0447094 -0.313051 0 -0.989955 -0.141383 -0.316228 -0.134128 0.939154 754.dat
1 7 -69.668 -211.059 249.004 -0.948683 0.0366717 -0.314094 0 -0.993253 -0.115966 -0.316228 -0.110015 0.942283 754.dat
1 7 -69.7761 -208.131 249.328 -0.948683 0.029108 -0.314885 0 -0.995755 -0.0920474 -0.316228 -0.0873239 0.944656 754.dat
1 7 -69.8608 -205.232 249.582 -0.948683 0.0219812 -0.315463 0 -0.997581 -0.0695106 -0.316228 -0.0659436 0.946389 754.dat
1 7 -69.924 -202.367 249.772 -0.948683 0.0152577 -0.315859 0 -0.998835 -0.0482492 -0.316228 -0.0457732 0.947578 754.dat
1 7 -69.9672 -199.539 249.901 -0.948683 0.00890707 -0.316102 0 -0.999603 -0.0281666 -0.316228 -0.0267212 0.948307 754.dat
1 7 -69.992 -196.749 249.976 -0.948683 0.00290151 -0.316214 0 -0.999958 -0.00917538 -0.316228 -0.00870453 0.948643 754.dat
0 MLCAD SKIP_END
1 42 70 -192 190 1 0 0 0 1 0 0 0 1 4073.dat
1 42 -70 -192 190 1 0 0 0 1 0 0 0 1 4073.dat
1 42 50 -120 90 1 0 0 0 1 0 0 0 1 2569.dat
1 42 -50 -120 90 1 0 0 0 1 0 0 0 1 2569.dat
1 42 70 -15 -266 1 0 0 0 0 -1 0 1 0 2569.dat
1 42 -70 -15 -266 1 0 0 0 0 -1 0 1 0 2569.dat
1 42 0 13 -293 1 0 0 0 1 0 0 0 1 6956_rover.ldr
1 42 100 -252 299 -1 0 0 0 0 -1 0 -1 0 3960.dat
1 42 -100 -252 299 -1 0 0 0 0 -1 0 -1 0 3960.dat
1 42 100 -252 381 1 0 0 0 0 -1 0 1 0 4588.dat
1 42 -100 -252 381 1 0 0 0 0 -1 0 1 0 4588.dat
1 4 0 -37 28 1 0 0 0 1 0 0 0 1 fig_mtron.ldr
1 4 0 -37 -52 1 0 0 0 1 0 0 0 1 fig_mtron.ldr
1 4 0 32 439 1 0 0 0 1 0 0 0 1 6956_container.ldr
0
