0 FILE 6979 Interstellar Starfighter.L3B.ldr
0 Name: 6979 Interstellar Starfighter.L3B.ldr
0 Author: LEGO Digital Designer 4.3

0 ROTATION CENTER 0 0 0 1 "Custom" 
0 ROTATION CONFIG 0 0
1 42 517 -216 269 0 0 1 0 1 0 -1 0 0 2418b.dat
1 0 467 -112 269 0 0 1 0 1 0 -1 0 0 2419.dat
1 7 27 -144 269 0 0 1 0 1 0 -1 0 0 2419.dat
1 7 87 -160 269 0 0 -1 0 1 0 1 0 0 2431.dat
1 0 -93 -144 269 0 0 1 0 1 0 -1 0 0 2432.dat
1 0 397 -160 299 0 0 1 0 1 0 -1 0 0 30035.dat
1 0 517 -168 269 1 0 0 0 1 0 0 0 1 30062.dat
1 7 77 -112 269 0 0 -1 0 1 0 1 0 0 3007.dat
1 7 207 -64 269 0 0 -1 0 1 0 1 0 0 3009.dat
1 0 67 -136 269 0 0 -1 0 1 0 1 0 0 3010.dat
1 7 447 -96 269 1 0 0 0 1 0 0 0 1 3021.dat
1 4 497 -80 269 1 0 0 0 1 0 0 0 1 3022.dat
1 0 37 -8 269 0 0 -1 0 1 0 1 0 0 3029.dat
1 0 537 -112 269 1 0 0 0 1 0 0 0 1 3031.dat
1 0 437 -8 269 1 0 0 0 1 0 0 0 1 3035.dat
1 0 487 -56 269 0 0 1 0 1 0 -1 0 0 3298.dat
1 7 7 -32 269 0 0 1 0 1 0 -1 0 0 3298.dat
1 0 342 -62 269 -1 0 0 0 -1 0 0 0 1 3705.dat
1 14 -273 -16 269 0 0 -1 0 1 0 1 0 0 3710.dat
1 0 567 -192 269 0 0 -1 0 1 0 1 0 0 3937.dat
1 0 517 -44 269 0 1 0 0 0 1 1 0 0 3956.dat
1 0 517 -224 269 1 0 0 0 1 0 0 0 1 4150.dat
1 0 517 -224 269 0 0 1 0 1 0 -1 0 0 s12b.dat
1 0 37 8 269 0 0 1 0 1 0 -1 0 0 4229.dat
1 7 17 -80 269 0 0 1 0 1 0 -1 0 0 4345b.dat
1 0 427 -120 269 0 0 -1 0 1 0 1 0 0 4865a.dat
1 0 87 -136 279 1 0 0 0 1 0 0 0 1 2357.dat
1 0 87 -136 259 0 0 1 0 1 0 -1 0 0 2357.dat
1 0 217 -72 299 1 0 0 0 1 0 0 0 1 3023.dat
1 0 -183 -72 439 0 0 1 0 1 0 -1 0 0 4595.dat
1 4 497 -16 599 1 0 0 0 1 0 0 0 1 3023.dat
1 4 497 -88 319 1 0 0 0 1 0 0 0 1 3023.dat
1 4 -183 -56 99 1 0 0 0 1 0 0 0 1 3023.dat
1 4 -23 -40 39 1 0 0 0 1 0 0 0 1 3023.dat
1 0 77 -152 299 1 0 0 0 1 0 0 0 1 3023.dat
1 0 -193 -64 269 0 0 -1 0 1 0 1 0 0 3023.dat
1 0 -183 -72 99 0 0 1 0 1 0 -1 0 0 4595.dat
1 4 -13 -32 359 1 0 0 0 1 0 0 0 1 2357.dat
1 7 347 -120 299 -1 0 0 0 1 0 0 0 -1 2420.dat
1 4 127 -40 199 -1 0 0 0 1 0 0 0 -1 2420.dat
1 7 7 -64 379 0 0 -1 0 1 0 1 0 0 2450.dat
1 7 507 -136 449 0 0 1 0 1 0 -1 0 0 2458.dat
1 7 357 -32 239 1 0 0 0 1 0 0 0 1 2465.dat
1 7 357 -32 299 1 0 0 0 1 0 0 0 1 2465.dat
1 7 347 -128 299 1 0 0 0 1 0 0 0 1 2555.dat
1 42 277.052 -128 279.002 -1 0 0 0 1 0 0 0 -1 2582p6u.dat
1 4 -23 -32 229 1 0 0 0 1 0 0 0 1 3001.dat
1 4 -23 -32 309 1 0 0 0 1 0 0 0 1 3001.dat
1 0 77 -136 339 0 0 -1 0 1 0 1 0 0 3002.dat
1 7 77 -88 319 0 0 -1 0 1 0 1 0 0 3002.dat
1 7 197 -32 209 1 0 0 0 1 0 0 0 1 3003.dat
1 7 197 -32 329 1 0 0 0 1 0 0 0 1 3003.dat
1 0 497 -88 389 1 0 0 0 1 0 0 0 1 30036.dat
1 7 467 -136 269 0 0 -1 0 1 0 1 0 0 3004.dat
1 7 27 -32 269 0 0 -1 0 1 0 1 0 0 3004.dat
1 4 187 -92 269 0 0 -1 0 1 0 1 0 0 3004.dat
1 4 507 -56 269 0 0 -1 0 1 0 1 0 0 3004.dat
1 42 57 -144 269 -1 0 0 0 1 0 0 0 -1 30117.dat
1 7 497 -96 469 1 0 0 0 1 0 0 0 1 30118.dat
1 7 447 -96 469 0 0 -1 0 1 0 1 0 0 3023.dat
1 14 117 -24 179 1 0 0 0 1 0 0 0 1 3023.dat
1 14 117 -24 359 1 0 0 0 1 0 0 0 1 3023.dat
1 7 507 -136 219 0 0 1 0 1 0 -1 0 0 3040b.dat
1 7 467 -160 269 0 0 1 0 1 0 -1 0 0 3298.dat
1 0 487 -88 299 1 0 0 0 1 0 0 0 1 3622.dat
1 4 67 -32 219 1 0 0 0 1 0 0 0 1 3622.dat
1 4 67 -32 319 1 0 0 0 1 0 0 0 1 3622.dat
1 7 547 -96 459 0 0 -1 0 1 0 1 0 0 3623.dat
1 0 537 -112 149 1 0 0 0 1 0 0 0 1 3933.dat
1 0 277 -40 329 0 0 -1 0 1 0 1 0 0 3933.dat
1 0 537 -112 389 -1 0 0 0 1 0 0 0 -1 3934.dat
1 0 277 -40 209 0 0 -1 0 1 0 1 0 0 3934.dat
1 7 497 -24 469 1 0 0 0 1 0 0 0 1 6143.dat
1 4 327 -112 299 -1 0 0 0 1 0 0 0 -1 4070.dat
1 4 327 -112 239 1 0 0 0 1 0 0 0 1 4070.dat
1 7 327.2 -102.4 220 1 0 0 0 0 -1 0 1 0 LS30.dat
1 7 327.2 -102.4 318 -1 0 0 0 0 -1 0 -1 0 LS30.dat
1 7 347.2 -134.4 220 1 0 0 0 0 -1 0 1 0 LS30.dat
1 7 347.2 -134.4 318 -1 0 0 0 0 -1 0 -1 0 LS30.dat
1 0 407 -144 259 1 0 0 0 1 0 0 0 1 4085c.dat
1 0 97 -152 279 -1 0 0 0 1 0 0 0 -1 4275a.dat
1 7 37 -152 279 1 0 0 0 1 0 0 0 1 4276b.dat
1 0 467 -56 299 0 0 1 0 1 0 -1 0 0 4286.dat
1 7 277 -56 239 -1 0 0 0 1 0 0 0 -1 4625.dat
1 7 57 -32 339 1 0 0 0 1 0 0 0 1 6112.dat
1 7 57 -32 199 1 0 0 0 1 0 0 0 1 6112.dat
1 0 -123 -8 269 0 0 1 0 1 0 -1 0 0 6219.dat
1 0 197 -8 269 0 0 -1 0 1 0 1 0 0 6219.dat
1 4 407 -152 269 0 0 -1 0 1 0 1 0 0 2412b.dat
1 4 -13 -64 309 0 0 -1 0 1 0 1 0 0 2412b.dat
1 7 -3 -56 329 0 0 -1 0 1 0 1 0 0 3001.dat
1 7 477 -32 269 1 0 0 0 1 0 0 0 1 3001.dat
1 4 -73 -32 269 1 0 0 0 1 0 0 0 1 3002.dat
1 4 67 -32 369 1 0 0 0 1 0 0 0 1 3002.dat
1 4 77 -64 329 1 0 0 0 1 0 0 0 1 3003.dat
1 4 277 -32 269 1 0 0 0 1 0 0 0 1 3003.dat
1 0 337 -128 269 1 0 0 0 1 0 0 0 1 3022.dat
1 7 37 0 269 1 0 0 0 1 0 0 0 1 3034.dat
1 7 497 -96 269 0 0 -1 0 1 0 1 0 0 3034.dat
1 7 497 -64 269 0 0 -1 0 1 0 1 0 0 3034.dat
1 4 537 -104 449 1 0 0 0 1 0 0 0 1 3068b.dat
1 7 -133 -88 269 0 0 -1 0 1 0 1 0 0 3069b.dat
1 7 7 -88 269 0 0 -1 0 1 0 1 0 0 3069b.dat
1 4 507 -104 449 0 0 -1 0 1 0 1 0 0 3069b.dat
1 0 447 -136 269 0 0 1 0 1 0 -1 0 0 3747a.dat
1 0 497 -56 299 -1 0 0 0 1 0 0 0 -1 3747a.dat
1 0 497 -56 239 1 0 0 0 1 0 0 0 1 3747a.dat
1 0 497 0 69 1 0 0 0 1 0 0 0 1 3943b.dat
1 0 525 -44 269 0 1 0 -1 0 0 0 0 1 3943b.dat
1 0 507 -144 419 1 0 0 0 1 0 0 0 1 2420.dat
1 0 87 -40 319 0 0 -1 0 1 0 1 0 0 2420.dat
1 7 517 -120 269 1 0 0 0 1 0 0 0 1 3020.dat
1 7 477 -88 269 1 0 0 0 1 0 0 0 1 3020.dat
1 7 297 -120 269 1 0 0 0 1 0 0 0 1 3020.dat
1 7 57 -88 269 1 0 0 0 1 0 0 0 1 3020.dat
1 0 167 -40 329 1 0 0 0 1 0 0 0 1 3021.dat
1 0 57 -40 359 0 0 -1 0 1 0 1 0 0 3021.dat
1 7 -3 -152 269 1 0 0 0 1 0 0 0 1 3022.dat
1 7 97 -144 269 1 0 0 0 1 0 0 0 1 3022.dat
1 7 57 -48 369 1 0 0 0 1 0 0 0 1 3022.dat
1 7 57 -48 169 1 0 0 0 1 0 0 0 1 3022.dat
1 42 -183 -80 99 1 0 0 0 1 0 0 0 1 3023.dat
1 42 -23 -56 39 1 0 0 0 1 0 0 0 1 3023.dat
1 4 -33 -16 519 1 0 0 0 1 0 0 0 1 3623.dat
1 4 -33 -16 19 1 0 0 0 1 0 0 0 1 3623.dat
1 4 127 -16 359 1 0 0 0 1 0 0 0 1 3623.dat
1 7 487 -72 69 0 0 1 0 1 0 -1 0 0 3660.dat
1 0 -3 -72 359 1 0 0 0 1 0 0 0 1 3666.dat
1 7 447 -96 439 0 0 1 0 1 0 -1 0 0 4081b.dat
1 7 467 -64 299 -1 0 0 0 1 0 0 0 -1 4081b.dat
1 7 467 -64 239 1 0 0 0 1 0 0 0 1 4081b.dat
1 0 497 -48 469 1 0 0 0 1 0 0 0 1 3003.dat
1 0 277 -112 269 1 0 0 0 1 0 0 0 1 3003.dat
1 0 -183 -48 429 1 0 0 0 1 0 0 0 1 3003.dat
1 0 -263 0 269 1 0 0 0 1 0 0 0 1 3940.dat
1 42 533 -22 599 0 1 0 -1 0 0 0 0 1 4740.dat
1 7 227 -64 239 1 0 0 0 1 0 0 0 1 4286.dat
1 7 227 -64 299 -1 0 0 0 1 0 0 0 -1 4286.dat
1 7 227 -32 219 0 0 -1 0 1 0 1 0 0 4286.dat
1 7 227 -32 319 0 0 -1 0 1 0 1 0 0 4286.dat
1 42 439 -62 319 0 1 0 -1 0 0 0 0 1 4589.dat
1 42 -215 -62 439 0 -1 0 1 0 0 0 0 1 4589.dat
1 42 347 -112 299 1 0 0 0 1 0 0 0 1 4589.dat
1 42 427 -94 411 1 0 0 0 0 -1 0 1 0 4589.dat
1 42 507 -136 419 1 0 0 0 1 0 0 0 1 4589.dat
1 42 507 -160 319 1 0 0 0 1 0 0 0 1 4589.dat
1 7 207 -80 269 0 0 -1 0 1 0 1 0 0 3460.dat
1 4 487.02 -134.725 449 0 0 1 0 1 0 -1 0 0 2607.dat
1 4 457 -104 449 1 0 0 0 1 0 0 0 1 2609.dat
1 7 297 -62 269 0 -1 0 -0.923879 0 -0.382684 0.382683 0 -0.923879 2983.dat
1 4 277 -78 269 0 0 -1 0 1 0 1 0 0 2984.dat
1 4 277 -42 269 0 0 -1 0 1 0 1 0 0 2985.dat
1 4 281 -78 269 0 -1 0 0 0 1 -1 0 0 2986c01.dat
1 7 497 -80 69 1 0 0 0 1 0 0 0 1 30119.dat
1 0 -23 -48 499 1 0 0 0 1 0 0 0 1 3475a.dat
1 0 117 -64 269 0 0 1 0 1 0 -1 0 0 4760c01.dat
1 0 47 -80 269 0 0 -1 0 1 0 1 0 0 4771.dat
1 7 337 -64 269 0 0 -1 0 1 0 1 0 0 6637.dat
1 4 67 -32 169 1 0 0 0 1 0 0 0 1 3002.dat
1 4 -13 -32 179 0 0 1 0 1 0 -1 0 0 2357.dat
1 4 127 -16 179 1 0 0 0 1 0 0 0 1 3623.dat
1 0 57 -40 179 0 0 -1 0 1 0 1 0 0 3021.dat
1 0 167 -40 209 1 0 0 0 1 0 0 0 1 3021.dat
1 0 87 -40 219 -1 0 0 0 1 0 0 0 -1 2420.dat
1 7 -93 -56 269 0 0 -1 0 1 0 1 0 0 3298p6u.dat
1 7 -3 -56 209 0 0 -1 0 1 0 1 0 0 3001.dat
1 4 277 -48 299 1 0 0 0 1 0 0 0 1 3710.dat
1 4 277 -48 239 1 0 0 0 1 0 0 0 1 3710.dat
1 0 467 -56 239 0 0 1 0 1 0 -1 0 0 4286.dat
1 7 -23 -64 189 1 0 0 0 1 0 0 0 1 30117.dat
1 7 -23 -64 349 0 0 -1 0 1 0 1 0 0 30117.dat
1 4 127 -40 339 0 0 -1 0 1 0 1 0 0 2420.dat
1 7 207 -64 199 0 0 1 0 1 0 -1 0 0 4286.dat
1 7 207 -64 339 0 0 1 0 1 0 -1 0 0 4286.dat
1 4 77 -64 209 1 0 0 0 1 0 0 0 1 3003.dat
1 4 -13 -64 229 0 0 -1 0 1 0 1 0 0 2412b.dat
1 7 -23 -72 269 -1 0 0 0 1 0 0 0 -1 30116p6v.dat
1 7 -23 -72 269 0 0 1 0 1 0 -1 0 0 30116p6u.dat
1 0 217 -72 239 1 0 0 0 1 0 0 0 1 3023.dat
1 0 207 -72 269 0 0 -1 0 1 0 1 0 0 3023.dat
1 0 497 -72 209 1 0 0 0 1 0 0 0 1 3022.dat
1 0 77 -80 268 1 0 0 0 1 0 0 0 1 5306.dat
1 42 17 -80 269 0 0 1 0 1 0 -1 0 0 4346.dat
1 0 -3 -72 179 1 0 0 0 1 0 0 0 1 3666.dat
1 7 7 -64 159 1 0 0 0 1 0 0 0 1 2450.dat
1 0 -253 -40 269 0 0 -1 0 1 0 1 0 0 3023.dat
1 7 -113 -72 269 0 0 -1 0 1 0 1 0 0 3069bp54.dat
1 36 47 -80 299 0 0 -1 0 1 0 1 0 0 4770.dat
1 36 47 -80 239 0 0 -1 0 1 0 1 0 0 4770.dat
1 0 487 -88 239 1 0 0 0 1 0 0 0 1 3622.dat
1 0 -183 -48 109 1 0 0 0 1 0 0 0 1 3003.dat
1 0 -133 -80 269 0 0 -1 0 1 0 1 0 0 3023.dat
1 4 -23 -40 499 1 0 0 0 1 0 0 0 1 3023.dat
1 0 -23 -48 39 -1 0 0 0 1 0 0 0 -1 3475a.dat
1 42 -23 -56 499 1 0 0 0 1 0 0 0 1 3023.dat
1 7 77 -88 219 0 0 -1 0 1 0 1 0 0 3002.dat
1 0 187 -100 269 0 0 -1 0 1 0 1 0 0 3069bp21.dat
1 42 439 -62 219 0 1 0 -1 0 0 0 0 1 4589.dat
1 4 -183 -56 439 1 0 0 0 1 0 0 0 1 3023.dat
1 42 -183 -80 439 1 0 0 0 1 0 0 0 1 3023.dat
1 42 -215 -62 99 0 -1 0 1 0 0 0 0 1 4589.dat
1 7 277 -56 299 1 0 0 0 1 0 0 0 1 4625.dat
1 0 337 -112 269 -1 0 0 0 1 0 0 0 -1 5306.dat
1 0 257 -68 269 0 -1 0 -1 0 0 0 0 -1 5306.dat
1 42 347 -108 239 1 0 0 0 1 0 0 0 1 4589.dat
1 7 347 -120 239 0 0 -1 0 1 0 1 0 0 2420.dat
1 7 347 -128 239 1 0 0 0 1 0 0 0 1 2555.dat
1 0 241 -68 269 0 -1 0 -1 0 0 0 0 -1 5306.dat
1 42 276.948 -128 258.997 1 0 0 0 1 0 0 0 1 2582p6u.dat
1 0 77 -136 199 0 0 -1 0 1 0 1 0 0 3002.dat
1 0 97 0 129 1 0 0 0 1 0 0 0 1 3940.dat
1 0 97 0 409 1 0 0 0 1 0 0 0 1 3940.dat
1 0 497 0 269 1 0 0 0 1 0 0 0 1 3940.dat
1 0 340 0 262 1 0 0 0 1 0 0 0 1 3940.dat
1 0 497 -88 149 -1 0 0 0 1 0 0 0 -1 30036.dat
1 4 497 -88 219 1 0 0 0 1 0 0 0 1 3023.dat
1 7 497 -80 469 -1 0 0 0 1 0 0 0 -1 30119.dat
1 4 497 -16 -61 1 0 0 0 1 0 0 0 1 3023.dat
1 7 497 -96 69 -1 0 0 0 1 0 0 0 -1 30118.dat
1 0 497 -88 59 1 0 0 0 1 0 0 0 1 3666.dat
1 0 497 -88 479 1 0 0 0 1 0 0 0 1 3666.dat
1 0 497 -48 69 1 0 0 0 1 0 0 0 1 3003.dat
1 7 497 -24 69 1 0 0 0 1 0 0 0 1 6143.dat
1 0 497 0 469 1 0 0 0 1 0 0 0 1 3943b.dat
1 7 447 -96 69 0 0 -1 0 1 0 1 0 0 3023.dat
1 7 447 -96 99 0 0 1 0 1 0 -1 0 0 4081b.dat
1 7 547 -96 79 0 0 -1 0 1 0 1 0 0 3623.dat
1 7 67 -144 269 0 0 -1 0 1 0 1 0 0 3069b.dat
1 7 77 -144 209 0 0 -1 0 1 0 1 0 0 30119p6u.dat
1 7 77 -144 329 0 0 -1 0 1 0 1 0 0 30119p6u.dat
1 4 537 -104 89 1 0 0 0 1 0 0 0 1 3068b.dat
1 4 457 -104 89 1 0 0 0 1 0 0 0 1 2609.dat
1 4 507 -104 89 0 0 -1 0 1 0 1 0 0 3069b.dat
1 0 457.005 -111 449.27 -1 0 0 0 0 1 0 1 0 2959.dat
1 8 457.005 -111 449.27 -1 0 0 0 0 1 0 1 0 70023.dat
1 0 457.005 -111 89.27 -1 0 0 0 0 1 0 1 0 2959.dat
1 8 457.005 -111 89.27 -1 0 0 0 0 1 0 1 0 70023.dat
1 4 477 -104 269 1 0 0 0 1 0 0 0 1 3068b.dat
1 4 507 -104 269 0 0 -1 0 1 0 1 0 0 3069b.dat
1 42 427 -94 127 -1 0 0 0 0 -1 0 -1 0 4589.dat
1 0 387 -56 299 0 0 -1 0 1 0 1 0 0 4286.dat
1 42 453 -22 599 0 1 0 1 0 0 0 0 -1 4589.dat
1 0 497 -184 599 0 0 -1 0 1 0 1 0 0 4595.dat
1 0 497 -32 599 0 0 -1 0 1 0 1 0 0 4595.dat
1 42 453 -174 599 0 1 0 1 0 0 0 0 -1 4589.dat
1 42 533 -174 599 0 1 0 -1 0 0 0 0 1 4740.dat
1 42 533 -174 -61 0 1 0 -1 0 0 0 0 1 4740.dat
1 0 497 -184 -61 0 0 -1 0 1 0 1 0 0 4595.dat
1 42 453 -174 -61 0 1 0 1 0 0 0 0 -1 4589.dat
1 42 533 -22 -61 0 1 0 -1 0 0 0 0 1 4740.dat
1 0 497 -32 -61 0 0 -1 0 1 0 1 0 0 4595.dat
1 42 453 -22 -61 0 1 0 1 0 0 0 0 -1 4589.dat
1 0 77 -152 239 1 0 0 0 1 0 0 0 1 3023.dat
1 0 97 -152 259 -1 0 0 0 1 0 0 0 -1 4275a.dat
1 7 37 -152 259 1 0 0 0 1 0 0 0 1 4276b.dat
1 42 57 -144 269 0 0 1 0 1 0 -1 0 0 30117.dat
1 7 17 -160 269 0 0 1 0 1 0 -1 0 0 3068bp54.dat
1 7 507 -136 319 0 0 1 0 1 0 -1 0 0 3040b.dat
1 7 507 -136 89 0 0 1 0 1 0 -1 0 0 2458.dat
1 7 517 -168 269 0 0 -1 0 1 0 1 0 0 30117p6v.dat
1 0 667 -144 269 0 0 -1 0 1 0 1 0 0 3023.dat
1 42 507 -136 119 1 0 0 0 1 0 0 0 1 4589.dat
1 42 507 -160 219 1 0 0 0 1 0 0 0 1 4589.dat
1 7 517 -168 269 1 0 0 0 1 0 0 0 1 30117p6u.dat
1 0 507 -144 119 0 0 1 0 1 0 -1 0 0 2420.dat
1 4 487.02 -134.725 89 0 0 1 0 1 0 -1 0 0 2607.dat
1 8 459.005 -127 449.27 0 -1 0 0 0 1 -1 0 0 70023.dat
1 0 459.005 -127 449.27 0 -1 0 0 0 1 -1 0 0 2959.dat
1 8 460.005 -127 89.27 0 -1 0 0 0 1 -1 0 0 70023.dat
1 0 460.005 -127 89.27 0 -1 0 0 0 1 -1 0 0 2959.dat
1 0 407 -144 279 -1 0 0 0 1 0 0 0 -1 4085c.dat
1 42 421 -160 299 0 1 0 -1 0 0 0 0 1 4589.dat
1 42 387 -160 299 0 -1 0 1 0 0 0 0 1 4740.dat
1 7 507 -72 69 0 0 -1 0 1 0 1 0 0 3660.dat
1 7 507 -72 469 0 0 -1 0 1 0 1 0 0 3660.dat
1 7 487 -72 469 0 0 1 0 1 0 -1 0 0 3660.dat
1 42 573 -44 269 0 1 0 -1 0 0 0 0 1 3960.dat
1 0 497 -72 329 0 0 -1 0 1 0 1 0 0 3022.dat

0 WORLD  -1026.22 427.8332 -2135.348 0.8853214 -0.08297981 -0.4575162 -0.1945857 0.8275181 -0.5266169 0.4223098 0.5552561 0.7164829
0 CENTRE  1917 -111 -981
0 LOOKAT  978 566 0
0 ZOOM  88
0 ROTANGLE 0
1 0 189.4 -23 29 1 0 0 0 1 0 0 0 1 fig1.ldr
1 0 260 -24 29 1 0 0 0 1 0 0 0 1 fig2.ldr
1 0 330 -24 29 1 0 0 0 1 0 0 0 1 fig3.ldr
0 MLCAD FLEXHOSE 0 0 0 0 1 0 0 0 1 0 0 0 1  97 -76 268  -100 0 0 237 -92 268 0 100 0 500 LS10.dat LS10.dat 0
0 MLCAD SKIP_BEGIN
1 0 97 -76 268 -1.80683e-013 -0.999999 -0.00121592 0 0.00121592 -0.999999 1 -1.80683e-013 -2.19696e-016 LS10.dat
1 0 97.3144 -76.0004 268 3.61106e-013 -0.999993 -0.00365036 0 0.00365036 -0.999993 1 3.61103e-013 1.31817e-015 LS10.dat
1 0 97.6291 -76.0015 268 -3.60761e-013 -0.999981 -0.00608932 0 0.00608932 -0.999981 1 -3.60755e-013 -2.19679e-015 LS10.dat
1 0 97.9442 -76.0034 268 1.80139e-013 -0.999964 -0.00853272 0 0.00853272 -0.999964 1 1.80133e-013 1.53708e-015 LS10.dat
1 0 98.2596 -76.0061 268 6.12323e-017 -0.99994 0.0109805 0 0.0109805 0.99994 -1 -6.12286e-017 6.7236e-019 LS10.dat
1 0 98.5754 -76.0096 268 1.79917e-013 -0.99991 -0.0134325 0 0.0134325 -0.99991 1 1.79901e-013 2.41673e-015 LS10.dat
1 0 98.8915 -76.0139 268 -1.79573e-013 -0.999874 -0.0158886 0 0.0158886 -0.999874 1 -1.7955e-013 -2.85317e-015 LS10.dat
1 0 99.2079 -76.0189 268 6.12323e-017 -0.999832 0.0183489 0 0.0183489 0.999832 -1 -6.1222e-017 1.12354e-018 LS10.dat
1 0 99.5246 -76.0247 268 1.79251e-013 -0.999783 -0.0208131 0 0.0208131 -0.999783 1 1.79212e-013 3.73077e-015 LS10.dat
1 0 99.8416 -76.0313 268 -1.78907e-013 -0.999729 -0.0232812 0 0.0232812 -0.999729 1 -1.78858e-013 -4.16516e-015 LS10.dat
1 0 100.159 -76.0387 268 6.12323e-017 -0.999668 0.0257531 0 0.0257531 0.999668 -1 -6.1212e-017 1.57692e-018 LS10.dat
1 0 100.477 -76.0469 268 -1.78685e-013 -0.999601 -0.0282287 0 0.0282287 -0.999601 1 -1.78613e-013 -5.04404e-015 LS10.dat
1 0 100.794 -76.0558 268 1.78585e-013 -0.999528 -0.030708 0 0.030708 -0.999528 1 1.78501e-013 5.48398e-015 LS10.dat
1 0 101.113 -76.0656 268 -1.78463e-013 -0.999449 -0.0331907 0 0.0331907 -0.999449 1 -1.78364e-013 -5.9233e-015 LS10.dat
1 0 101.431 -76.0762 268 1.78363e-013 -0.999363 -0.0356769 0 0.0356769 -0.999363 1 1.7825e-013 6.36344e-015 LS10.dat
1 0 101.75 -76.0876 268 6.12323e-017 -0.999271 0.0381664 0 0.0381664 0.999271 -1 -6.11877e-017 2.33702e-018 LS10.dat
1 0 102.069 -76.0998 268 6.12323e-017 -0.999173 0.0406591 0 0.0406591 0.999173 -1 -6.11817e-017 2.48965e-018 LS10.dat
1 0 102.388 -76.1128 268 6.12323e-017 -0.999068 0.0431549 0 0.0431549 0.999068 -1 -6.11753e-017 2.64248e-018 LS10.dat
1 0 102.708 -76.1266 268 6.12323e-017 -0.998957 0.0456539 0 0.0456539 0.998957 -1 -6.11685e-017 2.79549e-018 LS10.dat
1 0 103.027 -76.1412 268 -1.77574e-013 -0.99884 -0.0481557 0 0.0481557 -0.99884 1 -1.77368e-013 -8.55122e-015 LS10.dat
1 0 103.347 -76.1566 268 6.12323e-017 -0.998716 0.0506604 0 0.0506604 0.998716 -1 -6.11537e-017 3.10205e-018 LS10.dat
1 0 103.668 -76.1728 268 1.77475e-013 -0.998586 -0.0531678 0 0.0531678 -0.998586 1 1.77224e-013 9.43596e-015 LS10.dat
1 0 103.988 -76.1899 268 6.12323e-017 -0.998449 0.0556779 0 0.0556779 0.998449 -1 -6.11374e-017 3.40929e-018 LS10.dat
1 0 104.309 -76.2078 268 -1.76908e-013 -0.998305 -0.0581906 0 0.0581906 -0.998305 1 -1.76609e-013 -1.02944e-014 LS10.dat
1 0 104.63 -76.2265 268 1.77031e-013 -0.998156 -0.0607057 0 0.0607057 -0.998156 1 1.76704e-013 1.07468e-014 LS10.dat
1 0 104.951 -76.246 268 6.12323e-017 -0.997999 0.0632232 0 0.0632232 0.997999 -1 -6.11098e-017 3.8713e-018 LS10.dat
1 0 105.272 -76.2664 268 6.12323e-017 -0.997837 0.0657429 0 0.0657429 0.997837 -1 -6.10999e-017 4.02559e-018 LS10.dat
1 0 105.594 -76.2876 268 6.12323e-017 -0.997667 0.0682649 0 0.0682649 0.997667 -1 -6.10895e-017 4.18002e-018 LS10.dat
1 0 105.916 -76.3096 268 1.76587e-013 -0.997491 -0.0707888 0 0.0707888 -0.997491 1 1.76144e-013 1.25004e-014 LS10.dat
1 0 106.237 -76.3324 268 -1.76464e-013 -0.997309 -0.0733148 0 0.0733148 -0.997309 1 -1.75989e-013 -1.29374e-014 LS10.dat
1 0 106.56 -76.3561 268 6.12323e-017 -0.99712 0.0758426 0 0.0758426 0.99712 -1 -6.1056e-017 4.64402e-018 LS10.dat
1 0 106.882 -76.3806 268 1.76365e-013 -0.996924 -0.0783722 0 0.0783722 -0.996924 1 1.75822e-013 1.38221e-014 LS10.dat
1 0 107.204 -76.406 268 6.12323e-017 -0.996722 0.0809035 0 0.0809035 0.996722 -1 -6.10316e-017 4.95391e-018 LS10.dat
1 0 107.527 -76.4322 268 -1.7602e-013 -0.996513 -0.0834364 0 0.0834364 -0.996513 1 -1.75406e-013 -1.46865e-014 LS10.dat
1 0 107.85 -76.4592 268 6.12323e-017 -0.996298 0.0859707 0 0.0859707 0.996298 -1 -6.10056e-017 5.26419e-018 LS10.dat
1 0 108.173 -76.487 268 6.12323e-017 -0.996076 0.0885064 0 0.0885064 0.996076 -1 -6.0992e-017 5.41946e-018 LS10.dat
1 0 108.496 -76.5157 268 6.12323e-017 -0.995847 0.0910435 0 0.0910435 0.995847 -1 -6.0978e-017 5.5748e-018 LS10.dat
1 0 108.819 -76.5453 268 6.12323e-017 -0.995612 0.0935817 0 0.0935817 0.995612 -1 -6.09636e-017 5.73022e-018 LS10.dat
1 0 109.142 -76.5757 268 -1.75576e-013 -0.99537 -0.096121 0 0.096121 -0.99537 1 -1.74763e-013 -1.68765e-014 LS10.dat
1 0 109.466 -76.6069 268 3.51336e-013 -0.995121 -0.0986613 0 0.0986613 -0.995121 1 3.49622e-013 3.46632e-014 LS10.dat
1 0 109.789 -76.639 268 -1.75354e-013 -0.994866 -0.101202 0 0.101202 -0.994866 1 -1.74454e-013 -1.77463e-014 LS10.dat
1 0 110.113 -76.672 268 1.75476e-013 -0.994604 -0.103744 0 0.103744 -0.994604 1 1.7453e-013 1.82047e-014 LS10.dat
1 0 110.437 -76.7057 268 -1.75354e-013 -0.994335 -0.106287 0 0.106287 -0.994335 1 -1.74361e-013 -1.86379e-014 LS10.dat
1 0 110.761 -76.7404 268 6.12323e-017 -0.99406 0.10883 0 0.10883 0.99406 -1 -6.08686e-017 6.66394e-018 LS10.dat
1 0 111.085 -76.7758 268 6.12323e-017 -0.993779 0.111374 0 0.111374 0.993779 -1 -6.08514e-017 6.81971e-018 LS10.dat
1 0 111.409 -76.8122 268 6.12323e-017 -0.99349 0.113918 0 0.113918 0.99349 -1 -6.08337e-017 6.9755e-018 LS10.dat
1 0 111.734 -76.8494 268 1.75254e-013 -0.993195 -0.116463 0 0.116463 -0.993195 1 1.74062e-013 2.04107e-014 LS10.dat
1 0 112.058 -76.8874 268 -1.75132e-013 -0.992893 -0.119008 0 0.119008 -0.992893 1 -1.73887e-013 -2.08421e-014 LS10.dat
1 0 112.382 -76.9263 268 -1.7491e-013 -0.992585 -0.121553 0 0.121553 -0.992585 1 -1.73613e-013 -2.12608e-014 LS10.dat
1 0 112.707 -76.966 268 1.75032e-013 -0.99227 -0.124098 0 0.124098 -0.99227 1 1.73679e-013 2.17211e-014 LS10.dat
1 0 113.032 -77.0066 268 6.12323e-017 -0.991948 0.126643 0 0.126643 0.991948 -1 -6.07393e-017 7.75462e-018 LS10.dat
1 0 113.356 -77.0481 268 6.12323e-017 -0.99162 0.129187 0 0.129187 0.99162 -1 -6.07192e-017 7.91044e-018 LS10.dat
1 0 113.681 -77.0904 268 6.12323e-017 -0.991285 0.131732 0 0.131732 0.991285 -1 -6.06987e-017 8.06625e-018 LS10.dat
1 0 114.006 -77.1336 268 6.12323e-017 -0.990944 0.134276 0 0.134276 0.990944 -1 -6.06778e-017 8.22203e-018 LS10.dat
1 0 114.331 -77.1776 268 6.12323e-017 -0.990596 0.13682 0 0.13682 0.990596 -1 -6.06565e-017 8.37779e-018 LS10.dat
1 0 114.656 -77.2225 268 -3.49659e-013 -0.990241 -0.139363 0 0.139363 -0.990241 1 -3.46247e-013 -4.87295e-014 LS10.dat
1 0 114.981 -77.2683 268 5.24531e-013 -0.98988 -0.141905 0 0.141905 -0.98988 1 5.19222e-013 7.44338e-014 LS10.dat
1 0 115.306 -77.3149 268 -3.49437e-013 -0.989512 -0.144447 0 0.144447 -0.989512 1 -3.45772e-013 -5.04752e-014 LS10.dat
1 0 115.631 -77.3623 268 1.7481e-013 -0.989138 -0.146988 0 0.146988 -0.989138 1 1.72912e-013 2.56951e-014 LS10.dat
1 0 115.956 -77.4106 268 1.7481e-013 -0.988757 -0.149529 0 0.149529 -0.988757 1 1.72845e-013 2.61392e-014 LS10.dat
1 0 116.282 -77.4598 268 1.7481e-013 -0.98837 -0.152068 0 0.152068 -0.98837 1 1.72777e-013 2.6583e-014 LS10.dat
1 0 116.607 -77.5099 268 -1.74688e-013 -0.987976 -0.154606 0 0.154606 -0.987976 1 -1.72587e-013 -2.70078e-014 LS10.dat
1 0 116.932 -77.5608 268 -1.74688e-013 -0.987576 -0.157143 0 0.157143 -0.987576 1 -1.72518e-013 -2.7451e-014 LS10.dat
1 0 117.258 -77.6125 268 6.12323e-017 -0.987169 0.159679 0 0.159679 0.987169 -1 -6.04467e-017 9.77751e-018 LS10.dat
1 0 117.583 -77.6652 268 6.12323e-017 -0.986756 0.162213 0 0.162213 0.986756 -1 -6.04214e-017 9.9327e-018 LS10.dat
1 0 117.908 -77.7187 268 1.74588e-013 -0.986336 -0.164746 0 0.164746 -0.986336 1 1.72203e-013 2.87628e-014 LS10.dat
1 0 118.234 -77.773 268 -1.74466e-013 -0.98591 -0.167278 0 0.167278 -0.98591 1 -1.72008e-013 -2.91843e-014 LS10.dat
1 0 118.559 -77.8282 268 6.12323e-017 -0.985477 0.169808 0 0.169808 0.985477 -1 -6.03431e-017 1.03977e-017 LS10.dat
1 0 118.885 -77.8843 268 6.12323e-017 -0.985038 0.172336 0 0.172336 0.985038 -1 -6.03162e-017 1.05525e-017 LS10.dat
1 0 119.21 -77.9412 268 6.12323e-017 -0.984593 0.174863 0 0.174863 0.984593 -1 -6.02889e-017 1.07073e-017 LS10.dat
1 0 119.535 -77.999 268 3.49337e-013 -0.984141 -0.177387 0 0.177387 -0.984141 1 3.43797e-013 6.19681e-014 LS10.dat
1 0 119.861 -78.0577 268 -5.23964e-013 -0.983683 -0.17991 0 0.17991 -0.983683 1 -5.15415e-013 -9.42665e-014 LS10.dat
1 0 120.186 -78.1172 268 1.74588e-013 -0.983219 -0.182431 0 0.182431 -0.983219 1 1.71658e-013 3.18503e-014 LS10.dat
1 0 120.512 -78.1776 268 6.12323e-017 -0.982748 0.18495 0 0.18495 0.982748 -1 -6.0176e-017 1.13249e-017 LS10.dat
1 0 120.837 -78.2389 268 6.12323e-017 -0.982271 0.187466 0 0.187466 0.982271 -1 -6.01468e-017 1.1479e-017 LS10.dat
1 0 121.163 -78.301 268 -1.74466e-013 -0.981788 -0.189981 0 0.189981 -0.981788 1 -1.71288e-013 -3.31451e-014 LS10.dat
1 0 121.488 -78.3639 268 1.74588e-013 -0.981298 -0.192493 0 0.192493 -0.981298 1 1.71323e-013 3.3607e-014 LS10.dat
1 0 121.814 -78.4278 268 -3.49215e-013 -0.980803 -0.195002 0 0.195002 -0.980803 1 -3.42511e-013 -6.80977e-014 LS10.dat
1 0 122.139 -78.4925 268 1.74588e-013 -0.980301 -0.197509 0 0.197509 -0.980301 1 1.71149e-013 3.44828e-014 LS10.dat
1 0 122.464 -78.558 268 1.7481e-013 -0.979793 -0.200014 0 0.200014 -0.979793 1 1.71278e-013 3.49645e-014 LS10.dat
1 0 122.79 -78.6244 268 6.12323e-017 -0.979279 0.202516 0 0.202516 0.979279 -1 -5.99635e-017 1.24005e-017 LS10.dat
1 0 123.115 -78.6917 268 6.12323e-017 -0.978759 0.205015 0 0.205015 0.978759 -1 -5.99317e-017 1.25536e-017 LS10.dat
1 0 123.44 -78.7599 268 6.12323e-017 -0.978233 0.207512 0 0.207512 0.978233 -1 -5.98995e-017 1.27064e-017 LS10.dat
1 0 123.766 -78.8289 268 6.12323e-017 -0.9777 0.210005 0 0.210005 0.9777 -1 -5.98669e-017 1.28591e-017 LS10.dat
1 0 124.091 -78.8987 268 6.12323e-017 -0.977162 0.212496 0 0.212496 0.977162 -1 -5.98339e-017 1.30116e-017 LS10.dat
1 0 124.416 -78.9695 268 1.7481e-013 -0.976618 -0.214984 0 0.214984 -0.976618 1 1.70723e-013 3.75814e-014 LS10.dat
1 0 124.741 -79.041 268 -1.74688e-013 -0.976067 -0.217468 0 0.217468 -0.976067 1 -1.70507e-013 -3.79891e-014 LS10.dat
1 0 125.066 -79.1135 268 1.7481e-013 -0.975511 -0.21995 0 0.21995 -0.975511 1 1.70529e-013 3.84495e-014 LS10.dat
1 0 125.392 -79.1868 268 6.12323e-017 -0.974949 0.222428 0 0.222428 0.974949 -1 -5.96984e-017 1.36198e-017 LS10.dat
1 0 125.717 -79.261 268 -1.74688e-013 -0.974381 -0.224903 0 0.224903 -0.974381 1 -1.70213e-013 -3.92878e-014 LS10.dat
1 0 126.042 -79.336 268 6.12323e-017 -0.973807 0.227375 0 0.227375 0.973807 -1 -5.96285e-017 1.39227e-017 LS10.dat
1 0 126.367 -79.4119 268 6.12323e-017 -0.973228 0.229843 0 0.229843 0.973228 -1 -5.9593e-017 1.40738e-017 LS10.dat
1 0 126.692 -79.4886 268 1.75032e-013 -0.972642 -0.232308 0 0.232308 -0.972642 1 1.70244e-013 4.06614e-014 LS10.dat
1 0 127.017 -79.5662 268 -1.7491e-013 -0.972051 -0.234769 0 0.234769 -0.972051 1 -1.70021e-013 -4.10634e-014 LS10.dat
1 0 127.342 -79.6447 268 6.12323e-017 -0.971454 0.237227 0 0.237227 0.971454 -1 -5.94844e-017 1.45259e-017 LS10.dat
1 0 127.666 -79.724 268 6.12323e-017 -0.970852 0.23968 0 0.23968 0.970852 -1 -5.94475e-017 1.46762e-017 LS10.dat
1 0 127.991 -79.8042 268 6.12323e-017 -0.970244 0.242131 0 0.242131 0.970244 -1 -5.94103e-017 1.48262e-017 LS10.dat
1 0 128.316 -79.8853 268 6.12323e-017 -0.96963 0.244577 0 0.244577 0.96963 -1 -5.93727e-017 1.4976e-017 LS10.dat
1 0 128.641 -79.9672 268 6.12323e-017 -0.969011 0.24702 0 0.24702 0.969011 -1 -5.93348e-017 1.51256e-017 LS10.dat
1 0 128.965 -80.0499 268 6.12323e-017 -0.968386 0.249458 0 0.249458 0.968386 -1 -5.92965e-017 1.52749e-017 LS10.dat
1 0 129.29 -80.1336 268 6.12323e-017 -0.967755 0.251893 0 0.251893 0.967755 -1 -5.92579e-017 1.5424e-017 LS10.dat
1 0 129.615 -80.218 268 1.75254e-013 -0.967119 -0.254323 0 0.254323 -0.967119 1 1.69492e-013 4.45713e-014 LS10.dat
1 0 129.939 -80.3034 268 -1.75132e-013 -0.966478 -0.25675 0 0.25675 -0.966478 1 -1.69261e-013 -4.49651e-014 LS10.dat
1 0 130.264 -80.3896 268 -1.75132e-013 -0.965831 -0.259172 0 0.259172 -0.965831 1 -1.69148e-013 -4.53893e-014 LS10.dat
1 0 130.588 -80.4766 268 3.50448e-013 -0.965179 -0.26159 0 0.26159 -0.965179 1 3.38245e-013 9.16736e-014 LS10.dat
1 0 130.912 -80.5645 268 -1.75132e-013 -0.964522 -0.264004 0 0.264004 -0.964522 1 -1.68919e-013 -4.62355e-014 LS10.dat
1 0 131.237 -80.6533 268 -1.75132e-013 -0.963859 -0.266413 0 0.266413 -0.963859 1 -1.68802e-013 -4.66575e-014 LS10.dat
1 0 131.561 -80.7429 268 1.75254e-013 -0.963191 -0.268818 0 0.268818 -0.963191 1 1.68803e-013 4.71116e-014 LS10.dat
1 0 131.885 -80.8334 268 6.12323e-017 -0.962518 0.271219 0 0.271219 0.962518 -1 -5.89372e-017 1.66074e-017 LS10.dat
1 0 132.209 -80.9248 268 -1.75354e-013 -0.961839 -0.273615 0 0.273615 -0.961839 1 -1.68662e-013 -4.79795e-014 LS10.dat
1 0 132.533 -81.017 268 3.50892e-013 -0.961156 -0.276007 0 0.276007 -0.961156 1 3.37262e-013 9.68485e-014 LS10.dat
1 0 132.857 -81.11 268 -3.50769e-013 -0.960467 -0.278394 0 0.278394 -0.960467 1 -3.36902e-013 -9.76519e-014 LS10.dat
1 0 133.181 -81.2039 268 1.75476e-013 -0.959773 -0.280776 0 0.280776 -0.959773 1 1.68418e-013 4.92696e-014 LS10.dat
1 0 133.505 -81.2987 268 6.12323e-017 -0.959075 0.283154 0 0.283154 0.959075 -1 -5.87264e-017 1.73382e-017 LS10.dat
1 0 133.829 -81.3943 268 -1.75354e-013 -0.958371 -0.285526 0 0.285526 -0.958371 1 -1.68054e-013 -5.00682e-014 LS10.dat
1 0 134.153 -81.4908 268 1.75476e-013 -0.957662 -0.287895 0 0.287895 -0.957662 1 1.68047e-013 5.05187e-014 LS10.dat
1 0 134.477 -81.5881 268 1.75476e-013 -0.956949 -0.290258 0 0.290258 -0.956949 1 1.67922e-013 5.09334e-014 LS10.dat
1 0 134.801 -81.6863 268 -3.50991e-013 -0.95623 -0.292616 0 0.292616 -0.95623 1 -3.35628e-013 -1.02706e-013 LS10.dat
1 0 135.124 -81.7854 268 6.12323e-017 -0.955507 0.294969 0 0.294969 0.955507 -1 -5.85079e-017 1.80617e-017 LS10.dat
1 0 135.448 -81.8853 268 1.75699e-013 -0.954779 -0.297318 0 0.297318 -0.954779 1 1.67753e-013 5.22383e-014 LS10.dat
1 0 135.772 -81.9861 268 6.12323e-017 -0.954046 0.299661 0 0.299661 0.954046 -1 -5.84185e-017 1.83489e-017 LS10.dat
1 0 136.095 -82.0877 268 6.12323e-017 -0.953308 0.301999 0 0.301999 0.953308 -1 -5.83733e-017 1.84921e-017 LS10.dat
1 0 136.419 -82.1902 268 6.12323e-017 -0.952566 0.304332 0 0.304332 0.952566 -1 -5.83278e-017 1.8635e-017 LS10.dat
1 0 136.742 -82.2935 268 1.75699e-013 -0.951819 -0.30666 0 0.30666 -0.951819 1 1.67233e-013 5.38798e-014 LS10.dat
1 0 137.066 -82.3977 268 -3.51435e-013 -0.951068 -0.308983 0 0.308983 -0.951068 1 -3.34239e-013 -1.08588e-013 LS10.dat
1 0 137.389 -82.5028 268 1.75699e-013 -0.950311 -0.311301 0 0.311301 -0.950311 1 1.66968e-013 5.46951e-014 LS10.dat
1 0 137.712 -82.6087 268 -1.75798e-013 -0.949551 -0.313613 0 0.313613 -0.949551 1 -1.66929e-013 -5.51325e-014 LS10.dat
1 0 138.035 -82.7155 268 1.75921e-013 -0.948786 -0.31592 0 0.31592 -0.948786 1 1.66911e-013 5.55768e-014 LS10.dat
1 0 138.359 -82.8231 268 1.75921e-013 -0.948017 -0.318221 0 0.318221 -0.948017 1 1.66776e-013 5.59816e-014 LS10.dat
1 0 138.682 -82.9316 268 -1.75798e-013 -0.947243 -0.320517 0 0.320517 -0.947243 1 -1.66523e-013 -5.63463e-014 LS10.dat
1 0 139.005 -83.0409 268 6.12323e-017 -0.946465 0.322808 0 0.322808 0.946465 -1 -5.79542e-017 1.97663e-017 LS10.dat
1 0 139.328 -83.1511 268 6.12323e-017 -0.945682 0.325093 0 0.325093 0.945682 -1 -5.79063e-017 1.99062e-017 LS10.dat
1 0 139.651 -83.2622 268 6.12323e-017 -0.944895 0.327372 0 0.327372 0.944895 -1 -5.78582e-017 2.00458e-017 LS10.dat
1 0 139.974 -83.3741 268 -1.75798e-013 -0.944104 -0.329646 0 0.329646 -0.944104 1 -1.65972e-013 -5.79512e-014 LS10.dat
1 0 140.297 -83.4869 268 1.75921e-013 -0.943309 -0.331915 0 0.331915 -0.943309 1 1.65948e-013 5.83906e-014 LS10.dat
1 0 140.62 -83.6006 268 6.12323e-017 -0.94251 0.334177 0 0.334177 0.94251 -1 -5.77121e-017 2.04625e-017 LS10.dat
1 0 140.943 -83.7151 268 6.12323e-017 -0.941707 0.336435 0 0.336435 0.941707 -1 -5.76629e-017 2.06007e-017 LS10.dat
1 0 141.266 -83.8305 268 -1.75798e-013 -0.9409 -0.338686 0 0.338686 -0.9409 1 -1.65408e-013 -5.95403e-014 LS10.dat
1 0 141.589 -83.9467 268 1.76143e-013 -0.940088 -0.340931 0 0.340931 -0.940088 1 1.6559e-013 6.00525e-014 LS10.dat
1 0 141.912 -84.0638 268 6.12323e-017 -0.939273 0.343171 0 0.343171 0.939273 -1 -5.75139e-017 2.10132e-017 LS10.dat
1 0 142.235 -84.1818 268 6.12323e-017 -0.938454 0.345405 0 0.345405 0.938454 -1 -5.74637e-017 2.115e-017 LS10.dat
1 0 142.558 -84.3006 268 -1.7602e-013 -0.937631 -0.347633 0 0.347633 -0.937631 1 -1.65042e-013 -6.11905e-014 LS10.dat
1 0 142.881 -84.4203 268 3.52224e-013 -0.936804 -0.349856 0 0.349856 -0.936804 1 3.29965e-013 1.23228e-013 LS10.dat
1 0 143.204 -84.5409 268 -1.7602e-013 -0.935973 -0.352072 0 0.352072 -0.935973 1 -1.6475e-013 -6.19717e-014 LS10.dat
1 0 143.526 -84.6623 268 -1.7602e-013 -0.935139 -0.354282 0 0.354282 -0.935139 1 -1.64603e-013 -6.23608e-014 LS10.dat
1 0 143.849 -84.7846 268 1.76143e-013 -0.9343 -0.356487 0 0.356487 -0.9343 1 1.6457e-013 6.27925e-014 LS10.dat
1 0 144.172 -84.9078 268 -1.7602e-013 -0.933459 -0.358685 0 0.358685 -0.933459 1 -1.64308e-013 -6.31358e-014 LS10.dat
1 0 144.495 -85.0318 268 6.12323e-017 -0.932613 0.360877 0 0.360877 0.932613 -1 -5.71061e-017 2.20974e-017 LS10.dat
1 0 144.818 -85.1567 268 6.12323e-017 -0.931764 0.363064 0 0.363064 0.931764 -1 -5.70541e-017 2.22312e-017 LS10.dat
1 0 145.14 -85.2825 268 3.52224e-013 -0.930912 -0.365244 0 0.365244 -0.930912 1 3.27889e-013 1.28648e-013 LS10.dat
1 0 145.463 -85.4091 268 -1.7602e-013 -0.930056 -0.367418 0 0.367418 -0.930056 1 -1.63709e-013 -6.4673e-014 LS10.dat
1 0 145.786 -85.5367 268 1.76143e-013 -0.929197 -0.369586 0 0.369586 -0.929197 1 1.63671e-013 6.50998e-014 LS10.dat
1 0 146.109 -85.6651 268 -1.7602e-013 -0.928334 -0.371748 0 0.371748 -0.928334 1 -1.63405e-013 -6.54351e-014 LS10.dat
1 0 146.432 -85.7943 268 6.12323e-017 -0.927468 0.373903 0 0.373903 0.927468 -1 -5.6791e-017 2.2895e-017 LS10.dat
1 0 146.754 -85.9245 268 6.12323e-017 -0.926598 0.376052 0 0.376052 0.926598 -1 -5.67378e-017 2.30266e-017 LS10.dat
1 0 147.077 -86.0555 268 1.76143e-013 -0.925726 -0.378195 0 0.378195 -0.925726 1 1.6306e-013 6.66163e-014 LS10.dat
1 0 147.4 -86.1874 268 -3.51879e-013 -0.92485 -0.380332 0 0.380332 -0.92485 1 -3.25436e-013 -1.33831e-013 LS10.dat
1 0 147.723 -86.3202 268 3.52002e-013 -0.923971 -0.382462 0 0.382462 -0.923971 1 3.2524e-013 1.34627e-013 LS10.dat
1 0 148.046 -86.4539 268 6.12323e-017 -0.923089 0.384586 0 0.384586 0.923089 -1 -5.65229e-017 2.35491e-017 LS10.dat
1 0 148.369 -86.5884 268 -1.75798e-013 -0.922204 -0.386704 0 0.386704 -0.922204 1 -1.62122e-013 -6.79818e-014 LS10.dat
1 0 148.692 -86.7239 268 -1.75798e-013 -0.921316 -0.388815 0 0.388815 -0.921316 1 -1.61966e-013 -6.8353e-014 LS10.dat
1 0 149.015 -86.8602 268 1.75921e-013 -0.920425 -0.39092 0 0.39092 -0.920425 1 1.61922e-013 6.87709e-014 LS10.dat
1 0 149.338 -86.9974 268 1.75921e-013 -0.919531 -0.393018 0 0.393018 -0.919531 1 1.61764e-013 6.914e-014 LS10.dat
1 0 149.661 -87.1355 268 -1.75798e-013 -0.918634 -0.39511 0 0.39511 -0.918634 1 -1.61494e-013 -6.94596e-014 LS10.dat
1 0 149.984 -87.2745 268 6.12323e-017 -0.917734 0.397196 0 0.397196 0.917734 -1 -5.6195e-017 2.43212e-017 LS10.dat
1 0 150.308 -87.4144 268 -1.75798e-013 -0.916831 -0.399274 0 0.399274 -0.916831 1 -1.61177e-013 -7.01917e-014 LS10.dat
1 0 150.631 -87.5552 268 6.12323e-017 -0.915926 0.401347 0 0.401347 0.915926 -1 -5.60843e-017 2.45754e-017 LS10.dat
1 0 150.954 -87.6969 268 1.75699e-013 -0.915018 -0.403412 0 0.403412 -0.915018 1 1.60767e-013 7.08789e-014 LS10.dat
1 0 151.278 -87.8394 268 -1.75576e-013 -0.914108 -0.405471 0 0.405471 -0.914108 1 -1.60495e-013 -7.11911e-014 LS10.dat
1 0 151.601 -87.9829 268 1.75699e-013 -0.913195 -0.407524 0 0.407524 -0.913195 1 1.60447e-013 7.16013e-014 LS10.dat
1 0 151.925 -88.1273 268 6.12323e-017 -0.912279 0.40957 0 0.40957 0.912279 -1 -5.5861e-017 2.50789e-017 LS10.dat
1 0 152.248 -88.2726 268 6.12323e-017 -0.911361 0.411609 0 0.411609 0.911361 -1 -5.58047e-017 2.52038e-017 LS10.dat
1 0 152.572 -88.4188 268 -1.75354e-013 -0.91044 -0.413641 0 0.413641 -0.91044 1 -1.59649e-013 -7.25336e-014 LS10.dat
1 0 152.896 -88.5658 268 6.12323e-017 -0.909517 0.415667 0 0.415667 0.909517 -1 -5.56919e-017 2.54522e-017 LS10.dat
1 0 153.219 -88.7138 268 6.12323e-017 -0.908592 0.417686 0 0.417686 0.908592 -1 -5.56352e-017 2.55759e-017 LS10.dat
1 0 153.543 -88.8628 268 3.50892e-013 -0.907664 -0.419698 0 0.419698 -0.907664 1 3.18492e-013 1.47268e-013 LS10.dat
1 0 153.867 -89.0126 268 -1.75354e-013 -0.906734 -0.421703 0 0.421703 -0.906734 1 -1.58999e-013 -7.39473e-014 LS10.dat
1 0 154.191 -89.1633 268 -3.50547e-013 -0.905802 -0.423701 0 0.423701 -0.905802 1 -3.17526e-013 -1.48527e-013 LS10.dat
1 0 154.516 -89.315 268 5.25863e-013 -0.904868 -0.425693 0 0.425693 -0.904868 1 4.75836e-013 2.23856e-013 LS10.dat
1 0 154.84 -89.4676 268 -3.50325e-013 -0.903931 -0.427678 0 0.427678 -0.903931 1 -3.1667e-013 -1.49826e-013 LS10.dat
1 0 155.164 -89.6211 268 6.12323e-017 -0.902993 0.429656 0 0.429656 0.902993 -1 -5.52924e-017 2.63088e-017 LS10.dat
1 0 155.489 -89.7755 268 1.75032e-013 -0.902052 -0.431627 0 0.431627 -0.902052 1 1.57888e-013 7.55486e-014 LS10.dat
1 0 155.814 -89.9308 268 -1.7491e-013 -0.90111 -0.43359 0 0.43359 -0.90111 1 -1.57613e-013 -7.58393e-014 LS10.dat
1 0 156.139 -90.0871 268 1.75032e-013 -0.900166 -0.435547 0 0.435547 -0.900166 1 1.57558e-013 7.62349e-014 LS10.dat
1 0 156.463 -90.2444 268 1.7481e-013 -0.89922 -0.437497 0 0.437497 -0.89922 1 1.57193e-013 7.6479e-014 LS10.dat
1 0 156.789 -90.4025 268 -1.74688e-013 -0.898272 -0.43944 0 0.43944 -0.898272 1 -1.56917e-013 -7.67649e-014 LS10.dat
1 0 157.114 -90.5616 268 -1.74688e-013 -0.897322 -0.441376 0 0.441376 -0.897322 1 -1.56751e-013 -7.7103e-014 LS10.dat
1 0 157.439 -90.7216 268 1.74588e-013 -0.896371 -0.443305 0 0.443305 -0.896371 1 1.56496e-013 7.73958e-014 LS10.dat
1 0 157.765 -90.8826 268 1.74588e-013 -0.895418 -0.445226 0 0.445226 -0.895418 1 1.5633e-013 7.77313e-014 LS10.dat
1 0 158.09 -91.0445 268 6.12323e-017 -0.894464 0.447141 0 0.447141 0.894464 -1 -5.47701e-017 2.73795e-017 LS10.dat
1 0 158.416 -91.2074 268 -1.74244e-013 -0.893508 -0.449048 0 0.449048 -0.893508 1 -1.55688e-013 -7.82438e-014 LS10.dat
1 0 158.742 -91.3712 268 1.74366e-013 -0.89255 -0.450948 0 0.450948 -0.89255 1 1.55631e-013 7.86301e-014 LS10.dat
1 0 159.068 -91.536 268 -3.48327e-013 -0.891591 -0.452841 0 0.452841 -0.891591 1 -3.10565e-013 -1.57737e-013 LS10.dat
1 0 159.395 -91.7018 268 1.74144e-013 -0.890631 -0.454726 0 0.454726 -0.890631 1 1.55098e-013 7.9188e-014 LS10.dat
1 0 159.721 -91.8685 268 -1.738e-013 -0.88967 -0.456605 0 0.456605 -0.88967 1 -1.54624e-013 -7.93577e-014 LS10.dat
1 0 160.048 -92.0361 268 1.73922e-013 -0.888707 -0.458476 0 0.458476 -0.888707 1 1.54566e-013 7.97391e-014 LS10.dat
1 0 160.375 -92.2048 268 6.12323e-017 -0.887743 0.460339 0 0.460339 0.887743 -1 -5.43586e-017 2.81876e-017 LS10.dat
1 0 160.702 -92.3744 268 1.737e-013 -0.886778 -0.462195 0 0.462195 -0.886778 1 1.54033e-013 8.02834e-014 LS10.dat
1 0 161.029 -92.545 268 -1.73356e-013 -0.885812 -0.464044 0 0.464044 -0.885812 1 -1.5356e-013 -8.04446e-014 LS10.dat
1 0 161.356 -92.7166 268 1.73478e-013 -0.884845 -0.465885 0 0.465885 -0.884845 1 1.53501e-013 8.08209e-014 LS10.dat
1 0 161.684 -92.8891 268 -3.4655e-013 -0.883877 -0.467719 0 0.467719 -0.883877 1 -3.06308e-013 -1.62088e-013 LS10.dat
1 0 162.012 -93.0626 268 3.46451e-013 -0.882908 -0.469545 0 0.469545 -0.882908 1 3.05884e-013 1.62674e-013 LS10.dat
1 0 162.34 -93.2372 268 -3.46106e-013 -0.881939 -0.471364 0 0.471364 -0.881939 1 -3.05245e-013 -1.63142e-013 LS10.dat
1 0 162.669 -93.4127 268 6.12323e-017 -0.880968 0.473175 0 0.473175 0.880968 -1 -5.39438e-017 2.89736e-017 LS10.dat
1 0 162.997 -93.5892 268 1.72812e-013 -0.879997 -0.474979 0 0.474979 -0.879997 1 1.52074e-013 8.2082e-014 LS10.dat
1 0 163.326 -93.7667 268 6.12323e-017 -0.879026 0.476774 0 0.476774 0.879026 -1 -5.38248e-017 2.9194e-017 LS10.dat
1 0 163.655 -93.9452 268 1.7259e-013 -0.878054 -0.478562 0 0.478562 -0.878054 1 1.51543e-013 8.2595e-014 LS10.dat
1 0 163.985 -94.1247 268 -1.72245e-013 -0.877081 -0.480343 0 0.480343 -0.877081 1 -1.51073e-013 -8.27368e-014 LS10.dat
1 0 164.314 -94.3053 268 -1.72245e-013 -0.876108 -0.482115 0 0.482115 -0.876108 1 -1.50906e-013 -8.30421e-014 LS10.dat
1 0 164.644 -94.4868 268 6.12323e-017 -0.875134 0.48388 0 0.48388 0.875134 -1 -5.35865e-017 2.96291e-017 LS10.dat
1 0 164.975 -94.6694 268 -1.71801e-013 -0.874161 -0.485637 0 0.485637 -0.874161 1 -1.50182e-013 -8.3433e-014 LS10.dat
1 0 165.305 -94.853 268 3.43786e-013 -0.873187 -0.487386 0 0.487386 -0.873187 1 3.0019e-013 1.67556e-013 LS10.dat
1 0 165.636 -95.0377 268 6.12323e-017 -0.872213 0.489126 0 0.489126 0.872213 -1 -5.34076e-017 2.99504e-017 LS10.dat
1 0 165.967 -95.2233 268 6.12323e-017 -0.871239 0.490859 0 0.490859 0.871239 -1 -5.3348e-017 3.00565e-017 LS10.dat
1 0 166.298 -95.41 268 6.12323e-017 -0.870265 0.492584 0 0.492584 0.870265 -1 -5.32884e-017 3.01621e-017 LS10.dat
1 0 166.63 -95.5978 268 1.71258e-013 -0.869291 -0.494301 0 0.494301 -0.869291 1 1.48873e-013 8.46527e-014 LS10.dat
1 0 166.962 -95.7866 268 -3.41887e-013 -0.868317 -0.496009 0 0.496009 -0.868317 1 -2.96867e-013 -1.69579e-013 LS10.dat
1 0 167.294 -95.9764 268 3.41788e-013 -0.867344 -0.497709 0 0.497709 -0.867344 1 2.96448e-013 1.70111e-013 LS10.dat
1 0 167.627 -96.1673 268 6.12323e-017 -0.866371 0.499401 0 0.499401 0.866371 -1 -5.30499e-017 3.05795e-017 LS10.dat
1 0 167.96 -96.3592 268 -1.70469e-013 -0.865398 -0.501085 0 0.501085 -0.865398 1 -1.47524e-013 -8.54194e-014 LS10.dat
1 0 168.293 -96.5523 268 6.12323e-017 -0.864426 0.50276 0 0.50276 0.864426 -1 -5.29308e-017 3.07852e-017 LS10.dat
1 0 168.627 -96.7464 268 6.12323e-017 -0.863455 0.504427 0 0.504427 0.863455 -1 -5.28713e-017 3.08872e-017 LS10.dat
1 0 168.961 -96.9415 268 6.12323e-017 -0.862484 0.506085 0 0.506085 0.862484 -1 -5.28119e-017 3.09887e-017 LS10.dat
1 0 169.296 -97.1378 268 6.12323e-017 -0.861514 0.507734 0 0.507734 0.861514 -1 -5.27525e-017 3.10898e-017 LS10.dat
1 0 169.63 -97.3351 268 6.12323e-017 -0.860545 0.509375 0 0.509375 0.860545 -1 -5.26932e-017 3.11902e-017 LS10.dat
1 0 169.966 -97.5335 268 6.12323e-017 -0.859576 0.511007 0 0.511007 0.859576 -1 -5.26339e-017 3.12902e-017 LS10.dat
