0 6987 Message-Intercept Base
0 Name: 6987_Message-Intercept Base.ldr
0 Author: LEGO
0 bassfoundation@yahoo.com
0 !COLOUR SandBlue CODE 64 VALUE #88A2B5 EDGE 0 ALPHA 255
0 !COLOUR Chrome CODE 65 VALUE #A1A29B EDGE 0 ALPHA 255
0 !COLOUR Silver CODE 66 VALUE #C7C7C7 EDGE 0 ALPHA 255
0 !COLOUR Gold CODE 67 VALUE #BBBD39 EDGE 0 ALPHA 255
0 ROTATION CENTER 0 0 0 1 "Custom" 
0 ROTATION CONFIG 0 0
1 7 -320 0 0 1 0 0 0 1 0 0 0 1 3811.dat
1 0 -500 -120 -220 0 0 1 0 1 0 -1 0 0 4476.dat
1 0 -500 -120 -60 0 0 1 0 1 0 -1 0 0 4476.dat
1 0 -500 -120 100 0 0 1 0 1 0 -1 0 0 4476.dat
1 0 -360 -120 -300 -1 0 0 0 1 0 0 0 -1 4476.dat
1 0 -220 -120 -220 0 0 -1 0 1 0 1 0 0 4476.dat
1 0 -220 -120 -60 0 0 -1 0 1 0 1 0 0 4476.dat
1 0 -220 -120 100 0 0 -1 0 1 0 1 0 0 4476.dat
1 0 -80 -120 60 1 0 0 0 1 0 0 0 1 4476.dat
1 0 0 -120 220 -1 0 0 0 1 0 0 0 -1 4476.dat
1 0 -80 -120 220 -1 0 0 0 1 0 0 0 -1 4476.dat
1 0 -420 -240 20 -1 0 0 0 1 0 0 0 -1 2681.dat
1 0 -300 -240 20 -1 0 0 0 1 0 0 0 -1 2681.dat
1 14 -500 -128 100 0 0 1 0 1 0 -1 0 0 3022.dat
1 14 -500 -128 -60 0 0 1 0 1 0 -1 0 0 3022.dat
1 14 -500 -128 -220 0 0 1 0 1 0 -1 0 0 3022.dat
1 14 -360 -128 -300 0 0 1 0 1 0 -1 0 0 3022.dat
1 14 -220 -128 -220 0 0 1 0 1 0 -1 0 0 3022.dat
1 14 -220 -128 -60 0 0 1 0 1 0 -1 0 0 3022.dat
1 14 -220 -128 100 0 0 1 0 1 0 -1 0 0 3022.dat
1 14 -80 -128 60 0 0 1 0 1 0 -1 0 0 3022.dat
1 14 -80 -128 220 0 0 1 0 1 0 -1 0 0 3022.dat
1 14 0 -128 220 0 0 1 0 1 0 -1 0 0 3022.dat
1 0 -500 -136 100 0 0 1 0 1 0 -1 0 0 3022.dat
1 0 -500 -136 -60 0 0 1 0 1 0 -1 0 0 3022.dat
1 0 -500 -136 -220 0 0 1 0 1 0 -1 0 0 3022.dat
1 0 -360 -136 -300 0 0 1 0 1 0 -1 0 0 3022.dat
1 0 -220 -136 -220 0 0 1 0 1 0 -1 0 0 3022.dat
1 0 -220 -136 -60 0 0 1 0 1 0 -1 0 0 3022.dat
1 0 -220 -136 100 0 0 1 0 1 0 -1 0 0 3022.dat
1 0 -510 -160 90 0 0 1 0 1 0 -1 0 0 3665.dat
1 0 -510 -160 -210 0 0 1 0 1 0 -1 0 0 3665.dat
1 0 -210 -160 -210 0 0 -1 0 1 0 1 0 0 3665.dat
1 0 -210 -160 90 0 0 -1 0 1 0 1 0 0 3665.dat
1 0 -210 -160 -60 0 0 -1 0 1 0 1 0 0 3660.dat
1 0 -510 -160 -60 0 0 1 0 1 0 -1 0 0 3660.dat
1 0 -360 -160 -300 0 0 1 0 1 0 -1 0 0 3003.dat
1 0 -80 -152 220 0 0 1 0 1 0 -1 0 0 3003.dat
1 0 0 -152 220 0 0 1 0 1 0 -1 0 0 3003.dat
1 0 -475.858 -152 -258.284 0.707107 0 0.707107 0 1 0 -0.707107 0 0.707107 4590.dat
1 0 -244.142 -152 -258.284 0.707107 0 -0.707107 0 1 0 0.707107 0 0.707107 4590.dat
1 0 -210 -152 -230 0.707107 0 -0.707107 0 1 0 0.707107 0 0.707107 4735.dat
1 0 -510 -152 -230 0.707107 0 0.707107 0 1 0 -0.707107 0 0.707107 4735.dat
1 0 -500 -160 -230 1 0 0 0 1 0 0 0 1 3023.dat
1 0 -220 -160 -230 1 0 0 0 1 0 0 0 1 3023.dat
1 0 -360 -160 110 1 0 0 0 1 0 0 0 1 2465.dat
1 0 -230 -160 -60 0 0 -1 0 1 0 1 0 0 2465.dat
1 0 -490 -160 -60 0 0 -1 0 1 0 1 0 0 2465.dat
1 0 -80 -176 220 0 0 1 0 1 0 -1 0 0 3003.dat
1 0 0 -160 220 0 0 1 0 1 0 -1 0 0 3022.dat
1 0 20 -184 240 0 0 -1 0 1 0 1 0 0 3831.dat
1 0 20 -184 240 0 0 1 0 1 0 -1 0 0 3830.dat
1 0 -10 -184 220 0 0 1 0 1 0 -1 0 0 3004.dat
1 0 30 -160 210 1 0 0 0 1 0 0 0 1 2420.dat
1 0 50 -184 210 0 0 -1 0 1 0 1 0 0 3665.dat
1 0 60 -192 220 0 0 -1 0 1 0 1 0 0 3936.dat
1 0 -360 -184 -230 -1 0 0 0 1 0 0 0 -1 2465.dat
1 0 -360 -184 -210 -1 0 0 0 1 0 0 0 -1 2465.dat
1 0 -360 -184 -70 -1 0 0 0 1 0 0 0 -1 2465.dat
1 0 -220 -184 -50 -1 0 0 0 1 0 0 0 -1 3004.dat
1 0 -500 -184 -50 -1 0 0 0 1 0 0 0 -1 3004.dat
1 0 -220 -184 100 0 0 1 0 1 0 -1 0 0 3003.dat
1 0 -500 -184 100 0 0 1 0 1 0 -1 0 0 3003.dat
1 0 -260 -184 110 -1 0 0 0 1 0 0 0 -1 3660.dat
1 0 -460 -184 110 -1 0 0 0 1 0 0 0 -1 3660.dat
1 0 -360 -184 110 -1 0 0 0 1 0 0 0 -1 3004.dat
1 0 -80 -176 60 1 0 0 0 1 0 0 0 1 4345a.dat
1 0 -80 -176 60 1 0 0 0 1 0 0 0 1 4346.dat
1 0 -181.716 -158 -258.284 1 0 0 0 0 1 0 -1 0 3959.dat
1 0 -538.284 -158 -258.284 1 0 0 0 0 1 0 -1 0 3959.dat
1 36 -538.284 -158 -266.284 1 0 0 0 0 1 0 -1 0 4740.dat
1 36 -181.716 -158 -266.284 1 0 0 0 0 1 0 -1 0 4740.dat
1 36 -447.574 -136 -272.426 1 0 0 0 1 0 0 0 1 4740.dat
1 36 -272.426 -136 -272.426 1 0 0 0 1 0 0 0 1 4740.dat
1 0 -370 -184 -300 0 0 1 0 1 0 -1 0 0 3747a.dat
1 0 -350 -184 -300 0 0 -1 0 1 0 1 0 0 3747a.dat
1 0 -190 -184 -210 0 0 -1 0 1 0 1 0 0 4287.dat
1 0 -530 -184 -210 0 0 1 0 1 0 -1 0 0 4287.dat
1 0 -190 -184 -60 0 0 -1 0 1 0 1 0 0 3747a.dat
1 0 -530 -184 -60 0 0 1 0 1 0 -1 0 0 3747a.dat
1 0 -490 -184 -140 0 0 1 0 1 0 -1 0 0 3747a.dat
1 0 -230 -184 -140 0 0 -1 0 1 0 1 0 0 3747a.dat
1 0 -230 -184 20 0 0 -1 0 1 0 1 0 0 3747a.dat
1 0 -490 -184 20 0 0 1 0 1 0 -1 0 0 3747a.dat
1 0 -530 -184 90 0 0 1 0 1 0 -1 0 0 4287.dat
1 0 -190 -184 90 0 0 -1 0 1 0 1 0 0 4287.dat
1 0 -360 -192 -280 0 0 1 0 1 0 -1 0 0 3795.dat
1 14 -300 -192 -140 0 0 1 0 1 0 -1 0 0 3035.dat
1 14 -420 -192 -140 0 0 1 0 1 0 -1 0 0 3035.dat
1 0 -360 -192 120 -1 0 0 0 1 0 0 0 -1 4282.dat
1 0 -80 -184 140 0 0 1 0 1 0 -1 0 0 3832.dat
1 0 -480 -192 -240 0 0 1 0 1 0 -1 0 0 2401.dat
1 0 -240 -192 -240 1 0 0 0 1 0 0 0 1 2401.dat
1 0 -360 -192 -140 0 0 1 0 1 0 -1 0 0 3034.dat
1 0 -200 -192 -60 0 0 1 0 1 0 -1 0 0 3036.dat
1 0 -520 -192 -20 0 0 1 0 1 0 -1 0 0 3028.dat
1 0 -160 -192 60 1 0 0 0 1 0 0 0 1 3030.dat
1 0 -40 -192 220 1 0 0 0 1 0 0 0 1 3032.dat
1 14 -360 -200 -280 0 0 1 0 1 0 -1 0 0 3068b.dat
1 0 -360 -200 -240 0 0 1 0 1 0 -1 0 0 3068b.dat
1 14 -360 -200 -200 0 0 1 0 1 0 -1 0 0 3068b.dat
1 0 -360 -200 -160 0 0 1 0 1 0 -1 0 0 3068b.dat
1 0 -570 -216 -160 0 0 1 0 1 0 -1 0 0 3937.dat
1 0 -570 -216 -160 0 0 1 0 1 0 -1 0 0 3938.dat
1 0 -570 -216 -120 0 0 1 0 1 0 -1 0 0 3937.dat
1 0 -570 -216 -120 0 0 1 0 1 0 -1 0 0 3938.dat
1 0 -570 -216 -80 0 0 1 0 1 0 -1 0 0 3937.dat
1 0 -570 -216 -80 0 0 1 0 1 0 -1 0 0 3938.dat
1 0 -150 -216 -160 0 0 -1 0 1 0 1 0 0 3937.dat
1 0 -150 -216 -160 0 0 -1 0 1 0 1 0 0 3938.dat
1 0 -150 -216 -120 0 0 -1 0 1 0 1 0 0 3937.dat
1 0 -150 -216 -120 0 0 -1 0 1 0 1 0 0 3938.dat
1 0 -150 -216 -80 0 0 -1 0 1 0 1 0 0 3937.dat
1 0 -150 -216 -80 0 0 -1 0 1 0 1 0 0 3938.dat
1 0 -150 -216 -30 0 0 -1 0 1 0 1 0 0 3622.dat
1 0 -150 -216 10 -1 0 0 0 1 0 0 0 -1 3040b.dat
1 0 -570 -216 20 0 0 1 0 1 0 -1 0 0 3008.dat
1 0 -510 -216 110 1 0 0 0 1 0 0 0 1 3040b.dat
1 0 -520 -216 130 1 0 0 0 1 0 0 0 1 3004.dat
1 0 -490 -216 130 -1 0 0 0 1 0 0 0 -1 3665.dat
1 0 -230 -216 130 -1 0 0 0 1 0 0 0 -1 3665.dat
1 0 -210 -216 130 -1 0 0 0 1 0 0 0 -1 3005.dat
1 0 -200 -216 110 1 0 0 0 1 0 0 0 1 3039.dat
1 0 -370 -200 120 0 0 -1 0 1 0 1 0 0 4590.dat
1 0 -350 -200 120 0 0 1 0 1 0 -1 0 0 4590.dat
1 0 -360 -208 90 1 0 0 0 1 0 0 0 1 3623.dat
1 0 -360 -208 150 1 0 0 0 1 0 0 0 1 3710.dat
1 0 -360 -216 150 1 0 0 0 1 0 0 0 1 3710.dat
1 0 -80 -192 140 1 0 0 0 1 0 0 0 1 3020.dat
1 0 -70 -192 170 1 0 0 0 1 0 0 0 1 3623.dat
1 0 -90 -192 110 1 0 0 0 1 0 0 0 1 3623.dat
1 0 -330 -200 -180 0 0 1 0 1 0 -1 0 0 3710.dat
1 0 -390 -200 -180 0 0 1 0 1 0 -1 0 0 3710.dat
1 0 -570 -240 60 0 0 1 0 1 0 -1 0 0 3004.dat
1 0 -570 -240 10 0 0 1 0 1 0 -1 0 0 3622.dat
1 0 -570 -240 -40 0 0 -1 0 1 0 1 0 0 3039p33.dat
1 0 -510 -240 130 1 0 0 0 1 0 0 0 1 3040p01.dat
1 0 -200 -240 130 1 0 0 0 1 0 0 0 1 3039p33.dat
1 0 -150 -240 -10 -1 0 0 0 1 0 0 0 -1 3040b.dat
1 0 -150 -240 -40 0 0 1 0 1 0 -1 0 0 3039p33.dat
1 36 -490 -240 130 0 0 1 0 1 0 -1 0 0 3062b.dat
1 36 -230 -240 130 0 0 1 0 1 0 -1 0 0 3062b.dat
1 0 -280 -240 150 1 0 0 0 1 0 0 0 1 4873.dat
1 0 -440 -240 150 1 0 0 0 1 0 0 0 1 4873.dat
1 0 -360 -224 150 1 0 0 0 1 0 0 0 1 2342.dat
1 14 -330 -224 -180 0 0 1 0 1 0 -1 0 0 3633.dat
1 14 -390 -224 -180 0 0 -1 0 1 0 1 0 0 3633.dat
1 0 -150 -248 -30 0 0 1 0 1 0 -1 0 0 3623.dat
1 0 -570 -248 50 0 0 1 0 1 0 -1 0 0 3623.dat
1 0 -570 -248 -20 0 0 1 0 1 0 -1 0 0 3710.dat
1 0 -500 -264 130 1 0 0 0 1 0 0 0 1 3004.dat
1 0 -210 -264 130 1 0 0 0 1 0 0 0 1 3622.dat
1 0 -341.91 -248 150.02 0 -1 0 -0.5 0 -0.866025 0.866025 0 -0.5 4592.dat
1 14 -341.91 -248 150.02 0 -0.499924 -0.866206 -0.5 0.750156 -0.432947 0.866025 0.433103 -0.249962 4593.dat
1 0 -378 -248.01 149.98 0 1 0 0.5 0 -0.866025 -0.866025 0 -0.5 4592.dat
1 14 -378 -248.01 149.98 0 0.499924 0.866206 0.5 0.750156 -0.432947 -0.866025 0.433103 -0.249962 4593.dat
1 0 -570 -272 60 0 0 1 0 1 0 -1 0 0 3004.dat
1 0 -570 -272 10 0 0 1 0 1 0 -1 0 0 3622.dat
1 0 -500 -272 130 1 0 0 0 1 0 0 0 1 3023.dat
1 0 -210 -272 130 1 0 0 0 1 0 0 0 1 3623.dat
1 0 -150 -272 -10 0 0 1 0 1 0 -1 0 0 3005.dat
1 0 -420 -240 -70 1 0 0 0 1 0 0 0 1 4083.dat
1 0 -300 -240 -70 1 0 0 0 1 0 0 0 1 4083.dat
1 14 -570 -280 70 0 0 -1 0 1 0 1 0 0 4085b.dat
1 14 -570 -280 50 0 0 -1 0 1 0 1 0 0 4085b.dat
1 14 -570 -280 30 0 0 -1 0 1 0 1 0 0 4085b.dat
1 14 -570 -280 10 0 0 -1 0 1 0 1 0 0 4085b.dat
1 14 -570 -280 -10 0 0 -1 0 1 0 1 0 0 4085b.dat
1 14 -500 -280 130 1 0 0 0 1 0 0 0 1 3023.dat
1 14 -220 -280 130 1 0 0 0 1 0 0 0 1 3023.dat
1 14 -190 -280 130 1 0 0 0 1 0 0 0 1 3024.dat
1 14 -150 -280 -10 1 0 0 0 1 0 0 0 1 3024.dat
1 14 -420 -248 -70 1 0 0 0 1 0 0 0 1 3069bp25.dat
1 14 -300 -248 -70 1 0 0 0 1 0 0 0 1 3069bp25.dat
1 0 -570 -288 0 0 0 -1 0 1 0 1 0 0 3023.dat
1 0 -570 -288 50 0 0 -1 0 1 0 1 0 0 3623.dat
1 0 -500 -288 130 1 0 0 0 1 0 0 0 1 3023.dat
1 0 -210 -288 130 1 0 0 0 1 0 0 0 1 3623.dat
1 0 -550 -288 70 1 0 0 0 1 0 0 0 1 4006.dat
1 0 -550 -277 50 -1 0 0 0 1 0 0 0 -1 3962a.dat
1 0 -540 -310 30 0 -1 0 -1 0 0 0 0 -1 4479.dat
1 0 -550 -282 70 1 0 0 0 1 0 0 0 1 4006.dat
1 0 -550 -336 110 -1 0 0 0 1 0 0 0 -1 2345.dat
1 0 -150 -304 -10 -1 0 0 0 1 0 0 0 -1 3665.dat
1 0 -150 -312 -10 -1 0 0 0 1 0 0 0 -1 3024.dat
1 63176742 -150 -320 -10 -1 0 0 0 1 0 0 0 -1 3024.dat
1 0 -570 -312 60 0 0 1 0 1 0 -1 0 0 3004.dat
1 0 -570 -312 10 0 0 1 0 1 0 -1 0 0 3622.dat
1 0 -510 -312 130 1 0 0 0 1 0 0 0 1 3665.dat
1 63176742 -490 -312 130 0 0 1 0 1 0 -1 0 0 3062b.dat
1 63176742 -230 -312 130 0 0 1 0 1 0 -1 0 0 3062b.dat
1 0 -200 -312 130 1 0 0 0 1 0 0 0 1 3660.dat
1 0 -110 -328 90 -1 0 0 0 1 0 0 0 -1 2467.dat
1 0 -80 -328 30 1 0 0 0 1 0 0 0 1 2466.dat
1 63614976 -120 -328 30 1 0 0 0 1 0 0 0 1 2466.dat
1 0 -150 -328 10 -1 0 0 0 1 0 0 0 -1 3665.dat
1 0 -550 -274 50 -1 0 0 0 1 0 0 0 -1 3962a.dat
1 0 -570 -336 60 0 0 1 0 1 0 -1 0 0 3010.dat
1 0 -510 -336 130 1 0 0 0 1 0 0 0 1 3622.dat
1 0 -510 -336 110 1 0 0 0 1 0 0 0 1 3665.dat
1 0 -540 -336 90 1 0 0 0 1 0 0 0 1 3660.dat
1 63614976 -570 -320 -40 0 0 -1 0 1 0 1 0 0 2362a.dat
1 0 -200 -336 110 1 0 0 0 1 0 0 0 1 3660.dat
1 0 -210 -336 130 1 0 0 0 1 0 0 0 1 3622.dat
1 0 -120 -336 60 1 0 0 0 1 0 0 0 1 3032.dat
1 63614976 -150 -320 -40 0 0 1 0 1 0 -1 0 0 2362a.dat
1 0 -360 -264 30 -1 0 0 0 1 0 0 0 -1 3008.dat
1 0 -360 -264 10 -1 0 0 0 1 0 0 0 -1 3008.dat
1 0 -360 -288 40 -1 0 0 0 1 0 0 0 -1 3003.dat
1 0 -360 -296 40 -1 0 0 0 1 0 0 0 -1 3022.dat
1 0 -410 -336 20 0 0 1 0 1 0 -1 0 0 3684.dat
1 0 -360 -304 30 -1 0 0 0 1 0 0 0 -1 3023.dat
1 0 -360 -304 50 -1 0 0 0 1 0 0 0 -1 4175.dat
1 0 -360 -328 40 -1 0 0 0 1 0 0 0 -1 3003.dat
1 0 -360 -336 40 -1 0 0 0 1 0 0 0 -1 3022.dat
1 0 -310 -336 20 0 0 -1 0 1 0 1 0 0 3684.dat
1 0 -360 -344 10 -1 0 0 0 1 0 0 0 -1 3666.dat
1 0 -360 -344 40 -1 0 0 0 1 0 0 0 -1 3795.dat
1 0 -360 -352 50 -1 0 0 0 1 0 0 0 -1 4175.dat
1 0 -360 -352 20 -1 0 0 0 1 0 0 0 -1 3022.dat
1 0 -390 -352 20 0 0 1 0 1 0 -1 0 0 3710.dat
1 0 -330 -352 20 0 0 1 0 1 0 -1 0 0 3710.dat
1 0 -410 -368 30 0 0 1 0 1 0 -1 0 0 3622.dat
1 0 -310 -368 30 0 0 1 0 1 0 -1 0 0 3622.dat
1 36 -410 -392 50 0 0 1 0 1 0 -1 0 0 3062b.dat
1 36 -310 -392 50 0 0 1 0 1 0 -1 0 0 3062b.dat
1 0 -410 -392 30 0 0 -1 0 1 0 1 0 0 3040p01.dat
1 0 -310 -392 30 0 0 1 0 1 0 -1 0 0 3040p01.dat
1 0 -570 -320 0 0 0 1 0 1 0 -1 0 0 3023.dat
1 0 -570 -344 -20 0 0 1 0 1 0 -1 0 0 3010.dat
1 0 -550 -344 50 1 0 0 0 1 0 0 0 1 2450.dat
1 0 -500 -344 100 0 0 -1 0 1 0 1 0 0 3935.dat
1 0 -220 -344 100 0 0 1 0 1 0 -1 0 0 3936.dat
1 0 -150 -328 -30 0 0 1 0 1 0 -1 0 0 3623.dat
1 0 -150 -336 -20 0 0 1 0 1 0 -1 0 0 3710.dat
1 0 -150 -344 -20 0 0 1 0 1 0 -1 0 0 3710.dat
1 0 -170 -344 50 0 0 1 0 1 0 -1 0 0 2450.dat
1 0 -80 -328 250 -1 0 0 0 1 0 0 0 -1 2466.dat
1 0 -40 -328 250 -1 0 0 0 1 0 0 0 -1 2466.dat
1 0 0 -328 250 -1 0 0 0 1 0 0 0 -1 2466.dat
1 0 -570 -368 10 0 0 1 0 1 0 -1 0 0 3622.dat
1 0 -530 -368 70 -1 0 0 0 1 0 0 0 -1 3040b.dat
1 0 -190 -368 70 -1 0 0 0 1 0 0 0 -1 3040b.dat
1 0 -150 -368 10 0 0 1 0 1 0 -1 0 0 3622.dat
1 0 -50 -328 190 1 0 0 0 1 0 0 0 1 2467.dat
1 14 -360 -244 -6 0 0 1 -1 0 0 0 -1 0 2428.dat
1 0 -360 -84 -20 0 0 1 -1 0 0 0 -1 0 3710.dat
1 0 -360 -144 -20 1 0 0 0 0 1 0 -1 0 3021.dat
1 0 -340 -144 -12 0 0 -1 1 0 0 0 -1 0 3023.dat
1 0 -380 -144 -12 0 0 -1 1 0 0 0 -1 0 3023.dat
1 0 -360 -414 -20 0 0 -1 1 0 0 0 -1 0 3623.dat
1 0 -360 -400 0 1 0 0 0 1 0 0 0 1 2426c01.dat
1 0 -400 -382 0 -1 0 0 0 1 0 0 0 -1 3749.dat
1 7 -470 -382 0 0 0 -1 0 1 0 1 0 0 3712.dat
1 7 -410 -382 0 0 0 1 1 0 0 0 1 0 3712.dat
1 7 -440 -382 0 0 0 -1 0 1 0 1 0 0 3326b.dat
1 0 -570 -416 -30 1 0 0 0 1 0 0 0 1 4460.dat
1 0 -570 -392 0 0 0 1 0 1 0 -1 0 0 3700.dat
1 0 -570 -416 0 0 0 1 0 1 0 -1 0 0 3004.dat
1 0 -550 -488 50 1 0 0 0 1 0 0 0 1 2345.dat
1 0 -170 -488 50 0 0 1 0 1 0 -1 0 0 2345.dat
1 0 -150 -392 0 0 0 1 0 1 0 -1 0 0 3004.dat
1 0 -150 -416 0 0 0 1 0 1 0 -1 0 0 3004.dat
1 0 -150 -416 -30 1 0 0 0 1 0 0 0 1 4460.dat
1 0 -110 -336 110 1 0 0 0 1 0 0 0 1 3024.dat
1 0 -80 -336 140 1 0 0 0 1 0 0 0 1 3020.dat
1 0 -50 -336 170 1 0 0 0 1 0 0 0 1 3024.dat
1 0 -40 -336 220 1 0 0 0 1 0 0 0 1 3032.dat
1 0 -560 -382 0 1 0 0 0 1 0 0 0 1 3737.dat
1 14 -669 -382 0 0 1 0 0 0 1 1 0 0 3942b.dat
1 0 -560 -488 70 1 0 0 0 1 0 0 0 1 3004.dat
1 0 -310 -400 30 0 0 1 0 1 0 -1 0 0 3623.dat
1 0 -410 -400 30 0 0 1 0 1 0 -1 0 0 3623.dat
1 0 -410 -472 50 -1 0 0 0 1 0 0 0 -1 2449.dat
1 0 -310 -472 50 -1 0 0 0 1 0 0 0 -1 2449.dat
1 46 -360 -472 10 -1 0 0 0 1 0 0 0 -1 4215a.dat
1 0 -570 -440 10 0 0 -1 0 1 0 1 0 0 3005.dat
1 0 -570 -464 10 0 0 -1 0 1 0 1 0 0 3005.dat
1 0 -160 -488 70 1 0 0 0 1 0 0 0 1 3004.dat
1 0 -150 -440 10 0 0 -1 0 1 0 1 0 0 3005.dat
1 0 -150 -464 10 0 0 -1 0 1 0 1 0 0 3005.dat
1 0 -50 -192 40 0 0 -1 0 1 0 1 0 0 3023.dat
1 0 -50 -192 90 0 0 -1 0 1 0 1 0 0 3623.dat
1 46 -50 -328 100 0 0 -1 0 1 0 1 0 0 2466.dat
1 0 -50 -328 60 0 0 -1 0 1 0 1 0 0 2466.dat
1 46 -50 -328 30 1 0 0 0 1 0 0 0 1 2468.dat
1 36 -50 -336 110 1 0 0 0 1 0 0 0 1 3024.dat
1 0 -50 -336 60 0 0 1 0 1 0 -1 0 0 4625.dat
1 0 -80 -344 60 0 0 1 0 1 0 -1 0 0 4213.dat
1 0 -570 -488 20 0 0 1 0 1 0 -1 0 0 3660.dat
1 0 -570 -488 -10 1 0 0 0 1 0 0 0 1 4460.dat
1 0 -550 -512 70 0 0 1 0 1 0 -1 0 0 3040b.dat
1 0 -530 -560 70 0 0 1 0 1 0 -1 0 0 2339.dat
1 0 -190 -560 70 0 0 -1 0 1 0 1 0 0 2339.dat
1 0 -170 -512 70 0 0 -1 0 1 0 1 0 0 3040b.dat
1 0 -150 -488 20 0 0 -1 0 1 0 1 0 0 3660.dat
1 0 -150 -488 -10 1 0 0 0 1 0 0 0 1 4460.dat
1 14 -360 -480 40 -1 0 0 0 1 0 0 0 -1 3032.dat
1 0 -80 -344 220 0 0 -1 0 1 0 1 0 0 4213.dat
1 0 -110 -336 220 0 0 -1 0 1 0 1 0 0 4625.dat
1 46 -110 -328 250 -1 0 0 0 1 0 0 0 -1 2468.dat
1 0 -110 -328 220 0 0 1 0 1 0 -1 0 0 2466.dat
1 46 -110 -328 180 0 0 1 0 1 0 -1 0 0 2466.dat
1 36 -110 -336 170 -1 0 0 0 1 0 0 0 -1 3024.dat
1 0 -110 -192 240 0 0 1 0 1 0 -1 0 0 3023.dat
1 0 -110 -192 190 0 0 1 0 1 0 -1 0 0 3623.dat
1 0 -80 -344 140 0 0 -1 0 1 0 1 0 0 3020.dat
1 0 -50 -344 150 0 0 -1 0 1 0 1 0 0 3623.dat
1 0 -110 -344 130 0 0 -1 0 1 0 1 0 0 3623.dat
1 0 -80 -352 140 0 0 -1 0 1 0 1 0 0 3795.dat
1 0 -360 -344 -36 0 0 1 -1 0 0 0 -1 0 3020.dat
1 0 -360 -374 -28 1 0 0 0 0 1 0 -1 0 3023.dat
1 0 -360 -314 -28 1 0 0 0 0 1 0 -1 0 3023.dat
1 0 -360 -344 -28 1 0 0 0 0 1 0 -1 0 3034.dat
1 0 -360 -374 -20 1 0 0 0 0 1 0 -1 0 3794a.dat
1 0 -360 -354 -20 1 0 0 0 0 1 0 -1 0 3794a.dat
1 0 -360 -334 -20 1 0 0 0 0 1 0 -1 0 3794a.dat
1 0 -360 -314 -20 1 0 0 0 0 1 0 -1 0 3794a.dat
1 7 -420 -344 -36 1 0 0 0 0 1 0 -1 0 3679.dat
1 0 -420 -344 -36 1 0 0 0 0 1 0 -1 0 3680.dat
1 7 -300 -344 -36 1 0 0 0 0 1 0 -1 0 3679.dat
1 0 -300 -344 -36 1 0 0 0 0 1 0 -1 0 3680.dat
1 0 -530 -536 70 0 0 1 0 1 0 -1 0 0 3040b.dat
1 0 -190 -536 70 0 0 -1 0 1 0 1 0 0 3040b.dat
1 0 -410 -552 70 0 0 1 0 1 0 -1 0 0 2449.dat
1 0 -310 -552 70 0 0 -1 0 1 0 1 0 0 2449.dat
1 0 -390 -552 70 0 0 -1 0 1 0 1 0 0 4460.dat
1 0 -330 -552 70 0 0 1 0 1 0 -1 0 0 4460.dat
1 0 -590 -496 -10 0 0 1 0 1 0 -1 0 0 2450.dat
1 0 -580 -496 30 -1 0 0 0 1 0 0 0 -1 3069bp14.dat
1 0 -130 -496 -10 1 0 0 0 1 0 0 0 1 2450.dat
1 0 -140 -496 30 1 0 0 0 1 0 0 0 1 3069bp14.dat
1 0 -420 -484 -44 0 0 -1 1 0 0 0 -1 0 4282.dat
1 36 -430 -634 -36 0 0 -1 1 0 0 0 -1 0 3024.dat
1 36 -430 -474 -36 0 0 -1 1 0 0 0 -1 0 3024.dat
1 0 -430 -474 -12 1 0 0 0 0 1 0 -1 0 4070.dat
1 0 -430 -634 -12 1 0 0 0 0 1 0 -1 0 4070.dat
1 0 -430 -624 -22 0 0 -1 0 1 0 1 0 0 4737.dat
1 0 -300 -484 -44 0 0 1 -1 0 0 0 -1 0 4282.dat
1 36 -290 -474 -36 0 0 1 -1 0 0 0 -1 0 3024.dat
1 36 -290 -634 -36 0 0 1 -1 0 0 0 -1 0 3024.dat
1 0 -290 -624 -22 -1 0 0 0 1 0 0 0 -1 4737.dat
1 0 -290 -634 -12 1 0 0 0 0 1 0 -1 0 4070.dat
1 0 -290 -474 -12 1 0 0 0 0 1 0 -1 0 4070.dat
1 0 -510 -560 70 0 0 1 0 1 0 -1 0 0 3040b.dat
1 0 -210 -560 70 0 0 -1 0 1 0 1 0 0 3040b.dat
1 0 -270 -560 70 1 0 0 0 1 0 0 0 1 3623.dat
1 0 -450 -560 70 1 0 0 0 1 0 0 0 1 3623.dat
1 0 -400 -560 70 1 0 0 0 1 0 0 0 1 3794a.dat
1 0 -320 -560 70 1 0 0 0 1 0 0 0 1 3794a.dat
1 36 -400 -584 70 1 0 0 0 1 0 0 0 1 3062b.dat
1 36 -320 -584 70 1 0 0 0 1 0 0 0 1 3062b.dat
1 7 -420 -484 -52 0 0 -1 1 0 0 0 -1 0 3679.dat
1 7 -300 -484 -52 0 0 1 -1 0 0 0 -1 0 3679.dat
1 0 -420 -484 -52 1 0 0 0 0 1 0 -1 0 3680.dat
1 0 -410 -480 -120 0 0 1 0 1 0 -1 0 0 2408p02.dat
1 0 -420 -504 -70 -1 0 0 0 1 0 0 0 -1 3937.dat
1 0 -420 -494 -60 -1 0 0 0 0 -1 0 -1 0 3938.dat
1 0 -390 -488 -120 0 0 -1 0 1 0 1 0 0 2436a.dat
1 0 -310 -480 -120 0 0 -1 0 1 0 1 0 0 2408p02.dat
1 0 -300 -504 -70 -1 0 0 0 1 0 0 0 -1 3937.dat
1 0 -330 -488 -120 0 0 1 0 1 0 -1 0 0 2436a.dat
1 0 -300 -494 -60 -1 0 0 0 0 -1 0 -1 0 3938.dat
1 0 -300 -484 -52 1 0 0 0 0 1 0 -1 0 3680.dat
1 14 -352 -498 -120 0 1 0 0 0 1 1 0 0 2419.dat
1 14 -368 -498 -120 0 -1 0 0 0 1 -1 0 0 2419.dat
1 0 -376 -508 -120 0 -1 0 1 0 0 0 0 1 4229.dat
1 0 -344 -508 -120 0 1 0 -1 0 0 0 0 1 4229.dat
1 7 320 0 0 0 0 1 0 1 0 -1 0 0 3947.dat
1 0 20 -8 -10 1 0 0 0 1 0 0 0 1 4162.dat
1 0 20 -8 170 1 0 0 0 1 0 0 0 1 4162.dat
1 0 180 -8 170 1 0 0 0 1 0 0 0 1 4162.dat
1 0 180 -8 -10 1 0 0 0 1 0 0 0 1 4162.dat
1 0 300 -8 170 1 0 0 0 1 0 0 0 1 2431.dat
1 0 300 -8 -10 1 0 0 0 1 0 0 0 1 2431.dat
1 0 360 -8 170 1 0 0 0 1 0 0 0 1 3069b.dat
1 0 360 -8 -10 1 0 0 0 1 0 0 0 1 3069b.dat
1 0 390 -24 170 0 0 -1 0 1 0 1 0 0 3040b.dat
1 0 390 -24 -10 0 0 -1 0 1 0 1 0 0 3040b.dat
1 0 20 -24 110 1 0 0 0 1 0 0 0 1 3009.dat
1 0 20 -24 50 1 0 0 0 1 0 0 0 1 3009.dat
1 0 20 -24 -110 1 0 0 0 1 0 0 0 1 3009.dat
1 14 120 -24 -30 -1 0 0 0 1 0 0 0 -1 3633.dat
1 0 200 -24 -30 -1 0 0 0 1 0 0 0 -1 3633.dat
1 14 280 -24 -30 -1 0 0 0 1 0 0 0 -1 3633.dat
1 0 360 -24 -30 -1 0 0 0 1 0 0 0 -1 3633.dat
1 14 280 -24 190 1 0 0 0 1 0 0 0 1 3633.dat
1 0 200 -24 190 1 0 0 0 1 0 0 0 1 3633.dat
1 14 120 -24 190 1 0 0 0 1 0 0 0 1 3633.dat
1 0 360 -24 190 1 0 0 0 1 0 0 0 1 3633.dat
1 0 360 -16 80 0 0 1 0 1 0 -1 0 0 3832.dat
1 0 370 -24 80 0 0 1 0 1 0 -1 0 0 3794a.dat
1 0 350 -24 80 0 0 1 0 1 0 -1 0 0 3794a.dat
1 0 320 -32 80 1 0 0 0 1 0 0 0 1 3460.dat
1 0 270 -24 80 0 0 1 0 1 0 -1 0 0 3794a.dat
1 0 250 -24 80 0 0 1 0 1 0 -1 0 0 3794a.dat
1 0 260 -16 80 0 0 1 0 1 0 -1 0 0 3832.dat
1 0 260 -136 180 1 0 0 0 1 0 0 0 1 4476.dat
1 0 360 -136 180 1 0 0 0 1 0 0 0 1 4476.dat
1 0 260 -136 60 1 0 0 0 1 0 0 0 1 4476.dat
1 0 360 -136 60 1 0 0 0 1 0 0 0 1 4476.dat
1 36 390 -56 80 1 0 0 0 1 0 0 0 1 3062b.dat
1 0 260 -160 60 1 0 0 0 1 0 0 0 1 3003.dat
1 0 360 -160 60 1 0 0 0 1 0 0 0 1 3003.dat
1 0 360 -160 170 -1 0 0 0 1 0 0 0 -1 3039.dat
1 0 260 -160 170 -1 0 0 0 1 0 0 0 -1 3039.dat
1 0 370 -184 50 1 0 0 0 1 0 0 0 1 3005.dat
1 0 300 -184 50 1 0 0 0 1 0 0 0 1 3009.dat
1 0 250 -184 120 0 0 -1 0 1 0 1 0 0 3009.dat
1 0 350 -184 120 0 0 -1 0 1 0 1 0 0 3009.dat
1 0 370 -184 120 0 0 -1 0 1 0 1 0 0 3009.dat
1 0 270 -184 170 0 0 -1 0 1 0 1 0 0 4287.dat
1 0 280 -192 80 0 0 1 0 1 0 -1 0 0 2401.dat
1 0 340 -192 140 0 0 1 0 1 0 -1 0 0 3031.dat
1 46 370 -328 170 0 0 -1 0 1 0 1 0 0 2468.dat
1 0 370 -328 140 0 0 -1 0 1 0 1 0 0 2466.dat
1 0 340 -328 170 -1 0 0 0 1 0 0 0 -1 2466.dat
1 0 190 -216 160 0 0 -1 0 1 0 1 0 0 3004.dat
1 0 310 -312 110 0 0 -1 0 1 0 1 0 0 2453.dat
1 0 310 -320 110 0 0 -1 0 1 0 1 0 0 3024.dat
1 0 310 -328 110 0 0 -1 0 1 0 1 0 0 3024.dat
1 0 360 -200 0 0 0 1 0 1 0 -1 0 0 3022.dat
1 0 360 -208 0 0 0 1 0 1 0 -1 0 0 3022.dat
1 0 340 -336 140 0 0 1 0 1 0 -1 0 0 3031.dat
1 0 360 -188 -20 1 0 0 0 0 1 0 -1 0 3956.dat
1 14 360 -224 10 -1 0 0 0 1 0 0 0 -1 3069bp25.dat
1 0 370 -472 140 0 0 -1 0 1 0 1 0 0 2466.dat
1 0 340 -472 170 -1 0 0 0 1 0 0 0 -1 2466.dat
1 0 370 -368 170 -1 0 0 0 1 0 0 0 -1 4733.dat
1 0 370 -358 152 1 0 0 0 0 -1 0 1 0 4592.dat
1 14 370 -358 152 1 0 0 0 0.707301 -0.707081 0 0.707081 0.707301 4593.dat
1 0 352 -358 170 0 1 0 0 0 -1 -1 0 0 4592.dat
1 14 352 -358 170 0 0.707081 0.707301 0 0.707301 -0.707081 -1 0 0 4593.dat
1 14 370 -376 170 -1 0 0 0 1 0 0 0 -1 3070bp06.dat
1 36 370 -344 170 -1 0 0 0 1 0 0 0 -1 3024.dat
1 0 320 -344 120 -1 0 0 0 1 0 0 0 -1 3680.dat
1 7 320 -344 120 -0.707107 0 0.707107 0 1 0 -0.707107 0 -0.707107 3679.dat
1 14 312.929 -352 112.929 -0.707107 0 -0.707107 0 1 0 0.707107 0 -0.707107 4598.dat
1 46 350 -480 150 0 0 1 0 1 0 -1 0 0 2409.dat
1 0 370 -504 170 -0.707107 0 0.707107 0 1 0 -0.707107 0 -0.707107 4733.dat
1 0 20 -32 -110 1 0 0 0 1 0 0 0 1 3666.dat
1 0 20 -40 -110 1 0 0 0 1 0 0 0 1 3666.dat
1 0 20 -64 -110 1 0 0 0 1 0 0 0 1 3700.dat
1 0 50 -64 -110 0 0 -1 0 1 0 1 0 0 3040b.dat
1 0 -10 -64 -110 0 0 1 0 1 0 -1 0 0 3040b.dat
1 0 20 -72 80 0 0 1 0 1 0 -1 0 0 2426c01.dat
1 14 20 -54 -169 -1 0 0 0 0 1 0 1 0 3942b.dat
1 0 20 -54 -40 0 0 -1 0 1 0 1 0 0 3708.dat
1 0 20 -72 -110 1 0 0 0 1 0 0 0 1 3710.dat
1 14 180 -48 80 1 0 0 0 1 0 0 0 1 2428.dat
1 36 -318 -508 -232 0 0 1 -1 0 0 0 -1 0 3957a.dat
1 36 -402 -508 -232 0 0 1 -1 0 0 0 -1 0 3957a.dat
1 36 -430 -712 -22 1 0 0 0 -1 0 0 0 -1 3957a.dat
1 36 -290 -712 -22 1 0 0 0 -1 0 0 0 -1 3957a.dat
1 36 -402 -508 -240 0 0 1 -1 0 0 0 -1 0 4740.dat
1 36 -318 -508 -240 0 0 1 -1 0 0 0 -1 0 4740.dat
1 36 -290 -720 -22 1 0 0 0 -1 0 0 0 -1 4740.dat
1 36 -430 -720 -22 1 0 0 0 -1 0 0 0 -1 4740.dat
1 14 -300 -624 -52 0 0 1 -1 0 0 0 -1 0 3960.dat
1 14 -420 -624 -52 0 0 1 -1 0 0 0 -1 0 3960.dat
1 36 -420 -624 -68 0 0 1 -1 0 0 0 -1 0 4740.dat
1 36 -300 -624 -68 0 0 1 -1 0 0 0 -1 0 4740.dat
1 36 370 -512 170 -0.707107 0 0.707107 0 1 0 -0.707107 0 -0.707107 3957a.dat
1 36 382.728 -494 182.728 0 -0.707107 0.707107 -1 0 0 0 -0.707107 -0.707107 3957a.dat
1 36 382.728 -494 157.272 0 -0.707107 -0.707107 -1 0 0 0 0.707107 -0.707106 3957a.dat
1 36 357.272 -494 157.272 0 0.707107 -0.707106 -1 0 0 0 0.707106 0.707107 3957a.dat
1 36 357.272 -494 182.728 0 0.707106 0.707107 -1 0 0 0 -0.707107 0.707106 3957a.dat
1 0 360 -188 -28 1 0 0 0 0 1 0 -1 0 3961.dat
1 36 360 -188 -36 1 0 0 0 0 1 0 -1 0 4740.dat
1 14 -210 -576 70 0 -0.0154 -1 0 -1 0.0154 1 0 0 755.dat
1 14 -210.194 -582.95 70 0.0003 -0.0444 -0.999 0 -0.999 0.0444 1 0 0.0003 756.dat
1 14 -210.404 -585.802 70 0.0006 -0.0721 -0.9974 0 -0.9974 0.0721 1 0 0.0006 756.dat
1 14 -210.703 -588.643 70 0.0008 -0.103 -0.9947 0 -0.9947 0.103 1 0 0.0008 756.dat
1 14 -211.101 -591.466 70 0.001 -0.1379 -0.9905 0 -0.9905 0.1379 1 0 0.001 756.dat
1 14 -211.613 -594.279 70 0.0013 -0.1772 -0.9842 0 -0.9842 0.1772 1 0 0.0013 756.dat
1 14 -212.253 -597.071 70 0.0015 -0.2213 -0.9752 -0.0003 -0.9752 0.2213 1 0 0.0015 756.dat
1 14 -213.032 -599.809 70 0.0017 -0.2709 -0.9626 -0.0005 -0.9626 0.2709 1 0 0.0018 756.dat
1 14 -213.973 -602.511 70 0.0019 -0.3264 -0.9452 -0.0006 -0.9452 0.3264 1 0 0.002 756.dat
1 14 -215.088 -605.137 70 0.0021 -0.3878 -0.9217 -0.0009 -0.9217 0.3878 1 0 0.0022 756.dat
1 14 -216.398 -607.678 70 0.0022 -0.4549 -0.8905 -0.0011 -0.8905 0.4549 1 0 0.0025 756.dat
1 14 -217.915 -610.105 70 0.0023 -0.5264 -0.8502 -0.0014 -0.8502 0.5264 1 0 0.0027 756.dat
1 14 -219.635 -612.375 70 0.0024 -0.6003 -0.7998 -0.0018 -0.7998 0.6003 1 0 0.0029 756.dat
1 14 -221.568 -614.472 70 0.0023 -0.674 -0.7387 -0.0021 -0.7387 0.674 1 0 0.0032 756.dat
1 14 -223.706 -616.375 70 0.0023 -0.7437 -0.6685 -0.0025 -0.6685 0.7437 1 0 0.0034 756.dat
1 14 -226.008 -618.044 70 0.0022 -0.8064 -0.5914 -0.0029 -0.5914 0.8064 1 0 0.0036 756.dat
1 14 -228.48 -619.497 70 0.002 -0.8597 -0.5107 -0.0033 -0.5107 0.8597 1 0 0.0039 756.dat
1 14 -231.053 -620.709 70 0.0018 -0.9027 -0.4303 -0.0037 -0.4303 0.9027 1 0 0.0041 756.dat
1 14 -233.732 -621.706 70 0.0015 -0.9357 -0.3529 -0.0041 -0.3529 0.9357 1 0 0.0044 756.dat
1 14 -236.477 -622.497 70 0.0013 -0.9599 -0.2805 -0.0044 -0.2805 0.9598 1 0 0.0046 756.dat
1 14 -239.281 -623.104 70 0.001 -0.9767 -0.2146 -0.0047 -0.2146 0.9767 1 0 0.0048 756.dat
1 14 -242.086 -623.535 70 0.0008 -0.9879 -0.1552 -0.005 -0.1552 0.9879 1 0 0.0051 756.dat
1 14 -244.945 -623.821 70 0.0005 -0.9948 -0.102 -0.0053 -0.102 0.9948 1 0 0.0053 756.dat
1 14 -247.786 -623.969 70 0.0003 -0.9985 -0.0548 -0.0055 -0.0548 0.9985 1 0 0.0055 756.dat
1 14 -250.649 -624 70 0 -1 -0.0129 -0.0058 -0.0129 1 1 0 0.0058 756.dat
1 14 -253.497 -623.933 70 0 -1 0.0218 -0.006 0.0218 1 1 0 0.006 756.dat
1 14 -256.347 -623.763 70 -0.0004 -0.9983 0.0577 -0.0062 0.0577 0.9983 1 0 0.0063 756.dat
1 14 -259.183 -623.475 70 -0.0006 -0.9951 0.0989 -0.0065 0.0989 0.9951 1 0 0.0065 756.dat
1 14 -262.024 -623.05 70 -0.001 -0.9893 0.146 -0.0067 0.146 0.9893 1 0 0.0067 756.dat
1 14 -264.815 -622.472 70 -0.0014 -0.9798 0.1999 -0.0068 0.1999 0.9798 1 0 0.007 756.dat
1 14 -267.568 -621.718 70 -0.0019 -0.9653 0.2613 -0.007 0.2613 0.9652 1 0 0.0072 756.dat
1 14 -270.252 -620.765 70 -0.0025 -0.9437 0.3308 -0.007 0.3308 0.9437 1 0 0.0074 756.dat
1 14 -272.867 -619.585 70 -0.0031 -0.913 0.4079 -0.007 0.408 0.913 1 0 0.0077 756.dat
1 14 -275.342 -618.173 70 -0.0039 -0.8711 0.491 -0.0069 0.491 0.8711 1 0 0.0079 756.dat
1 14 -277.672 -616.51 70 -0.0047 -0.8168 0.577 -0.0067 0.577 0.8167 1 0 0.0082 756.dat
1 14 -279.794 -614.617 70 -0.0056 -0.7501 0.6614 -0.0063 0.6614 0.75 1 0 0.0084 756.dat
1 14 -281.713 -612.488 70 -0.0064 -0.6734 0.7393 -0.0058 0.7393 0.6734 1 0 0.0086 756.dat
1 14 -283.384 -610.18 70 -0.0072 -0.5911 0.8065 -0.0052 0.8066 0.5911 1 0 0.0089 756.dat
1 14 -284.825 -607.711 70 -0.0078 -0.508 0.8613 -0.0046 0.8613 0.508 1 0 0.0091 756.dat
1 14 -286.039 -605.121 70 -0.0084 -0.4285 0.9035 -0.004 0.9035 0.4285 1 0 0.0093 756.dat
1 14 -287.039 -602.456 70 -0.009 -0.3555 0.9346 -0.0034 0.9347 0.3555 1 0 0.0096 756.dat
1 14 -287.855 -599.726 70 -0.0094 -0.2898 0.957 -0.0028 0.9571 0.2898 1 0 0.0098 756.dat
1 14 -288.511 -596.938 70 -0.0098 -0.2318 0.9727 -0.0023 0.9728 0.2318 1 0 0.0101 756.dat
1 14 -289.022 -594.127 70 -0.0101 -0.1812 0.9834 -0.0019 0.9834 0.1812 1 0 0.0103 756.dat
1 14 -289.408 -591.293 70 -0.0104 -0.1373 0.9905 -0.0014 0.9905 0.1373 1 0 0.0105 756.dat
1 14 -289.686 -588.452 70 -0.0107 -0.0993 0.995 -0.0011 0.9951 0.0992 1 0 0.0108 756.dat
1 14 -289.869 -585.613 70 -0.011 -0.0661 0.9978 -0.0007 0.9978 0.0661 1 0 0.011 756.dat
1 14 -289.971 -582.754 70 -0.0112 -0.0372 0.9992 -0.0004 0.9993 0.0372 1 0 0.0112 756.dat
1 14 -290.001 -579.897 70 -0.0115 -0.0117 1 0 1 0.0117 1 0 0.0115 756.dat
1 14 -290.059 -575 70 -0.0117 0.0117 1 0 -1 0.0117 1 0 0.0117 755.dat
1 0 -210 -576 70 0 0 -1 0 1 0 1 0 0 750.dat
1 0 -290 -576 70 0 0 -1 0 1 0 1 0 0 750.dat
1 0 -430 -576 70 0 0 -1 0 1 0 1 0 0 750.dat
1 14 -430 -576 70 0 -0.0154 -1 0 -1 0.0154 1 0 0 755.dat
1 14 -430.194 -582.95 70 0.0003 -0.0444 -0.999 0 -0.999 0.0444 1 0 0.0003 756.dat
1 14 -430.404 -585.802 70 0.0006 -0.0721 -0.9974 0 -0.9974 0.0721 1 0 0.0006 756.dat
1 14 -430.703 -588.643 70 0.0008 -0.103 -0.9947 0 -0.9947 0.103 1 0 0.0008 756.dat
1 14 -431.101 -591.466 70 0.001 -0.1379 -0.9905 0 -0.9905 0.1379 1 0 0.001 756.dat
1 14 -431.613 -594.279 70 0.0013 -0.1772 -0.9842 0 -0.9842 0.1772 1 0 0.0013 756.dat
1 14 -432.253 -597.071 70 0.0015 -0.2213 -0.9752 -0.0003 -0.9752 0.2213 1 0 0.0015 756.dat
1 14 -433.032 -599.809 70 0.0017 -0.2709 -0.9626 -0.0005 -0.9626 0.2709 1 0 0.0018 756.dat
1 14 -433.973 -602.511 70 0.0019 -0.3264 -0.9452 -0.0007 -0.9452 0.3264 1 0 0.002 756.dat
1 14 -435.089 -605.137 70 0.0021 -0.3878 -0.9217 -0.0009 -0.9217 0.3878 1 0 0.0022 756.dat
1 14 -436.398 -607.678 70 0.0022 -0.4549 -0.8905 -0.0011 -0.8905 0.4549 1 0 0.0025 756.dat
1 14 -437.915 -610.105 70 0.0023 -0.5264 -0.8502 -0.0014 -0.8502 0.5264 1 0 0.0027 756.dat
1 14 -439.635 -612.375 70 0.0024 -0.6003 -0.7998 -0.0018 -0.7998 0.6003 1 0 0.0029 756.dat
1 14 -441.568 -614.472 70 0.0023 -0.674 -0.7387 -0.0021 -0.7387 0.674 1 0 0.0032 756.dat
1 14 -443.706 -616.375 70 0.0023 -0.7437 -0.6685 -0.0025 -0.6685 0.7437 1 0 0.0034 756.dat
1 14 -446.008 -618.044 70 0.0022 -0.8064 -0.5914 -0.0029 -0.5914 0.8064 1 0 0.0037 756.dat
1 14 -448.48 -619.498 70 0.002 -0.8597 -0.5107 -0.0033 -0.5107 0.8597 1 0 0.0039 756.dat
1 14 -451.053 -620.709 70 0.0018 -0.9027 -0.4303 -0.0037 -0.4303 0.9027 1 0 0.0041 756.dat
1 14 -453.732 -621.707 70 0.0015 -0.9357 -0.3529 -0.0041 -0.3529 0.9357 1 0 0.0044 756.dat
1 14 -456.477 -622.497 70 0.0013 -0.9599 -0.2805 -0.0044 -0.2805 0.9598 1 0 0.0046 756.dat
1 14 -459.281 -623.104 70 0.001 -0.9767 -0.2146 -0.0047 -0.2146 0.9767 1 0 0.0048 756.dat
1 14 -462.086 -623.535 70 0.0008 -0.9879 -0.1552 -0.005 -0.1552 0.9879 1 0 0.0051 756.dat
1 14 -464.945 -623.821 70 0.0005 -0.9948 -0.102 -0.0053 -0.102 0.9948 1 0 0.0053 756.dat
1 14 -467.786 -623.969 70 0.0003 -0.9985 -0.0548 -0.0055 -0.0548 0.9985 1 0 0.0056 756.dat
1 14 -470.649 -624.001 70 0 -1 -0.0129 -0.0058 -0.0129 1 1 0 0.0058 756.dat
1 14 -473.497 -623.933 70 0 -1 0.0218 -0.006 0.0218 1 1 0 0.006 756.dat
1 14 -476.347 -623.763 70 -0.0004 -0.9983 0.0577 -0.0063 0.0577 0.9983 1 0 0.0063 756.dat
1 14 -479.183 -623.476 70 -0.0006 -0.9951 0.0987 -0.0065 0.0987 0.9951 1 0 0.0065 756.dat
1 14 -482.007 -623.053 70 -0.001 -0.9893 0.1458 -0.0067 0.1459 0.9893 1 0 0.0067 756.dat
1 14 -484.815 -622.472 70 -0.0014 -0.9798 0.1999 -0.0068 0.1999 0.9798 1 0 0.007 756.dat
1 14 -487.568 -621.718 70 -0.0019 -0.9653 0.2612 -0.007 0.2613 0.9652 1 0 0.0072 756.dat
1 14 -490.252 -620.765 70 -0.0025 -0.9437 0.3308 -0.007 0.3308 0.9437 1 0 0.0075 756.dat
1 14 -492.867 -619.585 70 -0.0031 -0.913 0.4079 -0.007 0.4079 0.913 1 0 0.0077 756.dat
1 14 -495.342 -618.173 70 -0.0039 -0.8711 0.491 -0.0069 0.4911 0.8711 1 0 0.0079 756.dat
1 14 -497.672 -616.51 70 -0.0047 -0.8168 0.5769 -0.0067 0.577 0.8167 1 0 0.0082 756.dat
1 14 -499.794 -614.617 70 -0.0056 -0.7501 0.6613 -0.0063 0.6614 0.75 1 0 0.0084 756.dat
1 14 -501.713 -612.488 70 -0.0064 -0.6734 0.7393 -0.0058 0.7393 0.6734 1 0 0.0086 756.dat
1 14 -503.384 -610.18 70 -0.0072 -0.5911 0.8065 -0.0052 0.8066 0.5911 1 0 0.0089 756.dat
1 14 -504.825 -607.711 70 -0.0078 -0.5083 0.8612 -0.0046 0.8612 0.5082 1 0 0.0091 756.dat
1 14 -506.032 -605.136 70 -0.0084 -0.4288 0.9034 -0.004 0.9034 0.4288 1 0 0.0094 756.dat
1 14 -507.039 -602.456 70 -0.009 -0.3555 0.9346 -0.0034 0.9347 0.3555 1 0 0.0096 756.dat
1 14 -507.855 -599.726 70 -0.0094 -0.2898 0.957 -0.0028 0.9571 0.2898 1 0 0.0098 756.dat
1 14 -508.511 -596.938 70 -0.0098 -0.2318 0.9727 -0.0023 0.9728 0.2318 1 0 0.0101 756.dat
1 14 -509.022 -594.127 70 -0.0101 -0.1812 0.9834 -0.0019 0.9834 0.1812 1 0 0.0103 756.dat
1 14 -509.408 -591.293 70 -0.0104 -0.1373 0.9905 -0.0014 0.9905 0.1373 1 0 0.0105 756.dat
1 14 -509.686 -588.452 70 -0.0107 -0.0993 0.995 -0.0011 0.9951 0.0993 1 0 0.0108 756.dat
1 14 -509.869 -585.613 70 -0.011 -0.0661 0.9978 -0.0007 0.9978 0.0661 1 0 0.011 756.dat
1 14 -509.971 -582.754 70 -0.0112 -0.0372 0.9992 -0.0004 0.9993 0.0372 1 0 0.0113 756.dat
1 14 -510.001 -579.897 70 -0.0115 -0.0117 1 0 1 0.0117 1 0 0.0115 756.dat
1 14 -510.059 -575 70 -0.0117 0.0117 1 0 -1 0.0117 1 0 0.0117 755.dat
1 0 -510 -576 70 0 0 -1 0 1 0 1 0 0 750.dat
1 0 -80 -368 180 -1 0 0 0 1 0 0 0 -1 750.dat
1 14 -80 -368 180 -1 0 0 0 -1 0.0154 0 -0.0154 -1 755.dat
1 14 -80 -374.95 179.806 -1 0 -0.0003 0 -0.999 0.0444 0.0003 -0.0444 -0.999 756.dat
1 14 -80 -377.802 179.596 -1 0 -0.0006 0 -0.9974 0.072 0.0006 -0.072 -0.9974 756.dat
1 14 -80 -380.643 179.297 -1 0 -0.0008 0 -0.9947 0.103 0.0008 -0.103 -0.9947 756.dat
1 14 -80 -383.466 178.899 -1 0 -0.001 0 -0.9905 0.1378 0.001 -0.1378 -0.9905 756.dat
1 14 -80 -386.279 178.387 -1 0 -0.0013 0 -0.9842 0.1772 0.0013 -0.1772 -0.9842 756.dat
1 14 -80 -389.071 177.747 -1 0 -0.0015 -0.0003 -0.9752 0.2213 0.0015 -0.2213 -0.9752 756.dat
1 14 -80 -391.809 176.968 -1 0 -0.0018 -0.0005 -0.9626 0.2709 0.0017 -0.2709 -0.9626 756.dat
1 14 -80 -394.511 176.027 -1 0 -0.002 -0.0006 -0.9452 0.3264 0.0019 -0.3264 -0.9452 756.dat
1 14 -80 -397.137 174.911 -1 0 -0.0022 -0.0009 -0.9217 0.3878 0.0021 -0.3878 -0.9217 756.dat
1 14 -80 -399.678 173.602 -1 0 -0.0025 -0.0011 -0.8905 0.4549 0.0022 -0.4549 -0.8905 756.dat
1 14 -80 -402.105 172.085 -1 0 -0.0027 -0.0014 -0.8502 0.5264 0.0023 -0.5264 -0.8502 756.dat
1 14 -80 -404.375 170.365 -1 0 -0.0029 -0.0018 -0.7998 0.6003 0.0024 -0.6003 -0.7998 756.dat
1 14 -80 -406.472 168.432 -1 0 -0.0032 -0.0021 -0.7388 0.674 0.0023 -0.674 -0.7387 756.dat
1 14 -80 -408.375 166.294 -1 0 -0.0034 -0.0025 -0.6685 0.7437 0.0023 -0.7437 -0.6685 756.dat
1 14 -80 -410.044 163.992 -1 0 -0.0037 -0.0029 -0.5914 0.8064 0.0022 -0.8064 -0.5914 756.dat
1 14 -80 -411.498 161.521 -1 0 -0.0039 -0.0033 -0.5107 0.8597 0.002 -0.8597 -0.5107 756.dat
1 14 -80 -412.709 158.947 -1 0 -0.0041 -0.0037 -0.4303 0.9027 0.0018 -0.9027 -0.4303 756.dat
1 14 -80 -413.706 156.268 -1 0 -0.0044 -0.0041 -0.3529 0.9357 0.0015 -0.9357 -0.3529 756.dat
1 14 -80 -414.497 153.523 -1 0 -0.0046 -0.0044 -0.2805 0.9598 0.0013 -0.9598 -0.2805 756.dat
1 14 -80 -415.104 150.72 -1 0 -0.0048 -0.0047 -0.2146 0.9767 0.001 -0.9767 -0.2146 756.dat
1 14 -80 -415.535 147.914 -1 0 -0.0051 -0.005 -0.1552 0.9879 0.0008 -0.9879 -0.1552 756.dat
1 14 -80 -415.821 145.056 -1 0 -0.0053 -0.0053 -0.102 0.9948 0.0005 -0.9948 -0.102 756.dat
1 14 -80 -415.969 142.214 -1 0 -0.0055 -0.0055 -0.0548 0.9985 0.0003 -0.9985 -0.0548 756.dat
1 14 -80 -416.001 139.352 -1 0 -0.0058 -0.0058 -0.0129 1 0 -1 -0.0129 756.dat
1 14 -80 -415.933 136.503 -1 0 -0.006 -0.006 0.0218 1 0 -1 0.0218 756.dat
1 14 -80 -415.763 133.653 -1 0 -0.0063 -0.0063 0.0577 0.9983 -0.0004 -0.9983 0.0577 756.dat
1 14 -80 -415.475 130.817 -1 0 -0.0065 -0.0065 0.0988 0.9951 -0.0006 -0.9951 0.0988 756.dat
1 14 -80 -415.05 127.977 -1 0 -0.0067 -0.0067 0.146 0.9893 -0.001 -0.9893 0.146 756.dat
1 14 -80 -414.472 125.185 -1 0 -0.007 -0.0068 0.1998 0.9798 -0.0014 -0.9798 0.1998 756.dat
1 14 -80 -413.718 122.433 -1 0 -0.0072 -0.007 0.2613 0.9652 -0.0019 -0.9653 0.2613 756.dat
1 14 -80 -412.765 119.748 -1 0 -0.0074 -0.007 0.3308 0.9437 -0.0025 -0.9437 0.3308 756.dat
1 14 -80 -411.585 117.134 -1 0 -0.0077 -0.007 0.4079 0.913 -0.0031 -0.913 0.4079 756.dat
1 14 -80 -410.173 114.658 -1 0 -0.0079 -0.0069 0.491 0.8711 -0.0039 -0.8711 0.491 756.dat
1 14 -80 -408.51 112.329 -1 0 -0.0082 -0.0067 0.577 0.8167 -0.0047 -0.8168 0.5769 756.dat
1 14 -80 -406.617 110.206 -1 0 -0.0084 -0.0063 0.6614 0.75 -0.0056 -0.7501 0.6613 756.dat
1 14 -80 -404.488 108.287 -1 0 -0.0086 -0.0058 0.7393 0.6734 -0.0064 -0.6734 0.7393 756.dat
1 14 -80 -402.18 106.616 -1 0 -0.0089 -0.0052 0.8066 0.5911 -0.0072 -0.5912 0.8065 756.dat
1 14 -80 -399.711 105.175 -1 0 -0.0091 -0.0046 0.8613 0.508 -0.0078 -0.508 0.8613 756.dat
1 14 -80 -397.121 103.961 -1 0 -0.0093 -0.004 0.9035 0.4285 -0.0084 -0.4286 0.9035 756.dat
1 14 -80 -394.456 102.961 -1 0 -0.0096 -0.0034 0.9347 0.3555 -0.009 -0.3555 0.9346 756.dat
1 14 -80 -391.726 102.145 -1 0 -0.0098 -0.0028 0.9571 0.2898 -0.0094 -0.2898 0.957 756.dat
1 14 -80 -388.938 101.489 -1 0 -0.0101 -0.0023 0.9728 0.2318 -0.0098 -0.2318 0.9727 756.dat
1 14 -80 -386.127 100.978 -1 0 -0.0103 -0.0019 0.9834 0.1812 -0.0101 -0.1812 0.9834 756.dat
1 14 -80 -383.293 100.592 -1 0 -0.0105 -0.0014 0.9905 0.1373 -0.0104 -0.1373 0.9905 756.dat
1 14 -80 -380.452 100.314 -1 0 -0.0108 -0.0011 0.9951 0.0993 -0.0107 -0.0993 0.995 756.dat
1 14 -80 -377.613 100.131 -1 0 -0.011 -0.0007 0.9978 0.0661 -0.011 -0.0661 0.9978 756.dat
1 14 -80 -374.753 100.029 -1 0 -0.0112 -0.0004 0.9993 0.0372 -0.0112 -0.0372 0.9992 756.dat
1 14 -80 -371.897 99.999 -1 0 -0.0115 0 1 0.0117 -0.0115 -0.0117 1 756.dat
1 14 -80 -367 99.941 -1 0 -0.0117 0 -1 0.0117 -0.0117 0.0117 1 755.dat
1 0 -80 -368 100 -1 0 0 0 1 0 0 0 -1 750.dat
1 0 -100 -40 -128 1 0 0 0 1 0 0 0 1 fig_blacktronI_standing.ldr
1 0 -127 -60 -159 0 0 1 0.707107 0.707107 0 -0.707107 0.707107 0 4360.dat
1 0 313 -373 114 -0.707107 0 -0.707107 0 1 0 0.707107 0 -0.707107 fig_blacktronI_recline1.ldr
1 0 -360 -392 28 1 0 0 0 1 0 0 0 1 fig_blacktronI_standing.ldr
1 0 -360 -246 -220 1 0 0 0 1 0 0 0 1 6987_flyer.ldr
1 0 -34 -41 -234 0.866025 0 0.5 0 1 0 -0.5 0 0.866025 6987_rover.ldr
0
