0 untitled model
0 Name: 
0 Author: 
0 Unofficial Model
1 19 0 0 0 0 0 -1 0 1 0 1 0 0 3028.dat
1 19 -10 0 -130 -1 0 -0 0 1 0 0 0 -1 30357.dat
1 19 -10 -32 -130 -1 -0 -0 -0 1 -0 0 -0 -1 30357.dat
1 19 10 0 -130 -0 0 1 -0 1 -0 -1 -0 -0 30357.dat
1 19 10 -32 -130 0 -0 1 0 1 0 -1 0 0 30357.dat
1 19 0 -24 50 -1 0 -0 0 1 0 0 0 -1 3009.dat
1 19 0 -32 80 -1 -0 -0 -0 1 -0 0 -0 -1 3032.dat
1 19 0 -32 -60 -1 -0 -0 -0 1 -0 0 -0 -1 3032.dat
1 47 0 -56 -30 1 0 0 -0 1 -0 -0 0 1 3939.dat
1 4 0 -40 80 0 -0 -1 -0 1 -0 1 0 0 3020.dat
1 19 0 -48 80 1 -0 0 0 1 -0 -0 0 1 30358.dat
1 4 50 -24 20 -0 0 1 -0 1 -0 -1 -0 -0 4865.dat
1 4 50 -24 -20 0 -0 1 0 1 0 -1 0 0 4865.dat
1 4 20 -8 -10 -1 0 0 0 1 -0 -0 -0 -1 3794.dat
1 4 20 -8 10 -1 -0 0 -0 1 -0 -0 -0 -1 3794.dat
1 4 -20 -8 10 -1 -0 0 -0 1 -0 -0 -0 -1 3794.dat
1 4 -20 -8 -10 -1 -0 0 -0 1 -0 -0 -0 -1 3794.dat
1 4 -50 -24 -20 -0 -0 -1 0 1 -0 1 -0 -0 4865.dat
1 4 -50 -24 -50 0 -0 -1 0 1 -0 1 0 0 3005.dat
1 4 50 -24 -50 0 -0 -1 0 1 -0 1 0 0 3005.dat
1 7 50 -24 -80 0 -0 -1 0 1 -0 1 0 0 2877.dat
1 7 40 -40 -90 -1 0 -0 0 1 -0 0 -0 -1 30244.dat
1 7 50 -24 -120 0 -0 -1 0 1 -0 1 0 0 2877.dat
1 7 30 -24 -150 1 0 0 0 1 -0 -0 0 1 3063.dat
1 7 -30 -24 -150 -0 0 1 0 1 -0 -1 0 -0 3063.dat
1 7 -50 -24 -120 -0 0 1 0 1 -0 -1 0 -0 2877.dat
1 7 -50 -24 -80 0 -0 1 0 1 0 -1 -0 0 2877.dat
1 4 -50 -24 20 0 -0 -1 0 1 -0 1 0 0 4865.dat
1 8 0 -24 110 -1 0 -0 0 1 0 0 0 -1 3008.dat
1 8 0 -24 -100 0 -0 -1 -0 1 -0 1 0 0 3007.dat
1 0 -50 -24 80 0 -0 -1 -0 1 -0 1 0 0 3700.dat
1 0 50 -24 80 0 -0 -1 0 1 -0 1 -0 0 3700.dat
1 4 -68 -14 80 0 1 -0 0 0 1 1 -0 0 2476a.dat
1 19 -76 -14 80 0 1 -0 -1 0 0 0 0 1 30358.dat
1 4 68 -14 80 -0 -1 0 0 0 1 -1 0 -0 2476a.dat
1 19 76 -14 80 -0 -1 -0 1 -0 0 0 -0 1 30358.dat
1 19 0 -32 -110 -1 -0 -0 -0 1 -0 0 -0 -1 3666.dat
1 0 -30 -16 0 1 0 0 -0 1 -0 -0 0 1 4079.dat
1 0 30 -16 0 1 0 0 -0 1 -0 -0 0 1 4079.dat
1 19 -30 -88 10 1 0 0 0 1 0 0 0 1 3901.dat
1 14 -30 -88 10 1 0 0 0 1 0 0 0 1 3626BPS3.dat
1 15 -30 -64 10 1 0 0 0 1 0 0 0 1 973PS3.dat
1 15 -14.600006 -56 10 0.985435 0.170055 0 -0.170055 0.985435 0 0 0 1 3819.dat
1 14 -6.441788 -38.127014 0 0.985435 0.120247 -0.120247 -0.170055 0.696808 -0.696808 0 0.707107 0.707107 3820.dat
1 15 -45.400002 -56 10 0.985435 -0.170055 0 0.170055 0.985435 0 0 0 1 3818.dat
1 14 -53.558212 -38.127014 0 0.985435 -0.120247 0.120247 0.170055 0.696808 -0.696808 0 0.707107 0.707107 3820.dat
1 15 -30 -32 10 1 0 0 0 1 0 0 0 1 970.dat
1 19 -30 -20 10 1 0 0 0 0 1 0 -1 0 3817PDE.dat
1 19 -30 -20 10 1 0 0 0 0 1 0 -1 0 3816PDE.dat
1 7 85.346413 -88 -239.320694 0.707107 0 -0.707107 0 1 0 0.707107 0 0.707107 3901.dat
1 14 85.346413 -88 -239.320694 0.707107 0 -0.707107 0 1 0 0.707107 0 0.707107 3626BPS4.dat
1 19 85.346413 -64 -239.320694 0.707107 0 -0.707107 0 1 0 0.707107 0 0.707107 973PS6.dat
1 19 96.235863 -56 -228.431259 0.696808 0.120247 -0.707107 -0.170055 0.985435 0 0.696808 0.120247 0.707107 3819.dat
1 14 109.075653 -38.127014 -229.733597 0.696808 -0.414973 -0.585027 -0.170055 0.696808 -0.696808 0.696808 0.585027 0.414973 3820.dat
1 19 74.45697 -56 -250.210144 0.696808 0.249417 -0.672496 0.170055 0.853411 0.492717 0.696808 -0.45769 0.552249 3818.dat
1 14 82.436798 -45.56263 -267.912781 0.696808 -0.299162 -0.651891 0.170055 0.951857 -0.255049 0.696808 0.066863 0.714135 3820.dat
1 43 98.10952 -60.080368 -280.04248 0.696808 -0.45769 -0.552249 0.170055 0.853411 -0.492717 0.696808 0.249417 0.672496 577c01.dat
1 6 85.346413 -32 -239.320694 0.707107 0 -0.707107 0 1 0 0.707107 0 0.707107 970.dat
1 19 85.346413 -20 -239.320694 0.707107 0 -0.707107 0 1 0 0.707107 0 0.707107 3817.dat
1 19 85.346413 -20 -239.320694 0.707107 0 -0.707107 0 1 0 0.707107 0 0.707107 3816.dat