0 untitled model
0 Name: 
0 Author: 
0 Unofficial Model
1 7 -0.000001 0 0 1 0 0 0 1 0 0 0 1 3032.dat
1 0 39.999977 8 -19.999992 1 0 0 0 1 0 0 0 1 2654.dat
1 0 109.999977 8 -19.999992 1 0 0 0 1 0 0 0 1 2654.dat
1 0 149.999969 8 -19.999992 1 0 0 0 1 0 0 0 1 2654.dat
1 0 149.999969 8 20.000008 1 0 0 0 1 0 0 0 1 2654.dat
1 0 219.999969 8 20.000008 1 0 0 0 1 0 0 0 1 2654.dat
1 0 219.999969 8 -19.999992 1 0 0 0 1 0 0 0 1 2654.dat
1 0 259.999969 8 -19.999992 1 0 0 0 1 0 0 0 1 2654.dat
1 0 259.999969 8 20.000008 1 0 0 0 1 0 0 0 1 2654.dat
1 0 109.999969 8 20.000008 1 0 0 0 1 0 0 0 1 2654.dat
1 0 39.999989 8 19.999989 1 0 0 0 1 0 0 0 1 2654.dat
1 0 -39.999977 8 19.999989 1 0 0 0 1 0 0 0 1 2654.dat
1 0 -39.999977 8 -19.999989 1 0 0 0 1 0 0 0 1 2654.dat
1 0 -19.999979 -8 0.000006 1 0 0 0 1 0 0 0 1 3020.dat
1 0 39.999981 -8 -0.000002 0 0 -1 0 1 0 1 0 0 3730.dat
1 0 109.999985 -8 -0.000002 -0 0 1 0 1 0 -1 0 -0 3731.dat
1 0 219.999985 -8 -0.000002 0 0 1 0 1 0 -1 0 0 3731.dat
1 0 260 -8 -0.000002 0 0 1 0 1 0 -1 0 0 3022.dat
1 8 19.999996 -32 0.000002 -1 0 -0 0 1 0 0 0 -1 4854.dat
1 8 130 -32 0.000002 -1 -0 -0 -0 1 -0 0 -0 -1 4854.dat
1 8 240 -32 0.000002 -1 -0 -0 -0 1 -0 0 -0 -1 4854.dat
1 8 240 -64 10.000002 -1 0 0 0 1 0 0 0 -1 3037.dat
1 8 240 -64 -9.999998 1 -0 0 0 1 0 0 -0 1 3037.dat
1 0 260 -40 0.000002 -1 -0 -0 -0 1 -0 0 -0 -1 3003.dat
1 0 130 -40 0.000002 -1 -0 -0 -0 1 -0 0 -0 -1 3001.dat
1 54 10 -40 9.999996 -1 -0 -0 -0 1 -0 0 -0 -1 4589.dat
1 14 19.999996 -40 -29.999985 -1 -0 -0 -0 1 -0 0 -0 -1 2431.dat
1 14 19.999996 -40 29.999985 -1 -0 -0 -0 1 -0 0 -0 -1 2431.dat
1 14 -29.999989 -16 0.000002 0 -0 -1 -0 1 -0 1 0 0 2342.dat
1 14 130 -40 29.999985 -1 -0 -0 -0 1 -0 0 -0 -1 2431.dat
1 14 130 -40 -30.000015 -1 -0 -0 -0 1 -0 0 -0 -1 2431.dat
1 0 -29.999981 -40 -17.999998 -0 -0 -1 -1 0 -0 0 1 -0 4592.dat
1 0 -29.999981 -40 17.999981 0 0 1 -1 0 -0 0 -1 0 4592.dat
1 14 -29.999981 -40 17.999981 -0 0.965926 0.258819 -1 -0 -0 0 -0.258819 0.965926 4593.dat
1 14 -29.999985 -40 -19.99999 -0 0.965926 -0.258819 -1 -0 0 -0 0.258819 0.965926 4593.dat
1 54 9.999998 -40 -9.999996 -1 -0 -0 -0 1 -0 0 -0 -1 4589.dat
1 0 69.999969 -40 0.000004 0 -1 0 0 -0 -1 1 0 0 3003.dat
1 0 46 -40 0.000004 0 -1 0 0 -0 -1 1 0 0 3003.dat
1 0 149.999985 -8 -0.000002 -0 0 -1 0 1 0 1 0 -0 3730.dat
1 7 129.999985 0 -0.000002 0 0 -1 0 1 0 1 0 0 3031.dat
1 7 239.999985 0 -0.000002 0 0 -1 0 1 0 1 0 0 3031.dat
1 14 270 -40 30.000002 -1 -0 -0 -0 1 -0 0 -0 -1 4085c.dat
1 14 250 -40 30.000002 -1 -0 -0 -0 1 -0 0 -0 -1 4085c.dat
1 14 210 -40 30.000002 -1 -0 -0 -0 1 -0 0 -0 -1 4085c.dat
1 14 210 -40 -30 1 0 0 -0 1 -0 -0 0 1 4085c.dat
1 14 250 -40 -30 1 0 0 -0 1 -0 -0 0 1 4085c.dat
1 14 270 -40 -30 1 0 0 -0 1 -0 -0 0 1 4085c.dat
1 14 230 -40 0 0 -0 -1 -0 1 -0 1 0 0 2431.dat
1 0 210 -40 -10 -0 0 1 0 1 -0 -1 0 -0 4070.dat
1 0 196 -30 -10 0 1 0 -0 0 -1 -1 0 0 2555.dat
1 0 210 -40 10 0 -0 1 0 1 0 -1 0 0 4070.dat
1 0 270 -64 -50 1 -0 0 0 1 0 0 -0 1 6246b.dat
1 0 250 -64 -50 -1 0 0 0 1 0 0 0 -1 6246d.dat
1 0 210 -40 -50 0.258819 0 -0.965926 0 1 0 0.965926 -0 0.258819 6246c.dat
1 0 270 -72 50 1 -0 0 0 1 0 0 -0 1 6246e.dat
1 0 250 -72 50 1 -0 0 0 1 0 0 -0 1 6246a.dat
1 0 210 -40 50 -0.258819 0 -0.965926 0 1 0 0.965926 0 -0.258819 6246f.dat
0 STEP
1 7 -370 0 220 0 0 -1 0 1 0 1 0 0 3029.dat
1 7 -350 -24 330 -1 0 -0 0 1 0 0 0 -1 3747.dat
1 7 -390 -24 330 -1 -0 -0 -0 1 -0 0 -0 -1 3747.dat
1 8 -400 -24 260 -0 0 1 -0 1 -0 -1 -0 -0 3009.dat
1 8 -340 -24 260 0 -0 1 0 1 0 -1 0 0 3009.dat
1 8 -340 -104 310 0 0 1 0 1 0 -1 0 0 3622.dat
1 8 -420 -88 160 0 0 1 0 1 0 -1 0 0 3023.dat
1 8 -320 -88 160 0 0 1 0 1 0 -1 0 0 3023.dat
1 8 -370 -88 170 1 0 -0 0 1 0 0 0 1 3710.dat
1 8 -350 -120 170 1 0 -0 0 1 0 0 0 1 989.dat
1 40 -370 -136 170 1 0 0 0 0.707107 0.707107 0 -0.707107 0.707107 30372p79.dat
1 8 -390 -120 170 -1 0 0 0 1 0 -0 0 -1 989.dat
1 19 -370 -96 170 1 0 -0 0 1 0 0 0 1 3710.dat
1 19 -320 -96 140 -0 0 -1 0 1 0 1 0 -0 3710.dat
1 19 -420 -96 140 0 0 -1 0 1 0 1 0 0 3710.dat
1 19 -400 -96 80 0 0 -1 0 1 0 1 0 0 3710.dat
1 19 -340 -96 80 0 0 -1 0 1 0 1 0 0 3710.dat
1 19 -370 -96 0 0 0 -1 0 1 0 1 0 0 3034.dat
1 19 -370 -96 -150 -1 0 -0 0 1 0 0 0 -1 3069b.dat
1 19 -370 -136 180 -1 -0 -0 -0 1 -0 0 -0 -1 3068bps1.dat
1 7 -370 -96 -170 -1 -0 -0 -0 1 -0 0 -0 -1 3069b.dat
1 1 -370 -128 170 1 0 -0 0 1 0 0 0 1 3023.dat
1 8 -400 -104 310 0 0 1 0 1 0 -1 0 0 3622.dat
1 8 -400 -24 180 0 0 1 0 1 -0 -1 0 0 3660.dat
1 8 -340 -24 180 -0 0 -1 0 1 0 1 -0 -0 3660.dat
1 8 -400 -24 140 0 -0 1 0 1 0 -1 0 0 3660.dat
1 8 -400 -24 100 0 0 1 0 1 -0 -1 0 0 3660.dat
1 7 -380 0 90 -1 0 0 0 1 0 -0 0 -1 2420.dat
1 7 -360 0 90 0 -0 1 -0 1 0 -1 -0 0 2420.dat
1 8 -340 -24 140 -0 0 -1 0 1 0 1 -0 -0 3660.dat
1 8 -340 -24 100 -0 0 -1 0 1 0 1 -0 -0 3660.dat
1 7 -370 -24 70 1 -0 -0 0 1 -0 0 0 1 4855.dat
1 7 -370 -32 -100 0 0 -1 0 1 0 1 0 0 2445.dat
1 4 -370 -32 100 0 0 1 0 1 -0 -1 0 0 3035.dat
1 4 -320 -32 140 0 0 1 0 1 0 -1 -0 0 3666.dat
1 4 -370 -64 220 0 0 1 0 1 0 -1 0 0 3022.dat
1 4 -370 -80 180 1 0 -0 0 1 0 0 0 1 2456.dat
1 4 -420 -80 140 -0 0 -1 0 1 0 1 0 -0 3004.dat
1 4 -400 -64 220 0 0 1 0 1 0 -1 0 0 3794.dat
1 4 -340 -64 220 0 0 1 0 1 0 -1 0 0 3794.dat
1 4 -420 -32 140 0 0 1 0 1 0 -1 0 0 3666.dat
1 4 -370 -32 260 0 -0 1 0 1 0 -1 0 0 3035.dat
1 4 -340 -112 280 0 0 1 0 1 0 -1 0 0 2431.dat
1 4 -80 -72 220 0 0 1 0 1 0 -1 0 0 2412b.dat
1 4 -290 -72 260 0 0 1 0 1 0 -1 0 0 3068b.dat
1 4 -450 -72 260 0 0 1 0 1 0 -1 0 0 3068b.dat
1 4 -610 -88 240 0 0 1 0 1 0 -1 0 0 3068b.dat
1 4 -130 -88 240 0 0 1 0 1 0 -1 0 0 3068b.dat
1 4 -660 -72 220 0 0 1 0 1 0 -1 0 0 2412b.dat
1 4 -440 -128 260 0 0 1 0 1 0 -1 0 0 2412b.dat
1 4 -400 -112 280 0 0 1 0 1 0 -1 0 0 2431.dat
1 4 -370 -32 360 1 -0 -0 0 1 -0 0 0 1 3020.dat
1 7 -370 -40 370 1 0 0 0 1 0 0 0 1 3069bps1.dat
1 7 -370 -104 350 -1 0 0 0 1 0 0 0 -1 2362b.dat
1 7 -370 -112 350 1 0 0 -0 1 -0 0 0 1 4625.dat
1 7 -400 -56 290 -1 -0 0 -0 1 -0 0 -0 -1 3005.dat
1 7 -340 -56 290 -1 -0 0 -0 1 -0 0 -0 -1 3005.dat
1 7 -340 -80 370 -1 -0 0 -0 1 -0 0 -0 -1 3005.dat
1 7 -340 -104 350 -1 -0 0 -0 1 -0 0 -0 -1 3040b.dat
1 7 -380 -128 190 0 0 1 -0 1 -0 -1 -0 0 3040b.dat
1 7 -360 -128 190 -0 0 -1 0 1 0 1 0 -0 3040b.dat
1 7 -400 -104 350 -1 -0 0 -0 1 -0 0 -0 -1 3040b.dat
1 7 -400 -80 300 0 0 1 -0 1 -0 -1 -0 0 3009.dat
1 7 -550 -64 260 0 0 1 0 1 0 -1 0 0 30356.dat
1 7 -550 -80 260 0 0 1 0 1 0 -1 0 0 30356.dat
1 7 -460 -26 260 1 0 -0 0 1 0 0 0 1 30360.dat
1 7 -460 -114 260 1 0 -0 0 1 0 0 0 1 30360.dat
1 7 -280 -114 260 1 0 -0 0 1 0 0 0 1 30360.dat
1 0 -280 -114 318 1 0 0 0 -0 -1 0 1 -0 4032.dat
1 7 -460 -146 260 0 0 1 0 1 0 -1 0 0 3039.dat
1 7 -280 -146 260 -0 0 -1 0 1 0 1 0 -0 3039.dat
1 7 -500 -56 230 0 0 1 0 1 0 -1 0 0 4287.dat
1 7 -500 -56 290 0 0 1 0 1 0 -1 0 0 4287.dat
1 7 -340 -80 300 0 -0 1 0 1 0 -1 0 0 3009.dat
1 7 -190 -64 260 -0 0 -1 0 1 0 1 0 -0 30355.dat
1 7 -190 -80 260 0 0 -1 0 1 0 1 0 0 30355.dat
1 7 -280 -26 260 1 0 0 0 1 0 -0 0 1 30360.dat
1 7 -240 -56 230 0 0 -1 0 1 0 1 0 0 4287.dat
1 7 -240 -56 290 0 0 -1 0 1 0 1 0 0 4287.dat
1 7 -370 -104 190 1 -0 -0 0 1 -0 0 0 1 3009.dat
1 7 -400 -80 370 -1 -0 0 -0 1 -0 0 -0 -1 3005.dat
1 7 -340 -56 340 0 0 1 -0 1 -0 -1 -0 0 3010.dat
1 7 -400 -56 340 0 -0 1 0 1 0 -1 0 0 3010.dat
1 14 -370 -40 330 -1 -0 0 -0 1 -0 0 -0 -1 3069b.dat
1 14 -370 -40 300 -1 -0 0 -0 1 -0 0 -0 -1 3068b.dat
1 14 -370 -72 220 -1 -0 0 -0 1 -0 0 -0 -1 3068b.dat
1 7 -350 -56 270 1 -0 -0 0 1 -0 0 0 1 30365.dat
1 7 -350 -56 250 1 -0 -0 0 1 -0 0 0 1 30365.dat
1 8 -290 -56 250 -1 0 0 0 1 0 0 0 -1 30364.dat
1 8 -260 -56 260 0 -0 -1 -0 1 -0 1 0 0 3747.dat
1 8 -80 -56 240 1 0 0 0 1 -0 -0 0 1 30359a.dat
1 8 -80 -104 240 1 0 0 0 1 -0 -0 0 1 30359a.dat
1 8 -80 -46 100 1 0 0 -0 0 1 0 -1 0 4740.dat
1 8 -80 -96 100 1 0 0 -0 0 1 0 -1 0 4740.dat
1 8 -660 -46 100 1 0 0 -0 0 1 0 -1 0 4740.dat
1 8 -660 -96 100 1 0 0 -0 0 1 0 -1 0 4740.dat
1 7 -660 -46 92 1 0 0 -0 0 1 0 -1 0 4589.dat
1 7 -660 -96 92 1 0 0 -0 0 1 0 -1 0 4589.dat
1 7 -80 -46 92 1 0 0 -0 0 1 0 -1 0 4589.dat
1 7 -80 -96 92 1 0 0 -0 0 1 0 -1 0 4589.dat
1 8 -290 -56 270 -1 -0 0 -0 1 -0 0 -0 -1 30364.dat
1 8 -290 -104 270 -1 -0 0 -0 1 -0 0 -0 -1 30364.dat
1 8 -260 -104 260 0 -0 -1 -0 1 -0 1 0 0 3298.dat
1 8 -290 -104 250 -1 -0 0 -0 1 -0 0 -0 -1 30364.dat
1 7 -350 -104 270 1 -0 -0 0 1 -0 0 0 1 30365.dat
1 7 -350 -104 250 1 -0 -0 0 1 -0 0 0 1 30365.dat
1 7 -390 -104 250 -1 0 0 0 1 -0 -0 -0 -1 30365.dat
1 7 -500 -104 230 0 0 1 -0 1 -0 -1 -0 0 4286.dat
1 7 -240 -104 230 -0 0 -1 0 1 0 1 0 -0 4286.dat
1 7 -500 -104 290 0 -0 1 0 1 0 -1 0 0 4286.dat
1 7 -240 -104 290 -0 -0 -1 0 1 -0 1 -0 -0 4286.dat
1 7 -570 -88 270 1 -0 -0 0 1 -0 0 0 1 2431p79.dat
1 7 -170 -88 270 1 -0 -0 0 1 -0 0 0 1 2431p79.dat
1 7 -390 -104 270 -1 -0 0 -0 1 -0 -0 -0 -1 30365.dat
1 7 -390 -56 250 -1 0 0 0 1 -0 -0 -0 -1 30365.dat
1 8 -450 -56 250 1 0 0 -0 1 -0 0 0 1 30364.dat
1 8 -480 -56 260 0 0 1 -0 1 -0 -1 -0 0 3747.dat
1 8 -660 -56 240 1 0 -0 0 1 0 0 -0 1 30359a.dat
1 8 -660 -104 240 1 0 -0 0 1 0 0 -0 1 30359a.dat
1 8 -450 -56 270 1 0 0 -0 1 -0 0 0 1 30364.dat
1 8 -450 -104 270 1 0 0 -0 1 -0 0 0 1 30364.dat
1 8 -450 -104 250 1 0 0 -0 1 -0 0 0 1 30364.dat
1 8 -480 -104 260 0 0 1 -0 1 -0 -1 -0 0 3298.dat
1 7 -390 -56 270 -1 0 0 0 1 -0 -0 -0 -1 30365.dat
1 0 -390 -56 200 0 0 1 -0 1 -0 -1 -0 0 3001.dat
1 0 -370 -80 260 0 -0 1 0 1 0 -1 0 0 3003.dat
1 0 -350 -56 200 0 -0 1 0 1 0 -1 0 0 3001.dat
1 0 -370 -56 60 0 0 1 0 1 -0 -1 0 0 3001.dat
1 0 -370 -80 70 -1 0 0 0 1 0 -0 0 -1 3039ps1.dat
1 1 -400 -56 100 0 -0 1 0 1 0 -1 0 0 3004.dat
1 1 -340 -56 100 0 0 1 0 1 -0 -1 0 0 3004.dat
1 7 -400 -40 140 0 0 1 0 1 -0 -1 0 0 3069bps1.dat
1 7 -420 -56 180 0 -0 1 0 1 0 -1 0 0 2877.dat
1 7 -320 -56 180 -0 -0 -1 0 1 -0 1 -0 -0 2877.dat
1 7 -320 -56 140 0 -0 -1 0 1 -0 1 -0 0 2877.dat
1 7 -320 -56 100 0 -0 -1 0 1 -0 1 -0 0 2877.dat
1 7 -420 -56 140 -0 -0 1 0 1 0 -1 0 -0 2877.dat
1 7 -420 -56 100 -0 -0 1 0 1 0 -1 0 -0 2877.dat
1 7 -410 -80 90 1 -0 -0 0 1 -0 0 0 1 6564.dat
1 7 -410 -56 50 1 -0 -0 0 1 -0 0 0 1 6564.dat
1 7 -330 -56 50 1 -0 -0 0 1 -0 0 0 1 6565.dat
1 7 -330 -80 90 1 -0 -0 0 1 -0 0 0 1 6565.dat
1 7 -340 -40 140 0 -0 1 0 1 0 -1 0 0 3069bps1.dat
1 19 -370 -40 130 0 0 1 0 1 -0 -1 0 0 3021.dat
1 4 -320 -80 140 0 0 -1 0 1 0 1 0 0 3004.dat
1 8 -420 -88 110 1 0 -0 0 1 0 0 0 1 2420.dat
1 8 -400 -88 70 1 0 -0 0 1 0 0 0 1 2420.dat
1 8 -340 -88 70 -0 0 -1 0 1 0 1 0 -0 2420.dat
1 8 -370 -64 -260 1 0 0 0 1 0 -0 0 1 4859.dat
1 8 -320 -88 110 0 0 -1 0 1 0 1 0 0 2420.dat
1 8 -370 -112 260 0 0 -1 0 1 0 1 0 0 3022.dat
1 19 -370 -120 260 -1 0 -0 0 1 0 0 0 -1 3068bps1.dat
1 8 -370 -120 320 1 0 0 0 1 0 -0 0 1 4213.dat
1 7 -360 -56 10 0 0 -1 0 1 0 1 0 0 3665.dat
1 7 -380 -56 10 -0 0 1 0 1 0 -1 0 -0 3665.dat
1 7 -370 -56 -20 0 0 1 0 1 0 -1 0 0 4871.dat
1 7 -370 -56 -80 0 0 1 0 1 0 -1 0 0 4854.dat
1 7 -370 -56 -160 0 0 1 0 1 0 -1 0 0 4854.dat
1 7 -360 -88 -60 -0 0 -1 0 1 0 1 0 -0 3037.dat
1 7 -360 -88 0 0 0 -1 0 1 0 1 0 0 3039.dat
1 7 -380 -88 0 -0 0 1 0 1 0 -1 0 -0 3039.dat
1 7 -380 -88 50 0 0 1 0 1 0 -1 0 0 3046.dat
1 7 -360 -88 50 1 0 -0 0 1 0 0 0 1 3046.dat
1 7 -380 -88 -60 -0 0 1 0 1 0 -1 0 -0 3037.dat
1 7 -340 -64 -140 0 0 1 0 1 0 -1 0 0 2431.dat
1 7 -370 -56 -210 1 0 -0 0 1 0 0 0 1 4855.dat
1 4 -370 -64 -200 1 0 -0 0 1 0 0 0 1 3020.dat
1 4 -370 -64 -20 -0 0 -1 0 1 0 1 0 -0 3035.dat
1 7 -400 -64 -140 -0 0 -1 0 1 0 1 0 -0 4625.dat
1 7 -370 -88 -140 0 0 -1 0 1 0 1 0 0 4857.dat
1 7 -360 -88 -190 0 0 -1 0 1 0 1 0 0 3040b.dat
1 7 -380 -88 -190 -0 0 1 0 1 0 -1 0 -0 3040b.dat
1 7 -370 -88 -210 1 0 -0 0 1 0 0 0 1 6069ps1.dat
1 4 -300 -128 260 0 0 1 0 1 0 -1 0 0 2412b.dat
1 15 -194.80011 -88 -1.98827 0.707107 0 -0.707107 0 1 0 0.707107 0 0.707107 3842a.dat
1 14 -194.80011 -88 -1.98827 0.707107 0 -0.707107 0 1 0 0.707107 0 0.707107 3626BP03.dat
1 25 -194.80011 -64 -1.98827 0.707107 0 -0.707107 0 1 0 0.707107 0 0.707107 973PS1.dat
1 25 -183.910675 -56 8.901169 0.696808 0.120247 -0.707107 -0.170055 0.985435 0 0.696808 0.120247 0.707107 3819.dat
1 0 -171.070877 -38.127014 7.598833 0.696808 -0.414973 -0.585027 -0.170055 0.696808 -0.696808 0.696808 0.585027 0.414973 3820.dat
1 25 -205.689545 -56 -12.87771 0.696808 -0.120247 -0.707107 0.170055 0.985435 0 0.696808 -0.120247 0.707107 3818.dat
1 0 -204.387207 -38.127014 -25.717508 0.696808 -0.585027 -0.414973 0.170055 0.696808 -0.696808 0.696808 0.414973 0.585027 3820.dat
1 8 -194.80011 -32 -1.98827 0.707107 0 -0.707107 0 1 0 0.707107 0 0.707107 970.dat
1 25 -194.80011 -20 -1.98827 0.707107 0 -0.707107 0 1 0 0.707107 0 0.707107 3817.dat
1 25 -194.80011 -20 -1.98827 0.707107 0 -0.707107 0 1 0 0.707107 0 0.707107 3816.dat
1 15 -370 -120 150 1 0 0 0 1 0 0 0 1 3842a.dat
1 14 -370 -120 150 1 0 0 0 1 0 0 0 1 3626BPS3.dat
1 25 -370 -96 150 1 0 0 0 1 0 0 0 1 973PS1.dat
1 25 -354.600006 -88 150 0.985435 0.170055 0 0 0 1 0.170055 -0.985435 0 3819.dat
1 0 -346.441772 -98.127014 132 0.985435 0.120247 -0.120247 0 0.707107 0.707107 0.170055 -0.696807 0.696807 3820.dat
1 25 -385.399994 -88 150 0.985435 -0.170055 0 0 0 1 -0.170055 -0.985435 0 3818.dat
1 0 -393.558228 -98.127014 132 0.985435 -0.120247 0.120247 -0 0.707107 0.707107 -0.170055 -0.696807 0.696807 3820.dat
1 8 -370 -64 150 1 0 0 0 1 0 0 0 1 970.dat
1 25 -370 -52 150 1 0 0 0 0 1 0 -1 0 3817.dat
1 25 -370 -52 150 1 0 0 0 0 1 0 -1 0 3816.dat
1 19 -51.658905 -104 -0.183406 0 0 1 0 1 0 -1 0 0 4485.dat
1 14 -51.658905 -104 -0.183406 0 0 1 0 1 0 -1 0 0 3626BP06.dat
1 19 -51.658905 -80 -0.183406 0 0 1 0 1 0 -1 0 0 973PSA.dat
1 19 -51.658905 -72 -15.58341 0 0 1 -0.170055 0.985435 0 -0.985435 -0.170055 0 3819.dat
1 14 -61.658905 -54.127014 -23.741615 0 0.707107 0.707107 -0.170055 0.696808 -0.696808 -0.985435 -0.120247 0.120247 3820.dat
1 19 -51.658905 -72 15.216593 0 0 1 0.170055 0.985435 0 -0.985435 0.170055 0 3818.dat
1 14 -61.658905 -54.127014 23.3748 0 0.707107 0.707107 0.170055 0.696808 -0.696808 -0.985435 0.120247 -0.120247 3820.dat
1 19 -51.658905 -48 -0.183406 0 0 1 0 1 0 -1 0 0 970.dat
1 19 -51.658905 -36 -0.183406 0 0 1 0 1 0 -1 0 0 3817.dat
1 19 -51.658905 -36 -0.183406 0 0 1 0 1 0 -1 0 0 3816.dat
1 15 -370 -112 220 1 0 0 0 1 0 0 0 1 30361ps1.dat
1 15 -370 -144 220 1 0 0 0 1 0 0 0 1 553ps1.dat
1 15 -350 -112 220 0 0 1 0 1 0 -1 0 0 30362.dat
1 15 -390 -112 220 -0 0 -1 0 1 0 1 0 -0 30362.dat
1 7 -280 -114 326 1 0 0 0 -0 -1 0 1 -0 3941.dat
1 7 -280 -114 350 1 0 0 0 -0 -1 0 1 -0 3941.dat
1 57 -280 -114 374 1 0 0 0 -0 -1 0 1 -0 3941.dat
1 0 -460 -114 318 1 0 0 0 -0 -1 0 1 -0 4032.dat
1 7 -460 -114 326 1 0 0 0 -0 -1 0 1 -0 3941.dat
1 7 -460 -114 350 1 0 0 0 -0 -1 0 1 -0 3941.dat
1 57 -460 -114 374 1 0 0 0 -0 -1 0 1 -0 3941.dat
1 0 -280 -26 318 1 0 0 0 -0 -1 0 1 -0 4032.dat
1 7 -280 -26 326 1 0 0 0 -0 -1 0 1 -0 3941.dat
1 7 -280 -26 350 1 0 0 0 -0 -1 0 1 -0 3941.dat
1 0 -460 -26 318 1 0 0 0 -0 -1 0 1 -0 4032.dat
1 7 -460 -26 326 1 0 0 0 -0 -1 0 1 -0 3941.dat
1 7 -460 -26 350 1 0 0 0 -0 -1 0 1 -0 3941.dat
1 57 -460 -26 374 1 0 0 0 -0 -1 0 1 -0 3941.dat
1 57 -280 -26 374 1 0 0 0 -0 -1 0 1 -0 3941.dat
0 STEP