0
1  8 0 0 0 0 0 -1 0 1 0 1 0 0 3028.dat
1  8 120 0 0 0 0 -1 0 1 0 1 0 0 3028.dat
1  19 80 -8 30 -1 0 0 0 1 0 0 0 -1 3460.dat
1  19 80 -8 -30 -1 0 0 0 1 0 0 0 -1 3460.dat
1  7 170 -8 40 0 0 -1 0 1 0 1 0 0 4315.dat
1  7 170 -8 -40 0 0 -1 0 1 0 1 0 0 4315.dat
1  15 188 -40 40 0 -1 0 0 0 1 -1 0 0 4213.dat
1  15 188 -40 -40 0 -1 0 0 0 1 -1 0 0 4213.dat
1  15 180 -80 0 0 -1 0 0 0 1 -1 0 0 3795.dat
1  15 188 -100 0 0 -1 0 0 0 1 -1 0 0 3795.dat
1  41 196 -50 60 0 -1 0 0 0 1 -1 0 0 2412B.dat
1  41 196 -50 20 0 -1 0 0 0 1 -1 0 0 2412B.dat
1  41 196 -50 -20 0 -1 0 0 0 1 -1 0 0 2412B.dat
1  41 196 -50 -60 0 -1 0 0 0 1 -1 0 0 2412B.dat
1  19 130 -24 110 -1 0 0 0 1 0 0 0 -1 3062B.dat
1  19 -10 -24 110 -1 0 0 0 1 0 0 0 -1 3062B.dat
1  19 -10 -24 -110 -1 0 0 0 1 0 0 0 -1 3062B.dat
1  19 130 -24 -110 -1 0 0 0 1 0 0 0 -1 3062B.dat
1  8 100 -16 30 -1 0 0 0 1 0 0 0 -1 4162.dat
1  8 100 -16 -30 -1 0 0 0 1 0 0 0 -1 4162.dat
1  15 10 -24 120 0 0 -1 0 1 0 1 0 0 30365.dat
1  15 110 -24 120 0 0 -1 0 1 0 1 0 0 30365.dat
1  15 110 -24 -120 0 0 1 0 1 0 -1 0 0 30365.dat
1  15 10 -24 -120 0 0 1 0 1 0 -1 0 0 30365.dat
1  1 0 -24 -80 0 0 1 0 1 0 -1 0 0 3003.dat
1  1 120 -24 -80 0 0 1 0 1 0 -1 0 0 3003.dat
1  1 120 -24 80 0 0 1 0 1 0 -1 0 0 3003.dat
1  1 0 -24 80 0 0 1 0 1 0 -1 0 0 3003.dat
1  19 60 -32 70 -1 0 0 0 1 0 0 0 -1 3460.dat
1  19 60 -32 -70 -1 0 0 0 1 0 0 0 -1 3460.dat
1  2 -40 -24 0 0 0 1 0 1 0 -1 0 0 3001.dat
1  7 80 -40 70 -1 0 0 0 1 0 0 0 -1 3666.dat
1  7 80 -40 -70 -1 0 0 0 1 0 0 0 -1 3666.dat
1  2 0 -40 -70 -1 0 0 0 1 0 0 0 -1 32028.dat
1  2 0 -40 70 1 0 0 0 1 0 0 0 1 32028.dat
1  15 0 -34 110 0 0 1 0 1 0 -1 0 0 30360.dat
1  15 120 -34 110 0 0 1 0 1 0 -1 0 0 30360.dat
1  15 0 -34 -110 0 0 1 0 1 0 -1 0 0 30360.dat
1  15 120 -34 -110 0 0 1 0 1 0 -1 0 0 30360.dat
1  7 120 -64 -110 1 0 0 0 1 0 0 0 1 3039.dat
1  7 0 -64 -110 1 0 0 0 1 0 0 0 1 3039.dat
1  7 0 -64 110 -1 0 0 0 1 0 0 0 -1 3039.dat
1  7 120 -64 110 -1 0 0 0 1 0 0 0 -1 3039.dat
1  8 -60 -44 120 0 0 -1 0 1 0 1 0 0 3959.dat
1  8 -60 -44 100 0 0 -1 0 1 0 1 0 0 3959.dat
1  8 -60 -44 -100 0 0 -1 0 1 0 1 0 0 3959.dat
1  8 -60 -44 -120 0 0 -1 0 1 0 1 0 0 3959.dat
1  1 120 -64 80 0 0 1 0 1 0 -1 0 0 3003.dat
1  1 120 -64 -80 0 0 1 0 1 0 -1 0 0 3003.dat
1  15 -40 -48 -30 -1 0 0 0 1 0 0 0 -1 30365.dat
1  15 -40 -48 30 -1 0 0 0 1 0 0 0 -1 30365.dat
1  8 -30 -56 0 0 0 1 0 1 0 -1 0 0 3710.dat
1  8 -10 -64 0 0 0 1 0 1 0 -1 0 0 6111.dat
1  1 -30 -64 30 0 0 1 0 1 0 -1 0 0 4073.dat
1  1 -30 -64 -30 0 0 1 0 1 0 -1 0 0 4073.dat
1  15 60 -72 100 1 0 0 0 1 0 0 0 1 2445.dat
1  15 60 -72 -100 1 0 0 0 1 0 0 0 1 2445.dat
1  15 80 -88 70 1 0 0 0 1 0 0 0 1 6111.dat
1  15 80 -88 -70 1 0 0 0 1 0 0 0 1 6111.dat
1  8 -10 -88 -30 -1 0 0 0 1 0 0 0 -1 2357.dat
1  8 -10 -88 30 0 0 -1 0 1 0 1 0 0 2357.dat
1  19 100 -96 70 1 0 0 0 1 0 0 0 1 3460.dat
1  19 100 -96 -70 1 0 0 0 1 0 0 0 1 3460.dat
1  15 -20 -104 -70 1 0 0 0 1 0 0 0 1 6081.dat
1  15 -20 -104 70 -1 0 0 0 1 0 0 0 -1 6081.dat
1  15 60 -128 -50 1 0 0 0 1 0 0 0 1 6081.dat
1  15 140 -128 -50 1 0 0 0 1 0 0 0 1 6081.dat
1  15 140 -128 50 -1 0 0 0 1 0 0 0 -1 6081.dat
1  15 60 -128 50 -1 0 0 0 1 0 0 0 -1 6081.dat
1  7 -30 -112 0 0 0 -1 0 1 0 1 0 0 3659.dat
1  7 -20 -120 70 -1 0 0 0 1 0 0 0 -1 3010.dat
1  7 -20 -120 -70 -1 0 0 0 1 0 0 0 -1 3010.dat
1  8 -30 -120 0 0 0 1 0 1 0 -1 0 0 3710.dat
1  15 -20 -128 0 0 0 1 0 1 0 -1 0 0 3035.dat
1  15 100 -128 0 1 0 0 0 1 0 0 0 1 3036.dat
1  15 170 -136 10 0 0 1 0 1 0 -1 0 0 4592.dat
1  0 170 -136 10 0 -0.615857 0.7880084 0 0.7880084 0.615857 -1 0 0 4593.dat
1  15 170 -136 -10 0 0 1 0 1 0 -1 0 0 4592.dat
1  0 170 -136 -10 0 -0.615857 0.7880084 0 0.7880084 0.615857 -1 0 0 4593.dat
1  19 170 -152 -30 1 0 0 0 1 0 0 0 1 3062B.dat
1  19 170 -152 30 1 0 0 0 1 0 0 0 1 3062B.dat
1  7 140 -152 30 1 0 0 0 1 0 0 0 1 2877.dat
1  7 100 -152 30 1 0 0 0 1 0 0 0 1 2877.dat
1  7 60 -152 30 1 0 0 0 1 0 0 0 1 2877.dat
1  7 140 -152 -30 -1 0 0 0 1 0 0 0 -1 2877.dat
1  7 100 -152 -30 -1 0 0 0 1 0 0 0 -1 2877.dat
1  7 60 -152 -30 -1 0 0 0 1 0 0 0 -1 2877.dat
1  15 30 -152 0 0 0 1 0 1 0 -1 0 0 3297PS1.dat
1  15 100 -160 0 1 0 0 0 1 0 0 0 1 3035.dat
1  42 50 8 -30 0 0 -1 0 1 0 1 0 0 4073.dat
1  42 50 8 30 0 0 -1 0 1 0 1 0 0 4073.dat
1  7 30 -168 0 0 0 1 0 1 0 -1 0 0 3794.dat
1  7 50 -168 0 0 0 1 0 1 0 -1 0 0 3794.dat
1  7 70 -168 0 0 0 1 0 1 0 -1 0 0 3794.dat
1  7 170 -168 0 0 0 1 0 1 0 -1 0 0 3794.dat
1  19 120 -168 0 1 0 0 0 1 0 0 0 1 3020.dat
1  8 140 -192 0 1 0 0 0 1 0 0 0 1 30165.dat
1  8 100 -192 0 1 0 0 0 1 0 0 0 1 30165.dat
1  15 -153.3099 -1.183331 0 0.9659258 0.258819 0 -0.258819 0.9659258 0 0 0 1 4597.dat
1  7 -199.5356 19.48502 0 0 0.258819 0.9659258 0 0.9659258 -0.258819 -1 0 0 3747.dat
1  8 -93.28376 -8.985065 0 0 0.258819 0.9659258 0 0.9659258 -0.258819 -1 0 0 3001.dat
1  7 -85.69505 -19.30066 0 0 0.258819 0.9659258 0 0.9659258 -0.258819 -1 0 0 3666.dat
1  7 -230.5839 19.52219 0 0 0.258819 0.9659258 0 0.9659258 -0.258819 -1 0 0 3020.dat
1  8 -136.0619 -14.08712 60 -0.9659258 0.258819 0 0.258819 0.9659258 0 0 0 -1 3795.dat
1  8 -136.0619 -14.08712 -60 -0.9659258 0.258819 0 0.258819 0.9659258 0 0 0 -1 3795.dat
1  15 -232.6545 11.79478 0 0 0.258819 0.9659258 0 0.9659258 -0.258819 -1 0 0 32059.dat
1  7 -101.566 -39.89469 30 0.9659258 0.258819 0 -0.258819 0.9659258 0 0 0 1 30364.dat
1  7 -101.566 -39.89469 -30 0.9659258 0.258819 0 -0.258819 0.9659258 0 0 0 1 30364.dat
1  8 -205.7473 -3.697193 0 0 0.258819 -0.9659258 0 0.9659258 0.258819 1 0 0 3069BPA2.dat
1  15 -103.6365 -47.6221 70 -0.9659258 0.258819 0 0.258819 0.9659258 0 0 0 -1 3010.dat
1  15 -103.6365 -47.6221 -70 -0.9659258 0.258819 0 0.258819 0.9659258 0 0 0 -1 3010.dat
1  15 -151.9328 -34.68115 -70 0 0.258819 0.9659258 0 0.9659258 -0.258819 -1 0 0 4286.dat
1  15 -151.9328 -34.68115 70 0 0.258819 0.9659258 0 0.9659258 -0.258819 -1 0 0 4286.dat
1  0 -93.97726 -50.21029 30 -0.9659258 0.258819 0 0.258819 0.9659258 0 0 0 -1 3623.dat
1  0 -93.97726 -50.21029 -30 -0.9659258 0.258819 0 0.258819 0.9659258 0 0 0 -1 3623.dat
1  19 -76.7293 -63.11407 0 0 0.258819 -0.9659258 0 0.9659258 0.258819 1 0 0 3460.dat
1  7 -105.7071 -55.3495 50 0 0.258819 -0.9659258 0 0.9659258 0.258819 1 0 0 3021.dat
1  7 -105.7071 -55.3495 -50 0 0.258819 -0.9659258 0 0.9659258 0.258819 1 0 0 3021.dat
1  8 -88.45911 -68.2533 -50 -0.9659258 0.258819 0 0.258819 0.9659258 0 0 0 -1 3710.dat
1  8 -88.45911 -68.2533 50 -0.9659258 0.258819 0 0.258819 0.9659258 0 0 0 -1 3710.dat
1  8 -144.3441 -44.99674 70 -0.9659258 0.258819 0 0.258819 0.9659258 0 0 0 -1 3069B.dat
1  8 -144.3441 -44.99674 -70 -0.9659258 0.258819 0 0.258819 0.9659258 0 0 0 -1 3069B.dat
1  15 -96.74132 -99.16292 -30 0.9659258 0.258819 0 -0.258819 0.9659258 0 0 0 1 6081.dat
1  15 -96.74132 -99.16292 30 -0.9659258 0.258819 0 0.258819 0.9659258 0 0 0 -1 6081.dat
1  0 -143.4426 -35.40395 -1 0 0 1 0 1 0 -1 0 0 973PSN.dat
1  0 -143.4426 -3.403954 -1 0 0 1 0 1 0 -1 0 0 3815.dat
1  0 -143.4426 8.596046 -1 0 -0.9659258 0.258819 0 0.258819 0.9659258 -1 0 0 3816.dat
1  0 -143.4426 8.596046 -1 0 -0.9659258 0.258819 0 0.258819 0.9659258 -1 0 0 3817.dat
1  0 -143.4426 -26.4399 -16.60048 0 -0.5735735 0.8191535 -0.1736513 0.8067082 0.5648594 -0.9848069 -0.1422472 -0.09960187 981.dat
1  0 -143.4426 -26.43985 14.60038 0 -0.5735735 0.8191535 0.1736516 0.8067082 0.5648594 -0.9848069 0.1422473 0.09960201 982.dat
1  14 -161.9499 -17.2278 21.30188 0 0.1736512 0.9848068 0.1736516 0.9698447 -0.1710129 -0.9848068 0.1710133 -0.03015476 3820.dat
1  14 -161.9498 -17.22787 -23.30199 0 0.1736512 0.9848068 -0.1736513 0.9698447 -0.1710129 -0.9848069 -0.1710131 0.0301548 3820.dat
1  14 -143.4426 -59.40395 -1 0 0 1 0 1 0 -1 0 0 3626AP01.dat
1  0 -143.4426 -59.40395 -1 0 0 1 0 1 0 -1 0 0 3624.dat
1  15 -96.74132 -99.16292 0 0 0.258819 0.9659258 0 0.9659258 -0.258819 -1 0 0 6179.dat
1  47 -212.6524 -68.10464 0 0 0.258819 0.9659258 0 0.9659258 -0.258819 -1 0 0 32086PS1.dat
1  7 120 88.81743 -294.3812 0 0 1 0.258819 0.9659258 0 -0.9659258 0.258819 0 3029.dat
1  15 120 39.7533 -204 1 0 0 0 0.9659258 -0.258819 0 0.258819 0.9659258 6215.dat
1  15 150 70.73726 -257.8147 0 0 -1 -0.258819 0.9659258 0 0.9659258 0.258819 0 2431.dat
1  15 140 112.1483 -412.3628 0 0 -1 -0.258819 0.9659258 0 0.9659258 0.258819 0 2445.dat
1  15 20 88.81743 -294.3812 1 0 0 0 0.9659258 -0.258819 0 0.258819 0.9659258 30356.dat
1  15 60 112.1483 -412.3628 1 0 0 0 0.9659258 -0.258819 0 0.258819 0.9659258 30356.dat
1  15 0 39.7533 -204 -1 0 0 0 0.9659258 0.258819 0 0.258819 -0.9659258 6215.dat
1  15 120 132.891 -520.6852 -1 0 0 0 0.9659258 0.258819 0 0.258819 -0.9659258 2431.dat
1  42 70 132.891 -520.6852 -1 0 0 0 0.9659258 0.258819 0 0.258819 -0.9659258 4073.dat
1  7 90 39.7533 -204 0 0 1 0.258819 0.9659258 0 -0.9659258 0.258819 0 30526.dat
1  7 30 39.7533 -204 0 0 -1 -0.258819 0.9659258 0 0.9659258 0.258819 0 30526.dat
1  7 70 57.17714 -230.3898 0 1 0 -0.9659258 0 -0.258819 -0.258819 0 0.9659258 32348.dat
1  7 50 57.17714 -230.3898 0 1 0 -0.9659258 0 -0.258819 -0.258819 0 0.9659258 32348.dat
1  7 30 10.08496 -170.4648 0 0 -1 -0.9271837 0.3746066 0 0.3746068 0.927183 0 30526.dat
1  7 90 10.06944 -170.5101 0 0 1 0.9271837 0.3746066 0 -0.3746068 0.927183 0 30526.dat
1  15 60 32.0259 -206.0708 -1 0 0 0 0.9659258 0.258819 0 0.258819 -0.9659258 3034.dat
1  7 60 19.07551 -148.2124 1 0 0 0 0.3746066 -0.9271837 0 0.927183 0.3746068 3832.dat
1  7 10 10.06944 -170.5101 0 0 -1 -0.9271837 0.3746066 0 0.3746068 0.927183 0 30364.dat
1  7 110 10.06944 -170.5101 0 0 -1 -0.9271837 0.3746066 0 0.3746068 0.927183 0 30364.dat
1  7 -10 0.7975998 -166.764 0 0 1 0.9271837 0.3746066 0 -0.3746068 0.927183 0 4070.dat
1  7 -10 19.34128 -174.2561 0 0 1 0.9271837 0.3746066 0 -0.3746068 0.927183 0 4070.dat
1  15 130 16.34443 -181.6736 0 0 -1 -0.9271837 0.3746066 0 0.3746068 0.927183 0 6091.dat
1  15 130 -2.199245 -174.1814 0 0 -1 -0.9271837 0.3746066 0 0.3746068 0.927183 0 6091.dat
1  15 60 7.07259 -177.9275 -1 0 0 0 0.3746066 0.9271837 0 0.927183 -0.3746068 3034.dat
1  7 60 -5.196106 -181.5989 -1 0 0 0 0.3746066 0.9271837 0 0.927183 -0.3746068 2412B.dat
1  7 0 4.543671 -157.4922 0 -1 0 -0.3746066 0 0.9271837 -0.927183 0 -0.3746068 30374.dat
1  7 0 23.08735 -164.9843 0 -1 0 -0.3746066 0 0.9271837 -0.927183 0 -0.3746068 30374.dat
1  15 140 112.1483 412.3629 0 0 1 -0.258819 0.9659258 0 -0.9659258 -0.258819 0 2445.dat
1  15 0 39.7533 204 -1 0 0 0 0.9659258 -0.258819 0 -0.258819 -0.9659258 6215.dat
1  15 150 70.73723 257.8147 0 0 1 -0.258819 0.9659258 0 -0.9659258 -0.258819 0 2431.dat
1  7 120 88.81741 294.3811 0 0 -1 0.258819 0.9659258 0 0.9659258 -0.258819 0 3029.dat
1  15 120 39.7533 204 1 0 0 0 0.9659258 0.258819 0 -0.258819 0.9659258 6215.dat
1  15 120 132.891 520.6852 1 0 0 0 0.9659258 0.258819 0 -0.258819 0.9659258 2431.dat
1  42 70 132.891 520.6852 1 0 0 0 0.9659258 0.258819 0 -0.258819 0.9659258 4073.dat
1  7 30 39.7533 204 0 0 -1 0.258819 0.9659258 0 0.9659258 -0.258819 0 30526.dat
1  7 90 39.7533 204 0 0 1 -0.258819 0.9659258 0 -0.9659258 -0.258819 0 30526.dat
1  15 60 32.02589 206.0708 1 0 0 0 0.9659258 0.258819 0 -0.258819 0.9659258 3034.dat
1  7 90 10.08496 170.4648 0 0 1 -0.9271837 0.3746066 0 -0.3746068 -0.927183 0 30526.dat
1  7 30 10.06945 170.5101 0 0 -1 0.9271837 0.3746066 0 0.3746068 -0.927183 0 30526.dat
1  7 60 19.07551 148.2124 -1 0 0 0 0.3746066 -0.9271837 0 -0.927183 -0.3746068 3832.dat
1  7 10 10.06945 170.5101 0 0 1 -0.9271837 0.3746066 0 -0.3746068 -0.927183 0 30364.dat
1  15 130 16.34443 181.6736 0 0 -1 0.9271837 0.3746066 0 0.3746068 -0.927183 0 6091.dat
1  7 -10 19.34129 174.2561 0 0 1 -0.9271837 0.3746066 0 -0.3746068 -0.927183 0 4070.dat
1  7 -10 0.7976069 166.764 0 0 1 -0.9271837 0.3746066 0 -0.3746068 -0.927183 0 4070.dat
1  15 130 -2.199243 174.1814 0 0 -1 0.9271837 0.3746066 0 0.3746068 -0.927183 0 6091.dat
1  15 60 7.072596 177.9275 1 0 0 0 0.3746066 0.9271837 0 -0.927183 0.3746068 3034.dat
1  7 60 -5.196092 181.5989 1 0 0 0 0.3746066 0.9271837 0 -0.927183 0.3746068 2412B.dat
1  7 0 23.08735 164.9843 0 -1 0 -0.3746066 0 -0.9271837 0.927183 0 -0.3746068 30374.dat
1  7 0 4.543675 157.4922 0 -1 0 -0.3746066 0 -0.9271837 0.927183 0 -0.3746068 30374.dat
1  7 110 10.06945 170.5101 0 0 1 -0.9271837 0.3746066 0 -0.3746068 -0.927183 0 30364.dat
1  7 50 57.17711 230.3898 0 -1 0 -0.9659258 0 -0.258819 0.258819 0 -0.9659258 32348.dat
1  7 70 57.17711 230.3898 0 -1 0 -0.9659258 0 -0.258819 0.258819 0 -0.9659258 32348.dat
1  15 60 112.1483 412.3629 -1 0 0 0 0.9659258 -0.258819 0 -0.258819 -0.9659258 30355.dat
1  15 20 88.81741 294.3811 -1 0 0 0 0.9659258 -0.258819 0 -0.258819 -0.9659258 30355.dat
1  15 60 -216 0 1 0 0 0 1 0 0 0 1 2465.dat
1  15 160 -240 0 1 0 0 0 1 0 0 0 1 3009.dat
1  15 160 -288 0 1 0 0 0 1 0 0 0 1 772.dat
1  15 120 -288 0 1 0 0 0 1 0 0 0 1 772.dat
1  7 190 -312 0 0 0 -1 0 1 0 1 0 0 4460.dat
1  8 140 -312 0 -1 0 0 0 1 0 0 0 -1 3010.dat
1  7 40 -336 0 -1 0 0 0 1 0 0 0 -1 3754.dat
1  7 170 -384 0 0 0 -1 0 1 0 1 0 0 4460.dat
1  15 130 -336 0 -1 0 0 0 1 0 0 0 -1 3622.dat
1  8 120 -360 0 -1 0 0 0 1 0 0 0 -1 3010.dat
1  8 70 -360 0 -1 0 0 0 1 0 0 0 -1 3005.dat
1  15 -40 -336 0 0 0 1 0 1 0 -1 0 0 30249.dat
1  15 -110 -216 0 0 0 1 0 1 0 -1 0 0 3665.dat
1  15 130 -384 0 -1 0 0 0 1 0 0 0 -1 3622.dat
1  7 150 -456 0 0 0 -1 0 1 0 1 0 0 4460.dat
1  8 120 -408 0 1 0 0 0 1 0 0 0 1 3004.dat
1  15 80 -408 0 1 0 0 0 1 0 0 0 1 3245A.dat
1  15 40 -456 0 0 0 1 0 1 0 -1 0 0 30249.dat
1  15 80 -456 0 1 0 0 0 1 0 0 0 1 3245A.dat
1  15 120 -456 0 1 0 0 0 1 0 0 0 1 3245A.dat
1  15 100 -464 0 1 0 0 0 1 0 0 0 1 3666.dat
1  42 30 -464 0 1 0 0 0 1 0 0 0 1 4073.dat
1  15 -90 -192 0 0 0 1 0 1 0 -1 0 0 3665.dat
1  15 0 -192 0 1 0 0 0 1 0 0 0 1 3008.dat
1  15 190 -192 0 1 0 0 0 1 0 0 0 1 3622.dat
0 WORLD  -62.74321 -102.7864 -8.45359 0.8634624 -0.02861619 -0.5036011 -0.2192615 0.8778371 -0.4258232 0.4542662 0.4781044 0.7517073
0 CENTRE  0 0 0
0 LOOKAT  -3 -294 0
0 ZOOM  50
