0 FILE Mos Espa Pod Race.ldr
0 Mos Espa Pod Race
0 Name: Mos Espa Pod Race.ldr
0 Author: LDraw
0 Unofficial Model
0 ROTATION CENTER 0 0 0 1 "Custom" 
0 ROTATION CONFIG 0 0
1 0 -773.584 36 -400 0.707107 0 0.707107 0 1 0 -0.707107 0 0.707107 Anakin Flags.ldr
1 0 -45.078 48 -400.525 0.382683 0 0.92388 0 1 0 -0.92388 0 0.382683 Pit Droid Anakin.ldr
1 0 480 24 0 1 0 0 0 1 0 0 0 1 Gasgano Flag.ldr
1 0 499.49 40 0 -0.707107 0 0.707107 0 1 0 -0.707107 0 -0.707107 Pit Droid Gasgano.ldr
1 0 1280 24 0 1 0 0 0 1 0 0 0 1 Sebulba Flag.ldr
1 0 1370.72 -434.814 402.642 0.92388 0.353553 0.146447 0 0.382683 -0.92388 -0.382683 0.853553 0.353553 Sebulba Pod Racer.ldr
1 0 1290.31 44 -0.666 -0.382683 0 0.92388 0 1 0 -0.92388 0 -0.382683 Pit Droid Sebulba.ldr
1 0 -286 0 -380 1 0 0 0 1 0 0 0 1 Qui-Gon Jin.ldr
1 0 -368 0 -370 1 0 0 0 1 0 0 0 1 Anakin Skywalker.ldr
1 0 -443.03 0 -330 0.707107 0 -0.707107 0 1 0 0.707107 0 0.707107 Padme Naberrie.ldr
1 0 -112 24 -290 1 0 0 0 1 0 0 0 1 R2-D2.ldr
1 0 -470 -68 130 0.707107 -0.270598 -0.653281 0 0.92388 -0.382683 0.707107 0.270598 0.653281 Anakin Pod Racer.ldr
1 0 -202 0 -420 1 0 0 0 1 0 0 0 1 Jar Jar Binks.ldr
1 0 445.31 -240.707 688.366 0.92388 -0.270598 -0.270598 0 0.707107 -0.707107 0.382683 0.653281 0.653281 Gasgano Pod Racer.ldr
0
0 FILE Jar Jar Binks.ldr
0 Jar Jar Binks
0 Name: Jar Jar Binks.ldr
0 Author: LDraw
0 Unofficial Model
0 ROTATION CENTER 0 0 0 1 "Custom" 
0 ROTATION CONFIG 0 0
1 19 0 0 0 1 0 0 0 1 0 0 0 1 92743.dat
1 19 0 0 0 1 0 0 0 1 0 0 0 1 973pr6.dat
1 8 0 32 0 1 0 0 0 1 0 0 0 1 3815.dat
1 19 -15.552 9 0 0.985 -0.17 0 0.17 0.985 0 0 0 1 3818.dat
1 19 15.552 9 0 0.985 0.17 0 -0.17 0.985 0 0 0 1 3819.dat
1 19 -23.8634 26.5956 -10.321 0.985 -0.12019 0.12019 0.17 0.696395 -0.696395 0 0.707 0.707 3820.dat
1 19 23.8634 26.5956 -10.321 0.985 0.12019 -0.12019 -0.17 0.696395 -0.696395 0 0.707 0.707 3820.dat
1 8 0 44 0 1 0 0 0 1 0 0 0 1 3816.dat
1 8 0 44 0 1 0 0 0 1 0 0 0 1 3817.dat
0
0 FILE Qui-Gon Jin.ldr
0 Qui-Gon Jin
0 Name: Qui-Gon Jin.ldr
0 Author: LDraw
0 Unofficial Model
0 ROTATION CENTER 0 0 0 1 "Custom" 
0 ROTATION CONFIG 0 0
1 6 0 -26 0 1 0 0 0 1 0 0 0 1 92756.dat
1 14 0 -26 0 1 0 0 0 1 0 0 0 1 3626bps9.dat
1 6 0 -2 0 1 0 0 0 1 0 0 0 1 522.dat
1 19 0 0 0 1 0 0 0 1 0 0 0 1 973pr3.dat
1 6 0 32 0 1 0 0 0 1 0 0 0 1 3815.dat
1 19 -15.552 9 0 0.985 -0.17 0 0.17 0.985 0 0 0 1 3818.dat
1 19 15.552 9 0 0.985 0.17 0 -0.17 0.985 0 0 0 1 3819.dat
1 14 -23.8634 26.5956 -10.321 0.985 -0.12019 0.12019 0.17 0.696395 -0.696395 0 0.707 0.707 3820.dat
1 14 23.8634 26.5956 -10.321 0.985 0.12019 -0.12019 -0.17 0.696395 -0.696395 0 0.707 0.707 3820.dat
1 6 0 44 0 1 0 0 0 1 0 0 0 1 3816.dat
1 6 0 44 0 1 0 0 0 1 0 0 0 1 3817.dat
0
0 FILE Anakin Skywalker.ldr
0 Anakin Skywalker
0 Name: Anakin Skywalker.ldr
0 Author: LDraw
0 Unofficial Model
0 ROTATION CENTER 0 0 0 1 "Custom" 
0 ROTATION CONFIG 0 0
1 7 0 -24 0 1 0 0 0 1 0 0 0 1 30171.dat
1 8 0 -16 0 1 0 0 0 0.92388 0.382683 0 -0.382683 0.92388 30170.dat
1 14 0 -24 0 1 0 0 0 1 0 0 0 1 3626bpsd.dat
1 19 0 0 0 1 0 0 0 1 0 0 0 1 973pr0.dat
1 19 0 32 0 1 0 0 0 1 0 0 0 1 3815.dat
1 19 -15.552 9 0 0.985 -0.17 0 0.17 0.985 0 0 0 1 3818.dat
1 19 15.552 9 0 0.985 0.17 0 -0.17 0.985 0 0 0 1 3819.dat
1 14 -23.8634 26.5956 -10.321 0.985 -0.12019 0.12019 0.17 0.696395 -0.696395 0 0.707 0.707 3820.dat
1 14 23.8634 26.5956 -10.321 0.985 0.12019 -0.12019 -0.17 0.696395 -0.696395 0 0.707 0.707 3820.dat
1 19 0 44 0 1 0 0 0 1 0 0 0 1 3816.dat
1 19 0 44 0 1 0 0 0 1 0 0 0 1 3817.dat
0
0 FILE Padme Naberrie.ldr
0 Padme Naberrie
0 Name: Padme Naberrie.ldr
0 Author: LDraw
0 Unofficial Model
0 ROTATION CENTER 0 0 0 1 "Custom" 
0 ROTATION CONFIG 0 0
1 6 0 -24 0 1 0 0 0 1 0 0 0 1 30475.dat
1 14 0 -24 0 1 0 0 0 1 0 0 0 1 3626bps0.dat
1 1 0 0 0 1 0 0 0 1 0 0 0 1 973pr7.dat
1 0 0 32 0 1 0 0 0 1 0 0 0 1 3815.dat
1 1 -15.552 9 0 0.985 -0.17 0 0.17 0.985 0 0 0 1 3818.dat
1 1 15.552 9 0 0.985 0.17 0 -0.17 0.985 0 0 0 1 3819.dat
1 14 -23.8634 26.5956 -10.321 0.985 -0.12019 0.12019 0.17 0.696395 -0.696395 0 0.707 0.707 3820.dat
1 14 23.8634 26.5956 -10.321 0.985 0.12019 -0.12019 -0.17 0.696395 -0.696395 0 0.707 0.707 3820.dat
1 0 0 44 0 1 0 0 0 1 0 0 0 1 3816.dat
1 0 0 44 0 1 0 0 0 1 0 0 0 1 3817.dat
0
0 FILE R2-D2.ldr
0 R2-D2
0 Name: R2-D2.ldr
0 Author: LDraw
0 Unofficial Model
0 ROTATION CENTER 0 0 0 1 "Custom" 
0 ROTATION CONFIG 0 1
1 15 -20 -31.412 13.011 1 0 0 0 0.92388 0.382683 0 -0.382683 0.92388 30367aps1.dat
1 15 -20 0 0 1 0 0 0 0.92388 0.382683 0 -0.382683 0.92388 30361aps1.dat
1 15 0 0 0 0 0 1 0 1 0 -1 0 0 30362.dat
1 15 -40 0 0 0 0 -1 0 1 0 1 0 0 30362.dat
0
0 FILE Sebulba.ldr
0 Sebulba
0 Name: Sebulba.ldr
0 Author: LDraw
0 Unofficial Model
0
0 FILE Gasgano.ldr
0 Gasgano
0 Name: Gasgano.ldr
0 Author: LDraw
0 Unofficial Model
0 ROTATION CENTER 0 0 0 1 "Custom" 
0 ROTATION CONFIG 0 0
1 7 -10 -4 0 1 0 0 0 1 0 0 0 1 30171.dat
1 7 -25 50 8 1 0 0 0 0.850811 0.525472 0 -0.525472 0.850811 30377.dat
1 7 5 50 8 1 0 0 0 0.850811 0.525472 0 -0.525472 0.850811 30377.dat
1 7 -35 50 8 1 0 0 0 0.382683 -0.92388 0 0.92388 0.382683 30377.dat
1 7 15 50 8 1 0 0 0 0.382683 -0.92388 0 0.92388 0.382683 30377.dat
1 8 -10 4 0 1 0 0 0 1 0 0 0 1 30170.dat
1 15 -10 40 0 1 0 0 0 0 -1 0 1 0 2516.dat
1 15 -10 -4 0 1 0 0 0 1 0 0 0 1 3626bpsb.dat
0
0 FILE Pit Droid Anakin.ldr
0 Pit Droid Anakin
0 Name: Pit Droid Anakin.ldr
0 Author: LDraw
0 Unofficial Model
0 ROTATION CENTER 0 0 0 1 "Custom" 
0 ROTATION CONFIG 0 0
1 6 -80 16 3.5 1 0 0 0 1 0 0 0 1 3023.dat
1 6 -80 16 36 1 0 0 0 1 0 0 0 1 3023.dat
1 6 -88 -18 20 0 -1 0 0 0 -1 1 0 0 2540.dat
1 6 -98.5 -38 3.5 -0.707107 0 -0.707107 0.707107 0 -0.707107 0 -1 0 4735.dat
1 6 -98.5 -38 36 0.707107 0 -0.707107 -0.707107 0 -0.707107 0 1 0 4735.dat
1 15 -96 -18 20 0 -1 0 0 0 1 -1 0 0 2540.dat
1 15 -90 8 36 1 0 0 0 1 0 0 0 1 2555.dat
1 15 -90 8 3.5 1 0 0 0 1 0 0 0 1 2555.dat
1 15 -76 -74 20 1 0 0 0 1 0 0 0 1 4740.dat
1 15 -96 -58 20 0 -1 0 0 0 -1 1 0 0 6019.dat
1 46 -64 -57.5 20 0 -1 0 0 0 -1 1 0 0 4073.dat
1 0 -72 -58 20 0 -1 0 0 0 -1 1 0 0 4599a.dat
0
0 FILE Pit Droid Gasgano.ldr
0 Pit Droid Gasgano
0 Name: Pit Droid Gasgano.ldr
0 Author: LDraw
0 Unofficial Model
0 ROTATION CENTER 0 0 0 1 "Custom" 
0 ROTATION CONFIG 0 0
1 6 -80 16 3.5 1 0 0 0 1 0 0 0 1 3023.dat
1 6 -80 16 36 1 0 0 0 1 0 0 0 1 3023.dat
1 15 -88 -18 20 0 -1 0 0 0 -1 1 0 0 2540.dat
1 6 -98.5 -38 3.5 -0.707107 0 -0.707107 0.707107 0 -0.707107 0 -1 0 4735.dat
1 6 -98.5 -38 36 0.707107 0 -0.707107 -0.707107 0 -0.707107 0 1 0 4735.dat
1 15 -96 -18 20 0 -1 0 0 0 1 -1 0 0 2540.dat
1 15 -90 8 36 1 0 0 0 1 0 0 0 1 2555.dat
1 15 -90 8 3.5 1 0 0 0 1 0 0 0 1 2555.dat
1 8 -70 -9.5 -3.5 0 0 -1 -1 0 0 0 1 0 55296.dat
1 15 -76 -74 20 1 0 0 0 1 0 0 0 1 4740.dat
1 15 -96 -58 20 0 -1 0 0 0 -1 1 0 0 6019.dat
1 46 -64 -57.5 20 0 -1 0 0 0 -1 1 0 0 4073.dat
1 0 -72 -58 20 0 -1 0 0 0 -1 1 0 0 4599a.dat
0
0 FILE Pit Droid Sebulba.ldr
0 Pit Droid Sebulba
0 Name: Pit Droid Sebulba.ldr
0 Author: LDraw
0 Unofficial Model
0 ROTATION CENTER 0 0 0 1 "Custom" 
0 ROTATION CONFIG 0 0
1 6 -80 16 3.5 1 0 0 0 1 0 0 0 1 3023.dat
1 6 -80 16 36 1 0 0 0 1 0 0 0 1 3023.dat
1 6 -88 -18 20 0 -1 0 0 0 -1 1 0 0 2540.dat
1 6 -98.5 -38 3.5 -0.707107 0 -0.707107 0.707107 0 -0.707107 0 -1 0 4735.dat
1 6 -98.5 -38 36 0.707107 0 -0.707107 -0.707107 0 -0.707107 0 1 0 4735.dat
1 6 -96 -18 20 0 -1 0 0 0 1 -1 0 0 2540.dat
1 6 -90 8 36 1 0 0 0 1 0 0 0 1 2555.dat
1 6 -90 8 3.5 1 0 0 0 1 0 0 0 1 2555.dat
1 6 -76 -74 20 1 0 0 0 1 0 0 0 1 4740.dat
1 15 -96 -58 20 0 -1 0 0 0 -1 1 0 0 6019.dat
1 46 -64 -57.5 20 0 -1 0 0 0 -1 1 0 0 4073.dat
1 0 -72 -58 20 0 -1 0 0 0 -1 1 0 0 4599a.dat
0
0 FILE Anakin Flags.ldr
0 Anakin Flags
0 Name: Anakin Flags.ldr
0 Author: LDraw
0 Unofficial Model
0 ROTATION CENTER 0 0 0 1 "Custom" 
0 ROTATION CONFIG 0 0
1 19 -30 32 0 1 0 0 0 1 0 0 0 1 3022.dat
1 1 -30 -132 -30 0 0 1 0 1 0 -1 0 0 4495a.dat
1 14 -30 -108 -30 0 0 1 0 1 0 -1 0 0 4495a.dat
1 19 -30 8 -10 1 0 0 0 1 0 0 0 1 95820.dat
1 8 -30 12 -30 1 0 0 0 0 1 0 -1 0 3849.dat
0
0 FILE Gasgano Flag.ldr
0 Gasgano Flag
0 Name: Gasgano Flag.ldr
0 Author: LDraw
0 Unofficial Model
0 ROTATION CENTER 0 0 0 1 "Custom" 
0 ROTATION CONFIG 0 0
1 0 -30 -132 -30 0 0 1 0 1 0 -1 0 0 4495a.dat
1 2 -30 -108 -30 0 0 1 0 1 0 -1 0 0 4495a.dat
1 19 -30 8 -10 1 0 0 0 1 0 0 0 1 95820.dat
1 19 -70 32 20 1 0 0 0 1 0 0 0 1 3032.dat
1 7 -110 8 0 1 0 0 0 1 0 0 0 1 3941.dat
1 7 -110 -16 0 1 0 0 0 1 0 0 0 1 3941.dat
1 7 -110 -48 0 1 0 0 0 1 0 0 0 1 3941.dat
1 0 -120 -24 -10 1 0 0 0 1 0 0 0 1 4085a.dat
1 8 -120 -16 -30 1 0 0 0 1 0 0 0 1 55295.dat
1 8 -80 -16 -10 1 0 0 0 1 0 0 0 1 55298.dat
1 8 -100 -16 30 1 0 0 0 1 0 0 0 1 55300.dat
1 8 -139.5 -16 9 0 0 -1 0 1 0 1 0 0 55299.dat
1 0 -100 -24 -10 0 0 -1 0 1 0 1 0 0 4085a.dat
1 0 -100 -24 10 -1 0 0 0 1 0 0 0 -1 4085a.dat
1 0 -120 -24 10 0 0 1 0 1 0 -1 0 0 4085a.dat
1 0 -110 -96 0 0 0 1 0 1 0 -1 0 0 3940.dat
1 0 -110 -104 0 0 0 1 0 1 0 -1 0 0 4285a.dat
1 0 -110 -112 0 0 0 1 0 1 0 -1 0 0 2376.dat
1 8 -30 12 -30 1 0 0 0 0 1 0 -1 0 3849.dat
0
0 FILE Sebulba Flag.ldr
0 Sebulba Flag
0 Name: Sebulba Flag.ldr
0 Author: LDraw
0 Unofficial Model
0 ROTATION CENTER 0 0 0 1 "Custom" 
0 ROTATION CONFIG 0 0
1 0 -30 -132 -30 0 0 1 0 1 0 -1 0 0 4495a.dat
1 15 -30 -108 -30 0 0 1 0 1 0 -1 0 0 4495a.dat
1 19 -30 8 -10 1 0 0 0 1 0 0 0 1 95820.dat
1 8 -30 12 -30 1 0 0 0 0 1 0 -1 0 3849.dat
1 19 -70 32 20 1 0 0 0 1 0 0 0 1 3032.dat
1 7 -110 8 0 1 0 0 0 1 0 0 0 1 3941.dat
1 7 -110 -16 0 1 0 0 0 1 0 0 0 1 3941.dat
1 7 -110 -48 0 1 0 0 0 1 0 0 0 1 3941.dat
1 0 -120 -24 -10 1 0 0 0 1 0 0 0 1 4085a.dat
1 8 -120 -16 -30 1 0 0 0 1 0 0 0 1 55295.dat
1 8 -80 -16 -10 1 0 0 0 1 0 0 0 1 55298.dat
1 8 -100 -16 30 1 0 0 0 1 0 0 0 1 55300.dat
1 8 -139.5 -16 9 0 0 -1 0 1 0 1 0 0 55299.dat
1 0 -100 -24 -10 0 0 -1 0 1 0 1 0 0 4085a.dat
1 0 -100 -24 10 -1 0 0 0 1 0 0 0 -1 4085a.dat
1 0 -120 -24 10 0 0 1 0 1 0 -1 0 0 4085a.dat
1 0 -110 -96 0 0 0 1 0 1 0 -1 0 0 3940.dat
1 0 -110 -104 0 0 0 1 0 1 0 -1 0 0 4285a.dat
1 0 -110 -112 0 0 0 1 0 1 0 -1 0 0 2376.dat
0
0 FILE Anakin Pod Racer.ldr
0 Anakin Pod Racer
0 Name: Anakin Pod Racer.ldr
0 Author: LDraw
0 Unofficial Model
0 ROTATION CENTER 0 0 0 1 "Custom" 
0 ROTATION CONFIG 0 0
1 19 60 8 0 1 0 0 0 1 0 0 0 1 3034.dat
1 7 120 16 0 1 0 0 0 1 0 0 0 1 3022.dat
1 19 -180 8 0 1 0 0 0 1 0 0 0 1 4282.dat
1 19 60 -24 0 1 0 0 0 1 0 0 0 1 3034.dat
1 19 140 -56 0 1 0 0 0 1 0 0 0 1 3022.dat
1 0 100 -32 0 1 0 0 0 1 0 0 0 1 3020.dat
1 0 70 -80 -30 0.382683 0 0.92388 0 1 0 -0.92388 0 0.382683 4592.dat
1 0 70 -80 30 0.382683 0 -0.92388 0 1 0 0.92388 0 0.382683 4592.dat
1 7 70 -80 30 0.382683 -0.353553 -0.853553 0 0.92388 -0.382683 0.92388 0.146447 0.353553 4593.dat
1 7 70 -80 -30 -0.382683 -0.353553 -0.853553 0 0.92388 -0.382683 0.92388 -0.146447 -0.353553 4593.dat
1 0 150 -80 0 1 0 0 0 1 0 0 0 1 3002.dat
1 0 100 -48 0 1 0 0 0 1 0 0 0 1 3020.dat
1 4 70 -56 0 1 0 0 0 1 0 0 0 1 3021.dat
1 1 100 -56 0 1 0 0 0 1 0 0 0 1 4871.dat
1 1 190 -80 0 0 0 -1 0 1 0 1 0 0 3660.dat
1 1 90 -64 -30 -1 0 0 0 1 0 0 0 -1 3623.dat
1 1 90 -64 30 -1 0 0 0 1 0 0 0 -1 3623.dat
1 1 70 -80 0 0 0 -1 0 1 0 1 0 0 4865b.dat
1 7 110 -88 -30 -1 0 0 0 1 0 0 0 -1 6231.dat
1 7 110 -88 30 0 0 1 0 1 0 -1 0 0 6231.dat
1 7 50 -64 -10 -1 0 0 0 1 0 0 0 -1 30357.dat
1 7 60 -72 -30 -1 0 0 0 1 0 0 0 -1 3710.dat
1 7 60 -72 30 -1 0 0 0 1 0 0 0 -1 3710.dat
1 1 130 -88 10 1 0 0 0 1 0 0 0 1 2420.dat
1 1 130 -88 -10 0 0 1 0 1 0 -1 0 0 2420.dat
1 1 180 -88 0 0 0 -1 0 1 0 1 0 0 4859.dat
1 1 190 -96 0 0 0 -1 0 1 0 1 0 0 3794a.dat
1 1 150 -120 0 0 0 -1 0 1 0 1 0 0 4286.dat
1 1 50 -88 0 0 0 1 0 1 0 -1 0 0 3298ps0.dat
1 1 40 -96 30 1 0 0 0 1 0 0 0 1 3048.dat
1 1 40 -96 -30 -1 0 0 0 1 0 0 0 -1 3048.dat
1 7 40 -96 -50 -1 0 0 0 1 0 0 0 -1 3049b.dat
1 7 40 -96 50 1 0 0 0 1 0 0 0 1 3049b.dat
1 1 170 -96 0 0 0 -1 0 1 0 1 0 0 3794a.dat
1 7 150 -96 0 0 0 -1 0 1 0 1 0 0 3794a.dat
1 7 210 -88 0 0 0 -1 0 1 0 1 0 0 3794a.dat
1 7 210 -96 0 0 0 -1 0 1 0 1 0 0 4073.dat
1 1 30 -72 50 -1 0 0 0 1 0 0 0 -1 6019.dat
1 1 50 -72 50 -1 0 0 0 1 0 0 0 -1 6019.dat
1 1 50 -72 -50 1 0 0 0 1 0 0 0 1 6019.dat
1 1 30 -72 -50 1 0 0 0 1 0 0 0 1 6019.dat
1 0 55 -70 -70 0 -30 0 -1 0 0 0 0 1 LS50.dat
1 0 25 -70 -70 -0.0123 -2.2422 -0.024 -0.9999 0.0276 0.0001 -0.0001 -0.0539 0.9997 LS51.dat
1 0 23.3657 -69.9799 -70.0393 -0.0354 -3.0033 -0.0691 -0.9994 0.1066 0.0012 -0.0012 -0.208 0.9976 LS51.dat
1 0 20.9694 -69.8948 -70.2053 -0.0584 -4.4622 -0.114 -0.9983 0.2628 0.0033 -0.0033 -0.5129 0.9935 LS51.dat
1 0 17.1132 -69.6677 -70.6485 -0.0814 -7.3745 -0.1588 -0.9967 0.6099 0.0065 -0.0065 -1.19 0.9873 LS51.dat
1 0 10.3406 -69.1076 -71.7414 -0.1041 -14.5975 -0.2032 -0.9945 1.5615 0.0107 -0.0107 -3.0469 0.9791 LS51.dat
1 0 -3.6461 -67.6114 -74.6608 -0.1272 -41.954 -0.2482 -0.9917 5.558 0.0161 -0.0161 -10.8448 0.9686 LS51.dat
1 0 -45.2912 -62.0943 -85.4258 -0.1389 -211.363 -0.271 -0.9901 30.8249 0.0193 -0.0193 -60.1461 0.9624 LS51.dat
1 0 -255.755 -31.4003 -145.316 -0.1043 -14.6083 -0.2035 -0.9945 1.5648 0.0108 -0.0108 -3.0532 0.979 LS51.dat
1 0 -269.77 -29.899 -148.246 -0.0816 -7.3673 -0.1592 -0.9966 0.6111 0.0066 -0.0066 -1.1925 0.9872 LS51.dat
1 0 -276.538 -29.3376 -149.341 -0.0587 -4.7472 -0.1146 -0.9983 0.2812 0.0034 -0.0034 -0.5486 0.9934 LS51.dat
1 0 -280.434 -29.1068 -149.792 -0.0262 -4.7548 -0.0512 -0.9997 0.1249 0.0007 -0.0007 -0.2438 0.9987 LS51.dat
1 0 -294 -29 -150 0 9.5 0 -1 0 0 0 0 1 LS50.dat
1 0 55 -70 70 0 -30 0 0.5835 0 -0.8121 -0.8121 0 -0.5835 LS50.dat
1 0 25 -70 70 -0.0123 -2.2468 -0.024 0.5836 0.0277 -0.8119 -0.8119 0.0539 -0.5833 LS51.dat
1 0 23.3657 -69.9799 70.0392 -0.0356 -3.0448 -0.0694 0.5842 0.1087 -0.8108 -0.8108 0.2119 -0.5811 LS51.dat
1 0 20.9297 -69.8929 70.2088 -0.0587 -4.4636 -0.1145 0.5853 0.2643 -0.8087 -0.8087 0.515 -0.577 LS51.dat
1 0 17.0711 -69.6644 70.654 -0.0816 -7.4207 -0.1592 0.5869 0.616 -0.8055 -0.8055 1.2003 -0.5708 LS51.dat
1 0 10.2529 -69.0984 71.7568 -0.1044 -14.728 -0.2037 0.5891 1.5808 -0.8013 -0.8013 3.0804 -0.5625 LS51.dat
1 0 -3.8654 -67.583 74.7096 -0.1274 -42.3094 -0.2486 0.5918 5.62 -0.7959 -0.7959 10.951 -0.552 LS51.dat
1 0 -45.8702 -62.0035 85.5817 -0.1389 -210.606 -0.2711 0.5934 30.7541 -0.7928 -0.7928 59.9264 -0.5459 LS51.dat
1 0 -255.579 -31.3805 145.253 -0.1044 -14.7423 -0.2038 0.5891 1.5833 -0.8013 -0.8013 3.0852 -0.5625 LS51.dat
1 0 -269.726 -29.8611 148.213 -0.0817 -7.4094 -0.1594 0.5869 0.6158 -0.8055 -0.8055 1.1999 -0.5707 LS51.dat
1 0 -276.538 -29.2949 149.316 -0.0589 -4.7055 -0.1149 0.5853 0.2796 -0.8087 -0.8087 0.5448 -0.5769 LS51.dat
1 0 -280.394 -29.0658 149.763 -0.0264 -4.7933 -0.0516 0.5839 0.127 -0.8114 -0.8114 0.2475 -0.5822 LS51.dat
1 0 -294 -28.957 149.975 0 9.5 0 0.5835 0 -0.8121 -0.8121 0 -0.5835 LS50.dat
1 7 50 -64 10 0 0 -1 0 1 0 1 0 0 30357.dat
1 1 130 -80 30 -0.317305 0 0.948324 0 1 0 -0.948324 0 -0.317305 3821ps1.dat
1 1 130 -80 -30 0.312335 0 0.949972 0 1 0 -0.949972 0 0.312335 3822ps1.dat
1 7 70 -56 0 0 0 1 0 1 0 -1 0 0 4855.dat
1 7 130 -56 0 0 0 -1 0 1 0 1 0 0 4855.dat
1 19 -180 -24 0 1 0 0 0 1 0 0 0 1 4282.dat
1 8 -320 -24 130 1 0 0 0 1 0 0 0 1 2412b.dat
1 4 110 -56 0 0 0 -1 0 1 0 1 0 0 2412b.dat
1 8 -320 -24 -130 1 0 0 0 1 0 0 0 1 2412b.dat
1 19 100 -16 0 1 0 0 0 1 0 0 0 1 3001.dat
1 19 120 24 0 1 0 0 0 1 0 0 0 1 3003.dat
1 19 -20 -16 0 1 0 0 0 1 0 0 0 1 3001.dat
1 19 -180 -16 0 1 0 0 0 1 0 0 0 1 3001.dat
1 19 -320 32 100 0 0 1 0 1 0 -1 0 0 Anakin Pod Left.ldr
1 19 -320 32 -200 0 0 1 0 1 0 -1 0 0 Anakin Pod Right.ldr
1 38 -330 -16 140 1 0 0 0 1 0 0 0 1 30359a.dat
1 38 -310 -16 140 1 0 0 0 1 0 0 0 1 30359a.dat
1 38 -310 -16 -140 -1 0 0 0 1 0 0 0 -1 30359a.dat
1 38 -330 -16 -140 -1 0 0 0 1 0 0 0 -1 30359a.dat
0
0 FILE Anakin Pod Right.ldr
0 Anakin Pod Right
0 Name: Anakin Pod Right.ldr
0 Author: LDraw
0 Unofficial Model
0 ROTATION CENTER 0 0 0 1 "Custom" 
0 ROTATION CONFIG 0 0
1 4 -50 16 0 1 0 0 0 1 0 0 0 1 3021.dat
1 4 -50 16 40 0 0 -1 0 1 0 1 0 0 3023.dat
1 4 -50 16 -40 0 0 -1 0 1 0 1 0 0 3023.dat
1 1 -30 -48 0 0 0 -1 0 1 0 1 0 0 4865a.dat
1 14 -50 -8 0 0 0 -1 0 1 0 1 0 0 3004.dat
1 8 -50 -18 0 1 0 0 0 1 0 0 0 1 30360.dat
1 8 -16 2 0 0 -1 0 0 0 1 -1 0 0 30383.dat
1 8 -84 2 0 0 1 0 0 0 -1 -1 0 0 30383.dat
1 14 -92 2 -20 0 1 0 -1 0 0 0 0 1 14137.dat
1 14 -8 2 -20 0 -1 0 1 0 0 0 0 1 14137.dat
1 8 -50 -54 0 0 0 1 0 1 0 -1 0 0 30383.dat
1 14 -50 -62 -20 1 0 0 0 1 0 0 0 1 14137.dat
1 7 -50 -56 30 1 0 0 0 1 0 0 0 1 2555.dat
1 7 -50 -18 60 1 0 0 0 0 -1 0 1 0 3022.dat
1 7 -50 -18 101 1 0 0 0 1 0 0 0 1 6248.dat
1 7 -50 -18 121 1 0 0 0 -1 0 0 0 -1 6248.dat
1 7 -50 -16 202 1 0 0 0 0 1 0 -1 0 3942c.dat
1 1 -50 -18 68 1 0 0 0 0 -1 0 1 0 3941.dat
1 1 -50 -18 154 -1 0 0 0 0 -1 0 -1 0 3941.dat
1 14 -50 -18.5 -100 1 0 0 0 0 -1 0 1 0 30151.dat
1 1 -50 -18.5 -60 1 0 0 0 0 -1 0 1 0 3941.dat
1 0 -30 -8 10 0 0 -1 0 1 0 1 0 0 4070.dat
1 0 -30 -8 -10 0 0 -1 0 1 0 1 0 0 4070.dat
1 0 -50 -18 111 0 0 -1 0 -1 0 -1 0 0 2780.dat
1 0 -70 -8 -10 0 0 1 0 1 0 -1 0 0 4070.dat
1 0 -70 -8 10 0 0 1 0 1 0 -1 0 0 4070.dat
0
0 FILE Anakin Pod Left.ldr
0 Anakin Pod Left
0 Name: Anakin Pod Left.ldr
0 Author: LDraw
0 Unofficial Model
0 ROTATION CENTER 0 0 0 1 "Custom" 
0 ROTATION CONFIG 0 0
1 4 -50 16 0 1 0 0 0 1 0 0 0 1 3021.dat
1 4 -50 16 40 0 0 -1 0 1 0 1 0 0 3023.dat
1 4 -50 16 -40 0 0 -1 0 1 0 1 0 0 3023.dat
1 1 -70 -48 0 0 0 1 0 1 0 -1 0 0 4865a.dat
1 14 -50 -8 0 0 0 -1 0 1 0 1 0 0 3004.dat
1 8 -50 -18 0 1 0 0 0 1 0 0 0 1 30360.dat
1 8 -16 2 0 0 -1 0 0 0 1 -1 0 0 30383.dat
1 8 -84 2 0 0 1 0 0 0 -1 -1 0 0 30383.dat
1 14 -92 2 -20 0 1 0 -1 0 0 0 0 1 14137.dat
1 14 -8 2 -20 0 -1 0 1 0 0 0 0 1 14137.dat
1 8 -50 -54 0 0 0 1 0 1 0 -1 0 0 30383.dat
1 14 -50 -62 -20 1 0 0 0 1 0 0 0 1 14137.dat
1 7 -50 -56 30 1 0 0 0 1 0 0 0 1 2555.dat
1 7 -50 -18 60 1 0 0 0 0 -1 0 1 0 3022.dat
1 7 -50 -18 101 1 0 0 0 1 0 0 0 1 6248.dat
1 7 -50 -18 121 1 0 0 0 -1 0 0 0 -1 6248.dat
1 7 -50 -16 202 1 0 0 0 0 1 0 -1 0 3942c.dat
1 1 -50 -18 68 1 0 0 0 0 -1 0 1 0 3941.dat
1 1 -50 -18 154 -1 0 0 0 0 -1 0 -1 0 3941.dat
1 14 -50 -18.5 -100 1 0 0 0 0 -1 0 1 0 30151.dat
1 1 -50 -18.5 -60 1 0 0 0 0 -1 0 1 0 3941.dat
1 0 -30 -8 10 0 0 -1 0 1 0 1 0 0 4070.dat
1 0 -30 -8 -10 0 0 -1 0 1 0 1 0 0 4070.dat
1 0 -50 -18 111 0 0 -1 0 -1 0 -1 0 0 2780.dat
1 0 -70 -8 -10 0 0 1 0 1 0 -1 0 0 4070.dat
1 0 -70 -8 10 0 0 1 0 1 0 -1 0 0 4070.dat
0 
0
0 FILE Sebulba Pod Racer.ldr
0 Sebulba Pod Racer
0 Name: Sebulba Pod Racer.ldr
0 Author: LDraw
0 Unofficial Model
0 ROTATION CENTER 0 0 0 1 "Custom" 
0 ROTATION CONFIG 0 0
1 19 120 8 0 1 0 0 0 1 0 0 0 1 3001.dat
1 19 100 40 0 1 0 0 0 1 0 0 0 1 3003.dat
1 19 100 64 0 1 0 0 0 1 0 0 0 1 3003.dat
1 19 100 88 0 1 0 0 0 1 0 0 0 1 30145.dat
1 19 -440 40 -160 1 0 0 0 1 0 0 0 1 3003.dat
1 19 -440 64 -160 1 0 0 0 1 0 0 0 1 3003.dat
1 19 -440 88 -160 1 0 0 0 1 0 0 0 1 30145.dat
1 19 -440 40 160 1 0 0 0 1 0 0 0 1 3003.dat
1 19 -440 64 160 1 0 0 0 1 0 0 0 1 3003.dat
1 19 -440 88 160 1 0 0 0 1 0 0 0 1 30145.dat
1 19 -160 8 0 1 0 0 0 1 0 0 0 1 3001.dat
1 19 -20 8 0 1 0 0 0 1 0 0 0 1 3001.dat
1 19 -300 8 0 1 0 0 0 1 0 0 0 1 3001.dat
1 19 -430 8 0 0 0 -1 0 1 0 1 0 0 2465.dat
1 0 -430 0 -140 0 0 -1 0 1 0 1 0 0 3710.dat
1 0 -430 0 140 0 0 -1 0 1 0 1 0 0 3710.dat
1 19 -440 8 -170 1 0 0 0 1 0 0 0 1 2458.dat
1 19 -480 8 -170 1 0 0 0 1 0 0 0 1 2458.dat
1 19 -480 8 170 -1 0 0 0 1 0 0 0 -1 2458.dat
1 19 -440 8 170 -1 0 0 0 1 0 0 0 -1 2458.dat
1 38 -450 8 -140 -1 0 0 0 1 0 0 0 -1 30359b.dat
1 38 -450 8 140 1 0 0 0 1 0 0 0 1 30359b.dat
1 38 -470 8 -140 -1 0 0 0 1 0 0 0 -1 30359b.dat
1 38 -470 8 140 1 0 0 0 1 0 0 0 1 30359b.dat
1 7 -460 32 140 0 0 1 0 1 0 -1 0 0 3936.dat
1 7 -460 32 -140 0 0 1 0 1 0 -1 0 0 3935.dat
1 0 -470 0 -150 -1 0 0 0 1 0 0 0 -1 2450.dat
1 0 -470 0 150 0 0 1 0 1 0 -1 0 0 2450.dat
1 0 -450 -8 -150 -1 0 0 0 1 0 0 0 -1 2450.dat
1 0 -450 -8 150 0 0 1 0 1 0 -1 0 0 2450.dat
1 19 0 0 0 1 0 0 0 1 0 0 0 1 4282.dat
1 7 -50 -8 0 1 0 0 0 1 0 0 0 1 3021.dat
1 7 120 -8 -70 1 0 0 0 1 0 0 0 1 3666.dat
1 7 120 -8 70 1 0 0 0 1 0 0 0 1 3666.dat
1 7 -30 -40 0 0 0 1 0 1 0 -1 0 0 2413.dat
1 7 150 -40 0 0 0 -1 0 1 0 1 0 0 2413.dat
1 7 130 -72 0 0 0 -1 0 1 0 1 0 0 2877.dat
1 7 50 -64 30 0 0 -1 0 1 0 1 0 0 3005.dat
1 7 50 -64 -30 0 0 -1 0 1 0 1 0 0 3005.dat
1 7 150 -72 0 0 0 -1 0 1 0 1 0 0 3023.dat
1 7 10 -72 0 0 0 -1 0 1 0 1 0 0 3023.dat
1 7 90 -80 70 0 0 -1 0 1 0 1 0 0 2555.dat
1 7 150 -80 70 0 0 -1 0 1 0 1 0 0 2555.dat
1 7 90 -80 -70 0 0 -1 0 1 0 1 0 0 2555.dat
1 7 -430 -16 -170 0 0 -1 0 1 0 1 0 0 2555.dat
1 7 -450 -16 -170 0 0 -1 0 1 0 1 0 0 2555.dat
1 7 -430 -16 170 0 0 -1 0 1 0 1 0 0 2555.dat
1 7 -450 -16 170 0 0 -1 0 1 0 1 0 0 2555.dat
1 7 -480 30 -200 -1 0 0 0 1 0 0 0 -1 Sebulba Engine 1.ldr
1 7 -480 30 200 -1 0 0 0 1 0 0 0 -1 Sebulba Engine 4.ldr
1 7 150 -80 -70 0 0 -1 0 1 0 1 0 0 2555.dat
1 0 160 -86 -70 0 -80 0 0 0 1 1 0 0 LS50.dat
1 0 80 -86 -70 -0.0235 -1.9891 0.0151 0.0002 0.03 0.9999 0.9997 -0.0468 0.0002 LS51.dat
1 0 78.6285 -85.9793 -70.0323 -0.0668 -3.1765 0.0428 0.0014 0.1363 0.9991 0.9978 -0.213 0.0014 LS51.dat
1 0 76.0693 -85.8695 -70.2039 -0.1101 -6.343 0.0704 0.0039 0.4507 0.9975 0.9939 -0.7043 0.0039 LS51.dat
1 0 70.3464 -85.4629 -70.8393 -0.1535 -18.4873 0.0982 0.0076 1.8466 0.9951 0.9881 -2.8852 0.0076 LS51.dat
1 0 52.5326 -83.6836 -73.6194 -0.2005 -464.095 0.1283 0.013 61.3089 0.9916 0.9796 -95.7951 0.013 LS51.dat
1 0 -410.296 -22.5413 -169.154 -0.1105 -6.3235 0.0707 0.0039 0.451 0.9975 0.9939 -0.7046 0.0039 LS51.dat
1 0 -416.013 -22.1336 -169.791 -0.0678 -3.1786 0.0434 0.0015 0.1383 0.9991 0.9977 -0.2161 0.0015 LS51.dat
1 0 -418.574 -22.0222 -169.965 -0.0243 -1.7719 0.0155 0.0002 0.0276 0.9999 0.9997 -0.0431 0.0002 LS51.dat
1 0 -460 -22 -170 0 40 0 0 0 1 1 0 0 LS50.dat
1 0 160 -86 70 0 -80 0 -0.9107 0 -0.4131 -0.4131 0 0.9107 LS50.dat
1 0 80 -86 70 -0.0235 -1.9891 0.0151 -0.9105 0.0302 -0.4132 -0.4128 0.0466 0.9105 LS51.dat
1 0 78.6285 -85.9791 70.0321 -0.0668 -3.1765 0.0428 -0.9092 0.1377 -0.414 -0.4109 0.2121 0.9093 LS51.dat
1 0 76.0693 -85.8682 70.203 -0.1101 -6.343 0.0705 -0.9068 0.4552 -0.4156 -0.407 0.7014 0.9068 LS51.dat
1 0 70.3464 -85.4576 70.8359 -0.1535 -18.4873 0.0982 -0.903 1.8647 -0.418 -0.4013 2.8735 0.9031 LS51.dat
1 0 52.5327 -83.6608 73.6047 -0.2005 -464.095 0.1283 -0.8975 61.9104 -0.4216 -0.3928 95.4061 0.8977 LS51.dat
1 0 -410.296 -21.9186 168.752 -0.1105 -6.3235 0.0707 -0.9066 0.4554 -0.4159 -0.4073 0.7018 0.9066 LS51.dat
1 0 -416.013 -21.5069 169.386 -0.0678 -3.1786 0.0433 -0.9091 0.1396 -0.4144 -0.4111 0.2152 0.9091 LS51.dat
1 0 -418.574 -21.3944 169.56 -0.0243 -1.7718 0.0155 -0.9104 0.0278 -0.4135 -0.4131 0.0429 0.9104 LS51.dat
1 0 -460 -21.372 169.594 0 40 0 -0.9107 0 -0.4131 -0.4131 0 0.9107 LS50.dat
1 7 30 -80 0 0 0 -1 0 1 0 1 0 0 3023.dat
1 8 120 -8 0 1 0 0 0 1 0 0 0 1 3020.dat
1 8 120 -48 0 0 0 -1 0 1 0 1 0 0 3020.dat
1 25 -70 -32 0 0 0 1 0 1 0 -1 0 0 3747a.dat
1 25 -70 -64 0 0 0 1 0 1 0 -1 0 0 3298.dat
1 25 190 -64 0 0 0 -1 0 1 0 1 0 0 3298.dat
1 25 80 -64 30 1 0 0 0 1 0 0 0 1 4865a.dat
1 25 80 -64 -30 -1 0 0 0 1 0 0 0 -1 4865a.dat
1 47 30 -112 0 0 0 1 0 1 0 -1 0 0 4865a.dat
1 25 10 -64 -20 0 0 1 0 1 0 -1 0 0 6565.dat
1 25 10 -64 20 0 0 1 0 1 0 -1 0 0 6564.dat
1 25 120 -42 -70 0 0 1 0 1 0 -1 0 0 30360.dat
1 25 120 -42 70 0 0 1 0 1 0 -1 0 0 30360.dat
1 25 52.5 -41.5 -70 0 1 0 0 0 -1 -1 0 0 30367b.dat
1 8 20.5 -41.5 -70 0 1 0 0 0 -1 -1 0 0 4589.dat
1 8 180 -42 -70 0 1 0 0 0 -1 -1 0 0 4032a.dat
1 0 44.5 -41.5 -70 0 1 0 0 0 -1 -1 0 0 4073.dat
1 0 76.5 -41.5 -70 0 1 0 0 0 -1 -1 0 0 4073.dat
1 0 188 -42 -70 0 1 0 0 0 -1 -1 0 0 2654.dat
1 25 52.5 -41.5 70 0 1 0 0 0 -1 -1 0 0 30367b.dat
1 8 20.5 -41.5 70 0 1 0 0 0 -1 -1 0 0 4589.dat
1 8 180 -42 70 0 1 0 0 0 -1 -1 0 0 4032a.dat
1 0 44.5 -41.5 70 0 1 0 0 0 -1 -1 0 0 4073.dat
1 0 76.5 -41.5 70 0 1 0 0 0 -1 -1 0 0 4073.dat
1 0 188 -42 70 0 1 0 0 0 -1 -1 0 0 2654.dat
1 25 150 -32 0 0 0 -1 0 1 0 1 0 0 3747a.dat
1 0 20 -32 0 1 0 0 0 1 0 0 0 1 3007.dat
1 0 120 -80 80 1 0 0 0 1 0 0 0 1 30165.dat
1 0 120 -80 -80 1 0 0 0 1 0 0 0 1 30165.dat
1 383 150 -120 0 1 0 0 0 0 1 0 -1 0 71076a.dat
1 0 150 -88 0 0 0 -1 0 1 0 1 0 0 3794a.dat
1 0 -50 -64 -10 1 0 0 0 1 0 0 0 1 4070.dat
1 0 -30 -64 -10 1 0 0 0 1 0 0 0 1 4070.dat
1 0 120 -32 0 0 0 -1 0 1 0 1 0 0 3007.dat
1 8 -90 -8 0 0 0 -1 0 1 0 1 0 0 2412b.dat
1 8 10 -80 0 0 0 -1 0 1 0 1 0 0 2412b.dat
1 8 -40 -72 10 -1 0 0 0 1 0 0 0 -1 2431ps1.dat
1 8 -40 -72 -10 1 0 0 0 1 0 0 0 1 2431ps1.dat
1 8 130 -56 -90 1 0 0 0 1 0 0 0 1 6019.dat
1 8 110 -54 128 0 0.382683 -0.92388 1 0 0 0 -0.92388 -0.382683 30194.dat
1 8 110 -54 -128 0 0.382683 -0.92388 -1 0 0 0 0.92388 0.382683 30194.dat
1 8 130 -56 90 -1 0 0 0 1 0 0 0 -1 6019.dat
1 8 -40 -54 -24 -1 0 0 0 0 1 0 1 0 2412b.dat
1 0 -30 -64 10 -1 0 0 0 1 0 0 0 -1 4070.dat
1 0 -50 -64 10 -1 0 0 0 1 0 0 0 -1 4070.dat
1 8 -40 -54 24 1 0 0 0 0 1 0 -1 0 2412b.dat
1 0 150 -64 -10 1 0 0 0 1 0 0 0 1 4070.dat
1 0 170 -64 -10 1 0 0 0 1 0 0 0 1 4070.dat
1 8 110 -8 0 0 0 -1 0 1 0 1 0 0 2412b.dat
1 8 160 -54 -24 -1 0 0 0 0 1 0 1 0 2412b.dat
1 0 170 -64 10 -1 0 0 0 1 0 0 0 -1 4070.dat
1 0 150 -64 10 -1 0 0 0 1 0 0 0 -1 4070.dat
1 0 110 -80 0 0 0 1 0 1 0 -1 0 0 2432.dat
1 0 50 -64 0 0 0 -1 0 1 0 1 0 0 3039.dat
1 0 110 -56 70 1 0 0 0 1 0 0 0 1 2420.dat
1 0 110 -56 -70 0 0 1 0 1 0 -1 0 0 2420.dat
1 25 50 -72 -10 -1 0 0 0 1 0 0 0 -1 2420.dat
1 25 50 -72 10 0 0 -1 0 1 0 1 0 0 2420.dat
1 25 130 -80 10 1 0 0 0 1 0 0 0 1 2420.dat
1 25 130 -80 -10 0 0 1 0 1 0 -1 0 0 2420.dat
1 25 180 -72 0 0 0 1 0 1 0 -1 0 0 3068b.dat
1 25 120 -72 30 -1 0 0 0 1 0 0 0 -1 3039.dat
1 25 120 -72 -30 1 0 0 0 1 0 0 0 1 3039.dat
1 8 160 -54 24 1 0 0 0 0 1 0 -1 0 2412b.dat
1 19 0 32 0 1 0 0 0 1 0 0 0 1 4282.dat
1 19 -320 0 0 1 0 0 0 1 0 0 0 1 4282.dat
1 19 30 -88 0 0 0 -1 0 1 0 1 0 0 2540.dat
1 19 -320 32 0 1 0 0 0 1 0 0 0 1 4282.dat
0
0 FILE Gasgano Pod Racer.ldr
0 Gasgano Pod Racer
0 Name: Gasgano Pod Racer.ldr
0 Author: LDraw
0 Unofficial Model
0 ROTATION CENTER 135.75 -43.3281 10.5 0 "Custom" 
0 ROTATION CONFIG 0 0
1 19 120 8 0 1 0 0 0 1 0 0 0 1 3001.dat
1 19 100 40 0 1 0 0 0 1 0 0 0 1 3003.dat
1 19 100 64 0 1 0 0 0 1 0 0 0 1 30145.dat
1 19 -440 40 -160 1 0 0 0 1 0 0 0 1 3003.dat
1 19 -440 64 -160 1 0 0 0 1 0 0 0 1 30145.dat
1 19 -440 40 160 1 0 0 0 1 0 0 0 1 3003.dat
1 19 -440 64 160 1 0 0 0 1 0 0 0 1 30145.dat
1 19 -160 8 0 1 0 0 0 1 0 0 0 1 3001.dat
1 19 -20 8 0 1 0 0 0 1 0 0 0 1 3001.dat
1 19 -300 8 0 1 0 0 0 1 0 0 0 1 3001.dat
1 19 -430 8 0 0 0 -1 0 1 0 1 0 0 2465.dat
1 0 -430 0 -140 0 0 -1 0 1 0 1 0 0 3710.dat
1 0 -430 0 140 0 0 -1 0 1 0 1 0 0 3710.dat
1 19 -440 8 -170 1 0 0 0 1 0 0 0 1 2458.dat
1 19 -480 8 -170 1 0 0 0 1 0 0 0 1 2458.dat
1 19 -480 8 170 -1 0 0 0 1 0 0 0 -1 2458.dat
1 19 -440 8 170 -1 0 0 0 1 0 0 0 -1 2458.dat
1 38 -450 8 -140 -1 0 0 0 1 0 0 0 -1 30359b.dat
1 38 -450 8 140 1 0 0 0 1 0 0 0 1 30359b.dat
1 38 -470 8 -140 -1 0 0 0 1 0 0 0 -1 30359b.dat
1 38 -470 8 140 1 0 0 0 1 0 0 0 1 30359b.dat
1 7 -460 32 140 0 0 1 0 1 0 -1 0 0 3936.dat
1 7 -460 32 -140 0 0 1 0 1 0 -1 0 0 3935.dat
1 2 -470 0 -150 -1 0 0 0 1 0 0 0 -1 2450.dat
1 2 -470 0 150 0 0 1 0 1 0 -1 0 0 2450.dat
1 2 -450 -8 -150 -1 0 0 0 1 0 0 0 -1 2450.dat
1 7 -450 -16 -170 0 0 1 0 1 0 -1 0 0 2555.dat
1 7 -430 -16 -170 0 0 1 0 1 0 -1 0 0 2555.dat
1 7 -450 -16 170 0 0 1 0 1 0 -1 0 0 2555.dat
1 7 -430 -16 170 0 0 1 0 1 0 -1 0 0 2555.dat
0 SYNTH BEGIN TECHNIC_FLEX-SYSTEM_HOSE 0
1 0 94 -16 -50 0 -30 0 0 0 -1 -1 0 0 LS50.dat
1 0 64 -16 -50 0.0276 -1.9407 0.0014 0 -0.0027 -1 -0.9996 -0.0536 0 LS51.dat
1 0 62.6777 -16.0018 -50.0365 0.079 -2.9991 0.004 0.0002 -0.0119 -1 -0.9969 -0.2378 0.0002 LS51.dat
1 0 60.2963 -16.0113 -50.2253 0.1303 -5.5359 0.0065 0.0004 -0.0364 -1 -0.9915 -0.7278 0.0004 LS51.dat
1 0 55.3757 -16.0436 -50.8722 0.1814 -13.8059 0.0091 0.0008 -0.1273 -1 -0.9834 -2.5464 0.0008 LS51.dat
1 0 42.2045 -16.1651 -53.3015 0.2339 -68.2879 0.0117 0.0014 -0.8216 -0.9999 -0.9723 -16.4321 0.0014 LS51.dat
1 0 -25.8334 -16.9837 -69.6733 0.2547 -369.218 0.0127 0.0016 -4.8625 -0.9999 -0.967 -97.2495 0.0016 LS51.dat
1 0 -394.18 -21.8347 -166.694 0.1815 -13.7524 0.0091 0.0008 -0.1269 -1 -0.9834 -2.5385 0.0008 LS51.dat
1 0 -407.327 -21.956 -169.12 0.1309 -5.5232 0.0065 0.0004 -0.0365 -1 -0.9914 -0.729 0.0004 LS51.dat
1 0 -412.243 -21.9885 -169.769 0.0802 -3.0015 0.004 0.0002 -0.0121 -1 -0.9968 -0.2414 0.0002 LS51.dat
1 0 -414.625 -21.998 -169.961 0.0285 -1.717 0.0014 0 -0.0024 -1 -0.9996 -0.049 0 LS51.dat
1 0 -456 -22 -170 0 40 0 0 0 -1 -1 0 0 LS50.dat
1 0 94 -14 50 0 -30 0 -0.1011 0 0.9949 0.9949 0 0.1011 LS50.dat
1 0 64 -14 50 0.0276 -1.9407 0.0014 -0.101 -0.0028 0.9949 0.9945 0.0536 0.101 LS51.dat
1 0 62.6777 -14.0019 50.0365 0.079 -2.9952 0.0039 -0.1009 -0.0122 0.9949 0.9918 0.2374 0.1009 LS51.dat
1 0 60.2963 -14.0116 50.2253 0.13 -5.4639 0.0065 -0.1006 -0.0369 0.9949 0.9864 0.7165 0.1006 LS51.dat
1 0 55.4467 -14.0443 50.8612 0.181 -13.7215 0.009 -0.1002 -0.1299 0.9949 0.9784 2.5248 0.1002 LS51.dat
1 0 42.3595 -14.1682 53.2694 0.2335 -66.9619 0.0116 -0.0996 -0.8271 0.995 0.9672 16.0799 0.0997 LS51.dat
1 0 -24.3476 -14.9922 69.2886 0.2546 -370.784 0.0127 -0.0994 -5.0223 0.995 0.9619 97.6394 0.0994 LS51.dat
1 0 -394.257 -20.0028 166.701 0.1812 -13.7508 0.009 -0.1002 -0.1303 0.9949 0.9783 2.534 0.1002 LS51.dat
1 0 -407.398 -20.1273 169.122 0.1302 -5.7401 0.0065 -0.1006 -0.0388 0.9949 0.9864 0.7536 0.1006 LS51.dat
1 0 -412.306 -20.1605 169.767 0.0606 -4.4212 0.003 -0.101 -0.0138 0.9949 0.993 0.2684 0.101 LS51.dat
1 0 -456 -20.172 169.991 0 40 0 -0.1011 0 0.9949 0.9949 0 0.1011 LS50.dat
1 2 -450 -8 150 0 0 1 0 1 0 -1 0 0 2450.dat
1 2 -575 29.5 -220 0 -1 0 1 0 0 0 0 1 Gasgano Engine.ldr
1 2 -575 29.5 220 0 -1 0 1 0 0 0 0 1 Gasgano Engine.ldr
1 19 0 0 0 1 0 0 0 1 0 0 0 1 4282.dat
1 19 140 -16 -30 1 0 0 0 1 0 0 0 1 2540.dat
1 2 50 -56 0 0 0 -1 0 1 0 1 0 0 2540.dat
1 19 140 -16 30 -1 0 0 0 1 0 0 0 -1 2540.dat
1 25 -50 -16 0 1 0 0 0 1 0 0 0 1 3021.dat
1 8 140 -16 0 1 0 0 0 1 0 0 0 1 3020.dat
1 8 0 -16 0 0 0 1 0 1 0 -1 0 0 4859.dat
1 8 70 -16 -30 1 0 0 0 1 0 0 0 1 6019.dat
1 8 90 -16 -30 1 0 0 0 1 0 0 0 1 6019.dat
1 8 141.531 -63.059 10.5 0 0.92388 0.382683 0 0.382683 -0.92388 -1 0 0 6019.dat
1 8 141.531 -63.059 -9.5 0 0.92388 0.382683 0 0.382683 -0.92388 -1 0 0 6019.dat
1 2 134.14 -66.121 0.5 0 0.92388 0.382683 0 0.382683 -0.92388 -1 0 0 3069b.dat
1 8 90 -16 30 -1 0 0 0 1 0 0 0 -1 6019.dat
1 8 70 -16 30 -1 0 0 0 1 0 0 0 -1 6019.dat
1 0 -60 -8 0 1 0 0 0 1 0 0 0 1 3022.dat
1 0 50 -30 -44 0 0 1 1 0 0 0 1 0 4592.dat
1 7 50 -30 -44 0 0.707107 0.707107 1 0 0 0 0.707107 -0.707107 4593.dat
1 0 50 -30 44 0 0 1 -1 0 0 0 -1 0 4592.dat
1 7 50 -30 44 0 0.707107 0.707107 -1 0 0 0 -0.707107 0.707107 4593.dat
1 0 150 -8 10 1 0 0 0 1 0 0 0 1 2420.dat
1 0 150 -8 -10 0 0 1 0 1 0 -1 0 0 2420.dat
1 0 50 -16 10 1 0 0 0 1 0 0 0 1 2420.dat
1 0 110 -16 30 1 0 0 0 1 0 0 0 1 4073.dat
1 0 110 -16 -30 1 0 0 0 1 0 0 0 1 4073.dat
1 2 150 -40 -10 1 0 0 0 1 0 0 0 1 3063b.dat
1 2 150 -40 10 0 0 -1 0 1 0 1 0 0 3063b.dat
1 2 80 -40 30 1 0 0 0 1 0 0 0 1 4865a.dat
1 2 80 -40 -30 -1 0 0 0 1 0 0 0 -1 4865a.dat
1 2 -50 -40 0 0 0 1 0 1 0 -1 0 0 3039.dat
1 2 -10 -40 -20 0 0 1 0 1 0 -1 0 0 6565.dat
1 2 -10 -40 20 0 0 1 0 1 0 -1 0 0 6564.dat
1 2 50 -40 30 -1 0 0 0 1 0 0 0 -1 4070.dat
1 2 50 -40 -30 1 0 0 0 1 0 0 0 1 4070.dat
1 22 50 -48 -30 1 0 0 0 1 0 0 0 1 3070b.dat
1 22 50 -48 30 1 0 0 0 1 0 0 0 1 3070b.dat
1 22 140 -48 -30 1 0 0 0 1 0 0 0 1 2412b.dat
1 22 140 -48 30 1 0 0 0 1 0 0 0 1 2412b.dat
1 2 120 -40 -30 1 0 0 0 1 0 0 0 1 3004.dat
1 2 20 -48 0 1 0 0 0 1 0 0 0 1 3020.dat
1 2 120 -40 30 1 0 0 0 1 0 0 0 1 3004.dat
1 2 30 -40 10 1 0 0 0 1 0 0 0 1 2357.dat
1 2 30 -40 -10 0 0 1 0 1 0 -1 0 0 2357.dat
1 0 50 -16 -10 0 0 1 0 1 0 -1 0 0 2420.dat
1 7 50 -8 0 0 0 1 0 1 0 -1 0 0 2413.dat
1 7 120 -14 -50 0 1 0 0.92388 0 0.382683 0.382683 0 -0.92388 2335.dat
1 7 160 -14 50 0 -1 0 0.92388 0 0.382683 -0.382683 0 0.92388 2335.dat
1 7 130 -48 0 0 0 1 0 1 0 -1 0 0 2432.dat
1 8 -90 -8 0 0 0 -1 0 1 0 1 0 0 2412b.dat
1 8 -30 -48 0 0 0 -1 0 1 0 1 0 0 2412b.dat
1 8 10 -56 0 0 0 -1 0 1 0 1 0 0 2412b.dat
1 8 90 -16 0 0 0 -1 0 1 0 1 0 0 2412b.dat
1 22 30 -16 0 0 0 -1 0 1 0 1 0 0 2412b.dat
1 19 0 32 0 1 0 0 0 1 0 0 0 1 4282.dat
1 19 -320 0 0 1 0 0 0 1 0 0 0 1 4282.dat
1 19 -320 32 0 1 0 0 0 1 0 0 0 1 4282.dat
0 
0 
1 19 -490 22 -270 -1 0 0 0 1 0 0 0 -1 Gasgano 4.ldr
1 19 -490 22 270 -1 0 0 0 1 0 0 0 -1 Gasgano 5.ldr
0
0 FILE Gasgano Engine.ldr
0 Gasgano Engine
0 Name: Gasgano Engine.ldr
0 Author: LDraw
0 Unofficial Model
0 ROTATION CENTER -33.9139 28 -36.2868 1 "Custom" 
0 ROTATION CONFIG 0 0
1 0 -10 16 0 1 0 0 0 1 0 0 0 1 3001.dat
1 0 -10 -16 0 1 0 0 0 1 0 0 0 1 3001.dat
1 0 -10 -40 0 1 0 0 0 1 0 0 0 1 3001.dat
1 0 -10 -64 0 1 0 0 0 1 0 0 0 1 3001.dat
1 0 -10 8 -10 1 0 0 0 1 0 0 0 1 2436a.dat
1 0 -10 8 10 -1 0 0 0 1 0 0 0 -1 2436a.dat
1 7 20 8 0 0 0 1 0 1 0 -1 0 0 3023.dat
1 7 -40 8 0 0 0 1 0 1 0 -1 0 0 3023.dat
1 0 -10 -72 -10 1 0 0 0 1 0 0 0 1 2436a.dat
1 0 -10 -72 10 -1 0 0 0 1 0 0 0 -1 2436a.dat
1 0 -10 -80 0 -1 0 0 0 1 0 0 0 -1 3031.dat
1 0 -10 -176 0 -1 0 0 0 1 0 0 0 -1 3022.dat
1 19 -10 -176 30 -1 0 0 0 1 0 0 0 -1 2540.dat
1 19 -10 -176 -30 1 0 0 0 1 0 0 0 1 2540.dat
1 8 -10 -104 0 -1 0 0 0 1 0 0 0 -1 6222.dat
1 8 -10 -112 0 0 0 1 0 1 0 -1 0 0 3020.dat
1 8 -10 -120 0 1 0 0 0 1 0 0 0 1 3020.dat
1 19 -10 -144 0 1 0 0 0 1 0 0 0 1 3003.dat
1 19 -10 -168 0 0 0 -1 0 1 0 1 0 0 3003.dat
1 7 20 -112 0 0 0 1 0 1 0 -1 0 0 4590.dat
1 7 -40 -112 0 0 0 -1 0 1 0 1 0 0 4590.dat
1 7 20 -176 0 0 0 1 0 1 0 -1 0 0 4590.dat
1 7 -40 -176 0 0 0 -1 0 1 0 1 0 0 4590.dat
1 0 -10 -62 -40 1 0 0 0 0 -1 0 1 0 3710.dat
1 7 20 -72 0 0 0 1 0 1 0 -1 0 0 3023.dat
1 7 -40 -72 0 0 0 1 0 1 0 -1 0 0 3023.dat
1 7 -10 -120 -30 1 0 0 0 1 0 0 0 1 3023.dat
1 7 -40 -144 0 0 0 -1 0 1 0 1 0 0 2877.dat
1 7 20 -144 0 0 0 1 0 1 0 -1 0 0 2877.dat
1 0 -10 -144 -30 1 0 0 0 1 0 0 0 1 3700.dat
1 0 -10 -144 30 1 0 0 0 1 0 0 0 1 3700.dat
1 2 -40 -168 10 0 0 -1 0 1 0 1 0 0 3062b.dat
1 7 -50 -160 30 0 0 -1 0 1 0 1 0 0 3062b.dat
1 7 -50 -136 30 0 0 -1 0 1 0 1 0 0 3062b.dat
1 7 -50 -160 -30 0 0 -1 0 1 0 1 0 0 3062b.dat
1 7 -50 -136 -30 0 0 -1 0 1 0 1 0 0 3062b.dat
1 7 30 -160 -30 0 0 -1 0 1 0 1 0 0 3062b.dat
1 7 30 -136 -30 0 0 -1 0 1 0 1 0 0 3062b.dat
1 7 30 -160 30 0 0 -1 0 1 0 1 0 0 3062b.dat
1 7 30 -136 30 0 0 -1 0 1 0 1 0 0 3062b.dat
1 2 -40 -168 -10 0 0 -1 0 1 0 1 0 0 3062b.dat
1 2 20 -168 10 0 0 -1 0 1 0 1 0 0 3062b.dat
1 2 20 -168 -10 0 0 -1 0 1 0 1 0 0 3062b.dat
1 2 0 -168 30 1 0 0 0 1 0 0 0 1 3062b.dat
1 2 -20 -168 30 1 0 0 0 1 0 0 0 1 3062b.dat
1 2 0 -168 -30 1 0 0 0 1 0 0 0 1 3062b.dat
1 2 -20 -168 -30 1 0 0 0 1 0 0 0 1 3062b.dat
1 2 -10 -224 0 1 0 0 0 1 0 0 0 1 3943b.dat
1 22 -10 -272 0 1 0 0 0 1 0 0 0 1 3942c.dat
1 7 -10 -120 30 1 0 0 0 1 0 0 0 1 3023.dat
1 7 -10 -12 -32 0 0 -1 -1 0 0 0 1 0 3795.dat
1 2 20 -62 -32 0 0 -1 -1 0 0 0 1 0 3024.dat
1 2 -40 -62 -32 0 0 -1 -1 0 0 0 1 0 3024.dat
1 2 0.007 28 -40.023 0 -0.00174533 -0.999998 -1 0 0 0 0.999998 -0.00174533 4315.dat
1 2 -10 -62 -64 1 0 0 0 0 -1 0 1 0 6069.dat
1 2 -20 28 -40 0 0 1 1 0 0 0 1 0 4315.dat
1 2 -30 -32 -40 0 0 1 1 0 0 0 1 0 3068b.dat
1 2 10 -32 -40 0 0 1 1 0 0 0 1 0 3068b.dat
1 25 -10 58 -48 1 0 0 0 0 -1 0 1 0 2412b.dat
1 0 -10 -62 40 -1 0 0 0 0 -1 0 -1 0 3710.dat
1 7 -10 -12 32 0 0 1 -1 0 0 0 -1 0 3795.dat
1 2 -40 -62 32 0 0 1 -1 0 0 0 -1 0 3024.dat
1 2 20 -62 32 0 0 1 -1 0 0 0 -1 0 3024.dat
1 2 -20 28 40 0 0 1 -1 0 0 0 -1 0 4315.dat
1 2 -10 -62 64 -1 0 0 0 0 -1 0 -1 0 6069.dat
1 2 0 28 40 0 0 -1 1 0 0 0 -1 0 4315.dat
1 2 10 -32 40 0 0 -1 1 0 0 0 -1 0 3068b.dat
1 2 -30 -32 40 0 0 -1 1 0 0 0 -1 0 3068b.dat
1 25 -10 58 48 -1 0 0 0 0 -1 0 -1 0 2412b.dat
1 25 -91.21 78 -36.58 0 0.199368 -0.979925 -1 0 0 0 0.979925 0.199368 Gasgano 3.ldr
1 25 71.193 -22 -36.013 0 -0.206204 0.978509 1 0 0 0 0.978509 0.206204 Gasgano 2.ldr
1 25 71.29 78 36.42 0 -0.199368 0.979925 -1 0 0 0 -0.979925 -0.199368 Gasgano 3.ldr
1 25 -91.113 -22 35.853 0 0.206204 -0.978509 1 0 0 0 -0.978509 -0.206204 Gasgano 2.ldr
0
0 FILE Gasgano 2.ldr
0 Gasgano 2
0 Name: Gasgano 2.ldr
0 Author: LDraw
0 Unofficial Model
0 ROTATION CENTER 0 0 0 1 "Custom" 
0 ROTATION CONFIG 0 0
1 7 60 16 0 1 0 0 0 1 0 0 0 1 3021.dat
1 25 80 0 -20 0 0 -1 0 1 0 1 0 0 3710.dat
1 2 50 8 -20 -1 0 0 0 1 0 0 0 -1 4213.dat
1 2 0 16 -10 -1 0 0 0 1 0 0 0 -1 2450.dat
1 22 -10 8 -30 -1 0 0 0 1 0 0 0 -1 2412b.dat
0
0 FILE Gasgano 3.ldr
0 Gasgano 3
0 Name: Gasgano 3.ldr
0 Author: LDraw
0 Unofficial Model
0 
0 ROTATION CENTER 0 0 0 1 "Custom" 
0 ROTATION CONFIG 0 0
1 7 40 16 0 1 0 0 0 1 0 0 0 1 3021.dat
1 25 20 0 -20 0 0 -1 0 1 0 1 0 0 3710.dat
1 2 50 8 -20 -1 0 0 0 1 0 0 0 -1 4213.dat
1 2 100 16 -10 0 0 -1 0 1 0 1 0 0 2450.dat
1 22 110 8 -30 -1 0 0 0 1 0 0 0 -1 2412b.dat
0
0 FILE Gasgano 4.ldr
0 Gasgano 4
0 Name: Gasgano 4.ldr
0 Author: LDraw
0 Unofficial Model
0 ROTATION CENTER 0 0 0 1 "Custom" 
0 ROTATION CONFIG 0 0
1 7 -60 8 0 -1 0 0 0 1 0 0 0 -1 88072.dat
1 7 -38 -6 -8 0 0 1 1 0 0 0 1 0 6117.dat
1 0 -39.5 0 18.5 0 0 1 1 0 0 0 1 0 30034.dat
1 7 -70 -8 0 0 0 1 0 1 0 -1 0 0 4085a.dat
1 2 -70 0 0 0 0 1 0 1 0 -1 0 0 3024.dat
1 2 -70 -16 0 0 0 1 0 1 0 -1 0 0 3024.dat
1 2 -50 -16 0 0 0 -1 0 1 0 1 0 0 4070.dat
1 22 -60 -24 0 -1 0 0 0 1 0 0 0 -1 2412b.dat
0
0 FILE Gasgano 5.ldr
0 Gasgano 5
0 Name: Gasgano 5.ldr
0 Author: LDraw
0 Unofficial Model
0 ROTATION CENTER 0 0 0 1 "Custom" 
0 ROTATION CONFIG 0 0
1 7 -60 8 0 1 0 0 0 1 0 0 0 1 88072.dat
1 7 -38 -6 -8 0 0 1 1 0 0 0 1 0 6117.dat
1 0 -39.5 0 -18 0 0 1 -1 0 0 0 -1 0 30034.dat
1 7 -70 -8 0 0 0 1 0 1 0 -1 0 0 4085a.dat
1 2 -70 0 0 0 0 1 0 1 0 -1 0 0 3024.dat
1 2 -70 -16 0 0 0 1 0 1 0 -1 0 0 3024.dat
1 2 -50 -16 0 0 0 -1 0 1 0 1 0 0 4070.dat
1 22 -60 -24 0 -1 0 0 0 1 0 0 0 -1 2412b.dat
0 
0 
0
0 FILE Sebulba Engine 1.ldr
0 Sebulba Engine 1
0 Name: Sebulba Engine 1.ldr
0 Author: LDraw
0 Unofficial Model
0 ROTATION CENTER -60 -37.6359 29.7512 1 "Custom" 
0 ROTATION CONFIG 0 1
1 0 -20 0 0 1 0 0 0 1 0 0 0 1 3003.dat
1 0 -20 -48 0 1 0 0 0 1 0 0 0 1 3003.dat
1 19 -176.5 -12 0 0 1 0 0 0 -1 -1 0 0 3003.dat
1 0 30 -48 0 0 0 -1 0 1 0 1 0 0 3039.dat
1 0 50 -14 -30 -1 0 0 0 1 0 0 0 -1 32062.dat
1 0 -70 -48 0 0 0 1 0 1 0 -1 0 0 3039.dat
1 0 -140 -12 0 1 0 0 0 1 0 0 0 1 4519.dat
1 0 -20 24 0 1 0 0 0 1 0 0 0 1 3795.dat
1 0 -20 -56 0 1 0 0 0 1 0 0 0 1 3795.dat
1 0 -172.5 -12 52 -1 0 0 0 0 -1 0 -1 0 3032.dat
1 0 -20 -24 10 1 0 0 0 1 0 0 0 1 3009.dat
1 7 -20 -24 -10 1 0 0 0 1 0 0 0 1 3894.dat
1 7 55 -14 -30 0 0 -1 0 1 0 1 0 0 32123b.dat
1 7 8 -42 -30 0.382683 -0.92388 0 0.92388 0.382683 0 0 0 1 2736.dat
1 7 50 -24 0 0 0 -1 0 1 0 1 0 0 2877.dat
1 7 94 -2 -30 0 0 1 0 1 0 -1 0 0 6117.dat
1 7 -90 -8 0 0 0 -1 0 1 0 1 0 0 3023.dat
1 7 -90 -24 0 0 0 -1 0 1 0 1 0 0 3023.dat
1 7 -142.5 -12 60 0 0 1 -1 0 0 0 -1 0 3023.dat
1 7 -202.5 -12 60 0 0 1 -1 0 0 0 -1 0 3023.dat
1 7 -142.5 -12 76 0 0 1 -1 0 0 0 -1 0 3023.dat
1 7 -172.5 18 84 -1 0 0 0 0 -1 0 -1 0 3937.dat
1 4 -172.5 18 84 -1 0 0 0 0 -1 0 -1 0 6134.dat
1 4 -172.5 -42 84 1 0 0 0 0 1 0 -1 0 6134.dat
1 7 -172.5 -42 84 1 0 0 0 0 1 0 -1 0 3937.dat
1 7 -172.5 -12 76 -1 0 0 0 0 -1 0 -1 0 4150ps1.dat
1 7 -202.5 -12 76 0 0 1 -1 0 0 0 -1 0 3023.dat
1 7 -152.5 -12 -30 0 1 0 -1 0 0 0 0 1 3023.dat
1 7 -176.5 -42 -10 0 1 0 0 0 1 1 0 0 3062b.dat
1 7 -200.5 -42 -10 0 1 0 0 0 1 1 0 0 3062b.dat
1 7 -176.5 -42 10 0 1 0 0 0 1 1 0 0 3062b.dat
1 7 -200.5 -42 10 0 1 0 0 0 1 1 0 0 3062b.dat
1 7 -176.5 -22 30 0 1 0 1 0 0 0 0 -1 3062b.dat
1 7 -200.5 -22 30 0 1 0 1 0 0 0 0 -1 3062b.dat
1 7 -176.5 -2 30 0 1 0 1 0 0 0 0 -1 3062b.dat
1 7 -200.5 -2 30 0 1 0 1 0 0 0 0 -1 3062b.dat
