0 FILE Wookie Attack.ldr
0 Wookie Attack
0 Name: Wookie Attack.ldr
0 Author: R Paluczak
0 Unofficial Model
0 ROTATION CENTER 0 0 0 1 "Custom" 
0 ROTATION CONFIG 0 0
1 0 -180 80 20 1 0 0 0 1 0 0 0 1 Part 9.ldr
1 0 -268.596 72 -322.433 0.980785 0 0.19509 0 1 0 -0.19509 0 0.980785 Part 1.ldr
1 0 -55 104 -432 1 0 0 0 1 0 0 0 1 Part 3.ldr
1 0 -433 88 -277 0 0 1 0 1 0 -1 0 0 Battle Droid.ldr
1 0 -334 88 -218 0 0 1 0 1 0 -1 0 0 Battle Droid.ldr
1 0 -349 56 -600 0 0 1 0 1 0 -1 0 0 wookie.ldr
1 0 -439 56 -605 0 0 1 0 1 0 -1 0 0 wookie.ldr
0
0 FILE wookie.ldr
0 Wookie
0 Name: wookie.ldr
0 Author: R Paluczak
0 Unofficial Model
0 ROTATION CENTER 0 0 0 1 "Custom" 
0 ROTATION CONFIG 0 0
1 70 0 0 0 1 0 0 0 1 0 0 0 1 30483p01.dat
1 70 0 0 0 1 0 0 0 1 0 0 0 1 973.dat
1 70 0 32 0 1 0 0 0 1 0 0 0 1 3815.dat
1 70 -15.552 9 0 0.985 -0.17 0 0.17 0.985 0 0 0 1 3818.dat
1 70 15.552 9 0 0.985 0.17 0 -0.17 0.985 0 0 0 1 3819.dat
1 70 -23.8634 26.5956 -10.321 0.985 -0.12019 0.12019 0.17 0.696395 -0.696395 0 0.707 0.707 3820.dat
1 70 23.8634 26.5956 -10.321 0.985 0.12019 -0.12019 -0.17 0.696395 -0.696395 0 0.707 0.707 3820.dat
1 70 0 44 0 1 0 0 0 1 0 0 0 1 3816.dat
1 70 0 44 0 1 0 0 0 1 0 0 0 1 3817.dat
0
0 FILE Battle Droid.ldr
0 Battle Droid
0 Name: Battle Droid.ldr
0 Author: R Paluczak
0 Unofficial Model
0 ROTATION CENTER 0 0 0 1 "Custom" 
0 ROTATION CONFIG 0 0
1 19 -40 32 0 1 0 0 0 1 0 0 0 1 30376.dat
1 19 -40 -8 0 1 0 0 0 1 0 0 0 1 30375.dat
1 0 -71 -2 -12 0 1 0 1 0 0 0 0 -1 4349.dat
1 38 -71 -2 -38 0 0 1 1 0 0 0 1 0 4073.dat
1 19 -40 -40 0 1 0 0 0 1 0 0 0 1 30378.dat
1 19 -24 -40 0 1 0 0 0 1 0 0 0 1 30377.dat
1 19 -56 -40 0 1 0 0 0 1 0 0 0 1 30377.dat
0
0 FILE Part 1.ldr
0 Part 1
0 Name: Part 1.ldr
0 Author: R Paluczak
0 Unofficial Model
0 ROTATION CENTER 0 0 0 1 "Custom" 
0 ROTATION CONFIG 0 0
1 72 -20 -8 0 0 0 -1 0 1 0 1 0 0 3022.dat
1 72 -20 -24 0 0 0 -1 0 1 0 1 0 0 2460.dat
1 72 -20 -24 0 -0.707107 0 -0.707107 0 1 0 0.707107 0 -0.707107 Her.dat
1 72 -28.485 -34 5.657 -0.707107 0.707107 0 0 0 1 0.707107 0.707107 0 Part 2.ldr
1 0 -40 -16 -10 -1 0 0 0 1 0 0 0 -1 44302.dat
1 272 -98.284 0.143 -10 0.707107 0.707107 0 -0.707107 0.707107 0 0 0 1 30386.dat
1 72 -128.609 41.624 -10 0.92388 0.382684 0 -0.382684 0.92388 0 0 0 1 44300.dat
1 0 0 -16 10 1 0 0 0 1 0 0 0 1 44302.dat
1 272 58.284 0.143 10 -0.707107 -0.707107 0 -0.707107 0.707107 0 0 0 -1 30386.dat
1 72 88.609 41.624 10 -0.92388 -0.382684 0 -0.382684 0.92388 0 0 0 -1 44300.dat
1 0 -30 -16 20 0 0 -1 0 1 0 1 0 0 44302.dat
1 272 -30 0.143 78.284 0 0 1 -0.707107 0.707107 0 -0.707107 -0.707107 0 30386.dat
1 72 -30 41.624 108.609 0 0 1 -0.382684 0.92388 0 -0.92388 -0.382684 0 44300.dat
1 0 -10 -16 -20 0 0 1 0 1 0 -1 0 0 44302.dat
1 272 -10 0.143 -78.284 0 0 -1 -0.707107 0.707107 0 0.707107 0.707107 0 30386.dat
1 72 -10 41.624 -108.609 0 0 -1 -0.382684 0.92388 0 0.92388 0.382684 0 44300.dat
0 
0
0 FILE Part 2.ldr
0 Part 2
0 Name: Part 2.ldr
0 Author: R Paluczak
0 Unofficial Model
0 ROTATION CENTER 0 0 0 1 "Custom" 
0 ROTATION CONFIG 0 0
1 0 -10 -8 0 1 0 0 0 1 0 0 0 1 3700.dat
1 0 -10 -48 0 1 0 0 0 1 0 0 0 1 2432.dat
1 71 -10 16 0 1 0 0 0 1 0 0 0 1 32529.dat
1 72 -10 -16 0 -1 0 0 0 1 0 0 0 -1 30209.dat
1 379 -10 -12 -30 -1 0 0 0 0 1 0 1 0 30208.dat
1 72 -10 -66 -30 -1 0 0 0 -1 0 0 0 1 6190.dat
1 38 -30 -74 -30 -1 0 0 0 -1 0 0 0 1 4073.dat
1 38 10 -74 -30 -1 0 0 0 -1 0 0 0 1 4073.dat
1 72 -20 -64 4 1 0 0 0 0 -1 0 1 0 61252.dat
1 72 -10 -44 6 -1 0 0 0 -0.707107 -0.707107 0 -0.707107 0.707107 30377.dat
1 72 0 -64 4 1 0 0 0 0 -1 0 1 0 61252.dat
1 71 -10 -64 12 -1 0 0 0 0 1 0 1 0 44567.dat
1 0 -10 -94 14 1 0 0 0 0 -1 0 1 0 30553.dat
1 0 -10 -114 14 0 0 -1 0 1 0 1 0 0 4095.dat
1 36 -10 -230 14 0 0 -1 0 1 0 1 0 0 4589.dat
1 72 -10 -182 14 0 0 -1 0 -1 0 -1 0 0 4589.dat
1 1 -10 42 -10 0 0 1 0 1 0 -1 0 0 4274.dat
1 72 -10 42 -18 0 0 1 1 0 0 0 1 0 2569.dat
0
0 FILE Part 3.ldr
0 Part 3
0 Name: Part 3.ldr
0 Author: R Paluczak
0 Unofficial Model
0 ROTATION CENTER 0 0 0 1 "Custom" 
0 ROTATION CONFIG 0 0
1 72 -30 16 0 1 0 0 0 1 0 0 0 1 3031.dat
1 72 -70 -16 0 1 0 0 0 1 0 0 0 1 3031.dat
1 72 60 -132 0 1 0 0 0 1 0 0 0 1 3031.dat
1 19 90 -144 0 1 0 0 0 1 0 0 0 1 3021.dat
1 19 60 -164 -30 1 0 0 0 1 0 0 0 1 2412b.dat
1 19 60 -164 30 1 0 0 0 1 0 0 0 1 2412b.dat
1 19 30 -188 0 0 0 -1 0 1 0 1 0 0 2412b.dat
1 72 70 -152 0 0 0 -1 0 1 0 1 0 0 3794b.dat
1 135 70 -172 0 0 0 -1 0 1 0 1 0 0 4589.dat
1 135 90 -172 0 0 0 -1 0 1 0 1 0 0 4589.dat
1 135 110 -172 0 0 0 -1 0 1 0 1 0 0 4589.dat
1 72 90 -152 0 0 0 -1 0 1 0 1 0 0 3794b.dat
1 72 110 -152 0 0 0 -1 0 1 0 1 0 0 3794b.dat
1 72 10 -16 0 1 0 0 0 1 0 0 0 1 3020.dat
1 71 40 -40 0 0 0 -1 0 1 0 1 0 0 30237.dat
1 71 76.498 -56 -17.658 -0.382683 0 0.92388 0 1 0 -0.92388 0 -0.382683 Part 5.ldr
1 71 -20 -40 0 0 0 1 0 1 0 -1 0 0 3039.dat
1 72 -40 -40 -30 0 0 1 0 1 0 -1 0 0 43710.dat
1 72 -40 -40 30 0 0 1 0 1 0 -1 0 0 43711.dat
1 70 50 -156 -30 0 0 1 0 1 0 -1 0 0 43710.dat
1 70 30 -180 -10 0 0 1 0 1 0 -1 0 0 2921.dat
1 70 30 -180 10 0 0 1 0 1 0 -1 0 0 2921.dat
1 70 80 -156 -30 0 0 -1 0 1 0 1 0 0 41747.dat
1 70 80 -156 30 0 0 -1 0 1 0 1 0 0 41748.dat
1 70 50 -156 30 0 0 1 0 1 0 -1 0 0 43711.dat
1 71 10 -48 0 1 0 0 0 1 0 0 0 1 3709b.dat
1 71 40 -80 0 0 0 -1 0 1 0 1 0 0 2432.dat
1 71 -20 -80 0 0 0 1 0 1 0 -1 0 0 2432.dat
1 71 10 -58 0 0 -1 0 0 0 1 -1 0 0 3713.dat
1 70 -30 -8 0 1 0 0 0 1 0 0 0 1 3003.dat
1 70 -100 -24 0 0 0 1 0 1 0 -1 0 0 2436a.dat
1 72 -100 -32 0 0 0 1 0 1 0 -1 0 0 3023.dat
1 72 -100 -56 0 0 0 1 0 1 0 -1 0 0 3937.dat
1 71 -105.556 -54.315 0 0 0.55557 0.83147 0 0.83147 -0.55557 -1 0 0 6134.dat
1 19 -60.687 -113.16 0 0 0.55557 0.83147 0 0.83147 -0.55557 -1 0 0 2397.dat
1 70 -30 -16 60 -1 0 0 0 1 0 0 0 -1 2430.dat
1 70 19.497 -32 24.644 0.707107 0 -0.707107 0 1 0 0.707107 0 0.707107 Part 6.ldr
1 70 -30 -16 -60 1 0 0 0 1 0 0 0 1 2429.dat
1 70 -22.929 -32 -67.071 0.707107 0 0.707107 0 1 0 -0.707107 0 0.707107 Part 4.ldr
1 70 10 -40 0 1 0 0 0 1 0 0 0 1 6143.dat
1 70 -60 -8 0 0 0 1 0 1 0 -1 0 0 3747b.dat
1 19 -10 8 -30 1 0 0 0 1 0 0 0 1 3023.dat
1 19 -122 -14 0 0 1 0 0 0 1 1 0 0 3023.dat
1 72 -130 -14 0 0 1 0 0 0 1 1 0 0 3839b.dat
1 72 -102.787 -54 75.497 0 -0.707107 0.707107 -1 0 0 0 -0.707107 -0.707107 Part 8.ldr
1 72 -102.787 -54 -75.497 0 -0.707107 -0.707107 -1 0 0 0 0.707107 -0.707107 Part 7.ldr
1 72 31.213 -198 59.497 0 -0.707107 0.707107 -1 0 0 0 -0.707107 -0.707107 Part 8.ldr
1 72 31.213 -198 -59.497 0 -0.707107 -0.707107 -1 0 0 0 0.707107 -0.707107 Part 7.ldr
1 19 -10 8 30 1 0 0 0 1 0 0 0 1 3023.dat
1 0 -10 0 30 1 0 0 0 1 0 0 0 1 3069b.dat
1 0 10 -8 0 1 0 0 0 1 0 0 0 1 40902.dat
1 0 40 -156 0 -1 0 0 0 1 0 0 0 -1 40902.dat
1 0 10 -75 0 0 1 0 -1 0 0 0 0 1 3706.dat
1 0 10 -136 0 0 -1 0 0 0 1 -1 0 0 30552.dat
1 70 70 0 0 -1 0 0 0 1 0 0 0 -1 44301.dat
1 0 -50 -8 -40 0 0 1 0 1 0 -1 0 0 40902.dat
1 70 -50 0 -100 0 0 -1 0 1 0 1 0 0 44301.dat
1 0 -50 -8 40 0 0 -1 0 1 0 1 0 0 40902.dat
1 70 -50 0 100 0 0 1 0 1 0 -1 0 0 44301.dat
1 0 -10 0 -30 1 0 0 0 1 0 0 0 1 3069b.dat
0
0 FILE Part 4.ldr
0 Part 4
0 Name: Part 4.ldr
0 Author: R Paluczak
0 Unofficial Model
0 ROTATION CENTER 0 0 0 1 "Custom" 
0 ROTATION CONFIG 0 0
1 70 -10 16 0 1 0 0 0 1 0 0 0 1 2430.dat
1 70 10 -8 30 0 0 -1 0 1 0 1 0 0 41747.dat
1 70 150 8 0 0 0 1 0 1 0 -1 0 0 30503.dat
1 0 10 24 20 1 0 0 0 1 0 0 0 1 4032a.dat
1 72 90 16 30 1 0 0 0 1 0 0 0 1 4477.dat
0
0 FILE Part 5.ldr
0 Part 5
0 Name: Part 5.ldr
0 Author: R Paluczak
0 Unofficial Model
0 ROTATION CENTER 0 0 0 1 "Custom" 
0 ROTATION CONFIG 0 0
1 72 -10 32 0 1 0 0 0 1 0 0 0 1 4623.dat
1 72 -10 -7 40 1 0 0 0 -0.19509 -0.980785 0 0.980785 -0.19509 61252.dat
1 43 -10 -22.607 118.463 1 0 0 0 -0.19509 -0.980785 0 0.980785 -0.19509 4073.dat
1 72 -10 -17.925 94.924 1 0 0 0 -0.980785 0.19509 0 -0.19509 -0.980785 3959.dat
1 71 -10 -20.309 65.901 1 0 0 0 0.980785 -0.19509 0 0.19509 0.980785 2516.dat
1 19 -10 40 20 0 0 -1 0 1 0 1 0 0 3021.dat
1 70 -10 32 20 -1 0 0 0 1 0 0 0 -1 3023.dat
1 71 -10 8 40 1 0 0 0 1 0 0 0 1 2432.dat
0
0 FILE Part 6.ldr
0 Part 6
0 Name: Part 6.ldr
0 Author: R Paluczak
0 Unofficial Model
0 ROTATION CENTER 0 0 0 1 "Custom" 
0 ROTATION CONFIG 0 0
1 70 -10 16 60 -1 0 0 0 1 0 0 0 -1 2429.dat
1 70 10 -8 30 0 0 -1 0 1 0 1 0 0 41748.dat
1 70 150 8 60 -1 0 0 0 1 0 0 0 -1 30503.dat
1 0 10 24 40 1 0 0 0 1 0 0 0 1 4032a.dat
1 72 90 16 30 1 0 0 0 1 0 0 0 1 4477.dat
0
0 FILE Part 7.ldr
0 Part 7
0 Name: Part 7.ldr
0 Author: R Paluczak
0 Unofficial Model
0 ROTATION CENTER 0 0 0 1 "Custom" 
0 ROTATION CONFIG 0 0
1 72 -20 48 0 1 0 0 0 1 0 0 0 1 61252.dat
1 71 -20 40 0 0 0 -1 0 1 0 1 0 0 4085c.dat
1 71 -20 32 0 0 0 -1 0 1 0 1 0 0 2569.dat
1 71 0 48 0 0 0 -1 0 1 0 1 0 0 2569.dat
0
0 FILE Part 8.ldr
0 Part 8
0 Name: Part 8.ldr
0 Author: R Paluczak
0 Unofficial Model
0 ROTATION CENTER 0 0 0 1 "Custom" 
0 ROTATION CONFIG 0 0
1 72 -20 48 0 -1 0 0 0 1 0 0 0 -1 61252.dat
1 71 -20 40 0 0 0 -1 0 1 0 1 0 0 4085c.dat
1 71 -20 32 0 0 0 -1 0 1 0 1 0 0 2569.dat
1 71 0 48 0 0 0 -1 0 1 0 1 0 0 2569.dat
0
0 FILE Part 9.ldr
0 Part 9
0 Name: Part 9.ldr
0 Author: R Paluczak
0 Unofficial Model
0 ROTATION CENTER 0 0 0 1 "Custom" 
0 ROTATION CONFIG 0 0
1 0 10 24 0 1 0 0 0 1 0 0 0 1 3832.dat
1 0 -164 24 -100 1 0 0 0 1 0 0 0 1 3034.dat
1 0 110 10 0 1 0 0 0 1 0 0 0 1 32062.dat
1 0 140 10 0 0 0 -1 0 1 0 1 0 0 32062.dat
1 0 180 10 0 0 0 -1 0 1 0 1 0 0 3705.dat
1 379 180 10 -46 0 0 -1 -1 0 0 0 1 0 30065.dat
1 272 180 10 -54 0 0 -1 -1 0 0 0 1 0 4740.dat
1 379 180 10 47 0 0 1 -1 0 0 0 -1 0 30065.dat
1 272 180 10 55 0 0 1 -1 0 0 0 -1 0 4740.dat
1 0 170 10 -15 0 0 -1 -1 0 0 0 1 0 32449.dat
1 0 170 10 15 0 0 -1 -1 0 0 0 1 0 32449.dat
1 0 120 10 0 0 0 -1 0 1 0 1 0 0 32039.dat
1 0 -204 10 0 0 0 1 0 1 0 -1 0 0 32062.dat
1 0 -164 10 0 0 0 1 0 1 0 -1 0 0 3737.dat
1 0 -110 10 0 1 0 0 0 1 0 0 0 1 3705.dat
1 0 -194 10 15 0 0 1 -1 0 0 0 -1 0 32449.dat
1 0 -194 10 -15 0 0 1 -1 0 0 0 -1 0 32449.dat
1 0 -144 10 0 0 0 1 0 1 0 -1 0 0 32039.dat
1 0 10 -8 0 1 0 0 0 1 0 0 0 1 3832.dat
1 0 -60 10 -20 0 1 0 0 0 1 1 0 0 2780.dat
1 0 -150 -60 -30 0 1 0 -1 0 0 0 0 1 Part 10.ldr
1 0 -150 -60 30 0 1 0 -1 0 0 0 0 1 Part 11.ldr
1 0 -60 10 20 0 0 -1 0 1 0 1 0 0 2780.dat
1 71 100 0 0 0 0 -1 0 1 0 1 0 0 32064b.dat
1 71 -20 -40 0 0 0 -1 0 1 0 1 0 0 32064b.dat
1 71 -20 -72 0 0 0 -1 0 1 0 1 0 0 32064b.dat
1 71 -40 -62 0 -1 0 0 0 1 0 0 0 -1 4519.dat
1 71 -80 -63 0 0 0 -1 0 1 0 1 0 0 32015.dat
1 71 -95 -98 0 -0.382683 0 -0.92388 -0.92388 0 0.382683 0 1 0 4519.dat
1 71 -111 -136 0 0 0 1 0 -1 0 1 0 0 32015.dat
1 71 -151 -136 0 -1 0 0 0 -1 0 0 0 1 4519.dat
1 0 -191 -136 0 0 0 -1 0 -1 0 -1 0 0 32062.dat
1 0 -111 -136 0 0 0 -1 0 -1 0 -1 0 0 32062.dat
1 71 -111 -176 0 0 0 -1 0 -1 0 -1 0 0 4519.dat
1 71 -111 -176 0 1 0 0 0 -1 0 0 0 -1 3713.dat
1 0 -111 -136 15 0 0 -1 -1 0 0 0 1 0 32250.dat
1 0 -111 -136 -15 0 0 -1 -1 0 0 0 1 0 32250.dat
1 0 -91 -176 -25 0 0 -1 -1 0 0 0 1 0 41677.dat
1 0 -91 -176 25 0 0 -1 -1 0 0 0 1 0 41677.dat
1 379 -191 -136 0 0 0 -1 0 -1 0 -1 0 0 32013.dat
1 71 180 10 0 -1 0 0 0 1 0 0 0 -1 3648b.dat
1 71 -204 10 0 1 0 0 0 1 0 0 0 1 3648b.dat
1 0 -181.161 -152.1 0 0 0.4472 -0.8944 0 0.8944 0.4472 1 0 0 3873.dat
1 0 -167.828 -158.766 0 0 0.4472 -0.8944 0 0.8944 0.4472 1 0 0 3873.dat
1 0 -154.495 -165.433 0 0 0.4472 -0.8944 0 0.8944 0.4472 1 0 0 3873.dat
1 0 -141.161 -172.1 0 0 0.4472 -0.8944 0 0.8944 0.4472 1 0 0 3873.dat
1 0 -127.828 -178.766 0 0 0.4472 -0.8944 0 0.8944 0.4472 1 0 0 3873.dat
1 0 -114.495 -185.433 0 0 0.4472 -0.8944 0 0.8944 0.4472 1 0 0 3873.dat
1 0 -195.472 -144.944 0 0 0.9982 -0.0599 0 0.0599 0.9982 1 0 0 3873.dat
1 0 -92.1536 -176.902 0 0 -0.4889 -0.8724 0 0.8724 -0.4889 1 0 0 3873.dat
1 0 -78.4819 -169.24 0 0 -0.4889 -0.8724 0 0.8724 -0.4889 1 0 0 3873.dat
1 0 -64.8102 -161.579 0 0 -0.4889 -0.8724 0 0.8724 -0.4889 1 0 0 3873.dat
1 0 -51.1385 -153.917 0 0 -0.4889 -0.8724 0 0.8724 -0.4889 1 0 0 3873.dat
1 0 -37.4668 -146.256 0 0 -0.4889 -0.8724 0 0.8724 -0.4889 1 0 0 3873.dat
1 0 -23.7951 -138.594 0 0 -0.4889 -0.8724 0 0.8724 -0.4889 1 0 0 3873.dat
1 0 -10.1234 -130.933 0 0 -0.4889 -0.8724 0 0.8724 -0.4889 1 0 0 3873.dat
1 0 3.5483 -123.271 0 0 -0.4889 -0.8724 0 0.8724 -0.4889 1 0 0 3873.dat
1 0 17.22 -115.61 0 0 -0.4889 -0.8724 0 0.8724 -0.4889 1 0 0 3873.dat
1 0 30.8916 -107.948 0 0 -0.4889 -0.8724 0 0.8724 -0.4889 1 0 0 3873.dat
1 0 44.5633 -100.287 0 0 -0.4889 -0.8724 0 0.8724 -0.4889 1 0 0 3873.dat
1 0 58.235 -92.6254 0 0 -0.4889 -0.8724 0 0.8724 -0.4889 1 0 0 3873.dat
1 0 71.9067 -84.9639 0 0 -0.4889 -0.8724 0 0.8724 -0.4889 1 0 0 3873.dat
1 0 85.5784 -77.3024 0 0 -0.4889 -0.8724 0 0.8724 -0.4889 1 0 0 3873.dat
1 0 99.2501 -69.6409 0 0 -0.4889 -0.8724 0 0.8724 -0.4889 1 0 0 3873.dat
1 0 112.922 -61.9794 0 0 -0.4889 -0.8724 0 0.8724 -0.4889 1 0 0 3873.dat
1 0 126.594 -54.3179 0 0 -0.4889 -0.8724 0 0.8724 -0.4889 1 0 0 3873.dat
1 0 140.265 -46.6565 0 0 -0.4889 -0.8724 0 0.8724 -0.4889 1 0 0 3873.dat
1 0 153.937 -38.995 0 0 -0.4889 -0.8724 0 0.8724 -0.4889 1 0 0 3873.dat
1 0 167.609 -31.3335 0 0 -0.4889 -0.8724 0 0.8724 -0.4889 1 0 0 3873.dat
1 0 181.28 -23.672 0 0 -0.4889 -0.8724 0 0.8724 -0.4889 1 0 0 3873.dat
1 0 194.952 -16.0105 0 0 -0.4889 -0.8724 0 0.8724 -0.4889 1 0 0 3873.dat
1 0 -106.111 -184.724 0 0 0.5111 -0.8595 0 0.8595 0.5111 1 0 0 3873.dat
1 0 164 40 0 0 0 1 0 -1 0 1 0 0 3873.dat
1 0 148 40 0 0 0 1 0 -1 0 1 0 0 3873.dat
1 0 132 40 0 0 0 1 0 -1 0 1 0 0 3873.dat
1 0 116 40 0 0 0 1 0 -1 0 1 0 0 3873.dat
1 0 100 40 0 0 0 1 0 -1 0 1 0 0 3873.dat
1 0 84 40 0 0 0 1 0 -1 0 1 0 0 3873.dat
1 0 68 40 0 0 0 1 0 -1 0 1 0 0 3873.dat
1 0 52 40 0 0 0 1 0 -1 0 1 0 0 3873.dat
1 0 36 40 0 0 0 1 0 -1 0 1 0 0 3873.dat
1 0 20 40 0 0 0 1 0 -1 0 1 0 0 3873.dat
1 0 4 40 0 0 0 1 0 -1 0 1 0 0 3873.dat
1 0 -12 40 0 0 0 1 0 -1 0 1 0 0 3873.dat
1 0 -28 40 0 0 0 1 0 -1 0 1 0 0 3873.dat
1 0 -44 40 0 0 0 1 0 -1 0 1 0 0 3873.dat
1 0 -60 40 0 0 0 1 0 -1 0 1 0 0 3873.dat
1 0 -76 40 0 0 0 1 0 -1 0 1 0 0 3873.dat
1 0 -92 40 0 0 0 1 0 -1 0 1 0 0 3873.dat
1 0 -108 40 0 0 0 1 0 -1 0 1 0 0 3873.dat
1 0 -124 40 0 0 0 1 0 -1 0 1 0 0 3873.dat
1 0 -140 40 0 0 0 1 0 -1 0 1 0 0 3873.dat
1 0 -156 40 0 0 0 1 0 -1 0 1 0 0 3873.dat
1 0 -172 40 0 0 0 1 0 -1 0 1 0 0 3873.dat
1 0 -188 40 0 0 0 1 0 -1 0 1 0 0 3873.dat
1 0 -204 40 0 0 0 1 0 -1 0 1 0 0 3873.dat
1 0 180 40 0 0 -0.2817 0.9595 0 -0.9595 -0.2817 1 0 0 3873.dat
1 0 196.219 35.2376 0 0 -0.7557 0.6549 0 -0.6549 -0.7557 1 0 0 3873.dat
1 0 207.289 22.4624 0 0 -0.9898 0.1423 0 -0.1423 -0.9898 1 0 0 3873.dat
1 0 209.695 5.7306 0 0 -0.9096 -0.4154 0 0.4154 -0.9096 1 0 0 3873.dat
1 0 202.673 -9.6458 0 0 -0.5406 -0.8413 0 0.8413 -0.5406 1 0 0 3873.dat
1 0 -229.659 -12.3073 0 0 0.9746 -0.2238 0 0.2238 0.9746 1 0 0 3873.dat
1 0 -226.049 -28.0323 0 0 0.9746 -0.2238 0 0.2238 0.9746 1 0 0 3873.dat
1 0 -222.438 -43.7573 0 0 0.9746 -0.2238 0 0.2238 0.9746 1 0 0 3873.dat
1 0 -218.828 -59.4822 0 0 0.9746 -0.2238 0 0.2238 0.9746 1 0 0 3873.dat
1 0 -215.218 -75.2072 0 0 0.9746 -0.2238 0 0.2238 0.9746 1 0 0 3873.dat
1 0 -211.607 -90.9321 0 0 0.9746 -0.2238 0 0.2238 0.9746 1 0 0 3873.dat
1 0 -207.997 -106.657 0 0 0.9746 -0.2238 0 0.2238 0.9746 1 0 0 3873.dat
1 0 -204.387 -122.382 0 0 0.9746 -0.2238 0 0.2238 0.9746 1 0 0 3873.dat
1 0 -200.776 -138.107 0 0 0.9746 -0.2238 0 0.2238 0.9746 1 0 0 3873.dat
1 0 -233.239 3.2869 0 0 0.9982 0.0599 0 -0.0599 0.9982 1 0 0 3873.dat
1 0 -232.227 20.1605 0 0 0.8074 0.59 0 -0.59 0.8074 1 0 0 3873.dat
1 0 -222.253 33.8083 0 0 0.3602 0.9329 0 -0.9329 0.3602 1 0 0 3873.dat
1 71 -40 -72 0 0 0 -1 0 1 0 1 0 0 32064b.dat
1 71 -40 -40 0 0 0 1 0 1 0 -1 0 0 30237.dat
1 72 -82 -24 0 0 0 -1 0 1 0 1 0 0 4623.dat
1 19 -82 -32 0 0 0 -1 0 1 0 1 0 0 3023.dat
1 19 -134 -8 0 0 0 1 0 1 0 -1 0 0 4598.dat
1 19 -154 -32 0 0 0 -1 0 1 0 1 0 0 4865b.dat
1 70 -82 -40 0 0 0 -1 0 1 0 1 0 0 3023.dat
1 71 -82 -48 0 0 0 1 0 1 0 -1 0 0 44728.dat
1 71 -40 0 0 0 0 -1 0 1 0 1 0 0 32064b.dat
1 71 -164 0 -90 -1 0 0 0 1 0 0 0 -1 32064b.dat
1 71 -164 0 90 -1 0 0 0 1 0 0 0 -1 32064b.dat
1 71 -164 0 -110 1 0 0 0 1 0 0 0 1 2877.dat
1 72 -124 0 -100 1 0 0 0 1 0 0 0 1 3003.dat
1 72 -204 0 -100 1 0 0 0 1 0 0 0 1 3003.dat
1 72 -234 0 -100 0 0 1 0 1 0 -1 0 0 3660.dat
1 72 -94 0 -100 0 0 -1 0 1 0 1 0 0 3039.dat
1 71 -80 0 0 0 0 -1 0 1 0 1 0 0 32064b.dat
1 72 60 0 -10 1 0 0 0 1 0 0 0 1 3038.dat
1 72 0 0 -10 1 0 0 0 1 0 0 0 1 3038.dat
1 72 -60 0 -10 1 0 0 0 1 0 0 0 1 6541.dat
1 72 -60 0 10 1 0 0 0 1 0 0 0 1 6541.dat
1 72 0 0 10 -1 0 0 0 1 0 0 0 -1 3038.dat
1 72 60 0 10 -1 0 0 0 1 0 0 0 -1 3038.dat
1 72 100 -16 0 0 0 1 0 1 0 -1 0 0 3794b.dat
1 72 80 -16 0 0 0 1 0 1 0 -1 0 0 3794b.dat
1 72 60 -16 0 0 0 1 0 1 0 -1 0 0 3794b.dat
1 72 40 -16 0 0 0 1 0 1 0 -1 0 0 3794b.dat
1 72 20 -16 0 0 0 1 0 1 0 -1 0 0 3794b.dat
1 72 0 -16 0 0 0 1 0 1 0 -1 0 0 3794b.dat
1 72 -30 -16 0 0 0 1 0 1 0 -1 0 0 4032b.dat
1 72 -30 -48 0 0 0 1 0 1 0 -1 0 0 4032b.dat
1 71 -70 -16 0 0 0 1 0 1 0 -1 0 0 4150.dat
1 71 70 -24 0 1 0 0 0 1 0 0 0 1 3460.dat
1 272 10 -86 -18 1 0 0 0 0 -1 0 1 0 3069b.dat
1 272 30 -62 -18 1 0 0 0 0 -1 0 1 0 2431.dat
1 272 50 -38 -18 1 0 0 0 0 -1 0 1 0 6636.dat
1 272 10 -86 18 -1 0 0 0 0 -1 0 -1 0 3069b.dat
1 272 30 -62 18 -1 0 0 0 0 -1 0 -1 0 2431.dat
1 272 50 -38 18 -1 0 0 0 0 -1 0 -1 0 6636.dat
1 71 80 -48 0 1 0 0 0 1 0 0 0 1 47905.dat
1 71 20 -48 0 1 0 0 0 1 0 0 0 1 47905.dat
1 71 0 -48 0 1 0 0 0 1 0 0 0 1 47905.dat
1 71 20 -72 0 1 0 0 0 1 0 0 0 1 47905.dat
1 71 0 -72 0 1 0 0 0 1 0 0 0 1 47905.dat
1 71 0 -96 0 1 0 0 0 1 0 0 0 1 47905.dat
1 0 -30 -96 0 1 0 0 0 1 0 0 0 1 30165.dat
1 38 50 -48 0 1 0 0 0 1 0 0 0 1 3065.dat
1 38 40 -72 0 1 0 0 0 1 0 0 0 1 3005.dat
1 72 100 -48 0 0 0 -1 0 1 0 1 0 0 4286.dat
1 72 60 -72 0 0 0 -1 0 1 0 1 0 0 4286.dat
1 72 20 -96 0 0 0 -1 0 1 0 1 0 0 4286.dat
1 72 -20 -120 0 0 0 -1 0 1 0 1 0 0 4286.dat
1 379 -214 -16 -100 0 0 1 0 1 0 -1 0 0 47456.dat
1 379 -144 -8 -90 1 0 0 0 1 0 0 0 1 6636.dat
1 379 -144 -8 90 1 0 0 0 1 0 0 0 1 6636.dat
1 272 -144 -8 -110 1 0 0 0 1 0 0 0 1 6636.dat
1 0 -164 24 100 1 0 0 0 1 0 0 0 1 3034.dat
1 71 -164 0 110 -1 0 0 0 1 0 0 0 -1 2877.dat
1 72 -124 0 100 1 0 0 0 1 0 0 0 1 3003.dat
1 72 -204 0 100 1 0 0 0 1 0 0 0 1 3003.dat
1 72 -234 0 100 0 0 1 0 1 0 -1 0 0 3660.dat
1 72 -94 0 100 0 0 -1 0 1 0 1 0 0 3039.dat
1 379 -214 -16 100 0 0 1 0 1 0 -1 0 0 47456.dat
1 272 -144 -8 110 1 0 0 0 1 0 0 0 1 6636.dat
0 
0
0 FILE Part 10.ldr
0 Part 10
0 Name: Part 10.ldr
0 Author: R Paluczak
0 Unofficial Model
0 ROTATION CENTER 0 0 0 1 "Custom" 
0 ROTATION CONFIG 0 0
1 71 60 16 0 0 0 1 0 1 0 -1 0 0 32015.dat
1 1 60 16 -10 0 0 1 0 1 0 -1 0 0 4274.dat
1 1 0 6 -60 0 0 1 -1 0 0 0 -1 0 4274.dat
1 71 -40 16 0 0 0 -1 0 -1 0 -1 0 0 32015.dat
1 19 -5 36 0 0 1 0 0 0 -1 -1 0 0 41677.dat
1 19 5 36 0 0 1 0 0 0 -1 -1 0 0 41677.dat
1 0 10 16 0 -1 0 0 0 1 0 0 0 -1 3705.dat
1 71 20 16 -40 0 0 1 0 1 0 -1 0 0 4519.dat
1 38 20 16 -38 0 0 1 1 0 0 0 1 0 50990.dat
1 72 20 16 -46 0 0 1 1 0 0 0 1 0 4032b.dat
1 72 0 16 -60 0 -1 0 0 0 -1 1 0 0 42003.dat
1 72 -20 16 -60 0 0 -1 1 0 0 0 -1 0 32054.dat
1 72 -20 -74 -60 -1 0 0 0 0 -1 0 -1 0 6538b.dat
1 0 0 -2 -60 0 0 -1 0 1 0 1 0 0 3957a.dat
1 0 -20 -94 -60 0 0 -1 0 1 0 1 0 0 4095.dat
1 36 -20 -210 -60 0 0 -1 0 1 0 1 0 0 4589.dat
1 72 -20 -162 -60 0 0 -1 0 -1 0 -1 0 0 4589.dat
1 0 -20 -34 -60 0 0 -1 1 0 0 0 -1 0 3705.dat
1 0 -20 -34 -60 1 0 0 0 0 1 0 -1 0 4716.dat
1 71 -55.23 52.291 0 0.382683 0.92388 0 -0.92388 0.382683 0 0 0 1 4519.dat
1 379 -70.537 89.245 0 0 0.92388 -0.382683 0 0.382683 0.92388 1 0 0 32013.dat
1 72 20 36 0 1 0 0 0 1 0 0 0 1 6587.dat
1 72 58 36 0 0 -1 0 1 0 0 0 0 1 2569.dat
1 0 20 16 -20 -1 0 0 0 1 0 0 0 -1 32039.dat
1 0 109.762 -103.478 0 0.92388 0.382683 0 0.382683 -0.92388 0 0 0 -1 4095.dat
1 71 95.877 -122.217 0 0 -0.382683 -0.92388 0 0.92388 -0.382683 1 0 0 4085c.dat
1 379 98.938 -129.609 0 0 -0.382683 -0.92388 0 0.92388 -0.382683 1 0 0 4740.dat
1 38 102 -137 0 -0.92388 -0.382683 0 -0.382683 0.92388 0 0 0 -1 2412b.dat
0
0 FILE Part 11.ldr
0 Part 11
0 Name: Part 11.ldr
0 Author: R Paluczak
0 Unofficial Model
0 ROTATION CENTER 0 0 0 1 "Custom" 
0 ROTATION CONFIG 0 0
1 71 60 16 0 0 0 1 0 1 0 -1 0 0 32015.dat
1 1 60 16 10 0 0 -1 0 1 0 1 0 0 4274.dat
1 1 0 6 60 0 0 1 -1 0 0 0 -1 0 4274.dat
1 71 -40 16 0 0 0 -1 0 -1 0 -1 0 0 32015.dat
1 19 -5 36 0 0 1 0 0 0 -1 -1 0 0 41677.dat
1 19 5 36 0 0 1 0 0 0 -1 -1 0 0 41677.dat
1 0 10 16 0 -1 0 0 0 1 0 0 0 -1 3705.dat
1 71 20 16 40 0 0 1 0 1 0 -1 0 0 4519.dat
1 38 20 16 38 0 0 -1 1 0 0 0 -1 0 50990.dat
1 72 20 16 46 0 0 -1 1 0 0 0 -1 0 4032b.dat
1 72 0 16 60 0 -1 0 0 0 -1 1 0 0 42003.dat
1 72 -20 16 60 0 0 -1 1 0 0 0 -1 0 32054.dat
1 72 -20 -74 60 -1 0 0 0 0 -1 0 -1 0 6538b.dat
1 0 0 -2 60 0 0 -1 0 1 0 1 0 0 3957a.dat
1 0 -20 -94 60 0 0 -1 0 1 0 1 0 0 4095.dat
1 36 -20 -210 60 0 0 -1 0 1 0 1 0 0 4589.dat
1 72 -20 -162 60 0 0 -1 0 -1 0 -1 0 0 4589.dat
1 0 -20 -34 60 0 0 -1 1 0 0 0 -1 0 3705.dat
1 0 -20 -34 60 1 0 0 0 0 1 0 -1 0 4716.dat
1 71 -55.23 52.291 0 0.382683 0.92388 0 -0.92388 0.382683 0 0 0 1 4519.dat
1 379 -70.537 89.245 0 0 0.92388 -0.382683 0 0.382683 0.92388 1 0 0 32013.dat
1 72 20 36 0 1 0 0 0 1 0 0 0 1 6587.dat
1 72 58 36 0 0 -1 0 1 0 0 0 0 1 2569.dat
1 0 20 16 20 -1 0 0 0 -1 0 0 0 1 32039.dat
1 0 109.762 -103.478 0 0.92388 0.382683 0 0.382683 -0.92388 0 0 0 -1 4095.dat
1 71 95.877 -122.217 0 0 -0.382683 -0.92388 0 0.92388 -0.382683 1 0 0 4085c.dat
1 379 98.938 -129.609 0 0 -0.382683 -0.92388 0 0.92388 -0.382683 1 0 0 4740.dat
1 38 102 -137 0 -0.92388 -0.382683 0 -0.382683 0.92388 0 0 0 -1 2412b.dat
0
0
