0 FILE Clone Turbo Tank.ldr
0 Clone Turbo Tank
0 Name: Clone Turbo Tank.ldr
0 Author: LDraw
0 Unofficial Model
0 ROTATION CENTER 0 0 0 1 "Custom" 
0 ROTATION CONFIG 0 0
1 0 -340 0 100 0.382683 0 -0.92388 0 1 0 0.92388 0 0.382683 Battle Droid.ldr
1 0 4 -8 25 0.707107 0 0.707107 0 1 0 -0.707107 0 0.707107 Clone 1.ldr
1 0 490 -8 7 1 0 0 0 1 0 0 0 1 Scout Trooper.ldr
1 0 140.668 32 184.987 -0.382683 0 0.92388 0 1 0 -0.92388 0 -0.382683 Turret.ldr
1 0 400.636 80 183.471 -0.92388 0 -0.382683 0 1 0 0.382683 0 -0.92388 Speeder.ldr
1 0 175 -8 -28 1 0 0 0 1 0 0 0 1 Clone Trooper 2.ldr
1 0 411 -8 -92 1 0 0 0 1 0 0 0 1 Mace Windu.ldr
1 0 -205.487 -281.548 71.798 0.707107 0 0.707107 0.270598 0.92388 -0.270598 -0.653281 0.382683 0.653281 Aerial Trooper.ldr
1 0 -295.064 0 211.425 0.707107 0 -0.707107 0 1 0 0.707107 0 0.707107 Blaster.ldr
1 0 -308 27.5 54 0 -0.92388 0.382683 1 0 0 0 0.382683 0.92388 Blaster 2.ldr
1 0 216 -20.5 479 1 0 0 0 1 0 0 0 1 Part 1.ldr
0
0 FILE Battle Droid.ldr
0 Battle Droid
0 Name: Battle Droid.ldr
0 Author: LDraw
0 Unofficial Model
0 ROTATION CENTER 0 0 0 1 "Custom" 
0 ROTATION CONFIG 0 0
1 19 0 56 -7.5 1 0 0 0 1 0 0 0 1 30376.dat
1 19 0 16 -7.5 1 0 0 0 1 0 0 0 1 30375.dat
1 19 0 -16 -7.5 1 0 0 0 1 0 0 0 1 30378.dat
1 19 16 -16 -7.5 1 0 0 0 0.962692 0.2706 0 -0.2706 0.962692 30377.dat
1 19 -16 -16 -7.5 1 0 0 0 0.962692 0.2706 0 -0.2706 0.962692 30377.dat
0
0 FILE Blaster.ldr
0 Blaster
0 Name: Blaster.ldr
0 Author: LDraw
0 Unofficial Model
0 ROTATION CENTER 0 0 0 1 "Custom" 
0 ROTATION CONFIG 0 0
1 0 0 16 -50 -1 0 0 0 1 0 0 0 -1 2540.dat
1 7 18 34 -50 0 -1 0 0 0 1 -1 0 0 4592.dat
1 0 18 34 -50 0 -0.625243 -0.78043 0 -0.78043 0.625243 -1 0 0 4593.dat
1 7 0 34 -32 1 0 0 0 0 1 0 -1 0 4592.dat
1 0 0 34 -32 1 0 0 0 -0.78043 0.625243 0 -0.625243 -0.78043 4593.dat
1 7 -18 34 -50 0 1 0 0 0 1 1 0 0 4592.dat
1 0 -18 34 -50 0 0.625243 0.78043 0 -0.78043 0.625243 1 0 0 4593.dat
1 0 0 34 -40 -1 0 0 0 0 -1 0 -1 0 4733.dat
1 0 0 34 -64 -1 0 0 0 0 -1 0 -1 0 3062b.dat
1 36 0 34 -88 -1 0 0 0 0 -1 0 -1 0 4589.dat
1 36 0 0.5 -1 1 0 0 0 1 0 0 0 1 Battle Droid.ldr
0
0 FILE Blaster 2.ldr
0 Blaster 2
0 Name: Blaster 2.ldr
0 Author: LDraw
0 Unofficial Model
0 ROTATION CENTER 0 0 0 1 "Custom" 
0 ROTATION CONFIG 0 0
1 0 -10 16 0 1 0 0 0 0 -1 0 1 0 4349.dat
1 36 -10 -12 0 1 0 0 0 1 0 0 0 1 4073.dat
0
0 FILE Clone 1.ldr
0 Clone 1
0 Name: Clone 1.ldr
0 Author: LDraw
0 Unofficial Model
0 ROTATION CENTER 0 0 0 1 "Custom" 
0 ROTATION CONFIG 0 0
1 15 0 -24 0 1 0 0 0 1 0 0 0 1 30408p01.dat
1 0 0 -24 0 1 0 0 0 1 0 0 0 1 3626b.dat
1 15 0 0 0 1 0 0 0 1 0 0 0 1 973psk.dat
1 0 0 32 0 1 0 0 0 1 0 0 0 1 3815.dat
1 15 -15.552 9 0 0.985 -0.17 0 0.17 0.985 0 0 0 1 3818.dat
1 15 15.552 9 0 0.985 0.17 0 -0.17 0.985 0 0 0 1 3819.dat
1 0 -23.8634 26.5956 -10.321 0.985 -0.12019 0.12019 0.17 0.696395 -0.696395 0 0.707 0.707 3820.dat
1 0 23.8634 26.5956 -10.321 0.985 0.12019 -0.12019 -0.17 0.696395 -0.696395 0 0.707 0.707 3820.dat
1 72 -24.6826 31.3422 -19.2547 0.985 -0.0874983 0.14567 0.17 0.506976 -0.844031 0 0.856884 0.514696 30132.dat
1 72 24.6826 31.3422 -19.2547 0.985 0.0874983 -0.14567 -0.17 0.506976 -0.844031 0 0.856884 0.514696 30132.dat
1 15 0 44 0 1 0 0 0 1 0 0 0 1 3816.dat
1 15 0 44 0 1 0 0 0 1 0 0 0 1 3817.dat
0
0 FILE Scout Trooper.ldr
0 Scout Trooper
0 Name: Scout Trooper.ldr
0 Author: LDraw
0 Unofficial Model
0 ROTATION CENTER 0 0 0 1 "Custom" 
0 ROTATION CONFIG 0 0
1 378 0 -24 0 1 0 0 0 1 0 0 0 1 30369.dat
1 0 0 -24 0 1 0 0 0 1 0 0 0 1 3626b.dat
1 378 0 0 0 1 0 0 0 1 0 0 0 1 973pse.dat
1 0 0 32 0 1 0 0 0 1 0 0 0 1 3815.dat
1 378 -15.552 9 0 0.985 -0.17 0 0.17 0.985 0 0 0 1 3818.dat
1 378 15.552 9 0 0.985 0.17 0 -0.17 0.985 0 0 0 1 3819.dat
1 0 -23.8634 26.5956 -10.321 0.985 -0.12019 0.12019 0.17 0.696395 -0.696395 0 0.707 0.707 3820.dat
1 0 23.8634 26.5956 -10.321 0.985 0.12019 -0.12019 -0.17 0.696395 -0.696395 0 0.707 0.707 3820.dat
1 0 0 44 0 1 0 0 0 1 0 0 0 1 3816.dat
1 0 0 44 0 1 0 0 0 1 0 0 0 1 3817.dat
0
0 FILE Clone Trooper 2.ldr
0 Clone Trooper 2
0 Name: Clone Trooper 2.ldr
0 Author: LDraw
0 Unofficial Model
0 ROTATION CENTER 0 0 0 1 "Custom" 
0 ROTATION CONFIG 0 0
1 15 0 -24 0 1 0 0 0 1 0 0 0 1 30408p01.dat
1 0 0 -24 0 1 0 0 0 1 0 0 0 1 3626b.dat
1 15 0 0 0 1 0 0 0 1 0 0 0 1 973psk.dat
1 0 0 32 0 1 0 0 0 1 0 0 0 1 3815.dat
1 15 -15.552 9 0 0.985 -0.17 0 0.17 0.985 0 0 0 1 3818.dat
1 15 15.552 9 0 0.985 0.17 0 -0.15706 0.910021 0.382683 0.0650562 -0.376943 0.92388 3819.dat
1 0 -23.8634 26.5956 -10.321 0.985 -0.12019 0.12019 0.17 0.696395 -0.696395 0 0.707 0.707 3820.dat
1 0 23.863 21.307 -16.269 0.985 0.12019 -0.12019 -0.15706 0.913942 -0.372828 0.0650562 0.386684 0.919682 3820.dat
1 15 0 44 0 1 0 0 0 1 0 0 0 1 3816.dat
1 15 0 44 0 1 0 0 0 1 0 0 0 1 3817.dat
1 8 19.933 24.651 -25.469 0.985 -0.14567 -0.0874983 -0.15706 -0.582817 -0.7963 0.0650562 0.798514 -0.597646 30304.dat
0
0 FILE Mace Windu.ldr
0 Mace Windu
0 Name: Mace Windu.ldr
0 Author: LDraw
0 Unofficial Model
0 ROTATION CENTER 0 0 0 1 "Custom" 
0 ROTATION CONFIG 0 0
1 70 0 -26 0 1 0 0 0 1 0 0 0 1 3626bps3.dat
1 70 0 -2 0 1 0 0 0 1 0 0 0 1 522.dat
1 72 0 0 0 1 0 0 0 1 0 0 0 1 973pr31.dat
1 72 0 32 0 1 0 0 0 1 0 0 0 1 3815.dat
1 72 -15.552 9 0 0.985 -0.17 0 0.17 0.985 0 0 0 1 3818.dat
1 72 15.552 9 0 0.985 0.17 0 -0.17 0.985 0 0 0 1 3819.dat
1 70 -23.8634 26.5956 -10.321 0.985 -0.12019 0.12019 0.17 0.696395 -0.696395 0 0.707 0.707 3820.dat
1 70 23.8634 26.5956 -10.321 0.985 0.12019 -0.12019 -0.17 0.696395 -0.696395 0 0.707 0.707 3820.dat
1 52 -23.1951 22.7236 -33.8217 0.985 -0.0874983 0.14567 0.17 0.506976 -0.844031 0 0.856884 0.514696 577bc01.dat
1 19 0 44 0 1 0 0 0 1 0 0 0 1 3816.dat
1 19 0 44 0 1 0 0 0 1 0 0 0 1 3817.dat
0
0 FILE Aerial Trooper.ldr
0 Aerial Trooper
0 Name: Aerial Trooper.ldr
0 Author: LDraw
0 Unofficial Model
0 ROTATION CENTER 0 0 0 1 "Custom" 
0 ROTATION CONFIG 0 0
1 15 0 -27 0 1 0 0 0 1 0 0 0 1 30408p01.dat
1 0 0 -27 0 1 0 0 0 1 0 0 0 1 3626b.dat
1 71 0 0 0 -1 0 0 0 1 0 0 0 -1 42446.dat
1 15 0 0 0 1 0 0 0 1 0 0 0 1 973psk.dat
1 0 0 32 0 1 0 0 0 1 0 0 0 1 3815.dat
1 71 0 7 21 -1 0 0 0 0 -1 0 -1 0 3839b.dat
1 71 20.151 34.064 44.151 -0.707107 0.634457 -0.312192 0 0.441506 0.897258 0.707107 0.634457 -0.312192 3062b.dat
1 43 35.379 44.659 59.378 -0.707107 0.634457 -0.312192 0 0.441506 0.897258 0.707107 0.634457 -0.312192 4073.dat
1 72 10 27 34 -0.707107 0.634457 -0.312192 0 0.441506 0.897258 0.707107 0.634457 -0.312192 30088.dat
1 71 -20.151 34.064 44.151 -0.707107 -0.634457 0.312192 0 0.441506 0.897258 -0.707107 0.634457 -0.312192 3062b.dat
1 43 -35.379 44.659 59.378 -0.707107 -0.634457 0.312192 0 0.441506 0.897258 -0.707107 0.634457 -0.312192 4073.dat
1 72 -10 27 34 -0.707107 -0.634457 0.312192 0 0.441506 0.897258 -0.707107 0.634457 -0.312192 30088.dat
1 0 10 7 29 -1 0 0 0 0 -1 0 -1 0 2555.dat
1 0 26 37 15 0 0 1 0 -1 0 1 0 0 44676.dat
1 0 -24 37 15 0 0 -1 0 -1 0 -1 0 0 44676.dat
1 0 -10 7 29 -1 0 0 0 0 -1 0 -1 0 2555.dat
1 15 -15.552 9 0 0.985 -0.17 0 0.17 0.985 0 0 0 1 3818.dat
1 15 15.552 9 0 0.985 0.17 0 -0.15706 0.910021 0.382683 0.0650562 -0.376943 0.92388 3819.dat
1 0 -23.8634 26.5956 -10.321 0.985 -0.12019 0.12019 0.17 0.696395 -0.696395 0 0.707 0.707 3820.dat
1 0 23.863 21.307 -16.269 0.985 0.12019 -0.12019 -0.15706 0.913942 -0.372828 0.0650562 0.386684 0.919682 3820.dat
1 0 27.898 9.247 -44.376 -0.14567 -0.0874983 -0.985 -0.530804 0.846993 0.00326357 0.833994 0.523332 -0.169969 4360.dat
1 43 36.622 50.593 -94.741 -0.14567 -0.0874983 -0.985 -0.833994 -0.523332 0.169969 -0.530804 0.846993 0.00326357 4589.dat
1 15 0 44 0 1 0 0 0 1 0 0 0 1 3816.dat
1 15 0 44 0 1 0 0 0 1 0 0 0 1 3817.dat
0
0 FILE Speeder.ldr
0 Speeder
0 Name: Speeder.ldr
0 Author: LDraw
0 Unofficial Model
0 
0 ROTATION CENTER 0 0 0 1 "Custom" 
0 ROTATION CONFIG 0 0
1 71 -40 -32 0 1 0 0 0 1 0 0 0 1 3034.dat
1 71 -280 -56 0 -1 0 0 0 1 0 0 0 -1 48169.dat
1 71 60 -64 0 0 0 -1 0 1 0 1 0 0 30602.dat
1 71 -100 -88 0 0 0 1 0 1 0 -1 0 0 44675.dat
1 71 -310 -46 0 1 0 0 0 1 0 0 0 1 6628.dat
1 71 20 -49 -48 -1 0 0 0 0 1 0 1 0 48169.dat
1 71 8.5 -38.5 -65.5 0 0.946085 0.323917 -1 0 0 0 -0.323917 0.946085 2586.dat
1 71 -251.5 -46.5 34.5 0 0.946085 0.323917 1 0 0 0 0.323917 -0.946085 2586.dat
1 71 -251.5 -46.5 -34.5 0 0.946085 0.323917 -1 0 0 0 -0.323917 0.946085 2586.dat
1 71 -10 -49 -38 1 0 0 0 0 -1 0 1 0 6628.dat
1 71 20 -72 -10 1 0 0 0 1 0 0 0 1 44728.dat
1 71 20 -72 10 -1 0 0 0 1 0 0 0 -1 44728.dat
1 71 30 -49 -64 0 0 -1 -1 0 0 0 1 0 44728.dat
1 43 53 -59 -44.5 0 -1 0 0 0 1 -1 0 0 2412b.dat
1 43 -56 -59 -62 0 1 0 0 0 -1 -1 0 0 4589.dat
1 72 30 -56 0 0 0 -1 0 1 0 1 0 0 3747a.dat
1 72 -20 -64 0 0 0 1 0 1 0 -1 0 0 4732.dat
1 72 -260 -32 0 -1 0 0 0 1 0 0 0 -1 3709b.dat
1 320 -110 -64 0 0 0 1 0 1 0 -1 0 0 3023.dat
1 320 30 -88 0 0 0 1 0 1 0 -1 0 0 41855.dat
1 320 -290 -72 0 0 0 1 0 1 0 -1 0 0 47458.dat
1 320 -270 -72 0 0 0 -1 0 1 0 1 0 0 47456.dat
1 320 70 -64 0 0 0 1 0 1 0 -1 0 0 3023.dat
1 320 30 -49 -56 0 0 1 1 0 0 0 1 0 3023.dat
1 19 -70 -72 0 0 0 1 0 1 0 -1 0 0 3794a.dat
1 19 -70 -80 0 1 0 0 0 1 0 0 0 1 2555.dat
1 19 10 -39 -56 1 0 0 0 0 -1 0 1 0 2555.dat
1 0 10 -59 -56 0 0 -1 -1 0 0 0 1 0 2555.dat
1 0 20 -59 -62 0 -1 0 -1 0 0 0 0 -1 30374.dat
1 71 20 -52 48 -1 0 0 0 0 -1 0 -1 0 48169.dat
1 71 8.5 -42.5 65.5 0 0.946085 0.323917 1 0 0 0 0.323917 -0.946085 2586.dat
1 71 -10 -52 38 1 0 0 0 0 1 0 -1 0 6628.dat
1 71 30 -52 64 0 0 -1 1 0 0 0 -1 0 44728.dat
1 43 53 -62 44.5 0 -1 0 0 0 -1 1 0 0 2412b.dat
1 43 -56 -62 62 0 1 0 0 0 1 1 0 0 4589.dat
1 320 30 -52 56 0 0 1 -1 0 0 0 -1 0 3023.dat
1 19 10 -42 56 1 0 0 0 0 1 0 -1 0 2555.dat
1 0 10 -62 56 0 0 -1 1 0 0 0 -1 0 2555.dat
1 0 20 -62 62 0 -1 0 1 0 0 0 0 1 30374.dat
1 19 -250 -46 -24 -1 0 0 0 0 1 0 1 0 2555.dat
1 0 -10 -64 0 0 0 1 0 1 0 -1 0 0 3048.dat
1 71 -100 -56 -10 0 0 1 0 1 0 -1 0 0 30359b.dat
1 71 -250 -56 -10 1 0 0 0 1 0 0 0 1 4070.dat
1 19 -250 -46 24 -1 0 0 0 0 -1 0 -1 0 2555.dat
1 71 -250 -56 10 -1 0 0 0 1 0 0 0 -1 4070.dat
1 71 -100 -56 10 0 0 1 0 1 0 -1 0 0 30359b.dat
1 0 -70 -86 0 0 0 1 0 1 0 -1 0 0 30031.dat
0
0 FILE Turret.ldr
0 Turret
0 Name: Turret.ldr
0 Author: LDraw
0 Unofficial Model
0 ROTATION CENTER 0 0 0 1 "Custom" 
0 ROTATION CONFIG 0 0
1 70 10 24 0 1 0 0 0 1 0 0 0 1 3958.dat
1 70 20 -112 0 1 0 0 0 1 0 0 0 1 3002.dat
1 15 10 -72 0 1 0 0 0 1 0 0 0 1 6259.dat
1 15 10 -88 -30 1 0 0 0 1 0 0 0 1 2419.dat
1 15 10 -88 30 -1 0 0 0 1 0 0 0 -1 2419.dat
1 15 10 -72 0 -1 0 0 0 1 0 0 0 -1 6259.dat
1 72 -40 0 0 0 0 1 0 1 0 -1 0 0 3937.dat
1 15 60 -112 0 0 0 -1 0 1 0 1 0 0 3937.dat
1 15 -20 -112 0 0 0 1 0 1 0 -1 0 0 3298.dat
1 15 10 -128 0 0 0 1 0 1 0 -1 0 0 3960.dat
1 15 0 -112 -30 0 0 1 0 1 0 -1 0 0 43710.dat
1 15 20 -112 30 0 0 -1 0 1 0 1 0 0 43710.dat
1 15 20 -112 -30 0 0 -1 0 1 0 1 0 0 43711.dat
1 15 0 -112 30 0 0 1 0 1 0 -1 0 0 43711.dat
1 72 -40 -24 0 0 0 1 0 1 0 -1 0 0 30236.dat
1 71 -40 -32 0 0 0 1 0 1 0 -1 0 0 2412b.dat
1 0 10 -80 0 0 0 1 0 1 0 -1 0 0 3680.dat
1 0 -40 0 0 0 0 1 0 1 0 -1 0 0 3938.dat
1 0 70 -102 0 0 -1 0 0 0 1 -1 0 0 3938.dat
1 71 94 -102 -10 0 -1 0 0 0 1 -1 0 0 4589.dat
1 71 94 -102 10 0 -1 0 0 0 1 -1 0 0 4589.dat
1 71 150 -102 10 0 -1 0 0 0 1 -1 0 0 30374.dat
1 71 150 -102 -10 0 -1 0 0 0 1 -1 0 0 30374.dat
1 71 10 -80 0 0 0 1 0 1 0 -1 0 0 3679.dat
0
0 FILE Part 1.ldr
0 Part 1
0 Name: Part 1.ldr
0 Author: LDraw
0 Unofficial Model
0 ROTATION CENTER -260 -301.902 -130.119 1 "Custom" 
0 ROTATION CONFIG 0 0
1 71 0 8 0 1 0 0 0 1 0 0 0 1 3032.dat
1 71 0 -72 0 1 0 0 0 1 0 0 0 1 3032.dat
1 71 -70 -147.113 127.833 0 0 -1 0.986572 0.163326 0 0.163326 -0.986572 0 Part 6.ldr
1 19 -380 -72 0 1 0 0 0 1 0 0 0 1 3020.dat
1 19 -460 -120 0 0 0 -1 0 1 0 1 0 0 3020.dat
0 MLCAD BTG Group name
1 19 -538 -128 0 -1 0 0 0 1 0 0 0 -1 3020.dat
0 MLCAD BTG Group name
1 19 -558 -136 0 -1 0 0 0 1 0 0 0 -1 3020.dat
0 MLCAD BTG Group name
1 19 -508 -136 0 0 0 -1 0 1 0 1 0 0 3023.dat
1 70 -450 -152 -10 -1 0 0 0 1 0 0 0 -1 2420.dat
1 70 -450 -152 10 0 0 -1 0 1 0 1 0 0 2420.dat
1 19 -520 -120 0 0 0 1 0 1 0 -1 0 0 6179.dat
1 288 -570 -120 0 0 0 1 0 1 0 -1 0 0 2431.dat
1 72 -590 -120 30 0 0 1 0 1 0 -1 0 0 61252.dat
1 72 -590 -120 -30 0 0 1 0 1 0 -1 0 0 61252.dat
0 MLCAD BTG Group name2
1 72 -610 -118 0 0.211325 0.977416 0 -0.977416 0.211325 0 0 0 1 30042.dat
0 MLCAD BTG Group name2
1 0 -590.817 -216.162 0 0 0.977416 -0.211325 0 0.211325 0.977416 1 0 0 3666.dat
0 MLCAD BTG Group name2
1 320 -615.547 -139.662 60 0 0.977416 -0.211325 0 0.211325 0.977416 1 0 0 3023.dat
0 MLCAD BTG Group name2
1 320 -615.547 -139.662 -60 0 0.977416 -0.211325 0 0.211325 0.977416 1 0 0 3023.dat
0 MLCAD BTG Group name2
1 71 -605.006 -188.532 60 0 0.977416 -0.211325 0 0.211325 0.977416 1 0 0 41770.dat
0 MLCAD BTG Group name2
1 72 -610.686 -200 0 0 0.977416 -0.211325 0 0.211325 0.977416 1 0 0 2412b.dat
0 MLCAD BTG Group name2
1 40 -606.471 -219.545 0 0 0.977416 -0.211325 0 0.211325 0.977416 1 0 0 3069b.dat
0 MLCAD BTG Group name2
1 40 -606.471 -219.545 -40 0 0.977416 -0.211325 0 0.211325 0.977416 1 0 0 3069b.dat
0 MLCAD BTG Group name2
1 40 -606.471 -219.545 40 0 0.977416 -0.211325 0 0.211325 0.977416 1 0 0 3069b.dat
0 MLCAD BTG Group name2
1 288 -610.686 -200 40 0 0.977416 -0.211325 0 0.211325 0.977416 1 0 0 3069b.dat
0 MLCAD BTG Group name2
1 288 -610.686 -200 -40 0 0.977416 -0.211325 0 0.211325 0.977416 1 0 0 3069b.dat
0 MLCAD BTG Group name2
1 71 -621.253 -151.125 -40 0 0.977416 -0.211325 0 0.211325 0.977416 1 0 0 3068b.dat
0 MLCAD BTG Group name2
1 71 -621.253 -151.125 0 0 0.977416 -0.211325 0 0.211325 0.977416 1 0 0 3068b.dat
0 MLCAD BTG Group name2
1 71 -621.253 -151.125 40 0 0.977416 -0.211325 0 0.211325 0.977416 1 0 0 3068b.dat
0 MLCAD BTG Group name2
1 71 -605.006 -188.532 -60 0 0.977416 -0.211325 0 0.211325 0.977416 1 0 0 41769.dat
0 MLCAD BTG Group name2
1 70 -603.492 -157.517 50 -0.211325 0.977416 0 0.977416 0.211325 0 0 0 -1 2420.dat
0 MLCAD BTG Group name2
1 70 -603.492 -157.517 -50 0 0.977416 -0.211325 0 0.211325 0.977416 1 0 0 2420.dat
0 GROUP 17 Group name2
1 19 -530 -104 0 0 0 -1 0 1 0 1 0 0 32064a.dat
1 19 -550 -74 -20 0 0 1 0 1 0 -1 0 0 32013.dat
1 19 -550 -74 20 0 0 1 0 1 0 -1 0 0 32013.dat
1 4 -540 -94 0 -1 0 0 0 1 0 0 0 -1 32062.dat
1 72 -140 -72 10 1 0 0 0 1 0 0 0 1 4162.dat
1 72 -140 -72 -10 1 0 0 0 1 0 0 0 1 4162.dat
1 72 -200 -304 -30 1 0 0 0 1 0 0 0 1 4162.dat
1 72 -200 -304 30 1 0 0 0 1 0 0 0 1 4162.dat
1 72 -160 -304 110 1 0 0 0 1 0 0 0 1 4162.dat
1 72 -260 -288 110 1 0 0 0 1 0 0 0 1 2465.dat
1 72 -260 -288 -110 1 0 0 0 1 0 0 0 1 2465.dat
1 72 -360 -304 110 1 0 0 0 1 0 0 0 1 4162.dat
1 72 -160 -304 -110 1 0 0 0 1 0 0 0 1 4162.dat
1 72 -360 -304 -110 1 0 0 0 1 0 0 0 1 4162.dat
1 320 -360 -304 30 1 0 0 0 1 0 0 0 1 3460.dat
1 320 -360 -304 -30 1 0 0 0 1 0 0 0 1 3460.dat
1 0 -380 -296 110 1 0 0 0 1 0 0 0 1 4623.dat
1 0 -380 -296 -110 -1 0 0 0 1 0 0 0 -1 4623.dat
1 0 -280 -72 -10 1 0 0 0 1 0 0 0 1 6636.dat
1 0 120 -96 -10 1 0 0 0 1 0 0 0 1 6636.dat
1 0 240 -96 -10 1 0 0 0 1 0 0 0 1 6636.dat
1 0 120 -96 10 1 0 0 0 1 0 0 0 1 6636.dat
1 0 240 -96 10 1 0 0 0 1 0 0 0 1 6636.dat
1 0 -480 -112 -10 1 0 0 0 1 0 0 0 1 6636.dat
1 0 -480 -112 10 1 0 0 0 1 0 0 0 1 6636.dat
1 0 -280 -72 10 1 0 0 0 1 0 0 0 1 6636.dat
1 71 -110 -64 0 0 0 -1 0 1 0 1 0 0 3894.dat
1 71 -410 -144 0 0 0 -1 0 1 0 1 0 0 32018.dat
1 71 -380 -198.412 -135.963 1 0 0 0 0.161604 -0.986856 0 0.986856 0.161604 Part 9.ldr
1 15 -440 -144 0 1 0 0 0 1 0 0 0 1 6232.dat
1 15 -460 -176 -10 1 0 0 0 1 0 0 0 1 3700.dat
1 15 -460 -176 10 1 0 0 0 1 0 0 0 1 3700.dat
1 71 -110 -144 0 0 0 -1 0 1 0 1 0 0 32018.dat
1 71 -100 -54 40 -1 0 0 0 1 0 0 0 -1 3673.dat
1 71 -60 -94 30 -1 0 0 0 1 0 0 0 -1 3673.dat
1 71 -60 -94 -30 -1 0 0 0 1 0 0 0 -1 3673.dat
1 71 -100 -54 -40 -1 0 0 0 1 0 0 0 -1 3673.dat
1 71 -70 -6 -20 -1 0 0 0 1 0 0 0 -1 32556.dat
1 22 -74 -51.274 116.127 0 1 0 0.995884 0 0.0906326 0.0906326 0 -0.995884 Part 2.ldr
1 22 -66 -51.274 -115.873 0 -1 0 0.995884 0 0.0906326 -0.0906326 0 0.995884 Part 2.ldr
1 71 -70 -6 20 -1 0 0 0 1 0 0 0 -1 32556.dat
1 71 -70 14 150 0 0 1 0 1 0 -1 0 0 32556.dat
1 71 -70 14 -150 0 0 -1 0 1 0 1 0 0 32556.dat
1 71 110 14 140 0 0 1 0 1 0 -1 0 0 32556.dat
1 71 110 14 -140 0 0 -1 0 1 0 1 0 0 32556.dat
1 71 -250 14 142 0 0 1 0 1 0 -1 0 0 32556.dat
1 71 -250 14 -140 0 0 -1 0 1 0 1 0 0 32556.dat
1 14 -70 14 120 0 0 -1 0 1 0 1 0 0 75535.dat
1 14 -70 14 -120 0 0 1 0 1 0 -1 0 0 75535.dat
1 72 -50 -16 0 0 0 -1 0 1 0 1 0 0 3701.dat
1 71 -140 8 0 -1 0 0 0 1 0 0 0 -1 3032.dat
1 70 -130 -16 0 -1 0 0 0 1 0 0 0 -1 3002.dat
1 70 -70 14 150 0 0 1 -1 0 0 0 -1 0 32523.dat
1 70 -70 14 -150 0 0 1 -1 0 0 0 -1 0 32523.dat
1 70 -10 -16 0 -1 0 0 0 1 0 0 0 -1 3002.dat
1 70 30 -16 0 0 0 1 0 1 0 -1 0 0 3700.dat
1 70 50 -16 0 0 0 1 0 1 0 -1 0 0 3700.dat
1 71 -320 8 0 1 0 0 0 1 0 0 0 1 3032.dat
1 71 -260 -80 0 1 0 0 0 1 0 0 0 1 3027.dat
1 71 -460 -208 0 0 0 -1 0 1 0 1 0 0 30000.dat
0 MLCAD BTG Group name
1 71 -518 -160 0 0 0 -1 0 1 0 1 0 0 30000.dat
1 71 -470 -144 0 0 0 -1 0 1 0 1 0 0 2877.dat
1 0 -450 -144 -30 0 0 1 0 1 0 -1 0 0 4735.dat
1 0 -460 -166 -30 0 -0.267238 -0.96363 0 0.96363 -0.267238 1 0 0 32054.dat
1 0 -460 -166 30 0 0.267238 0.96363 0 0.96363 -0.267238 -1 0 0 32054.dat
1 0 -498.546 -155.312 -30 0.267238 0 0.96363 0.96363 0 -0.267238 0 1 0 32316.dat
1 0 -498.546 -187.312 -30 0.267238 0 0.96363 0.96363 0 -0.267238 0 1 0 32316.dat
1 0 -498.546 -155.312 30 0.267238 0 0.96363 0.96363 0 -0.267238 0 1 0 32316.dat
1 0 -498.546 -187.312 30 0.267238 0 0.96363 0.96363 0 -0.267238 0 1 0 32316.dat
1 0 -450 -144 30 0 0 1 0 1 0 -1 0 0 4735.dat
1 71 -520 -112 -30 1 0 0 0 1 0 0 0 1 3460.dat
1 71 -520 -112 30 1 0 0 0 1 0 0 0 1 3460.dat
1 19 -520 -128 -30 1 0 0 0 1 0 0 0 1 3460.dat
1 19 -520 -128 30 1 0 0 0 1 0 0 0 1 3460.dat
1 71 -140 -296 0 0 0 -1 0 1 0 1 0 0 3028.dat
1 71 140 -104 0 1 0 0 0 1 0 0 0 1 3035.dat
1 71 120 -232 0 1 0 0 0 1 0 0 0 1 3032.dat
1 0 120 -224 -10 1 0 0 0 1 0 0 0 1 2436a.dat
1 0 120 -224 10 -1 0 0 0 1 0 0 0 -1 2436a.dat
1 71 190 -232 0 0 0 -1 0 1 0 1 0 0 3460.dat
1 0 140 -136 0 1 0 0 0 1 0 0 0 1 3034.dat
1 72 200 -144 0 1 0 0 0 1 0 0 0 1 3022.dat
1 72 180 -240 0 1 0 0 0 1 0 0 0 1 3022.dat
1 72 130 -240 10 1 0 0 0 1 0 0 0 1 6190.dat
1 72 130 -240 -10 1 0 0 0 1 0 0 0 1 6190.dat
1 72 120 -216 0 1 0 0 0 1 0 0 0 1 3022.dat
1 0 200 -152 0 1 0 0 0 1 0 0 0 1 4032a.dat
1 0 310 -126 -30 1 0 0 0 0 -1 0 1 0 4349.dat
1 0 350 -86 -40 0 -1 0 0 0 -1 1 0 0 32054.dat
1 0 350 -86 50 0 1 0 0 0 -1 -1 0 0 32054.dat
1 43 310 -150 -30 1 0 0 0 1 0 0 0 1 4073.dat
1 0 310 -126 30 -1 0 0 0 0 -1 0 -1 0 4349.dat
1 43 310 -150 30 -1 0 0 0 1 0 0 0 -1 4073.dat
1 38 100 -128 0 1 0 0 0 1 0 0 0 1 3941.dat
1 38 140 -128 0 1 0 0 0 1 0 0 0 1 3941.dat
1 71 300 -104 0 1 0 0 0 1 0 0 0 1 3035.dat
1 71 220 -96 -30 1 0 0 0 1 0 0 0 1 6112.dat
1 71 210 -188.261 72.054 0 0 -1 0.967709 0.252069 0 0.252069 -0.967709 0 Part 8.ldr
1 71 210 -130.547 -87.968 0 0 -1 -0.964557 0.263873 0 0.263873 0.964557 0 Part 10.ldr
1 71 350 -96 -30 1 0 0 0 1 0 0 0 1 6541.dat
1 71 350 -96 30 1 0 0 0 1 0 0 0 1 6541.dat
1 71 220 -96 30 1 0 0 0 1 0 0 0 1 6112.dat
1 71 80 -96 -30 1 0 0 0 1 0 0 0 1 2877.dat
1 71 210 -176 0 0 0 1 0 1 0 -1 0 0 2877.dat
1 71 80 -96 30 -1 0 0 0 1 0 0 0 -1 2877.dat
1 71 -260 -296 0 0 0 -1 0 1 0 1 0 0 3028.dat
1 71 -380 -198.995 135.63 1 0 0 0 0.166769 0.985996 0 -0.985996 0.166769 Part 12.ldr
1 71 0 -304 60 0 0 -1 0 1 0 1 0 0 Part 7.ldr
1 71 -380 -400 0 0 1 0 0 0 1 1 0 0 30360.dat
1 320 -370 -390 0 0 1 0 1 0 0 0 0 -1 2341.dat
1 320 -370 -410 0 0 1 0 1 0 0 0 0 -1 2341.dat
1 71 -260 -304 -110 1 0 0 0 1 0 0 0 1 44567.dat
1 71 -260 -304 110 -1 0 0 0 1 0 0 0 -1 44567.dat
1 72 -260 -275.098 -143.492 0 0 -1 -0.92388 0.382683 0 0.382683 0.92388 0 44302.dat
1 72 -260 -275.098 143.254 0 0 1 -0.92388 0.382683 0 -0.382683 -0.92388 0 44302.dat
1 71 -340 -296 0 0 0 -1 0 1 0 1 0 0 2445.dat
1 71 0 0 0 1 0 0 0 1 0 0 0 1 Part 11.ldr
1 71 -420 -296 0 0 0 -1 0 1 0 1 0 0 2445.dat
1 71 -360 -304 0 -1 0 0 0 1 0 0 0 -1 3738.dat
1 72 -380 -296 0 0 0 -1 0 1 0 1 0 0 3709b.dat
1 72 -380 -312 0 0 0 -1 0 1 0 1 0 0 3709b.dat
1 0 -380 -340 0 0 0 -1 0 1 0 1 0 0 3941.dat
1 0 -380 -244 0 0 0 -1 1 0 0 0 -1 0 3708.dat
1 19 -380 -277 0 0 0 -1 0 1 0 1 0 0 41677.dat
1 72 -380 -320 -69 0 0 -1 0 1 0 1 0 0 4740.dat
1 15 -380 -312 -68 1 0 0 0 1 0 0 0 1 4085a.dat
1 72 -380 -320 69 0 0 1 0 1 0 -1 0 0 4740.dat
1 15 -380 -312 68 -1 0 0 0 1 0 0 0 -1 4085a.dat
1 71 -80 -104 0 1 0 0 0 1 0 0 0 1 3003.dat
1 71 -559 -74 -20 0 -1 0 1 0 0 0 0 1 30374.dat
1 71 -559 -74 20 0 -1 0 1 0 0 0 0 1 30374.dat
1 71 -139.517 -374.299 -2.983 -0.92388 0.353553 -0.146447 0 -0.382683 -0.92388 -0.382683 -0.853553 0.353553 30374.dat
1 71 -160 -134.781 -168.291 -1 0 0 0 0.235142 0.971961 0 0.971961 -0.235142 Part 3.ldr
1 71 -360 -134.935 168.29 1 0 0 0 0.236838 0.971549 0 -0.971549 0.236838 Part 4.ldr
1 0 -200 16 0 1 0 0 0 1 0 0 0 1 2445.dat
1 0 -320 16 -30 1 0 0 0 1 0 0 0 1 3666.dat
1 0 -320 16 30 1 0 0 0 1 0 0 0 1 3666.dat
1 0 180 16 -30 1 0 0 0 1 0 0 0 1 3666.dat
1 0 -70 16 -30 1 0 0 0 1 0 0 0 1 32124.dat
1 0 -70 16 30 1 0 0 0 1 0 0 0 1 32124.dat
1 0 180 16 30 1 0 0 0 1 0 0 0 1 3666.dat
1 0 60 16 0 1 0 0 0 1 0 0 0 1 2445.dat
1 0 -20 -80 0 1 0 0 0 1 0 0 0 1 3034.dat
1 0 -20 -136 0 1 0 0 0 1 0 0 0 1 3034.dat
1 72 -80 -144 0 1 0 0 0 1 0 0 0 1 3022.dat
1 72 -140 -304 0 1 0 0 0 1 0 0 0 1 3022.dat
1 72 -140 -320 0 1 0 0 0 1 0 0 0 1 3960.dat
1 72 -137.041 -376.978 -8.958 0.92388 -0.353553 -0.146447 0 0.382683 -0.92388 0.382683 0.853553 0.353553 4740.dat
1 72 -133.46 -370.855 8.525 0.92388 -0.353553 -0.146447 0 0.382683 -0.92388 0.382683 0.853553 0.353553 61252.dat
1 72 -151.937 -370.855 0.872 0.92388 -0.353553 -0.146447 0 0.382683 -0.92388 0.382683 0.853553 0.353553 61252.dat
1 0 -139.87 -373.916 -2.13 0.92388 -0.353553 -0.146447 0 0.382683 -0.92388 0.382683 0.853553 0.353553 3794a.dat
1 71 -140 -344 0 1 0 0 0 1 0 0 0 1 4589.dat
1 71 -140 -352 0 -0.382683 0 -0.92388 0 1 0 0.92388 0 -0.382683 4697b.dat
1 72 -420 -304 -60 1 0 0 0 1 0 0 0 1 3022.dat
1 72 -430 -312 0 0 0 1 0 1 0 -1 0 0 4510.dat
1 320 -410 -312 0 0 0 1 0 1 0 -1 0 0 3023.dat
1 71 -430 -320 0 1 0 0 0 1 0 0 0 1 3021.dat
1 72 -440 -336 0 1 0 0 0 1 0 0 0 1 3960.dat
1 72 -420 -304 60 1 0 0 0 1 0 0 0 1 3022.dat
1 71 -90 -152 0 1 0 0 0 1 0 0 0 1 3021.dat
1 71 -394 -400 0 0 1 0 0 0 1 1 0 0 3021.dat
1 0 -410 -120 0 0 0 -1 0 1 0 1 0 0 3666.dat
1 0 -410 -112 0 0 0 -1 0 1 0 1 0 0 3666.dat
1 0 -110 -120 0 0 0 -1 0 1 0 1 0 0 3666.dat
1 0 -110 -112 0 0 0 -1 0 1 0 1 0 0 3666.dat
1 0 -50 -104 -20 0 0 -1 0 1 0 1 0 0 32000.dat
1 0 -50 -104 20 0 0 -1 0 1 0 1 0 0 32000.dat
1 46 -50 -80 -30 1 0 0 0 1 0 0 0 1 4073.dat
1 46 -50 -80 30 1 0 0 0 1 0 0 0 1 4073.dat
1 0 -250 -6 140 1 0 0 0 1 0 0 0 1 6536.dat
1 0 -250 -6 120 1 0 0 0 1 0 0 0 1 6536.dat
1 0 -250 -6 -120 1 0 0 0 1 0 0 0 1 6536.dat
1 0 -250 -6 -140 1 0 0 0 1 0 0 0 1 6536.dat
1 0 110 -6 140 1 0 0 0 1 0 0 0 1 6536.dat
1 0 -550 -94 0 1 0 0 0 1 0 0 0 1 6536.dat
1 0 110 -6 120 1 0 0 0 1 0 0 0 1 6536.dat
1 0 110 -6 -120 1 0 0 0 1 0 0 0 1 6536.dat
1 0 110 -6 -140 1 0 0 0 1 0 0 0 1 6536.dat
1 71 -270 -16 30 1 0 0 0 1 0 0 0 1 3062b.dat
1 71 -270 -16 -30 1 0 0 0 1 0 0 0 1 3062b.dat
1 71 130 -16 30 1 0 0 0 1 0 0 0 1 3062b.dat
1 71 130 -16 -30 1 0 0 0 1 0 0 0 1 3062b.dat
1 71 -50 -40 30 1 0 0 0 1 0 0 0 1 3062b.dat
1 71 -100 -40 -30 1 0 0 0 1 0 0 0 1 2877.dat
1 71 0 -104 0 1 0 0 0 1 0 0 0 1 3001.dat
1 71 50 -104 0 0 0 -1 0 1 0 1 0 0 2877.dat
1 71 -100 -40 30 -1 0 0 0 1 0 0 0 -1 2877.dat
1 71 -50 -40 -30 1 0 0 0 1 0 0 0 1 3062b.dat
1 71 -50 -64 30 1 0 0 0 1 0 0 0 1 3062b.dat
1 71 -50 -64 -30 1 0 0 0 1 0 0 0 1 3062b.dat
1 72 -370 -16 0 0 0 -1 0 1 0 1 0 0 3701.dat
1 72 -410 -264 0 0 0 -1 0 1 0 1 0 0 3895.dat
1 72 -110 -264 0 0 0 -1 0 1 0 1 0 0 3895.dat
1 71 -110 -288 0 0 0 -1 0 1 0 1 0 0 2730.dat
1 15 -410 -288 60 0 0 -1 0 1 0 1 0 0 3701.dat
1 15 -410 -288 -60 0 0 -1 0 1 0 1 0 0 3701.dat
1 2 -410 -272 0 0 0 -1 0 1 0 1 0 0 3069b.dat
1 70 -330 -16 0 -1 0 0 0 1 0 0 0 -1 3002.dat
1 70 -290 -16 0 0 0 1 0 1 0 -1 0 0 3700.dat
1 70 -270 -16 0 0 0 1 0 1 0 -1 0 0 3700.dat
1 71 180 8 0 -1 0 0 0 1 0 0 0 -1 3032.dat
1 72 230 -16 0 0 0 1 0 1 0 -1 0 0 3701.dat
1 72 270 -6 20 0 0 1 0 1 0 -1 0 0 32192.dat
1 70 190 -16 0 1 0 0 0 1 0 0 0 1 3002.dat
1 70 150 -16 0 0 0 -1 0 1 0 1 0 0 3700.dat
1 70 130 -16 0 0 0 -1 0 1 0 1 0 0 3700.dat
1 70 -190 -16 0 0 0 1 0 1 0 -1 0 0 3700.dat
1 70 -170 -16 0 0 0 1 0 1 0 -1 0 0 3700.dat
1 72 -90 -16 0 0 0 1 0 1 0 -1 0 0 3701.dat
1 72 -140 -40 0 1 0 0 0 1 0 0 0 1 2456.dat
1 72 -300 -40 0 1 0 0 0 1 0 0 0 1 2456.dat
1 72 -340 -64 0 1 0 0 0 1 0 0 0 1 2456.dat
1 72 -410 -104 -40 0 0 -1 0 1 0 1 0 0 3298.dat
1 72 -410 -104 40 0 0 -1 0 1 0 1 0 0 3298.dat
1 72 -110 -104 40 0 0 1 0 1 0 -1 0 0 3298.dat
1 14 -330 -104 40 0 0 1 0 1 0 -1 0 0 30136.dat
1 14 -190 -104 40 0 0 1 0 1 0 -1 0 0 30136.dat
1 14 -330 -104 -40 0 0 1 0 1 0 -1 0 0 30136.dat
1 14 -190 -104 -40 0 0 1 0 1 0 -1 0 0 30136.dat
1 72 -110 -104 -40 0 0 1 0 1 0 -1 0 0 3298.dat
1 72 -220 -64 0 1 0 0 0 1 0 0 0 1 2456.dat
1 72 -40 -64 0 1 0 0 0 1 0 0 0 1 2456.dat
1 72 -110 -72 40 0 0 -1 0 1 0 1 0 0 2412b.dat
1 72 -110 -72 -40 0 0 -1 0 1 0 1 0 0 2412b.dat
1 43 -220 -88 -50 -1 0 0 0 1 0 0 0 -1 2412b.dat
1 43 -220 -88 50 -1 0 0 0 1 0 0 0 -1 2412b.dat
1 43 -300 -88 -50 -1 0 0 0 1 0 0 0 -1 2412b.dat
1 43 -300 -88 50 -1 0 0 0 1 0 0 0 -1 2412b.dat
1 71 -410 -64 0 0 0 1 0 1 0 -1 0 0 3894.dat
1 71 70 -128 0 0 0 1 0 1 0 -1 0 0 3894.dat
1 71 70 -152 -40 0 0 1 0 1 0 -1 0 0 3004.dat
1 71 70 -152 40 0 0 1 0 1 0 -1 0 0 3004.dat
1 71 190 -152 -80 0 0 1 0 1 0 -1 0 0 3004.dat
1 71 200 -224 -30 1 0 0 0 1 0 0 0 1 3004.dat
1 71 200 -224 30 1 0 0 0 1 0 0 0 1 3004.dat
1 70 190 -224 0 1 0 0 0 1 0 0 0 1 3002.dat
1 135 100 -144 0 0 0 1 0 1 0 -1 0 0 41862.dat
1 135 140 -144 0 0 0 1 0 1 0 -1 0 0 41862.dat
1 71 180 -152 40 0 0 1 0 1 0 -1 0 0 3003.dat
1 71 180 -152 -40 0 0 1 0 1 0 -1 0 0 3003.dat
1 71 170 -224 -30 1 0 0 0 1 0 0 0 1 4460b.dat
1 71 190 -224 -70 1 0 0 0 1 0 0 0 1 4460b.dat
1 71 70 -224 -30 1 0 0 0 1 0 0 0 1 4460b.dat
1 71 70 -224 30 -1 0 0 0 1 0 0 0 -1 4460b.dat
1 71 170 -224 30 -1 0 0 0 1 0 0 0 -1 4460b.dat
1 71 190 -224 70 -1 0 0 0 1 0 0 0 -1 4460b.dat
1 71 190 -152 80 0 0 1 0 1 0 -1 0 0 3004.dat
1 71 170 -128 0 0 0 1 0 1 0 -1 0 0 3894.dat
1 71 190 -176 0 0 0 1 0 1 0 -1 0 0 3894.dat
1 72 230 -195.5 0 0 1 0 -1 0 0 0 0 1 32524.dat
1 71 200 -200 0 0 0 1 0 1 0 -1 0 0 3001.dat
1 71 100 -192 0 0 0 1 0 1 0 -1 0 0 4589.dat
1 71 140 -192 0 0 0 1 0 1 0 -1 0 0 4589.dat
1 134 100 -168 0 0 0 1 0 1 0 -1 0 0 30367c.dat
1 134 140 -168 0 0 0 1 0 1 0 -1 0 0 30367c.dat
1 71 190 -128 0 0 0 1 0 1 0 -1 0 0 2730.dat
1 71 -420 -54 -40 1 0 0 0 1 0 0 0 1 3673.dat
1 71 -420 -54 40 1 0 0 0 1 0 0 0 1 3673.dat
1 71 -420 -254 -40 1 0 0 0 1 0 0 0 1 3673.dat
1 71 -420 -254 40 1 0 0 0 1 0 0 0 1 3673.dat
1 71 -420 -254 100 1 0 0 0 0.986572 -0.163326 0 0.163326 0.986572 3673.dat
1 71 -421 -254 -100 1 0 0 0 0.946649 0.322266 0 -0.322266 0.946649 3673.dat
1 71 -100 -254 -40 1 0 0 0 1 0 0 0 1 3673.dat
1 71 -100 -254 40 1 0 0 0 1 0 0 0 1 3673.dat
1 71 -100 -254 100 1 0 0 0 1 0 0 0 1 3673.dat
1 71 -100 -254 -100 1 0 0 0 1 0 0 0 1 3673.dat
1 71 -420 -134 120 1 0 0 0 0.985996 -0.166769 0 0.166769 0.985996 3673.dat
1 0 -420 -134 -40 1 0 0 0 1 0 0 0 1 2780.dat
1 0 -420 -134 40 1 0 0 0 1 0 0 0 1 2780.dat
1 1 -400 -134 80 1 0 0 0 0.971549 -0.236838 0 0.236838 0.971549 43093.dat
1 1 -400 -134 -80 1 0 0 0 0.971961 0.235142 0 -0.235142 0.971961 43093.dat
1 0 -100 -134 40 -1 0 0 0 1 0 0 0 -1 2780.dat
1 0 -550 -74 0 0 0 1 0 1 0 -1 0 0 6558.dat
1 0 -100 -134 -40 -1 0 0 0 1 0 0 0 -1 2780.dat
1 1 -120 -134 -80 -1 0 0 0 1 0 0 0 -1 43093.dat
1 1 -120 -134 80 -1 0 0 0 1 0 0 0 -1 43093.dat
1 71 -420 -135 -120 1 0 0 0 0.986856 0.161604 0 -0.161604 0.986856 3673.dat
1 71 -100 -134 120 1 0 0 0 1 0 0 0 1 3673.dat
1 71 -100 -134 -120 1 0 0 0 1 0 0 0 1 3673.dat
1 72 -410 -72 -40 0 0 1 0 1 0 -1 0 0 2412b.dat
1 72 -402 -400 0 0 1 0 -1 0 0 0 0 1 2412b.dat
1 72 -410 -72 40 0 0 1 0 1 0 -1 0 0 2412b.dat
1 72 80 -64 0 1 0 0 0 1 0 0 0 1 2456.dat
1 72 200 -64 0 1 0 0 0 1 0 0 0 1 2456.dat
1 72 390 -86 0 -0.235142 -0.971961 0 -0.971961 0.235142 0 0 0 -1 30042.dat
1 71 373.132 -164.228 -40 -0.235142 -0.971961 0 -0.971961 0.235142 0 0 0 -1 3021.dat
1 71 373.132 -164.228 40 -0.235142 -0.971961 0 -0.971961 0.235142 0 0 0 -1 3021.dat
1 70 382.536 -125.348 50 0 -0.971961 0.235142 0 0.235142 0.971961 -1 0 0 2420.dat
1 70 382.536 -125.348 -50 0.235142 -0.971961 0 0.971961 0.235142 0 0 0 1 2420.dat
1 320 395.02 -107.789 -60 0 -0.971961 -0.235142 0 0.235142 -0.971961 1 0 0 3023.dat
1 320 395.02 -107.789 60 0 -0.971961 -0.235142 0 0.235142 -0.971961 1 0 0 3023.dat
1 320 395.753 -138.828 0 0 -0.971961 0.235142 0 0.235142 0.971961 -1 0 0 51739.dat
1 71 383.262 -156.388 -60 0 -0.971961 0.235142 0 0.235142 0.971961 -1 0 0 41770.dat
1 71 383.262 -156.388 60 0 -0.971961 0.235142 0 0.235142 0.971961 -1 0 0 41769.dat
1 71 388.685 -167.989 0 0 -0.971961 0.235142 0 0.235142 0.971961 -1 0 0 2412b.dat
1 2 388.685 -167.989 -40 0 -0.971961 0.235142 0 0.235142 0.971961 -1 0 0 3069b.dat
1 2 388.685 -167.989 40 0 -0.971961 0.235142 0 0.235142 0.971961 -1 0 0 3069b.dat
1 40 383.983 -187.429 40 0 -0.971961 0.235142 0 0.235142 0.971961 -1 0 0 3069b.dat
1 40 383.983 -187.429 0 0 -0.971961 0.235142 0 0.235142 0.971961 -1 0 0 3069b.dat
1 40 383.983 -187.429 -40 0 -0.971961 0.235142 0 0.235142 0.971961 -1 0 0 3069b.dat
1 72 120 -88 0 1 0 0 0 1 0 0 0 1 2456.dat
1 72 90 -72 30 1 0 0 0 1 0 0 0 1 3623.dat
1 72 90 -72 -30 1 0 0 0 1 0 0 0 1 3623.dat
1 72 350 -72 30 1 0 0 0 1 0 0 0 1 3623.dat
1 72 350 -72 -30 1 0 0 0 1 0 0 0 1 3623.dat
1 72 370 -88 -30 0 0 -1 0 1 0 1 0 0 61252.dat
1 72 370 -88 30 0 0 -1 0 1 0 1 0 0 61252.dat
1 72 190 -240 -30 0 0 -1 0 1 0 1 0 0 61252.dat
1 72 210 -238 0 0.951594 -0.307357 0 0.307357 0.951594 0 0 0 1 30042.dat
1 71 301.176 -227.466 0 0.951594 -0.307357 0 0.307357 0.951594 0 0 0 1 3036.dat
1 71 280.005 -259.526 0 0.951594 -0.307357 0 0.307357 0.951594 0 0 0 1 3021.dat
1 72 294.438 -271.677 0 0.951594 -0.307357 0 0.307357 0.951594 0 0 0 1 3960.dat
1 71 318.07 -247.229 0 0 -0.307357 -0.951594 0 0.951594 -0.307357 1 0 0 44567.dat
1 0 346.453 -239.981 0 0 0.0801989 0.996779 0 0.996779 -0.0801989 -1 0 0 30553.dat
1 72 377.355 -242.465 0 0.996779 0.0801989 0 -0.0801989 0.996779 0 0 0 1 6587.dat
1 43 431.18 -246.789 0 0.0801989 -0.996779 0 0.996779 0.0801989 0 0 0 1 4589.dat
1 71 284.632 -240.433 0 0.948324 -0.317305 0 0.317305 0.948324 0 0 0 1 3679.dat
1 320 268.03 -254.986 0 0 -0.307357 0.951594 0 0.951594 0.307357 -1 0 0 51739.dat
1 320 306.094 -242.698 0 0 -0.307357 -0.951594 0 0.951594 -0.307357 1 0 0 51739.dat
1 0 284.603 -241.213 0 0.951594 -0.307357 0 0.307357 0.951594 0 0 0 1 3680.dat
1 72 190 -240 30 0 0 -1 0 1 0 1 0 0 61252.dat
1 70 370 -96 0 0 0 -1 0 1 0 1 0 0 3710.dat
1 70 370 -80 0 0 0 -1 0 1 0 1 0 0 3710.dat
1 70 70 -240 0 0 0 -1 0 1 0 1 0 0 3710.dat
1 320 190 -240 -60 0 0 -1 0 1 0 1 0 0 3023.dat
1 320 70 -248 0 0 0 -1 0 1 0 1 0 0 2431.dat
1 72 190 -248 0 0 0 -1 0 1 0 1 0 0 6636.dat
1 320 190 -240 60 0 0 -1 0 1 0 1 0 0 3023.dat
1 70 210 -128 0 0 0 -1 0 1 0 1 0 0 3298.dat
1 70 280 -112 0 0 0 1 0 1 0 -1 0 0 4079.dat
1 70 340 -112 0 0 0 -1 0 1 0 1 0 0 4079.dat
1 19 370 -88 0 0 0 -1 0 1 0 1 0 0 3023.dat
1 72 90 -112 -30 1 0 0 0 1 0 0 0 1 61252.dat
1 72 150 -112 -30 1 0 0 0 1 0 0 0 1 61252.dat
1 72 120 -110 -50 0 0 -1 -0.975535 0.219846 0 0.219846 0.975535 0 30042.dat
1 71 150 -172.489 -54.366 0 0 -1 -0.975535 0.219846 0 0.219846 0.975535 0 2555.dat
1 71 90 -172.489 -54.366 0 0 -1 -0.975535 0.219846 0 0.219846 0.975535 0 2555.dat
1 19 120 -112 -30 1 0 0 0 1 0 0 0 1 3023.dat
1 72 150 -112 30 -1 0 0 0 1 0 0 0 -1 61252.dat
1 72 90 -112 30 -1 0 0 0 1 0 0 0 -1 61252.dat
1 19 120 -112 30 -1 0 0 0 1 0 0 0 -1 3023.dat
1 14 100 -120 30 -1 0 0 0 1 0 0 0 -1 2412b.dat
1 14 140 -120 30 -1 0 0 0 1 0 0 0 -1 2412b.dat
1 14 100 -120 -30 -1 0 0 0 1 0 0 0 -1 2412b.dat
1 14 140 -120 -30 -1 0 0 0 1 0 0 0 -1 2412b.dat
1 72 -446 15 -140 1 0 0 0 1 0 0 0 1 2515a.dat
1 72 304 15 -140 1 0 0 0 1 0 0 0 1 2515a.dat
1 72 110 14 -150 1 0 0 0 1 0 0 0 1 2515a.dat
1 72 -250 14 -150 1 0 0 0 1 0 0 0 1 2515a.dat
1 72 -70 14 -160 1 0 0 0 1 0 0 0 1 2515a.dat
1 72 306 15 140 -1 0 0 0 1 0 0 0 -1 2515a.dat
1 72 -444 15 140 -1 0 0 0 1 0 0 0 -1 2515a.dat
1 72 -250 14 150 -1 0 0 0 1 0 0 0 -1 2515a.dat
1 72 110 14 150 -1 0 0 0 1 0 0 0 -1 2515a.dat
1 72 -70 14 160 -1 0 0 0 1 0 0 0 -1 2515a.dat
1 72 -460 -104 0 1 0 0 0 1 0 0 0 1 2456.dat
1 72 -460 -184 0 1 0 0 0 1 0 0 0 1 3022.dat
0 MLCAD BTG Group name
1 71 -518 -192 0 0 0 -1 0 1 0 1 0 0 30000.dat
0 MLCAD BTG Group name
1 72 -518 -168 0 1 0 0 0 1 0 0 0 1 3022.dat
0 MLCAD BTG Group name
1 72 -548 -144 0 0 0 -1 0 1 0 1 0 0 2412b.dat
0 MLCAD BTG Group name
1 0 -578 -144 10 -1 0 0 0 1 0 0 0 -1 3794a.dat
0 MLCAD BTG Group name
1 0 -578 -144 -10 -1 0 0 0 1 0 0 0 -1 3794a.dat
0 MLCAD BTG Group name
1 72 -508 -200 0 0 0 -1 0 1 0 1 0 0 2412b.dat
0 MLCAD BTG Group name
1 43 -528 -200 0 0 0 -1 0 1 0 1 0 0 2412b.dat
0 GROUP 11 Group name
1 72 -460 -216 0 1 0 0 0 1 0 0 0 1 3022.dat
1 72 -651 -74 -26 0 0 -1 0 1 0 1 0 0 30162.dat
1 72 -651 -74 26 0 0 -1 0 1 0 1 0 0 30162.dat
1 19 350 -86 50 0 0 -1 0 1 0 1 0 0 32013.dat
1 19 350 -86 -40 0 0 -1 0 1 0 1 0 0 32013.dat
1 71 359 -86 50 0 1 0 1 0 0 0 0 -1 30374.dat
1 71 160 -173.809 -60.223 0 -1 0 0.219846 0 -0.975535 0.975535 0 0.219846 30374.dat
1 72 120 -110 50 0 0 1 -0.975535 0.219846 0 -0.219846 -0.975535 0 30042.dat
1 71 90 -172.489 54.366 0 0 1 -0.975535 0.219846 0 -0.219846 -0.975535 0 2555.dat
1 71 150 -172.489 54.366 0 0 1 -0.975535 0.219846 0 -0.219846 -0.975535 0 2555.dat
1 71 80 -173.809 60.223 0 1 0 0.219846 0 -0.975535 -0.975535 0 -0.219846 30374.dat
1 71 359 -86 -40 0 1 0 1 0 0 0 0 -1 30374.dat
1 72 451 -86 56 0 0 1 0 1 0 -1 0 0 30162.dat
1 72 451 -86 -46 0 0 1 0 1 0 -1 0 0 30162.dat
1 72 -480 -80 0 1 0 0 0 1 0 0 0 1 3795.dat
1 15 -380 -444 0 1 0 0 0 1 0 0 0 1 14769.dat
1 72 240 -88 0 1 0 0 0 1 0 0 0 1 2456.dat
1 72 160 -40 0 1 0 0 0 1 0 0 0 1 2456.dat
1 72 230 -40 0 0 0 -1 0 1 0 1 0 0 3747a.dat
1 72 270 -64 0 0 0 -1 0 1 0 1 0 0 3660.dat
1 72 -370 -40 0 0 0 1 0 1 0 -1 0 0 3747a.dat
1 72 0 -40 0 1 0 0 0 1 0 0 0 1 2456.dat
1 72 -110 -16 30 0 0 1 0 1 0 -1 0 0 3040b.dat
1 72 -110 -16 -30 0 0 1 0 1 0 -1 0 0 3040b.dat
1 72 -70 -6 -80 0 -1 0 -1 0 0 0 0 -1 32524.dat
1 72 -70 -6 80 0 -1 0 -1 0 0 0 0 -1 32524.dat
1 148 -232 -6 0 0 -1 0 -1 0 0 0 0 -1 32278.dat
1 148 -430 -154 40 0 -1 0 0 0 1 -1 0 0 32525.dat
1 148 -430 -154 -40 0 -1 0 0 0 1 -1 0 0 32525.dat
1 148 -461.557 -26.012 0 -0.707107 -0.707107 0 -0.707107 0.707107 0 0 0 -1 32278.dat
1 148 88 -6 0 0 -1 0 -1 0 0 0 0 -1 32278.dat
1 0 -70 -6 140 1 0 0 0 -1 0 0 0 -1 6558.dat
1 0 -70 -6 120 1 0 0 0 -1 0 0 0 -1 6558.dat
1 0 -190 -6 0 1 0 0 0 -1 0 0 0 -1 32054.dat
1 0 -460.142 -27.426 0 0.707107 -0.707107 0 -0.707107 -0.707107 0 0 0 -1 32054.dat
1 71 -467.214 -20.355 140 0.707107 -0.707107 0 -0.707107 -0.707107 0 0 0 -1 3673.dat
1 71 -467.214 -20.355 120 0.707107 -0.707107 0 -0.707107 -0.707107 0 0 0 -1 3673.dat
1 71 -467.214 -20.355 -120 0.707107 -0.707107 0 -0.707107 -0.707107 0 0 0 -1 3673.dat
1 71 -446 15 -140 0 -0.707107 0.707107 0 -0.707107 -0.707107 1 0 0 3673.dat
1 71 -446 15 140 0 -0.707107 0.707107 0 -0.707107 -0.707107 1 0 0 3673.dat
1 71 -467.214 -20.355 -140 0.707107 -0.707107 0 -0.707107 -0.707107 0 0 0 -1 3673.dat
1 71 -460.143 0.858 -130 0 -0.707107 0.707107 0 -0.707107 -0.707107 1 0 0 32557.dat
1 0 130 -6 0 1 0 0 0 -1 0 0 0 -1 32054.dat
1 0 50 -6 0 -1 0 0 0 -1 0 0 0 1 32054.dat
1 0 -270 -6 0 -1 0 0 0 -1 0 0 0 1 32054.dat
1 71 90 -6 0 -1 0 0 0 -1 0 0 0 1 4519.dat
1 71 -230 -6 0 -1 0 0 0 -1 0 0 0 1 4519.dat
1 0 -70 -6 -120 1 0 0 0 -1 0 0 0 -1 6558.dat
1 0 -70 -6 -140 1 0 0 0 -1 0 0 0 -1 6558.dat
1 15 -90 14 -130 0 0 1 0 -1 0 1 0 0 32291.dat
1 15 -90 14 130 0 0 1 0 -1 0 1 0 0 32291.dat
1 15 -50 14 -130 0 0 1 0 -1 0 1 0 0 32291.dat
1 15 -50 14 130 0 0 1 0 -1 0 1 0 0 32291.dat
1 1 -90 14 -140 0 0 1 0 -1 0 1 0 0 43093.dat
1 1 -50 14 -140 0 0 1 0 -1 0 1 0 0 43093.dat
1 1 -380 -6 -20 -1 0 0 0 -1 0 0 0 1 43093.dat
1 1 -380 -6 20 -1 0 0 0 -1 0 0 0 1 43093.dat
1 1 240 -6 20 1 0 0 0 -1 0 0 0 -1 43093.dat
1 1 240 -6 -20 1 0 0 0 -1 0 0 0 -1 43093.dat
1 1 100 -6 -140 1 0 0 0 -1 0 0 0 -1 43093.dat
1 1 100 -6 -120 1 0 0 0 -1 0 0 0 -1 43093.dat
1 1 100 -6 120 1 0 0 0 -1 0 0 0 -1 43093.dat
1 1 100 -6 140 1 0 0 0 -1 0 0 0 -1 43093.dat
1 1 -240 -6 140 -1 0 0 0 -1 0 0 0 1 43093.dat
1 1 -240 -6 120 -1 0 0 0 -1 0 0 0 1 43093.dat
1 1 -240 -6 -120 -1 0 0 0 -1 0 0 0 1 43093.dat
1 1 -240 -6 -140 -1 0 0 0 -1 0 0 0 1 43093.dat
1 1 -50 14 140 0 0 -1 0 -1 0 -1 0 0 43093.dat
1 1 -90 14 140 0 0 -1 0 -1 0 -1 0 0 43093.dat
1 71 297 -32 20 0.707107 -0.707107 0 -0.707107 -0.707107 0 0 0 -1 4519.dat
1 19 295.52 -30.406 20 -0.5 -0.5 0.707107 -0.5 -0.5 -0.707107 0.707107 -0.707107 0 32123b.dat
1 72 270 -6 -20 0 0 1 0 1 0 -1 0 0 32192.dat
1 71 297 -32 -20 0.707107 -0.707107 0 -0.707107 -0.707107 0 0 0 -1 4519.dat
1 19 295.52 -30.406 -20 -0.5 -0.5 0.707107 -0.5 -0.5 -0.707107 0.707107 -0.707107 0 32123b.dat
1 72 -410 -6 -20 0 0 -1 0 1 0 1 0 0 32192.dat
1 71 -437 -32 -20 -0.707107 0.707107 0 -0.707107 -0.707107 0 0 0 1 4519.dat
1 0 -446.176 -40.941 0 -0.707107 0 -0.707107 -0.707107 0 0.707107 0 1 0 32184.dat
1 0 305.824 -40.941 0 0.707107 0 0.707107 -0.707107 0 0.707107 0 -1 0 32184.dat
1 19 -435.52 -30.406 -20 0.5 0.5 -0.707107 -0.5 -0.5 -0.707107 -0.707107 0.707107 0 32123b.dat
1 72 -410 -6 20 0 0 -1 0 1 0 1 0 0 32192.dat
1 71 -437 -32 20 -0.707107 0.707107 0 -0.707107 -0.707107 0 0 0 1 4519.dat
1 19 -435.52 -30.406 20 0.5 0.5 -0.707107 -0.5 -0.5 -0.707107 -0.707107 0.707107 0 32123b.dat
1 71 -460.143 0.858 130 0 -0.707107 0.707107 0 -0.707107 -0.707107 1 0 0 32557.dat
1 148 320.443 -26.012 0 0.707107 0.707107 0 -0.707107 0.707107 0 0 0 1 32278.dat
1 0 319.028 -27.426 0 -0.707107 0.707107 0 -0.707107 -0.707107 0 0 0 1 32054.dat
1 71 326.1 -20.355 -140 -0.707107 0.707107 0 -0.707107 -0.707107 0 0 0 1 3673.dat
1 71 326.1 -20.355 -120 -0.707107 0.707107 0 -0.707107 -0.707107 0 0 0 1 3673.dat
1 71 326.1 -20.355 120 -0.707107 0.707107 0 -0.707107 -0.707107 0 0 0 1 3673.dat
1 71 304.886 15 140 0 0.707107 -0.707107 0 -0.707107 -0.707107 -1 0 0 3673.dat
1 71 304.886 15 -140 0 0.707107 -0.707107 0 -0.707107 -0.707107 -1 0 0 3673.dat
1 71 326.1 -20.355 140 -0.707107 0.707107 0 -0.707107 -0.707107 0 0 0 1 3673.dat
1 71 319.029 0.858 130 0 0.707107 -0.707107 0 -0.707107 -0.707107 -1 0 0 32557.dat
1 71 319.029 0.858 -130 0 0.707107 -0.707107 0 -0.707107 -0.707107 -1 0 0 32557.dat
1 71 -70 -30.2 119.547 0 0 -1 0.813101 -0.582123 0 -0.582123 -0.813101 0 73129.dat
1 71 -70 -30.2 -119.453 0 0 1 0.813101 -0.582123 0 0.582123 0.813101 0 73129.dat
1 148 -90 -154 40 0 -1 0 0 0 1 -1 0 0 32525.dat
1 148 -90 -154 -40 0 -1 0 0 0 1 -1 0 0 32525.dat
1 72 -40 -128 0 1 0 0 0 1 0 0 0 1 2456.dat
1 15 40 -128 0 1 0 0 0 1 0 0 0 1 6232.dat
1 15 -70 -245.77 -111.497 0 0 -1 -0.986572 0.163326 0 0.163326 0.986572 0 Part 5.ldr
1 43 -113 -403 -67 0.92388 -0.353553 -0.146447 0 0.382683 -0.92388 0.382683 0.853553 0.353553 4589.dat
0
0 FILE Part 2.ldr
0 Part 2
0 Name: Part 2.ldr
0 Author: LDraw
0 Unofficial Model
0 ROTATION CENTER 0 0 0 1 "Custom" 
0 ROTATION CONFIG 0 0
1 71 20 24 0 1 0 0 0 1 0 0 0 1 32140.dat
1 71 20 -16 0 1 0 0 0 1 0 0 0 1 32140.dat
1 71 40 4 60 0 -1 0 1 0 0 0 0 1 32556.dat
1 71 20 4 0 0 -1 0 1 0 0 0 0 1 4519.dat
0
0 FILE Part 3.ldr
0 Part 3
0 Name: Part 3.ldr
0 Author: LDraw
0 Unofficial Model
0 ROTATION CENTER 0 0 0 1 "Custom" 
