0 Flying Mummy Attack
0 Name: 7307 Flying Mummy Attack.ldr
0 Author: StasSmirnov
0 Official Model
0 !COLOUR SandBlue CODE 64 VALUE #88A2B5 EDGE 0 ALPHA 255
0 !COLOUR Chrome CODE 65 VALUE #A1A29B EDGE 0 ALPHA 255
0 !COLOUR Silver CODE 66 VALUE #C7C7C7 EDGE 0 ALPHA 255
0 !COLOUR Gold CODE 67 VALUE #BBBD39 EDGE 0 ALPHA 255
0 !COLOUR Pearl_Very_Light_Grey CODE 150 VALUE #BBBDBC EDGE #333333 ALPHA 255
0 !COLOUR Olive_Green CODE 326 VALUE #9B9A5A EDGE #333333 ALPHA 255
0 !COLOUR unused CODE 330 VALUE #7F7F7F EDGE #000000 ALPHA 255
0 !COLOUR unused CODE 350 VALUE #7F7F7F EDGE #000000 ALPHA 255
0 ROTATION CENTER 0 0 0 1 "Custom" 
0 ROTATION CONFIG 0 0
1 272 424.79 -528.703 -90.962 -0.189429 -0.528803 -0.827337 0.183772 0.80861 -0.558909 0.964545 -0.257915 -0.0559949 93249pq0.dat
1 71 424.79 -528.703 -90.962 -0.189429 -0.528803 -0.827337 0.183772 0.80861 -0.558909 0.964545 -0.257915 -0.0559949 3626bpq0.dat
1 272 411.57 -508.488 -97.41 -0.189429 -0.528803 -0.827337 0.183772 0.80861 -0.558909 0.964545 -0.257915 -0.0559949 93250pq0.dat
1 71 410.513 -506.871 -97.927 -0.189429 -0.528803 -0.827337 0.183772 0.80861 -0.558909 0.964545 -0.257915 -0.0559949 973pq0.dat
1 71 393.591 -480.995 -106.179 -0.189429 -0.528803 -0.827337 0.183772 0.80861 -0.558909 0.964545 -0.257915 -0.0559949 3815pq0.dat
1 71 408.699 -502.451 -115.249 -0.276484 -0.488667 -0.827337 0.318479 0.765239 -0.558909 0.906231 -0.418019 -0.0559949 3818.dat
1 71 402.806 -496.735 -85.247 -0.0966913 -0.553073 -0.827337 0.043552 0.827722 -0.558909 0.993922 -0.0900738 -0.0559949 3819.dat
1 72 409.508 -483.981 -127.225 -0.276484 -0.930415 -0.23944 0.318479 0.145876 -0.936173 0.906231 -0.335128 0.255951 3820.dat
1 72 400.467 -475.211 -81.19 -0.0966913 -0.97595 -0.193904 0.043552 0.190051 -0.980348 0.993922 -0.103271 0.0240939 3820.dat
1 148 450.08 -472.155 -119.004 -0.276484 -0.960448 -0.00709592 0.318479 -0.0850547 -0.94339 0.906231 -0.263134 0.329373 4497.dat
1 71 387.245 -471.29 -109.274 -0.189429 -0.528803 -0.827337 0.183772 0.80861 -0.558909 0.964545 -0.257915 -0.0559949 3816pq0.dat
1 71 387.245 -471.29 -109.274 -0.189429 -0.528803 -0.827337 0.183772 0.80861 -0.558909 0.964545 -0.257915 -0.0559949 3817pq0.dat
1 272 1156.93 -695.037 293.481 0.635306 0.418268 0.649182 -0.0868242 0.873982 -0.478138 -0.767364 0.2474 0.591562 93249pq0.dat
1 71 1156.93 -695.037 293.481 0.635306 0.418268 0.649182 -0.0868242 0.873982 -0.478138 -0.767364 0.2474 0.591562 3626bpq0.dat
1 272 1167.39 -673.186 299.666 0.635306 0.418268 0.649182 -0.0868242 0.873982 -0.478138 -0.767364 0.2474 0.591562 93250pq0.dat
1 71 1168.23 -671.44 300.16 0.635306 0.418268 0.649182 -0.0868242 0.873982 -0.478138 -0.767364 0.2474 0.591562 973pq0.dat
1 71 1181.62 -643.473 308.079 0.635306 0.418268 0.649182 -0.0868242 0.873982 -0.478138 -0.767364 0.2474 0.591562 3815pq0.dat
1 71 1162.11 -662.224 314.322 0.696882 0.303992 0.649182 0.0630552 0.875633 -0.478138 -0.713795 0.37414 0.591562 3818.dat
1 71 1181.87 -664.924 290.453 0.554671 0.519996 0.649182 -0.234099 0.846113 -0.478138 -0.797911 0.113237 0.591562 3819.dat
1 72 1157.49 -641.189 318.947 0.696882 0.673894 0.244049 0.0630552 0.281029 -0.957116 -0.713795 0.682752 0.153717 3820.dat
1 72 1187.81 -645.333 282.325 0.554671 0.826609 0.0913345 -0.234099 0.260158 -0.936245 -0.797911 0.498293 0.338176 3820.dat
1 148 1126.78 -634.213 289.584 0.696882 0.712737 0.0736453 0.0630552 0.0409762 -0.996412 -0.713795 0.699469 -0.01612 4497.dat
1 71 1186.63 -632.984 311.046 0.635306 0.418268 0.649182 -0.0868242 0.873982 -0.478138 -0.767364 0.2474 0.591562 3816pq0.dat
1 71 1186.63 -632.984 311.046 0.635306 0.418268 0.649182 -0.0868242 0.873982 -0.478138 -0.767364 0.2474 0.591562 3817pq0.dat
1 28 535.483 68 -78.5 0.984808 0 -0.173648 0 1 0 0.173648 0 0.984808 3958.dat
1 2 570.237 44 -102.834 0.819153 0 0.573577 0 1 0 -0.573577 0 0.819153 30176.dat
1 2 500.729 44 -54.165 -0.819153 0 -0.573577 0 1 0 0.573577 0 -0.819153 30176.dat
1 28 530.273 -4 -48.955 -0.984808 0 0.173648 0 1 0 -0.173648 0 -0.984808 3684.dat
1 28 540.692 -4 -108.044 0.984808 0 -0.173648 0 1 0 0.173648 0 0.984808 3684.dat
1 28 565.027 -4 -73.29 -0.173648 0 -0.984808 0 1 0 0.984808 0 -0.173648 3684.dat
1 28 505.939 -4 -83.708 0.173648 0 0.984808 0 1 0 -0.984808 0 0.173648 3684.dat
1 72 535.483 -12 -78.5 0.173648 0 0.984808 0 1 0 -0.984808 0 0.173648 60474.dat
1 272 535.483 -36 -78.5 0.173648 0 0.984808 0 1 0 -0.984808 0 0.173648 3003.dat
1 272 535.483 -316 -78.5 0.173648 0 0.984808 0 1 0 -0.984808 0 0.173648 3003.dat
1 484 535.483 -44 -78.5 0.173648 0 0.984808 0 1 0 -0.984808 0 0.173648 3022.dat
1 484 535.483 -172 -78.5 0.173648 0 0.984808 0 1 0 -0.984808 0 0.173648 3022.dat
1 484 535.483 -324 -78.5 0.173648 0 0.984808 0 1 0 -0.984808 0 0.173648 3022.dat
1 0 527.371 -348 -90.084 0.173648 0 0.984808 0 1 0 -0.984808 0 0.173648 3676.dat
1 0 523.898 -348 -70.388 -0.984808 0 0.173648 0 1 0 -0.173648 0 -0.984808 3676.dat
1 297 535.483 -356 -78.5 -0.984808 0 0.173648 0 1 0 -0.173648 0 -0.984808 4150.dat
1 272 535.483 -364 -78.5 -0.984808 0 0.173648 0 1 0 -0.173648 0 -0.984808 87580.dat
1 43 535.483 -370 -78.5 -0.984808 0 0.173648 0 1 0 -0.173648 0 -0.984808 30153.dat
1 297 540.692 -372 -108.044 -0.984808 0 0.173648 0 1 0 -0.173648 0 -0.984808 3048.dat
1 297 530.273 -372 -48.955 0.984808 0 -0.173648 0 1 0 0.173648 0 0.984808 3048.dat
1 297 565.027 -372 -73.29 0.173648 0 0.984808 0 1 0 -0.984808 0 0.173648 3048.dat
1 297 505.939 -372 -83.708 -0.173648 0 -0.984808 0 1 0 0.984808 0 -0.173648 3048.dat
1 0 543.594 -348 -66.915 -0.173648 0 -0.984808 0 1 0 0.984808 0 -0.173648 3676.dat
1 0 547.068 -348 -86.611 0.984808 0 -0.173648 0 1 0 0.173648 0 0.984808 3676.dat
1 19 537.219 -164 -88.348 0.984808 0 -0.173648 0 1 0 0.173648 0 0.984808 2454.dat
1 19 537.219 -292 -88.348 0.984808 0 -0.173648 0 1 0 0.173648 0 0.984808 2454.dat
1 19 533.746 -292 -68.652 0.984808 0 -0.173648 0 1 0 0.173648 0 0.984808 2454.dat
1 19 533.746 -164 -68.652 0.984808 0 -0.173648 0 1 0 0.173648 0 0.984808 2454.dat
1 19 538.956 -232 -98.196 0.984808 -0.173648 0 0 0 -1 0.173648 0.984808 0 4613857f.dat
1 19 538.956 -104 -98.196 0.984808 -0.173648 0 0 0 -1 0.173648 0.984808 0 4613857g.dat
1 71 872.384 -518.594 216.495 0.719847 0.262003 -0.642788 -0.34202 0.939693 0 0.604023 0.219846 0.766044 3034.dat
1 0 824.089 -487.135 175.973 -0.642788 0.262003 -0.719847 0 0.939693 0.34202 0.766044 0.219846 -0.604023 3023.dat
1 71 845.684 -497.396 194.094 0.719847 0.262003 -0.642788 -0.34202 0.939693 0 0.604023 0.219846 0.766044 2444.dat
1 0 862.703 -494.839 208.374 0.719847 0.262003 -0.642788 -0.34202 0.939693 0 0.604023 0.219846 0.766044 2780.dat
1 0 885.622 -441.878 227.604 -0.642788 -0.719847 -0.262003 0 0.34202 -0.939693 0.766044 -0.604023 -0.219846 32524.dat
1 1 894.142 -382.076 234.754 -0.719847 0.642788 -0.262003 0.34202 0 -0.939693 -0.604023 -0.766044 -0.219846 4274.dat
1 0 873.986 -372.499 217.842 0.642788 0.719847 -0.262003 0 -0.34202 -0.939693 -0.766044 0.604023 -0.219846 2566.dat
1 0 833.384 -483.038 183.772 0.719847 0.262003 -0.642788 -0.34202 0.939693 0 0.604023 0.219846 0.766044 2654.dat
1 0 880.491 -547.987 223.3 0.719847 0.262003 -0.642788 -0.34202 0.939693 0 0.604023 0.219846 0.766044 4871.dat
1 0 909.285 -561.668 247.461 -0.642788 0.262003 -0.719847 0 0.939693 0.34202 0.766044 0.219846 -0.604023 43713.dat
1 0 875.39 -537.049 219.019 -0.642788 0.262003 -0.719847 0 0.939693 0.34202 0.766044 0.219846 -0.604023 379421.dat
1 0 873.293 -544.567 217.26 -0.642788 0.262003 -0.719847 0 0.939693 0.34202 0.766044 0.219846 -0.604023 4592.dat
1 0 873.293 -544.567 217.26 -0.642788 -0.323745 -0.694272 0 0.906308 -0.422619 0.766044 -0.271654 -0.582564 4593.dat
1 72 844.715 -548.664 232.442 -0.719847 0.262003 0.642788 0.34202 0.939693 0 -0.604023 0.219846 -0.766044 3460.dat
1 320 905.788 -584.898 205.364 -0.719847 0.262003 0.642788 0.34202 0.939693 0 -0.604023 0.219846 -0.766044 30413.dat
1 320 867.221 -584.898 251.327 0.719847 0.262003 -0.642788 -0.34202 0.939693 0 0.604023 0.219846 0.766044 30413.dat
1 72 883.282 -548.664 186.479 -0.719847 0.262003 0.642788 0.34202 0.939693 0 -0.604023 0.219846 -0.766044 3460.dat
1 72 964.777 -596.547 294.024 -0.642788 0.262003 -0.719847 0 0.939693 0.34202 0.766044 0.219846 -0.604023 43719.dat
1 320 933.887 -590.384 268.104 -0.642788 0.262003 -0.719847 0 0.939693 0.34202 0.766044 0.219846 -0.604023 51739.dat
1 320 934.798 -616.357 268.869 -0.642788 0.262003 -0.719847 0 0.939693 0.34202 0.766044 0.219846 -0.604023 64225.dat
1 0 924.592 -594.481 260.305 -0.642788 0.262003 -0.719847 0 0.939693 0.34202 0.766044 0.219846 -0.604023 3023.dat
1 71 799.364 -508.333 259.658 0.719847 0.262003 -0.642788 -0.34202 0.939693 0 0.604023 0.219846 0.766044 3021.dat
1 71 794.262 -497.396 255.378 -0.642788 0.262003 -0.719847 0 0.939693 0.34202 0.766044 0.219846 -0.604023 2415.dat
1 71 897.108 -497.396 132.81 -0.642788 0.262003 -0.719847 0 0.939693 0.34202 0.766044 0.219846 -0.604023 2415.dat
1 15 888.213 -470.822 125.346 -0.642788 0.262003 -0.719847 0 0.939693 0.34202 0.766044 0.219846 -0.604023 3464.dat
1 15 785.367 -470.822 247.914 -0.642788 0.262003 -0.719847 0 0.939693 0.34202 0.766044 0.219846 -0.604023 3464.dat
1 0 785.367 -470.822 247.914 -0.719847 0.262003 0.642788 0.34202 0.939693 0 -0.604023 0.219846 -0.766044 59895.dat
1 0 888.213 -470.822 125.346 -0.719847 0.262003 0.642788 0.34202 0.939693 0 -0.604023 0.219846 -0.766044 59895.dat
1 71 902.21 -508.333 137.091 0.719847 0.262003 -0.642788 -0.34202 0.939693 0 0.604023 0.219846 0.766044 3021.dat
1 71 867.899 -520.625 121.356 0.642788 0.262003 0.719847 0 0.939693 -0.34202 -0.766044 0.219846 0.604023 3021.dat
1 71 868.179 -565.731 95.482 0.719847 0.262003 -0.642788 -0.34202 0.939693 0 0.604023 0.219846 0.766044 90195.dat
1 71 752.477 -565.731 233.37 -0.719847 0.262003 0.642788 0.34202 0.939693 0 -0.604023 0.219846 -0.766044 90195.dat
1 71 777.909 -520.625 228.601 0.642788 0.262003 0.719847 0 0.939693 -0.34202 -0.766044 0.219846 0.604023 3021.dat
1 0 856.585 -527.466 164.078 -0.719847 0.262003 0.642788 0.34202 0.939693 0 -0.604023 0.219846 -0.766044 3710.dat
1 0 818.017 -527.466 210.04 -0.719847 0.262003 0.642788 0.34202 0.939693 0 -0.604023 0.219846 -0.766044 3710.dat
1 0 841.492 -512.431 190.577 -0.642788 0.262003 -0.719847 0 0.939693 0.34202 0.766044 0.219846 -0.604023 3832.dat
1 320 865.109 -519.948 158.175 -0.642788 0.262003 -0.719847 0 0.939693 0.34202 0.766044 0.219846 -0.604023 3031.dat
1 14 811.513 -532.24 165.42 -0.642788 0.262003 -0.719847 0 0.939693 0.34202 0.766044 0.219846 -0.604023 32064a.dat
1 72 795.417 -513.951 151.915 0.719847 0.262003 -0.642788 -0.34202 0.939693 0 0.604023 0.219846 0.766044 32209.dat
1 0 773.822 -503.69 133.793 -0.642788 0.262003 -0.719847 0 0.939693 0.34202 0.766044 0.219846 -0.604023 30332.dat
1 14 752.226 -493.43 115.673 -0.262003 0.719847 -0.642788 -0.939693 -0.34202 0 -0.219846 0.604023 0.766044 30367b.dat
1 72 799.737 -516.003 155.539 0.642788 0.262003 0.719847 0 0.939693 -0.34202 -0.766044 0.219846 0.604023 60208.dat
1 71 785.339 -509.163 143.458 0.642788 0.262003 0.719847 0 0.939693 -0.34202 -0.766044 0.219846 0.604023 3650b.dat
1 14 854.705 -552.762 201.662 -0.642788 0.262003 -0.719847 0 0.939693 0.34202 0.766044 0.219846 -0.604023 32064a.dat
1 320 826.821 -565.054 178.264 -0.719847 0.262003 0.642788 0.34202 0.939693 0 -0.604023 0.219846 -0.766044 3001.dat
1 72 797.473 -565.731 179.746 0.719847 0.262003 -0.642788 -0.34202 0.939693 0 0.604023 0.219846 0.766044 41854.dat
1 72 823.184 -565.731 149.104 -0.719847 0.262003 0.642788 0.34202 0.939693 0 -0.604023 0.219846 -0.766044 41854.dat
1 71 756.809 -573.248 223.95 -0.642788 0.262003 -0.719847 0 0.939693 0.34202 0.766044 0.219846 -0.604023 3034.dat
1 0 806.136 -580.766 160.908 -0.642788 0.262003 -0.719847 0 0.939693 0.34202 0.766044 0.219846 -0.604023 3022.dat
1 72 811.238 -591.704 165.189 -0.642788 0.262003 -0.719847 0 0.939693 0.34202 0.766044 0.219846 -0.604023 2412b.dat
1 72 790.413 -584.863 160.77 -0.642788 0.262003 -0.719847 0 0.939693 0.34202 0.766044 0.219846 -0.604023 2555.dat
1 72 803.269 -584.863 145.448 -0.642788 0.262003 -0.719847 0 0.939693 0.34202 0.766044 0.219846 -0.604023 2555.dat
1 0 824.579 -601.658 163.33 -0.642788 0.0933566 0.760336 0 -0.992549 0.121868 0.766044 0.0783355 0.637998 55707b.dat
1 0 811.723 -601.658 178.651 -0.642788 0.0933566 0.760336 0 -0.992549 0.121868 0.766044 0.0783355 0.637998 55707b.dat
1 0 771.565 -582.293 144.954 0.719847 0.262003 -0.642788 -0.34202 0.939693 0 0.604023 0.219846 0.766044 2780.dat
1 0 784.421 -582.293 129.633 0.719847 0.262003 -0.642788 -0.34202 0.939693 0 0.604023 0.219846 0.766044 2780.dat
1 71 859.654 -573.248 101.384 -0.642788 0.262003 -0.719847 0 0.939693 0.34202 0.766044 0.219846 -0.604023 3034.dat
1 47 842.127 -597.867 191.109 0.642788 0.262003 0.719847 0 0.939693 -0.34202 -0.766044 0.219846 0.604023 4865a.dat
1 272 935.983 -582.866 269.863 -0.719847 0.262003 0.642788 0.34202 0.939693 0 -0.604023 0.219846 -0.766044 3003.dat
1 320 807.537 -565.054 201.247 -0.719847 0.262003 0.642788 0.34202 0.939693 0 -0.604023 0.219846 -0.766044 6191.dat
1 320 846.105 -565.054 155.283 0.719847 0.262003 -0.642788 -0.34202 0.939693 0 0.604023 0.219846 0.766044 6191.dat
1 0 844.499 -530.886 193.099 -0.642788 0.262003 -0.719847 0 0.939693 0.34202 0.766044 0.219846 -0.604023 3023.dat
1 0 840.307 -545.921 189.582 -0.642788 0.262003 -0.719847 0 0.939693 0.34202 0.766044 0.219846 -0.604023 3023.dat
1 15 842.404 -538.404 191.341 0.642788 0.262003 0.719847 0 0.939693 -0.34202 -0.766044 0.219846 0.604023 32028.dat
1 320 813.686 -519.948 219.459 -0.642788 0.262003 -0.719847 0 0.939693 0.34202 0.766044 0.219846 -0.604023 3031.dat
1 320 754.713 -580.766 222.192 -0.642788 0.262003 -0.719847 0 0.939693 0.34202 0.766044 0.219846 -0.604023 3031.dat
1 320 857.56 -580.766 99.625 -0.642788 0.262003 -0.719847 0 0.939693 0.34202 0.766044 0.219846 -0.604023 3031.dat
1 320 762.263 -519.948 280.743 -0.719847 0.262003 0.642788 0.34202 0.939693 0 -0.604023 0.219846 -0.766044 30565.dat
1 320 703.29 -580.766 283.476 -0.719847 0.262003 0.642788 0.34202 0.939693 0 -0.604023 0.219846 -0.766044 30565.dat
1 15 726.905 -588.283 251.075 -0.719847 0.262003 0.642788 0.34202 0.939693 0 -0.604023 0.219846 -0.766044 4150.dat
1 15 881.175 -588.283 67.224 -0.719847 0.262003 0.642788 0.34202 0.939693 0 -0.604023 0.219846 -0.766044 4150.dat
1 15 726.905 -588.283 251.075 -0.719847 0.262003 0.642788 0.34202 0.939693 0 -0.604023 0.219846 -0.766044 4613857a.dat
1 15 881.175 -588.283 67.224 -0.719847 0.262003 0.642788 0.34202 0.939693 0 -0.604023 0.219846 -0.766044 4613857a.dat
1 320 951.366 -610.905 334.988 -0.719847 0.262003 0.642788 0.34202 0.939693 0 -0.604023 0.219846 -0.766044 30565.dat
1 320 916.532 -519.948 96.892 0.642788 0.262003 0.719847 0 0.939693 -0.34202 -0.766044 0.219846 0.604023 30565.dat
1 320 908.982 -580.766 38.341 0.642788 0.262003 0.719847 0 0.939693 -0.34202 -0.766044 0.219846 0.604023 30565.dat
1 320 1002.79 -610.905 273.705 0.642788 0.262003 0.719847 0 0.939693 -0.34202 -0.766044 0.219846 0.604023 30565.dat
1 320 982.18 -621.843 308.627 0.642788 0.262003 0.719847 0 0.939693 -0.34202 -0.766044 0.219846 0.604023 6239.dat
1 320 994.581 -669.691 316.422 0.719847 -0.642788 -0.262003 -0.34202 0 -0.939693 0.604023 0.766044 -0.219846 4613857b.dat
1 320 992.01 -669.691 319.486 -0.719847 0.642788 -0.262003 0.34202 0 -0.939693 -0.604023 -0.766044 -0.219846 4613857c.dat
1 0 819.897 -502.17 172.455 -0.642788 0.262003 -0.719847 0 0.939693 0.34202 0.766044 0.219846 -0.604023 3023.dat
1 0 863.088 -522.691 208.697 -0.642788 0.262003 -0.719847 0 0.939693 0.34202 0.766044 0.219846 -0.604023 3023.dat
1 0 811.665 -522.691 269.981 -0.642788 0.262003 -0.719847 0 0.939693 0.34202 0.766044 0.219846 -0.604023 3023.dat
1 0 914.511 -522.691 147.414 -0.642788 0.262003 -0.719847 0 0.939693 0.34202 0.766044 0.219846 -0.604023 3023.dat
1 0 900.963 -566.781 188.261 0.719847 -0.642788 -0.262003 -0.34202 0 -0.939693 0.604023 0.766044 -0.219846 4613857d.dat
1 0 849.54 -566.781 249.545 -0.719847 0.642788 -0.262003 0.34202 0 -0.939693 -0.604023 -0.766044 -0.219846 4613857e.dat
1 70 885.975 -616.039 227.9 0.642788 0.262003 0.719847 0 0.939693 -0.34202 -0.766044 0.219846 0.604023 30171.dat
1 72 888.07 -608.521 229.658 0.642788 0.262003 0.719847 0 0.939693 -0.34202 -0.766044 0.219846 0.604023 30170.dat
1 14 885.975 -616.039 227.9 0.642788 0.262003 0.719847 0 0.939693 -0.34202 -0.766044 0.219846 0.604023 3626bpq2.dat
1 308 892.261 -593.486 233.177 0.642788 0.262003 0.719847 0 0.939693 -0.34202 -0.766044 0.219846 0.604023 973pq5.dat
1 28 900.646 -563.416 240.212 0.642788 0.262003 0.719847 0 0.939693 -0.34202 -0.766044 0.219846 0.604023 3815.dat
1 308 884.624 -585.029 247.069 0.677686 -0.290998 0.675011 0.159748 0.95438 0.250735 -0.71718 -0.0623907 0.69369 3818.dat
1 308 904.617 -585.029 223.243 0.588606 -0.111974 0.800365 -0.159748 0.95438 0.250735 -0.791928 -0.275743 0.544299 3819.dat
1 14 868.674 -570.542 242.468 0.677686 0.271497 0.682969 0.159748 0.852016 -0.497477 -0.71718 0.446328 0.534549 3820.dat
1 14 897.316 -570.542 208.333 0.588606 0.486692 0.645024 -0.159748 0.852016 -0.497477 -0.791928 0.189869 0.57977 3820.dat
1 28 903.79 -552.14 242.849 0.642788 -0.715165 0.274526 0 0.358368 0.933581 -0.766044 -0.600095 0.230355 3816.dat
1 28 903.79 -552.14 242.849 0.642788 -0.715165 0.274526 0 0.358368 0.933581 -0.766044 -0.600095 0.230355 3817.dat
0
