0 FILE AT-RT.ldr
0 AT-RT
0 Name: AT-RT.ldr
0 Author: LDraw
0 Unofficial Model
0 ROTATION CENTER 0 0 0 1 "Custom" 
0 ROTATION CONFIG 0 0
1 0 -401.716 8 213.137 0.707107 0 0.707107 0 1 0 -0.707107 0 0.707107 Yoda.ldr
1 0 -279.721 -8 -4.142 0.707107 0 0.707107 0 1 0 -0.707107 0 0.707107 Clone.ldr
1 0 -182.513 -16 -46.361 -0.707107 0 0.707107 0 1 0 -0.707107 0 -0.707107 Droid.ldr
1 0 -60 -40 -150 -0.707107 0 0.707107 0 1 0 -0.707107 0 -0.707107 Part 1.ldr
1 0 -220 -176 210 -0.92388 0 0.382683 0 1 0 -0.382683 0 -0.92388 Part 3.ldr
0
0 FILE Yoda.ldr
0 Yoda
0 Name: Yoda.ldr
0 Author: LDraw
0 Unofficial Model
0 ROTATION CENTER 0 0 0 1 "Custom" 
0 ROTATION CONFIG 0 0
1 378 0 0 0 1 0 0 0 1 0 0 0 1 64804.dat
1 19 0 0 0 1 0 0 0 1 0 0 0 1 973ps6.dat
1 19 0 32 0 1 0 0 0 1 0 0 0 1 41879b.dat
1 19 -15.552 9 0 0.985 -0.17 0 0.17 0.985 0 0 0 1 3818.dat
1 19 15.552 9 0 0.985 0.17 0 -0.17 0.985 0 0 0 1 3819.dat
1 378 -23.8634 26.5956 -10.321 0.985 -0.12019 0.12019 0.17 0.696395 -0.696395 0 0.707 0.707 3820.dat
1 378 23.8634 26.5956 -10.321 0.985 0.12019 -0.12019 -0.17 0.696395 -0.696395 0 0.707 0.707 3820.dat
1 42 -23.1951 22.7236 -33.8217 0.985 -0.0874983 0.14567 0.17 0.506976 -0.844031 0 0.856884 0.514696 577bc01.dat
0
0 FILE Clone.ldr
0 Clone
0 Name: Clone.ldr
0 Author: LDraw
0 Unofficial Model
0 ROTATION CENTER 0 0 0 1 "Custom" 
0 ROTATION CONFIG 0 0
1 15 0 -24 0 1 0 0 0 1 0 0 0 1 11217.dat
1 78 0 -24 0 1 0 0 0 1 0 0 0 1 3626bp01.dat
1 15 0 0 0 1 0 0 0 1 0 0 0 1 973psu.dat
1 0 0 32 0 1 0 0 0 1 0 0 0 1 3815.dat
1 1 -15.552 9 0 0.985 -0.17 0 0.17 0.985 0 0 0 1 3818.dat
1 1 15.552 9 0 0.985 0.17 0 -0.17 0.985 0 0 0 1 3819.dat
1 0 -23.8634 26.5956 -10.321 0.985 -0.12019 0.12019 0.17 0.696395 -0.696395 0 0.707 0.707 3820.dat
1 0 23.8634 26.5956 -10.321 0.985 0.12019 -0.12019 -0.17 0.696395 -0.696395 0 0.707 0.707 3820.dat
1 0 -24.6826 31.3422 -19.2547 0.985 -0.0874983 0.14567 0.17 0.506976 -0.844031 0 0.856884 0.514696 58247.dat
1 15 0 44 0 1 0 0 0 1 0 0 0 1 3816.dat
1 15 0 44 0 1 0 0 0 1 0 0 0 1 3817.dat
0
0 FILE Droid.ldr
0 Droid
0 Name: Droid.ldr
0 Author: LDraw
0 Unofficial Model
0 ROTATION CENTER 0 0 0 1 "Custom" 
0 ROTATION CONFIG 0 0
1 308 -10 16 0 1 0 0 0 1 0 0 0 1 30375.dat
1 308 6 -16 0 1 0 0 0 1 0 0 0 1 30377.dat
1 308 -26 -16 0 1 0 0 0 1 0 0 0 1 59230.dat
1 0 -26 24 0 1 0 0 0 0 -1 0 1 0 58247.dat
1 308 -10 -16 0 1 0 0 0 1 0 0 0 1 98103.dat
1 308 -20 79 0 1 0 0 0 1 0 0 0 1 42687.dat
0
0 FILE Part 1.ldr
0 Part 1
0 Name: Part 1.ldr
0 Author: LDraw
0 Unofficial Model
0 ROTATION CENTER 0 0 0 1 "Custom" 
0 ROTATION CONFIG 0 0
1 70 62.428 40.284 0 0 0 1 0 -1 0 1 0 0 4032b.dat
1 71 62.428 32.284 0 0 0 1 0 -1 0 1 0 0 4733.dat
1 14 80.428 -1.716 0 0 -1 0 0 0 1 -1 0 0 4073.dat
1 72 88.428 -1.716 0 0 -1 0 0 0 1 -1 0 0 4073.dat
1 14 44.428 -1.716 0 0 1 0 0 0 1 1 0 0 4073.dat
1 72 36.428 -1.716 0 0 1 0 0 0 1 1 0 0 4073.dat
1 71 62.428 22.284 24 0 0 1 -1 0 0 0 -1 0 4697b.dat
1 72 76.428 22.284 24 -1 0 0 0 -0.707107 0.707107 0 0.707107 0.707107 30377.dat
1 72 48.428 22.284 24 -1 0 0 0 -0.707107 0.707107 0 0.707107 0.707107 30377.dat
1 72 62.428 -15.072 62.385 1 0 0 0 1 0 0 0 1 Part 2.ldr
1 71 62.428 8.284 0 0 0 -1 0 -1 0 -1 0 0 4733.dat
1 71 62.428 -15.716 0 0 0 -1 0 -1 0 -1 0 0 3957a.dat
1 71 62.428 -23.716 -10 1 0 0 0 -1 0 0 0 -1 4595.dat
1 36 62.428 -33.716 -25 1 0 0 0 0 -1 0 1 0 58176.dat
1 71 44.428 -33.716 -20 0 1 0 -1 0 0 0 0 1 4592.dat
1 0 42.428 -33.716 -20 0 0 -1 -1 0 0 0 1 0 4593.dat
1 71 80.428 -33.716 -20 0 -1 0 1 0 0 0 0 1 4592.dat
1 0 82.428 -33.716 -20 0 0 1 1 0 0 0 1 0 4593.dat
1 70 62.428 -39.716 -10 0 0 -1 0 -1 0 -1 0 0 3023.dat
1 70 62.428 56.284 0 0 0 1 0 -1 0 1 0 0 4032b.dat
1 72 62.428 80.284 0 0 0 1 0 -1 0 1 0 0 30367a.dat
1 72 62.428 -1.716 -21 0 0 1 1 0 0 0 1 0 63965.dat
1 72 62.428 -1.716 -34 0 0 1 1 0 0 0 1 0 3062b.dat
1 80 62.428 48.284 0 -1 0 0 0 -1 0 0 0 1 30033.dat
1 80 105.682 76.503 -43.255 0.707107 0.653281 0.270598 0 -0.382683 0.92388 0.707107 -0.653281 -0.270598 53451.dat
1 148 83.641 48.284 -21.214 0.270598 0.653281 -0.707107 0.92388 -0.382683 0 -0.270598 -0.653281 -0.707107 53989.dat
1 80 62.428 76.503 61.172 -1 0 0 0 -0.382683 0.92388 0 0.92388 0.382683 53451.dat
1 148 62.428 48.284 30 0 0 1 0.92388 -0.382683 0 0.382683 0.92388 0 53989.dat
1 80 19.174 76.503 -43.255 0.707107 -0.653281 -0.270598 0 -0.382683 0.92388 -0.707107 -0.653281 -0.270598 53451.dat
1 148 41.215 48.284 -21.214 -0.270598 -0.653281 -0.707107 0.92388 -0.382683 0 -0.270598 -0.653281 0.707107 53989.dat
1 72 99.641 26.483 37.214 -0.5 -0.5 -0.707107 0.707107 -0.707107 0 -0.5 -0.5 0.707107 63868.dat
1 70 103.641 32.141 41.215 -0.5 -0.5 -0.707107 0.707107 -0.707107 0 -0.5 -0.5 0.707107 2412b.dat
1 72 25.214 26.485 37.213 0.5 0.5 -0.707107 0.707107 -0.707107 0 -0.5 -0.5 -0.707107 63868.dat
1 70 21.214 32.142 41.212 0.5 0.5 -0.707107 0.707107 -0.707107 0 -0.5 -0.5 -0.707107 2412b.dat
0
0 FILE Part 2.ldr
0 Part 2
0 Name: Part 2.ldr
0 Author: LDraw
0 Unofficial Model
0 ROTATION CENTER 0 0 0 1 "Custom" 
0 ROTATION CONFIG 0 0
1 72 0 -8 0 -1 0 0 0 1 0 0 0 -1 47905.dat
1 72 0 -48 0 1 0 0 0 1 0 0 0 1 47905.dat
1 72 0 -56 -30 0 0 -1 0 1 0 1 0 0 3023.dat
1 70 0 -48 -30 -1 0 0 0 1 0 0 0 -1 93273.dat
1 72 0 -8 18 0 0 -1 1 0 0 0 -1 0 3023.dat
1 70 0 -8 10 -1 0 0 0 0 -1 0 -1 0 93273.dat
1 72 0 -38 -26 1 0 0 0 0 -1 0 1 0 54200.dat
1 71 0 -48 -20 1 0 0 0 1 0 0 0 1 4070.dat
1 71 0 -16 0 1 0 0 0 1 0 0 0 1 4073.dat
1 71 0 -24 0 1 0 0 0 1 0 0 0 1 4073.dat
1 71 0 2 -20 0 0 1 1 0 0 0 1 0 4697b.dat
0
0 FILE Part 3.ldr
0 Part 3
0 Name: Part 3.ldr
0 Author: LDraw
0 Unofficial Model
0 ROTATION CENTER 0 0 0 1 "Custom" 
0 ROTATION CONFIG 0 0
1 72 -20 32 0 0 0 1 0 1 0 -1 0 0 4032b.dat
1 72 -20 0 0 0 0 1 0 1 0 -1 0 0 6143.dat
1 0 -20 9 0 0 0 1 1 0 0 0 1 0 3705.dat
1 72 -110 -32 0 0 0 1 0 1 0 -1 0 0 3660.dat
1 72 -40 16 -50 1 0 0 0 1 0 0 0 1 2431.dat
1 72 -40 16 50 1 0 0 0 1 0 0 0 1 2431.dat
1 71 -40 48 50 1 0 0 0 1 0 0 0 1 3710.dat
1 71 -40 48 -50 1 0 0 0 1 0 0 0 1 3710.dat
1 71 -60 24 -50 -1 0 0 0 1 0 0 0 -1 30365.dat
1 71 -92.243 65.543 -50 0.382683 -0.92388 0 -0.92388 -0.382683 0 0 0 -1 Part 4.ldr
1 71 -92.243 65.543 50 0.382683 -0.92388 0 -0.92388 -0.382683 0 0 0 -1 Part 8.ldr
1 71 -107.55 150.279 50 -0.382683 -0.92388 0 -0.92388 0.382683 0 0 0 -1 Part 5.ldr
1 71 -107.55 150.279 -50 -0.382683 -0.92388 0 -0.92388 0.382683 0 0 0 -1 Part 6.ldr
1 71 -50 208.776 -50 -1 0 0 0 1 0 0 0 -1 Part 7.ldr
1 71 -50 208.776 50 -1 0 0 0 1 0 0 0 -1 Part 7.ldr
1 71 -60 24 50 -1 0 0 0 1 0 0 0 -1 30365.dat
1 71 -10 42 72 -1 0 0 0 0 -1 0 -1 0 4073.dat
1 71 -10 42 -72 1 0 0 0 0 -1 0 1 0 4073.dat
1 72 -10 42 80 -1 0 0 0 0 -1 0 -1 0 43898.dat
1 1 -10 42 87 -1 0 0 0 0 -1 0 -1 0 4740.dat
1 72 -10 42 -80 1 0 0 0 0 -1 0 1 0 43898.dat
1 1 -10 42 -87 1 0 0 0 0 -1 0 1 0 4740.dat
1 1 -20 32 -50 1 0 0 0 1 0 0 0 1 2436b.dat
1 1 -20 32 50 -1 0 0 0 1 0 0 0 -1 2436b.dat
1 71 -20 40 0 0 0 -1 0 1 0 1 0 0 32001.dat
1 71 -20 24 0 0 0 -1 0 1 0 1 0 0 32001.dat
1 71 -60 -8 0 -1 0 0 0 1 0 0 0 -1 32001.dat
1 71 -100 -40 0 -1 0 0 0 1 0 0 0 -1 3020.dat
1 71 -120 -64 10 -1 0 0 0 1 0 0 0 -1 48336.dat
1 71 -120 -64 -10 1 0 0 0 1 0 0 0 1 48336.dat
1 71 -120 -56 10 -1 0 0 0 1 0 0 0 -1 44728.dat
1 71 -10 -40 0 0 0 -1 0 1 0 1 0 0 44728.dat
1 71 -10 -80 0 0 0 -1 0 1 0 1 0 0 44728.dat
1 71 36 -20 0 0 -1 0 -1 0 0 0 0 -1 Part 9.ldr
1 1 -142 -112 0 0 0 -1 0 1 0 1 0 0 44728.dat
1 71 -142 -136 10 0 0 -1 0 1 0 1 0 0 4589.dat
1 71 -142 -120 -10 0 0 -1 0 1 0 1 0 0 3957a.dat
1 71 -142 -140 10 0 0 -1 0 1 0 1 0 0 63965.dat
1 71 -142 -152 10 -1 0 0 0 1 0 0 0 -1 41677.dat
1 71 -30 -104 0 -1 0 0 0 1 0 0 0 -1 2555.dat
1 71 -120 -56 -10 1 0 0 0 1 0 0 0 1 44728.dat
1 72 -50 -40 0 0 0 1 0 1 0 -1 0 0 3023.dat
1 72 -30 -96 0 0 0 1 0 1 0 -1 0 0 3794a.dat
1 72 -30 -110 0 0 0.382683 -0.92388 0 0.92388 0.382683 1 0 0 30031.dat
1 72 -90 -64 0 0 0 1 0 1 0 -1 0 0 3023.dat
1 1 -110 -48 0 1 0 0 0 1 0 0 0 1 3021.dat
1 1 -30 -72 0 1 0 0 0 1 0 0 0 1 3021.dat
1 1 -20 -88 10 0 0 -1 0 1 0 1 0 0 92946.dat
1 1 -20 -88 -10 0 0 -1 0 1 0 1 0 0 92946.dat
1 0 -50 -80 0 1 0 0 0 1 0 0 0 1 3021.dat
1 0 -90 -72 0 0 0 -1 0 1 0 1 0 0 85984.dat
1 1 -90 -72 0 0 0 -1 0 1 0 1 0 0 4598.dat
1 1 -40 -64 0 1 0 0 0 1 0 0 0 1 3001.dat
1 1 -60 -56 0 0 0 -1 0 1 0 1 0 0 47755.dat
1 1 -60 -22 -20 0 0.707107 0.707107 0 0.707107 -0.707107 -1 0 0 43093.dat
1 1 -60 -22 20 0 0.707107 -0.707107 0 0.707107 0.707107 1 0 0 43093.dat
1 71 -90 -32 0 0 0 1 0 1 0 -1 0 0 3700.dat
1 71 -60 -32 10 1 0 0 0 1 0 0 0 1 3700.dat
1 71 -60 -32 -10 1 0 0 0 1 0 0 0 1 3700.dat
1 71 -60 -22 -30 0 -0.707107 -0.707107 0 0.707107 -0.707107 1 0 0 6553.dat
1 71 -98.184 19.012 -30 0 -0.707107 -0.707107 0 0.707107 -0.707107 1 0 0 32014.dat
1 71 -60 -22 30 0 -0.707107 -0.707107 0 0.707107 -0.707107 1 0 0 6553.dat
1 71 -98.184 19.012 30 0 -0.707107 -0.707107 0 0.707107 -0.707107 1 0 0 32014.dat
1 72 -20 -32 0 1 0 0 0 1 0 0 0 1 90258.dat
1 72 -120 -36 -24 1 0 0 0 0 -1 0 1 0 30602.dat
1 72 -120 -36 24 -1 0 0 0 0 -1 0 -1 0 30602.dat
0
0 FILE Part 4.ldr
0 Part 4
0 Name: Part 4.ldr
0 Author: LDraw
0 Unofficial Model
0 ROTATION CENTER 0 0 0 1 "Custom" 
0 ROTATION CONFIG 0 0
1 71 -20 0 0 1 0 0 0 1 0 0 0 1 30387.dat
1 1 -40 -8 0 1 0 0 0 1 0 0 0 1 3023.dat
1 72 0 0 0 0 0 -1 0 1 0 1 0 0 61409.dat
1 71 -40 -16 0 1 0 0 0 1 0 0 0 1 3069b.dat
1 72 0 24 0 -1 0 0 0 1 0 0 0 -1 99780.dat
1 1 10 2 30 1 0 0 0 0 1 0 -1 0 4740.dat
1 71 10 2 22 1 0 0 0 0 1 0 -1 0 4073.dat
0
0 FILE Part 5.ldr
0 Part 5
0 Name: Part 5.ldr
0 Author: LDraw
0 Unofficial Model
0 ROTATION CENTER 0 0 0 1 "Custom" 
0 ROTATION CONFIG 0 0
1 71 -20 0 0 1 0 0 0 1 0 0 0 1 30387.dat
1 1 0 -8 0 1 0 0 0 1 0 0 0 1 2436b.dat
1 71 -20 2 -22 -1 0 0 0 0 1 0 1 0 2412b.dat
1 72 20 2 -22 -1 0 0 0 0 1 0 1 0 3794a.dat
1 1 20 2 -30 -1 0 0 0 0 1 0 1 0 4740.dat
1 71 0 -16 0 1 0 0 0 1 0 0 0 1 3069b.dat
1 72 -40 0 0 0 0 1 0 1 0 -1 0 0 61409.dat
0
0 FILE Part 6.ldr
0 Part 6
0 Name: Part 6.ldr
0 Author: LDraw
0 Unofficial Model
0 ROTATION CENTER 0 0 0 1 "Custom" 
0 ROTATION CONFIG 0 0
1 71 -20 0 0 1 0 0 0 1 0 0 0 1 30387.dat
1 71 0 -16 0 1 0 0 0 1 0 0 0 1 3069b.dat
1 1 0 -8 0 -1 0 0 0 1 0 0 0 -1 2436b.dat
1 71 -20 2 22 -1 0 0 0 0 -1 0 -1 0 2412b.dat
1 72 20 2 22 -1 0 0 0 0 -1 0 -1 0 3794a.dat
1 72 -40 0 0 0 0 1 0 1 0 -1 0 0 61409.dat
1 1 20 2 30 -1 0 0 0 0 -1 0 -1 0 4740.dat
0
0 FILE Part 7.ldr
0 Part 7
0 Name: Part 7.ldr
0 Author: LDraw
0 Unofficial Model
0 ROTATION CENTER 0 0 0 1 "Custom" 
0 ROTATION CONFIG 0 0
1 71 -10 24 0 -1 0 0 0 1 0 0 0 -1 3020.dat
1 71 -67.039 15.15 0 0.868199 0.496217 0 -0.496217 0.868199 0 0 0 1 63868.dat
1 71 10 -8 0 -1 0 0 0 1 0 0 0 -1 3069b.dat
1 71 -20 18 32 -1 0 0 0 0 -1 0 -1 0 4073.dat
1 72 10 18 32 0 0 -1 1 0 0 0 -1 0 92946.dat
1 72 -40 18 48 0 0 1 -1 0 0 0 -1 0 50950.dat
1 72 -40 18 -48 0 0 1 1 0 0 0 1 0 50950.dat
1 72 10 18 -32 0 0 -1 -1 0 0 0 1 0 92946.dat
1 72 0 18 -32 -1 0 0 0 0 1 0 1 0 54200.dat
1 72 0 18 32 1 0 0 0 0 1 0 -1 0 54200.dat
1 71 -20 18 -32 1 0 0 0 0 -1 0 1 0 4073.dat
1 71 20 8 0 0 0 -1 0 1 0 1 0 0 44567.dat
1 72 20 0 0 0 0 -1 0 1 0 1 0 0 3794a.dat
1 72 0 0 0 0 0 -1 0 1 0 1 0 0 3794a.dat
1 72 -67.039 15.15 0 0 0.496217 0.868199 0 0.868199 -0.496217 -1 0 0 61409.dat
1 72 -20 0 0 0 0 1 0 1 0 -1 0 0 2540.dat
1 0 0 16 0 1 0 0 0 1 0 0 0 1 3021.dat
1 1 -10 8 -10 1 0 0 0 1 0 0 0 1 2436b.dat
1 1 -10 8 10 -1 0 0 0 1 0 0 0 -1 2436b.dat
0
0 FILE Part 8.ldr
0 Part 8
0 Name: Part 8.ldr
0 Author: LDraw
0 Unofficial Model
0 ROTATION CENTER 0 0 0 1 "Custom" 
0 ROTATION CONFIG 0 0
1 71 -20 0 0 1 0 0 0 1 0 0 0 1 30387.dat
1 1 -40 -8 0 1 0 0 0 1 0 0 0 1 3023.dat
1 72 0 0 0 0 0 -1 0 1 0 1 0 0 61409.dat
1 71 -40 -16 0 1 0 0 0 1 0 0 0 1 3069b.dat
1 72 0 24 0 1 0 0 0 1 0 0 0 1 99780.dat
1 1 10 2 -30 -1 0 0 0 0 1 0 1 0 4740.dat
1 71 10 2 -22 -1 0 0 0 0 1 0 1 0 4073.dat
0
0 FILE Part 9.ldr
0 Part 9
0 Name: Part 9.ldr
0 Author: LDraw
0 Unofficial Model
0 ROTATION CENTER 0 0 0 1 "Custom" 
0 ROTATION CONFIG 0 0
1 71 20 24 0 1 0 0 0 1 0 0 0 1 3020.dat
1 71 40 8 -10 1 0 0 0 1 0 0 0 1 48336.dat
1 71 0 36.951 -43.329 -1 0 0 0 0.382683 0.92388 0 0.92388 -0.382683 Part 11.ldr
1 71 80 36.951 43.329 1 0 0 0 0.382683 0.92388 0 -0.92388 0.382683 Part 12.ldr
1 71 40 8 10 -1 0 0 0 1 0 0 0 -1 48336.dat
1 71 50 0 0 0 0 -1 0 1 0 1 0 0 48336.dat
1 71 122.388 32.906 0 0.766044 -0.642788 0 0.642788 0.766044 0 0 0 1 Part 10.ldr
1 71 10 0 0 0 0 -1 0 1 0 1 0 0 3700.dat
1 71 -30 -16 -10 0 0 1 0 1 0 -1 0 0 Part 13.ldr
1 1 70 -24 0 0 0 1 0 1 0 -1 0 0 6069.dat
1 72 40 16 0 0 0 -1 0 1 0 1 0 0 3022.dat
1 72 30 0 0 0 0 -1 0 1 0 1 0 0 3023.dat
1 72 50 -8 0 0 0 -1 0 1 0 1 0 0 3023.dat
0
0 FILE Part 10.ldr
0 Part 10
0 Name: Part 10.ldr
0 Author: LDraw
0 Unofficial Model
0 ROTATION CENTER 0 0 0 1 "Custom" 
0 ROTATION CONFIG 0 0
1 72 -30 24 0 1 0 0 0 1 0 0 0 1 3022.dat
1 72 -10 8 0 0 0 -1 0 1 0 1 0 0 3022.dat
1 72 -30 0 0 0 0 -1 0 1 0 1 0 0 3022.dat
1 71 -40 -8 0 0 0 -1 0 1 0 1 0 0 2412b.dat
1 1 -40 -16 0 0 0 -1 0 1 0 1 0 0 6069.dat
1 1 -50 18 -30 0 1 0 0.5 0 0.866025 0.866025 0 -0.5 44676.dat
1 1 -50 18 30 0 1 0 -0.488621 0 0.872496 0.872496 0 0.488621 44676.dat
1 0 -40 8 0 0 0 1 0 1 0 -1 0 0 60470b.dat
1 72 -30 16 -10 1 0 0 0 1 0 0 0 1 2540.dat
1 72 -30 16 10 -1 0 0 0 1 0 0 0 -1 2540.dat
0
0 FILE Part 11.ldr
0 Part 11
0 Name: Part 11.ldr
0 Author: LDraw
0 Unofficial Model
0 ROTATION CENTER 0 0 0 1 "Custom" 
0 ROTATION CONFIG 0 0
1 71 -50 0 0 0 0 1 0 1 0 -1 0 0 63868.dat
1 71 -40 22 20 1 0 0 0 0 1 0 -1 0 44728.dat
1 71 -30 0 0 0 0 1 0 1 0 -1 0 0 63868.dat
1 1 -30 -8 10 0 0 -1 0 1 0 1 0 0 2450.dat
1 1 -50 -16 10 0 0 -1 0 1 0 1 0 0 63864.dat
0
0 FILE Part 12.ldr
0 Part 12
0 Name: Part 12.ldr
0 Author: LDraw
0 Unofficial Model
0 ROTATION CENTER 0 0 0 1 "Custom" 
0 ROTATION CONFIG 0 0
1 71 -50 0 0 0 0 1 0 1 0 -1 0 0 63868.dat
1 71 -40 22 20 1 0 0 0 0 1 0 -1 0 44728.dat
1 71 -30 0 0 0 0 1 0 1 0 -1 0 0 63868.dat
1 1 -50 -8 10 -1 0 0 0 1 0 0 0 -1 2450.dat
1 1 -30 -16 10 0 0 -1 0 1 0 1 0 0 63864.dat
0
0 FILE Part 13.ldr
0 Part 13
0 Name: Part 13.ldr
0 Author: LDraw
0 Unofficial Model
0 ROTATION CENTER 0 0 0 1 "Custom" 
0 ROTATION CONFIG 0 0
1 71 -10 16 0 1 0 0 0 1 0 0 0 1 6541.dat
1 71 -10 -46 20 0 -1 0 1 0 0 0 0 1 2714.dat
1 71 -10 -40 0 -1 0 0 0 1 0 0 0 -1 4085c.dat
1 71 8 2 0 0 -1 0 -1 0 0 0 0 -1 4073.dat
1 71 -28 2 0 0 1 0 -1 0 0 0 0 1 4073.dat
1 72 -10 -8 0 0 0 1 0 1 0 -1 0 0 47905.dat
1 72 -10 26 20 0 -1 0 0 0 1 -1 0 0 32013.dat
1 72 -10 -32 0 0 0 1 0 1 0 -1 0 0 3062b.dat
1 1 -10 26 20 0 0 -1 0 1 0 1 0 0 6558.dat
0
0
