0 FILE Battle of Hoth.ldr
0 Battle of Hoth
0 Name: Battle of Hoth.ldr
0 Author: LDraw
0 Unofficial Model
0 ROTATION CENTER 0 0 0 1 "Custom" 
0 ROTATION CONFIG 0 0
1 0 -279.576 -8 300.251 0.382683 0 0.92388 0 1 0 -0.92388 0 0.382683 Gen Reiken.ldr
1 0 -511.548 -8 745.507 0.382683 0 0.92388 0 1 0 -0.92388 0 0.382683 Hoth Rebel.ldr
1 0 -472.985 -8 640.35 0.382683 0 0.92388 0 1 0 -0.92388 0 0.382683 Rebel 2.ldr
1 0 -376.573 -8 573.225 0.382683 0 0.92388 0 1 0 -0.92388 0 0.382683 Luke.ldr
1 0 -458 -8 -162 -0.382683 0 0.92388 0 1 0 -0.92388 0 -0.382683 Snowtrooper.ldr
1 0 -478 -8 -252 -0.382683 0 0.92388 0 1 0 -0.92388 0 -0.382683 Snowtrooper.ldr
1 0 -200 -24 880 0.92388 0 -0.382683 0 1 0 0.382683 0 0.92388 Part 1.ldr
1 0 -188.583 -24 -265.696 0.707107 0 0.707107 0 1 0 -0.707107 0 0.707107 Part 4.ldr
1 0 -254 -50 516 1 0 0 0 1 0 0 0 1 Part 5.ldr
1 0 -450 40 180 -1 0 0 0 1 0 0 0 -1 Part 6.ldr
1 0 -574.089 -32 249.44 0.92388 0 0.382683 0 1 0 -0.382683 0 0.92388 Part 7.ldr
1 0 -82.079 48 61.704 -0.382683 0 -0.92388 0 1 0 0.92388 0 -0.382683 Part 8.ldr
1 0 60 24 660 0.382683 0 0.92388 0 1 0 -0.92388 0 0.382683 Part 11.ldr
0
0 FILE Gen Reiken.ldr
0 Gen Reiken
0 Name: Gen Reiken.ldr
0 Author: LDraw
0 Unofficial Model
0 ROTATION CENTER 0 0 0 1 "Custom" 
0 ROTATION CONFIG 0 0
1 72 0 -24 0 1 0 0 0 1 0 0 0 1 99930.dat
1 19 57 51 0 1 0 0 0 1 0 0 0 1 87555c01.dat
1 78 0 -24 0 1 0 0 0 1 0 0 0 1 3626bp01.dat
1 28 0 0 0 1 0 0 0 1 0 0 0 1 973.dat
1 28 0 32 0 1 0 0 0 1 0 0 0 1 3815.dat
1 28 -15.552 9 0 0.985 -0.17 0 0.17 0.985 0 0 0 1 3818.dat
1 28 15.552 9 0 0.985 0.17 0 -0.17 0.985 0 0 0 1 3819.dat
1 15 -23.8634 26.5956 -10.321 0.985 -0.12019 0.12019 0.17 0.696395 -0.696395 0 0.707 0.707 3820.dat
1 0 -24.288 36.825 -13.821 -0.161693 -0.0158297 0.986331 0.860772 0.485853 0.149138 -0.481718 0.873474 -0.0645792 92738.dat
1 15 23.8634 26.5956 -10.321 0.985 0.12019 -0.12019 -0.17 0.696395 -0.696395 0 0.707 0.707 3820.dat
1 28 0 44 0 1 0 0 0 1 0 0 0 1 3816.dat
1 28 0 44 0 1 0 0 0 1 0 0 0 1 3817.dat
0
0 FILE Hoth Rebel.ldr
0 Hoth Rebel
0 Name: Hoth Rebel.ldr
0 Author: LDraw
0 Unofficial Model
0 
0 ROTATION CENTER 0 0 0 1 "Custom" 
0 ROTATION CONFIG 0 0
1 19 0 -26 0 1 0 0 0 1 0 0 0 1 87555c01.dat
1 78 0 -26 0 1 0 0 0 1 0 0 0 1 3626bp01.dat
1 15 0 0 0 1 0 0 0 1 0 0 0 1 2524.dat
1 19 0 0 0 1 0 0 0 1 0 0 0 1 973.dat
1 28 0 32 0 1 0 0 0 1 0 0 0 1 3815.dat
1 19 -15.552 9 0 0.985 -0.17 0 0.17 0.985 0 0 0 1 3818.dat
1 19 15.552 9 0 0.985 0.17 0 -0.17 0.985 0 0 0 1 3819.dat
1 15 -23.8634 26.5956 -10.321 0.985 -0.12019 0.12019 0.17 0.696395 -0.696395 0 0.707 0.707 3820.dat
1 15 23.8634 26.5956 -10.321 0.985 0.12019 -0.12019 -0.17 0.696395 -0.696395 0 0.707 0.707 3820.dat
1 0 -23.1951 22.7236 -33.8217 0.985 -0.0874983 0.14567 0.17 0.506976 -0.844031 0 0.856884 0.514696 57899.dat
1 28 0 44 0 1 0 0 0 1 0 0 0 1 3816.dat
1 28 0 44 0 1 0 0 0 1 0 0 0 1 3817.dat
0
0 FILE Rebel 2.ldr
0 Rebel 2
0 Name: Rebel 2.ldr
0 Author: LDraw
0 Unofficial Model
0 ROTATION CENTER 0 0 0 1 "Custom" 
0 ROTATION CONFIG 0 0
1 19 0 -26 0 1 0 0 0 1 0 0 0 1 87555c01.dat
1 78 0 -26 0 1 0 0 0 1 0 0 0 1 3626bp01.dat
1 19 0 0 0 1 0 0 0 1 0 0 0 1 973.dat
1 15 0 0 0 1 0 0 0 1 0 0 0 1 2524.dat
1 28 0 32 0 1 0 0 0 1 0 0 0 1 3815.dat
1 19 -15.552 9 0 0.985 -0.17 0 0.17 0.985 0 0 0 1 3818.dat
1 19 15.552 9 0 0.985 0.17 0 -0.17 0.985 0 0 0 1 3819.dat
1 15 -23.8634 26.5956 -10.321 0.985 -0.12019 0.12019 0.17 0.696395 -0.696395 0 0.707 0.707 3820.dat
1 15 23.8634 26.5956 -10.321 0.985 0.12019 -0.12019 -0.17 0.696395 -0.696395 0 0.707 0.707 3820.dat
1 0 -23.1951 22.7236 -33.8217 0.985 -0.0874983 0.14567 0.17 0.506976 -0.844031 0 0.856884 0.514696 57899.dat
1 28 0 44 0 1 0 0 0 1 0 0 0 1 3816.dat
1 28 0 44 0 1 0 0 0 1 0 0 0 1 3817.dat
0
0 FILE Luke.ldr
0 Luke
0 Name: Luke.ldr
0 Author: LDraw
0 Unofficial Model
0 ROTATION CENTER 0 0 0 1 "Custom" 
0 ROTATION CONFIG 0 0
1 15 0 -24 0 1 0 0 0 1 0 0 0 1 30370ps2.dat
1 78 0 -24 0 1 0 0 0 1 0 0 0 1 3626bp01.dat
1 25 0 0 0 1 0 0 0 1 0 0 0 1 973pr8.dat
1 71 0 32 0 1 0 0 0 1 0 0 0 1 3815.dat
1 25 -15.552 9 0 0.985 -0.17 0 0.17 0.985 0 0 0 1 3818.dat
1 25 15.552 9 0 0.985 0.17 0 -0.17 0.985 0 0 0 1 3819.dat
1 15 -23.8634 26.5956 -10.321 0.985 -0.12019 0.12019 0.17 0.696395 -0.696395 0 0.707 0.707 3820.dat
1 15 23.8634 26.5956 -10.321 0.985 0.12019 -0.12019 -0.17 0.696395 -0.696395 0 0.707 0.707 3820.dat
1 43 -23.1951 22.7236 -33.8217 0.985 -0.0874983 0.14567 0.17 0.506976 -0.844031 0 0.856884 0.514696 577bc01.dat
1 25 0 44 0 1 0 0 0 1 0 0 0 1 3816.dat
1 25 0 44 0 1 0 0 0 1 0 0 0 1 3817.dat
0
0 FILE Snowtrooper.ldr
0 Snowtrooper
0 Name: Snowtrooper.ldr
0 Author: LDraw
0 Unofficial Model
0 ROTATION CENTER 0 0 0 1 "Custom" 
0 ROTATION CONFIG 0 0
1 0 0 -24 0 1 0 0 0 1 0 0 0 1 3626bp01.dat
1 15 0 0 0 1 0 0 0 1 0 0 0 1 973.dat
1 71 0 32 0 1 0 0 0 1 0 0 0 1 3815.dat
1 15 -15.552 9 0 0.985 -0.17 0 0.17 0.985 0 0 0 1 3818.dat
1 15 15.552 9 0 0.985 0.17 0 -0.17 0.985 0 0 0 1 3819.dat
1 71 -23.8634 26.5956 -10.321 0.985 -0.12019 0.12019 0.17 0.696395 -0.696395 0 0.707 0.707 3820.dat
1 71 23.8634 26.5956 -10.321 0.985 0.12019 -0.12019 -0.17 0.696395 -0.696395 0 0.707 0.707 3820.dat
1 0 -24.6826 31.3422 -19.2547 0.985 -0.0874983 0.14567 0.17 0.506976 -0.844031 0 0.856884 0.514696 58247.dat
1 15 0 44 0 1 0 0 0 1 0 0 0 1 3816.dat
1 15 0 44 0 1 0 0 0 1 0 0 0 1 3817.dat
1 15 0 -24 0 1 0 0 0 1 0 0 0 1 44360.dat
0
0 FILE Part 1.ldr
0 Part 1
0 Name: Part 1.ldr
0 Author: LDraw
0 Unofficial Model
0 ROTATION CENTER 0 0 0 1 "Custom" 
0 ROTATION CONFIG 0 0
1 15 0 8 0 1 0 0 0 1 0 0 0 1 3029.dat
1 15 30 -88 0 1 0 0 0 1 0 0 0 1 3021.dat
1 15 40 -88 -30 -1 0 0 0 1 0 0 0 -1 44301.dat
1 15 40 -88 30 -1 0 0 0 1 0 0 0 -1 44301.dat
1 15 20 -24 30 1 0 0 0 1 0 0 0 1 3460.dat
1 15 10 -18.54 87.666 1 0 0 0 0.92388 0.382683 0 -0.382683 0.92388 Part 3.ldr
1 15 -90 -24 30 1 0 0 0 1 0 0 0 1 3623.dat
1 15 20 -24 -30 1 0 0 0 1 0 0 0 1 3460.dat
1 15 -90 -24 -30 1 0 0 0 1 0 0 0 1 3623.dat
1 15 -110 -16 0 0 0 1 0 1 0 -1 0 0 4855.dat
1 15 -180 -24 0 0 0 1 0 1 0 -1 0 0 43719.dat
1 72 90 0 30 1 0 0 0 1 0 0 0 1 4073.dat
1 72 90 -8 30 1 0 0 0 1 0 0 0 1 4073.dat
1 72 90 0 -30 1 0 0 0 1 0 0 0 1 4073.dat
1 72 90 -8 -30 1 0 0 0 1 0 0 0 1 4073.dat
1 72 0 0 10 0 0 -1 0 1 0 1 0 0 92946.dat
1 72 -40 0 10 0 0 1 0 1 0 -1 0 0 92946.dat
1 72 -30 -40 0 0 0 1 0 1 0 -1 0 0 2432.dat
1 72 -130 -32 0 0 0 -1 0 1 0 1 0 0 3039.dat
1 72 110 -32 0 0 0 -1 0 1 0 1 0 0 2540.dat
1 72 70 -24 0 0 0 -1 0 1 0 1 0 0 99780.dat
1 72 -10 -40 0 0 0 -1 0 1 0 1 0 0 2432.dat
1 71 110 -24 0 0 0 -1 0 1 0 1 0 0 44728.dat
1 71 70 -40 0 0 0 1 0 1 0 -1 0 0 99781.dat
1 71 70 -48 20 0 0 -1 0 1 0 1 0 0 48336.dat
1 71 70 -48 -20 0 0 -1 0 1 0 1 0 0 48336.dat
1 40 40 -72 0 0 0 -1 0 1 0 1 0 0 6238a.dat
1 40 10 -86 0 0 0 1 0 1 0 -1 0 0 30372p79.dat
1 71 92 -26 0 0 -1 0 0 0 1 -1 0 0 60470b.dat
1 15 100 -26 0 0 -1 0 0 0 1 -1 0 0 3069b.dat
1 0 48 -30 0 0 1 0 0 0 1 1 0 0 3069b.dat
1 71 110 -24 40 0 0 -1 0 1 0 1 0 0 44728.dat
1 71 110 -24 -40 0 0 -1 0 1 0 1 0 0 44728.dat
1 72 0 0 -10 0 0 -1 0 1 0 1 0 0 92946.dat
1 72 -40 0 -10 0 0 1 0 1 0 -1 0 0 92946.dat
1 72 50 -16 -30 1 0 0 0 1 0 0 0 1 60477.dat
1 72 50 -16 30 -1 0 0 0 1 0 0 0 -1 60477.dat
1 72 -90 -16 -30 1 0 0 0 1 0 0 0 1 60477.dat
1 72 -80 16 0 1 0 0 0 1 0 0 0 1 11203.dat
1 72 80 16 0 1 0 0 0 1 0 0 0 1 11203.dat
1 72 -90 -16 30 -1 0 0 0 1 0 0 0 -1 60477.dat
1 19 110 -16 0 0 0 -1 0 1 0 1 0 0 3009.dat
1 19 -20 0 30 -1 0 0 0 1 0 0 0 -1 3666.dat
1 19 -20 0 -30 -1 0 0 0 1 0 0 0 -1 3666.dat
1 19 -20 -16 30 -1 0 0 0 1 0 0 0 -1 3666.dat
1 19 -20 -16 -30 -1 0 0 0 1 0 0 0 -1 3666.dat
1 0 -110 -8 0 0 0 1 0 1 0 -1 0 0 3023.dat
1 0 -150 -24 0 0 0 1 0 1 0 -1 0 0 3023.dat
1 0 -150 -32 0 0 0 1 0 1 0 -1 0 0 3023.dat
1 0 110 -40 0 0 0 1 0 1 0 -1 0 0 3743.dat
1 0 135.827 -49.064 0 0 0.92388 0.382683 0 0.382683 -0.92388 -1 0 0 61252.dat
1 0 128.436 -52.126 0 0 0.92388 0.382683 0 0.382683 -0.92388 -1 0 0 2555.dat
1 72 123.5 -58.5 0 0 -0.382683 -0.92388 0 0.92388 -0.382683 1 0 0 95199.dat
1 72 173.579 -73.336 0 0.0654031 0 0.997859 0.997859 0 -0.0654031 0 1 0 30162.dat
1 0 100 -32 -30 1 0 0 0 1 0 0 0 1 3023.dat
1 0 110 -24 -50 1 0 0 0 1 0 0 0 1 54200.dat
1 0 110 -24 50 -1 0 0 0 1 0 0 0 -1 54200.dat
1 0 100 -32 30 1 0 0 0 1 0 0 0 1 3023.dat
1 0 132 -4 -30 0 -1 0 1 0 0 0 0 1 2412b.dat
1 0 132 -4 -50 0 -1 0 1 0 0 0 0 1 2412b.dat
1 0 148 -4 0 0 -1 0 0 0 1 -1 0 0 2584.dat
1 71 154 -4 0 0 -1 0 0 0 1 -1 0 0 2585.dat
1 71 154 -4 30 0 -1 0 0 0 1 -1 0 0 32073.dat
1 0 154 -4 70 0 -1 0 1 0 0 0 0 1 32270.dat
1 0 132 -4 50 0 -1 0 1 0 0 0 0 1 2412b.dat
1 0 132 -4 30 0 -1 0 1 0 0 0 0 1 2412b.dat
1 15 70 -16 0 0 0 -1 0 1 0 1 0 0 3010.dat
1 15 90 -16 0 0 0 -1 0 1 0 1 0 0 92593.dat
1 15 70 -32 0 0 0 -1 0 1 0 1 0 0 92593.dat
1 15 80 -40 30 -1 0 0 0 1 0 0 0 -1 3069b.dat
1 15 80 -40 -30 -1 0 0 0 1 0 0 0 -1 3069b.dat
1 15 20 -48 -30 -1 0 0 0 1 0 0 0 -1 30413.dat
1 15 -60 -48 -30 -1 0 0 0 1 0 0 0 -1 30413.dat
1 15 -60 -48 30 1 0 0 0 1 0 0 0 1 30413.dat
1 15 20 -48 30 1 0 0 0 1 0 0 0 1 30413.dat
1 15 -110 -48 30 1 0 0 0 1 0 0 0 1 3005.dat
1 15 -110 -48 -30 1 0 0 0 1 0 0 0 1 3005.dat
1 15 -130 -48 0 0 0 1 0 1 0 -1 0 0 4858.dat
1 15 -20 -8 0 0 0 -1 0 1 0 1 0 0 3020.dat
1 15 40 -80 0 0 0 -1 0 1 0 1 0 0 3020.dat
1 15 30 -96 0 0 0 -1 0 1 0 1 0 0 2431.dat
1 15 -50 -18.54 -87.666 -1 0 0 0 0.92388 0.382683 0 0.382683 -0.92388 Part 2.ldr
1 14 40 0 0 0 0 -1 0 1 0 1 0 0 3068b.dat
1 14 -80 0 0 0 0 -1 0 1 0 1 0 0 3068b.dat
1 14 -60 -8 -30 1 0 0 0 1 0 0 0 1 44567.dat
1 14 20 -8 -30 1 0 0 0 1 0 0 0 1 44567.dat
1 14 20 -8 30 -1 0 0 0 1 0 0 0 -1 44567.dat
1 14 -60 -8 30 -1 0 0 0 1 0 0 0 -1 44567.dat
1 72 156 -20 5 -0.707107 0.707107 0 0.707107 0.707107 0 0 0 -1 30192.dat
0
0 FILE Part 2.ldr
0 Part 2
0 Name: Part 2.ldr
0 Author: LDraw
0 Unofficial Model
0 ROTATION CENTER 0 0 0 1 "Custom" 
0 ROTATION CONFIG 0 0
0 MLCAD BTG Group name
1 15 -30 32 0 1 0 0 0 1 0 0 0 1 3795.dat
0 MLCAD BTG Group name
1 15 -30 16 0 1 0 0 0 1 0 0 0 1 3795.dat
0 MLCAD BTG Group name
1 19 -30 24 10 1 0 0 0 1 0 0 0 1 3666.dat
0 MLCAD BTG Group name
1 71 -70 24 -10 1 0 0 0 1 0 0 0 1 60471.dat
0 MLCAD BTG Group name
1 71 10 24 -10 1 0 0 0 1 0 0 0 1 60471.dat
0 GROUP 5 Group name
1 71 10 8 -20 -1 0 0 0 1 0 0 0 -1 91988.dat
1 71 -130 0 -20 -1 0 0 0 1 0 0 0 -1 3022.dat
1 25 -130 -8 -30 -1 0 0 0 1 0 0 0 -1 2412b.dat
1 320 -30 -8 -10 -1 0 0 0 1 0 0 0 -1 2412b.dat
1 320 -30 -8 30 -1 0 0 0 1 0 0 0 -1 2412b.dat
1 71 -30 -8 -30 1 0 0 0 1 0 0 0 1 4510.dat
1 71 -80 -22 10 1 0 0 0 1 0 0 0 1 44294.dat
1 71 -40 -22 10 0 0 -1 0 1 0 1 0 0 42610.dat
1 72 -10 -22 10 0 0 -1 0 1 0 1 0 0 59443.dat
1 71 140 -8 10 0 0 -1 0 1 0 1 0 0 2555.dat
1 71 70 -24 10 0 0 -1 0 1 0 1 0 0 30359b.dat
1 72 -90 -8 20 1 0 0 0 1 0 0 0 1 3031.dat
1 72 70 -8 -30 1 0 0 0 1 0 0 0 1 3069b.dat
1 72 30 -8 20 0 0 -1 0 1 0 1 0 0 3020.dat
1 15 -130 0 40 -1 0 0 0 1 0 0 0 -1 41770.dat
1 15 150 0 -20 1 0 0 0 1 0 0 0 1 41770.dat
1 15 30 0 0 -1 0 0 0 1 0 0 0 -1 3832.dat
1 15 -90 -40 30 -1 0 0 0 1 0 0 0 -1 2431.dat
1 15 -100 -46 -20 -0.0741085 0 0.99725 0.99725 0 0.0741085 0 1 0 2335.dat
1 15 30 -40 20 -1 0 0 0 1 0 0 0 -1 4150.dat
1 0 -70 -40 0 0 0 1 0 1 0 -1 0 0 3068b.dat
1 0 -138 -22 10 0 1 0 0 0 -1 -1 0 0 4032b.dat
1 72 210 -14 10 0 1 0 0 0 -1 -1 0 0 4589.dat
1 72 -162 -22 10 0 1 0 0 0 -1 -1 0 0 4588.dat
1 0 -120 -40 0 0 0 1 0 1 0 -1 0 0 3023.dat
1 15 -120 -32 30 -1 0 0 0 1 0 0 0 -1 3040b.dat
1 15 -70 -32 30 -1 0 0 0 1 0 0 0 -1 3039.dat
1 15 30 -32 30 -1 0 0 0 1 0 0 0 -1 3039.dat
1 15 -70 -32 -10 1 0 0 0 1 0 0 0 1 3039.dat
1 15 30 -32 10 1 0 0 0 1 0 0 0 1 3298.dat
1 15 -120 -32 -10 1 0 0 0 1 0 0 0 1 3040b.dat
1 72 -100 -32 30 -1 0 0 0 1 0 0 0 -1 3040b.dat
1 72 -100 -32 -10 1 0 0 0 1 0 0 0 1 3040b.dat
1 72 -120 -48 0 0 0 -1 0 1 0 1 0 0 2540.dat
1 19 -120 -32 10 0 0 -1 0 1 0 1 0 0 6541.dat
1 19 -60 -32 10 0 0 -1 0 1 0 1 0 0 6541.dat
1 15 50 0 50 0 0 -1 0 1 0 1 0 0 47397.dat
1 71 100 0 -40 0 0 1 0 1 0 -1 0 0 43723.dat
1 71 10 8 20 -1 0 0 0 1 0 0 0 -1 91988.dat
1 19 -90 0 20 0 0 1 0 1 0 -1 0 0 3795.dat
1 19 10 0 -30 1 0 0 0 1 0 0 0 1 3666.dat
1 72 -60 0 -30 1 0 0 0 1 0 0 0 1 4073.dat
0
0 FILE Part 3.ldr
0 Part 3
0 Name: Part 3.ldr
0 Author: LDraw
0 Unofficial Model
0 ROTATION CENTER 0 0 0 1 "Custom" 
0 ROTATION CONFIG 0 0
0 MLCAD BTG Group name
1 15 -30 32 0 1 0 0 0 1 0 0 0 1 3795.dat
0 MLCAD BTG Group name
1 15 -30 16 0 1 0 0 0 1 0 0 0 1 3795.dat
0 MLCAD BTG Group name
1 19 -30 24 10 1 0 0 0 1 0 0 0 1 3666.dat
0 MLCAD BTG Group name
1 71 -70 24 -10 1 0 0 0 1 0 0 0 1 60471.dat
0 MLCAD BTG Group name
1 71 10 24 -10 1 0 0 0 1 0 0 0 1 60471.dat
0 GROUP 5 Group name
1 71 -70 8 20 1 0 0 0 1 0 0 0 1 91988.dat
1 71 70 0 -20 1 0 0 0 1 0 0 0 1 3022.dat
1 25 70 -8 -30 1 0 0 0 1 0 0 0 1 2412b.dat
1 320 -30 -8 30 1 0 0 0 1 0 0 0 1 2412b.dat
1 320 -30 -8 -10 1 0 0 0 1 0 0 0 1 2412b.dat
1 71 -30 -8 -30 1 0 0 0 1 0 0 0 1 4510.dat
1 71 20 -22 10 -1 0 0 0 1 0 0 0 -1 44294.dat
1 71 -20 -22 10 0 0 1 0 1 0 -1 0 0 42610.dat
1 72 -50 -22 10 0 0 1 0 1 0 -1 0 0 59443.dat
1 71 -200 -8 10 0 0 1 0 1 0 -1 0 0 2555.dat
1 71 -130 -24 10 0 0 1 0 1 0 -1 0 0 30359b.dat
1 72 30 -8 20 -1 0 0 0 1 0 0 0 -1 3031.dat
1 72 -130 -8 -30 -1 0 0 0 1 0 0 0 -1 3069b.dat
1 72 -90 -8 20 0 0 1 0 1 0 -1 0 0 3020.dat
1 15 70 0 40 -1 0 0 0 1 0 0 0 -1 41769.dat
1 15 -210 0 -20 1 0 0 0 1 0 0 0 1 41769.dat
1 15 -90 0 0 1 0 0 0 1 0 0 0 1 3832.dat
1 15 30 -40 30 1 0 0 0 1 0 0 0 1 2431.dat
1 15 40 -46 20 0.0741085 0 -0.99725 0.99725 0 0.0741085 0 -1 0 2335.dat
1 15 -90 -40 20 1 0 0 0 1 0 0 0 1 4150.dat
1 0 10 -40 0 0 0 -1 0 1 0 1 0 0 3068b.dat
1 0 78 -22 10 0 -1 0 0 0 -1 1 0 0 4032b.dat
1 72 -270 -14 10 0 -1 0 0 0 -1 1 0 0 4589.dat
1 72 102 -22 10 0 -1 0 0 0 -1 1 0 0 4588.dat
1 0 60 -40 0 0 0 -1 0 1 0 1 0 0 3023.dat
1 15 60 -32 -10 1 0 0 0 1 0 0 0 1 3040b.dat
1 15 10 -32 -10 1 0 0 0 1 0 0 0 1 3039.dat
1 15 -90 -32 30 -1 0 0 0 1 0 0 0 -1 3039.dat
1 15 10 -32 30 -1 0 0 0 1 0 0 0 -1 3039.dat
1 15 -90 -32 10 1 0 0 0 1 0 0 0 1 3298.dat
1 15 60 -32 30 -1 0 0 0 1 0 0 0 -1 3040b.dat
1 72 40 -32 -10 1 0 0 0 1 0 0 0 1 3040b.dat
1 72 40 -32 30 -1 0 0 0 1 0 0 0 -1 3040b.dat
1 72 60 -48 0 0 0 1 0 1 0 -1 0 0 2540.dat
1 19 60 -32 10 0 0 1 0 1 0 -1 0 0 6541.dat
1 19 0 -32 10 0 0 1 0 1 0 -1 0 0 6541.dat
1 15 -110 0 50 0 0 1 0 1 0 -1 0 0 47398.dat
1 71 -160 0 -40 0 0 -1 0 1 0 1 0 0 43722.dat
1 71 -70 8 -20 1 0 0 0 1 0 0 0 1 91988.dat
1 19 30 0 20 0 0 -1 0 1 0 1 0 0 3795.dat
1 19 -70 0 -30 -1 0 0 0 1 0 0 0 -1 3666.dat
1 72 0 0 -30 -1 0 0 0 1 0 0 0 -1 4073.dat
0
0 FILE Part 4.ldr
0 Part 4
0 Name: Part 4.ldr
0 Author: LDraw
0 Unofficial Model
0 ROTATION CENTER 0 0 0 1 "Custom" 
0 ROTATION CONFIG 0 0
1 15 0 -8 0 0 0 1 0 1 0 -1 0 0 30187c05.dat
1 72 -10 -16 0 0 0 1 0 1 0 -1 0 0 2412b.dat
1 72 -114 23 0 0 0 1 0 1 0 -1 0 0 3022.dat
1 47 -114 32 0 0 0 1 0 1 0 -1 0 0 2654.dat
1 72 -244 9 10 0 -1 0 -1 0 0 0 0 -1 41677.dat
1 15 -124 -1 10 0 0 1 0 1 0 -1 0 0 4070.dat
1 15 -124 -1 -10 0 0 1 0 1 0 -1 0 0 4070.dat
1 15 -272 9 -10 0 1 0 -0.92388 0 0.382683 0.382683 0 0.92388 30259.dat
1 15 -272 9 10 0 1 0 0.92388 0 0.382683 0.382683 0 -0.92388 30259.dat
1 15 -104 -1 0 0 0 -1 0 1 0 1 0 0 4623.dat
1 15 -104 -17 0 0 0 1 0 1 0 -1 0 0 47456.dat
1 72 -104 7 10 0 0 1 0 1 0 -1 0 0 4073.dat
1 72 -104 7 -10 0 0 1 0 1 0 -1 0 0 4073.dat
1 72 10 -16 0 0 0 1 0 1 0 -1 0 0 3794a.dat
1 15 10 -16 0 0 0 1 0 1 0 -1 0 0 2524.dat
1 0 0 27 -27 1 0 0 0 1 0 0 0 1 2555.dat
1 0 -64 23 -30 0 0 1 1 0 0 0 1 0 4349.dat
1 72 0 38 -27 -1 0 0 0 1 0 0 0 -1 99774.dat
1 0 0 27 27 1 0 0 0 1 0 0 0 1 2555.dat
1 72 0 38 27 -1 0 0 0 1 0 0 0 -1 99774.dat
1 0 -94 15 0 0 0 1 0 1 0 -1 0 0 4600.dat
1 0 -264 9 -10 0 0 -1 0.382683 0.92388 0 0.92388 -0.382683 0 3849.dat
1 0 -264 9 10 0 0 -1 -0.382683 0.92388 0 0.92388 0.382683 0 3849.dat
1 0 -81 -22 -16 -1 0 0 0 0 -1 0 -1 0 4599b.dat
1 0 -81 -22 15 1 0 0 0 0 -1 0 1 0 4599b.dat
1 0 -94 19 27 0 0 -1 0 -1 0 -1 0 0 30377.dat
1 0 -94 19 -28 0 0 -1 0 -1 0 -1 0 0 30377.dat
0
0 FILE Part 5.ldr
0 Part 5
0 Name: Part 5.ldr
0 Author: LDraw
0 Unofficial Model
0 ROTATION CENTER 0 0 0 1 "Custom" 
0 ROTATION CONFIG 0 0
1 0 -10 8 0 -1 0 0 0 1 0 0 0 -1 30033.dat
1 0 -10 -32 0 0 0 -1 0 1 0 1 0 0 30033.dat
1 0 -10 -30 -35 0 0 -1 1 0 0 0 -1 0 2555.dat
1 0 -10 -56 0 -1 0 0 0 1 0 0 0 -1 43898.dat
1 47 -10 98 0 -1 0 0 0 1 0 0 0 -1 43898.dat
1 47 -10 26 0 1 0 0 0 -1 0 0 0 -1 3957a.dat
1 0 -10 -64 0 -1 0 0 0 1 0 0 0 -1 4593.dat
1 0 -10 -64 0 -1 0 0 0 1 0 0 0 -1 4592.dat
1 0 -10 -8 0 -1 0 0 0 1 0 0 0 -1 60474.dat
1 0 -10 -16 0 -1 0 0 0 1 0 0 0 -1 60474.dat
1 72 -10 0 0 -1 0 0 0 1 0 0 0 -1 4032b.dat
1 28 -10 -12 0 0 1 0 1 0 0 0 0 -1 6587.dat
1 72 -10 -24 0 -1 0 0 0 1 0 0 0 -1 4032b.dat
1 72 -10 -40 0 -1 0 0 0 1 0 0 0 -1 4032b.dat
1 36 -10 -48 0 -1 0 0 0 1 0 0 0 -1 4073.dat
1 36 -53 -30 0 0 -1 0 1 0 0 0 0 1 4073.dat
1 0 -10 -30 35 0 0 1 1 0 0 0 1 0 2555.dat
1 0 -45 -30 0 0 -1 0 1 0 0 0 0 1 2555.dat
1 0 25 -30 0 0 1 0 1 0 0 0 0 -1 2555.dat
1 36 33 -30 0 0 1 0 1 0 0 0 0 -1 4073.dat
1 0 -10 10 -30 1 0 0 0 0.798636 -0.601815 0 0.601815 0.798636 30377.dat
1 0 -26.412 47.97 0 -0.999229 0 -0.0392598 0.0392598 0 -0.999229 0 -1 0 58367.dat
1 0 -10 10 30 -1 0 0 0 0.798636 -0.601815 0 -0.601815 -0.798636 30377.dat
1 0 -40 10 0 0 0.601815 0.798636 0 0.798636 -0.601815 -1 0 0 30377.dat
1 0 20 10 0 0 -0.601815 -0.798636 0 0.798636 -0.601815 1 0 0 30377.dat
1 0 6.412 47.97 0 0.999229 0 0.0392598 0.0392598 0 -0.999229 0 1 0 58367.dat
0
0 FILE Part 6.ldr
0 Part 6
0 Name: Part 6.ldr
0 Author: LDraw
0 Unofficial Model
0 ROTATION CENTER 0 0 0 1 "Custom" 
0 ROTATION CONFIG 0 0
1 47 10 16 0 1 0 0 0 1 0 0 0 1 4740.dat
1 72 10 8 0 1 0 0 0 1 0 0 0 1 4073.dat
1 72 10 -16 0 0 0 1 0 1 0 -1 0 0 4733.dat
1 72 0 -40 0 1 0 0 0 1 0 0 0 1 2412b.dat
1 72 -10 -22 -18 1 0 0 0 0 -1 0 1 0 4073.dat
1 72 88 -22 0 0 1 0 0 0 -1 -1 0 0 4589.dat
1 72 -10 -22 18 1 0 0 0 0 1 0 -1 0 4073.dat
1 0 0 -32 0 0 0 -1 0 1 0 1 0 0 4595.dat
1 0 56 -22 0 0 0 -1 0 1 0 1 0 0 59443.dat
1 0 80 -22 0 0 1 0 0 0 1 1 0 0 4740.dat
1 71 20 -22 0 0 1 0 0 0 1 1 0 0 30374.dat
1 0 -28 -22 0 0 1 0 -1 0 0 0 0 1 2555.dat
1 0 -34 -23 0 0 0.707107 -0.707107 0 0.707107 0.707107 1 0 0 30031.dat
1 0 -140 -8 101 0 0 -1 0 1 0 1 0 0 87087.dat
1 0 -160 -8 101 0 0 -1 0 1 0 1 0 0 3005.dat
1 0 -150 16 101 -1 0 0 0 1 0 0 0 -1 3023.dat
1 72 -150 -16 101 -1 0 0 0 1 0 0 0 -1 2412b.dat
1 72 -14 -6 0 0 1 0 0 0 -1 -1 0 0 48729.dat
1 0 28 -6 0 0 -1 0 0 0 -1 1 0 0 4592.dat
1 0 -122 1.487 100.721 0 -1 0 0.99725 0 0.0741085 -0.0741085 0 0.99725 2488.dat
1 0 28 -6 0 0 -0.649448 0.760406 0 -0.760406 -0.649448 1 0 0 4593.dat
1 0 10 -6 -18 1 0 0 0 0 -1 0 1 0 4592.dat
1 0 10 -6 -18 1 0 0 0 -0.760406 -0.649448 0 0.649448 -0.760406 4593.dat
1 0 10 -6 18 -1 0 0 0 0 -1 0 -1 0 4592.dat
1 0 10 -6 18 -1 0 0 0 -0.760406 -0.649448 0 -0.649448 0.760406 4593.dat
0
0 FILE Part 7.ldr
0 Part 7
0 Name: Part 7.ldr
0 Author: LDraw
0 Unofficial Model
0 ROTATION CENTER 0 0 0 1 "Custom" 
0 ROTATION CONFIG 0 0
1 19 -80 -56 -90 1 0 0 0 1 0 0 0 1 86057.dat
1 19 -140 -56 -90 1 0 0 0 1 0 0 0 1 86058.dat
1 72 -108 -51 -110 1 0 0 0 1 0 0 0 1 86059.dat
1 71 -110 -48 0 1 0 0 0 1 0 0 0 1 30457c01.dat
1 72 -110 -24 -10 -1 0 0 0 1 0 0 0 -1 4491b.dat
0
0 FILE Part 8.ldr
0 Part 8
0 Name: Part 8.ldr
0 Author: LDraw
0 Unofficial Model
0 ROTATION CENTER 0 0 0 1 "Custom" 
0 ROTATION CONFIG 0 0
1 15 -10 8 0 1 0 0 0 1 0 0 0 1 3035.dat
1 15 -70 -40 10 -1 0 0 0 1 0 0 0 -1 3678b.dat
1 15 -70 -64 -10 -1 0 0 0 1 0 0 0 -1 3039.dat
1 15 50 -64 -10 -1 0 0 0 1 0 0 0 -1 3039.dat
1 15 50 -40 10 -1 0 0 0 1 0 0 0 -1 3678b.dat
1 15 -90 -16 -40 0 0 1 0 1 0 -1 0 0 3831.dat
1 15 -169.979 0 -29.833 0.92388 0 -0.382683 0 1 0 0.382683 0 0.92388 Part 10.ldr
1 15 70 -16 -40 0 0 -1 0 1 0 1 0 0 3830.dat
1 15 168.456 0 -37.486 0.92388 0 0.382683 0 1 0 -0.382683 0 0.92388 Part 9.ldr
1 15 -60 -16 -20 0 0 -1 0 1 0 1 0 0 3004.dat
1 15 40 -16 -20 0 0 -1 0 1 0 1 0 0 3004.dat
1 15 -80 -40 -10 1 0 0 0 1 0 0 0 1 30241.dat
1 15 -60 -40 -10 1 0 0 0 1 0 0 0 1 30241.dat
1 15 40 -40 -10 1 0 0 0 1 0 0 0 1 30241.dat
1 0 40 -64 -30 1 0 0 0 1 0 0 0 1 3837.dat
1 72 60 -63 -30 0.707107 0 -0.707107 0 1 0 0.707107 0 0.707107 3841.dat
1 15 60 -40 -10 1 0 0 0 1 0 0 0 1 30241.dat
0
0 FILE Part 9.ldr
0 Part 9
0 Name: Part 9.ldr
0 Author: LDraw
0 Unofficial Model
0 ROTATION CENTER 0 0 0 1 "Custom" 
0 ROTATION CONFIG 0 0
1 15 -10 8 0 1 0 0 0 1 0 0 0 1 3035.dat
1 15 -90 -16 -40 0 0 1 0 1 0 -1 0 0 3831.dat
1 15 -80 -40 10 1 0 0 0 1 0 0 0 1 4286.dat
1 15 -70 -16 10 -1 0 0 0 1 0 0 0 -1 3039.dat
1 15 0 -16 10 0 0 -1 0 1 0 1 0 0 4286.dat
1 72 -30 -8 0 0 0 -1 0 1 0 1 0 0 61780.dat
1 72 -80 -64 10 0 0 -1 0 1 0 1 0 0 4589.dat
1 72 -80 -88 10 0.707107 0 -0.707107 0 1 0 0.707107 0 0.707107 4733.dat
1 71 -92.728 -78 22.728 0.707107 0.707107 0 0 0 1 0.707107 -0.707107 0 3070b.dat
1 71 -67.272 -78 22.728 0.707107 -0.707107 0 0 0 1 -0.707107 -0.707107 0 3070b.dat
1 71 -67.272 -78 -2.728 -0.707107 -0.707107 0 0 0 1 -0.707107 0.707107 0 3070b.dat
1 71 -92.728 -78 -2.728 -0.707107 0.707107 0 0 0 1 0.707107 0.707107 0 3070b.dat
1 71 -30 -56 0 0 0 -1 0 1 0 1 0 0 87580.dat
1 71 -30 0 0 0 0 -1 0 1 0 1 0 0 87580.dat
1 4 -40 -30 0 0 0 -1 -1 0 0 0 1 0 33078.dat
0
0 FILE Part 10.ldr
0 Part 10
0 Name: Part 10.ldr
0 Author: LDraw
0 Unofficial Model
0 ROTATION CENTER 0 0 0 1 "Custom" 
0 ROTATION CONFIG 0 0
1 15 -10 8 0 1 0 0 0 1 0 0 0 1 3035.dat
1 15 70 -16 -40 0 0 -1 0 1 0 1 0 0 3830.dat
1 15 -80 -16 -20 0 0 -1 0 1 0 1 0 0 3004.dat
1 15 -10 -16 20 -1 0 0 0 1 0 0 0 -1 3001.dat
1 71 -30 -24 30 -1 0 0 0 1 0 0 0 -1 3794a.dat
1 71 -30 -24 10 -1 0 0 0 1 0 0 0 -1 3794a.dat
0 MLCAD BTG Group name
1 71 -10 -38 30 -1 0 0 0 0.92388 0.382683 0 0.382683 -0.92388 87082.dat
0 MLCAD BTG Group name
1 1 -10 -47.239 26.173 0 -1 0 -0.92388 0 0.382683 -0.382683 0 -0.92388 4274.dat
1 71 10 -24 30 -1 0 0 0 1 0 0 0 -1 3794a.dat
1 71 10 -24 10 -1 0 0 0 1 0 0 0 -1 3794a.dat
1 15 -80 -40 10 1 0 0 0 1 0 0 0 1 4286.dat
1 15 60 -40 10 1 0 0 0 1 0 0 0 1 4286.dat
1 72 -30 -32 20 0 0 -1 0 1 0 1 0 0 11458.dat
1 72 10 -32 20 0 0 -1 0 1 0 1 0 0 11458.dat
0 MLCAD BTG Group name
1 72 -10 -60.228 -5.184 0 0 1 0.382683 0.92388 0 -0.92388 0.382683 0 4733.dat
0 MLCAD BTG Group name
1 0 -10 -29.952 -20.786 -1 0 0 0 0.92388 0.382683 0 0.382683 -0.92388 58367.dat
0 MLCAD BTG Group name
1 0 -10 -60.173 20.816 -1 0 0 0 0.382683 -0.92388 0 -0.92388 -0.382683 87617.dat
0 MLCAD BTG Group name
1 0 -10 -67.619 -8.246 -1 0 0 0 0.92388 0.382683 0 0.382683 -0.92388 58367.dat
0 MLCAD BTG Group name
1 0 8 -50.989 -1.358 0 -1 0 0.382683 0 0.92388 -0.92388 0 0.382683 4073.dat
0 MLCAD BTG Group name
1 0 -28 -50.989 -1.358 0 1 0 -0.382683 0 0.92388 0.92388 0 0.382683 4073.dat
0 GROUP 8 Group name
1 15 50 -16 10 -1 0 0 0 1 0 0 0 -1 3039.dat
1 15 -70 -16 10 -1 0 0 0 1 0 0 0 -1 3039.dat
0
0 FILE Part 11.ldr
0 Part 11
0 Name: Part 11.ldr
0 Author: LDraw
0 Unofficial Model
0 ROTATION CENTER 0 0 0 1 "Custom" 
0 ROTATION CONFIG 0 0
1 15 0 32 0 1 0 0 0 1 0 0 0 1 3034.dat
1 15 140 -24 -160 1 0 0 0 1 0 0 0 1 3034.dat
1 15 100 -32 -140 1 0 0 0 1 0 0 0 1 61485.dat
1 15 100 -200 -140 0.382683 0 0.92388 0 1 0 -0.92388 0 0.382683 Her.dat
1 15 240.824 -16 -114.141 0.382683 0 0.92388 0 1 0 -0.92388 0 0.382683 Part 12.ldr
1 72 200 -32 -140 0 0 -1 0 1 0 1 0 0 61780.dat
1 71 200 -80 -140 0 0 -1 0 1 0 1 0 0 87580.dat
1 47 200 -104 -140 1 0 0 0 1 0 0 0 1 3899.dat
1 72 45 -4 -46 0.707107 0.707107 0 0 0 -1 -0.707107 0.707107 0 30304.dat
1 15 160 32 -140 1 0 0 0 1 0 0 0 1 3035.dat
1 15 140 32 -190 1 0 0 0 1 0 0 0 1 3460.dat
1 15 60 8 10 1 0 0 0 1 0 0 0 1 3004.dat
1 15 70 -16 10 0 0 1 0 1 0 -1 0 0 4286.dat
1 15 70 8 -80 0 0 -1 0 1 0 1 0 0 3010.dat
1 15 140 8 -170 -1 0 0 0 1 0 0 0 -1 3010.dat
1 15 140 -16 -170 -1 0 0 0 1 0 0 0 -1 3010.dat
1 15 70 -16 -20 0 0 1 0 1 0 -1 0 0 3678b.dat
1 15 70 -16 -140 0 0 1 0 1 0 -1 0 0 3678b.dat
1 15 80 -16 -170 1 0 0 0 1 0 0 0 1 3678b.dat
1 15 200 -16 -170 1 0 0 0 1 0 0 0 1 3678b.dat
1 15 210 -16 -140 0 0 -1 0 1 0 1 0 0 3678b.dat
1 71 -40 24 -20 0 0 1 0 1 0 -1 0 0 87580.dat
1 71 -54.142 -8 -20 0.707107 0 0.707107 0 1 0 -0.707107 0 0.707107 2921.dat
1 71 -26.396 -1.827 -33.605 0.707107 -0.653281 -0.270598 0 0.382683 -0.92388 0.707107 0.653281 0.270598 6134.dat
1 0 -23.876 -14.127 -36.124 0.707107 -0.653281 -0.270598 0 0.382683 -0.92388 0.707107 0.653281 0.270598 3068b.dat
1 72 -40 16 -20 0.707107 0 0.707107 0 1 0 -0.707107 0 0.707107 3022.dat
1 72 -32.929 -8 -27.071 0.707107 0 -0.707107 0 1 0 0.707107 0 0.707107 3937.dat
1 72 -40 -8 -5.858 0.707107 0 -0.707107 0 1 0 0.707107 0 0.707107 4589.dat
1 80 -40 -11 -5.858 0.707107 0 -0.707107 0 1 0 0.707107 0 0.707107 93550.dat
1 71 0 24 -60 0 0 1 0 1 0 -1 0 0 87580.dat
1 0 0 16 -60 -0.382683 0 0.92388 0 1 0 -0.92388 0 -0.382683 4079.dat
1 15 30 8 10 1 0 0 0 1 0 0 0 1 30241.dat
1 15 70 -16 -50 0 0 1 0 1 0 -1 0 0 30241.dat
1 15 70 -16 -110 0 0 1 0 1 0 -1 0 0 30241.dat
1 15 70 -16 -80 0 0 -1 0 1 0 1 0 0 3747b.dat
1 15 0 32 -100 0 0 1 0 1 0 -1 0 0 30504.dat
1 15 140 -24 -60 0 0 -1 0 1 0 1 0 0 30504.dat
0
0 FILE Part 12.ldr
0 Part 12
0 Name: Part 12.ldr
0 Author: LDraw
0 Unofficial Model
0 ROTATION CENTER 0 0 0 1 "Custom" 
0 ROTATION CONFIG 0 0
1 28 -30 -44 -140 0 -1 0 1 0 0 0 0 1 6587.dat
1 72 -30 -24 -140 1 0 0 0 1 0 0 0 1 60474.dat
1 72 -30 -40 -140 1 0 0 0 1 0 0 0 1 60474.dat
1 72 16 -14 0 0 1 0 -1 0 0 0 0 1 Part 13.ldr
1 72 -30 -64 -170 -1 0 0 0 1 0 0 0 -1 2877.dat
1 72 -30 -64 -110 1 0 0 0 1 0 0 0 1 2877.dat
1 71 -30 -32 -140 0 0 -1 0 1 0 1 0 0 4032b.dat
1 71 -60 -32 -140 0 0 -1 0 1 0 1 0 0 3023.dat
1 71 0 -32 -140 0 0 -1 0 1 0 1 0 0 3023.dat
1 71 -30 -32 -110 1 0 0 0 1 0 0 0 1 3023.dat
1 71 -30 -32 -170 1 0 0 0 1 0 0 0 1 3023.dat
1 71 -30 -64 -110 -1 0 0 0 1 0 0 0 -1 85984.dat
1 71 -30 -64 -170 1 0 0 0 1 0 0 0 1 85984.dat
0
0 FILE Part 13.ldr
0 Part 13
0 Name: Part 13.ldr
0 Author: LDraw
0 Unofficial Model
0 ROTATION CENTER 0 0 0 1 "Custom" 
0 ROTATION CONFIG 0 0
1 72 40 -32 -140 0 0 -1 0 1 0 1 0 0 3747b.dat
1 72 61.465 -76.311 -140 -0.382683 -0.92388 0 0.92388 -0.382683 0 0 0 1 Part 14.ldr
1 71 40 -56 -140 0 0 -1 0 1 0 1 0 0 32064b.dat
1 71 60 -56 -140 0 0 -1 0 1 0 1 0 0 32064b.dat
1 71 90 -64 -140 -1 0 0 0 1 0 0 0 -1 32001.dat
1 71 130 -24 -140 0 1 0 1 0 0 0 0 -1 61184.dat
1 71 130 36 -140 0 1 0 1 0 0 0 0 -1 61184.dat
1 71 50 -72 -130 1 0 0 0 1 0 0 0 1 92280.dat
1 71 50 -72 -150 1 0 0 0 1 0 0 0 1 92280.dat
1 71 40 -72 -140 0 0 -1 0 1 0 1 0 0 85984.dat
1 71 130 -56 -140 -1 0 0 0 1 0 0 0 -1 44375a.dat
1 72 130 -48 -140 -1 0 0 0 1 0 0 0 -1 4285b.dat
1 72 130 0 -140 1 0 0 0 -1 0 0 0 -1 4589.dat
0
0 FILE Part 14.ldr
0 Part 14
0 Name: Part 14.ldr
0 Author: LDraw
0 Unofficial Model
0 ROTATION CENTER 0 0 0 1 "Custom" 
0 ROTATION CONFIG 0 0
1 71 -30 8 0 1 0 0 0 1 0 0 0 1 4032b.dat
1 71 -20 -8 0 0 0 -1 0 1 0 1 0 0 3023.dat
1 71 -40 -32 10 0 0 1 0 1 0 -1 0 0 50950.dat
1 71 -40 -32 -10 0 0 1 0 1 0 -1 0 0 50950.dat
1 71 -40 -8 0 0 0 1 0 1 0 -1 0 0 99781.dat
1 71 -62 2 0 0 1 0 0 0 1 1 0 0 3839b.dat
1 72 -30 0 -10 1 0 0 0 1 0 0 0 1 60478.dat
1 72 -86 2 0 0 1 0 0 0 -1 -1 0 0 3937.dat
1 71 -85.239 5.827 0 0 0.92388 -0.382683 0 -0.382683 -0.92388 -1 0 0 3938.dat
1 72 -20 -16 -10 1 0 0 0 1 0 0 0 1 4081b.dat
1 72 -20 -16 10 -1 0 0 0 1 0 0 0 -1 4081b.dat
1 72 -30 0 10 1 0 0 0 1 0 0 0 1 60478.dat
0
0
