0 FILE Jabbas Sail Barge 2013.ldr
0 Jabbas Sail Barge 2013
0 Name: Jabbas Sail Barge 2013.ldr
0 Author: R Paluczak
0 Unofficial Model
0 ROTATION CENTER 0 0 0 1 "Custom" 
0 ROTATION CONFIG 0 0
1 0 689 72 211 0 0 1 0 1 0 -1 0 0 Part 1.ldr
1 0 540 62 -359 0 0 1 0 1 0 -1 0 0 R2D2.ldr
1 0 270 32 -249 0 0 1 0 1 0 -1 0 0 Weequay.ldr
1 0 820 32 -149 0 0 1 0 1 0 -1 0 0 Ree Yees.ldr
1 0 270 48 -109 0 0 1 0 1 0 -1 0 0 Max Rebo.ldr
1 0 180 32 -19 0 0 1 0 1 0 -1 0 0 Leia Organa.ldr
1 0 470 16 -219 0 0 1 0 1 0 -1 0 0 Jabba the Hutt.ldr
0
0 FILE Jabba the Hutt.ldr
0 Jabba the Hutt
0 Name: Jabba the Hutt.ldr
0 Author: R Paluczak
0 Unofficial Model
0 ROTATION CENTER 0 0 0 1 "Custom" 
0 ROTATION CONFIG 0 0
1 330 -80 -40 0 0 0 1 0 1 0 -1 0 0 6091.dat
1 330 -90 -32 30 -1 0 0 0 1 0 0 0 -1 87620.dat
1 330 -50 -32 30 0 0 -1 0 1 0 1 0 0 87620.dat
1 330 -40 40 0 1 0 0 0 1 0 0 0 1 3063.dat
1 330 -100 40 0 0 0 1 0 1 0 -1 0 0 3063.dat
1 330 -100 48 30 0 0 1 0 1 0 -1 0 0 3700.dat
1 330 -130 58 30 0 0 -1 0 1 0 1 0 0 40395.dat
0 MLCAD HIDE 1 330 -269 58 90 0 0.707107 -0.707107 -1 0 0 0 0.707107 0.707107 40378.dat
0 MLCAD HIDE 1 330 -379.193 58 149.321 0 0 -1 -1 0 0 0 1 0 40379.dat
1 330 -80 32 20 -1 0 0 0 1 0 0 0 -1 30357.dat
1 330 -60 32 20 0 0 1 0 1 0 -1 0 0 30357.dat
1 330 -70 32 40 1 0 0 0 1 0 0 0 1 3666.dat
1 330 -70 -40 0 -1 0 0 0 1 0 0 0 -1 3069b.dat
1 330 -70 -40 30 -1 0 0 0 1 0 0 0 -1 51739.dat
1 330 -60 -40 0 0 0 -1 0 1 0 1 0 0 6091.dat
1 330 -40 -8 20 -1 0 0 0 1 0 0 0 -1 2420.dat
1 330 -100 -8 20 0 0 1 0 1 0 -1 0 0 2420.dat
1 330 -70 -8 40 1 0 0 0 1 0 0 0 1 3023.dat
1 330 -70 0 30 1 0 0 0 1 0 0 0 1 3020.dat
1 330 -120 0 0 1 0 0 0 1 0 0 0 1 2420.dat
1 330 -20 0 0 0 0 -1 0 1 0 1 0 0 2420.dat
1 330 -70 8 40 1 0 0 0 1 0 0 0 1 3010.dat
1 330 -70 40 -20 1 0 0 0 1 0 0 0 1 3004.dat
1 330 -40 64 0 1 0 0 0 1 0 0 0 1 3063.dat
1 330 -100 64 0 0 0 1 0 1 0 -1 0 0 3063.dat
1 330 -70 64 -20 1 0 0 0 1 0 0 0 1 3004.dat
1 330 -60 48 40 1 0 0 0 1 0 0 0 1 3622.dat
1 330 -40 72 30 1 0 0 0 1 0 0 0 1 3021.dat
1 330 -90 72 30 1 0 0 0 1 0 0 0 1 3022.dat
1 330 -40 40 30 1 0 0 0 1 0 0 0 1 3021.dat
1 330 -90 40 30 1 0 0 0 1 0 0 0 1 3022.dat
1 330 -70 80 30 1 0 0 0 1 0 0 0 1 3795.dat
1 330 -20 48 30 0 0 -1 0 1 0 1 0 0 3004.dat
1 330 -20 8 20 0 0 -1 0 1 0 1 0 0 6541.dat
1 330 -10 16 20 1 0 0 0 0.707107 -0.707107 0 0.707107 0.707107 6128.dat
1 330 -130 16 20 1 0 0 0 0.707107 -0.707107 0 0.707107 0.707107 6127.dat
1 330 -120 8 20 0 0 -1 0 1 0 1 0 0 6541.dat
1 19 -70 -24 0 -1 0 0 0 1 0 0 0 -1 3023.dat
1 19 -70 -8 0 -1 0 0 0 1 0 0 0 -1 3023.dat
1 19 -70 0 0 1 0 0 0 1 0 0 0 1 32028.dat
1 19 -80 8 0 1 0 0 0 1 0 0 0 1 4070.dat
1 19 -60 8 0 1 0 0 0 1 0 0 0 1 4070.dat
1 19 -40 8 0 1 0 0 0 1 0 0 0 1 4070.dat
1 19 -100 8 0 1 0 0 0 1 0 0 0 1 4070.dat
1 19 -70 18 -13.9 -1 0 0 0 0 1 0 1 0 3023.dat
1 19 -70 18 -5.9 0 0 1 1 0 0 0 1 0 93273.dat
1 25 -80 -16 0 -1 0 0 0 1 0 0 0 -1 4073.dat
1 25 -60 -16 0 -1 0 0 0 1 0 0 0 -1 4073.dat
0 
0 
0
0 FILE Leia Organa.ldr
0 Leia Organa
0 Name: Leia Organa.ldr
0 Author: R Paluczak
0 Unofficial Model
0 ROTATION CENTER 0 0 0 1 "Custom" 
0 ROTATION CONFIG 0 0
1 70 0 -27 0 1 0 0 0 1 0 0 0 1 59363.dat
1 78 0 -27 0 1 0 0 0 1 0 0 0 1 3626bp01.dat
1 71 0 0 0 -1 0 0 0 1 0 0 0 -1 42446.dat
1 78 0 0 0 1 0 0 0 1 0 0 0 1 973.dat
1 320 0 32 0 1 0 0 0 1 0 0 0 1 3815.dat
1 78 -15.552 9 0 0.985 -0.17 0 0.17 0.985 0 0 0 1 3818.dat
1 78 15.552 9 0 0.985 0.17 0 -0.17 0.985 0 0 0 1 3819.dat
1 78 -23.8634 26.5956 -10.321 0.985 -0.12019 0.12019 0.17 0.696395 -0.696395 0 0.707 0.707 3820.dat
1 78 23.8634 26.5956 -10.321 0.985 0.12019 -0.12019 -0.17 0.696395 -0.696395 0 0.707 0.707 3820.dat
1 78 0 44 0 1 0 0 0 1 0 0 0 1 3816.dat
1 78 0 44 0 1 0 0 0 1 0 0 0 1 3817.dat
0
0 FILE Max Rebo.ldr
0 Max Rebo
0 Name: Max Rebo.ldr
0 Author: R Paluczak
0 Unofficial Model
0 ROTATION CENTER 0 0 0 1 "Custom" 
0 ROTATION CONFIG 0 0
1 9 0 0 0 1 0 0 0 1 0 0 0 1 85947p01.dat
1 9 0 0 0 1 0 0 0 1 0 0 0 1 973.dat
1 9 0 32 0 1 0 0 0 1 0 0 0 1 41879a.dat
1 9 -15.552 9 0 0.985 -0.17 0 0.17 0.985 0 0 0 1 3818.dat
1 9 15.552 9 0 0.985 0.17 0 -0.17 0.985 0 0 0 1 3819.dat
1 9 -23.8634 26.5956 -10.321 0.985 -0.12019 0.12019 0.17 0.696395 -0.696395 0 0.707 0.707 3820.dat
1 9 23.8634 26.5956 -10.321 0.985 0.12019 -0.12019 -0.17 0.696395 -0.696395 0 0.707 0.707 3820.dat
0
0 FILE Part 1.ldr
0 Part 1
0 Name: Part 1.ldr
0 Author: R Paluczak
0 Unofficial Model
0 ROTATION CENTER 0 0 0 1 "Custom" 
0 ROTATION CONFIG 0 0
1 71 -40 0 -20 0 0 -1 0 1 0 1 0 0 32532.dat
1 71 -40 0 -260 0 0 -1 0 1 0 1 0 0 32532.dat
1 71 -40 0 220 0 0 -1 0 1 0 1 0 0 32532.dat
1 71 -20 0 320 0 0 1 0 1 0 -1 0 0 2444.dat
1 71 -120 0 240 1 0 0 0 1 0 0 0 1 2444.dat
1 71 -120 0 280 1 0 0 0 1 0 0 0 1 2444.dat
1 71 40 0 280 -1 0 0 0 1 0 0 0 -1 2444.dat
1 71 40 0 240 -1 0 0 0 1 0 0 0 -1 2444.dat
1 71 -60 0 320 0 0 1 0 1 0 -1 0 0 2444.dat
1 71 -60 -8 360 0 0 1 0 1 0 -1 0 0 87079.dat
1 71 -20 -8 360 0 0 1 0 1 0 -1 0 0 87079.dat
1 71 10 -8 260 0 0 1 0 1 0 -1 0 0 2431.dat
1 71 -90 -8 260 0 0 1 0 1 0 -1 0 0 2431.dat
1 72 30 -16 80 0 0 -1 0 1 0 1 0 0 47457.dat
1 72 -40 -24 270 0 0 -1 0 1 0 1 0 0 3021.dat
1 72 -40 -24 180 -1 0 0 0 1 0 0 0 -1 3033.dat
1 72 30 -8 300 0 0 1 0 1 0 -1 0 0 4162.dat
1 72 50 -8 300 0 0 1 0 1 0 -1 0 0 4162.dat
1 72 -130 -8 300 0 0 1 0 1 0 -1 0 0 4162.dat
1 72 -110 -8 300 0 0 1 0 1 0 -1 0 0 4162.dat
1 72 -40 -24 60 -1 0 0 0 1 0 0 0 -1 3033.dat
1 72 -40 -24 -60 -1 0 0 0 1 0 0 0 -1 3033.dat
1 72 -40 -24 -180 -1 0 0 0 1 0 0 0 -1 3033.dat
1 72 -40 -24 -380 -1 0 0 0 1 0 0 0 -1 3033.dat
1 72 -40 -24 -500 -1 0 0 0 1 0 0 0 -1 3033.dat
1 72 40 -96 -360 0 0 1 0 1 0 -1 0 0 3020.dat
1 72 10 -120 -420 0 0 1 0 1 0 -1 0 0 3700.dat
1 72 -90 -120 -420 0 0 1 0 1 0 -1 0 0 3700.dat
1 0 -80 -110 -420 1 0 0 0 1 0 0 0 1 2780.dat
1 0 0 -110 -420 1 0 0 0 0.863836 -0.503774 0 0.503774 0.863836 2780.dat
1 0 0 -226.564 -1.775 1 0 0 0 0.863836 -0.503774 0 0.503774 0.863836 Part 5.ldr
1 72 -120 -96 -360 0 0 1 0 1 0 -1 0 0 3020.dat
1 70 0 -32 -360 0 0 1 0 1 0 -1 0 0 87079.dat
1 70 40 -48 -460 0 0 1 0 1 0 -1 0 0 3001.dat
1 70 40 -72 -420 0 0 1 0 1 0 -1 0 0 3003.dat
1 70 -120 -72 -420 0 0 1 0 1 0 -1 0 0 3003.dat
1 70 -110 -72 -450 -1 0 0 0 1 0 0 0 -1 2357.dat
1 70 -90 -72 -490 -1 0 0 0 1 0 0 0 -1 2357.dat
1 70 10 -72 -490 0 0 1 0 1 0 -1 0 0 2357.dat
1 70 30 -72 -450 0 0 1 0 1 0 -1 0 0 2357.dat
1 70 -110 -96 -410 -1 0 0 0 1 0 0 0 -1 2357.dat
1 70 -90 -96 -450 -1 0 0 0 1 0 0 0 -1 2357.dat
1 70 10 -96 -450 0 0 1 0 1 0 -1 0 0 2357.dat
1 70 30 -96 -410 0 0 1 0 1 0 -1 0 0 2357.dat
1 70 -110 -144 -330 -1 0 0 0 1 0 0 0 -1 2357.dat
1 70 -90 -144 -370 -1 0 0 0 1 0 0 0 -1 2357.dat
1 70 10 -144 -370 0 0 1 0 1 0 -1 0 0 2357.dat
1 70 30 -144 -330 0 0 1 0 1 0 -1 0 0 2357.dat
1 70 50 -120 -350 0 0 -1 0 1 0 1 0 0 2357.dat
1 70 -130 -120 -350 1 0 0 0 1 0 0 0 1 2357.dat
1 70 10 -96 -420 0 0 1 0 1 0 -1 0 0 30136.dat
1 70 -90 -96 -420 0 0 1 0 1 0 -1 0 0 30136.dat
1 70 -110 -120 -400 0 0 1 0 1 0 -1 0 0 30136.dat
1 70 -120 -120 -370 1 0 0 0 1 0 0 0 1 30136.dat
1 70 40 -120 -370 1 0 0 0 1 0 0 0 1 30136.dat
1 70 30 -120 -400 0 0 -1 0 1 0 1 0 0 30136.dat
1 70 50 -48 -510 1 0 0 0 1 0 0 0 1 4286.dat
1 70 30 -48 -550 1 0 0 0 1 0 0 0 1 4286.dat
1 70 10 -48 -570 1 0 0 0 1 0 0 0 1 4286.dat
1 70 -90 -48 -570 1 0 0 0 1 0 0 0 1 4286.dat
1 70 -110 -48 -550 1 0 0 0 1 0 0 0 1 4286.dat
1 70 -130 -48 -510 1 0 0 0 1 0 0 0 1 4286.dat
1 70 50 -72 -470 1 0 0 0 1 0 0 0 1 4286.dat
1 70 30 -72 -510 1 0 0 0 1 0 0 0 1 4286.dat
1 70 10 -72 -530 1 0 0 0 1 0 0 0 1 4286.dat
1 70 -90 -72 -530 1 0 0 0 1 0 0 0 1 4286.dat
1 70 -110 -72 -510 1 0 0 0 1 0 0 0 1 4286.dat
1 70 -130 -72 -470 1 0 0 0 1 0 0 0 1 4286.dat
1 70 50 -96 -430 1 0 0 0 1 0 0 0 1 4286.dat
1 70 30 -96 -470 1 0 0 0 1 0 0 0 1 4286.dat
1 70 10 -96 -490 1 0 0 0 1 0 0 0 1 4286.dat
1 70 -90 -96 -490 1 0 0 0 1 0 0 0 1 4286.dat
1 70 -110 -96 -470 1 0 0 0 1 0 0 0 1 4286.dat
1 70 -130 -96 -430 1 0 0 0 1 0 0 0 1 4286.dat
1 70 -40 -64 -440 0 0 -1 0 1 0 1 0 0 Part 4.ldr
1 70 -40 -24 -580 1 0 0 0 1 0 0 0 1 3034.dat
1 70 -120 -48 -460 0 0 1 0 1 0 -1 0 0 3001.dat
1 70 -110 -48 -520 0 0 1 0 1 0 -1 0 0 30136.dat
1 70 30 -48 -520 0 0 1 0 1 0 -1 0 0 30136.dat
1 71 -10 -32 -480 0 0 1 0 1 0 -1 0 0 4162.dat
1 71 -70 -32 -480 0 0 1 0 1 0 -1 0 0 4162.dat
1 19 30 -48 -380 0 0 1 0 1 0 -1 0 0 3010.dat
1 0 -130 -48 -380 0 0 1 0 1 0 -1 0 0 30414.dat
1 0 50 -48 -380 0 0 -1 0 1 0 1 0 0 30414.dat
1 0 -130 -88 -360 0 0 1 0 1 0 -1 0 0 30414.dat
1 0 50 -88 -360 0 0 -1 0 1 0 1 0 0 30414.dat
1 19 -110 -48 -380 0 0 1 0 1 0 -1 0 0 3010.dat
1 19 -110 -88 -360 0 0 1 0 1 0 -1 0 0 3010.dat
1 19 30 -88 -360 0 0 1 0 1 0 -1 0 0 3010.dat
1 19 10 -72 -440 0 0 1 0 1 0 -1 0 0 3010.dat
1 19 -90 -72 -440 0 0 1 0 1 0 -1 0 0 3010.dat
1 19 10 -48 -480 0 0 1 0 1 0 -1 0 0 3008.dat
1 19 -90 -48 -480 0 0 1 0 1 0 -1 0 0 3008.dat
1 70 -80 -32 -360 0 0 1 0 1 0 -1 0 0 87079.dat
1 72 40 -48 -330 -1 0 0 0 1 0 0 0 -1 3700.dat
1 72 -120 -48 -330 -1 0 0 0 1 0 0 0 -1 3700.dat
1 71 -40 -48 -370 -1 0 0 0 1 0 0 0 -1 3298.dat
1 72 -100 -32 -140 -1 0 0 0 1 0 0 0 -1 61780.dat
1 71 -100 -80 -140 -1 0 0 0 1 0 0 0 -1 3068bp51.dat
1 71 -90 -120 -190 -1 0 0 0 1 0 0 0 -1 3665.dat
1 71 10 -120 -190 -1 0 0 0 1 0 0 0 -1 60475.dat
1 71 -90 -168 -100 0 0 -1 0 1 0 1 0 0 30237.dat
1 71 -90 -168 -140 0 0 -1 0 1 0 1 0 0 30237.dat
1 366 -80 -135 -140 0 -1 0 0 0 -1 1 0 0 33057.dat
1 135 -70 -115 -100 1 0 0 0 0 -1 0 1 0 64648.dat
1 71 -90 -120 -50 1 0 0 0 1 0 0 0 1 3665.dat
1 72 -40 -24 -280 -1 0 0 0 1 0 0 0 -1 3030.dat
1 72 -40 -168 -190 -1 0 0 0 1 0 0 0 -1 60596.dat
1 72 30 -16 120 0 0 -1 0 1 0 1 0 0 47457.dat
1 72 -90 -192 200 0 0 -1 0 1 0 1 0 0 47457.dat
1 72 10 -192 200 0 0 1 0 1 0 -1 0 0 47457.dat
1 72 -110 -16 120 0 0 1 0 1 0 -1 0 0 47457.dat
1 72 -110 -16 80 0 0 1 0 1 0 -1 0 0 47457.dat
1 72 30 -16 -160 0 0 -1 0 1 0 1 0 0 47457.dat
1 72 40 -64 -390 -1 0 0 0 1 0 0 0 -1 47457.dat
1 72 -120 -64 -390 -1 0 0 0 1 0 0 0 -1 47457.dat
1 72 -120 -64 -330 1 0 0 0 1 0 0 0 1 47457.dat
1 72 40 -64 -330 1 0 0 0 1 0 0 0 1 47457.dat
1 72 30 -16 -120 0 0 -1 0 1 0 1 0 0 47457.dat
1 72 -110 -16 -120 0 0 1 0 1 0 -1 0 0 47457.dat
1 72 -110 -16 -160 0 0 1 0 1 0 -1 0 0 47457.dat
1 72 20 -8 180 0 0 1 0 1 0 -1 0 0 3020.dat
1 71 -100 -16 170 0 0 1 0 1 0 -1 0 0 3021.dat
1 71 20 -16 170 0 0 1 0 1 0 -1 0 0 3021.dat
1 71 40 0 330 0 0 1 0 1 0 -1 0 0 3021.dat
1 71 -120 0 330 0 0 1 0 1 0 -1 0 0 3021.dat
1 71 20 -16 -30 0 0 1 0 1 0 -1 0 0 3021.dat
1 71 40 -16 20 0 0 1 0 1 0 -1 0 0 98285.dat
1 71 -120 -16 20 0 0 -1 0 1 0 1 0 0 98285.dat
1 71 40 -16 220 0 0 1 0 1 0 -1 0 0 98285.dat
1 71 -40 -24 340 1 0 0 0 1 0 0 0 1 98285.dat
1 71 -20 -149.203 350.556 -1 0 0 0 0.439939 -0.898028 0 -0.898028 -0.439939 Part 8.ldr
1 71 -40 -32 330 1 0 0 0 1 0 0 0 1 3710.dat
1 0 -40 -32 310 1 0 0 0 1 0 0 0 1 3023.dat
1 0 -40 -32 220 1 0 0 0 1 0 0 0 1 3020.dat
1 0 -40 -32 80 1 0 0 0 1 0 0 0 1 87580.dat
1 0 -40 -32 -560 1 0 0 0 1 0 0 0 1 87580.dat
1 0 -40 -176 200 1 0 0 0 1 0 0 0 1 87580.dat
1 0 -100 -40 -100 1 0 0 0 1 0 0 0 1 87580.dat
1 0 10 -84 -166 -1 0 0 0 0 -1 0 -1 0 4528.dat
1 0 -100 -64 -100 0.707107 0 0.707107 0 1 0 -0.707107 0 0.707107 4529.dat
1 9 -100 -56 -98.995 0.707107 0 0.707107 0 1 0 -0.707107 0 0.707107 6254.dat
1 0 -90 -32 160 0 0 -1 0 1 0 1 0 0 2412b.dat
1 0 10 -32 160 0 0 -1 0 1 0 1 0 0 2412b.dat
1 0 -90 -32 0 0 0 -1 0 1 0 1 0 0 2412b.dat
1 0 10 -32 0 0 0 -1 0 1 0 1 0 0 2412b.dat
1 320 -80 -32 40 0 0 -1 0 1 0 1 0 0 3068b.dat
1 288 -80 -32 80 0 0 -1 0 1 0 1 0 0 3068b.dat
1 320 -80 -32 120 0 0 -1 0 1 0 1 0 0 3068b.dat
1 320 0 -32 40 0 0 -1 0 1 0 1 0 0 3068b.dat
1 288 0 -32 80 0 0 -1 0 1 0 1 0 0 3068b.dat
1 320 0 -32 120 0 0 -1 0 1 0 1 0 0 3068b.dat
1 288 -40 -32 40 0 0 -1 0 1 0 1 0 0 3068b.dat
1 28 0 -176 -300 0 0 -1 0 1 0 1 0 0 3068b.dat
1 28 -80 -176 -300 0 0 -1 0 1 0 1 0 0 3068b.dat
1 288 -40 -32 120 0 0 -1 0 1 0 1 0 0 3068b.dat
1 19 30 -48 200 1 0 0 0 1 0 0 0 1 3002.dat
1 19 -110 -48 200 1 0 0 0 1 0 0 0 1 3002.dat
1 19 30 -48 -40 1 0 0 0 1 0 0 0 1 3002.dat
1 19 10 -144 -40 0 0 -1 0 1 0 1 0 0 3039.dat
1 19 10 -144 200 0 0 -1 0 1 0 1 0 0 3039.dat
1 19 -90 -144 200 0 0 1 0 1 0 -1 0 0 3039.dat
1 19 -90 -144 -40 0 0 1 0 1 0 -1 0 0 3039.dat
1 19 10 -144 -300 0 0 -1 0 1 0 1 0 0 3039.dat
1 19 -10 -168 -310 1 0 0 0 1 0 0 0 1 2357.dat
1 71 -80 -168 -300 1 0 0 0 1 0 0 0 1 3003.dat
1 19 -90 -144 -300 0 0 1 0 1 0 -1 0 0 3039.dat
1 19 40 -48 -300 0 0 1 0 1 0 -1 0 0 6232.dat
1 19 10 -96 -300 0 0 1 0 1 0 -1 0 0 3245a.dat
1 19 -40 -120 -290 -1 0 0 0 1 0 0 0 -1 3455.dat
1 19 -40 -168 -30 -1 0 0 0 1 0 0 0 -1 3455.dat
1 19 -90 -144 -120 0 0 1 0 1 0 -1 0 0 3455.dat
1 19 -40 -168 190 -1 0 0 0 1 0 0 0 -1 3455.dat
1 19 -40 -168 210 -1 0 0 0 1 0 0 0 -1 3455.dat
1 19 -90 -96 -300 0 0 1 0 1 0 -1 0 0 3245a.dat
1 19 -120 -48 -300 0 0 1 0 1 0 -1 0 0 6232.dat
1 19 -110 -48 -40 1 0 0 0 1 0 0 0 1 3002.dat
1 19 30 -48 -190 1 0 0 0 1 0 0 0 1 3622.dat
1 19 -110 -48 -190 1 0 0 0 1 0 0 0 1 3622.dat
1 28 10 -48 -260 0 0 -1 0 1 0 1 0 0 3009.dat
1 28 10 -168 -240 0 0 -1 0 1 0 1 0 0 3009.dat
1 28 -40 -120 -310 -1 0 0 0 1 0 0 0 -1 3009.dat
1 19 -40 -120 -330 -1 0 0 0 1 0 0 0 -1 3008.dat
1 71 -40 -144 -330 -1 0 0 0 1 0 0 0 -1 3894.dat
1 28 10 -144 -190 0 0 -1 0 1 0 1 0 0 3040b.dat
1 28 -90 -144 -190 0 0 1 0 1 0 -1 0 0 3040b.dat
1 0 10 -96 -240 0 0 -1 0 1 0 1 0 0 30055.dat
1 0 10 -144 -240 0 0 -1 0 1 0 1 0 0 30055.dat
1 0 -8 -168 -190 -1 0 0 0 1 0 0 0 -1 60621.dat
1 0 -40 -144 -310 -1 0 0 0 1 0 0 0 -1 3701.dat
1 0 -40 -96 -310 -1 0 0 0 1 0 0 0 -1 30055.dat
1 28 -110 -120 -300 0 0 1 0 1 0 -1 0 0 30499.dat
1 28 30 -120 -300 0 0 -1 0 1 0 1 0 0 30499.dat
1 28 30 -120 -40 0 0 -1 0 1 0 1 0 0 30499.dat
1 28 30 -120 200 0 0 -1 0 1 0 1 0 0 30499.dat
1 19 -90 -168 80 0 0 -1 0 1 0 1 0 0 6108.dat
1 28 -110 -120 -40 0 0 1 0 1 0 -1 0 0 30499.dat
1 19 -110 -120 -190 0 0 1 0 1 0 -1 0 0 4460.dat
1 19 30 -120 -190 0 0 -1 0 1 0 1 0 0 4460.dat
1 28 -110 -120 200 0 0 1 0 1 0 -1 0 0 30499.dat
1 57 -110 -32 -90 1 0 0 0 1 0 0 0 1 4073.dat
1 57 -110 -32 -110 1 0 0 0 1 0 0 0 1 4073.dat
1 57 -90 -32 -110 1 0 0 0 1 0 0 0 1 4073.dat
1 57 -90 -32 -90 1 0 0 0 1 0 0 0 1 4073.dat
1 72 -40 -40 250 -1 0 0 0 1 0 0 0 -1 2419.dat
1 72 -40 -40 310 1 0 0 0 1 0 0 0 1 2419.dat
1 0 -40 -48 280 1 0 0 0 1 0 0 0 1 3680.dat
1 0 -40 -56 280 1 0 0 0 1 0 0 0 1 30033.dat
1 72 12.627 -73.799 280 -0.707107 -0.707107 0 0.707107 -0.707107 0 0 0 1 63868.dat
1 72 5.557 -66.729 280 0 -0.707107 0.707107 0 -0.707107 -0.707107 1 0 0 54200.dat
1 57 25.355 -75.214 280 -0.707107 -0.707107 0 0.707107 -0.707107 0 0 0 1 4073.dat
1 19 14.041 -86.526 280 -0.707107 -0.707107 0 0.707107 -0.707107 0 0 0 1 3024.dat
1 72 -92.627 -73.799 280 0.707107 0.707107 0 0.707107 -0.707107 0 0 0 -1 63868.dat
1 72 -85.557 -66.729 280 0 0.707107 -0.707107 0 -0.707107 -0.707107 -1 0 0 54200.dat
1 57 -105.355 -75.214 280 0.707107 0.707107 0 0.707107 -0.707107 0 0 0 -1 4073.dat
1 19 -94.041 -86.526 280 0.707107 0.707107 0 0.707107 -0.707107 0 0 0 -1 3024.dat
1 72 -4.787 -76.627 315.213 -0.5 0.5 0.707107 0.707107 0.707107 0 -0.5 0.5 -0.707107 63868.dat
1 72 -9.787 -69.556 310.214 0.707107 0.5 0.5 0 0.707107 -0.707107 -0.707107 0.5 0.5 54200.dat
1 72 0.214 -83.699 320.213 -0.707107 0.5 -0.5 0 0.707107 0.707107 0.707107 0.5 -0.5 54200.dat
1 72 -75.213 -76.627 315.213 0.5 -0.5 0.707107 0.707107 0.707107 0 -0.5 0.5 0.707107 63868.dat
1 72 -70.214 -69.556 310.213 0.707107 -0.5 -0.5 0 0.707107 -0.707107 0.707107 0.5 0.5 54200.dat
1 72 -80.213 -83.699 320.214 -0.707107 -0.5 0.5 0 0.707107 0.707107 -0.707107 0.5 -0.5 54200.dat
1 72 -77.214 -73.799 242.787 0.5 0.5 0.707107 0.707107 -0.707107 0 0.5 0.5 -0.707107 63868.dat
1 72 -72.214 -66.729 247.787 0.707107 0.5 -0.5 0 -0.707107 -0.707107 -0.707107 0.5 -0.5 54200.dat
1 57 -86.213 -75.214 233.787 0.5 0.5 0.707107 0.707107 -0.707107 0 0.5 0.5 -0.707107 4073.dat
1 19 -78.213 -86.526 241.787 0.5 0.5 0.707107 0.707107 -0.707107 0 0.5 0.5 -0.707107 3024.dat
1 71 -40 -48 280 1 0 0 0 1 0 0 0 1 3679.dat
1 57 -90 -32 230 1 0 0 0 1 0 0 0 1 4073.dat
1 57 10 -32 230 1 0 0 0 1 0 0 0 1 4073.dat
1 0 -20 -32 280 0 0 -1 0 1 0 1 0 0 2429.dat
1 0 -217.989 0 82.01 0.707107 0 -0.707107 0 1 0 0.707107 0 0.707107 Part 3.ldr
1 0 -60 -32 280 0 0 1 0 1 0 -1 0 0 2430.dat
1 0 109.706 0 53.726 -0.707107 0 -0.707107 0 1 0 0.707107 0 -0.707107 Part 2.ldr
1 71 -120 -16 220 0 0 -1 0 1 0 1 0 0 98285.dat
1 71 -120 -16 -80 0 0 -1 0 1 0 1 0 0 98285.dat
1 71 40 -16 -80 0 0 1 0 1 0 -1 0 0 98285.dat
1 71 -100 -16 -30 0 0 1 0 1 0 -1 0 0 3021.dat
1 71 20 -16 -230 0 0 1 0 1 0 -1 0 0 3021.dat
1 71 -120 -16 -280 0 0 -1 0 1 0 1 0 0 98285.dat
1 71 40 -16 -280 0 0 1 0 1 0 -1 0 0 98285.dat
1 71 -100 -16 -230 0 0 1 0 1 0 -1 0 0 3021.dat
1 70 -40 -16 50 1 0 0 0 1 0 0 0 1 4162.dat
1 70 -40 -16 -190 1 0 0 0 1 0 0 0 1 4162.dat
1 70 -40 -16 -330 1 0 0 0 1 0 0 0 1 4162.dat
1 70 -90 -168 170 1 0 0 0 1 0 0 0 1 3062b.dat
1 70 -90 -168 -10 1 0 0 0 1 0 0 0 1 3062b.dat
1 36 50 -48 -210 1 0 0 0 1 0 0 0 1 3062b.dat
1 36 50 -48 -230 1 0 0 0 1 0 0 0 1 3062b.dat
1 36 50 -48 -250 1 0 0 0 1 0 0 0 1 3062b.dat
1 36 50 -48 -270 1 0 0 0 1 0 0 0 1 3062b.dat
1 70 -90 -168 -50 1 0 0 0 1 0 0 0 1 3062b.dat
1 70 -70 -144 -290 1 0 0 0 1 0 0 0 1 3062b.dat
1 70 -10 -144 -290 1 0 0 0 1 0 0 0 1 3062b.dat
1 70 10 -168 -50 1 0 0 0 1 0 0 0 1 3062b.dat
1 70 -20 -48 -310 1 0 0 0 1 0 0 0 1 30136.dat
1 70 -60 -48 -310 1 0 0 0 1 0 0 0 1 30136.dat
1 70 -90 -48 -300 0 0 1 0 1 0 -1 0 0 30136.dat
1 70 -90 -72 -40 0 0 1 0 1 0 -1 0 0 30136.dat
1 70 -90 -96 -40 0 0 1 0 1 0 -1 0 0 30136.dat
1 70 10 -72 -40 0 0 1 0 1 0 -1 0 0 30136.dat
1 70 10 -96 -40 0 0 1 0 1 0 -1 0 0 30136.dat
1 70 10 -120 -40 0 0 1 0 1 0 -1 0 0 30136.dat
1 70 10 -72 200 0 0 1 0 1 0 -1 0 0 30136.dat
1 70 10 -96 200 0 0 1 0 1 0 -1 0 0 30136.dat
1 70 10 -120 200 0 0 1 0 1 0 -1 0 0 30136.dat
1 70 -90 -168 -60 0 0 1 0 1 0 -1 0 0 30136.dat
1 70 -90 -168 -180 0 0 1 0 1 0 -1 0 0 30136.dat
1 70 -90 -72 -190 0 0 1 0 1 0 -1 0 0 3062b.dat
1 70 -90 -96 -190 0 0 1 0 1 0 -1 0 0 3062b.dat
1 70 10 -72 -190 0 0 1 0 1 0 -1 0 0 3062b.dat
1 70 10 -96 -190 0 0 1 0 1 0 -1 0 0 3062b.dat
1 70 -90 -120 210 0 0 1 0 1 0 -1 0 0 3062b.dat
1 70 -90 -72 200 0 0 1 0 1 0 -1 0 0 30136.dat
1 70 -90 -96 200 0 0 1 0 1 0 -1 0 0 30136.dat
1 70 -110 -16 -460 0 0 -1 0 1 0 1 0 0 4162.dat
1 70 30 -16 -460 0 0 -1 0 1 0 1 0 0 4162.dat
1 28 -110 -16 -360 0 0 -1 0 1 0 1 0 0 3069b.dat
1 28 10 -176 -40 0 0 -1 0 1 0 1 0 0 3069b.dat
1 28 10 -208 200 0 0 -1 0 1 0 1 0 0 3069b.dat
1 28 -90 -208 200 0 0 -1 0 1 0 1 0 0 3069b.dat
1 28 -90 -184 80 0 0 -1 0 1 0 1 0 0 3069b.dat
1 28 30 -16 -360 0 0 -1 0 1 0 1 0 0 3069b.dat
1 28 -40 -16 320 0 0 1 0 1 0 -1 0 0 3795.dat
1 28 -10 10 240 1 0 0 0 1 0 0 0 1 6587.dat
1 28 -70 10 240 -1 0 0 0 1 0 0 0 -1 6587.dat
1 28 -30 -16 200 0 0 1 0 1 0 -1 0 0 6636.dat
1 28 -50 -16 200 0 0 1 0 1 0 -1 0 0 6636.dat
1 72 -100 -8 180 0 0 1 0 1 0 -1 0 0 3020.dat
1 72 -40 -8 220 0 0 1 0 1 0 -1 0 0 3034.dat
1 72 20 -8 -20 0 0 1 0 1 0 -1 0 0 3034.dat
1 72 -100 -8 -20 0 0 1 0 1 0 -1 0 0 3034.dat
1 71 -40 8 360 0 0 1 0 1 0 -1 0 0 3031.dat
1 71 -60 0 390 -1 0 0 0 1 0 0 0 -1 99781.dat
1 71 -20 0 390 -1 0 0 0 1 0 0 0 -1 99781.dat
1 71 40 0 370 -1 0 0 0 1 0 0 0 -1 99781.dat
1 71 -120 0 370 -1 0 0 0 1 0 0 0 -1 99781.dat
1 0 -70 0 360 0 0 1 0 1 0 -1 0 0 3023.dat
1 0 -10 0 360 0 0 1 0 1 0 -1 0 0 3023.dat
1 0 -40 0 270 1 0 0 0 1 0 0 0 1 3023.dat
1 4 -40 0 240 1 0 0 0 1 0 0 0 1 2817.dat
1 0 -10 -176 200 0 0 1 0 1 0 -1 0 0 3023.dat
1 0 10 -176 200 0 0 1 0 1 0 -1 0 0 3023.dat
1 0 10 -200 200 0 0 1 0 1 0 -1 0 0 3023.dat
1 0 -90 -200 200 0 0 1 0 1 0 -1 0 0 3023.dat
1 0 -70 -176 200 0 0 1 0 1 0 -1 0 0 3023.dat
1 71 -90 -176 140 0 0 1 0 1 0 -1 0 0 3460.dat
1 71 -130 8 300 0 0 1 0 1 0 -1 0 0 3460.dat
1 71 50 8 300 0 0 1 0 1 0 -1 0 0 3460.dat
1 71 30 8 340 0 0 1 0 1 0 -1 0 0 3710.dat
1 71 -110 8 340 0 0 1 0 1 0 -1 0 0 3710.dat
1 28 -90 -176 0 0 0 1 0 1 0 -1 0 0 6636.dat
1 28 -90 -176 -120 0 0 1 0 1 0 -1 0 0 6636.dat
1 28 -40 -224 -220 0 0 -1 0 1 0 1 0 0 Part 11.ldr
1 28 -40 -176 -190 1 0 0 0 1 0 0 0 1 6636.dat
1 0 20 -16 -310 1 0 0 0 1 0 0 0 1 3023.dat
1 0 -100 -16 -310 1 0 0 0 1 0 0 0 1 3023.dat
1 0 -40 -8 310 1 0 0 0 1 0 0 0 1 3710.dat
1 0 -40 -8 50 1 0 0 0 1 0 0 0 1 3710.dat
1 72 20 -8 -260 0 0 1 0 1 0 -1 0 0 3034.dat
1 72 -100 -8 -260 0 0 1 0 1 0 -1 0 0 3034.dat
1 0 -40 -8 -190 1 0 0 0 1 0 0 0 1 3710.dat
1 0 -40 -8 -330 1 0 0 0 1 0 0 0 1 3710.dat
1 0 30 -8 -440 0 0 -1 0 1 0 1 0 0 4477.dat
1 0 -110 -8 -440 0 0 -1 0 1 0 1 0 0 4477.dat
1 72 -110 0 -440 1 0 0 0 1 0 0 0 1 42023.dat
1 72 30 0 -440 1 0 0 0 1 0 0 0 1 42023.dat
1 0 -20 10 412 -1 0 0 0 0 -1 0 -1 0 2412b.dat
1 0 40 10 392 -1 0 0 0 0 -1 0 -1 0 2412b.dat
1 0 -120 10 392 -1 0 0 0 0 -1 0 -1 0 2412b.dat
1 0 -60 10 412 -1 0 0 0 0 -1 0 -1 0 2412b.dat
1 72 -110 0 -140 0 0 -1 0 1 0 1 0 0 3895.dat
1 72 -110 0 100 0 0 -1 0 1 0 1 0 0 3895.dat
1 0 -100 10 -80 -1 0 0 0 1 0 0 0 -1 2780.dat
1 0 -100 10 -40 -1 0 0 0 1 0 0 0 -1 2780.dat
1 0 -100 10 -240 -1 0 0 0 1 0 0 0 -1 2780.dat
1 0 -100 10 -200 -1 0 0 0 1 0 0 0 -1 2780.dat
1 0 20 10 -240 -1 0 0 0 1 0 0 0 -1 2780.dat
1 0 20 10 -200 -1 0 0 0 1 0 0 0 -1 2780.dat
1 0 20 10 -80 -1 0 0 0 1 0 0 0 -1 2780.dat
1 0 20 10 -40 -1 0 0 0 1 0 0 0 -1 2780.dat
1 0 20 10 0 -1 0 0 0 1 0 0 0 -1 2780.dat
1 0 20 10 40 -1 0 0 0 1 0 0 0 -1 2780.dat
1 0 20 10 160 -1 0 0 0 1 0 0 0 -1 2780.dat
1 0 20 10 200 -1 0 0 0 1 0 0 0 -1 2780.dat
1 0 20 10 -320 -1 0 0 0 1 0 0 0 -1 2780.dat
1 0 20 10 -280 -1 0 0 0 1 0 0 0 -1 2780.dat
1 0 -100 10 -320 -1 0 0 0 1 0 0 0 -1 2780.dat
1 0 -100 10 -280 -1 0 0 0 1 0 0 0 -1 2780.dat
1 0 -100 10 160 -1 0 0 0 1 0 0 0 -1 2780.dat
1 0 -100 10 200 -1 0 0 0 1 0 0 0 -1 2780.dat
1 0 -60 10 300 0 0 -1 0 1 0 1 0 0 2780.dat
1 0 -20 10 300 0 0 -1 0 1 0 1 0 0 2780.dat
1 0 -80 10 280 -1 0 0 0 1 0 0 0 -1 2780.dat
1 0 20 10 280 -1 0 0 0 1 0 0 0 -1 2780.dat
1 0 80 -22 20 0 0 -1 0 1 0 1 0 0 2780.dat
1 0 147.286 -106.24 290 0.189096 -0.981959 0 0.981959 0.189096 0 0 0 1 Part 7.ldr
1 0 -40 -30 380 -1 0 0 0 -0.439939 0.898028 0 0.898028 0.439939 2780.dat
1 0 -160 -22 20 0 0 -1 0 1 0 1 0 0 2780.dat
1 0 80 -22 -280 0 0.189096 -0.981959 0 0.981959 0.189096 1 0 0 2780.dat
1 0 -160 -22 -280 0 -0.189096 -0.981959 0 0.981959 -0.189096 1 0 0 2780.dat
1 0 -227.285 -106.241 240 -0.189096 0.981959 0 0.981959 0.189096 0 0 0 -1 Part 6.ldr
1 1 -160 -22 -80 0 0 -1 0 1 0 1 0 0 43093.dat
1 1 80 -22 -80 0 0 1 0 1 0 -1 0 0 43093.dat
1 1 102.21 -87.29 -160 0 -0.98245 0.186524 0 0.186524 0.98245 -1 0 0 Part 10.ldr
1 1 -182.211 -87.289 -200 0 0.98245 -0.186524 0 0.186524 0.98245 1 0 0 Part 10.ldr
1 1 -40 -134 -320 0 0 1 0 1 0 -1 0 0 43093.dat
1 1 -160 -22 230 0 0 -1 0 1 0 1 0 0 6558.dat
1 1 80 -22 210 0 0 1 0 1 0 -1 0 0 6558.dat
1 71 -100 10 -140 -1 0 0 0 1 0 0 0 -1 3673.dat
1 71 -100 10 100 -1 0 0 0 1 0 0 0 -1 3673.dat
1 71 -90 10 100 0 0 1 0 1 0 -1 0 0 56902.dat
1 71 10 10 100 0 0 1 0 1 0 -1 0 0 56902.dat
1 71 -90 10 -140 0 0 1 0 1 0 -1 0 0 56902.dat
1 71 10 10 -140 0 0 1 0 1 0 -1 0 0 56902.dat
1 71 -90 10 -400 0 0 1 0 1 0 -1 0 0 56902.dat
1 71 10 10 -400 0 0 1 0 1 0 -1 0 0 56902.dat
1 71 -70 10 240 0 0 1 0 1 0 -1 0 0 56902.dat
1 71 -10 10 240 0 0 1 0 1 0 -1 0 0 56902.dat
1 1 -120 10 -120 -1 0 0 0 1 0 0 0 -1 4274.dat
1 1 -120 10 -60 -1 0 0 0 1 0 0 0 -1 4274.dat
1 1 -120 10 20 -1 0 0 0 1 0 0 0 -1 4274.dat
1 1 -120 10 -220 -1 0 0 0 1 0 0 0 -1 4274.dat
1 1 -120 10 80 -1 0 0 0 1 0 0 0 -1 4274.dat
1 1 -120 10 180 -1 0 0 0 1 0 0 0 -1 4274.dat
1 72 30 0 100 0 0 1 0 1 0 -1 0 0 3895.dat
1 72 30 0 -140 0 0 1 0 1 0 -1 0 0 3895.dat
1 0 30 0 -340 0 0 1 0 1 0 -1 0 0 3702.dat
1 0 -110 0 -340 0 0 1 0 1 0 -1 0 0 3702.dat
1 71 20 10 100 1 0 0 0 1 0 0 0 1 3673.dat
1 71 20 10 -140 1 0 0 0 1 0 0 0 1 3673.dat
1 71 -100 10 -400 -1 0 0 0 1 0 0 0 -1 3673.dat
1 71 20 10 -400 1 0 0 0 1 0 0 0 1 3673.dat
1 1 40 10 80 1 0 0 0 1 0 0 0 1 4274.dat
1 1 40 10 20 1 0 0 0 1 0 0 0 1 4274.dat
1 1 40 10 -60 1 0 0 0 1 0 0 0 1 4274.dat
1 1 40 10 180 1 0 0 0 1 0 0 0 1 4274.dat
1 1 40 10 -120 1 0 0 0 1 0 0 0 1 4274.dat
1 1 40 10 -220 1 0 0 0 1 0 0 0 1 4274.dat
1 1 40 10 -380 1 0 0 0 1 0 0 0 1 4274.dat
1 1 40 10 -300 1 0 0 0 1 0 0 0 1 4274.dat
1 1 -120 10 -300 -1 0 0 0 1 0 0 0 -1 4274.dat
1 1 -120 10 -380 -1 0 0 0 1 0 0 0 -1 4274.dat
1 70 -128 10 -340 0 1 0 0 0 -1 -1 0 0 4162.dat
1 70 -128 10 -180 0 1 0 0 0 -1 -1 0 0 4162.dat
1 70 -128 10 -20 0 1 0 0 0 -1 -1 0 0 4162.dat
1 70 -128 10 140 0 1 0 0 0 -1 -1 0 0 4162.dat
1 70 48 10 -340 0 -1 0 0 0 1 -1 0 0 4162.dat
1 70 48 10 -180 0 -1 0 0 0 1 -1 0 0 4162.dat
1 70 48 10 -20 0 -1 0 0 0 1 -1 0 0 4162.dat
1 70 48 10 140 0 -1 0 0 0 1 -1 0 0 4162.dat
1 0 -100 10 0 -1 0 0 0 1 0 0 0 -1 2780.dat
1 0 -100 10 40 -1 0 0 0 1 0 0 0 -1 2780.dat
1 72 -39.999 -73.799 227.373 0 0 1 0.707107 -0.707107 0 0.707107 0.707107 0 63868.dat
1 72 -40 -66.729 234.444 1 0 0 0 -0.707107 -0.707107 0 0.707107 -0.707107 54200.dat
1 57 -40 -75.214 214.645 0 0 1 0.707107 -0.707107 0 0.707107 0.707107 0 4073.dat
1 57 6.213 -75.214 233.787 -0.5 -0.5 0.707107 0.707107 -0.707107 0 0.5 0.5 0.707107 4073.dat
1 19 -40 -86.526 225.959 0 0 1 0.707107 -0.707107 0 0.707107 0.707107 0 3024.dat
1 72 -2.786 -73.799 242.787 -0.5 -0.5 0.707107 0.707107 -0.707107 0 0.5 0.5 0.707107 63868.dat
1 72 -7.786 -66.729 247.787 0.707107 -0.5 0.5 0 -0.707107 -0.707107 0.707107 0.5 -0.5 54200.dat
1 57 6.213 -75.214 233.787 -0.5 -0.5 0.707107 0.707107 -0.707107 0 0.5 0.5 0.707107 4073.dat
1 19 -1.787 -86.526 241.787 -0.5 -0.5 0.707107 0.707107 -0.707107 0 0.5 0.5 0.707107 3024.dat
1 70 50 -120 -390 1 0 0 0 1 0 0 0 1 4286.dat
1 70 30 -120 -430 1 0 0 0 1 0 0 0 1 4286.dat
1 70 10 -120 -450 1 0 0 0 1 0 0 0 1 4286.dat
1 70 -90 -120 -450 1 0 0 0 1 0 0 0 1 4286.dat
1 70 -110 -120 -430 1 0 0 0 1 0 0 0 1 4286.dat
1 70 -130 -120 -390 1 0 0 0 1 0 0 0 1 4286.dat
1 70 50 -144 -350 1 0 0 0 1 0 0 0 1 4286.dat
1 70 30 -144 -390 1 0 0 0 1 0 0 0 1 4286.dat
1 70 10 -144 -410 1 0 0 0 1 0 0 0 1 4286.dat
1 70 -90 -168 -330 -1 0 0 0 1 0 0 0 -1 2357.dat
1 70 10 -168 -330 0 0 1 0 1 0 -1 0 0 2357.dat
1 70 -40 -176 -370 1 0 0 0 1 0 0 0 1 6636.dat
1 70 20 -176 -340 1 0 0 0 1 0 0 0 1 3068b.dat
1 70 -100 -176 -340 1 0 0 0 1 0 0 0 1 3068b.dat
1 70 30 -168 -350 1 0 0 0 1 0 0 0 1 4286.dat
1 70 10 -168 -370 1 0 0 0 1 0 0 0 1 4286.dat
1 70 -90 -144 -410 1 0 0 0 1 0 0 0 1 4286.dat
1 70 -110 -144 -390 1 0 0 0 1 0 0 0 1 4286.dat
1 70 -90 -168 -370 1 0 0 0 1 0 0 0 1 4286.dat
1 70 -110 -168 -350 1 0 0 0 1 0 0 0 1 4286.dat
1 70 -130 -144 -350 1 0 0 0 1 0 0 0 1 4286.dat
1 70 -164 -34 -340 0 1 0 0 0 1 1 0 0 30363.dat
1 70 -164 -34 -370 0 1 0 -1 0 0 0 0 1 43708.dat
1 70 84 -34 -340 0 -1 0 0 0 1 -1 0 0 30363.dat
1 70 84 -34 -370 0 -1 0 0 0 1 -1 0 0 43708.dat
0
0 FILE Part 2.ldr
0 Part 2
0 Name: Part 2.ldr
0 Author: R Paluczak
0 Unofficial Model
0 ROTATION CENTER 0 0 0 1 "Custom" 
0 ROTATION CONFIG 0 0
1 71 320 -24 -20 0 0 1 0 1 0 -1 0 0 98285.dat
1 71 338.31 -150.854 -40 0 -0.924546 -0.38107 0 0.38107 -0.924546 1 0 0 Part 9.ldr
1 0 360 -30 -20 0 0.38107 -0.924546 0 0.924546 0.38107 1 0 0 2780.dat
1 72 310 -16 -20 -1 0 0 0 1 0 0 0 -1 3021.dat
1 72 310 -40 -20 -1 0 0 0 1 0 0 0 -1 3021.dat
1 70 320 -32 -20 -1 0 0 0 1 0 0 0 -1 4032b.dat
1 0 280 -32 -40 0 0 1 0 1 0 -1 0 0 2429.dat
0
0 FILE Part 3.ldr
0 Part 3
0 Name: Part 3.ldr
0 Author: R Paluczak
0 Unofficial Model
0 ROTATION CENTER 0 0 0 1 "Custom" 
0 ROTATION CONFIG 0 0
1 71 320 -24 -20 0 0 1 0 1 0 -1 0 0 98285.dat
1 71 339.154 -151.003 -40 0 -0.927184 -0.374607 0 0.374607 -0.927184 1 0 0 Part 9.ldr
1 0 360 -30 -20 0 0.374607 -0.927184 0 0.927184 0.374607 1 0 0 2780.dat
1 72 310 -16 -20 -1 0 0 0 1 0 0 0 -1 3021.dat
1 72 310 -40 -20 -1 0 0 0 1 0 0 0 -1 3021.dat
1 70 320 -32 -20 -1 0 0 0 1 0 0 0 -1 4032b.dat
1 0 280 -32 0 0 0 1 0 1 0 -1 0 0 2430.dat
0 
0
0 FILE Part 4.ldr
0 Part 4
0 Name: Part 4.ldr
0 Author: R Paluczak
0 Unofficial Model
0 ROTATION CENTER 0 0 0 1 "Custom" 
0 ROTATION CONFIG 0 0
1 0 0 24 0 1 0 0 0 1 0 0 0 1 3032.dat
1 0 0 8 -30 1 0 0 0 1 0 0 0 1 3710.dat
1 0 0 8 30 1 0 0 0 1 0 0 0 1 3710.dat
1 0 30 -8 30 0 0 -1 0 1 0 1 0 0 6091.dat
1 0 30 -8 -30 0 0 -1 0 1 0 1 0 0 6091.dat
1 0 10 -32 30 0 0 -1 0 1 0 1 0 0 6091.dat
1 0 10 -32 -30 0 0 -1 0 1 0 1 0 0 6091.dat
1 0 -30 -8 -30 0 0 1 0 1 0 -1 0 0 6091.dat
1 0 -30 -8 30 0 0 1 0 1 0 -1 0 0 6091.dat
1 0 -10 -32 -30 0 0 1 0 1 0 -1 0 0 6091.dat
1 0 -10 -32 30 0 0 1 0 1 0 -1 0 0 6091.dat
1 72 -30 16 30 1 0 0 0 1 0 0 0 1 4073.dat
1 72 -10 16 30 1 0 0 0 1 0 0 0 1 4073.dat
1 72 10 16 30 1 0 0 0 1 0 0 0 1 4073.dat
1 72 30 16 30 1 0 0 0 1 0 0 0 1 4073.dat
1 72 -30 16 -30 1 0 0 0 1 0 0 0 1 4073.dat
1 72 -10 16 -30 1 0 0 0 1 0 0 0 1 4073.dat
1 72 0 -16 -30 1 0 0 0 1 0 0 0 1 3700.dat
1 72 0 -16 30 1 0 0 0 1 0 0 0 1 3700.dat
1 148 0 -8 0 0 0 1 0 1 0 -1 0 0 2533c01.dat
1 71 0 -6 20 0 0 1 0 1 0 -1 0 0 4274.dat
1 71 0 -6 -20 0 0 -1 0 1 0 1 0 0 4274.dat
1 72 10 16 -30 1 0 0 0 1 0 0 0 1 4073.dat
1 72 0 -32 -30 1 0 0 0 1 0 0 0 1 2412b.dat
1 72 0 -32 30 1 0 0 0 1 0 0 0 1 2412b.dat
1 72 30 16 -30 1 0 0 0 1 0 0 0 1 4073.dat
0
0 FILE Part 5.ldr
0 Part 5
0 Name: Part 5.ldr
0 Author: R Paluczak
0 Unofficial Model
0 ROTATION CENTER 0 0 0 1 "Custom" 
0 ROTATION CONFIG 0 0
1 72 -40 -128 -440 1 0 0 0 1 0 0 0 1 3020.dat
1 72 -40 -112 -380 1 0 0 0 1 0 0 0 1 3020.dat
1 72 -70 -104 -370 1 0 0 0 1 0 0 0 1 3665.dat
1 72 -10 -104 -370 1 0 0 0 1 0 0 0 1 3665.dat
1 72 -40 -136 -620 1 0 0 0 1 0 0 0 1 3020.dat
1 70 -40 -136 -440 1 0 0 0 1 0 0 0 1 3031.dat
1 70 -60 -144 -500 0 0 -1 0 1 0 1 0 0 91988.dat
1 70 -20 -144 -500 0 0 -1 0 1 0 1 0 0 91988.dat
1 70 -40 -152 -620 0 0 -1 0 1 0 1 0 0 87079.dat
1 70 -40 -152 -540 0 0 -1 0 1 0 1 0 0 87079.dat
1 70 -40 -160 -460 0 0 -1 0 1 0 1 0 0 3460.dat
1 70 -40 -168 -460 0 0 -1 0 1 0 1 0 0 6636.dat
1 70 -40 -152 -440 0 0 -1 0 1 0 1 0 0 87079.dat
1 70 -40 -152 -490 -1 0 0 0 1 0 0 0 -1 3794b.dat
1 70 -40 -152 -390 -1 0 0 0 1 0 0 0 -1 3794b.dat
1 70 -40 -136 -380 1 0 0 0 1 0 0 0 1 3001.dat
1 4 -20 -120 -420 1 0 0 0 1 0 0 0 1 2817.dat
1 4 -60 -120 -420 1 0 0 0 1 0 0 0 1 2817.dat
1 0 -40 -128 -410 1 0 0 0 1 0 0 0 1 3710.dat
1 0 -10 -136 -530 -1 0 0 0 1 0 0 0 -1 4287.dat
1 0 -70 -136 -530 -1 0 0 0 1 0 0 0 -1 4287.dat
1 0 -40 -110 -420 -1 0 0 0 1 0 0 0 -1 2780.dat
0
0 FILE Part 6.ldr
0 Part 6
0 Name: Part 6.ldr
0 Author: R Paluczak
0 Unofficial Model
0 ROTATION CENTER 0 0 0 1 "Custom" 
0 ROTATION CONFIG 0 0
1 70 -10 64 240 1 0 0 0 1 0 0 0 1 3034.dat
1 70 -10 64 270 1 0 0 0 1 0 0 0 1 3460.dat
1 70 -90 64 40 1 0 0 0 1 0 0 0 1 3034.dat
1 70 -50 72 20 1 0 0 0 1 0 0 0 1 3020.dat
1 72 -80 72 50 1 0 0 0 1 0 0 0 1 4073.dat
1 72 -80 72 230 0 0 -1 0 1 0 1 0 0 4073.dat
1 72 -100 80 180 0 0 -1 0 1 0 1 0 0 4477.dat
1 72 -160 72 40 0 0 1 0 1 0 -1 0 0 2540.dat
1 72 -40 72 220 1 0 0 0 1 0 0 0 1 3021.dat
1 0 -10 72 190 1 0 0 0 1 0 0 0 1 3666.dat
1 0 -10 72 90 1 0 0 0 1 0 0 0 1 3666.dat
1 0 -10 80 270 1 0 0 0 1 0 0 0 1 3666.dat
1 0 0 72 120 0 0 1 0 1 0 -1 0 0 32028.dat
1 0 0 72 160 0 0 1 0 1 0 -1 0 0 32028.dat
1 28 -10 72 60 1 0 0 0 1 0 0 0 1 3795.dat
1 28 -10 80 40 1 0 0 0 1 0 0 0 1 3795.dat
1 28 -10 80 240 1 0 0 0 1 0 0 0 1 3795.dat
1 70 -50 64 -10 0 0 1 0 1 0 -1 0 0 47397.dat
1 70 -110 72 200 -1 0 0 0 1 0 0 0 -1 41770.dat
1 70 -110 64 240 -1 0 0 0 1 0 0 0 -1 41770.dat
1 71 30 72 220 0 0 1 0 1 0 -1 0 0 98286.dat
1 71 30 72 20 0 0 1 0 1 0 -1 0 0 98286.dat
1 71 -30 72 260 -1 0 0 0 1 0 0 0 -1 3034.dat
1 71 -110 72 80 0 0 1 0 1 0 -1 0 0 3034.dat
1 70 30 64 120 0 0 -1 0 1 0 1 0 0 3030.dat
1 70 -110 64 160 0 0 -1 0 1 0 1 0 0 3020.dat
1 70 -100 32 200 0 0 1 0 1 0 -1 0 0 6191.dat
1 70 -100 32 120 0 0 1 0 1 0 -1 0 0 6191.dat
1 70 -100 32 40 0 0 1 0 1 0 -1 0 0 6191.dat
1 70 -40 64 80 0 0 -1 0 1 0 1 0 0 30350.dat
1 70 -87.804 24.769 120 0 0.980785 0.19509 0 -0.19509 0.980785 1 0 0 30350.dat
1 70 -87.804 24.769 160 0 0.980785 0.19509 0 -0.19509 0.980785 1 0 0 30350.dat
1 70 -40 64 200 0 0 -1 0 1 0 1 0 0 30350.dat
1 70 -120 56 80 0 0 -1 0 1 0 1 0 0 4162.dat
1 70 60 56 40 0 0 -1 0 1 0 1 0 0 2431.dat
1 70 20 56 40 0 0 -1 0 1 0 1 0 0 2431.dat
1 72 20 56 100 0 0 1 0 1 0 -1 0 0 11458.dat
1 72 60 56 100 0 0 1 0 1 0 -1 0 0 11458.dat
1 1 40 50 90 1 0 0 0 0.939693 0.34202 0 -0.34202 0.939693 6558.dat
1 0 40 50 90 1 0 0 0 -0.34202 0.939693 0 -0.939693 -0.34202 32013.dat
1 1 40 -40.21 122.832 1 0 0 0 -1 0 0 0 -1 6558.dat
1 0 40 -40.21 122.832 1 0 0 0 0.34202 -0.939693 0 0.939693 0.34202 32013.dat
1 0 40 3.014 107.096 0 0 -1 0.939693 -0.34202 0 -0.34202 -0.939693 0 3705.dat
1 70 -90 56 260 0 0 -1 0 1 0 1 0 0 3068b.dat
1 70 30 56 220 0 0 -1 0 1 0 1 0 0 3068b.dat
1 70 -50 56 20 -1 0 0 0 1 0 0 0 -1 87079.dat
1 70 -120 64 70 0 0 -1 0 1 0 1 0 0 30357.dat
1 72 -100 64 90 0 0 -1 0 1 0 1 0 0 3623.dat
1 72 40 56 130 0 0 -1 0 1 0 1 0 0 3623.dat
1 0 40 48 140 0 0 -1 0 1 0 1 0 0 2412b.dat
1 72 40 48 110 -1 0 0 0 1 0 0 0 -1 3623.dat
1 72 70 -50.211 122.824 -1 0 0 0 1 0 0 0 -1 2444.dat
1 72 10 -50.211 122.824 1 0 0 0 1 0 0 0 1 2444.dat
1 28 30 -58.211 92.841 1 0 0 0 1 0 0 0 1 2419.dat
1 28 30 -58.211 152.833 0 0 1 0 1 0 -1 0 0 54383.dat
1 72 -80 64 98 -0.980785 0 -0.19509 0.19509 0 -0.980785 0 -1 0 63965.dat
1 70 0 80 140 0 0 -1 0 1 0 1 0 0 3460.dat
0
0 FILE Part 7.ldr
0 Part 7
0 Name: Part 7.ldr
0 Author: R Paluczak
0 Unofficial Model
0 ROTATION CENTER 0 0 0 1 "Custom" 
0 ROTATION CONFIG 0 0
1 70 -10 64 -290 1 0 0 0 1 0 0 0 1 3034.dat
1 70 -10 64 -320 1 0 0 0 1 0 0 0 1 3460.dat
1 70 -90 64 -90 1 0 0 0 1 0 0 0 1 3034.dat
1 70 -50 72 -70 1 0 0 0 1 0 0 0 1 3020.dat
1 72 -80 72 -100 1 0 0 0 1 0 0 0 1 4073.dat
1 72 -80 72 -280 0 0 -1 0 1 0 1 0 0 4073.dat
1 72 -100 80 -230 0 0 -1 0 1 0 1 0 0 4477.dat
1 72 -160 72 -90 0 0 1 0 1 0 -1 0 0 2540.dat
1 72 -40 72 -270 1 0 0 0 1 0 0 0 1 3021.dat
1 0 -10 72 -140 1 0 0 0 1 0 0 0 1 3666.dat
1 0 -10 72 -240 1 0 0 0 1 0 0 0 1 3666.dat
1 0 -10 80 -320 1 0 0 0 1 0 0 0 1 3666.dat
1 0 0 72 -210 0 0 1 0 1 0 -1 0 0 32028.dat
1 0 0 72 -170 0 0 1 0 1 0 -1 0 0 32028.dat
1 28 -10 80 -290 1 0 0 0 1 0 0 0 1 3795.dat
1 28 -10 72 -110 1 0 0 0 1 0 0 0 1 3795.dat
1 28 -10 80 -90 1 0 0 0 1 0 0 0 1 3795.dat
1 70 -50 64 -40 0 0 1 0 1 0 -1 0 0 47398.dat
1 70 -110 72 -250 1 0 0 0 1 0 0 0 1 41769.dat
1 70 -110 64 -290 1 0 0 0 1 0 0 0 1 41769.dat
1 71 30 72 -270 0 0 1 0 1 0 -1 0 0 98286.dat
1 71 30 72 -70 0 0 1 0 1 0 -1 0 0 98286.dat
1 71 -30 72 -310 -1 0 0 0 1 0 0 0 -1 3034.dat
1 71 -110 72 -130 0 0 1 0 1 0 -1 0 0 3034.dat
1 70 30 64 -170 0 0 -1 0 1 0 1 0 0 3030.dat
1 70 -110 64 -210 0 0 -1 0 1 0 1 0 0 3020.dat
1 70 -100 32 -90 0 0 1 0 1 0 -1 0 0 6191.dat
1 70 -100 32 -170 0 0 1 0 1 0 -1 0 0 6191.dat
1 70 -100 32 -250 0 0 1 0 1 0 -1 0 0 6191.dat
1 70 -40 64 -130 0 0 -1 0 1 0 1 0 0 30350.dat
1 70 -40 64 -250 0 0 -1 0 1 0 1 0 0 30350.dat
1 70 -87.804 24.769 -210 0 0.980785 0.19509 0 -0.19509 0.980785 1 0 0 30350.dat
1 70 -87.804 24.769 -170 0 0.980785 0.19509 0 -0.19509 0.980785 1 0 0 30350.dat
1 70 -120 56 -130 0 0 -1 0 1 0 1 0 0 4162.dat
1 70 60 56 -90 0 0 -1 0 1 0 1 0 0 2431.dat
1 70 20 56 -90 0 0 -1 0 1 0 1 0 0 2431.dat
1 72 60 56 -150 0 0 -1 0 1 0 1 0 0 11458.dat
1 72 20 56 -150.336 0 0 -1 0 1 0 1 0 0 11458.dat
1 1 40 50 -140.336 -1 0 0 0 0.939693 0.34202 0 0.34202 -0.939693 6558.dat
1 0 40 50 -140.336 -1 0 0 0 -0.34202 0.939693 0 0.939693 0.34202 32013.dat
1 1 40 -40.21 -173.184 -1 0 0 0 -1 0 0 0 1 6558.dat
1 0 40 -40.21 -173.168 -1 0 0 0 0.34202 -0.939693 0 -0.939693 -0.34202 32013.dat
1 0 40 3.014 -157.432 0 0 1 0.939693 -0.34202 0 0.34202 0.939693 0 3705.dat
1 70 30 56 -290 0 0 -1 0 1 0 1 0 0 3068b.dat
1 70 -90 56 -310 0 0 -1 0 1 0 1 0 0 3068b.dat
1 70 -50 56 -70 -1 0 0 0 1 0 0 0 -1 87079.dat
1 70 -120 64 -120 -1 0 0 0 1 0 0 0 -1 30357.dat
1 72 -100 64 -140 0 0 -1 0 1 0 1 0 0 3623.dat
1 72 40 56 -180.336 0 0 1 0 1 0 -1 0 0 3623.dat
1 0 40 48 -190.336 0 0 1 0 1 0 -1 0 0 2412b.dat
1 0 -207.857 74.17 -90.336 0 0.935444 -0.353475 0 0.353475 0.935444 1 0 0 4595.dat
1 0 -186.48 45.892 -90.336 0 0.353475 0.935444 0 -0.935444 0.353475 1 0 0 4589.dat
1 0 -208.398 103.892 -90.336 -0.935444 0.353475 0 -0.353475 -0.935444 0 0 0 1 2555.dat
1 72 -222.616 79.278 -90.336 0 0.935444 0.353475 0 0.353475 -0.935444 -1 0 0 48729.dat
1 72 -180 74 -90.336 -0.353475 -0.935444 0 0.935444 -0.353475 0 0 0 1 48729.dat
1 72 -210.519 109.504 -90.336 0 0.935444 -0.353475 0 0.353475 0.935444 1 0 0 30031.dat
1 72 40 48 -160.336 1 0 0 0 1 0 0 0 1 3623.dat
1 72 10 -50.211 -173.16 1 0 0 0 1 0 0 0 1 2444.dat
1 72 70 -50.211 -173.176 -1 0 0 0 1 0 0 0 -1 2444.dat
1 28 30 -58.211 -144.159 -1 0 0 0 1 0 0 0 -1 2419.dat
1 28 30 -58.211 -204.167 0 0 1 0 1 0 -1 0 0 54384.dat
1 72 -80 64 -144 -0.980785 0 0.19509 0.19509 0 0.980785 0 1 0 63965.dat
1 70 0 80 -190 0 0 -1 0 1 0 1 0 0 3460.dat
0
0 FILE Part 8.ldr
0 Part 8
0 Name: Part 8.ldr
0 Author: R Paluczak
0 Unofficial Model
0 ROTATION CENTER 0 0 0 1 "Custom" 
0 ROTATION CONFIG 0 0
1 70 50 8 0 -1 0 0 0 1 0 0 0 -1 47398.dat
1 71 20 16 -80 -1 0 0 0 1 0 0 0 -1 98286.dat
1 70 -10 8 0 -1 0 0 0 1 0 0 0 -1 47397.dat
1 70 20 0 -80 -1 0 0 0 1 0 0 0 -1 3068b.dat
1 70 20 0 0 0 0 1 0 1 0 -1 0 0 87079.dat
1 70 30 -24 30 -1 0 0 0 1 0 0 0 -1 6091.dat
1 70 10 -24 30 -1 0 0 0 1 0 0 0 -1 6091.dat
1 72 20 -24 30 -1 0 0 0 1 0 0 0 -1 2412b.dat
0
0 FILE Part 9.ldr
0 Part 9
0 Name: Part 9.ldr
0 Author: R Paluczak
0 Unofficial Model
0 ROTATION CENTER 0 0 0 1 "Custom" 
0 ROTATION CONFIG 0 0
1 70 50 8 0 -1 0 0 0 1 0 0 0 -1 47398.dat
1 71 20 16 -80 -1 0 0 0 1 0 0 0 -1 98286.dat
1 70 -10 8 0 -1 0 0 0 1 0 0 0 -1 47397.dat
1 70 20 -24 50 -1 0 0 0 1 0 0 0 -1 6191.dat
1 70 20 0 -80 -1 0 0 0 1 0 0 0 -1 3068b.dat
1 70 20 0 0 0 0 1 0 1 0 -1 0 0 87079.dat
0
0 FILE Part 10.ldr
0 Part 10
0 Name: Part 10.ldr
0 Author: R Paluczak
0 Unofficial Model
0 ROTATION CENTER 0 0 0 1 "Custom" 
0 ROTATION CONFIG 0 0
1 70 20 16 0 1 0 0 0 1 0 0 0 1 91988.dat
1 70 20 16 -50 -1 0 0 0 1 0 0 0 -1 30350.dat
1 70 -20 -20.841 -99.765 -1 0 0 0 -0.19509 0.980785 0 0.980785 0.19509 30350.dat
1 70 -60 -20.841 -99.765 -1 0 0 0 -0.19509 0.980785 0 0.980785 0.19509 30350.dat
1 70 -100 16 -50 -1 0 0 0 1 0 0 0 -1 30350.dat
1 70 140 16 -50 -1 0 0 0 1 0 0 0 -1 30350.dat
1 70 100 -20.841 -99.765 -1 0 0 0 -0.19509 0.980785 0 0.980785 0.19509 30350.dat
1 70 60 -20.841 -99.765 -1 0 0 0 -0.19509 0.980785 0 0.980785 0.19509 30350.dat
1 72 20 32 -10 1 0 0 0 1 0 0 0 1 4477.dat
1 72 1 18 -90 0 1 0 0.19509 0 -0.980785 -0.980785 0 -0.19509 63965.dat
1 72 38 18 -90 0 -1 0 0.19509 0 0.980785 -0.980785 0 0.19509 63965.dat
1 28 20 24 -20 0 0 -1 0 1 0 1 0 0 3795.dat
1 28 -100 32 -20 0 0 -1 0 1 0 1 0 0 3795.dat
1 28 140 32 -20 0 0 -1 0 1 0 1 0 0 3795.dat
1 0 -110 24 -20 0 0 -1 0 1 0 1 0 0 3666.dat
1 0 150 24 -20 0 0 -1 0 1 0 1 0 0 3666.dat
1 72 -10 24 10 0 0 -1 0 1 0 1 0 0 3623.dat
1 72 -90 24 -50 0 0 -1 0 1 0 1 0 0 3623.dat
1 72 130 24 -50 0 0 -1 0 1 0 1 0 0 3623.dat
1 72 50 24 10 0 0 -1 0 1 0 1 0 0 3623.dat
1 71 -80 24 20 1 0 0 0 1 0 0 0 1 98286.dat
1 71 120 24 20 1 0 0 0 1 0 0 0 1 98286.dat
1 0 -40 24 -10 1 0 0 0 1 0 0 0 1 32028.dat
1 0 80 24 -10 1 0 0 0 1 0 0 0 1 32028.dat
1 70 20 16 40 1 0 0 0 1 0 0 0 1 91988.dat
1 70 -80 8 20 1 0 0 0 1 0 0 0 1 3068b.dat
1 70 20 8 20 1 0 0 0 1 0 0 0 1 3068b.dat
1 70 120 8 20 1 0 0 0 1 0 0 0 1 3068b.dat
0
0 FILE Ree Yees.ldr
0 Ree Yees
0 Name: Ree Yees.ldr
0 Author: R Paluczak
0 Unofficial Model
0 ROTATION CENTER 0 0 0 1 "Custom" 
0 ROTATION CONFIG 0 0
1 19 0 0 0 1 0 0 0 1 0 0 0 1 85947p01.dat
1 308 0 0 0 1 0 0 0 1 0 0 0 1 973.dat
1 308 0 32 0 1 0 0 0 1 0 0 0 1 3815.dat
1 308 -15.552 9 0 0.985 -0.17 0 0.17 0.985 0 0 0 1 3818.dat
1 308 15.552 9 0 0.985 0.17 0 -0.17 0.985 0 0 0 1 3819.dat
1 19 -23.8634 26.5956 -10.321 0.985 -0.12019 0.12019 0.17 0.696395 -0.696395 0 0.707 0.707 3820.dat
