0 FILE TIE Int Micro.ldr
0 TIE Int Micro
0 Name: TIE Int Micro.ldr
0 Author: LDraw
0 Unofficial Model
0 ROTATION CENTER 0 0 0 1 "Custom" 
0 ROTATION CONFIG 0 0
1 0 -10 0 0 0.92388 0 -0.382683 0 1 0 0.382683 0 0.92388 Part 1.ldr
1 0 -180 -8 -90 1 0 0 0 1 0 0 0 1 Pilot.ldr
0
0 FILE Pilot.ldr
0 Pilot
0 Name: Pilot.ldr
0 Author: LDraw
0 Unofficial Model
0 ROTATION CENTER 0 0 0 1 "Custom" 
0 ROTATION CONFIG 0 0
1 0 0 -24 0 1 0 0 0 1 0 0 0 1 87556.dat
1 78 0 -24 0 1 0 0 0 1 0 0 0 1 3626bp01.dat
1 0 0 0 0 1 0 0 0 1 0 0 0 1 973psk.dat
1 0 0 32 0 1 0 0 0 1 0 0 0 1 3815.dat
1 0 -15.552 9 0 0.985 -0.17 0 0.17 0.985 0 0 0 1 3818.dat
1 0 15.552 9 0 0.985 0.17 0 -0.17 0.985 0 0 0 1 3819.dat
1 0 -23.8634 26.5956 -10.321 0.985 -0.12019 0.12019 0.17 0.696395 -0.696395 0 0.707 0.707 3820.dat
1 0 -24.94 36.705 -13.563 -0.24312 -0.0537647 0.968096 0.818149 0.524182 0.234826 -0.520241 0.849472 -0.083116 92738.dat
1 0 23.8634 26.5956 -10.321 0.985 0.12019 -0.12019 -0.17 0.696395 -0.696395 0 0.707 0.707 3820.dat
1 0 0 44 0 1 0 0 0 1 0 0 0 1 3816.dat
1 0 0 44 0 1 0 0 0 1 0 0 0 1 3817.dat
0
0 FILE Part 1.ldr
0 Part 1
0 Name: Part 1.ldr
0 Author: LDraw
0 Unofficial Model
0 ROTATION CENTER 0 0 0 1 "Custom" 
0 ROTATION CONFIG 0 0
1 71 -10 8 0 0 0 -1 0 1 0 1 0 0 4871.dat
1 71 -10 8 -40 0 0 -1 0 1 0 1 0 0 4871.dat
1 71 -60 16 -30 0 0 -1 0 1 0 1 0 0 4073.dat
1 71 40 16 -30 0 0 -1 0 1 0 1 0 0 4073.dat
1 71 20 -32 10 0 0 -1 0 1 0 1 0 0 4073.dat
1 71 40 -24 -50 0 0 -1 0 1 0 1 0 0 4073.dat
1 71 -60 -24 -50 0 0 -1 0 1 0 1 0 0 4073.dat
1 71 -40 -32 10 0 0 -1 0 1 0 1 0 0 4073.dat
1 71 20 -24 -50 0 0 -1 0 1 0 1 0 0 54200.dat
1 71 -40 -24 -50 0 0 1 0 1 0 -1 0 0 54200.dat
1 15 -10 8 10 -1 0 0 0 1 0 0 0 -1 3023.dat
1 0 -10 16 -10 0 0 -1 0 1 0 1 0 0 3021.dat
1 0 -10 -8 -20 -1 0 0 0 1 0 0 0 -1 3003.dat
1 0 62 -4 -10 0 -1 0 0 0 1 -1 0 0 3021.dat
1 0 78 -4 -20 0 -1 0 0 0 1 -1 0 0 3068b.dat
1 0 70 -14 0 0 -1 0 0 0 1 -1 0 0 48336.dat
1 0 -95.064 45.876 -20 0 0.777146 0.62932 0 -0.62932 0.777146 1 0 0 Part 3.ldr
1 0 75.064 -53.876 -20 0 -0.777146 -0.62932 0 0.62932 -0.777146 1 0 0 Part 3.ldr
1 0 70 6 0 0 -1 0 0 0 -1 1 0 0 48336.dat
1 0 -84.17 -68.776 -20 0 0.796002 -0.605294 0 0.605294 0.796002 1 0 0 Part 2.ldr
1 0 64.17 60.776 -20 0 -0.796002 0.605294 0 -0.605294 -0.796002 1 0 0 Part 2.ldr
1 71 70 -4 -30 0 -1 0 1 0 0 0 0 1 60470b.dat
1 71 78 -4 10 0 -1 0 1 0 0 0 0 1 3069b.dat
1 0 -82 -4 -10 0 1 0 0 0 -1 -1 0 0 3021.dat
1 0 -98 -4 -20 0 1 0 0 0 -1 -1 0 0 3068b.dat
1 0 -90 6 0 0 1 0 0 0 -1 -1 0 0 48336.dat
1 0 -90 -14 0 0 1 0 0 0 1 1 0 0 48336.dat
1 71 -90 -4 -30 0 1 0 -1 0 0 0 0 1 60470b.dat
1 71 -98 -4 10 0 1 0 -1 0 0 0 0 1 3069b.dat
1 0 -50 -16 -20 -1 0 0 0 1 0 0 0 -1 3003.dat
1 0 30 -16 -20 -1 0 0 0 1 0 0 0 -1 3003.dat
1 71 -10 -16 10 -1 0 0 0 1 0 0 0 -1 3894.dat
1 71 40 -24 -20 0 0 -1 0 1 0 1 0 0 2436b.dat
1 71 -60 -24 -20 0 0 1 0 1 0 -1 0 0 2436b.dat
1 72 -60 8 -40 0 0 1 0 1 0 -1 0 0 99780.dat
1 72 -10 32 -30 1 0 0 0 1 0 0 0 1 32000.dat
1 71 -20 42 -40 0 0 1 0 1 0 -1 0 0 61184.dat
1 71 0 42 -40 0 0 1 0 1 0 -1 0 0 61184.dat
1 36 -20 42 -40 0 0 1 1 0 0 0 1 0 58176.dat
1 36 0 42 -40 0 0 1 1 0 0 0 1 0 58176.dat
1 72 -10 32 -10 1 0 0 0 1 0 0 0 1 32000.dat
1 72 -10 56 -20 1 0 0 0 1 0 0 0 1 11203.dat
1 72 40 8 -40 0 0 -1 0 1 0 1 0 0 99780.dat
1 72 -60 8 0 0 0 1 0 1 0 -1 0 0 99780.dat
1 72 40 8 0 0 0 -1 0 1 0 1 0 0 99780.dat
1 72 -40 -24 -20 0 0 1 0 1 0 -1 0 0 92593.dat
1 72 20 -24 -20 0 0 1 0 1 0 -1 0 0 92593.dat
1 71 30 -16 -50 -1 0 0 0 1 0 0 0 -1 30136.dat
1 71 -50 -16 -50 -1 0 0 0 1 0 0 0 -1 30136.dat
1 71 -10 -40 10 -1 0 0 0 1 0 0 0 -1 30136.dat
1 71 -10 -32 10 0 0 1 0 1 0 -1 0 0 93273.dat
1 71 -10 -6 -68 0 0 -1 -1 0 0 0 1 0 11833.dat
1 40 -10 -6 -84 0 0 -1 -1 0 0 0 1 0 3960.dat
1 71 -10 -6 36 0 0 -1 1 0 0 0 -1 0 3960.dat
1 0 -10 -6 44 0 0 -1 1 0 0 0 -1 0 4740.dat
1 0 -10 16 -50 -1 0 0 0 1 0 0 0 -1 32530.dat
1 1 -10 -6 -60 0 0 1 0 1 0 -1 0 0 4274.dat
1 1 -10 -6 20 0 0 -1 0 1 0 1 0 0 4274.dat
1 47 -10 -6 -68 0 0 1 1 0 0 0 1 0 4073.dat
0
0 FILE Part 2.ldr
0 Part 2
0 Name: Part 2.ldr
0 Author: LDraw
0 Unofficial Model
0 ROTATION CENTER 0 0 0 1 "Custom" 
0 ROTATION CONFIG 0 0
1 0 -60 24 0 0 0 1 0 1 0 -1 0 0 41770.dat
1 0 10 24 0 1 0 0 0 1 0 0 0 1 3021.dat
1 0 -20 32 0 1 0 0 0 1 0 0 0 1 2654.dat
1 72 20 32 0 1 0 0 0 1 0 0 0 1 11203.dat
1 71 -40 16 10 1 0 0 0 1 0 0 0 1 2431.dat
1 71 20 16 10 -1 0 0 0 1 0 0 0 -1 60470b.dat
1 71 30 24 0 1 0 0 0 1 0 0 0 1 11477.dat
1 71 -90 20 10 0 0 1 0 1 0 -1 0 0 30162.dat
0
0 FILE Part 3.ldr
0 Part 3
0 Name: Part 3.ldr
0 Author: LDraw
0 Unofficial Model
0 ROTATION CENTER 0 0 0 1 "Custom" 
0 ROTATION CONFIG 0 0
1 0 -60 24 20 0 0 1 0 1 0 -1 0 0 41769.dat
1 0 10 24 20 1 0 0 0 1 0 0 0 1 3021.dat
1 0 -20 32 20 1 0 0 0 1 0 0 0 1 2654.dat
1 72 20 32 20 1 0 0 0 1 0 0 0 1 11203.dat
1 71 -40 16 10 1 0 0 0 1 0 0 0 1 2431.dat
1 71 20 16 10 1 0 0 0 1 0 0 0 1 60470b.dat
1 71 30 24 20 -1 0 0 0 1 0 0 0 -1 11477.dat
1 71 -90 20 10 0 0 1 0 1 0 -1 0 0 30162.dat
0
0
