0 FILE AT-AP.ldr
0 AT-AP
0 Name: AT-AP.ldr
0 Author: LDraw
0 Unofficial Model
0 ROTATION CENTER 0 0 0 1 "Custom" 
0 ROTATION CONFIG 0 0
1 0 -250 -24 240 0 0 1 0 1 0 -1 0 0 Super Battle Droid.ldr
1 0 -250 -8 180 0 0 1 0 1 0 -1 0 0 Battle Droid Commander.ldr
1 0 -250 -8 110 0 0 1 0 1 0 -1 0 0 Battle Droid.ldr
1 0 -250 -8 310 0 0 1 0 1 0 -1 0 0 Tarrful.ldr
1 0 -250 -8 420 0 0 1 0 1 0 -1 0 0 Gree.ldr
1 0 -40 -263 210 0 0.147809 0.989016 0 0.989016 -0.147809 -1 0 0 Part 1.ldr
0
0 FILE Gree.ldr
0 Gree
0 Name: Gree.ldr
0 Author: LDraw
0 Unofficial Model
0 ROTATION CENTER 0 0 0 1 "Custom" 
0 ROTATION CONFIG 0 0
1 80 0 -24 0 1 0 0 0 1 0 0 0 1 11217.dat
1 78 0 -24 0 1 0 0 0 1 0 0 0 1 3626bp01.dat
1 330 0 0 0 1 0 0 0 1 0 0 0 1 973.dat
1 330 0 32 0 1 0 0 0 1 0 0 0 1 3815.dat
1 288 -15.552 9 0 0.985 -0.17 0 0.17 0.985 0 0 0 1 3818.dat
1 288 15.552 9 0 0.985 0.17 0 -0.17 0.985 0 0 0 1 3819.dat
1 0 -23.8634 26.5956 -10.321 0.985 -0.12019 0.12019 0.17 0.696395 -0.696395 0 0.707 0.707 3820.dat
1 0 23.8634 26.5956 -10.321 0.985 0.12019 -0.12019 -0.17 0.696395 -0.696395 0 0.707 0.707 3820.dat
1 0 -24.6826 31.3422 -19.2547 0.985 -0.0874983 0.14567 0.17 0.506976 -0.844031 0 0.856884 0.514696 58247.dat
1 72 25.5859 36.5763 -20.1144 -0.14567 -0.985 -0.0874983 -0.844031 0.17 -0.506976 0.514696 0 -0.856884 30304.dat
1 0 0 44 0 1 0 0 0 1 0 0 0 1 3816.dat
1 0 0 44 0 1 0 0 0 1 0 0 0 1 3817.dat
0
0 FILE Tarrful.ldr
0 Tarrful
0 Name: Tarrful.ldr
0 Author: LDraw
0 Unofficial Model
0 ROTATION CENTER 0 0 0 1 "Custom" 
0 ROTATION CONFIG 0 0
1 308 0 0 0 1 0 0 0 1 0 0 0 1 30483p01.dat
1 308 0 0 0 1 0 0 0 1 0 0 0 1 973.dat
1 308 0 32 0 1 0 0 0 1 0 0 0 1 3815.dat
1 308 -15.552 9 0 0.985 -0.17 0 0.17 0.985 0 0 0 1 3818.dat
1 308 15.552 9 0 0.985 0.17 0 -0.17 0.985 0 0 0 1 3819.dat
1 308 -23.8634 26.5956 -10.321 0.985 -0.12019 0.12019 0.17 0.696395 -0.696395 0 0.707 0.707 3820.dat
1 308 23.8634 26.5956 -10.321 0.985 0.12019 -0.12019 -0.17 0.696395 -0.696395 0 0.707 0.707 3820.dat
1 70 -46.7199 11.5111 -45.561 -0.14567 0.634534 0.758256 0.844031 0.478622 -0.238242 -0.514696 0.605817 -0.605817 2561.dat
1 308 0 44 0 1 0 0 0 1 0 0 0 1 3816.dat
1 308 0 44 0 1 0 0 0 1 0 0 0 1 3817.dat
0
0 FILE Battle Droid.ldr
0 Battle Droid
0 Name: Battle Droid.ldr
0 Author: LDraw
0 Unofficial Model
0 ROTATION CENTER 0 0 0 1 "Custom" 
0 ROTATION CONFIG 0 0
1 19 37 -8 0 1 0 0 0 1 0 0 0 1 30377.dat
1 19 3 -8 0 1 0 0 0 1 0 0 0 1 59230.dat
1 0 3 32 0 1 0 0 0 0 -1 0 1 0 58247.dat
1 19 20 64 0 1 0 0 0 1 0 0 0 1 30376.dat
1 19 20 24 0 1 0 0 0 1 0 0 0 1 30375.dat
1 19 20 -8 0 1 0 0 0 1 0 0 0 1 30378.dat
0
0 FILE Battle Droid Commander.ldr
0 Battle Droid Commander
0 Name: Battle Droid Commander.ldr
0 Author: LDraw
0 Unofficial Model
0 ROTATION CENTER 0 0 0 1 "Custom" 
0 ROTATION CONFIG 0 0
1 19 37 -8 0 1 0 0 0 1 0 0 0 1 30377.dat
1 19 3 -8 0 1 0 0 0 1 0 0 0 1 59230.dat
1 0 3 32 0 1 0 0 0 0 -1 0 1 0 58247.dat
1 19 20 64 0 1 0 0 0 1 0 0 0 1 30376.dat
1 19 20 24 0 1 0 0 0 1 0 0 0 1 30375.dat
1 19 20 -8 0 1 0 0 0 1 0 0 0 1 30378ps1.dat
0
0 FILE Super Battle Droid.ldr
0 Super Battle Droid
0 Name: Super Battle Droid.ldr
0 Author: LDraw
0 Unofficial Model
0 ROTATION CENTER 0 0 0 1 "Custom" 
0 ROTATION CONFIG 0 0
1 148 10 24 0 1 0 0 0 1 0 0 0 1 41889.dat
1 148 0 88 0 1 0 0 0 1 0 0 0 1 42687.dat
1 148 -13 -24 0 1 0 0 0 1 0 0 0 1 41890.dat
1 148 32 -24 0 -1 0 0 0 1 0 0 0 -1 41890.dat
0
0 FILE Part 1.ldr
0 Part 1
0 Name: Part 1.ldr
0 Author: LDraw
0 Unofficial Model
0 ROTATION CENTER 0 0 0 1 "Custom" 
0 ROTATION CONFIG 0 0
1 71 -10 8 0 1 0 0 0 1 0 0 0 1 32532.dat
1 19 -60 8 -20 0 0 -1 0 1 0 1 0 0 30136.dat
1 19 40 8 -20 0 0 -1 0 1 0 1 0 0 30136.dat
1 4 -10 8 10 -1 0 0 0 1 0 0 0 -1 3009.dat
1 14 -30 8 -10 -1 0 0 0 1 0 0 0 -1 32064b.dat
1 14 10 8 -10 -1 0 0 0 1 0 0 0 -1 32064b.dat
1 14 10 8 -30 -1 0 0 0 1 0 0 0 -1 32064b.dat
1 14 -30 8 -30 -1 0 0 0 1 0 0 0 -1 32064b.dat
1 71 -10 8 -70 1 0 0 0 1 0 0 0 1 3702.dat
1 71 -10 -27 -242 1 0 0 0 1 0 0 0 1 Part 4.ldr
1 71 -100 32 -100 0 0 -1 0 1 0 1 0 0 3023.dat
1 71 80 32 -100 0 0 -1 0 1 0 1 0 0 3023.dat
1 71 192.884 8 -85.175 0.354291 -0.935135 0 0 0 -1 0.935135 0.354291 0 Part 21.ldr
1 71 80 -8 20 0 0 -1 0 1 0 1 0 0 3666.dat
1 71 -20 -22 70 0 1 0 -1 0 0 0 0 1 32009.dat
1 71 -40 -163.271 1.108 0 0 1 0.134851 0.990866 0 -0.990866 0.134851 0 Part 9.ldr
1 71 -140 -42 -80 0 1 0 1 0 0 0 0 -1 32009.dat
1 71 120 -42 -80 0 1 0 1 0 0 0 0 -1 32009.dat
1 71 0 -22 70 0 1 0 -1 0 0 0 0 1 32009.dat
1 72 20 -70 -166 0 1 0 -0.600001 0 0.799999 0.799999 0 0.600001 32348.dat
1 72 -40 -70 -166 0 1 0 -0.600001 0 0.799999 0.799999 0 0.600001 32348.dat
1 71 -100 -8 20 0 0 -1 0 1 0 1 0 0 3666.dat
1 71 -100 -8 -70 0 0 -1 0 1 0 1 0 0 11212.dat
1 71 80 -8 -70 -1 0 0 0 1 0 0 0 -1 11212.dat
1 0 70 -32 -150 -1 0 0 0 1 0 0 0 -1 4865b.dat
1 0 -90 -32 -150 -1 0 0 0 1 0 0 0 -1 4865b.dat
1 0 -120 -32 -150 0 0 -1 0 1 0 1 0 0 6231.dat
1 0 100 -32 -150 -1 0 0 0 1 0 0 0 -1 6231.dat
1 0 100 -32 -100 0 0 1 0 1 0 -1 0 0 30413.dat
1 0 -120 -32 -100 0 0 -1 0 1 0 1 0 0 30413.dat
1 71 -10 -8 -70 -1 0 0 0 1 0 0 0 -1 3023.dat
1 70 -60 -8 -30 -1 0 0 0 1 0 0 0 -1 2420.dat
1 70 -70 -8 -10 -1 0 0 0 1 0 0 0 -1 3069b.dat
1 70 50 -8 -10 -1 0 0 0 1 0 0 0 -1 3069b.dat
1 70 50 -32 10 1 0 0 0 1 0 0 0 1 2432.dat
1 70 -70 -32 10 1 0 0 0 1 0 0 0 1 2432.dat
1 70 40 -8 -30 0 0 1 0 1 0 -1 0 0 2420.dat
1 71 -100 -8 -130 0 0 -1 0 1 0 1 0 0 11212.dat
1 71 -212.794 8 -85.716 0.358368 0.93358 0 0 0 -1 -0.93358 0.358368 0 Part 24.ldr
1 71 80 -8 -130 0 0 -1 0 1 0 1 0 0 11212.dat
1 71 40 -52.959 -178.501 0 0 -1 -0.605294 0.796002 0 0.796002 0.605294 0 Part 3.ldr
1 71 70 32 20 0 0 -1 0 1 0 1 0 0 3832.dat
1 71 -90 32 20 0 0 -1 0 1 0 1 0 0 3832.dat
1 71 0 114 40 -1 0 0 0 -1 0 0 0 1 Part 19.ldr
1 71 -10 32 20 0 0 -1 0 1 0 1 0 0 3832.dat
1 72 -50 32 0 0 0 -1 0 1 0 1 0 0 3034.dat
1 72 30 32 0 0 0 -1 0 1 0 1 0 0 3034.dat
1 72 70 0 -20 0 0 -1 0 1 0 1 0 0 91988.dat
1 72 -90 0 -20 0 0 -1 0 1 0 1 0 0 91988.dat
1 72 20 0 -70 -1 0 0 0 1 0 0 0 -1 3623.dat
1 72 -10 0 -20 -1 0 0 0 1 0 0 0 -1 3032.dat
1 72 -10 0 80 0 0 1 0 1 0 -1 0 0 3020.dat
1 72 30 0 60 0 0 1 0 1 0 -1 0 0 3022.dat
1 72 -50 0 60 0 0 1 0 1 0 -1 0 0 3022.dat
1 72 -40 0 -70 -1 0 0 0 1 0 0 0 -1 3623.dat
1 0 30 8 70 1 0 0 0 1 0 0 0 1 3701.dat
1 0 80 8 -20 0 0 -1 0 1 0 1 0 0 2730.dat
1 0 80 -32 40 0 0 -1 0 1 0 1 0 0 3701.dat
1 0 50 -32 -50 -1 0 0 0 1 0 0 0 -1 2877.dat
1 0 -70 -32 -50 -1 0 0 0 1 0 0 0 -1 2877.dat
1 72 -70 -32 -50 -1 0 0 0 1 0 0 0 -1 85984.dat
1 72 50 -32 -50 -1 0 0 0 1 0 0 0 -1 85984.dat
1 72 -120 18 60 0 -1 0 0 0 -1 1 0 0 32140.dat
1 72 -120 -42 -20 0 1 0 0 0 1 1 0 0 32140.dat
1 72 100 -42 -20 0 1 0 0 0 1 1 0 0 32140.dat
1 71 -120 -2 20 0 -1 0 0 0 -1 1 0 0 60484.dat
1 71 100 -2 20 0 -1 0 0 0 -1 1 0 0 60484.dat
1 72 100 18 60 0 -1 0 0 0 -1 1 0 0 32140.dat
1 0 -100 -32 40 0 0 -1 0 1 0 1 0 0 3701.dat
1 0 80 8 100 0 0 -1 0 1 0 1 0 0 3700.dat
1 0 60 8 100 0 0 -1 0 1 0 1 0 0 3700.dat
1 0 -80 8 100 0 0 -1 0 1 0 1 0 0 3700.dat
1 0 -100 8 100 0 0 -1 0 1 0 1 0 0 3700.dat
1 0 0 8 100 0 0 -1 0 1 0 1 0 0 3700.dat
1 0 -20 8 100 0 0 -1 0 1 0 1 0 0 3700.dat
1 0 -40 21.061 107.391 1 0 0 0 -0.382683 0.92388 0 -0.92388 -0.382683 Part 2.ldr
1 0 -100 8 -20 0 0 -1 0 1 0 1 0 0 2730.dat
1 0 -50 8 70 1 0 0 0 1 0 0 0 1 3701.dat
1 1 -50 18 50 0 0 -1 0 1 0 1 0 0 6558.dat
1 1 -30 18 50 0 0 -1 0 1 0 1 0 0 6558.dat
1 1 10 18 50 0 0 -1 0 1 0 1 0 0 6558.dat
1 1 30 18 50 0 0 -1 0 1 0 1 0 0 6558.dat
1 1 80 18 0 1 0 0 0 1 0 0 0 1 6558.dat
1 1 80 18 -20 1 0 0 0 1 0 0 0 1 6558.dat
1 0 -40 -2 30 -1 0 0 0 1 0 0 0 -1 32557.dat
1 0 20 -2 30 -1 0 0 0 1 0 0 0 -1 32557.dat
1 0 18 -20 -20 0 -1 0 0 0 1 -1 0 0 2431.dat
1 0 -38 -20 -20 0 1 0 0 0 -1 -1 0 0 2431.dat
1 0 20 -22 30 -1 0 0 0 1 0 0 0 -1 32054.dat
1 0 -40 -22 30 1 0 0 0 1 0 0 0 1 32054.dat
1 0 -10 -22 -90 1 0 0 0 1 0 0 0 1 3706.dat
1 0 -10 -22 -130 1 0 0 0 0.600001 0.799999 0 -0.799999 0.600001 3705.dat
1 71 0 -22 -130 0 -1 0 -0.600001 0 -0.799999 0.799999 0 -0.600001 60483.dat
1 71 -20 -22 -130 0 -1 0 -0.600001 0 -0.799999 0.799999 0 -0.600001 60483.dat
1 0 -10 -22 -30 1 0 0 0 1 0 0 0 1 2780.dat
1 1 10 -22 -50 1 0 0 0 1 0 0 0 1 4274.dat
1 1 10 -22 -70 1 0 0 0 1 0 0 0 1 43093.dat
1 1 -30 -22 -70 -1 0 0 0 1 0 0 0 -1 43093.dat
1 1 -30 -102 70 1 0 0 0 1 0 0 0 1 43093.dat
1 0 -40 -82 70 0 0 1 1 0 0 0 1 0 41532.dat
1 0 -150.037 -82 52.188 -0.92388 0.382683 0 0 0 -1 -0.382683 -0.92388 0 Part 10.ldr
1 0 129.963 -62 52.188 0.92388 -0.382683 0 0 0 1 -0.382683 -0.92388 0 Part 11.ldr
1 0 20 -82 70 0 0 -1 1 0 0 0 -1 0 41532.dat
1 0 -40 -62 70 0 0 1 1 0 0 0 1 0 41532.dat
1 0 20 -62 70 0 0 -1 1 0 0 0 -1 0 41532.dat
1 1 -30 -102 70 1 0 0 0 0.990866 -0.134851 0 0.134851 0.990866 Her.dat
1 1 20 -38 -142 1 0 0 0 0.600001 0.799999 0 -0.799999 0.600001 6558.dat
1 1 -40 -38 -142 -1 0 0 0 0.961837 -0.273623 0 -0.273623 -0.961837 6558.dat
1 1 10 -102 70 -1 0 0 0 1 0 0 0 -1 43093.dat
1 1 90 18 60 1 0 0 0 1 0 0 0 1 43093.dat
1 1 -110 18 60 -1 0 0 0 1 0 0 0 -1 43093.dat
1 1 -170 28 -80 0 1 0 1 0 0 0 0 -1 43093.dat
1 1 150 28 -80 0 1 0 1 0 0 0 0 -1 43093.dat
1 0 150 38 -80 0 -1 0 1 0 0 0 0 1 6553.dat
1 0 -170 38 -80 0 1 0 1 0 0 0 0 -1 6553.dat
1 1 -130 -42 -20 1 0 0 0 1 0 0 0 1 43093.dat
1 1 110 -42 -20 -1 0 0 0 1 0 0 0 -1 43093.dat
1 0 90 -22 60 -1 0 0 0 1 0 0 0 -1 2780.dat
1 0 -110 -22 60 -1 0 0 0 1 0 0 0 -1 2780.dat
1 0 -130 -42 60 -1 0 0 0 1 0 0 0 -1 2780.dat
1 0 110 -42 60 -1 0 0 0 1 0 0 0 -1 2780.dat
1 0 90 -22 20 -1 0 0 0 1 0 0 0 -1 2780.dat
1 0 -110 -22 20 -1 0 0 0 1 0 0 0 -1 2780.dat
1 1 -130 -2 20 -1 0 0 0 1 0 0 0 -1 4274.dat
1 1 110 -2 20 1 0 0 0 1 0 0 0 1 4274.dat
1 19 120 -42 20 1 0 0 0 1 0 0 0 1 32556.dat
1 19 -140 -42 20 -1 0 0 0 1 0 0 0 -1 32556.dat
1 1 -50 -70 -186 1 0 0 0 1 0 0 0 1 43093.dat
1 1 30 -70 -186 -1 0 0 0 1 0 0 0 -1 43093.dat
1 1 10 -22 10 1 0 0 0 1 0 0 0 1 4274.dat
1 1 -30 -22 -50 -1 0 0 0 -1 0 0 0 1 4274.dat
1 1 -30 -22 10 -1 0 0 0 -1 0 0 0 1 4274.dat
1 0 -10 -22 -10 1 0 0 0 1 0 0 0 1 2780.dat
1 0 40 -2 -90 -1 0 0 0 1 0 0 0 -1 32557.dat
1 0 -60 -2 -90 -1 0 0 0 1 0 0 0 -1 32557.dat
1 1 50 18 -70 0 0 1 0 1 0 -1 0 0 6558.dat
1 1 -10 58 -90 1 0 0 0 1 0 0 0 1 6558.dat
1 1 -10 18 -150 1 0 0 0 1 0 0 0 1 6558.dat
1 1 -10 39.523 -150.865 1 0 0 0 -0.333807 -0.942641 0 0.942641 -0.333807 Part 16.ldr
1 1 -50 159.375 -17.696 -1 0 0 0 -0.728371 -0.685183 0 -0.685183 0.728371 Part 18.ldr
1 1 -10 72.64 -123.327 1 0 0 0 -0.866025 -0.5 0 0.5 -0.866025 Part 17.ldr
1 1 -10 38 -90 1 0 0 0 1 0 0 0 1 6558.dat
1 71 10 18 -70 0 0 1 0 1 0 -1 0 0 44294.dat
1 71 -30 18 -70 0 0 1 0 1 0 -1 0 0 44294.dat
1 71 -30 18 -110 1 0 0 0 1 0 0 0 1 3713.dat
1 71 10 18 -150 -1 0 0 0 1 0 0 0 -1 32013.dat
1 71 -30 18 -150 -1 0 0 0 1 0 0 0 -1 32013.dat
1 71 10 18 -110 1 0 0 0 1 0 0 0 1 3713.dat
1 72 -30 38 -90 0 0 1 0 1 0 -1 0 0 42003.dat
1 72 10 38 -90 0 0 1 0 1 0 -1 0 0 42003.dat
1 4 -10 60 -90 0 0 1 0 1 0 -1 0 0 32530.dat
1 1 30 18 -70 0 0 1 0 1 0 -1 0 0 6558.dat
1 1 -140 -42 0 1 0 0 0 1 0 0 0 1 6558.dat
1 1 -140 -42 40 1 0 0 0 1 0 0 0 1 6558.dat
1 1 120 -42 40 -1 0 0 0 1 0 0 0 -1 6558.dat
1 1 120 -42 0 -1 0 0 0 1 0 0 0 -1 6558.dat
1 1 -70 18 -70 0 0 1 0 1 0 -1 0 0 6558.dat
1 1 -50 18 -70 0 0 1 0 1 0 -1 0 0 6558.dat
1 1 -100 18 -20 -1 0 0 0 1 0 0 0 -1 6558.dat
1 1 -100 18 0 -1 0 0 0 1 0 0 0 -1 6558.dat
1 0 70 18 20 -1 0 0 0 1 0 0 0 -1 2780.dat
1 0 -90 18 20 -1 0 0 0 1 0 0 0 -1 2780.dat
1 330 140 -42 80 0 -1 0 -1 0 0 0 0 -1 44225.dat
1 330 -160 -42 80 0 1 0 1 0 0 0 0 -1 44225.dat
1 330 120 -18.11 59.281 0 0 -1 0.382683 0.92388 0 0.92388 -0.382683 0 Part 5.ldr
1 330 -100 -18.11 59.281 0 0 -1 0.382683 0.92388 0 0.92388 -0.382683 0 Part 6.ldr
0
0 FILE Part 2.ldr
0 Part 2
0 Name: Part 2.ldr
0 Author: LDraw
0 Unofficial Model
0 ROTATION CENTER 0 0 0 1 "Custom" 
0 ROTATION CONFIG 0 0
1 0 100 8 0 1 0 0 0 1 0 0 0 1 32054.dat
1 0 -40 8 0 -1 0 0 0 1 0 0 0 -1 32054.dat
1 71 60 8 0 0 1 0 -1 0 0 0 0 1 2825.dat
1 71 55 8 60 0 0 -1 -1 0 0 0 1 0 32123a.dat
1 71 5 8 60 0 0 -1 -1 0 0 0 1 0 32123a.dat
1 71 0 8 0 0 -1 0 1 0 0 0 0 1 2825.dat
1 0 30 8 0 1 0 0 0 1 0 0 0 1 3706.dat
1 0 30 8 60 1 0 0 0 1 0 0 0 1 3705.dat
1 0 20 8 60 0 -1 0 1 0 0 0 0 1 53585.dat
1 0 40 8 60 0 -1 0 1 0 0 0 0 1 53585.dat
0
0 FILE Part 3.ldr
0 Part 3
0 Name: Part 3.ldr
0 Author: LDraw
0 Unofficial Model
0 ROTATION CENTER 0 0 0 1 "Custom" 
0 ROTATION CONFIG 0 0
1 0 20 24 0 1 0 0 0 1 0 0 0 1 3700.dat
1 0 70 -16 0 1 0 0 0 1 0 0 0 1 4073.dat
1 0 70 -16 100 1 0 0 0 1 0 0 0 1 4073.dat
1 0 -10 -6 -30 0 1 0 0 0 1 1 0 0 4522.dat
1 0 -10 -6 130 0 1 0 0 0 1 1 0 0 4522.dat
1 72 20 -16 0 1 0 0 0 1 0 0 0 1 85943.dat
1 72 -50 -16 0 1 0 0 0 1 0 0 0 1 3623.dat
1 72 -50 -16 100 1 0 0 0 1 0 0 0 1 3623.dat
1 72 20 -8 0 0 0 -1 0 1 0 1 0 0 52501.dat
1 72 50 -40 0 0 0 -1 0 1 0 1 0 0 3040b.dat
1 72 50 -40 100 0 0 -1 0 1 0 1 0 0 3040b.dat
1 71 20 16 0 -1 0 0 0 1 0 0 0 -1 3710.dat
1 71 50 -16 50 0 0 1 0 1 0 -1 0 0 3009.dat
1 71 -20 -40 0 1 0 0 0 1 0 0 0 1 3009.dat
1 71 -20 -56 50 1 0 0 0 1 0 0 0 1 3036.dat
1 71 15.336 -78.457 90 0 -0.533615 0.845728 0 0.845728 0.533615 -1 0 0 6134.dat
1 71 -20 -40 100 1 0 0 0 1 0 0 0 1 3009.dat
1 71 20 -48 110 0 0 -1 0 1 0 1 0 0 41770.dat
1 71 20 -48 -10 0 0 -1 0 1 0 1 0 0 41769.dat
1 71 -60 -56 130 0 0 -1 0 1 0 1 0 0 41770.dat
1 71 -60 -56 -30 0 0 -1 0 1 0 1 0 0 41769.dat
1 72 -40 -48 110 0 0 -1 0 1 0 1 0 0 43719.dat
1 72 -90 -48 110 -1 0 0 0 1 0 0 0 -1 3021.dat
1 72 -90 -48 -10 -1 0 0 0 1 0 0 0 -1 3021.dat
1 72 -40 -48 -10 0 0 -1 0 1 0 1 0 0 43719.dat
1 71 50 -32 50 0 0 1 0 1 0 -1 0 0 3710.dat
1 71 50 -40 50 0 0 1 0 1 0 -1 0 0 3710.dat
1 72 50 -48 70 0 0 -1 0 1 0 1 0 0 32028.dat
1 72 -90 -64 50 0 0 1 0 1 0 -1 0 0 32028.dat
1 72 -10 -80 90 0 0 1 0 1 0 -1 0 0 30363.dat
1 72 28.062 -79.886 90 0 -0.533615 0.845728 0 0.845728 0.533615 -1 0 0 3068b.dat
1 72 30 -56 90 0 0 -1 0 1 0 1 0 0 85984.dat
1 72 10 -80 90 0 0 -1 0 1 0 1 0 0 3937.dat
1 72 -70 -64 50 0 0 1 0 1 0 -1 0 0 2412b.dat
1 72 -50 -64 50 0 0 1 0 1 0 -1 0 0 2412b.dat
1 72 -30 -64 50 0 0 1 0 1 0 -1 0 0 2412b.dat
1 72 -110 -80 110 0 0 1 0 1 0 -1 0 0 2432.dat
1 72 -110 -80 -10 0 0 1 0 1 0 -1 0 0 2432.dat
1 72 50 -48 30 0 0 -1 0 1 0 1 0 0 32028.dat
1 19 50 -24 70 0 0 -1 0 1 0 1 0 0 44728.dat
1 19 50 -24 30 0 0 -1 0 1 0 1 0 0 44728.dat
1 71 -50 -6 70 0 0 -1 0 1 0 1 0 0 32013.dat
1 71 -50 -6 30 0 0 -1 0 1 0 1 0 0 32013.dat
1 0 -10 -16 50 0 0 1 0 1 0 -1 0 0 3894.dat
1 0 72 16 50 0 -1 0 0 0 1 -1 0 0 6179.dat
1 70 80 46 50 0 -1 0 0 0 1 -1 0 0 2412b.dat
1 43 80 46 20 0 -1 0 0 0 1 -1 0 0 98138.dat
1 43 80 46 80 0 -1 0 0 0 1 -1 0 0 98138.dat
1 1 -20 -6 70 -1 0 0 0 1 0 0 0 -1 43093.dat
1 1 -20 -6 30 -1 0 0 0 1 0 0 0 -1 43093.dat
1 0 20 24 100 -1 0 0 0 1 0 0 0 -1 3700.dat
1 0 -40 -64 -10 -1 0 0 0 1 0 0 0 -1 4150.dat
1 72 20 -16 100 -1 0 0 0 1 0 0 0 -1 85943.dat
1 72 20 -8 100 0 0 1 0 1 0 -1 0 0 52501.dat
1 71 20 16 100 1 0 0 0 1 0 0 0 1 3710.dat
0
0 FILE Part 4.ldr
0 Part 4
0 Name: Part 4.ldr
0 Author: LDraw
0 Unofficial Model
0 ROTATION CENTER 0 0 0 1 "Custom" 
0 ROTATION CONFIG 0 0
1 0 0 0 0 1 0 0 0 1 0 0 0 1 87082.dat
1 1 0 10 0 0 -1 0 1 0 0 0 0 1 43093.dat
1 0 0 40 0 0 -1 0 0 0 1 -1 0 0 32013.dat
1 0 0 40 -162 0 -1 0 0 0 1 -1 0 0 32054.dat
1 71 0 40 -90 0 -1 0 0 0 1 -1 0 0 2714.dat
0 
0
0 FILE Part 5.ldr
0 Part 5
0 Name: Part 5.ldr
0 Author: LDraw
0 Unofficial Model
0 ROTATION CENTER 0 0 0 1 "Custom" 
0 ROTATION CONFIG 0 0
1 71 10 -0 0 1 0 0 0 1 0 0 0 1 32333.dat
1 71 -34 42 15 1 0 0 0 1 0 0 0 1 32123a.dat
1 71 -34 42 25 1 0 0 0 1 0 0 0 1 32123a.dat
1 28 -34 42 0 0 0.173648 0.984808 0 0.984808 -0.173648 -1 0 0 6587.dat
1 71 56 42 15 1 0 0 0 1 0 0 0 1 32123a.dat
1 71 -34 42 -20 1 0 0 0 1 0 0 0 1 42610.dat
1 71 56 42 -20 1 0 0 0 1 0 0 0 1 42610.dat
1 71 56 42 25 1 0 0 0 1 0 0 0 1 32123a.dat
1 28 56 42 0 0 -0.186524 0.98245 0 0.98245 0.186524 -1 0 0 6587.dat
1 71 10 250 0 1 0 0 0 0 -1 0 1 0 60484.dat
1 71 10 -30 -40 1 0 0 0 0 1 0 -1 0 60484.dat
1 71 10 190 0 0 0 -1 -1 0 0 0 1 0 32523.dat
1 0 10 70 -40 0 0 -1 -1 0 0 0 1 0 32523.dat
1 72 -10 110 -20 1 0 0 0 0 -1 0 1 0 32525.dat
1 72 -70.707 309.23 -20 -0.594823 0 0.803857 -0.803857 0 -0.594823 0 -1 0 6629.dat
1 72 -22.475 273.54 -38 -0.594823 0 -0.803857 -0.803857 0 0.594823 0 1 0 4073.dat
1 72 -54.627 297.333 -46 -0.594823 0 -0.803857 -0.803857 0 0.594823 0 1 0 43898.dat
1 71 -54.627 297.333 -54 -0.594823 0 -0.803857 -0.803857 0 0.594823 0 1 0 4740.dat
1 72 10 -30 -20 1 0 0 0 0 1 0 -1 0 44224.dat
1 72 10 -30 -10 0 -1 0 0 0 1 -1 0 0 87083.dat
1 72 10 40 -38 -1 0 0 0 0 1 0 1 0 3021.dat
1 72 10 -10 -58 -1 0 0 0 0 1 0 1 0 4032b.dat
1 72 10 -10 -74 -1 0 0 0 0 1 0 1 0 4032b.dat
1 71 10 -10 -66 -1 0 0 0 0 1 0 1 0 44375a.dat
1 72 10 230 -38 -1 0 0 0 0 1 0 1 0 11212.dat
1 330 10 230 -46 -1 0 0 0 0 1 0 1 0 60474.dat
1 71 10 230 -62 -1 0 0 0 0 1 0 1 0 3960.dat
1 72 -10 180 -38 0 0 1 1 0 0 0 1 0 3794b.dat
1 72 30 180 -38 0 0 1 1 0 0 0 1 0 3794b.dat
1 72 30 120 -38 0 0 1 1 0 0 0 1 0 2431.dat
1 72 -10 120 -38 0 0 1 1 0 0 0 1 0 2431.dat
1 72 54.133 51.825 -38 -0.186524 0 0.98245 0.98245 0 0.186524 0 1 0 3023.dat
1 72 42.946 110.771 -46 -0.186524 0 0.98245 0.98245 0 0.186524 0 1 0 3460.dat
1 72 -32.262 51.849 -38 0.173648 0 0.984808 0.984808 0 -0.173648 0 1 0 3023.dat
1 72 -21.847 110.936 -46 0.173648 0 0.984808 0.984808 0 -0.173648 0 1 0 3460.dat
1 71 30 130 -20 1 0 0 0 0 -1 0 1 0 41239.dat
1 0 -10 50 -10 0 0 1 0 1 0 -1 0 0 2780.dat
1 1 -10 10 -20 0 0 1 0 1 0 -1 0 0 6558.dat
1 1 10 10 -20 0 0 1 0 1 0 -1 0 0 6558.dat
1 1 30 10 -20 0 0 1 0 1 0 -1 0 0 6558.dat
1 1 30 30 -30 0 0 1 0 1 0 -1 0 0 4274.dat
1 1 -10 30 -30 0 0 1 0 1 0 -1 0 0 4274.dat
1 1 30 230 -30 0 0 1 0 1 0 -1 0 0 4274.dat
1 1 30 250 -30 0 0 1 0 1 0 -1 0 0 4274.dat
1 1 10 210 -30 0 0 1 0 1 0 -1 0 0 4274.dat
1 1 10 230 -30 0 0 1 0 1 0 -1 0 0 4274.dat
1 1 30 150 -30 0 0 1 0 1 0 -1 0 0 4274.dat
1 1 30 170 -30 0 0 1 0 1 0 -1 0 0 4274.dat
1 1 10 190 -10 0 0 1 0 1 0 -1 0 0 43093.dat
1 1 10 -10 -51 0 0 1 0 1 0 -1 0 0 43093.dat
1 1 -10 150 -30 0 0 1 0 1 0 -1 0 0 4274.dat
1 1 30 90 -30 0 0 1 0 1 0 -1 0 0 4274.dat
1 1 -10 90 -30 0 0 1 0 1 0 -1 0 0 4274.dat
1 1 -10 170 -30 0 0 1 0 1 0 -1 0 0 4274.dat
1 0 10 50 -10 0 0 1 0 1 0 -1 0 0 2780.dat
1 0 30 50 -10 0 0 1 0 1 0 -1 0 0 2780.dat
1 71 -10 70 -30 0 0 1 0 1 0 -1 0 0 3673.dat
1 71 30 70 -30 0 0 1 0 1 0 -1 0 0 3673.dat
1 0 -10 210 -10 0 0 1 0 1 0 -1 0 0 2780.dat
1 0 30 210 -10 0 0 1 0 1 0 -1 0 0 2780.dat
1 0 -10 190 -10 0 0 1 0 1 0 -1 0 0 2780.dat
1 0 30 190 -10 0 0 1 0 1 0 -1 0 0 2780.dat
1 0 9.68 249.748 -10 0 0.594823 0.803857 0 0.803857 -0.594823 -1 0 0 2780.dat
1 0 -6.386 261.642 -10 0 0.594823 0.803857 0 0.803857 -0.594823 -1 0 0 2780.dat
1 1 -22.475 273.54 -30 0 0.594823 0.803857 0 0.803857 -0.594823 -1 0 0 4274.dat
1 0 -54.627 297.333 -10 0 -0.970296 0.241922 0 0.241922 0.970296 -1 0 0 2780.dat
1 71 -6.386 261.642 0 0 0.594823 0.803857 0 0.803857 -0.594823 -1 0 0 32013.dat
1 71 -54.627 297.333 -61 0.594823 0 0.803857 0.803857 0 -0.594823 0 1 0 30374.dat
1 4 -30.513 279.487 0 0.803857 0.594823 0 -0.594823 0.803857 0 0 0 1 32062.dat
1 71 -54.627 297.333 0 0 -0.970296 -0.241922 0 0.241922 -0.970296 1 0 0 32015.dat
1 71 -44.952 336.146 0 -0.241922 -0.970296 0 -0.970296 0.241922 0 0 0 -1 4519.dat
1 71 -42.007 349.789 0 -0.970296 0.241922 0 0.241922 0.970296 0 0 0 -1 Part 7.ldr
0
0 FILE Part 6.ldr
0 Part 6
0 Name: Part 6.ldr
0 Author: LDraw
0 Unofficial Model
0 ROTATION CENTER 0 0 0 1 "Custom" 
0 ROTATION CONFIG 0 0
1 71 10 0 40 1 0 0 0 1 0 0 0 1 32333.dat
1 71 -34 42 15 1 0 0 0 1 0 0 0 1 32123a.dat
1 71 -34 42 25 1 0 0 0 1 0 0 0 1 32123a.dat
1 28 -34 42 40 0 -0.173648 -0.984808 0 0.984808 -0.173648 1 0 0 6587.dat
1 71 56 42 15 1 0 0 0 1 0 0 0 1 32123a.dat
1 71 -34 42 60 1 0 0 0 1 0 0 0 1 42610.dat
1 71 56 42 60 1 0 0 0 1 0 0 0 1 42610.dat
1 71 56 42 25 1 0 0 0 1 0 0 0 1 32123a.dat
1 28 56 42 40 0 0.186524 -0.98245 0 0.98245 0.186524 1 0 0 6587.dat
1 71 10 250 40 1 0 0 0 0 -1 0 1 0 60484.dat
1 71 10 -30 80 1 0 0 0 0 1 0 -1 0 60484.dat
1 71 10 190 40 0 0 -1 -1 0 0 0 1 0 32523.dat
1 0 10 70 80 0 0 -1 -1 0 0 0 1 0 32523.dat
1 72 -10 110 60 1 0 0 0 0 -1 0 1 0 32525.dat
1 72 -70.707 309.23 60 -0.594823 0 0.803857 -0.803857 0 -0.594823 0 -1 0 6629.dat
1 72 -22.475 273.54 78 0.594823 0 0.803857 -0.803857 0 0.594823 0 -1 0 4073.dat
1 72 -54.627 297.333 86 0.594823 0 0.803857 -0.803857 0 0.594823 0 -1 0 43898.dat
1 71 -54.627 297.333 94 0.594823 0 0.803857 -0.803857 0 0.594823 0 -1 0 4740.dat
1 72 10 -30 60 -1 0 0 0 0 1 0 1 0 44224.dat
1 72 10 -30 50 0 1 0 0 0 1 1 0 0 87083.dat
1 72 10 40 78 1 0 0 0 0 1 0 -1 0 3021.dat
1 72 10 -10 98 1 0 0 0 0 1 0 -1 0 4032b.dat
1 72 10 -10 114 1 0 0 0 0 1 0 -1 0 4032b.dat
1 71 10 -10 106 1 0 0 0 0 1 0 -1 0 44375a.dat
1 72 10 230 78 1 0 0 0 0 1 0 -1 0 11212.dat
1 330 10 230 86 1 0 0 0 0 1 0 -1 0 60474.dat
1 71 10 230 102 1 0 0 0 0 1 0 -1 0 3960.dat
1 72 -10 180 78 0 0 -1 1 0 0 0 -1 0 3794b.dat
1 72 30 180 78 0 0 -1 1 0 0 0 -1 0 3794b.dat
1 72 30 120 78 0 0 -1 1 0 0 0 -1 0 2431.dat
1 72 -10 120 78 0 0 -1 1 0 0 0 -1 0 2431.dat
1 72 -32.867 51.825 78 0.186524 0 -0.98245 0.98245 0 0.186524 0 -1 0 3023.dat
1 72 -21.68 110.771 86 0.186524 0 -0.98245 0.98245 0 0.186524 0 -1 0 3460.dat
1 72 53.528 51.849 78 -0.173648 0 -0.984808 0.984808 0 -0.173648 0 -1 0 3023.dat
1 72 43.113 110.936 86 -0.173648 0 -0.984808 0.984808 0 -0.173648 0 -1 0 3460.dat
1 71 30 130 60 1 0 0 0 0 -1 0 1 0 41239.dat
1 0 -10 50 50 0 0 1 0 1 0 -1 0 0 2780.dat
1 1 30 10 60 0 0 -1 0 1 0 1 0 0 6558.dat
1 1 10 10 60 0 0 -1 0 1 0 1 0 0 6558.dat
1 1 -10 10 60 0 0 -1 0 1 0 1 0 0 6558.dat
1 1 30 30 70 0 0 -1 0 1 0 1 0 0 4274.dat
1 1 -10 30 70 0 0 -1 0 1 0 1 0 0 4274.dat
1 1 30 230 70 0 0 -1 0 1 0 1 0 0 4274.dat
1 1 30 250 70 0 0 -1 0 1 0 1 0 0 4274.dat
1 1 10 210 70 0 0 -1 0 1 0 1 0 0 4274.dat
1 1 10 230 70 0 0 -1 0 1 0 1 0 0 4274.dat
1 1 30 150 70 0 0 -1 0 1 0 1 0 0 4274.dat
1 1 30 170 70 0 0 -1 0 1 0 1 0 0 4274.dat
1 1 10 190 50 0 0 -1 0 1 0 1 0 0 43093.dat
1 1 10 -10 91 0 0 -1 0 1 0 1 0 0 43093.dat
1 1 -10 150 70 0 0 -1 0 1 0 1 0 0 4274.dat
1 1 30 90 70 0 0 -1 0 1 0 1 0 0 4274.dat
1 1 -10 90 70 0 0 -1 0 1 0 1 0 0 4274.dat
1 1 -10 170 70 0 0 -1 0 1 0 1 0 0 4274.dat
1 0 10 50 50 0 0 1 0 1 0 -1 0 0 2780.dat
1 0 30 50 50 0 0 1 0 1 0 -1 0 0 2780.dat
1 71 -10 70 70 0 0 1 0 1 0 -1 0 0 3673.dat
1 71 30 70 70 0 0 1 0 1 0 -1 0 0 3673.dat
1 0 -10 210 50 0 0 1 0 1 0 -1 0 0 2780.dat
1 0 30 210 50 0 0 1 0 1 0 -1 0 0 2780.dat
1 0 -10 190 50 0 0 1 0 1 0 -1 0 0 2780.dat
1 0 30 190 50 0 0 1 0 1 0 -1 0 0 2780.dat
1 0 9.68 249.748 50 0 0.594823 0.803857 0 0.803857 -0.594823 -1 0 0 2780.dat
1 0 -6.386 261.642 50 0 0.594823 0.803857 0 0.803857 -0.594823 -1 0 0 2780.dat
1 1 -22.475 273.54 70 0 -0.594823 -0.803857 0 0.803857 -0.594823 1 0 0 4274.dat
1 0 -54.627 297.333 50 0 -0.970296 0.241922 0 0.241922 0.970296 -1 0 0 2780.dat
1 71 -6.386 261.642 40 0 0.594823 0.803857 0 0.803857 -0.594823 -1 0 0 32013.dat
1 71 -54.627 297.333 101 -0.594823 0 -0.803857 0.803857 0 -0.594823 0 -1 0 30374.dat
1 4 -30.513 279.487 40 0.803857 0.594823 0 -0.594823 0.803857 0 0 0 1 32062.dat
1 71 -54.627 297.333 40 0 -0.970296 -0.241922 0 0.241922 -0.970296 1 0 0 32015.dat
1 71 -44.952 336.146 40 -0.241922 -0.970296 0 -0.970296 0.241922 0 0 0 -1 4519.dat
1 71 -42.007 349.789 40 -0.970296 0.241922 0 0.241922 0.970296 0 0 0 -1 Part 7.ldr
0
0 FILE Part 7.ldr
0 Part 7
0 Name: Part 7.ldr
0 Author: LDraw
0 Unofficial Model
0 ROTATION CENTER 0 0 0 1 "Custom" 
0 ROTATION CONFIG 0 0
1 71 0 8 0 1 0 0 0 1 0 0 0 1 11213.dat
1 71 -60 -8 0 0 0 1 0 1 0 -1 0 0 93606.dat
1 71 0 -8 60 -1 0 0 0 1 0 0 0 -1 93606.dat
1 71 60 -8 0 0 0 -1 0 1 0 1 0 0 93606.dat
1 71 0 -8 -60 1 0 0 0 1 0 0 0 1 93606.dat
1 19 0 -16 0 1 0 0 0 1 0 0 0 1 6143.dat
1 72 0 -24 0 1 0 0 0 1 0 0 0 1 3961.dat
1 72 70 16 20 0 0 -1 0 1 0 1 0 0 43723.dat
1 72 70 16 -20 0 0 -1 0 1 0 1 0 0 43722.dat
1 72 -20 16 70 -1 0 0 0 1 0 0 0 -1 43723.dat
1 72 20 16 70 -1 0 0 0 1 0 0 0 -1 43722.dat
1 72 -70 16 -20 0 0 1 0 1 0 -1 0 0 43723.dat
1 72 -70 16 20 0 0 1 0 1 0 -1 0 0 43722.dat
1 72 20 16 -70 1 0 0 0 1 0 0 0 1 43723.dat
1 72 -20 16 -70 1 0 0 0 1 0 0 0 1 43722.dat
0
0 FILE Part 8.ldr
0 Part 8
0 Name: Part 8.ldr
0 Author: LDraw
0 Unofficial Model
0 ROTATION CENTER 0 0 0 1 "Custom" 
0 ROTATION CONFIG 0 0
1 71 -30 16 0 0 0 -1 -1 0 0 0 1 0 33299a.dat
1 71 -50 -14 -10 0 0 -1 1 0 0 0 -1 0 2736.dat
1 71 -50 -4 -10 0 1 0 0 0 -1 -1 0 0 32039.dat
1 71 -30 16 -20 0 0 -1 1 0 0 0 -1 0 33299a.dat
1 0 -30 16 -10 0 0 -1 0 1 0 1 0 0 32062.dat
1 0 -50 16 -10 0 0 -1 0 1 0 1 0 0 32062.dat
0
0 FILE Part 9.ldr
0 Part 9
0 Name: Part 9.ldr
0 Author: LDraw
0 Unofficial Model
0 ROTATION CENTER 0 0 0 1 "Custom" 
0 ROTATION CONFIG 0 0
1 0 30 24 0 1 0 0 0 1 0 0 0 1 4477.dat
1 0 20 8 10 0 0 -1 0 1 0 1 0 0 3794b.dat
1 0 20 8 50 0 0 -1 0 1 0 1 0 0 3794b.dat
1 0 0 8 10 0 0 -1 0 1 0 1 0 0 3794b.dat
1 0 0 8 50 0 0 -1 0 1 0 1 0 0 3794b.dat
1 0 -20 8 10 0 0 -1 0 1 0 1 0 0 3794b.dat
1 0 -20 8 50 0 0 -1 0 1 0 1 0 0 3794b.dat
1 0 -40 8 10 0 0 -1 0 1 0 1 0 0 3794b.dat
1 0 -40 8 50 0 0 -1 0 1 0 1 0 0 3794b.dat
1 0 30 24 60 1 0 0 0 1 0 0 0 1 4477.dat
1 70 -10 24 30 1 0 0 0 1 0 0 0 1 3020.dat
1 70 -10 64 30 1 0 0 0 1 0 0 0 1 3020.dat
1 0 40 24 30 0 0 1 0 1 0 -1 0 0 76766.dat
1 71 -20 16 30 0 0 -1 0 1 0 1 0 0 3710.dat
1 71 -10 0 30 -1 0 0 0 1 0 0 0 -1 3710.dat
1 71 -10 0 50 -1 0 0 0 1 0 0 0 -1 44568.dat
1 71 30 12.158 141.56 -1 0 0 0 0.92388 -0.382683 0 -0.382683 -0.92388 Part 14.ldr
1 71 30 -10.803 -26.127 -1 0 0 0 0.92388 0.382683 0 0.382683 -0.92388 Part 15.ldr
1 71 -10 0 10 1 0 0 0 1 0 0 0 1 44568.dat
1 71 110 16 30 0 0 -1 0 1 0 1 0 0 3032.dat
1 72 30 16 30 0 0 -1 0 1 0 1 0 0 3031.dat
1 72 -10 32 30 0 0 -1 0 1 0 1 0 0 3031.dat
1 71 -30 40 40 -1 0 0 0 1 0 0 0 -1 32000.dat
1 71 -30 40 20 -1 0 0 0 1 0 0 0 -1 32000.dat
1 72 0 50 0 0 0 -1 1 0 0 0 -1 0 32140.dat
1 71 10 40 40 -1 0 0 0 1 0 0 0 -1 32000.dat
1 71 10 40 20 -1 0 0 0 1 0 0 0 -1 32000.dat
1 71 -68.167 44.227 30 0 0.816642 0.577145 0 0.577145 -0.816642 -1 0 0 2817.dat
1 72 90 8 60 -1 0 0 0 1 0 0 0 -1 3666.dat
1 72 90 8 0 -1 0 0 0 1 0 0 0 -1 3666.dat
1 71 90 0 60 -1 0 0 0 1 0 0 0 -1 3666.dat
1 71 90 -8 60 -1 0 0 0 1 0 0 0 -1 3023.dat
1 71 90 -8 0 -1 0 0 0 1 0 0 0 -1 3023.dat
1 71 90 0 0 -1 0 0 0 1 0 0 0 -1 3666.dat
1 72 90 8 40 -1 0 0 0 1 0 0 0 -1 6636.dat
1 72 0 -8 30 -1 0 0 0 1 0 0 0 -1 11212.dat
1 72 94.371 -1.046 30 -0.969231 0.246153 0 0.246153 0.969231 0 0 0 -1 Part 13.ldr
1 72 130 -8 60 0 0 -1 0 1 0 1 0 0 92946.dat
1 72 130 -8 0 0 0 -1 0 1 0 1 0 0 92946.dat
1 72 90 8 20 -1 0 0 0 1 0 0 0 -1 6636.dat
1 330 90 8 -20 -1 0 0 0 1 0 0 0 -1 6636.dat
1 330 -40 -8 30 0 0 1 0 1 0 -1 0 0 63864.dat
1 330 90 8 80 -1 0 0 0 1 0 0 0 -1 6636.dat
1 71 -40 16 30 0 0 -1 0 1 0 1 0 0 3023.dat
1 72 -50 16 60 -1 0 0 0 1 0 0 0 -1 11458.dat
1 72 -50 16 0 -1 0 0 0 1 0 0 0 -1 11458.dat
1 72 110 -16 0 1 0 0 0 1 0 0 0 1 11458.dat
1 72 110 -16 60 1 0 0 0 1 0 0 0 1 11458.dat
1 72 70 -24 60 0 0 1 0 1 0 -1 0 0 61678.dat
1 72 70 -24 0 0 0 1 0 1 0 -1 0 0 61678.dat
1 0 120 -22 60 0 0 1 0 1 0 -1 0 0 32054.dat
1 0 120 -22 0 0 0.246153 -0.969231 0 0.969231 0.246153 1 0 0 32054.dat
1 72 -130 -6 20 -1 0 0 0 1 0 0 0 -1 Part 8.ldr
1 72 0 50 60 0 0 -1 1 0 0 0 -1 0 32140.dat
1 1 0 50 10 0 0 -1 0 -1 0 -1 0 0 43093.dat
1 1 0 50 50 0 0 1 0 -1 0 1 0 0 43093.dat
1 0 -20 50 50 0 0 1 0 -1 0 1 0 0 2780.dat
1 0 -40 50 50 0 0 1 0 -1 0 1 0 0 2780.dat
1 0 -20 50 10 0 0 1 0 -1 0 1 0 0 2780.dat
1 0 -40 50 10 0 0 1 0 -1 0 1 0 0 2780.dat
1 0 -60 50 50 0 0 1 0 -1 0 1 0 0 2780.dat
1 0 -60 50 10 0 -0.816642 0.577145 0 -0.577145 -0.816642 1 0 0 2780.dat
0
0 FILE Part 10.ldr
0 Part 10
0 Name: Part 10.ldr
0 Author: LDraw
0 Unofficial Model
0 ROTATION CENTER 0 0 0 1 "Custom" 
0 ROTATION CONFIG 0 0
1 71 -40 24 0 0 0 -1 0 1 0 1 0 0 3021.dat
1 71 -40 8 10 0 0 -1 0 1 0 1 0 0 90194.dat
1 72 -10 16 0 0 0 -1 0 1 0 1 0 0 2450.dat
1 72 -60 16 0 -1 0 0 0 1 0 0 0 -1 44302.dat
1 72 -70 16 10 -1 0 0 0 1 0 0 0 -1 61409.dat
1 72 -60 16 -20 -1 0 0 0 1 0 0 0 -1 44302.dat
1 0 -60 16 20 -1 0 0 0 1 0 0 0 -1 3023.dat
0
0 FILE Part 11.ldr
0 Part 11
0 Name: Part 11.ldr
0 Author: LDraw
0 Unofficial Model
0 ROTATION CENTER 0 0 0 1 "Custom" 
0 ROTATION CONFIG 0 0
1 71 -40 24 -20 0 0 -1 0 1 0 1 0 0 3021.dat
1 71 -40 8 -30 0 0 -1 0 1 0 1 0 0 90194.dat
1 72 -10 16 -20 1 0 0 0 1 0 0 0 1 2450.dat
1 72 -60 16 0 -1 0 0 0 1 0 0 0 -1 44302.dat
1 72 -70 16 -30 1 0 0 0 1 0 0 0 1 61409.dat
1 72 -60 16 -20 -1 0 0 0 1 0 0 0 -1 44302.dat
1 0 -60 16 -40 -1 0 0 0 1 0 0 0 -1 3023.dat
0
0 FILE Part 12.ldr
0 Part 12
0 Name: Part 12.ldr
0 Author: LDraw
0 Unofficial Model
0 ROTATION CENTER 0 0 0 1 "Custom" 
0 ROTATION CONFIG 0 0
1 72 20 24 0 1 0 0 0 1 0 0 0 1 2654.dat
1 71 30 16 0 0 0 -1 0 1 0 1 0 0 3023.dat
1 71 -30 0 0 0 0 -1 0 1 0 1 0 0 3023.dat
1 71 41.391 -46.939 0 0 0.92388 0.382683 0 0.382683 -0.92388 -1 0 0 6019.dat
1 72 34 -50 0 0 0.92388 0.382683 0 0.382683 -0.92388 -1 0 0 3070b.dat
1 71 -150 -16 0 0 0 -1 0 1 0 1 0 0 4073.dat
1 71 -120 -16 0 -1 0 0 0 1 0 0 0 -1 99207.dat
1 71 -80 -16 0 1 0 0 0 1 0 0 0 1 99207.dat
1 71 -10 0 0 0 0 -1 0 1 0 1 0 0 3069b.dat
1 0 -130 24 0 0 0 -1 0 1 0 1 0 0 3023.dat
1 0 -80 8 0 0 0 -1 0 1 0 1 0 0 4032b.dat
1 72 -80 0 0 0 0 -1 0 1 0 1 0 0 4032b.dat
1 72 -120 -48 0 1 0 0 0 1 0 0 0 1 44728.dat
1 72 -120 -48 0 0 0 -1 0 1 0 1 0 0 61409.dat
1 72 -110 -18 -38 0 0 -1 -1 0 0 0 1 0 43710.dat
1 72 -110 -18 38 0 0 -1 1 0 0 0 -1 0 43711.dat
1 72 -130 -18 38 1 0 0 0 0 1 0 -1 0 3040b.dat
1 72 -130 -18 -38 -1 0 0 0 0 1 0 1 0 3040b.dat
1 71 -150 -40 0 0 0 1 0 1 0 -1 0 0 54200.dat
1 72 -80 -48 0 -1 0 0 0 1 0 0 0 -1 44728.dat
1 0 -110 8 0 0 0 1 0 1 0 -1 0 0 3839b.dat
1 0 -150 -8 0 0 0 1 0 1 0 -1 0 0 3794b.dat
1 0 -130 -8 0 0 0 1 0 1 0 -1 0 0 3794b.dat
1 0 -110 -8 0 0 0 1 0 1 0 -1 0 0 3794b.dat
1 0 -80 -8 0 0 0 1 0 1 0 -1 0 0 87580.dat
1 0 -70 -40 0 0 0 1 0 1 0 -1 0 0 6541.dat
1 35 -120 -40 0 0 0 1 0 1 0 -1 0 0 15400c01.dat
1 0 -140 8 0 -1 0 0 0 1 0 0 0 -1 10247.dat
1 0 -160 18 0 -1 0 0 0 1 0 0 0 -1 2780.dat
1 0 -352 18 0 -1 0 0 0 1 0 0 0 -1 32054.dat
1 320 -180 18 0 -1 0 0 0 -1 0 0 0 1 62462.dat
1 330 -80 24 0 0 0 -1 0 1 0 1 0 0 60474.dat
1 71 -60 16 0 -1 0 0 0 1 0 0 0 -1 3738.dat
1 71 -280 18 0 -1 0 0 0 1 0 0 0 -1 2714.dat
1 71 20 0 10 1 0 0 0 1 0 0 0 1 63868.dat
1 71 20 0 -10 1 0 0 0 1 0 0 0 1 63868.dat
1 72 10 8 0 -1 0 0 0 1 0 0 0 -1 3021.dat
1 72 -30 0 0 0 0 -1 0 1 0 1 0 0 85984.dat
1 72 30 -32 0 0 0 1 0 1 0 -1 0 0 2432.dat
1 72 -130 0 0 -1 0 0 0 1 0 0 0 -1 3021.dat
1 72 -40 8 0 0 0 1 0 1 0 -1 0 0 43719.dat
0
0 FILE Part 13.ldr
0 Part 13
0 Name: Part 13.ldr
0 Author: LDraw
0 Unofficial Model
0 ROTATION CENTER 0 0 0 1 "Custom" 
0 ROTATION CONFIG 0 0
1 71 0 -24 0 0 0 1 0 1 0 -1 0 0 11215.dat
1 71 -30 -24 10 0 0 1 0 1 0 -1 0 0 11477.dat
1 71 -30 -24 -10 0 0 1 0 1 0 -1 0 0 11477.dat
1 72 -30 -24 0 -1 0 0 0 1 0 0 0 -1 48169.dat
1 0 -70 -14 0 -1 0 0 0 1 0 0 0 -1 2780.dat
1 71 -90 -14 0 -1 0 0 0 -1 0 0 0 1 62462.dat
1 0 -190 -14 0 -1 0 0 0 1 0 0 0 -1 2780.dat
1 71 -210 -14 0 -1 0 0 0 -1 0 0 0 1 62462.dat
1 71 -170 -14 0 -1 0 0 0 -1 0 0 0 1 62462.dat
1 1 -150 -14 0 1 0 0 0 -1 0 0 0 -1 3749.dat
1 1 -110 -14 0 -1 0 0 0 -1 0 0 0 1 3749.dat
1 0 -130 -14 0 0 0 -1 0 -1 0 -1 0 0 59443.dat
1 0 -230 -14 0 -1 0 0 0 1 0 0 0 -1 2780.dat
1 71 -250 -14 0 -1 0 0 0 -1 0 0 0 1 62462.dat
1 0 -270 -14 0 -1 0 0 0 1 0 0 0 -1 2780.dat
1 71 -290 -14 0 -1 0 0 0 -1 0 0 0 1 62462.dat
1 0 -310 -14 0 -1 0 0 0 1 0 0 0 -1 2780.dat
1 71 -330 -14 0 -1 0 0 0 -1 0 0 0 1 62462.dat
1 72 -350 -14 0 0 -1 0 -1 0 0 0 0 -1 4588.dat
1 72 -382 -14.142 0 0 1 0 -1 0 0 0 0 1 4032b.dat
1 72 -422 -14 0 0 1 0 -1 0 0 0 0 1 4588.dat
1 72 -446 -14 0 0 1 0 -1 0 0 0 0 1 4589.dat
1 72 -390 -14.142 0 0 -1 0 -1 0 0 0 0 -1 4032b.dat
1 72 -390 -14 0 0 -1 0 -1 0 0 0 0 -1 63965.dat
1 72 30 -32 0 0 0 1 0 1 0 -1 0 0 3709b.dat
1 0 30 -40 0 0 0 1 0 1 0 -1 0 0 61485.dat
1 72 0 -32 -10 -1 0 0 0 1 0 0 0 -1 2420.dat
1 72 0 -32 10 0 0 -1 0 1 0 1 0 0 2420.dat
1 72 103.91 -72 30.615 0.92388 0 -0.382683 0 1 0 0.382683 0 0.92388 Part 12.ldr
1 28 30 -44 0 0 -0.92388 -0.382683 1 0 0 0 -0.382683 0.92388 6587.dat
0
0 FILE Part 14.ldr
0 Part 14
0 Name: Part 14.ldr
0 Author: LDraw
0 Unofficial Model
0 ROTATION CENTER 0 0 0 1 "Custom" 
0 ROTATION CONFIG 0 0
1 71 40 24 0 0 0 1 0 1 0 -1 0 0 41770.dat
1 71 -40 8 30 0 0 1 0 1 0 -1 0 0 50305.dat
1 72 40 16 40 1 0 0 0 1 0 0 0 1 44570.dat
0
0 FILE Part 15.ldr
0 Part 15
0 Name: Part 15.ldr
0 Author: LDraw
0 Unofficial Model
0 ROTATION CENTER 0 0 0 1 "Custom" 
0 ROTATION CONFIG 0 0
1 71 40 24 60 0 0 1 0 1 0 -1 0 0 41769.dat
1 71 -40 8 30 0 0 1 0 1 0 -1 0 0 50304.dat
1 72 40 16 20 -1 0 0 0 1 0 0 0 -1 44570.dat
0
0 FILE Part 16.ldr
0 Part 16
0 Name: Part 16.ldr
0 Author: LDraw
0 Unofficial Model
0 ROTATION CENTER 0 0 0 1 "Custom" 
0 ROTATION CONFIG 0 0
1 71 0 8 0 1 0 0 0 1 0 0 0 1 4519.dat
1 0 -20 8 0 0 -1 0 -1 0 0 0 0 -1 60483.dat
1 0 20 8 0 0 -1 0 -1 0 0 0 0 -1 60483.dat
1 0 0 8 0 0 -1 0 1 0 0 0 0 1 60483.dat
0
0 FILE Part 17.ldr
0 Part 17
0 Name: Part 17.ldr
0 Author: LDraw
0 Unofficial Model
0 ROTATION CENTER 0 0 0 1 "Custom" 
0 ROTATION CONFIG 0 0
1 71 0 8 0 1 0 0 0 1 0 0 0 1 4519.dat
1 71 -20 8 0 0 -1 0 -1 0 0 0 0 -1 32348.dat
1 71 -39 8 -60 0 0 1 0.707107 -0.707107 0 0.707107 0.707107 0 4697b.dat
1 71 38 8 -60 0 0 1 0.707107 -0.707107 0 0.707107 0.707107 0 4697b.dat
1 71 -38 -24 -84 0 1 0 0.801254 0 0.598325 0.598325 0 -0.801254 63864.dat
1 71 38 -24 -84 0 -1 0 -0.803857 0 0.594823 -0.594823 0 -0.803857 63864.dat
1 71 20 8 0 0 -1 0 -1 0 0 0 0 -1 32348.dat
1 0 0 8 0 0 -1 0 1 0 0 0 0 1 60483.dat
1 1 0 8 20 -1 0 0 0 0 -1 0 -1 0 6558.dat
1 1 -30 8 -40 -1 0 0 0 0 -1 0 -1 0 4274.dat
1 80 -38 8 -40 0 1 0 0 0 -1 -1 0 0 98138.dat
1 72 -54 8 -60 0 1 0 0 0 -1 -1 0 0 43898.dat
1 72 54 8 -60 0 -1 0 0 0 -1 1 0 0 43898.dat
1 80 38 8 -40 0 -1 0 0 0 -1 1 0 0 98138.dat
1 1 30 8 -40 1 0 0 0 0 -1 0 1 0 4274.dat
1 1 -30 8 -60 -1 0 0 0 0 -1 0 -1 0 4274.dat
1 1 30 8 -60 1 0 0 0 0 -1 0 1 0 4274.dat
1 1 -30 -8 -72 -1 0 0 0 -0.803857 -0.594823 0 -0.594823 0.803857 4274.dat
1 1 30 -8 -72 1 0 0 0 -0.803857 -0.594823 0 0.594823 -0.803857 4274.dat
1 1 -30 -24.078 -83.899 -1 0 0 0 -0.803857 -0.594823 0 -0.594823 0.803857 4274.dat
1 1 30 -24.078 -83.899 1 0 0 0 -0.803857 -0.594823 0 0.594823 -0.803857 4274.dat
1 1 0 -56 -108 -1 0 0 0 0 -1 0 -1 0 6558.dat
1 71 0 -40 -96 1 0 0 0 -0.612217 -0.79069 0 0.79069 -0.612217 4519.dat
1 0 0 -40 -96 0 -1 0 -0.612217 0 -0.79069 0.79069 0 -0.612217 60483.dat
0
0 FILE Part 18.ldr
0 Part 18
0 Name: Part 18.ldr
0 Author: LDraw
0 Unofficial Model
0 ROTATION CENTER 0 0 0 1 "Custom" 
0 ROTATION CONFIG 0 0
1 71 -60 16 0 0 -1 0 1 0 0 0 0 1 32316.dat
0 MLCAD HIDE 1 330 -78 16 0 0 1 0 0 0 1 1 0 0 92593.dat
0 MLCAD HIDE 1 330 -2 16 0 0 -1 0 0 0 -1 1 0 0 92593.dat
0 MLCAD HIDE 1 71 6 16 -30 0 -1 0 0 0 -1 1 0 0 4073.dat
0 MLCAD HIDE 1 71 -86 16 -30 0 1 0 0 0 1 1 0 0 4073.dat
0 MLCAD HIDE 1 72 -94 16 -29 0 1 0 0 0 1 1 0 0 43898.dat
0 MLCAD HIDE 1 72 14 16 -29 0 -1 0 0 0 -1 1 0 0 43898.dat
0 MLCAD HIDE 1 72 6 16 30 0 -1 0 0 0 -1 1 0 0 4740.dat
0 MLCAD HIDE 1 72 -86 16 30 0 1 0 0 0 1 1 0 0 4740.dat
1 71 -20 16 0 0 -1 0 1 0 0 0 0 1 32316.dat
1 1 -10 16 20 1 0 0 0 1 0 0 0 1 4274.dat
1 1 -10 16 -20 1 0 0 0 1 0 0 0 1 4274.dat
1 1 -70 16 20 -1 0 0 0 -1 0 0 0 1 4274.dat
1 1 -70 16 -20 -1 0 0 0 -1 0 0 0 1 4274.dat
0
0 FILE Part 19.ldr
0 Part 19
0 Name: Part 19.ldr
0 Author: LDraw
0 Unofficial Model
0 ROTATION CENTER 0 0 0 1 "Custom" 
0 ROTATION CONFIG 0 0
1 1 10 -6 -40 1 0 0 0 1 0 0 0 1 6558.dat
1 72 10 24 -40 1 0 0 0 1 0 0 0 1 4032b.dat
1 72 -50 64 -40 0 0 1 0 1 0 -1 0 0 51739.dat
1 72 10 64 20 -1 0 0 0 1 0 0 0 -1 51739.dat
1 72 70 64 -40 0 0 -1 0 1 0 1 0 0 51739.dat
1 72 10 64 -100 1 0 0 0 1 0 0 0 1 51739.dat
1 28 10 36 -40 0 -1 0 1 0 0 0 0 1 6587.dat
1 72 10 40 -40 1 0 0 0 1 0 0 0 1 4032b.dat
1 72 10 48 -40 1 0 0 0 1 0 0 0 1 4032b.dat
1 71 10 56 -40 -1 0 0 0 1 0 0 0 -1 11213.dat
1 71 -50 64 -50 0 0 1 0 1 0 -1 0 0 11477.dat
1 71 -50 64 -30 0 0 1 0 1 0 -1 0 0 11477.dat
1 71 0 64 20 -1 0 0 0 1 0 0 0 -1 11477.dat
1 71 20 64 20 -1 0 0 0 1 0 0 0 -1 11477.dat
1 71 70 64 -30 0 0 -1 0 1 0 1 0 0 11477.dat
1 71 70 64 -50 0 0 -1 0 1 0 1 0 0 11477.dat
1 71 -50 64 -30 0 0 1 0 1 0 -1 0 0 11477.dat
1 71 20 64 -100 1 0 0 0 1 0 0 0 1 11477.dat
1 71 0 64 -100 1 0 0 0 1 0 0 0 1 11477.dat
1 71 10 32 -40 1 0 0 0 1 0 0 0 1 44375a.dat
1 71 10 -6 -40 1 0 0 0 0 -1 0 1 0 32013.dat
0
0 FILE Part 20.ldr
0 Part 20
0 Name: Part 20.ldr
0 Author: LDraw
0 Unofficial Model
0 ROTATION CENTER 0 0 0 1 "Custom" 
0 ROTATION CONFIG 0 0
1 0 -10 8 0 1 0 0 0 1 0 0 0 1 4477.dat
1 0 -90 0 40 -1 0 0 0 1 0 0 0 -1 30043.dat
1 0 60 -8 0 -1 0 0 0 1 0 0 0 -1 60897.dat
1 72 -30 -8 0 1 0 0 0 1 0 0 0 1 3460.dat
1 72 10 -16 50 1 0 0 0 1 0 0 0 1 92107.dat
1 72 -80 -8 80 -1 0 0 0 1 0 0 0 -1 2450.dat
1 72 -140 -8 20 -1 0 0 0 1 0 0 0 -1 2450.dat
1 72 100 -8 50 1 0 0 0 1 0 0 0 1 54384.dat
1 71 -30 0 0 1 0 0 0 1 0 0 0 1 3023.dat
1 71 30 0 0 1 0 0 0 1 0 0 0 1 44568.dat
1 71 80 0 10 0 0 -1 0 1 0 1 0 0 3023.dat
1 71 -80 0 10 1 0 0 0 1 0 0 0 1 3021.dat
1 71 -130 0 0 1 0 0 0 1 0 0 0 1 6134.dat
1 71 -120 19.637 -10.156 1 0 0 0 0.688355 0.725374 0 -0.725374 0.688355 Part 22.ldr
1 71 -80 -8 30 1 0 0 0 1 0 0 0 1 3021.dat
1 71 -110 -16 50 -1 0 0 0 1 0 0 0 -1 30503.dat
1 71 -160 -16 0 -1 0 0 0 1 0 0 0 -1 4073.dat
1 19 -90 -24 30 -1 0 0 0 1 0 0 0 -1 4150.dat
1 72 10 -16 50 1 0 0 0 1 0 0 0 1 92099.dat
1 72 60 -48 50 0 0 1 0 1 0 -1 0 0 2432.dat
1 0 30 -24 60 1 0 0 0 1 0 0 0 1 3069b.dat
1 0 20 -24 40 1 0 0 0 1 0 0 0 1 63864.dat
1 330 -110 -16 0 1 0 0 0 1 0 0 0 1 92593.dat
0
0 FILE Part 21.ldr
0 Part 21
0 Name: Part 21.ldr
0 Author: LDraw
0 Unofficial Model
0 ROTATION CENTER 0 0 0 1 "Custom" 
0 ROTATION CONFIG 0 0
1 71 0 16 0 1 0 0 0 1 0 0 0 1 3021.dat
1 71 0 8 10 0 0 -1 0 1 0 1 0 0 3623.dat
1 330 0 0 10 -1 0 0 0 1 0 0 0 -1 63864.dat
1 71 30 8 10 1 0 0 0 1 0 0 0 1 43723.dat
1 71 -30 8 10 1 0 0 0 1 0 0 0 1 43722.dat
1 0 0 24 0 0 0 -1 0 1 0 1 0 0 3023.dat
1 0 20 32 0 0 0 -1 0 1 0 1 0 0 3023.dat
1 0 -10 32 0 0 0 1 0 1 0 -1 0 0 10247.dat
1 72 20 40 10 -1 0 0 0 1 0 0 0 -1 2420.dat
1 72 -20 24 0 0 0 -1 0 1 0 1 0 0 44302.dat
1 72 -30 38.728 45.556 1 0 0 0 0.707107 0.707107 0 -0.707107 0.707107 Part 20.ldr
1 72 20 24 0 0 0 -1 0 1 0 1 0 0 44302.dat
0
0 FILE Part 22.ldr
0 Part 22
0 Name: Part 22.ldr
0 Author: LDraw
0 Unofficial Model
0 ROTATION CENTER 0 0 0 1 "Custom" 
0 ROTATION CONFIG 0 0
1 71 -10 8 0 1 0 0 0 1 0 0 0 1 99781.dat
1 71 -10 8 -22 1 0 0 0 0 -1 0 1 0 51739.dat
1 72 -10 0 0 1 0 0 0 1 0 0 0 1 99780.dat
1 72 -10 18 -22 0 0 1 1 0 0 0 1 0 61409.dat
1 72 -10 -24 0 1 0 0 0 1 0 0 0 1 3937.dat
0
0 FILE Part 23.ldr
0 Part 23
0 Name: Part 23.ldr
0 Author: LDraw
0 Unofficial Model
0 ROTATION CENTER 0 0 0 1 "Custom" 
0 ROTATION CONFIG 0 0
1 0 -10 8 240 1 0 0 0 1 0 0 0 1 4477.dat
1 0 -90 0 200 1 0 0 0 1 0 0 0 1 30043.dat
1 0 60 -8 240 1 0 0 0 1 0 0 0 1 60897.dat
1 72 -30 -8 240 1 0 0 0 1 0 0 0 1 3460.dat
1 72 10 -16 190 1 0 0 0 1 0 0 0 1 92107.dat
1 72 -80 -8 160 0 0 1 0 1 0 -1 0 0 2450.dat
1 72 -140 -8 220 0 0 1 0 1 0 -1 0 0 2450.dat
1 72 100 -8 190 -1 0 0 0 1 0 0 0 -1 54383.dat
1 71 -30 0 240 1 0 0 0 1 0 0 0 1 3023.dat
1 71 30 0 240 -1 0 0 0 1 0 0 0 -1 44568.dat
1 71 80 0 230 0 0 -1 0 1 0 1 0 0 3023.dat
1 71 -80 0 230 1 0 0 0 1 0 0 0 1 3021.dat
1 71 -130 0 240 -1 0 0 0 1 0 0 0 -1 6134.dat
1 71 -140 19.637 250.156 -1 0 0 0 0.688355 0.725374 0 0.725374 -0.688355 Part 25.ldr
1 71 -80 -8 210 1 0 0 0 1 0 0 0 1 3021.dat
1 71 -110 -16 190 0 0 1 0 1 0 -1 0 0 30503.dat
1 71 -160 -16 240 -1 0 0 0 1 0 0 0 -1 4073.dat
1 19 -90 -24 190 -1 0 0 0 1 0 0 0 -1 4150.dat
