0 FILE Republic AV-7 Anti-Vehicle Cannon.ldr
0 Republic AV-7 Anti-Vehicle Cannon
0 Name: Republic AV-7 Anti-Vehicle Cannon.ldr
0 Author: LDraw
0 Unofficial Model
0 ROTATION CENTER 0 0 0 1 "Custom" 
0 ROTATION CONFIG 0 0
1 0 -806.657 -8 -61.293 0 0 1 0 1 0 -1 0 0 Clone.ldr
1 0 -468.975 -64 337.682 0.707107 0 -0.707107 0 1 0 0.707107 0 0.707107 Part 6.ldr
1 0 -806.657 -8 -231.293 0 0 1 0 1 0 -1 0 0 Clone.ldr
1 0 -806.657 -8 -141.293 0 0 1 0 1 0 -1 0 0 Plo.ldr
1 0 -806.657 -14 55.707 0.92388 0 0.382683 0 -1 0 0.382683 0 -0.92388 Droideka.ldr
0
0 FILE Plo.ldr
0 Plo
0 Name: Plo.ldr
0 Author: LDraw
0 Unofficial Model
0 ROTATION CENTER 0 0 0 1 "Custom" 
0 ROTATION CONFIG 0 0
1 484 0 0 0 1 0 0 0 1 0 0 0 1 61200.dat
1 308 0 0 0 1 0 0 0 1 0 0 0 1 973.dat
1 308 0 32 0 1 0 0 0 1 0 0 0 1 3815.dat
1 70 -15.552 9 0 0.985 -0.17 0 0.17 0.985 0 0 0 1 3818.dat
1 70 15.552 9 0 0.985 0.17 0 -0.17 0.985 0 0 0 1 3819.dat
1 0 -23.8634 26.5956 -10.321 0.985 -0.12019 0.12019 0.17 0.696395 -0.696395 0 0.707 0.707 3820.dat
1 0 23.8634 26.5956 -10.321 0.985 0.12019 -0.12019 -0.17 0.696395 -0.696395 0 0.707 0.707 3820.dat
1 43 -23.1951 22.7236 -33.8217 0.985 -0.0874983 0.14567 0.17 0.506976 -0.844031 0 0.856884 0.514696 577bc01.dat
1 308 0 44 0 1 0 0 0 1 0 0 0 1 3816.dat
1 308 0 44 0 1 0 0 0 1 0 0 0 1 3817.dat
0
0 FILE Clone.ldr
0 Clone
0 Name: Clone.ldr
0 Author: LDraw
0 Unofficial Model
0 ROTATION CENTER 0 0 0 1 "Custom" 
0 ROTATION CONFIG 0 0
1 15 0 -24 0 1 0 0 0 1 0 0 0 1 11217.dat
1 78 0 -24 0 1 0 0 0 1 0 0 0 1 3626bp01.dat
1 15 0 0 0 1 0 0 0 1 0 0 0 1 973.dat
1 0 0 32 0 1 0 0 0 1 0 0 0 1 3815.dat
1 72 -15.552 9 0 0.985 -0.17 0 0.17 0.985 0 0 0 1 3818.dat
1 72 15.552 9 0 0.985 0.17 0 -0.17 0.985 0 0 0 1 3819.dat
1 0 -23.8634 26.5956 -10.321 0.985 -0.12019 0.12019 0.17 0.696395 -0.696395 0 0.707 0.707 3820.dat
1 0 23.8634 26.5956 -10.321 0.985 0.12019 -0.12019 -0.17 0.696395 -0.696395 0 0.707 0.707 3820.dat
1 15 0 44 0 1 0 0 0 1 0 0 0 1 3816.dat
1 15 0 44 0 1 0 0 0 1 0 0 0 1 3817.dat
1 0 -24.6826 31.3422 -19.2547 0.985 -0.0874983 0.14567 0.17 0.506976 -0.844031 0 0.856884 0.514696 58247.dat
0
0 FILE Droideka.ldr
0 Droideka
0 Name: Droideka.ldr
0 Author: LDraw
0 Unofficial Model
0 ROTATION CENTER 0 0 0 1 "Custom" 
0 ROTATION CONFIG 0 0
1 70 10 0 0 1 0 0 0 1 0 0 0 1 4032b.dat
1 70 0 -16 10 1 0 0 0 1 0 0 0 1 4073.dat
1 70 0 -16 -10 1 0 0 0 1 0 0 0 1 4073.dat
1 71 20 -16 -10 1 0 0 0 1 0 0 0 1 60897.dat
1 71 20 -7 -30 -0.382683 0 0.92388 0 -1 0 0.92388 0 0.382683 58367.dat
1 72 -16.731 11 -48.462 -0.146447 -0.353553 -0.92388 -0.92388 0.382683 0 0.353553 0.853553 -0.382683 30162.dat
1 71 20 -7 30 0.382683 0 0.92388 0 -1 0 0.92388 0 -0.382683 58367.dat
1 72 -17.114 11 47.538 0.146447 -0.353553 -0.92388 0.92388 0.382683 0 0.353553 -0.853553 0.382683 30162.dat
1 71 20 -16 10 -1 0 0 0 1 0 0 0 -1 60897.dat
1 80 10 -24 0 -1 0 0 0 1 0 0 0 -1 30033.dat
1 80 -9 52 0 1 0 0 0 -1 0 0 0 -1 Part 8.ldr
1 80 -11.214 -22 21.213 -0.270598 -0.653281 -0.707107 -0.92388 0.382683 0 0.270598 0.653281 -0.707107 53989.dat
1 80 -33.042 -51.113 43.042 0.403281 -0.874151 -0.270598 0.146447 0.353553 -0.92388 0.903281 0.332955 0.270598 53451.dat
1 80 40 -22 0.001 0.382683 0.92388 0 -0.92388 0.382683 0 0 0 1 53989.dat
1 80 70.87 -51.113 0 0.353553 0.853553 0.382683 0.146447 0.353553 -0.92388 -0.92388 0.382683 0 53451.dat
1 72 10 -8 10 1 0 0 0 1 0 0 0 1 60478.dat
1 72 10 -8 -10 1 0 0 0 1 0 0 0 1 60478.dat
1 71 40 -6 -10 0 0.382683 0.92388 0 0.92388 -0.382683 -1 0 0 30377.dat
1 71 40 -6 10 0 0.382683 0.92388 0 0.92388 -0.382683 -1 0 0 30377.dat
1 72 10 -48 0 1 0 0 0 1 0 0 0 1 30367c.dat
1 80 -11.213 -22 -21.214 -0.270598 -0.653281 0.707107 -0.92388 0.382683 0 -0.270598 -0.653281 -0.707107 53989.dat
1 80 -33.042 -51.113 -43.042 -0.903281 -0.332955 -0.270598 0.146447 0.353553 -0.92388 0.403281 -0.874151 -0.270598 53451.dat
0
0 FILE Part 1.ldr
0 Part 1
0 Name: Part 1.ldr
0 Author: LDraw
0 Unofficial Model
0 ROTATION CENTER 0 0 0 1 "Custom" 
0 ROTATION CONFIG 0 0
1 71 30 0 0 1 0 0 0 1 0 0 0 1 3020.dat
1 71 -90 0 0 1 0 0 0 1 0 0 0 1 3020.dat
1 71 30 -40 0 1 0 0 0 1 0 0 0 1 3020.dat
1 71 -90 -40 0 1 0 0 0 1 0 0 0 1 3020.dat
1 71 -70 -48 -20 1 0 0 0 1 0 0 0 1 3022.dat
1 71 10 -48 -20 1 0 0 0 1 0 0 0 1 3022.dat
1 71 -30 -56 -30 1 0 0 0 1 0 0 0 1 3666.dat
1 71 -60 -104 -30 0 0 1 0 1 0 -1 0 0 50950.dat
1 71 0 -104 -30 0 0 -1 0 1 0 1 0 0 50950.dat
1 71 -114 -50 -30 0 1 0 0 0 1 1 0 0 50950.dat
1 71 54 -50 -30 0 -1 0 0 0 1 -1 0 0 50950.dat
1 71 -90 -32 -10 1 0 0 0 1 0 0 0 1 3710.dat
1 71 30 -32 -10 1 0 0 0 1 0 0 0 1 3710.dat
1 71 -110 -16 -10 1 0 0 0 1 0 0 0 1 3023.dat
1 71 -30 8 10 1 0 0 0 1 0 0 0 1 3023.dat
1 0 -30 16 10 1 0 0 0 1 0 0 0 1 3702.dat
1 71 20 16 -30 1 0 0 0 1 0 0 0 1 2462.dat
1 71 -80 16 -30 0 0 1 0 1 0 -1 0 0 2462.dat
1 71 -90 26 20 0 0 -1 0 1 0 1 0 0 3673.dat
1 71 -90 26 40 1 0 0 0 1 0 0 0 1 55981.dat
1 19 -30 26 -10 0 0 1 0 1 0 -1 0 0 32556.dat
1 4 -30 -14 -30 1 0 0 0 1 0 0 0 1 32062.dat
1 71 -30 -14 -30 1 0 0 0 1 0 0 0 1 41678.dat
1 71 -40 -24 -50 0 1 0 -1 0 0 0 0 1 61184.dat
1 0 -30 6 -20 0 0 1 0 1 0 -1 0 0 2780.dat
1 72 -30 -34 -10 1 0 0 0 0 -1 0 1 0 32524.dat
1 72 -30 6 -30 1 0 0 0 1 0 0 0 1 42003.dat
1 71 30 26 20 0 0 -1 0 1 0 1 0 0 3673.dat
1 71 50 -16 -10 1 0 0 0 1 0 0 0 1 3023.dat
1 72 -30 -8 10 1 0 0 0 1 0 0 0 1 4477.dat
1 72 70 -8 -20 1 0 0 0 1 0 0 0 1 2429.dat
1 72 -130 -8 -20 1 0 0 0 1 0 0 0 1 2430.dat
1 72 70 -24 -20 1 0 0 0 1 0 0 0 1 2429.dat
1 72 -130 -24 -20 1 0 0 0 1 0 0 0 1 2430.dat
1 72 -70 -24 -10 -1 0 0 0 1 0 0 0 -1 2877.dat
1 72 -90 8 -20 0 0 1 0 1 0 -1 0 0 30565.dat
1 72 30 8 -20 1 0 0 0 1 0 0 0 1 30565.dat
1 72 10 -24 -10 -1 0 0 0 1 0 0 0 -1 2877.dat
1 72 -70 -16 -30 -1 0 0 0 1 0 0 0 -1 2877.dat
1 72 10 -16 -30 -1 0 0 0 1 0 0 0 -1 2877.dat
1 72 38 -30 -30 0 -1 0 -1 0 0 0 0 -1 4073.dat
1 72 -158.284 -16 -48.284 0.707107 0 -0.707107 0 1 0 0.707107 0 0.707107 Part 2.ldr
1 72 48.787 -48 1.214 0.707107 0 0.707107 0 1 0 -0.707107 0 0.707107 Part 3.ldr
1 4 -30 0 10 1 0 0 0 1 0 0 0 1 3023.dat
1 4 -30 -64 -30 1 0 0 0 1 0 0 0 1 3023.dat
1 320 -30 -88 -30 1 0 0 0 1 0 0 0 1 3004.dat
1 4 -60 -40 -30 1 0 0 0 1 0 0 0 1 87087.dat
1 4 0 -40 -30 1 0 0 0 1 0 0 0 1 87087.dat
1 71 20 -40 -30 0 0 -1 0 1 0 1 0 0 87087.dat
1 72 -98 -30 -30 0 1 0 -1 0 0 0 0 1 4073.dat
1 71 -80 -40 -30 0 0 1 0 1 0 -1 0 0 87087.dat
1 4 -60 -80 -30 1 0 0 0 1 0 0 0 1 87087.dat
1 4 0 -80 -30 1 0 0 0 1 0 0 0 1 87087.dat
1 71 20 -80 -30 0 0 -1 0 1 0 1 0 0 87087.dat
1 71 -80 -80 -30 0 0 1 0 1 0 -1 0 0 87087.dat
1 4 -90 -32 10 -1 0 0 0 1 0 0 0 -1 2458.dat
1 4 30 -32 10 -1 0 0 0 1 0 0 0 -1 2458.dat
1 0 60 -32 10 -1 0 0 0 1 0 0 0 -1 3062b.dat
1 0 -120 -32 10 -1 0 0 0 1 0 0 0 -1 3062b.dat
1 14 -30 -32 10 -1 0 0 0 1 0 0 0 -1 3010.dat
1 14 -40 -32 -50 -1 0 0 0 1 0 0 0 -1 4073.dat
1 71 -40 -56 -50 -1 0 0 0 1 0 0 0 -1 4589.dat
1 71 -20 -24 -50 0 1 0 -1 0 0 0 0 1 61184.dat
1 14 -20 -32 -50 -1 0 0 0 1 0 0 0 -1 4073.dat
1 71 -20 -56 -50 -1 0 0 0 1 0 0 0 -1 4589.dat
1 0 -30 -64 10 1 0 0 0 1 0 0 0 1 3702.dat
1 0 -50 -96 -10 0 0 1 0 1 0 -1 0 0 33243.dat
1 0 -10 -96 -10 0 0 -1 0 1 0 1 0 0 33243.dat
1 4 -60 -20 -48 0 0 -1 -1 0 0 0 1 0 3023.dat
1 72 -60 -10 -56 0 0 -1 -1 0 0 0 1 0 4073.dat
1 320 -60 -40 -64 -1 0 0 0 0 1 0 1 0 61678.dat
1 4 0 -20 -48 0 0 -1 -1 0 0 0 1 0 3023.dat
1 72 0 -10 -56 0 0 -1 -1 0 0 0 1 0 4073.dat
1 320 0 -40 -64 -1 0 0 0 0 1 0 1 0 61678.dat
0
0 FILE Part 2.ldr
0 Part 2
0 Name: Part 2.ldr
0 Author: LDraw
0 Unofficial Model
0 ROTATION CENTER 0 0 0 1 "Custom" 
0 ROTATION CONFIG 0 0
1 72 40 8 0 1 0 0 0 1 0 0 0 1 2429.dat
1 72 40 -8 0 1 0 0 0 1 0 0 0 1 2429.dat
1 72 -20 16 20 1 0 0 0 1 0 0 0 1 3795.dat
1 72 -20 -16 20 1 0 0 0 1 0 0 0 1 3795.dat
1 0 -90 -16 10 0 0 -1 0 1 0 1 0 0 2420.dat
1 71 0 -8 30 -1 0 0 0 1 0 0 0 -1 2653.dat
1 71 -60 -8 10 -1 0 0 0 1 0 0 0 -1 3894.dat
1 71 -60 -24 20 -1 0 0 0 1 0 0 0 -1 87079.dat
1 71 -60 2 -8 -1 0 0 0 0 1 0 1 0 6636.dat
1 71 -140 2 30 0 0 1 1 0 0 0 1 0 44225.dat
1 71 -109.988 -3.937 60 -0.92388 0.382683 0 0.382683 0.92388 0 0 0 -1 Part 4.ldr
1 0 -60 2 20 0 0 1 0 1 0 -1 0 0 2780.dat
1 0 -100 2 20 0 0 1 0 1 0 -1 0 0 2780.dat
1 1 -40 2 0 0 0 1 0 1 0 -1 0 0 4274.dat
1 1 -80 2 0 0 0 1 0 1 0 -1 0 0 4274.dat
1 71 20 0 10 -1 0 0 0 1 0 0 0 -1 3023.dat
1 71 30 -24 20 0 0 1 0 1 0 -1 0 0 2412b.dat
0
0 FILE Part 3.ldr
0 Part 3
0 Name: Part 3.ldr
0 Author: LDraw
0 Unofficial Model
0 ROTATION CENTER 0 0 0 1 "Custom" 
0 ROTATION CONFIG 0 0
1 72 30 40 0 1 0 0 0 1 0 0 0 1 2430.dat
1 72 30 24 0 1 0 0 0 1 0 0 0 1 2430.dat
1 72 90 48 20 1 0 0 0 1 0 0 0 1 3795.dat
1 72 90 16 20 1 0 0 0 1 0 0 0 1 3795.dat
1 0 160 16 10 1 0 0 0 1 0 0 0 1 2420.dat
1 71 130 8 20 -1 0 0 0 1 0 0 0 -1 87079.dat
1 71 130 34 -8 -1 0 0 0 0 1 0 1 0 6636.dat
1 71 70 24 30 -1 0 0 0 1 0 0 0 -1 2653.dat
1 71 130 24 10 -1 0 0 0 1 0 0 0 -1 3894.dat
1 71 210 34 30 0 0 -1 -1 0 0 0 1 0 44225.dat
1 71 235.42 51.024 60 -0.92388 -0.382683 0 -0.382683 0.92388 0 0 0 -1 Part 5.ldr
1 0 170 34 20 0 0 1 0 1 0 -1 0 0 2780.dat
1 0 130 34 20 0 0 1 0 1 0 -1 0 0 2780.dat
1 1 150 34 0 0 0 1 0 1 0 -1 0 0 4274.dat
1 1 110 34 0 0 0 1 0 1 0 -1 0 0 4274.dat
1 71 50 32 10 -1 0 0 0 1 0 0 0 -1 3023.dat
1 71 40 8 20 0 0 1 0 1 0 -1 0 0 2412b.dat
0
0 FILE Part 4.ldr
0 Part 4
0 Name: Part 4.ldr
0 Author: LDraw
0 Unofficial Model
0 ROTATION CENTER 0 0 0 1 "Custom" 
0 ROTATION CONFIG 0 0
1 72 30 -6 30 0 0 1 1 0 0 0 1 0 44224.dat
1 72 90 -16 10 1 0 0 0 1 0 0 0 1 3701.dat
1 0 110 -24 20 1 0 0 0 1 0 0 0 1 3068b.dat
1 0 80 -24 10 0 0 -1 0 1 0 1 0 0 2420.dat
1 72 30 -6 64 0 0 -1 1 0 0 0 -1 0 6143.dat
1 71 30 -6 72 0 0 -1 1 0 0 0 -1 0 4150.dat
1 0 90 -6 20 0 0 1 0 -1 0 1 0 0 2780.dat
1 0 70 -6 20 0 0 1 0 -1 0 1 0 0 2780.dat
1 1 30 -6 40 0 0 1 0 -1 0 1 0 0 43093.dat
1 71 110 -6 48 0.92388 0 0.382683 -0.382683 0 0.92388 0 -1 0 2476b.dat
1 71 110 -6 56 0.92388 0 0.382683 -0.382683 0 0.92388 0 -1 0 90194.dat
1 71 110 -6 -8 -0.92388 0 0.382683 0.382683 0 0.92388 0 1 0 2476b.dat
1 71 110 -6 -16 -0.92388 0 0.382683 0.382683 0 0.92388 0 1 0 90194.dat
0
0 FILE Part 5.ldr
0 Part 5
0 Name: Part 5.ldr
0 Author: LDraw
0 Unofficial Model
0 ROTATION CENTER 0 0 0 1 "Custom" 
0 ROTATION CONFIG 0 0
1 72 30 -6 30 0 0 -1 -1 0 0 0 1 0 44224.dat
1 72 -30 -16 10 1 0 0 0 1 0 0 0 1 3701.dat
1 0 -50 -24 20 1 0 0 0 1 0 0 0 1 3068b.dat
1 0 -20 -24 10 1 0 0 0 1 0 0 0 1 2420.dat
1 72 30 -6 62 0 0 -1 1 0 0 0 -1 0 6143.dat
1 71 30 -6 70 0 0 -1 1 0 0 0 -1 0 4150.dat
1 0 -10 -6 20 0 0 1 0 -1 0 1 0 0 2780.dat
1 0 -30 -6 20 0 0 1 0 -1 0 1 0 0 2780.dat
1 1 30 -6 40 0 0 -1 0 1 0 1 0 0 43093.dat
1 71 -50 -6 -8 -0.92388 0 -0.382683 -0.382683 0 0.92388 0 1 0 2476b.dat
1 71 -50 -6 -16 -0.92388 0 -0.382683 -0.382683 0 0.92388 0 1 0 90194.dat
1 71 -50 -6 48 0.92388 0 -0.382683 0.382683 0 0.92388 0 -1 0 2476b.dat
1 71 -50 -6 56 0.92388 0 -0.382683 0.382683 0 0.92388 0 -1 0 90194.dat
0
0 FILE Part 6.ldr
0 Part 6
0 Name: Part 6.ldr
0 Author: LDraw
0 Unofficial Model
0 ROTATION CENTER 0 0 0 1 "Custom" 
0 ROTATION CONFIG 0 0
1 47 -10 0 0 1 0 0 0 1 0 0 0 1 6588.dat
1 0 -10 40 10 1 0 0 0 1 0 0 0 1 3702.dat
1 0 -10 40 -10 1 0 0 0 1 0 0 0 1 3702.dat
1 0 -70 0 0 0 0 -1 0 1 0 1 0 0 87079.dat
1 0 50 0 0 0 0 -1 0 1 0 1 0 0 87079.dat
1 0 -40 72 40 -1 0 0 0 1 0 0 0 -1 Part 1.ldr
1 0 20 72 -40 1 0 0 0 1 0 0 0 1 Part 1.ldr
1 0 -80 24 -10 0 0 1 0 1 0 -1 0 0 6005.dat
1 0 -80 24 10 0 0 1 0 1 0 -1 0 0 6005.dat
1 0 60 24 10 0 0 -1 0 1 0 1 0 0 6005.dat
1 0 60 24 -10 0 0 -1 0 1 0 1 0 0 6005.dat
1 71 -10 64 0 1 0 0 0 1 0 0 0 1 3034.dat
1 0 60 8 0 0 0 -1 0 1 0 1 0 0 3700.dat
1 320 -60 16 0 0 0 -1 0 1 0 1 0 0 3004.dat
1 71 -80 8 0 0 0 1 0 1 0 -1 0 0 30236.dat
1 72 -100 18 0 -0.382683 -0.92388 0 -0.92388 0.382683 0 0 0 -1 11090.dat
1 71 -10 18 0 0 0 -1 0 1 0 1 0 0 4716.dat
1 72 42 18 0 -1 0 0 0 1 0 0 0 -1 55013.dat
1 72 -11.028 1.387 0 0.92388 -0.382683 0 0.382683 0.92388 0 0 0 1 Part 7.ldr
1 72 176 18 0 -1 0 0 0 1 0 0 0 -1 32209.dat
1 0 120 18 0 0 0 1 0 1 0 -1 0 0 59443.dat
1 0 223 18 0 0 0 1 0 1 0 -1 0 0 32270.dat
1 4 30 18 0 0 0 -1 0 1 0 1 0 0 3713.dat
1 14 45 18 0 0 0 -1 0 1 0 1 0 0 32123a.dat
0
0 FILE Part 7.ldr
0 Part 7
0 Name: Part 7.ldr
0 Author: LDraw
0 Unofficial Model
0 ROTATION CENTER 0 0 0 1 "Custom" 
0 ROTATION CONFIG 0 0
1 72 -8 -22 0 0.608761 0.793353 0 0.793353 -0.608761 0 0 0 -1 3648b.dat
1 72 40 -118 -30 -1 0 0 0 0 1 0 1 0 32348.dat
1 72 40 -118 30 -1 0 0 0 0 1 0 1 0 32348.dat
1 0 -8 -22 0 0 0.793353 -0.608761 0 -0.608761 -0.793353 -1 0 0 3706.dat
1 0 40 -118 0 0 0 1 0 1 0 -1 0 0 3705.dat
1 0 -60 -126 0 1 0 0 0 1 0 0 0 1 3707.dat
1 0 -321 -126 0 -1 0 0 0 1 0 0 0 -1 3707.dat
1 0 -277 -126 0 0 0 -1 0 1 0 1 0 0 55982.dat
1 0 -314 -126 0 0 0 -1 0 1 0 1 0 0 55982.dat
1 71 -353 -126 0 0 0 -1 0 1 0 1 0 0 32187.dat
1 71 -371 -126 0 0 0 1 0 1 0 -1 0 0 32187.dat
1 71 -190 -126 -20 -1 0 0 0 1 0 0 0 -1 44294.dat
1 71 -190 -126 20 -1 0 0 0 1 0 0 0 -1 44294.dat
1 72 -401 -126 0 0 0 1 0 1 0 -1 0 0 59443.dat
1 71 80 -78 -10 0 0 1 0 1 0 -1 0 0 32073.dat
1 4 80 -78 -30 1 0 0 0 1 0 0 0 1 3713.dat
1 71 80 -78 70 0 0 1 0 1 0 -1 0 0 4519.dat
1 72 80 -78 40 1 0 0 0 1 0 0 0 1 59443.dat
1 0 -38 -126 0 0 1 0 -1 0 0 0 0 1 30033.dat
1 0 -36 -105.494 20.506 0 -0.993068 0.117537 -0.707107 -0.0831115 -0.702205 0.707107 -0.0831115 -0.702205 59230.dat
1 0 -36 -146.506 20.506 0 -0.993068 0.117537 -0.707107 0.0831115 0.702205 -0.707107 -0.0831115 -0.702205 59230.dat
1 0 -36 -146.506 -20.506 0 -0.993068 0.117537 0.707107 0.0831115 0.702205 -0.707107 0.0831115 0.702205 59230.dat
1 0 -36 -105.494 -20.506 0 -0.993068 0.117537 0.707107 -0.0831115 -0.702205 0.707107 0.0831115 0.702205 59230.dat
1 0 -36 -126 29 0 -0.993068 0.117537 -1 0 0 0 -0.117537 -0.993068 59230.dat
1 0 -36 -155 0 0 -0.993068 0.117537 0 0.117537 0.993068 -1 0 0 59230.dat
1 0 -36 -126 -29 0 -0.993068 0.117537 1 0 0 0 0.117537 0.993068 59230.dat
1 0 -36 -97 0 0 -0.993068 0.117537 0 -0.117537 -0.993068 1 0 0 59230.dat
1 72 -25 -126 0 0 0 -1 0 1 0 1 0 0 4185.dat
1 72 -195 -126 0 0 0 1 0 1 0 -1 0 0 4185.dat
1 71 -92 -126 0 0 0 -1 0 1 0 1 0 0 98585.dat
1 71 -250 -126 0 0 0 1 1 0 0 0 1 0 98585.dat
1 71 -230 -126 0 0 0 1 1 0 0 0 1 0 98585.dat
1 71 -210 -126 0 0 0 1 1 0 0 0 1 0 98585.dat
1 72 -145 -126 0 0 0 1 0 1 0 -1 0 0 4185.dat
1 71 -180 -126 0 0 0 1 1 0 0 0 1 0 98585.dat
1 71 -160 -126 0 0 0 1 1 0 0 0 1 0 98585.dat
1 71 -130 -126 0 0 0 1 1 0 0 0 1 0 98585.dat
1 71 -111 -126 0 0 -1 0 0 0 -1 1 0 0 57585.dat
1 4 -111 -116 -17.321 -1 0 0 0 -0.866025 -0.5 0 -0.5 0.866025 3713.dat
1 0 40 -78 0 0 0 1 0 1 0 -1 0 0 3705.dat
1 72 40 -128 -10 1 0 0 0 1 0 0 0 1 3700.dat
1 72 80 -64 0 1 0 0 0 1 0 0 0 1 3832.dat
1 71 130 -72 0 1 0 0 0 1 0 0 0 1 3021.dat
1 71 40 -96 0 1 0 0 0 1 0 0 0 1 3795.dat
1 71 120 -112 0 1 0 0 0 1 0 0 0 1 3795.dat
1 71 10 -112 -10 0 0 -1 0 1 0 1 0 0 2420.dat
1 72 -10 -112 10 -1 0 0 0 1 0 0 0 -1 4081b.dat
1 71 50 -136 -10 0 0 -1 0 1 0 1 0 0 2420.dat
1 72 30 -136 10 -1 0 0 0 1 0 0 0 -1 4081b.dat
1 71 100 -136 -10 1 0 0 0 1 0 0 0 1 2653.dat
1 71 100 -136 10 -1 0 0 0 1 0 0 0 -1 2653.dat
1 0 60 -104 0 1 0 0 0 1 0 0 0 1 3034.dat
1 0 80 -144 0 1 0 0 0 1 0 0 0 1 3034.dat
1 72 20 -168 0 1 0 0 0 1 0 0 0 1 6192.dat
1 72 100 -168 0 1 0 0 0 1 0 0 0 1 6192.dat
1 72 160 -144 0 0 0 -1 0 1 0 1 0 0 30602.dat
1 72 208 -74 0 0 -1 0 0 0 1 -1 0 0 30363.dat
1 72 80 -96 -72 -1 0 0 0 0 1 0 1 0 3068b.dat
1 0 -10 -144 0 0 0 -1 0 1 0 1 0 0 3023.dat
1 0 80 -96 -50 -1 0 0 0 1 0 0 0 -1 3023.dat
1 0 90 -96 80 0 0 -1 0 1 0 1 0 0 3023.dat
1 71 70 -96 80 0 0 1 0 1 0 -1 0 0 2540.dat
1 71 50 -94 80 0 -0.92388 -0.382683 0 -0.382683 0.92388 -1 0 0 30377.dat
1 71 21 -141 80 0 -1 0 0 0 -1 1 0 0 2540.dat
1 0 29 -141 80 0 -1 0 0 0 1 -1 0 0 3069bps6.dat
1 72 80 -104 80 0 0 1 0 1 0 -1 0 0 4079.dat
1 0 170 -144 0 0 0 -1 0 1 0 1 0 0 44728.dat
1 0 80 -136 -50 1 0 0 0 1 0 0 0 1 44728.dat
1 0 160 -104 0 1 0 0 0 1 0 0 0 1 4032b.dat
1 0 -46 -126 0 0 1 0 -1 0 0 0 0 1 4032b.dat
1 0 -78 -126 0 0 1 0 -1 0 0 0 0 1 4032b.dat
1 14 -70 -126 0 0 1 0 -1 0 0 0 0 1 6143.dat
1 71 170 -72 0 0 0 -1 0 1 0 1 0 0 99207.dat
1 71 80 -64 -50 1 0 0 0 1 0 0 0 1 99207.dat
1 71 80 -104 -50 1 0 0 0 1 0 0 0 1 3710.dat
1 35 80 -128 -50 0 0 1 0 1 0 -1 0 0 15400c01.dat
1 71 110 -96 10 -1 0 0 0 1 0 0 0 -1 87087.dat
1 71 110 -96 -10 1 0 0 0 1 0 0 0 1 87087.dat
1 4 110 -86 -24 1 0 0 0 0 -1 0 1 0 LS90.dat
1 4 110 -86 -14.9595 0.9993 0 -0.0368 -0.0368 0 -0.9993 0 -1 0 LS91.dat
1 4 110.513 -87.6416 -33.087 0.9866 0.0786 -0.143 -0.1192 -0.2514 -0.9605 0.1114 -0.9647 0.2387 LS91.dat
1 4 111.321 -90.2279 -38.4998 0.9693 0.1447 -0.1986 -0.1111 -0.463 -0.8794 0.2192 -0.8745 0.4328 LS91.dat
1 4 112.507 -94.0235 -43.1103 0.9412 0.2049 -0.2686 -0.0717 -0.6557 -0.7516 0.3301 -0.7267 0.6024 LS91.dat
1 4 113.971 -98.7086 -46.6587 0.9057 0.2486 -0.3434 -0.0114 -0.7954 -0.6059 0.4238 -0.5527 0.7176 LS91.dat
1 4 115.62 -103.985 -49.1946 0.8675 0.2752 -0.4145 0.0544 -0.8806 -0.4708 0.4945 -0.3858 0.7788 LS91.dat
1 4 117.375 -109.6 -50.8326 0.8293 0.2895 -0.478 0.1168 -0.9263 -0.3583 0.5464 -0.2414 0.802 LS91.dat
1 4 119.174 -115.357 -51.6974 0.7921 0.2961 -0.5338 0.1735 -0.9476 -0.2682 0.5852 -0.1198 0.802 LS91.dat
1 4 120.995 -121.183 -51.9136 0.7555 0.2982 -0.5834 0.2254 -0.9543 -0.196 0.6152 -0.0166 0.7882 LS91.dat
1 4 122.808 -126.984 -51.5644 0.7191 0.2975 -0.6281 0.274 -0.9519 -0.1372 0.6387 0.0735 0.766 LS91.dat
1 4 124.615 -132.769 -50.7107 0.6823 0.2947 -0.669 0.3207 -0.9431 -0.0884 0.657 0.1542 0.738 LS91.dat
1 4 126.384 -138.429 -49.4002 0.6451 0.2904 -0.7068 0.3667 -0.9291 -0.047 0.6703 0.2289 0.7059 LS91.dat
1 4 128.126 -144.004 -47.6464 0.6068 0.2845 -0.7422 0.4136 -0.9104 -0.0108 0.6788 0.3004 0.6701 LS91.dat
1 4 129.833 -149.465 -45.455 0.567 0.2771 -0.7757 0.4621 -0.8866 0.0211 0.6819 0.3704 0.6307 LS91.dat
1 4 131.476 -154.724 -42.8458 0.5259 0.2678 -0.8073 0.513 -0.8569 0.05 0.6784 0.4404 0.5881 LS91.dat
1 4 133.046 -159.748 -39.809 0.483 0.2562 -0.8373 0.5676 -0.8197 0.0766 0.6667 0.5122 0.5414 LS91.dat
1 4 134.546 -164.546 -36.2924 0.4379 0.2416 -0.866 0.6263 -0.773 0.1011 0.6449 0.5867 0.4898 LS91.dat
1 4 135.919 -168.94 -32.3441 0.391 0.223 -0.893 0.6896 -0.7135 0.1238 0.6095 0.6642 0.4327 LS91.dat
1 4 137.169 -172.942 -27.8651 0.3419 0.1992 -0.9184 0.7569 -0.6375 0.1435 0.5569 0.7442 0.3688 LS91.dat
1 4 138.23 -176.337 -22.9448 0.292 0.1692 -0.9413 0.8256 -0.5415 0.1588 0.4829 0.8235 0.2978 LS91.dat
1 4 139.072 -179.031 -17.5654 0.2425 0.1317 -0.9612 0.8914 -0.4214 0.1671 0.383 0.8973 0.2195 LS91.dat
1 4 139.66 -180.913 -11.7442 0.1954 0.0871 -0.9768 0.9462 -0.2788 0.1644 0.258 0.9564 0.1369 LS91.dat
1 4 139.947 -181.831 -5.7369 0.1543 0.0382 -0.9873 0.9813 -0.1224 0.1487 0.1151 0.9917 0.0564 LS91.dat
1 4 139.794 -181.828 0.3488 0.1224 -0.039 -0.9917 0.9922 0.0275 0.1214 -0.0225 0.9989 -0.0421 LS91.dat
1 4 138.738 -180.982 6.2785 0.1051 -0.2027 -0.9736 0.984 0.163 0.0723 -0.1441 0.9656 -0.2166 LS91.dat
1 4 136.624 -179.304 11.6686 0.1144 -0.3801 -0.9178 0.9535 0.3013 -0.006 -0.2788 0.8745 -0.3969 LS91.dat
1 4 133.553 -176.905 16.3077 0.147 -0.5317 -0.834 0.9039 0.4146 -0.105 -0.4016 0.7385 -0.5416 LS91.dat
1 4 129.752 -173.985 20.1375 0.1869 -0.6377 -0.7473 0.8483 0.4884 -0.2047 -0.4955 0.5956 -0.6322 LS91.dat
1 4 125.527 -170.798 23.1528 0.2219 -0.7046 -0.6741 0.7963 0.5299 -0.2918 -0.5628 0.472 -0.6786 LS91.dat
1 4 121.025 -167.464 25.5294 0.2484 -0.7467 -0.617 0.7504 0.5511 -0.3649 -0.6125 0.3723 -0.6973 LS91.dat
1 4 116.33 -164.054 27.4088 0.2669 -0.7743 -0.5738 0.7101 0.5606 -0.4261 -0.6516 0.2938 -0.6994 LS91.dat
1 4 111.55 -160.649 28.8729 0.2791 -0.7934 -0.5409 0.674 0.5631 -0.4782 -0.684 0.2311 -0.6919 LS91.dat
1 4 106.612 -157.205 30.0373 0.2861 -0.8077 -0.5156 0.6408 0.5613 -0.5237 -0.7124 0.1805 -0.6781 LS91.dat
1 4 101.638 -153.809 30.93 0.2893 -0.8189 -0.4957 0.6099 0.5568 -0.5639 -0.7378 0.1392 -0.6605 LS91.dat
1 4 96.5815 -150.435 31.6096 0.2893 -0.8283 -0.4798 0.5804 0.5503 -0.6002 -0.7612 0.1048 -0.64 LS91.dat
1 4 91.4617 -147.101 32.1091 0.2866 -0.8367 -0.4667 0.5521 0.5423 -0.6333 -0.783 0.0762 -0.6174 LS91.dat
1 4 86.3598 -143.866 32.4487 0.2819 -0.8445 -0.4554 0.5248 0.5331 -0.6636 -0.8032 0.0519 -0.5935 LS91.dat
1 4 81.1307 -140.642 32.6639 0.2753 -0.852 -0.4453 0.4978 0.5226 -0.6922 -0.8224 0.0311 -0.568 LS91.dat
1 4 75.9177 -137.525 32.7644 0.2671 -0.8595 -0.4357 0.4715 0.5109 -0.7188 -0.8404 0.0134 -0.5417 LS91.dat
1 4 70.6407 -134.476 32.7701 0.2575 -0.8672 -0.4262 0.4454 0.498 -0.7441 -0.8575 -0.0018 -0.5144 LS91.dat
1 4 65.2895 -131.499 32.6935 0.2465 -0.8752 -0.4162 0.4193 0.4835 -0.7684 -0.8737 -0.0149 -0.4862 LS91.dat
1 4 59.8525 -128.599 32.5466 0.2341 -0.8837 -0.4054 0.3933 0.4674 -0.7917 -0.8891 -0.0259 -0.457 LS91.dat
1 4 54.4622 -125.861 32.3442 0.2207 -0.8926 -0.3931 0.3679 0.4495 -0.814 -0.9033 -0.035 -0.4276 LS91.dat
1 4 48.9572 -123.215 32.0929 0.206 -0.9023 -0.3788 0.3424 0.4291 -0.8359 -0.9167 -0.0425 -0.3973 LS91.dat
1 4 43.396 -120.712 31.8056 0.1898 -0.9127 -0.3619 0.3169 0.4058 -0.8573 -0.9293 -0.0481 -0.3663 LS91.dat
1 4 37.7635 -118.368 31.4932 0.1723 -0.924 -0.3413 0.2915 0.3788 -0.8784 -0.9409 -0.0518 -0.3346 LS91.dat
1 4 32.0456 -116.208 31.1677 0.153 -0.9363 -0.316 0.2661 0.347 -0.8993 -0.9517 -0.0535 -0.3022 LS91.dat
1 4 26.2306 -114.267 30.843 0.1317 -0.9496 -0.2846 0.2405 0.3091 -0.9201 -0.9617 -0.0527 -0.2691 LS91.dat
1 4 20.39 -112.618 30.541 0.1082 -0.9635 -0.245 0.215 0.2633 -0.9404 -0.9706 -0.049 -0.2357 LS91.dat
1 4 14.4458 -111.298 30.2797 0.0815 -0.9776 -0.194 0.1891 0.2063 -0.96 -0.9786 -0.0415 -0.2017 LS91.dat
1 4 8.4116 -110.4 30.0894 0.0507 -0.9906 -0.1273 0.1622 0.1339 -0.9776 -0.9855 -0.0289 -0.1675 LS91.dat
1 4 -9.852 -110 30 -0 -1 -0 0.0695 0 -0.9976 -0.9976 0 -0.0695 LS91.dat
1 4 -2 -110 30 -0 -1 -0 0 0 -1 -1 0 0 LS90.dat
1 71 130 -96 10 -1 0 0 0 1 0 0 0 -1 87087.dat
1 4 130 -86 -24 1 0 0 0 0 -1 0 1 0 LS90.dat
1 4 130 -86 -14.9595 0.9992 0 -0.039 -0.039 0 -0.9992 0 -1 0 LS91.dat
1 4 130.444 -87.599 -32.4759 0.9867 0.0703 -0.1465 -0.1244 -0.2529 -0.9595 0.1045 -0.9649 0.2408 LS91.dat
1 4 131.155 -90.1588 -37.6837 0.971 0.13 -0.2008 -0.1184 -0.468 -0.8757 0.2078 -0.8741 0.4391 LS91.dat
1 4 132.18 -93.8477 -42.0886 0.9463 0.1826 -0.2666 -0.0841 -0.6575 -0.7488 0.3121 -0.731 0.6068 LS91.dat
1 4 133.449 -98.416 -45.6062 0.9158 0.2201 -0.3358 -0.0329 -0.7925 -0.609 0.4002 -0.5688 0.7185 LS91.dat
1 4 134.859 -103.494 -48.1988 0.8834 0.2432 -0.4005 0.022 -0.8754 -0.483 0.468 -0.4179 0.7787 LS91.dat
1 4 136.361 -108.9 -50.022 0.8509 0.2562 -0.4585 0.0735 -0.9225 -0.379 0.5201 -0.2888 0.8038 LS91.dat
1 4 137.904 -114.455 -51.1823 0.8189 0.2632 -0.5101 0.1203 -0.9476 -0.2959 0.5612 -0.1809 0.8076 LS91.dat
1 4 139.473 -120.103 -51.7929 0.787 0.2666 -0.5564 0.163 -0.9596 -0.2292 0.5951 -0.0897 0.7986 LS91.dat
1 4 141.044 -125.759 -51.9252 0.755 0.2676 -0.5986 0.2028 -0.9635 -0.175 0.6235 -0.0108 0.7817 LS91.dat
1 4 142.623 -131.442 -51.639 0.7227 0.2672 -0.6375 0.2406 -0.9618 -0.1303 0.648 0.0592 0.7594 LS91.dat
1 4 144.18 -137.047 -50.9737 0.6898 0.2656 -0.6735 0.2776 -0.9562 -0.0928 0.6686 0.1229 0.7334 LS91.dat
1 4 145.729 -142.624 -49.9514 0.6561 0.2631 -0.7073 0.3147 -0.9473 -0.0605 0.686 0.1828 0.7043 LS91.dat
1 4 147.266 -148.158 -48.582 0.6211 0.2598 -0.7394 0.3527 -0.9352 -0.0323 0.6999 0.2408 0.6725 LS91.dat
1 4 148.788 -153.638 -46.8683 0.5849 0.2555 -0.7698 0.392 -0.9199 -0.0075 0.7101 0.2974 0.6382 LS91.dat
1 4 150.255 -158.916 -44.8469 0.5477 0.2503 -0.7984 0.4335 -0.901 0.0149 0.7156 0.3543 0.602 LS91.dat
1 4 151.698 -164.113 -42.4642 0.5087 0.2438 -0.8257 0.4782 -0.8775 0.0355 0.7159 0.4129 0.5629 LS91.dat
1 4 153.094 -169.137 -39.7238 0.4679 0.2356 -0.8518 0.5268 -0.8482 0.0547 0.7096 0.4744 0.521 LS91.dat
1 4 154.431 -173.953 -36.6 0.425 0.2253 -0.8767 0.5803 -0.8112 0.0728 0.6947 0.5397 0.4755 LS91.dat
1 4 155.696 -178.506 -33.0613 0.3799 0.2121 -0.9004 0.6394 -0.7636 0.0899 0.6684 0.6099 0.4257 LS91.dat
1 4 156.866 -182.718 -29.0773 0.3326 0.195 -0.9227 0.7042 -0.7021 0.1054 0.6273 0.6848 0.3708 LS91.dat
1 4 157.896 -186.425 -24.6733 0.2835 0.1727 -0.9433 0.7742 -0.6217 0.1189 0.5659 0.764 0.31 LS91.dat
1 4 158.774 -189.588 -19.7467 0.233 0.1437 -0.9618 0.8462 -0.5173 0.1277 0.4792 0.8436 0.2421 LS91.dat
1 4 159.432 -191.955 -14.4492 0.1837 0.1071 -0.9771 0.9136 -0.3855 0.1295 0.3629 0.9165 0.1686 LS91.dat
1 4 159.846 -193.445 -8.7563 0.1376 0.0633 -0.9885 0.9663 -0.2278 0.1199 0.2176 0.9716 0.0925 LS91.dat
1 4 159.979 -193.944 -2.8853 0.0983 0.0151 -0.995 0.9935 -0.0584 0.0972 0.0567 0.9982 0.0208 LS91.dat
1 4 159.597 -193.649 2.9275 0.0695 -0.0788 -0.9945 0.9956 0.0687 0.0641 -0.0633 0.9945 -0.0833 LS91.dat
1 4 158.432 -192.649 8.6403 0.0537 -0.2184 -0.9744 0.9823 0.1872 0.0122 -0.1797 0.9578 -0.2245 LS91.dat
1 4 156.382 -190.924 13.8608 0.0617 -0.3713 -0.9265 0.9481 0.3119 -0.0618 -0.3119 0.8746 -0.3713 LS91.dat
1 4 153.499 -188.551 18.3735 0.093 -0.5117 -0.8541 0.8943 0.4201 -0.1543 -0.4377 0.7495 -0.4967 LS91.dat
1 4 149.956 -185.705 22.0727 0.1357 -0.6192 -0.7734 0.8314 0.4958 -0.2511 -0.5389 0.6089 -0.5821 LS91.dat
1 4 145.963 -182.581 24.9843 0.177 -0.6926 -0.6993 0.7699 0.54 -0.34 -0.6131 0.4782 -0.6288 LS91.dat
1 4 141.628 -179.28 27.2606 0.2104 -0.7409 -0.6378 0.7147 0.5617 -0.4168 -0.6671 0.3681 -0.6477 LS91.dat
1 4 137.075 -175.912 29.0015 0.2346 -0.7731 -0.5894 0.6664 0.5693 -0.4814 -0.7077 0.2798 -0.6488 LS91.dat
1 4 132.404 -172.56 30.3029 0.2506 -0.7955 -0.5516 0.6243 0.5683 -0.5359 -0.7399 0.2101 -0.6391 LS91.dat
1 4 127.686 -169.282 31.2454 0.2606 -0.8126 -0.5213 0.5867 0.5621 -0.5829 -0.7667 0.1539 -0.6233 LS91.dat
1 4 122.777 -165.983 31.9333 0.2653 -0.8265 -0.4965 0.5518 0.5524 -0.6248 -0.7906 0.1082 -0.6026 LS91.dat
1 4 117.834 -162.78 32.3878 0.2658 -0.8385 -0.4757 0.5196 0.5402 -0.662 -0.812 0.0712 -0.5793 LS91.dat
1 4 112.871 -159.689 32.6531 0.263 -0.8495 -0.4574 0.4894 0.526 -0.6955 -0.8314 0.0409 -0.5541 LS91.dat
1 4 107.832 -156.682 32.7678 0.2574 -0.8601 -0.4405 0.4605 0.51 -0.7266 -0.8496 0.0158 -0.5273 LS91.dat
1 4 102.716 -153.769 32.7572 0.2493 -0.8706 -0.4242 0.4324 0.492 -0.7556 -0.8665 -0.0049 -0.4991 LS91.dat
1 4 97.5184 -150.963 32.6431 0.2388 -0.8814 -0.4076 0.4051 0.4719 -0.7831 -0.8825 -0.0219 -0.4697 LS91.dat
1 4 92.2319 -148.274 32.4447 0.2263 -0.8925 -0.3901 0.3782 0.4496 -0.8092 -0.8976 -0.0356 -0.4393 LS91.dat
1 4 86.9114 -145.747 32.1824 0.2118 -0.9041 -0.3711 0.352 0.4248 -0.8341 -0.9117 -0.0461 -0.4082 LS91.dat
1 4 81.5451 -143.395 31.8739 0.1954 -0.9163 -0.3495 0.3262 0.3968 -0.858 -0.9249 -0.0537 -0.3764 LS91.dat
1 4 76.054 -141.203 31.5323 0.1769 -0.9291 -0.3246 0.3003 0.3651 -0.8812 -0.9373 -0.0584 -0.3436 LS91.dat
1 4 70.5607 -139.253 31.1828 0.1564 -0.9425 -0.2953 0.2749 0.3287 -0.9035 -0.9487 -0.0601 -0.3105 LS91.dat
1 4 64.9193 -137.521 30.8356 0.1332 -0.9563 -0.2601 0.2491 0.2864 -0.9252 -0.9593 -0.0585 -0.2764 LS91.dat
1 4 59.1917 -136.073 30.5163 0.1075 -0.97 -0.2178 0.2229 0.237 -0.9456 -0.9689 -0.0531 -0.2417 LS91.dat
1 4 53.4493 -134.977 30.254 0.0788 -0.983 -0.1661 0.1964 0.1787 -0.9641 -0.9774 -0.0434 -0.2071 LS91.dat
1 4 47.561 -134.264 30.0712 0.0466 -0.9936 -0.1027 0.168 0.1092 -0.9797 -0.9847 -0.0284 -0.1721 LS91.dat
1 4 29.9428 -134 30.0001 -0 -1 0 0.0725 -0 -0.9974 -0.9974 0 -0.0725 LS91.dat
1 4 38 -134 30.0001 -0 -1 0 0 -0 -1 -1 0 -0 LS90.dat
1 71 130 -96 -10 1 0 0 0 1 0 0 0 1 87087.dat
1 320 120 -96 28 1 0 0 0 0 1 0 -1 0 3068b.dat
1 0 160 -96 10 1 0 0 0 1 0 0 0 1 2877.dat
1 0 160 -96 -10 -1 0 0 0 1 0 0 0 -1 2877.dat
1 72 40 -128 10 1 0 0 0 1 0 0 0 1 3700.dat
1 72 0 -88 -10 1 0 0 0 1 0 0 0 1 3700.dat
1 1 0 -78 -20 0 0 1 0 1 0 -1 0 0 4274.dat
1 1 0 -78 20 0 0 -1 0 1 0 1 0 0 4274.dat
1 14 0 -78 -28 0 0 -1 -1 0 0 0 1 0 4073.dat
1 14 0 -78 28 0 0 1 -1 0 0 0 -1 0 4073.dat
1 72 0 -88 10 1 0 0 0 1 0 0 0 1 3700.dat
1 71 40 -88 10 1 0 0 0 1 0 0 0 1 32064b.dat
1 71 40 -88 -10 1 0 0 0 1 0 0 0 1 32064b.dat
1 71 80 -88 10 1 0 0 0 1 0 0 0 1 32064b.dat
1 71 80 -88 -10 1 0 0 0 1 0 0 0 1 32064b.dat
1 71 80 -88 90 1 0 0 0 1 0 0 0 1 32064b.dat
1 71 80 -88 70 1 0 0 0 1 0 0 0 1 32064b.dat
1 71 80 -88 -50 1 0 0 0 1 0 0 0 1 32064b.dat
1 71 170 -136 0 0 0 -1 0 1 0 1 0 0 32064b.dat
1 71 10 -136 0 0 0 -1 0 1 0 1 0 0 32064b.dat
1 71 -10 -136 0 0 0 -1 0 1 0 1 0 0 32064b.dat
1 320 -111 -166 0 1 0 0 0 0 -1 0 1 0 32013.dat
1 320 -111 -106 34.641 1 0 0 0 0.866025 0.5 0 -0.5 0.866025 32013.dat
1 4 -111 -106 34.641 1 0 0 0 0.866025 0.5 0 -0.5 0.866025 32054.dat
1 0 -141 -106 34.641 1 0 0 0 0.866025 0.5 0 -0.5 0.866025 32062.dat
1 71 -81 -106 34.641 1 0 0 0 0.5 -0.866025 0 0.866025 0.5 62462.dat
1 71 -171 -106 34.641 0 1 0 -0.5 0 -0.866025 -0.866025 0 0.5 4589.dat
1 14 150 -136 0 0 0 -1 0 1 0 1 0 0 3004.dat
0 
1 71 -121 -165 0 -1 0 0 0 -1 0 0 0 1 61184.dat
1 14 -129 -165 0 0 1 0 1 0 0 0 0 -1 4073.dat
1 71 -153 -165 0 0 1 0 1 0 0 0 0 -1 4589.dat
0
0 FILE Part 8.ldr
0 Part 8
0 Name: Part 8.ldr
0 Author: LDraw
0 Unofficial Model
0 ROTATION CENTER 0 0 0 1 "Custom" 
0 ROTATION CONFIG 0 0
1 71 10 8 0 0 0 -1 0 1 0 1 0 0 4595.dat
1 71 0 18 -18 0 0 -1 -1 0 0 0 1 0 4592.dat
1 0 0 18 -18 0 1 0 -1 0 0 0 0 1 4593.dat
1 71 0 18 18 0 0 -1 1 0 0 0 -1 0 4592.dat
1 0 0 18 18 0 1 0 1 0 0 0 0 -1 4593.dat
1 36 -2 18 0 0 1 0 0 0 1 1 0 0 58176.dat
1 71 52 18 0 0 -1 0 -1 0 0 0 0 -1 4697b.dat
1 72 10 0 0 -1 0 0 0 1 0 0 0 -1 3023.dat
1 70 10 8 0 0 0 1 0 1 0 -1 0 0 93273.dat
0
0
