0 FILE AT-DP.ldr
0 AT-DP
0 Name: AT-DP.ldr
0 Author: LDraw
0 Unofficial Model
0 ROTATION CENTER 0 0 0 1 "Custom" 
0 ROTATION CONFIG 0 0
1 0 -510 8 380 0 0 1 0 1 0 -1 0 0 Stormtrooper.ldr
1 0 -510 8 260 0 0 1 0 1 0 -1 0 0 Agent Kallus.ldr
1 0 -510 8 150 0 0 1 0 1 0 -1 0 0 Pilot.ldr
1 0 -510 8 40 0 0 1 0 1 0 -1 0 0 Pilot.ldr
1 0 -120 -412 390 0.707107 0 -0.707107 0 1 0 0.707107 0 0.707107 Part 1.ldr
0
0 FILE Stormtrooper.ldr
0 Stormtrooper
0 Name: Stormtrooper.ldr
0 Author: LDraw
0 Unofficial Model
0 ROTATION CENTER 0 0 0 1 "Custom" 
0 ROTATION CONFIG 0 0
1 15 0 -24 0 1 0 0 0 1 0 0 0 1 30408p01.dat
1 78 0 -24 0 1 0 0 0 1 0 0 0 1 3626bp01.dat
1 15 0 0 0 1 0 0 0 1 0 0 0 1 973psk.dat
1 0 0 32 0 1 0 0 0 1 0 0 0 1 3815.dat
1 15 -15.552 9 0 0.985 -0.17 0 0.17 0.985 0 0 0 1 3818.dat
1 15 15.552 9 0 0.985 0.17 0 -0.17 0.985 0 0 0 1 3819.dat
1 0 -23.8634 26.5956 -10.321 0.985 -0.12019 0.12019 0.17 0.696395 -0.696395 0 0.707 0.707 3820.dat
1 0 23.8634 26.5956 -10.321 0.985 0.12019 -0.12019 -0.17 0.696395 -0.696395 0 0.707 0.707 3820.dat
1 0 -24.6826 31.3422 -19.2547 0.985 -0.0874983 0.14567 0.17 0.506976 -0.844031 0 0.856884 0.514696 58247.dat
1 15 0 44 0 1 0 0 0 1 0 0 0 1 3816.dat
1 15 0 44 0 1 0 0 0 1 0 0 0 1 3817.dat
0
0 FILE Agent Kallus.ldr
0 Agent Kallus
0 Name: Agent Kallus.ldr
0 Author: LDraw
0 Unofficial Model
0 ROTATION CENTER 0 0 0 1 "Custom" 
0 ROTATION CONFIG 0 0
1 0 0 -24 0 1 0 0 0 1 0 0 0 1 98108.dat
1 0 -23.707 22.914 -34.845 0.988324 -0.0766824 0.131665 0.152123 0.545513 -0.824181 -0.00862497 0.834587 0.550809 577b.dat
1 0 -24.092 24.085 -58.417 0.988324 -0.145141 -0.0463671 0.152123 0.922715 0.354197 -0.00862497 -0.357115 0.934021 58247.dat
1 0 -29 59 -5 -0.988324 -0.111947 0.103362 -0.152123 0.686574 -0.710968 0.00862497 -0.71839 -0.695587 58247.dat
1 78 0 -24 0 1 0 0 0 1 0 0 0 1 3626bp01.dat
1 0 0 0 0 1 0 0 0 1 0 0 0 1 973.dat
1 0 0 32 0 1 0 0 0 1 0 0 0 1 3815.dat
1 0 -15.552 9 0 0.985 -0.17 0 0.17 0.985 0 0 0 1 3818.dat
1 0 15.552 9 0 0.985 0.17 0 -0.17 0.985 0 0 0 1 3819.dat
1 0 -23.8634 26.5956 -10.321 0.985 -0.12019 0.12019 0.17 0.696395 -0.696395 0 0.707 0.707 3820.dat
1 0 23.8634 26.5956 -10.321 0.985 0.12019 -0.12019 -0.17 0.696395 -0.696395 0 0.707 0.707 3820.dat
1 0 0 44 0 1 0 0 0 1 0 0 0 1 3816.dat
1 0 0 44 0 1 0 0 0 1 0 0 0 1 3817.dat
0
0 FILE Pilot.ldr
0 Pilot
0 Name: Pilot.ldr
0 Author: LDraw
0 Unofficial Model
0 ROTATION CENTER 0 0 0 1 "Custom" 
0 ROTATION CONFIG 0 0
1 15 0 -24 0 1 0 0 0 1 0 0 0 1 57900.dat
1 0 -25 35.5 -13.5 -0.0980757 -0.0381601 0.994447 0.852883 0.511691 0.103749 -0.512808 0.858322 -0.0176383 92738.dat
1 15 0 -24 0 1 0 0 0 1 0 0 0 1 3626bp01.dat
1 15 0 0 0 1 0 0 0 1 0 0 0 1 973.dat
1 15 0 32 0 1 0 0 0 1 0 0 0 1 3815.dat
1 15 -15.552 9 0 0.985 -0.17 0 0.17 0.985 0 0 0 1 3818.dat
1 15 15.552 9 0 0.985 0.17 0 -0.17 0.985 0 0 0 1 3819.dat
1 71 -23.8634 26.5956 -10.321 0.985 -0.12019 0.12019 0.17 0.696395 -0.696395 0 0.707 0.707 3820.dat
1 71 23.8634 26.5956 -10.321 0.985 0.12019 -0.12019 -0.17 0.696395 -0.696395 0 0.707 0.707 3820.dat
1 15 0 44 0 1 0 0 0 1 0 0 0 1 3816.dat
1 15 0 44 0 1 0 0 0 1 0 0 0 1 3817.dat
0
0 FILE Part 1.ldr
0 Part 1
0 Name: Part 1.ldr
0 Author: LDraw
0 Unofficial Model
0 ROTATION CENTER 0 0 0 1 "Custom" 
0 ROTATION CONFIG 0 0
1 71 -30 32 0 1 0 0 0 1 0 0 0 1 3032.dat
1 71 -78 459.5 90 0 0 1 0 1 0 -1 0 0 Part 11.ldr
1 71 -78 459.5 -90 0 0 1 0 1 0 -1 0 0 Part 15.ldr
1 0 -10 16 0 1 0 0 0 1 0 0 0 1 32001.dat
1 0 -40 16 30 1 0 0 0 1 0 0 0 1 4073.dat
1 0 -40 16 -30 1 0 0 0 1 0 0 0 1 4073.dat
1 0 -80 -8 -30 1 0 0 0 1 0 0 0 1 4073.dat
1 0 -50 -16 0 1 0 0 0 1 0 0 0 1 61485.dat
1 0 -3.806 -8 19.134 0.92388 0 -0.382683 0 1 0 0.382683 0 0.92388 Part 2.ldr
1 71 -10 -16 -50 1 0 0 0 1 0 0 0 1 92593.dat
1 71 -10 -16 50 1 0 0 0 1 0 0 0 1 92593.dat
1 0 -80 -8 30 1 0 0 0 1 0 0 0 1 4073.dat
1 72 -80 24 0 0 0 -1 0 1 0 1 0 0 3710.dat
1 72 -80 0 -30 1 0 0 0 1 0 0 0 1 2357.dat
1 72 -80 -8 0 0 0 1 0 1 0 -1 0 0 44728.dat
1 72 -60 -16 60 0 0 1 0 1 0 -1 0 0 44728.dat
1 72 -60 -16 -60 0 0 1 0 1 0 -1 0 0 44728.dat
1 72 -80 0 30 0 0 1 0 1 0 -1 0 0 2357.dat
1 72 10 0 30 1 0 0 0 1 0 0 0 1 3701.dat
0 MLCAD BTG Group name
1 72 24.994 29.363 -50 0.968148 0 0.25038 0.25038 0 -0.968148 0 1 0 32523.dat
0 MLCAD BTG Group name
1 72 24.994 29.363 50 0.968148 0 0.25038 0.25038 0 -0.968148 0 1 0 32523.dat
0 GROUP 2 Group name
1 71 30 10 50 0 -0.25038 0.968148 0 0.968148 0.25038 -1 0 0 32054.dat
1 71 30 10 -50 0 0 -1 0 1 0 1 0 0 32054.dat
1 72 -30 0 50 1 0 0 0 1 0 0 0 1 3701.dat
1 72 -30 0 70 1 0 0 0 1 0 0 0 1 3701.dat
1 72 -30 0 -50 1 0 0 0 1 0 0 0 1 3701.dat
1 72 -30 0 -70 1 0 0 0 1 0 0 0 1 3701.dat
1 72 10 0 -30 1 0 0 0 1 0 0 0 1 3701.dat
1 72 54 10 -20 0 -1 0 1 0 0 0 0 1 61409.dat
1 72 54 10 20 0 -1 0 -1 0 0 0 0 -1 61409.dat
1 72 -74 14 60 0 1 0 1 0 0 0 0 -1 61409.dat
1 72 -74 14 -60 0 1 0 -1 0 0 0 0 1 61409.dat
1 72 -110 12 0 0 1 0 -1 0 0 0 0 1 2412b.dat
1 71 -102 22 0 0 1 0 0 0 -1 -1 0 0 3794b.dat
1 71 -102 2 0 0 1 0 0 0 -1 -1 0 0 3794b.dat
1 28 -50 10 90 0 -0.998848 0.0479781 0 0.0479781 0.998848 -1 0 0 15462.dat
1 28 -57.893 23.845 90 0.872496 0.488621 0 0.488621 -0.872496 0 0 0 -1 Part 13.ldr
1 28 -42.054 -4.127 -90 0.872496 -0.488621 0 0.488621 0.872496 0 0 0 1 Part 18.ldr
1 28 -50 10 -90 0 -0.85264 -0.522499 0 0.522499 -0.85264 1 0 0 15462.dat
1 1 -10 10 -50 0 0 -1 0 1 0 1 0 0 6558.dat
1 1 -10 10 50 0 0 1 0 1 0 -1 0 0 6558.dat
1 72 -10 24 0 0 0 -1 0 1 0 1 0 0 3795.dat
1 72 10 -8 0 0 0 -1 0 1 0 1 0 0 3035.dat
1 72 -50 0 0 0 0 -1 0 1 0 1 0 0 15535.dat
1 71 -50 24 0 0 0 -1 0 1 0 1 0 0 3738.dat
1 71 -50 -8 0 0 0 -1 0 1 0 1 0 0 3738.dat
1 71 30 24 0 0 0 -1 0 1 0 1 0 0 3709b.dat
1 15 40 8 0 0 0 -1 0 1 0 1 0 0 3023.dat
1 14 40 0 0 0 0 -1 0 1 0 1 0 0 2436b.dat
1 71 -30 8 0 -1 0 0 0 1 0 0 0 -1 3709b.dat
0
0 FILE Part 2.ldr
0 Part 2
0 Name: Part 2.ldr
0 Author: LDraw
0 Unofficial Model
0 ROTATION CENTER 0 0 0 1 "Custom" 
0 ROTATION CONFIG 0 0
1 71 -50 2 0 0 -1 0 1 0 0 0 0 1 4519.dat
1 72 -50 -32 0 1 0 0 0 1 0 0 0 1 87081.dat
1 72 -10 -40 0 1 0 0 0 1 0 0 0 1 10247.dat
1 72 -100 -48 -10 0 0 1 0 1 0 -1 0 0 2420.dat
1 0 -50 -56 0 1 0 0 0 1 0 0 0 1 32001.dat
1 71 -70 -64 0 1 0 0 0 1 0 0 0 1 3709b.dat
1 15 -40 -96 0 0 0 1 0 1 0 -1 0 0 2432.dat
1 15 -60 -72 0 0 0 1 0 1 0 -1 0 0 3069b.dat
1 15 -80 -88 0 0 0 -1 0 1 0 1 0 0 93095.dat
1 15 -120 -72 0 0 0 1 0 1 0 -1 0 0 2432.dat
1 15 -140 -48 0 0 0 1 0 1 0 -1 0 0 3069b.dat
1 15 -180 -72 0 0 0 -1 0 1 0 1 0 0 3937.dat
1 0 -176.173 -71.239 0 0 -0.382683 -0.92388 0 0.92388 -0.382683 1 0 0 3938.dat
1 36 -173.112 -78.63 0 0 -0.382683 -0.92388 0 0.92388 -0.382683 1 0 0 3069b.dat
1 15 -100 -96 0 0 0 -1 0 1 0 1 0 0 3937.dat
1 0 -96.173 -95.239 0 0 -0.382683 -0.92388 0 0.92388 -0.382683 1 0 0 3938.dat
1 36 -93.112 -102.63 0 0 -0.382683 -0.92388 0 0.92388 -0.382683 1 0 0 3069b.dat
1 15 -160 -64 0 0 0 -1 0 1 0 1 0 0 93095.dat
1 4 -100 -72 0 0 0 -1 0 1 0 1 0 0 3023.dat
1 4 -180 -48 0 0 0 -1 0 1 0 1 0 0 3023.dat
1 4 -220 -80 0 0 0 -1 0 1 0 1 0 0 3023.dat
1 15 -120 -48 -30 0 0 1 0 1 0 -1 0 0 4073.dat
1 15 -220 -120 -10 0 0 1 0 1 0 -1 0 0 4073.dat
1 15 -220 -120 10 0 0 1 0 1 0 -1 0 0 4073.dat
1 15 -220 -88 10 0 0 -1 0 1 0 1 0 0 60897.dat
1 15 -220 -88 -10 0 0 -1 0 1 0 1 0 0 60897.dat
1 15 -200 -48 -10 0 0 -1 0 1 0 1 0 0 3957b.dat
1 15 -200 -48 10 0 0 -1 0 1 0 1 0 0 3957b.dat
1 15 -120 -48 30 0 0 1 0 1 0 -1 0 0 4073.dat
1 72 -30 -88 50 1 0 0 0 1 0 0 0 1 2412b.dat
1 72 -150 -40 30 1 0 0 0 1 0 0 0 1 2877.dat
1 72 -150 -40 -30 -1 0 0 0 1 0 0 0 -1 2877.dat
1 72 -30 -88 -50 1 0 0 0 1 0 0 0 1 2412b.dat
1 72 -220 -128 0 0 0 -1 0 1 0 1 0 0 2412b.dat
1 72 -242 2 0 0 1 0 0 0 1 1 0 0 2412b.dat
1 36 -160 2 -32 -1 0 0 0 0 1 0 1 0 98138.dat
1 36 -160 2 32 1 0 0 0 0 1 0 -1 0 98138.dat
1 36 -210 2 -48 0 0 1 1 0 0 0 1 0 15400c01.dat
1 36 -210 2 48 0 0 1 -1 0 0 0 -1 0 15400c01.dat
1 71 -10 -80 0 1 0 0 0 1 0 0 0 1 6232.dat
1 0 10 -150 0 1 0 0 0 1 0 0 0 1 2780.dat
1 71 20 -30 0 -1 0 0 0 1 0 0 0 -1 32054.dat
1 71 20 -70 70 -1 0 0 0 0.968148 0.25038 0 0.25038 -0.968148 32054.dat
1 71 20 -70 -70 -1 0 0 0 0.970296 -0.241922 0 -0.241922 -0.970296 32054.dat
1 71 10 -77.744 -101.048 -1 0 0 0 0.241922 0.970296 0 0.970296 -0.241922 Part 5.ldr
1 71 -250 -55.477 133.664 -1 0 0 0 0.25038 -0.968148 0 -0.968148 -0.25038 Part 3.ldr
1 71 0 -104 0 0 0 1 0 1 0 -1 0 0 3037.dat
0 MLCAD BTG Group name
1 71 -242 32 0 0 1 0 -1 0 0 0 0 1 44358.dat
0 MLCAD BTG Group name
1 71 -312 32 0 0 0 -1 -1 0 0 0 1 0 42610.dat
0 MLCAD BTG Group name
1 71 -312 32 0 1 0 0 0 0 -1 0 1 0 32054.dat
0 MLCAD BTG Group name
1 71 -432 32 0 -1 0 0 0 0 1 0 1 0 32054.dat
0 MLCAD BTG Group name
1 4 -342 32 0 1 0 0 0 0 -1 0 1 0 32062.dat
0 MLCAD BTG Group name
1 72 -362 32 0 0 0 1 1 0 0 0 1 0 59443.dat
0 MLCAD BTG Group name
1 71 -390 32 0 -1 0 0 0 -1 0 0 0 1 4519.dat
0 MLCAD BTG Group name
1 14 -387 32 0 0 0 -1 -1 0 0 0 1 0 32123a.dat
0 MLCAD BTG Group name
1 71 -397 32 0 0 0 -1 -1 0 0 0 1 0 32123a.dat
0 MLCAD BTG Group name
1 72 -274 32 0 0 1 0 -1 0 0 0 0 1 44359.dat
0 MLCAD BTG Group name
1 72 -274 32 0 0 -1 0 0 0 1 -1 0 0 44359.dat
0 GROUP 11 Group name
1 71 -40 -80 50 0 0 1 0 1 0 -1 0 0 3040b.dat
1 71 -40 -80 -50 0 0 1 0 1 0 -1 0 0 3040b.dat
1 71 -20 -80 -40 0 0 -1 0 1 0 1 0 0 32000.dat
1 71 0 -128 -20 0 0 -1 0 1 0 1 0 0 32000.dat
1 71 40 -150 20 0 0 1 0 1 0 -1 0 0 Part 5.ldr
1 71 40 -150 -40 0 0 1 0 1 0 -1 0 0 Part 5.ldr
1 71 31.565 -137.821 0 0 0.999762 -0.0218149 0 -0.0218149 -0.999762 -1 0 0 Part 8.ldr
1 71 29.127 -207.996 0 0 0 1 0 1 0 -1 0 0 Part 7.ldr
1 71 -184.733 -159.402 -20 0 0.382684 0.923879 0 0.923879 -0.382684 -1 0 0 Part 10.ldr
1 71 0 -128 20 0 0 -1 0 1 0 1 0 0 32000.dat
1 71 -20 -80 40 0 0 -1 0 1 0 1 0 0 32000.dat
1 71 0 -70 50 0 -1 0 -1 0 0 0 0 -1 32523.dat
1 71 0 -70 -50 0 -1 0 -1 0 0 0 0 -1 32523.dat
1 0 -10 -70 30 1 0 0 0 -1 0 0 0 -1 2780.dat
1 0 -10 -70 50 1 0 0 0 -1 0 0 0 -1 2780.dat
1 0 -10 -70 -30 1 0 0 0 -1 0 0 0 -1 2780.dat
1 0 -10 -70 -50 1 0 0 0 -1 0 0 0 -1 2780.dat
1 72 -50 -56 50 0 0 1 0 1 0 -1 0 0 54383.dat
1 72 0 -136 0 0 0 1 0 1 0 -1 0 0 3710.dat
1 72 0 -160 0 0 0 1 0 1 0 -1 0 0 3700.dat
1 72 20 -90 0 0 -1 0 0 0 1 -1 0 0 32524.dat
1 71 0 -160 0 0 0 1 0 1 0 -1 0 0 85984.dat
1 71 -254 -22 20 0 1 0 0 0 1 1 0 0 85984.dat
1 71 -254 -22 -20 0 1 0 0 0 1 1 0 0 85984.dat
1 71 0 -136 -30 0 0 -1 0 1 0 1 0 0 54200.dat
1 71 0 -136 30 0 0 -1 0 1 0 1 0 0 54200.dat
1 72 -50 -56 -50 0 0 1 0 1 0 -1 0 0 54384.dat
1 0 -60 -80 -30 0 0 1 0 1 0 -1 0 0 50950.dat
1 0 -130 -64 -30 0 0 1 0 1 0 -1 0 0 61678.dat
1 0 -130 -64 30 0 0 1 0 1 0 -1 0 0 61678.dat
1 0 -60 -80 30 0 0 1 0 1 0 -1 0 0 50950.dat
1 72 -100 -48 10 1 0 0 0 1 0 0 0 1 2420.dat
1 72 0 -48 10 0 0 -1 0 1 0 1 0 0 2420.dat
1 72 0 -48 -10 -1 0 0 0 1 0 0 0 -1 2420.dat
1 71 -120 -40 20 0 0 1 0 1 0 -1 0 0 11215.dat
1 71 -70 -48 -30 1 0 0 0 1 0 0 0 1 99781.dat
1 71 -220 32 0 0 0 1 0 1 0 -1 0 0 99781.dat
1 71 -30 -48 -30 1 0 0 0 1 0 0 0 1 99781.dat
1 71 -30 -48 30 -1 0 0 0 1 0 0 0 -1 99781.dat
1 71 -70 -48 30 -1 0 0 0 1 0 0 0 -1 99781.dat
1 71 -50 -38 52 -1 0 0 0 0 -1 0 -1 0 92593.dat
1 71 -50 -38 -52 1 0 0 0 0 -1 0 1 0 92593.dat
1 71 -120 -40 -20 0 0 1 0 1 0 -1 0 0 11215.dat
1 1 -50 -40 0 1 0 0 0 1 0 0 0 1 4032b.dat
1 1 -50 -48 0 1 0 0 0 1 0 0 0 1 4032b.dat
1 4 -50 -40 -30 1 0 0 0 1 0 0 0 1 3023.dat
1 4 -50 -40 30 1 0 0 0 1 0 0 0 1 3023.dat
1 0 -170 -24 0 1 0 0 0 1 0 0 0 1 3709b.dat
1 72 -160 -40 0 1 0 0 0 1 0 0 0 1 3021.dat
1 72 -140 -8 0 1 0 0 0 1 0 0 0 1 3021.dat
1 72 -220 8 0 0 0 -1 0 1 0 1 0 0 3747b.dat
1 72 -190 -8 -40 -1 0 0 0 0 1 0 1 0 15068.dat
1 72 -190 -8 40 1 0 0 0 0 1 0 -1 0 15068.dat
1 72 -100 -32 -10 1 0 0 0 1 0 0 0 1 3665.dat
1 72 -100 -32 10 -1 0 0 0 1 0 0 0 -1 3665.dat
1 71 -190 -32 0 0 0 -1 0 1 0 1 0 0 3709b.dat
1 71 -220 -32 0 0 0 1 0 1 0 -1 0 0 30414.dat
1 72 -190 -32 -30 0 0 -1 0 1 0 1 0 0 11477.dat
1 72 -190 -32 30 0 0 -1 0 1 0 1 0 0 11477.dat
1 71 -254 -22 0 0 1 0 0 0 -1 -1 0 0 30414.dat
1 71 -238 -72 20 0 1 0 0 0 1 1 0 0 41770.dat
1 71 -238 -72 -20 0 1 0 0 0 1 1 0 0 41769.dat
1 40 -246 -102 0 0 1 0 0 0 1 1 0 0 3069b.dat
1 72 -262 -82 0 0 1 0 0 0 -1 -1 0 0 4865b.dat
1 71 -200 -93 10 -1 0 0 0 1 0 0 0 -1 41677.dat
1 71 -200 -117 10 -1 0 0 0 1 0 0 0 -1 41677.dat
1 71 -190 0 0 -1 0 0 0 1 0 0 0 -1 3709b.dat
1 71 -190 -8 10 -1 0 0 0 1 0 0 0 -1 2436b.dat
1 71 -190 -8 -10 1 0 0 0 1 0 0 0 1 2436b.dat
1 0 -220 -8 0 0 0 1 0 1 0 -1 0 0 44728.dat
1 71 -190 -24 -30 1 0 0 0 1 0 0 0 1 99206.dat
1 71 -220 -48 -20 0 0 1 0 1 0 -1 0 0 99206.dat
1 71 -220 -48 20 0 0 1 0 1 0 -1 0 0 99206.dat
1 19 -220 -72 0 0 0 1 0 1 0 -1 0 0 11211.dat
1 19 -220 -112 0 0 0 1 0 1 0 -1 0 0 11211.dat
1 71 -190 -24 30 -1 0 0 0 1 0 0 0 -1 99206.dat
1 1 -150 -32 0 0 0 -1 0 1 0 1 0 0 4032b.dat
1 1 -233.508 -42.071 -81.687 0.989016 0.147809 0.000285374 -0.035483 0.239297 -0.970298 -0.143487 0.95963 0.241913 Part 4.ldr
1 1 -164.481 -116.935 -17.717 0.0958451 -0.995388 -0.00405785 0.240826 0.027144 -0.970189 0.965824 0.0920106 0.242317 Part 6.ldr
0
0 FILE Part 3.ldr
0 Part 3
0 Name: Part 3.ldr
0 Author: LDraw
0 Unofficial Model
0 ROTATION CENTER 0 0 0 1 "Custom" 
0 ROTATION CONFIG 0 0
0 MLCAD BTG Group name3
1 72 -20.564 82.594 0 0.985556 -0.16935 0 0.16935 0.985556 0 0 0 1 3021.dat
0 MLCAD BTG Group name3
1 72 -207.817 50.424 80 0.985556 -0.16935 0 0.16935 0.985556 0 0 0 1 3035.dat
0 MLCAD BTG Group name3
1 72 -249.951 59.419 100 0.985556 -0.16935 0 0.16935 0.985556 0 0 0 1 4032b.dat
0 MLCAD BTG Group name3
1 0 -251.306 67.302 100 0.985556 -0.16935 0 0.16935 0.985556 0 0 0 1 2654.dat
0 MLCAD BTG Group name3
1 72 -148.686 60.581 10 0 -0.16935 -0.985556 0 0.985556 -0.16935 1 0 0 3021.dat
0 MLCAD BTG Group name3
1 72 -127.618 56.086 60 0 -0.16935 -0.985556 0 0.985556 -0.16935 1 0 0 87079.dat
0 MLCAD BTG Group name3
1 72 -176.897 47.613 80 0 -0.16935 -0.985556 0 0.985556 -0.16935 1 0 0 2412b.dat
0 MLCAD BTG Group name3
1 72 -67.131 58.362 -10 -0.985556 -0.16935 0 -0.16935 0.985556 0 0 0 -1 2412b.dat
0 MLCAD BTG Group name3
1 72 -20.564 82.594 50 0 -0.16935 -0.985556 0 0.985556 -0.16935 1 0 0 11212.dat
0 MLCAD BTG Group name3
1 72 -89.554 70.743 40 0 -0.16935 -0.985556 0 0.985556 -0.16935 1 0 0 3032.dat
0 MLCAD BTG Group name3
1 71 10.358 79.792 20 -0.985556 -0.16935 0 -0.16935 0.985556 0 0 0 -1 41769.dat
0 MLCAD BTG Group name3
1 71 -147.333 52.694 120 0 -0.16935 -0.985556 0 0.985556 -0.16935 1 0 0 41770.dat
0 MLCAD BTG Group name3
1 71 -285.31 28.989 100 -0.985556 -0.16935 0 -0.16935 0.985556 0 0 0 -1 41770.dat
0 MLCAD BTG Group name3
1 71 -68.486 66.245 50 -0.985556 -0.16935 0 -0.16935 0.985556 0 0 0 -1 3710.dat
0 MLCAD BTG Group name3
1 71 -265.598 32.376 50 -0.985556 -0.16935 0 -0.16935 0.985556 0 0 0 -1 3710.dat
0 MLCAD BTG Group name3
1 71 -21.919 90.485 20 0 -0.16935 0.985556 0 0.985556 0.16935 -1 0 0 3710.dat
0 MLCAD BTG Group name3
1 71 -248.597 51.532 110 0.985556 -0.16935 0 0.16935 0.985556 0 0 0 1 3710.dat
0 MLCAD BTG Group name3
1 71 -150.041 68.468 90 0.985556 -0.16935 0 0.16935 0.985556 0 0 0 1 4477.dat
0 MLCAD BTG Group name3
1 71 -51.488 85.404 40 0 -0.16935 -0.985556 0 0.985556 -0.16935 1 0 0 10247.dat
0 MLCAD BTG Group name3
1 71 -268.307 48.145 80 0 -0.16935 0.985556 0 0.985556 0.16935 -1 0 0 10247.dat
0 MLCAD BTG Group name
1 1 -53.174 95.255 60 0 -0.0174524 -0.999848 0 0.999848 -0.0174524 1 0 0 43093.dat
0 MLCAD BTG Group name
1 256 -53.174 95.255 70 -0.0174524 -0.999848 0 0.999848 -0.0174524 0 0 0 1 45590.dat
0 GROUP 2 Group name
0 MLCAD BTG Group name2
1 1 -270 58 60 0 0 1 0 1 0 -1 0 0 43093.dat
0 MLCAD BTG Group name2
1 71 -270 58 30 -1 0 0 0 1 0 0 0 -1 32013.dat
0 GROUP 2 Group name2
0 MLCAD BTG Group name3
1 0 -110.614 75.24 40 0 -0.16935 -0.985556 0 0.985556 -0.16935 1 0 0 3031.dat
0 MLCAD BTG Group name3
1 71 -186.752 45.923 20 0 -0.16935 0.985556 0 0.985556 0.16935 -1 0 0 30503.dat
0 MLCAD BTG Group name3
1 71 -226.174 39.15 100 0.985556 -0.16935 0 0.16935 0.985556 0 0 0 1 6179.dat
0 MLCAD BTG Group name3
1 71 -68.486 66.245 -30 0.985556 -0.16935 0 0.16935 0.985556 0 0 0 1 2419.dat
0 MLCAD BTG Group name3
1 71 -137.471 54.396 10 0 -0.16935 0.985556 0 0.985556 0.16935 -1 0 0 2420.dat
0 MLCAD BTG Group name3
1 71 -159.897 66.772 -10 0.985556 -0.16935 0 0.16935 0.985556 0 0 0 1 2420.dat
0 MLCAD BTG Group name3
1 14 -68.486 66.245 20 -0.985556 -0.16935 0 -0.16935 0.985556 0 0 0 -1 3020.dat
0 MLCAD BTG Group name3
1 71 -48.775 69.634 90 0 -0.16935 -0.985556 0 0.985556 -0.16935 1 0 0 54384.dat
0 MLCAD BTG Group name3
1 71 -92.261 86.511 10 0 -0.16935 -0.985556 0 0.985556 -0.16935 1 0 0 54383.dat
0 MLCAD BTG Group name3
1 71 -19.208 74.712 30 0 -0.16935 -0.985556 0 0.985556 -0.16935 1 0 0 63864.dat
0 MLCAD BTG Group name3
1 71 -76.989 56.668 90 -0.985556 -0.16935 0 -0.16935 0.985556 0 0 0 -1 63864.dat
0 MLCAD BTG Group name3
1 71 -68.486 66.245 40 -0.985556 -0.16935 0 -0.16935 0.985556 0 0 0 -1 86500.dat
0 GROUP 32 Group name3
0
0 FILE Part 4.ldr
0 Part 4
0 Name: Part 4.ldr
0 Author: LDraw
0 Unofficial Model
0 ROTATION CENTER 0 0 0 1 "Custom" 
0 ROTATION CONFIG 0 0
1 72 0 24 0 1 0 0 0 1 0 0 0 1 3021.dat
1 72 190 24 80 1 0 0 0 1 0 0 0 1 3035.dat
1 72 230 40 100 1 0 0 0 1 0 0 0 1 4032b.dat
1 0 230 48 100 1 0 0 0 1 0 0 0 1 2654.dat
1 72 130 24 10 0 0 -1 0 1 0 1 0 0 3021.dat
1 72 110 16 60 0 0 -1 0 1 0 1 0 0 87079.dat
1 72 160 16 80 0 0 -1 0 1 0 1 0 0 2412b.dat
1 72 50 8 -10 -1 0 0 0 1 0 0 0 -1 2412b.dat
1 72 0 24 50 0 0 -1 0 1 0 1 0 0 11212.dat
1 72 70 24 40 0 0 -1 0 1 0 1 0 0 3032.dat
1 71 -30 16 20 -1 0 0 0 1 0 0 0 -1 41770.dat
1 71 130 16 120 0 0 1 0 1 0 -1 0 0 41769.dat
1 71 270 16 100 -1 0 0 0 1 0 0 0 -1 41769.dat
1 71 210 16 100 1 0 0 0 1 0 0 0 1 6179.dat
1 71 50 16 50 -1 0 0 0 1 0 0 0 -1 3710.dat
1 71 250 16 50 -1 0 0 0 1 0 0 0 -1 3710.dat
1 71 230 32 110 -1 0 0 0 1 0 0 0 -1 3710.dat
1 71 130 32 90 -1 0 0 0 1 0 0 0 -1 4477.dat
1 71 0 32 20 0 0 1 0 1 0 -1 0 0 3710.dat
1 71 30 32 40 0 0 -1 0 1 0 1 0 0 10247.dat
1 71 250 32 80 0 0 1 0 1 0 -1 0 0 10247.dat
1 71 170 16 20 1 0 0 0 1 0 0 0 1 30503.dat
1 71 50 16 40 1 0 0 0 1 0 0 0 1 86500.dat
1 71 120 16 10 -1 0 0 0 1 0 0 0 -1 2420.dat
1 71 140 32 -10 0 0 -1 0 1 0 1 0 0 2420.dat
1 0 90 32 40 0 0 -1 0 1 0 1 0 0 3031.dat
1 71 50 16 -30 1 0 0 0 1 0 0 0 1 2419.dat
1 14 50 16 20 -1 0 0 0 1 0 0 0 -1 3020.dat
1 71 30 16 90 0 0 1 0 1 0 -1 0 0 54383.dat
1 71 70 40 10 0 0 1 0 1 0 -1 0 0 54384.dat
1 71 0 16 30 0 0 1 0 1 0 -1 0 0 63864.dat
1 71 60 8 90 1 0 0 0 1 0 0 0 1 63864.dat
0
0 FILE Part 5.ldr
0 Part 5
0 Name: Part 5.ldr
0 Author: LDraw
0 Unofficial Model
0 ROTATION CENTER 0 0 0 1 "Custom" 
0 ROTATION CONFIG 0 0
1 71 -10 32 0 1 0 0 0 1 0 0 0 1 32013.dat
1 1 -10 32 -30 0 0 -1 0 1 0 1 0 0 43093.dat
0
0 FILE Part 6.ldr
0 Part 6
0 Name: Part 6.ldr
0 Author: LDraw
0 Unofficial Model
0 ROTATION CENTER 0 0 0 1 "Custom" 
0 ROTATION CONFIG 0 0
1 1 -10 32 -30 0 0 -1 0 1 0 1 0 0 43093.dat
1 256 -10 32 -20 1 0 0 0 1 0 0 0 1 45590.dat
0
0 FILE Part 7.ldr
0 Part 7
0 Name: Part 7.ldr
0 Author: LDraw
0 Unofficial Model
0 ROTATION CENTER 0 0 0 1 "Custom" 
0 ROTATION CONFIG 0 0
1 72 0 32 0 1 0 0 0 1 0 0 0 1 3020.dat
1 72 30 32 0 -1 0 0 0 1 0 0 0 -1 11477.dat
1 72 0 16 -110 -1 0 0 0 1 0 0 0 -1 2431.dat
1 72 -20 40 -110 1 0 0 0 1 0 0 0 1 44567.dat
1 72 20 40 -110 1 0 0 0 1 0 0 0 1 44567.dat
1 72 -30 16 -60 0 0 1 0 1 0 -1 0 0 2431.dat
1 72 -30 48 -60 0 0 1 0 1 0 -1 0 0 3666.dat
1 72 30 48 -60 0 0 1 0 1 0 -1 0 0 3666.dat
1 36 30 56 -100 0 0 1 0 1 0 -1 0 0 3023.dat
1 36 -30 56 -100 0 0 1 0 1 0 -1 0 0 3023.dat
1 72 30 16 -60 0 0 1 0 1 0 -1 0 0 2431.dat
1 72 -30 32 0 -1 0 0 0 1 0 0 0 -1 11477.dat
1 71 10 24 0 0 0 1 0 1 0 -1 0 0 92280.dat
1 71 -10 -16 -70 0 0 -1 0 1 0 1 0 0 Part 9.ldr
1 71 -10 24 0 0 0 1 0 1 0 -1 0 0 92280.dat
1 71 -40 24 -20 0 0 1 0 1 0 -1 0 0 3022.dat
1 71 -40 24 -80 1 0 0 0 1 0 0 0 1 41769.dat
1 71 40 24 -80 1 0 0 0 1 0 0 0 1 41770.dat
1 71 -30 32 -60 0 0 1 0 1 0 -1 0 0 3710.dat
1 71 30 32 -60 0 0 1 0 1 0 -1 0 0 3710.dat
1 71 -30 40 -60 0 0 1 0 1 0 -1 0 0 3710.dat
1 71 -30 40 0 0 0 -1 0 1 0 1 0 0 18677.dat
1 71 30 40 0 0 0 -1 0 1 0 1 0 0 18677.dat
1 71 30 40 -60 0 0 1 0 1 0 -1 0 0 3710.dat
1 71 0 32 -110 1 0 0 0 1 0 0 0 1 3710.dat
1 0 0 24 -110 -1 0 0 0 1 0 0 0 -1 48336.dat
1 0 -30 56 -110 -1 0 0 0 1 0 0 0 -1 13547.dat
1 0 30 56 -110 -1 0 0 0 1 0 0 0 -1 13547.dat
1 71 40 24 -20 0 0 1 0 1 0 -1 0 0 3022.dat
0
0 FILE Part 8.ldr
0 Part 8
0 Name: Part 8.ldr
0 Author: LDraw
0 Unofficial Model
0 ROTATION CENTER 0 0 0 1 "Custom" 
0 ROTATION CONFIG 0 0
1 0 0 8 0 1 0 0 0 1 0 0 0 1 2780.dat
1 0 -20 8 20 1 0 0 0 1 0 0 0 1 2780.dat
1 0 20 8 20 1 0 0 0 1 0 0 0 1 2780.dat
1 0 -20 8 -20 1 0 0 0 1 0 0 0 1 2780.dat
1 0 20 8 -20 1 0 0 0 1 0 0 0 1 2780.dat
1 72 -10 8 0 0 -1 0 1 0 0 0 0 1 32523.dat
1 72 10 8 0 0 -1 0 1 0 0 0 0 1 32523.dat
0
0 FILE Part 9.ldr
0 Part 9
0 Name: Part 9.ldr
0 Author: LDraw
0 Unofficial Model
0 ROTATION CENTER 0 0 0 1 "Custom" 
0 ROTATION CONFIG 0 0
1 14 30 32 0 1 0 0 0 1 0 0 0 1 60478.dat
1 14 -20 16 0 1 0 0 0 1 0 0 0 1 4073.dat
1 14 30 32 -20 1 0 0 0 1 0 0 0 1 60478.dat
1 71 10 24 -10 1 0 0 0 1 0 0 0 1 60474.dat
1 0 10 40 -10 1 0 0 0 1 0 0 0 1 2654.dat
1 72 10 16 -10 1 0 0 0 1 0 0 0 1 4150.dat
1 36 0 32 -10 0 0 -1 0 1 0 1 0 0 3023.dat
0
0 FILE Part 10.ldr
0 Part 10
0 Name: Part 10.ldr
0 Author: LDraw
0 Unofficial Model
0 ROTATION CENTER 0 0 0 1 "Custom" 
0 ROTATION CONFIG 0 0
1 71 -20 8 0 1 0 0 0 1 0 0 0 1 2413.dat
1 72 -20 0 50 0 0 -1 0 1 0 1 0 0 87079.dat
1 72 -20 16 50 -1 0 0 0 1 0 0 0 -1 3020.dat
1 71 -20 16 10 -1 0 0 0 1 0 0 0 -1 3022.dat
1 71 -20 24 30 -1 0 0 0 1 0 0 0 -1 3022.dat
1 0 -40 24 60 -1 0 0 0 1 0 0 0 -1 60471.dat
1 0 0 24 60 -1 0 0 0 1 0 0 0 -1 60471.dat
1 0 -20 32 50 -1 0 0 0 1 0 0 0 -1 2654.dat
0 
0
0 FILE Part 11.ldr
0 Part 11
0 Name: Part 11.ldr
0 Author: LDraw
0 Unofficial Model
0 ROTATION CENTER 0 0 0 1 "Custom" 
0 ROTATION CONFIG 0 0
1 71 0 24 0 1 0 0 0 1 0 0 0 1 3738.dat
1 71 0 0 -30 1 0 0 0 1 0 0 0 1 11215.dat
1 71 0 -8 0 1 0 0 0 1 0 0 0 1 11213.dat
1 71 0 -24 0 1 0 0 0 1 0 0 0 1 44375b.dat
1 71 0 -61 0 -1 0 0 0 0 -1 0 -1 0 32015.dat
1 71 -20 -68 -24.5 0 0 1 0.382683 0.92388 0 -0.92388 0.382683 0 Part 12.ldr
1 0 0 -12 0 0 -1 0 -1 0 0 0 0 -1 3705.dat
1 0 -30 0 -10 1 0 0 0 1 0 0 0 1 87087.dat
1 0 30 0 -10 1 0 0 0 1 0 0 0 1 87087.dat
1 0 30 0 10 -1 0 0 0 1 0 0 0 -1 87087.dat
1 0 -30 0 10 -1 0 0 0 1 0 0 0 -1 87087.dat
1 71 0 24 70 -1 0 0 0 1 0 0 0 -1 85984.dat
1 72 30 10 -44 0 0 -1 -1 0 0 0 1 0 3040b.dat
1 72 30 10 -44 0 0 -1 -1 0 0 0 1 0 54200.dat
1 72 -30 10 -44 0 0 1 1 0 0 0 1 0 3040b.dat
1 72 -30 10 -44 0 0 1 1 0 0 0 1 0 54200.dat
1 72 30 10 44 0 0 -1 1 0 0 0 -1 0 3040b.dat
1 72 30 10 44 0 0 -1 1 0 0 0 -1 0 54200.dat
1 72 -30 10 44 0 0 1 -1 0 0 0 -1 0 3040b.dat
1 72 -30 10 44 0 0 1 -1 0 0 0 -1 0 54200.dat
1 71 50 0 0 0 0 -1 0 1 0 1 0 0 3039.dat
1 71 -50 0 0 0 0 1 0 1 0 -1 0 0 30363.dat
1 71 0 0 -50 1 0 0 0 1 0 0 0 1 30363.dat
1 71 0 24 50 0 0 -1 0 1 0 1 0 0 3021.dat
1 72 -100 24 0 0 0 -1 0 1 0 1 0 0 3022.dat
1 72 0 24 -100 0 0 -1 0 1 0 1 0 0 3022.dat
1 72 0 16 20 0 0 -1 0 1 0 1 0 0 3709b.dat
1 4 0 8 0 0 0 -1 0 1 0 1 0 0 4032b.dat
1 4 0 -16 0 0 0 -1 0 1 0 1 0 0 4032b.dat
1 72 0 -32 0 0 0 -1 0 1 0 1 0 0 4032b.dat
1 4 0 8 40 0 0 -1 0 1 0 1 0 0 4032b.dat
0
0 FILE Part 12.ldr
0 Part 12
0 Name: Part 12.ldr
0 Author: LDraw
0 Unofficial Model
0 ROTATION CENTER 0 0 0 1 "Custom" 
0 ROTATION CONFIG 0 0
1 72 0 16 0 0 0 -1 -1 0 0 0 1 0 6629.dat
1 72 -195.076 -112.493 20 0.605294 -0.796002 0 0.796002 0.605294 0 0 0 1 Part 14.ldr
1 71 -20 16 -10 0 0 -1 0 -1 0 -1 0 0 61184.dat
1 14 -20 16 -18 0 0 -1 -1 0 0 0 1 0 4740.dat
1 71 -100 16 -18 0 0 -1 -1 0 0 0 1 0 4740.dat
1 72 -100 16 -26 0 0 -1 -1 0 0 0 1 0 43898.dat
1 71 -20 16 38 0 0 1 -1 0 0 0 -1 0 4740.dat
1 71 -80 16 20 0 0 -1 0 -1 0 -1 0 0 32013.dat
1 4 -50 16 20 1 0 0 0 -1 0 0 0 -1 32062.dat
1 1 -20 16 30 0 0 1 0 -1 0 1 0 0 4274.dat
1 1 -100 16 -10 0 0 -1 0 -1 0 -1 0 0 4274.dat
1 0 -80 16 10 0 0 1 0 -1 0 1 0 0 2780.dat
0
0 FILE Part 13.ldr
0 Part 13
0 Name: Part 13.ldr
0 Author: LDraw
0 Unofficial Model
0 ROTATION CENTER 0 0 0 1 "Custom" 
0 ROTATION CONFIG 0 0
1 71 -20 16 0 0 0 1 -1 0 0 0 -1 0 32271.dat
1 71 0 16 -20 0 1 0 -1 0 0 0 0 1 98585.dat
1 72 140 16 -20 0 0 -1 1 0 0 0 -1 0 44224.dat
1 72 80 16 -38 1 0 0 0 0 -1 0 1 0 63864.dat
1 72 0 16 -38 1 0 0 0 0 -1 0 1 0 60474.dat
1 71 0 16 -54 1 0 0 0 0 -1 0 1 0 3960.dat
1 72 140 16 20 0 0 -1 -1 0 0 0 1 0 44224.dat
1 0 100 16 10 0 0 1 0 1 0 -1 0 0 2780.dat
1 0 60 16 10 0 0 1 0 1 0 -1 0 0 2780.dat
1 71 60 16 -30 0 0 1 0 1 0 -1 0 0 61184.dat
1 1 80 16 20 0 0 1 0 1 0 -1 0 0 6558.dat
1 71 100 16 -30 0 0 1 0 1 0 -1 0 0 61184.dat
1 1 140 16 -30 0 0 1 0 1 0 -1 0 0 4274.dat
1 1 0 -4 -30 0 0 1 0 1 0 -1 0 0 4274.dat
1 1 0 36 -30 0 0 1 0 1 0 -1 0 0 4274.dat
1 1 20 16 -10 0 0 1 0 1 0 -1 0 0 43093.dat
1 4 -20 16 -10 0 0 1 0 1 0 -1 0 0 32062.dat
1 71 140 16 -38 0 0 1 1 0 0 0 1 0 4740.dat
1 72 140 16 -46 0 0 1 1 0 0 0 1 0 43898.dat
0
0 FILE Part 14.ldr
0 Part 14
0 Name: Part 14.ldr
0 Author: LDraw
0 Unofficial Model
0 ROTATION CENTER 0 0 0 1 "Custom" 
0 ROTATION CONFIG 0 0
1 72 20 -8 0 1 0 0 0 1 0 0 0 1 32018.dat
1 72 40 16 -20 1 0 0 0 1 0 0 0 1 3666.dat
1 71 40 -8 -20 1 0 0 0 1 0 0 0 1 3701.dat
1 71 -140 2 20 0 0 1 -1 0 0 0 -1 0 44225.dat
1 71 -140 2 -20 0 0 1 1 0 0 0 1 0 44225.dat
1 0 140 2 -10 0 0 -1 0 1 0 1 0 0 2780.dat
1 1 -100 2 0 0 0 -1 0 1 0 1 0 0 6558.dat
1 1 -60 2 0 0 0 -1 0 1 0 1 0 0 6558.dat
1 0 60 2 -10 0 0 -1 0 1 0 1 0 0 2780.dat
1 0 20 2 -10 0 0 -1 0 1 0 1 0 0 2780.dat
1 1 120 2 -30 0 0 1 0 1 0 -1 0 0 4274.dat
1 1 40 2 -30 0 0 1 0 1 0 -1 0 0 4274.dat
1 1 100 2 -10 0 0 1 0 1 0 -1 0 0 43093.dat
1 71 20 16 0 1 0 0 0 1 0 0 0 1 60479.dat
1 71 60 -16 0 1 0 0 0 1 0 0 0 1 3460.dat
1 71 -20 2 -38 0 0 -1 -1 0 0 0 1 0 3021.dat
1 71 -40 -18 -46 -1 0 0 0 0 1 0 1 0 92593.dat
1 71 -40 22 -46 -1 0 0 0 0 1 0 1 0 92593.dat
1 72 -60 22 -38 -1 0 0 0 0 1 0 1 0 32028.dat
1 72 -60 -18 -38 1 0 0 0 0 -1 0 1 0 32028.dat
1 71 0 -24 0 1 0 0 0 1 0 0 0 1 6636.dat
1 71 70 2 -38 1 0 0 0 0 -1 0 1 0 6636.dat
1 72 60 -16 -20 1 0 0 0 1 0 0 0 1 4162.dat
1 72 -40 -24 -20 0 0 -1 0 1 0 1 0 0 61409.dat
1 71 -40 16 -20 1 0 0 0 1 0 0 0 1 99206.dat
1 71 -40 -24 -20 1 0 0 0 1 0 0 0 1 99206.dat
0
0 FILE Part 15.ldr
0 Parft 15
0 Name: Part 15.ldr
0 Author: LDraw
0 Unofficial Model
0 ROTATION CENTER 0 0 0 1 "Custom" 
0 ROTATION CONFIG 0 0
1 71 0 24 0 1 0 0 0 1 0 0 0 1 3738.dat
1 71 0 0 -30 1 0 0 0 1 0 0 0 1 11215.dat
1 71 0 -8 0 1 0 0 0 1 0 0 0 1 11213.dat
1 71 0 -24 0 1 0 0 0 1 0 0 0 1 44375b.dat
1 71 0 -61 0 -1 0 0 0 0 -1 0 -1 0 32015.dat
1 71 -20 -68 -24.5 0 0 1 0.382683 0.92388 0 -0.92388 0.382683 0 Part 16.ldr
1 0 0 -12 0 0 -1 0 -1 0 0 0 0 -1 3705.dat
1 0 -30 0 -10 1 0 0 0 1 0 0 0 1 87087.dat
1 0 30 0 -10 1 0 0 0 1 0 0 0 1 87087.dat
1 0 30 0 10 -1 0 0 0 1 0 0 0 -1 87087.dat
1 0 -30 0 10 -1 0 0 0 1 0 0 0 -1 87087.dat
1 71 0 24 70 -1 0 0 0 1 0 0 0 -1 85984.dat
1 72 30 10 -44 0 0 -1 -1 0 0 0 1 0 3040b.dat
1 72 30 10 -44 0 0 -1 -1 0 0 0 1 0 54200.dat
1 72 -30 10 -44 0 0 1 1 0 0 0 1 0 3040b.dat
1 72 -30 10 -44 0 0 1 1 0 0 0 1 0 54200.dat
1 72 30 10 44 0 0 -1 1 0 0 0 -1 0 3040b.dat
1 72 30 10 44 0 0 -1 1 0 0 0 -1 0 54200.dat
1 72 -30 10 44 0 0 1 -1 0 0 0 -1 0 3040b.dat
1 72 -30 10 44 0 0 1 -1 0 0 0 -1 0 54200.dat
1 71 -50 0 0 0 0 1 0 1 0 -1 0 0 3039.dat
1 71 50 0 0 0 0 -1 0 1 0 1 0 0 30363.dat
1 71 0 0 -50 1 0 0 0 1 0 0 0 1 30363.dat
1 71 0 24 50 0 0 -1 0 1 0 1 0 0 3021.dat
1 72 100 24 0 0 0 1 0 1 0 -1 0 0 3022.dat
1 72 0 24 -100 0 0 -1 0 1 0 1 0 0 3022.dat
1 72 0 16 20 0 0 -1 0 1 0 1 0 0 3709b.dat
1 4 0 8 0 0 0 -1 0 1 0 1 0 0 4032b.dat
1 4 0 -16 0 0 0 -1 0 1 0 1 0 0 4032b.dat
1 72 0 -32 0 0 0 -1 0 1 0 1 0 0 4032b.dat
1 4 0 8 40 0 0 -1 0 1 0 1 0 0 4032b.dat
0
0 FILE Part 16.ldr
0 Part 16
0 Name: Part 16.ldr
0 Author: LDraw
0 Unofficial Model
0 ROTATION CENTER 0 0 0 1 "Custom" 
0 ROTATION CONFIG 0 0
1 72 0 16 40 0 0 -1 -1 0 0 0 1 0 6629.dat
1 72 -195.076 -112.493 20 0.605294 -0.796002 0 0.796002 0.605294 0 0 0 1 Part 17.ldr
1 71 -20 16 50 0 0 1 0 -1 0 1 0 0 61184.dat
1 14 -20 16 58 0 0 1 -1 0 0 0 -1 0 4740.dat
1 71 -100 16 58 0 0 1 -1 0 0 0 -1 0 4740.dat
1 72 -100 16 66 0 0 1 -1 0 0 0 -1 0 43898.dat
1 71 -20 16 2 0 0 -1 -1 0 0 0 1 0 4740.dat
1 71 -80 16 20 0 0 -1 0 -1 0 -1 0 0 32013.dat
1 4 -50 16 20 1 0 0 0 -1 0 0 0 -1 32062.dat
1 1 -20 16 10 0 0 -1 0 -1 0 -1 0 0 4274.dat
1 1 -100 16 50 0 0 1 0 -1 0 1 0 0 4274.dat
1 0 -80 16 30 0 0 1 0 -1 0 1 0 0 2780.dat
0
0 FILE Part 17.ldr
0 Part 17
0 Name: Part 17.ldr
0 Author: LDraw
0 Unofficial Model
0 ROTATION CENTER 0 0 0 1 "Custom" 
0 ROTATION CONFIG 0 0
1 72 20 -8 0 1 0 0 0 1 0 0 0 1 32018.dat
1 72 40 16 20 1 0 0 0 1 0 0 0 1 3666.dat
1 71 40 -8 20 1 0 0 0 1 0 0 0 1 3701.dat
1 71 -140 2 20 0 0 1 -1 0 0 0 -1 0 44225.dat
1 71 -140 2 -20 0 0 1 1 0 0 0 1 0 44225.dat
1 0 140 2 10 0 0 -1 0 1 0 1 0 0 2780.dat
1 1 -100 2 0 0 0 -1 0 1 0 1 0 0 6558.dat
1 1 -60 2 0 0 0 -1 0 1 0 1 0 0 6558.dat
1 0 60 2 10 0 0 -1 0 1 0 1 0 0 2780.dat
1 0 20 2 10 0 0 -1 0 1 0 1 0 0 2780.dat
1 1 120 2 30 0 0 -1 0 1 0 1 0 0 4274.dat
1 1 40 2 30 0 0 -1 0 1 0 1 0 0 4274.dat
1 1 100 2 10 0 0 -1 0 1 0 1 0 0 43093.dat
1 71 20 16 0 1 0 0 0 1 0 0 0 1 60479.dat
1 71 60 -16 0 1 0 0 0 1 0 0 0 1 3460.dat
1 71 -20 2 38 0 0 1 -1 0 0 0 -1 0 3021.dat
1 71 -40 -18 46 1 0 0 0 0 1 0 -1 0 92593.dat
1 71 -40 22 46 1 0 0 0 0 1 0 -1 0 92593.dat
1 72 -60 22 38 1 0 0 0 0 1 0 -1 0 32028.dat
1 72 -60 -18 38 -1 0 0 0 0 -1 0 -1 0 32028.dat
1 71 0 -24 0 1 0 0 0 1 0 0 0 1 6636.dat
1 71 70 2 38 -1 0 0 0 0 -1 0 -1 0 6636.dat
1 72 60 -16 20 1 0 0 0 1 0 0 0 1 4162.dat
1 72 -40 -24 20 0 0 -1 0 1 0 1 0 0 61409.dat
1 71 -40 16 20 -1 0 0 0 1 0 0 0 -1 99206.dat
1 71 -40 -24 20 -1 0 0 0 1 0 0 0 -1 99206.dat
0
0 FILE Part 18.ldr
0 Part 18
0 Name: Part 18.ldr
0 Author: LDraw
0 Unofficial Model
0 ROTATION CENTER 0 0 0 1 "Custom" 
0 ROTATION CONFIG 0 0
1 71 -20 16 0 0 0 1 1 0 0 0 1 0 32271.dat
1 71 0 16 -20 0 1 0 -1 0 0 0 0 1 98585.dat
1 72 140 16 -20 0 0 -1 1 0 0 0 -1 0 44224.dat
1 72 80 16 -38 1 0 0 0 0 -1 0 1 0 63864.dat
1 72 0 16 -38 1 0 0 0 0 -1 0 1 0 60474.dat
1 71 0 16 -54 1 0 0 0 0 -1 0 1 0 3960.dat
1 72 140 16 20 0 0 -1 -1 0 0 0 1 0 44224.dat
1 0 100 16 10 0 0 1 0 1 0 -1 0 0 2780.dat
1 0 60 16 10 0 0 1 0 1 0 -1 0 0 2780.dat
1 71 60 16 -30 0 0 1 0 1 0 -1 0 0 61184.dat
1 1 80 16 20 0 0 1 0 1 0 -1 0 0 6558.dat
1 71 100 16 -30 0 0 1 0 1 0 -1 0 0 61184.dat
1 1 140 16 -30 0 0 1 0 1 0 -1 0 0 4274.dat
1 1 0 -4 -30 0 0 1 0 1 0 -1 0 0 4274.dat
1 1 0 36 -30 0 0 1 0 1 0 -1 0 0 4274.dat
1 1 20 16 -10 0 0 1 0 1 0 -1 0 0 43093.dat
1 4 -20 16 -10 0 0 1 0 1 0 -1 0 0 32062.dat
1 71 140 16 -38 0 0 1 1 0 0 0 1 0 4740.dat
1 72 140 16 -46 0 0 1 1 0 0 0 1 0 43898.dat
0
0
