0 FILE HailfireSpider Droid.ldr
0 HailfireSpider Droid
0 Name: HailfireSpider Droid.ldr
0 Author: LDraw
0 Unofficial Model
0 ROTATION CENTER 0 0 0 1 "Custom" 
0 ROTATION CONFIG 0 0
1 0 -60 -8 0 0 0 1 0 1 0 -1 0 0 Part 1.ldr
1 0 -340 14 -113 0 0 1 0 1 0 -1 0 0 Battle Droid Commander.ldr
1 0 -350 14 -233 0 0 1 0 1 0 -1 0 0 Battle Droid.ldr
1 0 -330 14 -313 0 0 1 0 1 0 -1 0 0 Battle Droid.ldr
1 0 -200 32 -380 0 0 1 0 1 0 -1 0 0 Part 7.ldr
0
0 FILE Battle Droid Commander.ldr
0 Battle Droid Commander
0 Name: Battle Droid Commander.ldr
0 Author: LDraw
0 Unofficial Model
0 ROTATION CENTER 0 0 0 1 "Custom" 
0 ROTATION CONFIG 0 0
1 14 -30 24 0 1 0 0 0 1 0 0 0 1 30375.dat
1 19 -30 64 0 1 0 0 0 1 0 0 0 1 30376.dat
1 19 -46 -8 0 1 0 0 0 0.92388 0.382683 0 -0.382683 0.92388 59230.dat
1 0 -46 29.879 -15.69 1 0 0 0 0.382683 -0.92388 0 0.92388 0.382683 58247.dat
1 19 -14 -8 0 1 0 0 0 1 0 0 0 1 30377.dat
1 19 -30 -8 0 1 0 0 0 1 0 0 0 1 30378.dat
0
0 FILE Battle Droid.ldr
0 Battle Droid
0 Name: Battle Droid.ldr
0 Author: LDraw
0 Unofficial Model
0 ROTATION CENTER 0 0 0 1 "Custom" 
0 ROTATION CONFIG 0 0
1 19 -30 24 0 1 0 0 0 1 0 0 0 1 30375.dat
1 19 -30 64 0 1 0 0 0 1 0 0 0 1 30376.dat
1 19 -46 -8 0 1 0 0 0 0.92388 0.382683 0 -0.382683 0.92388 59230.dat
1 0 -46 29.879 -15.69 1 0 0 0 0.382683 -0.92388 0 0.92388 0.382683 58247.dat
1 19 -14 -8 0 1 0 0 0 1 0 0 0 1 30377.dat
1 19 -30 -8 0 1 0 0 0 1 0 0 0 1 30378.dat
0
0 FILE Super Battle Droid.ldr
0 Super Battle Droid
0 Name: Super Battle Droid.ldr
0 Author: LDraw
0 Unofficial Model
0
0 FILE Part 1.ldr
0 Part 1
0 Name: Part 1.ldr
0 Author: LDraw
0 Unofficial Model
0 ROTATION CENTER 0 0 0 1 "Custom" 
0 ROTATION CONFIG 0 0
1 72 50 24 -50 0 0 -1 0 1 0 1 0 0 3795.dat
1 71 70 16 -20 1 0 0 0 1 0 0 0 1 44302.dat
1 71 30 16 -20 -1 0 0 0 1 0 0 0 -1 44302.dat
1 71 70 16 -40 1 0 0 0 1 0 0 0 1 44302.dat
1 71 79.806 -1.189 20 0 0.92388 -0.382683 0 0.382683 0.92388 1 0 0 Part 4.ldr
1 71 20.306 -1.189 -80 0 -0.92388 0.382683 0 0.382683 0.92388 -1 0 0 Part 4.ldr
1 71 60 0 -70 0 0 1 0 1 0 -1 0 0 2877.dat
1 71 40 0 -70 0 0 -1 0 1 0 1 0 0 2877.dat
1 71 40 -32 30 0 0 -1 0 1 0 1 0 0 32064b.dat
1 71 60 -32 30 0 0 -1 0 1 0 1 0 0 32064b.dat
1 71 80 0 -30 0 0 -1 0 1 0 1 0 0 32028.dat
1 71 50 -8 10 -1 0 0 0 1 0 0 0 -1 48183.dat
1 71 50 -8 -40 0 0 1 0 1 0 -1 0 0 3021.dat
1 72 50 -8 -90 1 0 0 0 1 0 0 0 1 43719.dat
1 72 6 -22 -20 0 1 0 1 0 0 0 0 -1 50950.dat
1 72 94 -22 -20 0 -1 0 -1 0 0 0 0 -1 50950.dat
1 72 50 -8 50 -1 0 0 0 1 0 0 0 -1 3176.dat
1 71 20 0 -30 0 0 1 0 1 0 -1 0 0 32028.dat
1 71 40 0 -100 1 0 0 0 1 0 0 0 1 2921.dat
1 71 60 0 -100 1 0 0 0 1 0 0 0 1 2921.dat
1 71 30 16 -40 -1 0 0 0 1 0 0 0 -1 44302.dat
1 70 50 0 0 -1 0 0 0 1 0 0 0 -1 3747b.dat
1 70 50 8 -30 -1 0 0 0 1 0 0 0 -1 3020.dat
1 70 50 -40 -30 0 0 1 0 1 0 -1 0 0 3020.dat
1 70 50 -56 -70 1 0 0 0 1 0 0 0 1 47753.dat
1 70 50 -56 10 -1 0 0 0 1 0 0 0 -1 47753.dat
1 70 60 4 -120 -0.382683 0 -0.92388 0 -1 0 -0.92388 0 0.382683 30259.dat
1 70 40 4 -120 -0.382683 0 0.92388 0 -1 0 0.92388 0 0.382683 30259.dat
1 70 50 -32 -80 -1 0 0 0 1 0 0 0 -1 3700.dat
1 0 60 -32 -30 0 0 -1 0 1 0 1 0 0 30414.dat
1 0 40 -32 -30 0 0 1 0 1 0 -1 0 0 30414.dat
1 0 50 -22 30 1 0 0 0 1 0 0 0 1 3705.dat
1 0 10 -22 30 0 0 1 0 1 0 -1 0 0 30552.dat
1 0 90 -22 30 0 0 -1 0 1 0 1 0 0 30552.dat
1 0 118.609 -25.117 50 0 -0.92388 0.382683 0 -0.382683 -0.92388 1 0 0 Part 2.ldr
1 0 147.693 -95.331 10 0 -0.92388 -0.382683 0 -0.382683 0.92388 -1 0 0 Part 3.ldr
1 0 -21.391 -25.117 10 0 0.92388 -0.382683 0 -0.382683 -0.92388 -1 0 0 Part 2.ldr
1 0 34.69 -130.375 10 0 -0.92388 0.382683 0 0.382683 0.92388 -1 0 0 Part 3.ldr
1 36 30 -22 -60 0 1 0 -1 0 0 0 0 1 54200.dat
1 36 70 -22 -60 0 -1 0 1 0 0 0 0 1 54200.dat
1 36 50 -22 -98 0 0 1 1 0 0 0 1 0 4073.dat
1 1 50 -22 -90 0 0 1 0 1 0 -1 0 0 4274.dat
1 70 50 0 -30 -1 0 0 0 1 0 0 0 -1 4032b.dat
0
0 FILE Part 2.ldr
0 Part 2
0 Name: Part 2.ldr
0 Author: LDraw
0 Unofficial Model
0 ROTATION CENTER 0 0 0 1 "Custom" 
0 ROTATION CONFIG 0 0
1 72 -20 16 -2 1 0 0 0 1 0 0 0 1 30553.dat
1 72 -20 16 30 0 0 -1 0 1 0 1 0 0 6587.dat
1 72 -20 36 28 0 0 -1 0 1 0 1 0 0 42003.dat
1 72 -20 36 48 0 0 -1 0 1 0 1 0 0 42003.dat
0
0 FILE Part 3.ldr
0 Part 3
0 Name: Part 3.ldr
0 Author: LDraw
0 Unofficial Model
0 ROTATION CENTER 0 0 0 1 "Custom" 
0 ROTATION CONFIG 0 0
1 71 -10 36 28 1 0 0 0 1 0 0 0 1 61184.dat
1 71 -10 36 48 1 0 0 0 1 0 0 0 1 61184.dat
1 36 14 36 48 0 -1 0 1 0 0 0 0 1 4589.dat
1 36 14 36 28 0 -1 0 1 0 0 0 0 1 4589.dat
1 71 -10 56 28 1 0 0 0 1 0 0 0 1 61184.dat
1 71 -10 56 48 1 0 0 0 1 0 0 0 1 61184.dat
1 36 14 56 48 0 -1 0 1 0 0 0 0 1 4589.dat
1 36 14 56 28 0 -1 0 1 0 0 0 0 1 4589.dat
0
0 FILE Part 4.ldr
0 Part 4
0 Name: Part 4.ldr
0 Author: LDraw
0 Unofficial Model
0 ROTATION CENTER 0 0 0 1 "Custom" 
0 ROTATION CONFIG 0 0
1 70 -50 48 0 1 0 0 0 1 0 0 0 1 3832.dat
1 70 -50 24 -10 1 0 0 0 1 0 0 0 1 2431.dat
1 28 -140 40 10 -1 0 0 0 1 0 0 0 -1 2450.dat
1 28 40 40 10 0 0 -1 0 1 0 1 0 0 2450.dat
1 70 -50 48 -40 1 0 0 0 1 0 0 0 1 4032b.dat
1 70 -100 120 0 -1 0 0 0 -1 0 0 0 1 Part 6.ldr
1 70 -30 40 -40 1 0 0 0 1 0 0 0 1 Part 5.ldr
1 71 -50 40 -20 0 0 -1 0 1 0 1 0 0 3709b.dat
1 71 -50 89 -40 0 1 0 0 0 1 1 0 0 32123a.dat
1 72 -80 32 0 0 0 1 0 1 0 -1 0 0 47457.dat
1 72 -20 32 0 0 0 -1 0 1 0 1 0 0 47457.dat
1 72 -50 64 -40 0 0 -1 -1 0 0 0 1 0 6587.dat
1 72 -60 32 0 0 0 -1 0 1 0 1 0 0 30383.dat
1 72 -40 32 0 0 0 -1 0 1 0 1 0 0 30383.dat
0
0 FILE Part 5.ldr
0 Part 5
0 Name: Part 5.ldr
0 Author: LDraw
0 Unofficial Model
0 ROTATION CENTER 0 0 0 1 "Custom" 
0 ROTATION CONFIG 0 0
1 47 -20 16 0 0 0 1 0 1 0 -1 0 0 50990.dat
1 70 -114.227 37 -40.079 0 0.951057 -0.309017 -1 0 0 0 0.309017 0.951057 3711.dat
1 70 20.079 37 -94.227 0 -0.309017 -0.951057 -1 0 0 0 0.951057 -0.309017 3711.dat
1 70 74.227 37 40.079 0 -0.951057 0.309017 -1 0 0 0 -0.309017 -0.951057 3711.dat
1 70 -60.079 37 94.227 0 0.309017 0.951057 -1 0 0 0 -0.951057 0.309017 3711.dat
1 70 -106.796 37 -54.326 0 0.891007 -0.45399 -1 0 0 0 0.45399 0.891007 3711.dat
1 70 34.326 37 -86.796 0 -0.45399 -0.891007 -1 0 0 0 0.891007 -0.45399 3711.dat
1 70 66.795 37 54.326 0 -0.891007 0.45399 -1 0 0 0 -0.45399 -0.891007 3711.dat
1 70 -74.326 37 86.796 0 0.45399 0.891007 -1 0 0 0 -0.891007 0.45399 3711.dat
1 70 -97.229 37 -67.236 0 0.809017 -0.587785 -1 0 0 0 0.587785 0.809017 3711.dat
1 70 47.236 37 -77.229 0 -0.587785 -0.809017 -1 0 0 0 0.809017 -0.587785 3711.dat
1 70 57.229 37 67.236 0 -0.809017 0.587785 -1 0 0 0 -0.587785 -0.809017 3711.dat
1 70 -87.236 37 77.229 0 0.587785 0.809017 -1 0 0 0 -0.809017 0.587785 3711.dat
1 70 -122.153 37 7.068 0 0.987688 0.156434 -1 0 0 0 -0.156434 0.987688 3711.dat
1 70 -27.068 37 -102.153 0 0.156434 -0.987688 -1 0 0 0 0.987688 0.156434 3711.dat
1 70 82.153 37 -7.068 0 -0.987688 -0.156434 -1 0 0 0 0.156434 -0.987688 3711.dat
1 70 -12.932 37 102.153 0 -0.156434 0.987688 -1 0 0 0 -0.987688 -0.156434 3711.dat
1 70 -122 37 -9 0 1 0 -1 0 0 0 0 1 3711.dat
1 70 -11 37 -102 0 0 -1 -1 0 0 0 1 0 3711.dat
1 70 81.999 37 9 0 -1 0 -1 0 0 0 0 -1 3711.dat
1 70 -29 37 102 0 0 1 -1 0 0 0 -1 0 3711.dat
1 70 -119.337 37 -24.845 0 0.987688 -0.156434 -1 0 0 0 0.156434 0.987688 3711.dat
1 70 4.845 37 -99.337 0 -0.156434 -0.987688 -1 0 0 0 0.987688 -0.156434 3711.dat
1 70 79.337 37 24.845 0 -0.987688 0.156434 -1 0 0 0 -0.156434 -0.987688 3711.dat
1 70 -44.845 37 99.337 0 0.156434 0.987688 -1 0 0 0 -0.987688 0.156434 3711.dat
1 70 -98.488 37 65.758 0 0.707107 0.707107 -1 0 0 0 -0.707107 0.707107 3711.dat
1 70 -85.758 37 -78.488 0 0.707107 -0.707107 -1 0 0 0 0.707107 0.707107 3711.dat
1 70 58.488 37 -65.758 0 -0.707107 -0.707107 -1 0 0 0 0.707107 -0.707107 3711.dat
1 70 45.758 37 78.488 0 -0.707107 0.707107 -1 0 0 0 -0.707107 -0.707107 3711.dat
1 70 -107.81 37 52.671 0 0.809017 0.587785 -1 0 0 0 -0.587785 0.809017 3711.dat
1 70 -72.671 37 -87.81 0 0.587785 -0.809017 -1 0 0 0 0.809017 0.587785 3711.dat
1 70 67.81 37 -52.671 0 -0.809017 -0.587785 -1 0 0 0 0.587785 -0.809017 3711.dat
1 70 32.671 37 87.81 0 -0.587785 0.809017 -1 0 0 0 -0.809017 -0.587785 3711.dat
1 70 -114.969 37 38.288 0 0.891007 0.45399 -1 0 0 0 -0.45399 0.891007 3711.dat
1 70 -58.288 37 -94.969 0 0.45399 -0.891007 -1 0 0 0 0.891007 0.45399 3711.dat
1 70 74.969 37 -38.287 0 -0.891007 -0.45399 -1 0 0 0 0.45399 -0.891007 3711.dat
1 70 18.288 37 94.969 0 -0.45399 0.891007 -1 0 0 0 -0.891007 -0.45399 3711.dat
1 70 -119.789 37 22.961 0 0.951057 0.309017 -1 0 0 0 -0.309017 0.951057 3711.dat
1 70 -42.961 37 -99.789 0 0.309017 -0.951057 -1 0 0 0 0.951057 0.309017 3711.dat
1 70 79.789 37 -22.961 0 -0.951057 -0.309017 -1 0 0 0 0.309017 -0.951057 3711.dat
1 70 2.961 37 99.789 0 -0.309017 0.951057 -1 0 0 0 -0.951057 -0.309017 3711.dat
0
0 FILE Part 6.ldr
0 Part 6
0 Name: Part 6.ldr
0 Author: LDraw
0 Unofficial Model
0 ROTATION CENTER 0 0 0 1 "Custom" 
0 ROTATION CONFIG 0 0
1 70 -50 48 -40 1 0 0 0 1 0 0 0 1 4032b.dat
1 71 -50 40 -20 0 0 -1 0 1 0 1 0 0 3709b.dat
1 71 -110 16 0 0 0 -1 0 1 0 1 0 0 4150.dat
1 71 10 16 0 0 0 -1 0 1 0 1 0 0 4150.dat
1 70 -50 32 -10 -1 0 0 0 1 0 0 0 -1 3460.dat
1 72 -50 32 10 -1 0 0 0 1 0 0 0 -1 3666.dat
1 72 -50 24 10 -1 0 0 0 1 0 0 0 -1 3666.dat
1 72 -100 24 -10 -1 0 0 0 1 0 0 0 -1 4073.dat
1 72 0 24 -10 -1 0 0 0 1 0 0 0 -1 4073.dat
1 28 -140 24 10 -1 0 0 0 1 0 0 0 -1 2450.dat
1 28 40 24 10 0 0 -1 0 1 0 1 0 0 2450.dat
0
0 FILE Part 7.ldr
0 Part 7
0 Name: Part 7.ldr
0 Author: LDraw
0 Unofficial Model
0 ROTATION CENTER 0 0 0 1 "Custom" 
0 ROTATION CONFIG 0 0
1 0 0 0 0 0 0 1 0 1 0 -1 0 0 30033.dat
1 0 0 -36.61 -114.26 0 0 -1 0 1 0 1 0 0 3705.dat
1 0 0 -15 -30 -1 0 0 0 -0.986286 -0.165048 0 -0.165048 0.986286 30377.dat
1 0 0 -36.61 -164.26 0 0 -1 -1 0 0 0 1 0 4589.dat
1 36 0 -36.61 -172.261 0 0 -1 -1 0 0 0 1 0 4073.dat
1 0 0 -92 0 1 0 0 0 1 0 0 0 1 4592.dat
1 0 0 -92 0 1 0 0 0 1 0 0 0 1 4593.dat
1 72 -10 -8 10 1 0 0 0 1 0 0 0 1 4073.dat
1 72 0 -52.701 -51.057 1 0 0 0 0 1 0 -1 0 6190.dat
1 36 -20 -52.705 -59.056 1 0 0 0 0 1 0 -1 0 4073.dat
1 36 20 -52.705 -59.056 1 0 0 0 0 1 0 -1 0 4073.dat
1 72 10 -8 10 1 0 0 0 1 0 0 0 1 4073.dat
1 72 -10 -8 -10 1 0 0 0 1 0 0 0 1 4073.dat
1 72 0 -36.61 -74.261 -1 0 0 0 1 0 0 0 -1 30553.dat
1 72 0 -30.804 -45.018 1 0 0 0 0.92388 0.382683 0 -0.382683 0.92388 44567.dat
1 0 0 -23.413 -48.079 -1 0 0 0 0.92388 -0.382683 0 -0.382683 -0.92388 48336.dat
1 72 10 -8 -10 1 0 0 0 1 0 0 0 1 4073.dat
1 71 0 -16 -10 1 0 0 0 1 0 0 0 1 60470a.dat
1 71 -45.383 -11.89 -45.382 0.707107 0.5 0.5 0 0.707107 -0.707107 -0.707107 0.5 0.5 58367.dat
1 70 0 -16 10 1 0 0 0 1 0 0 0 1 3023.dat
1 70 0 -24 0 1 0 0 0 1 0 0 0 1 44358.dat
1 70 -67.882 27 -67.882 0.5 -0.5 0.707107 -0.707107 -0.707107 0 0.5 -0.5 -0.707107 53989.dat
1 70 -19.383 0.837 -19.382 -0.5 -0.5 0.707107 -0.707107 0.707107 0 -0.5 -0.5 -0.707107 53989.dat
1 72 -83.882 49.627 -83.882 -0.707107 -0.5 -0.5 0 0.707107 -0.707107 0.707107 -0.5 -0.5 30375.dat
1 0 0 0 0 -1 0 0 0 1 0 0 0 -1 30033.dat
1 71 45.382 -11.89 -45.383 0.707107 -0.5 -0.5 0 0.707107 -0.707107 0.707107 0.5 0.5 58367.dat
1 70 67.882 27 -67.882 -0.5 0.5 0.707107 -0.707107 -0.707107 0 0.5 -0.5 0.707107 53989.dat
1 70 19.382 0.837 -19.383 0.5 0.5 0.707107 -0.707107 0.707107 0 -0.5 -0.5 0.707107 53989.dat
1 72 83.882 49.627 -83.882 -0.707107 0.5 0.5 0 0.707107 -0.707107 -0.707107 -0.5 -0.5 30375.dat
1 71 45.383 -11.89 45.382 -0.707107 -0.5 -0.5 0 0.707107 -0.707107 0.707107 -0.5 -0.5 58367.dat
1 70 67.882 27 67.882 -0.5 0.5 -0.707107 -0.707107 -0.707107 0 -0.5 0.5 0.707107 53989.dat
1 70 19.383 0.837 19.382 0.5 0.5 -0.707107 -0.707107 0.707107 0 0.5 0.5 0.707107 53989.dat
1 72 83.882 49.627 83.882 0.707107 0.5 0.5 0 0.707107 -0.707107 -0.707107 0.5 0.5 30375.dat
1 71 -45.382 -11.89 45.383 -0.707107 0.5 0.5 0 0.707107 -0.707107 -0.707107 -0.5 -0.5 58367.dat
1 70 -67.882 27 67.882 0.5 -0.5 -0.707107 -0.707107 -0.707107 0 -0.5 0.5 -0.707107 53989.dat
1 70 -19.382 0.837 19.383 -0.5 -0.5 -0.707107 -0.707107 0.707107 0 0.5 0.5 -0.707107 53989.dat
1 72 -83.882 49.627 83.882 0.707107 -0.5 -0.5 0 0.707107 -0.707107 0.707107 0.5 0.5 30375.dat
1 1 0 -84 0 0 1 0 -1 0 0 0 0 1 4274.dat
1 70 0 -56 0 1 0 0 0 1 0 0 0 1 44359.dat
1 70 0 -56 0 -1 0 0 0 -1 0 0 0 1 44359.dat
0 
0
0
