0 FILE 7813 - main.ldr 
0 main
0 Name: 7813 - main.ldr 
0 Author: Robert Paciorek [bercik]
0 !LICENSE Redistributable under CCAL version 2.0 : see CAreadme.txt
0 !HELP Copyright (c) 2002-2017, Robert Paciorek (http://www.opcode.eu.org/)
0 !HELP Released under a dual license, you can choise "CCAL version 2.0" or "BSD/MIT-type licence":
0 !HELP Redistribution and use in source or any others forms, with or without modification, ARE PERMITTED provided save information about author(s).
0 !HELP This material is distributed WITHOUT any warranty, use at YOUR own risk.
1 16 40 -64 -40 1 0 0 0 1 0 0 0 1 7813 - CAR.LDR 
1 0 -140 0 -150 1 0 0 0 1 0 0 0 1 7813 - MINIFIG.LDR 


0 FILE 7813 - car.ldr 
0 car
0 Name: 7813 - car.ldr 
0 Author: Robert Paciorek [bercik]
0 !LICENSE Redistributable under CCAL version 2.0 : see CAreadme.txt
0 !HELP Copyright (c) 2002-2017, Robert Paciorek (http://www.opcode.eu.org/)
0 !HELP Released under a dual license, you can choise "CCAL version 2.0" or "BSD/MIT-type licence":
0 !HELP Redistribution and use in source or any others forms, with or without modification, ARE PERMITTED provided save information about author(s).
0 !HELP This material is distributed WITHOUT any warranty, use at YOUR own risk.
1 0 0 -8 0 1 0 0 0 1 0 0 0 1 3027.dat 
1 0 0 0 0 1 0 0 0 1 0 0 0 1 3832.dat 
1 0 -30 0 -40 0 0 -1 0 1 0 1 0 0 3023.dat 
1 0 30 0 -40 0 0 -1 0 1 0 1 0 0 3023.dat 
1 0 -30 0 40 0 0 -1 0 1 0 1 0 0 3023.dat 
1 0 30 0 40 0 0 -1 0 1 0 1 0 0 3023.dat 
0 STEP
1 0 120 0 0 0 0 -1 0 1 0 1 0 0 4022C01.dat 
1 0 -120 0 0 0 0 1 0 1 0 -1 0 0 4022C01.dat 
1 0 0 8 -50 1 0 0 0 1 0 0 0 1 3666.dat 
1 0 0 8 50 1 0 0 0 1 0 0 0 1 3666.dat 
0 STEP
1 0 -80 8 0 1 0 0 0 1 0 0 0 1 3795.dat 
1 0 80 8 0 1 0 0 0 1 0 0 0 1 3795.dat 
0 STEP
1 0 100 16 0 1 0 0 0 1 0 0 0 1 3022.dat 
1 0 -100 16 0 1 0 0 0 1 0 0 0 1 3022.dat 
1 0 -90 0 -30 0 0 -1 0 1 0 1 0 0 3665.dat 
1 0 -90 0 30 0 0 -1 0 1 0 1 0 0 3665.dat 
1 0 -110 0 30 0 0 1 0 1 0 -1 0 0 3665.dat 
1 0 -110 0 -30 0 0 1 0 1 0 -1 0 0 3665.dat 
1 0 110 0 -30 0 0 -1 0 1 0 1 0 0 3665.dat 
1 0 110 0 30 0 0 -1 0 1 0 1 0 0 3665.dat 
1 0 90 0 30 0 0 1 0 1 0 -1 0 0 3665.dat 
1 0 90 0 -30 0 0 1 0 1 0 -1 0 0 3665.dat 
1 0 30 16 0 0 0 -1 0 1 0 1 0 0 3666.dat 
1 0 -30 16 0 0 0 -1 0 1 0 1 0 0 3666.dat 
0 STEP
1 0 100 24 0 0 0 -1 0 1 0 1 0 0 4180C02.dat 
1 0 -100 24 0 0 0 -1 0 1 0 1 0 0 4180C02.dat 
0 STEP
1 0 150 -16 20 1 0 0 0 1 0 0 0 1 3021.dat 
1 0 150 -16 -20 1 0 0 0 1 0 0 0 1 3021.dat 
1 0 -150 -16 20 1 0 0 0 1 0 0 0 1 3021.dat 
1 0 -150 -16 -20 1 0 0 0 1 0 0 0 1 3021.dat 
1 7 -100 -16 50 1 0 0 0 1 0 0 0 1 3023.dat 
1 7 -100 -16 -50 1 0 0 0 1 0 0 0 1 3023.dat 
1 7 100 -16 50 1 0 0 0 1 0 0 0 1 3023.dat 
1 7 100 -16 -50 1 0 0 0 1 0 0 0 1 3023.dat 
1 7 -100 -24 50 1 0 0 0 1 0 0 0 1 3023.dat 
1 7 -100 -24 -50 1 0 0 0 1 0 0 0 1 3023.dat 
1 7 100 -24 50 1 0 0 0 1 0 0 0 1 3023.dat 
1 7 100 -24 -50 1 0 0 0 1 0 0 0 1 3023.dat 
1 7 30 -16 0 0 0 1 0 1 0 -1 0 0 3023.dat 
1 7 -30 -16 0 0 0 1 0 1 0 -1 0 0 3023.dat 
1 7 0 -16 30 1 0 0 0 1 0 0 0 1 3710.dat 
1 7 0 -16 -30 1 0 0 0 1 0 0 0 1 3710.dat 
0 STEP
1 7 -100 -32 50 -1 0 0 0 1 0 0 0 -1 4175.dat 
1 7 100 -32 50 -1 0 0 0 1 0 0 0 -1 4175.dat 
1 7 100 -32 -50 1 0 0 0 1 0 0 0 1 4175.dat 
1 7 -100 -32 -50 1 0 0 0 1 0 0 0 1 4175.dat 
1 7 80 -32 0 1 0 0 0 1 0 0 0 1 3001.dat 
1 7 -80 -32 0 1 0 0 0 1 0 0 0 1 3001.dat 
1 7 -170 -64 0 0 0 1 0 1 0 -1 0 0 4083.dat 
1 7 170 -64 0 0 0 1 0 1 0 -1 0 0 4083.dat 
0 STEP
1 7 100 -40 0 0 0 1 0 1 0 -1 0 0 3795.dat 
1 7 -100 -40 0 0 0 1 0 1 0 -1 0 0 3795.dat 
1 7 50 -16 30 1 0 0 0 1 0 0 0 1 4592C01.dat 
1 7 -50 -16 30 1 0 0 0 1 0 0 0 1 4592C01.dat 
1 7 -50 -16 -30 -1 0 0 0 1 0 0 0 -1 4592C01.dat 
1 7 50 -16 -30 -1 0 0 0 1 0 0 0 -1 4592C01.dat 
1 7 50 -56 10 1 0 0 0 1 0 0 0 1 3062B.dat 
1 7 50 -56 -10 1 0 0 0 1 0 0 0 1 3062B.dat 
1 7 -50 -56 10 1 0 0 0 1 0 0 0 1 3062B.dat 
1 7 -50 -56 -10 1 0 0 0 1 0 0 0 1 3062B.dat 
0 STEP
1 14 90 -64 -10 0 0 1 0 1 0 -1 0 0 3676.dat 
1 14 90 -64 10 -1 0 0 0 1 0 0 0 -1 3676.dat 
1 14 110 -64 10 0 0 -1 0 1 0 1 0 0 3676.dat 
1 14 110 -64 -10 1 0 0 0 1 0 0 0 1 3676.dat 
1 14 -110 -64 -10 0 0 1 0 1 0 -1 0 0 3676.dat 
1 14 -110 -64 10 -1 0 0 0 1 0 0 0 -1 3676.dat 
1 14 -90 -64 10 0 0 -1 0 1 0 1 0 0 3676.dat 
1 14 -90 -64 -10 1 0 0 0 1 0 0 0 1 3676.dat 
1 14 0 -40 20 1 0 0 0 1 0 0 0 1 3001.dat 
1 14 0 -64 20 1 0 0 0 1 0 0 0 1 3001.dat 
1 7 -50 -64 0 0 0 1 0 1 0 -1 0 0 3794A.dat 
1 7 50 -64 0 0 0 1 0 1 0 -1 0 0 3794A.dat 
0 STEP
1 4 -100 -72 0 -1 0 0 0 1 0 0 0 -1 3020.dat 
1 4 100 -72 0 -1 0 0 0 1 0 0 0 -1 3020.dat 
1 14 0 -64 -20 1 0 0 0 1 0 0 0 1 4209.dat 
1 0 0 -40 -20 1 0 0 0 1 0 0 0 1 4208.dat 
1 0 10 -33 -42 0 0 -1 -1 0 0 0 1 0 4210A.dat 
0 STEP
1 4 -100 -72 30 -1 0 0 0 1 0 0 0 -1 3710.dat 
1 4 -100 -72 -30 -1 0 0 0 1 0 0 0 -1 3710.dat 
1 4 0 -72 30 -1 0 0 0 1 0 0 0 -1 3710.dat 
1 4 0 -72 -30 -1 0 0 0 1 0 0 0 -1 3710.dat 
1 4 100 -72 30 -1 0 0 0 1 0 0 0 -1 3710.dat 
1 4 100 -72 -30 -1 0 0 0 1 0 0 0 -1 3710.dat 
1 4 0 -72 0 -1 0 0 0 1 0 0 0 -1 3020.dat 
0 STEP
1 15 130 -96 0 0 0 -1 0 1 0 1 0 0 3010.dat 
1 15 70 -96 0 0 0 -1 0 1 0 1 0 0 3010.dat 
1 15 100 -96 30 -1 0 0 0 1 0 0 0 -1 3004.dat 
1 15 100 -96 -30 -1 0 0 0 1 0 0 0 -1 3004.dat 
1 15 30 -96 0 0 0 -1 0 1 0 1 0 0 3010.dat 
1 15 -30 -96 0 0 0 -1 0 1 0 1 0 0 3010.dat 
1 15 0 -96 30 -1 0 0 0 1 0 0 0 -1 3004.dat 
1 15 0 -96 -30 -1 0 0 0 1 0 0 0 -1 3004.dat 
1 15 -70 -96 0 0 0 -1 0 1 0 1 0 0 3010.dat 
1 15 -130 -96 0 0 0 -1 0 1 0 1 0 0 3010.dat 
1 15 -100 -96 30 -1 0 0 0 1 0 0 0 -1 3004.dat 
1 15 -100 -96 -30 -1 0 0 0 1 0 0 0 -1 3004.dat 
0 STEP
1 15 -90 -120 10 0 0 -1 0 1 0 1 0 0 3045.dat 
1 15 -90 -120 -10 1 0 0 0 1 0 0 0 1 3045.dat 
1 15 -110 -120 -10 0 0 1 0 1 0 -1 0 0 3045.dat 
1 15 -110 -120 10 -1 0 0 0 1 0 0 0 -1 3045.dat 
1 15 10 -120 10 0 0 -1 0 1 0 1 0 0 3045.dat 
1 15 10 -120 -10 1 0 0 0 1 0 0 0 1 3045.dat 
1 15 -10 -120 -10 0 0 1 0 1 0 -1 0 0 3045.dat 
1 15 -10 -120 10 -1 0 0 0 1 0 0 0 -1 3045.dat 
1 15 110 -120 10 0 0 -1 0 1 0 1 0 0 3045.dat 
1 15 110 -120 -10 1 0 0 0 1 0 0 0 1 3045.dat 
1 15 90 -120 -10 0 0 1 0 1 0 -1 0 0 3045.dat 
1 15 90 -120 10 -1 0 0 0 1 0 0 0 -1 3045.dat 
0 STEP
1 7 -100 -128 0 0 0 -1 0 1 0 1 0 0 4032A.dat 
1 7 100 -128 0 0 0 -1 0 1 0 1 0 0 4032A.dat 
1 7 10 -128 0 0 0 1 0 1 0 -1 0 0 3794A.dat 
1 7 -10 -128 0 0 0 1 0 1 0 -1 0 0 3794A.dat 
0 STEP
1 0 -50 -64 0 -0.259 0 1 0 1 0 -0.966 0 -0.259 7813 - FLEXHOSE.LDR 
1 0 50 -64 0 0.259 0 -0.966 0 1 0 1 0 0.259 7813 - FLEXHOSE.LDR 
1 4 100 -84 -40 1 0 0 0 0 -1 0 1 0 004695A.dat 
1 4 -100 -84 -40 1 0 0 0 0 -1 0 1 0 004695A.dat 
1 4 -100 -84 40 -1 0 0 0 0 -1 0 -1 0 004695A.dat 
1 4 100 -84 40 -1 0 0 0 0 -1 0 -1 0 004695A.dat 


0 FILE 7813 - minifig.ldr 
0 minifig
0 Name: 7813 - minifig.ldr 
0 Author: Robert Paciorek [bercik]
0 !LICENSE Redistributable under CCAL version 2.0 : see CAreadme.txt
0 !HELP Copyright (c) 2002-2017, Robert Paciorek (http://www.opcode.eu.org/)
0 !HELP Released under a dual license, you can choise "CCAL version 2.0" or "BSD/MIT-type licence":
0 !HELP Redistribution and use in source or any others forms, with or without modification, ARE PERMITTED provided save information about author(s).
0 !HELP This material is distributed WITHOUT any warranty, use at YOUR own risk.
1 4 0 -96 0 1 0 0 0 1 0 0 0 1 3833.dat 
1 14 0 -96 0 1 0 0 0 1 0 0 0 1 3626BP01.dat 
1 15 0 -72 0 1 0 0 0 1 0 0 0 1 973P60.dat 
1 1 0 -40 0 1 0 0 0 1 0 0 0 1 3815.dat 
1 15 15.5 -64 0 1 0.17 0 -0.17 1 0 0 0 1 3819.dat 
1 15 -15.5 -64 0 1 -0.17 0 0.17 1 0 0 0 1 3818.dat 
1 14 23.658001 -46.148998 -10 1 0.12 -0.12 -0.17 0.697 -0.697 0 0.707 0.707 3820.dat 
1 14 -23.658001 -46.148998 -10 1 -0.12 0.12 0.17 0.697 -0.697 0 0.707 0.707 3820.dat 
1 1 0 -28 0 1 0 0 0 1 0 0 0 1 3817.dat 
1 1 0 -28 0 1 0 0 0 1 0 0 0 1 3816.dat 


0 FILE 7813 - flexHose.ldr 
0 flexHose
0 Name: 7813 - flexHose.ldr 
0 Author: Robert Paciorek [bercik]
0 !LICENSE Redistributable under CCAL version 2.0 : see CAreadme.txt
0 !HELP Copyright (c) 2002-2017, Robert Paciorek (http://www.opcode.eu.org/)
0 !HELP Released under a dual license, you can choise "CCAL version 2.0" or "BSD/MIT-type licence":
0 !HELP Redistribution and use in source or any others forms, with or without modification, ARE PERMITTED provided save information about author(s).
0 !HELP This material is distributed WITHOUT any warranty, use at YOUR own risk.
0 !LDCAD CONTENT [type=path] [addFallBack=default] [looped=false] [displayKind=mm] [curveStep=0] [displayLenCor=0]
0 !LDCAD PATH_POINT [type=bezier] [posOri=0 -22 0 1 0 0 0 1 0 0 0 1] [prevCPDist=25] [nextCPDist=103] [cirR=20] [cirDir=xyCW] [prevYRoll=0] [nextYRoll=0]
0 !LDCAD PATH_POINT [type=bezier] [posOri=-11 -85 38 1 0 0 0 -1 0 0 0 -1] [prevCPDist=25] [nextCPDist=25] [cirR=20] [cirDir=xyCW] [prevYRoll=0] [nextYRoll=0]
0 !LDCAD PATH_SKIN [donCol=16] [donOri=1 0 0 0 1 0 0 0 1] [donPart=754.dat] [donYSize=100%] [donCen=absCen] [donCenYOfs=0] [donFinScale=none] [donPlace=refsStat] [donYAlign=0] [donInline=false] [segSize=50%] [segSizeTol=5%] [segsCnt=0] [segsGrp=0] [segsMaxMerge=1] [segsMrgAng=0] [segsMrgRollAng=0] [segsEdgeDelKind=keepFirstLeft]
0 !LDCAD PATH_SKIN [donCol=16] [donOri=1 0 0 0 1 0 0 0 1] [donPart=756.dat] [donYSize=100%] [donCen=absCen] [donCenYOfs=0] [donFinScale=none] [donPlace=refsStat] [donYAlign=0] [donInline=false] [segSize=60%] [segSizeTol=5%] [segsCnt=1] [segsGrp=0] [segsMaxMerge=1] [segsMrgAng=0] [segsMrgRollAng=0] [segsEdgeDelKind=keepFirstLeft]
0 !LDCAD PATH_SKIN [donCol=16] [donOri=1 0 0 0 -1 0 0 0 -1] [donPart=754.dat] [donYSize=100%] [donCen=absCen] [donCenYOfs=0] [donFinScale=none] [donPlace=refsStat] [donYAlign=0] [donInline=false] [segSize=50%] [segSizeTol=5%] [segsCnt=0] [segsGrp=0] [segsMaxMerge=1] [segsMrgAng=0] [segsMrgRollAng=0] [segsEdgeDelKind=keepFirstLeft]
0 !LDCAD PATH_CAP [group=start] [color=16] [posOri=0 -18 0 1 0 0 0 1 0 0 0 1] [part=752.dat] [extraLen=0mm] [inlineRef=false]
0 !LDCAD PATH_CAP [group=end] [color=16] [posOri=-11 -81 38 1 0 0 0 1 0 0 0 1] [part=752.dat] [extraLen=0mm] [inlineRef=false]
0 !LDCAD PATH_CAP [group=start] [color=16] [posOri=0 -18 0 1 0 0 0 -1 0 0 0 -1] [part=755.dat] [extraLen=0mm] [inlineRef=false]
0 !LDCAD PATH_CAP [group=end] [color=16] [posOri=-11 -81 38 1 0 0 0 -1 0 0 0 -1] [part=755.dat] [extraLen=0mm] [inlineRef=false]
0 !LDCAD GENERATED [generator=LDCad 1.6a]
0 //This is the fallback LDraw content for above PATH configuration.
0 // Do not edit, any changes will be lost upon regeneration.
0 // The path is approx 46.36 mm (115.91) and exists out of 45 segments.
0 //Some general hints about the document.
0 BFC CERTIFY CCW
0 //Start cap reference(s)
1 16 0 -18 0 1 0 0 0 1 0 0 0 1 752.dat 
1 16 0 -18 0 1 0 0 0 -1 0 0 0 -1 755.dat 
0 //End cap reference(s)
1 16 -11 -81 38 1 0 0 0 1 0 0 0 1 752.dat 
1 16 -11 -81 38 1 0 0 0 -1 0 0 0 -1 755.dat 
0 //Segments
1 16 -0.001904 -23.77416 0.006577 0.999999 0.001073 0 -0.001073 0.999993 0.003707 0.000004 -0.003707 0.999993 754.dat
1 16 -0.007781 -26.322401 0.026879 0.999996 0.002844 0 -0.002844 0.999948 0.009826 0.000028 -0.009826 0.999952 754.dat
1 16 -0.018294 -28.870441 0.063196 0.999989 0.004684 0 -0.004684 0.999858 0.016182 0.000076 -0.016182 0.999869 754.dat
1 16 -0.034032 -31.418125 0.117565 0.999977 0.006827 0 -0.006825 0.999699 0.023585 0.000161 -0.023584 0.999722 754.dat
1 16 -0.054734 -33.965351 0.189081 0.999962 0.00869 0 -0.008686 0.999512 0.03002 0.000261 -0.030019 0.999549 754.dat
1 16 -0.080534 -36.511971 0.27821 0.999942 0.010751 0 -0.010743 0.999252 0.03714 0.000399 -0.037138 0.99931 754.dat
1 16 -0.112502 -39.057674 0.388643 0.999911 0.013327 0 -0.013313 0.998851 0.046044 0.000614 -0.04604 0.998939 754.dat
1 16 -0.150732 -41.602268 0.520709 0.999876 0.015732 0 -0.015709 0.998398 0.054355 0.000855 -0.054349 0.998522 754.dat
1 16 -0.194546 -44.145702 0.672069 0.999841 0.017831 0 -0.017797 0.997942 0.061608 0.001099 -0.061598 0.9981 754.dat
1 16 -0.245367 -46.687431 0.847631 0.999782 0.020864 0 -0.02081 0.997181 0.072092 0.001504 -0.072077 0.997398 754.dat
1 16 -0.304133 -49.226944 1.050641 0.999712 0.024019 0 -0.023936 0.996262 0.082999 0.001994 -0.082975 0.99655 754.dat
1 16 -0.370018 -51.764198 1.278242 0.999645 0.026655 0 -0.026542 0.995395 0.092114 0.002455 -0.092081 0.995748 754.dat
1 16 -0.443386 -54.298775 1.531696 0.999558 0.029723 0 -0.029566 0.99427 0.102724 0.003053 -0.102679 0.99471 754.dat
1 16 -0.525474 -56.829884 1.815274 0.999445 0.033299 0 -0.033078 0.992803 0.115098 0.003833 -0.115034 0.993354 754.dat
1 16 -0.616155 -59.357201 2.128535 0.999331 0.036582 0 -0.036288 0.991308 0.126458 0.004626 -0.126374 0.991972 754.dat
1 16 -0.716211 -61.879929 2.474183 0.999182 0.040434 0 -0.040037 0.989371 0.139794 0.005652 -0.13968 0.990181 754.dat
1 16 -0.828007 -64.396255 2.860387 0.99897 0.04537 0 -0.044808 0.986599 0.156893 0.007118 -0.156732 0.987616 754.dat
1 16 -0.950428 -66.906197 3.283295 0.998789 0.049205 0 -0.048487 0.984218 0.170187 0.008374 -0.169981 0.985412 754.dat
1 16 -1.083757 -69.408905 3.743887 0.998558 0.053681 0 -0.052747 0.981188 0.18571 0.009969 -0.185442 0.982605 754.dat
1 16 -1.229117 -71.902939 4.246039 0.998287 0.058508 0 -0.057296 0.977612 0.202465 0.011846 -0.202118 0.979289 754.dat
1 16 -1.374571 -74.140816 4.748519 0.997839 0.065712 0 -0.063989 0.971674 0.227498 0.014949 -0.227006 0.973779 754.dat
1 16 -1.532401 -76.367905 5.293747 0.997579 0.069546 0 -0.067499 0.968217 0.240831 0.016749 -0.240248 0.970567 754.dat
1 16 -1.715298 -78.644485 5.925574 1 0.080863 0 -0.077622 1 0.280263 0 -0.279345 1 756.dat 
1 16 -2.077284 -82.815651 7.176072 0.995761 -0.091974 0 -0.087167 -0.94371 -0.319082 0.029347 0.317729 -0.947727 754.dat
1 16 -2.319724 -85.209686 8.013594 0.994744 -0.102389 0 -0.095698 -0.929735 -0.355577 0.036407 0.353708 -0.934647 754.dat
1 16 -2.588729 -87.566742 8.942883 0.993614 -0.112832 0 -0.103787 -0.913969 -0.392287 0.044262 0.389782 -0.919843 754.dat
1 16 -2.885382 -89.880226 9.967684 0.992203 -0.12463 0 -0.112285 -0.893926 -0.433922 0.05408 0.430539 -0.90095 754.dat
1 16 -3.213472 -92.137886 11.101084 0.990405 -0.138198 0 -0.121082 -0.867744 -0.482037 0.066617 0.477411 -0.876151 754.dat
1 16 -3.539805 -94.112907 12.228418 0.987947 -0.15479 0 -0.130157 -0.830725 -0.541253 0.083781 0.53473 -0.84086 754.dat
1 16 -3.906708 -95.992973 13.4959 0.98557 -0.169267 0 -0.136257 -0.793364 -0.593303 0.100427 0.584742 -0.804979 754.dat
1 16 -4.354579 -97.96286 15.043091 0.981622 -0.190834 0 -0.141394 -0.72731 -0.671586 0.128161 0.659244 -0.740926 754.dat
1 16 -4.859113 -99.743813 16.786026 0.976659 -0.214795 0 -0.139663 -0.635038 -0.759751 0.16319 0.742018 -0.650214 754.dat
1 16 -5.424626 -101.263634 18.739616 0.970979 -0.239166 0 -0.125639 -0.510076 -0.850904 0.203507 0.82621 -0.525321 754.dat
1 16 -6.050973 -102.422668 20.90336 0.964953 -0.262424 0 -0.089907 -0.330593 -0.939481 0.246542 0.906555 -0.342601 754.dat
1 16 -6.729162 -103.091797 23.246195 0.961035 -0.276428 0 -0.031099 -0.10812 -0.993651 0.274673 0.954933 -0.112504 754.dat
1 16 -7.430827 -103.170837 25.67013 0.961421 -0.27508 0 0.04176 0.145955 -0.988409 0.271892 0.950278 0.151811 754.dat
1 16 -8.117399 -102.627785 28.041924 0.966021 -0.258463 0 0.09866 0.368746 -0.92428 0.238892 0.892874 0.381716 754.dat
1 16 -8.752695 -101.539383 30.236584 0.97326 -0.229706 0 0.132998 0.563512 -0.815332 0.187286 0.79353 0.578994 754.dat
1 16 -9.313302 -100.001411 32.173225 0.980016 -0.198919 0 0.141825 0.698728 -0.701188 0.13948 0.687176 0.712976 754.dat
1 16 -9.793916 -98.142799 33.833527 0.986162 -0.165784 0 0.134962 0.802821 -0.580745 0.096278 0.572708 0.814086 754.dat
1 16 -10.190781 -96.041077 35.204517 0.991088 -0.133206 0 0.117977 0.877783 -0.464304 0.061848 0.460166 0.885676 754.dat
1 16 -10.506626 -93.766647 36.295616 0.994676 -0.103048 0 0.096223 0.928793 -0.35789 0.03688 0.355984 0.933764 754.dat
1 16 -10.743781 -91.37117 37.11488 0.997523 -0.070345 0 0.068226 0.967469 -0.243615 0.017137 0.243012 0.969872 754.dat
1 16 -10.900522 -88.890221 37.656345 0.999146 -0.041331 0 0.040906 0.988891 -0.142901 0.005906 0.142779 0.989737 754.dat
1 16 -10.980793 -86.567673 37.933647 0.999925 -0.01224 0 0.012229 0.999031 -0.042287 0.000518 0.042283 0.999106 754.dat
