0 FILE Untitled.ldr
0 Untitled
0 Name: Untitled.ldr
0 Author: Rijk van Voorst
0 Unofficial Model
0 ROTATION CENTER 0 0 0 1 "Custom" 
0 ROTATION CONFIG 0 0
1 7 0 0 0 0 0 1 0 1 0 -1 0 0 606p02.dat
1 14 -260 -8 180 0 0 1 0 1 0 -1 0 0 4032a.dat
1 14 -160 -8 220 0 0 1 0 1 0 -1 0 0 4032a.dat
1 1 -200 -24 190 1 0 0 0 1 0 0 0 1 3004.dat
1 1 -80 -24 190 1 0 0 0 1 0 0 0 1 3004.dat
1 7 -140 -24 270 1 0 0 0 1 0 0 0 1 3004.dat
1 1 -210 -24 240 0 0 -1 0 1 0 1 0 0 3010.dat
1 1 -70 -24 240 0 0 -1 0 1 0 1 0 0 3010.dat
1 1 -140 -24 290 -1 0 0 0 1 0 0 0 -1 3008.dat
1 14 -260 -16 180 0 0 1 0 1 0 -1 0 0 4032a.dat
1 14 -160 -16 220 0 0 1 0 1 0 -1 0 0 4032a.dat
1 1 -190 -48 190 0 0 1 0 1 0 -1 0 0 3005.dat
1 1 -90 -48 190 0 0 1 0 1 0 -1 0 0 3005.dat
1 1 -210 -48 240 0 0 1 0 1 0 -1 0 0 3009.dat
1 1 -70 -48 240 0 0 1 0 1 0 -1 0 0 3009.dat
1 1 -140 -48 290 1 0 0 0 1 0 0 0 1 3009.dat
1 7 -140 -48 270 1 0 0 0 1 0 0 0 1 3039p34.dat
1 1 -140 -72 290 -1 0 0 0 1 0 0 0 -1 3008.dat
1 1 -80 -72 190 1 0 0 0 1 0 0 0 1 3004.dat
1 14 -260 -24 180 1 0 0 0 1 0 0 0 1 4079.dat
1 14 -160 -24 220 0 0 -1 0 1 0 1 0 0 4079.dat
1 1 -80 -96 190 1 0 0 0 1 0 0 0 1 3004.dat
1 1 -200 -72 190 1 0 0 0 1 0 0 0 1 3004.dat
1 1 -200 -96 190 1 0 0 0 1 0 0 0 1 3004.dat
1 1 -200 -96 290 1 0 0 0 1 0 0 0 1 3004.dat
1 1 -80 -96 290 1 0 0 0 1 0 0 0 1 3004.dat
1 1 -140 -96 290 1 0 0 0 1 0 0 0 1 3010.dat
1 1 -140 -120 290 -1 0 0 0 1 0 0 0 -1 3008.dat
1 1 -80 -120 190 1 0 0 0 1 0 0 0 1 3004.dat
1 1 -200 -120 190 1 0 0 0 1 0 0 0 1 3004.dat
1 15 -110 -120 190 0 0 -1 0 1 0 1 0 0 3861.dat
1 15 -70 -120 240 0 0 -1 0 1 0 1 0 0 3853.dat
1 15 -210 -120 240 0 0 1 0 1 0 -1 0 0 3853.dat
1 15 -214 -116 274 1 0 0 0 1 0 0 0 1 3854.dat
1 15 -214 -116 206 -1 0 0 0 1 0 0 0 -1 3854.dat
1 15 -66 -116 274 1 0 0 0 1 0 0 0 1 3854.dat
1 15 -66 -116 206 -1 0 0 0 1 0 0 0 -1 3854.dat
1 1 -210 -144 240 0 0 1 0 1 0 -1 0 0 3009.dat
1 1 -70 -144 240 0 0 1 0 1 0 -1 0 0 3009.dat
1 1 -140 -144 290 1 0 0 0 1 0 0 0 1 3009.dat
1 1 -140 -144 190 1 0 0 0 1 0 0 0 1 3009.dat
1 1 -210 -168 240 0 0 -1 0 1 0 1 0 0 3010.dat
1 1 -70 -168 240 0 0 -1 0 1 0 1 0 0 3010.dat
1 4 -60 -168 190 1 0 0 0 1 0 0 0 1 3039.dat
1 4 -60 -168 290 -1 0 0 0 1 0 0 0 -1 3039.dat
1 4 -120 -168 290 -1 0 0 0 1 0 0 0 -1 3037.dat
1 4 -200 -168 290 -1 0 0 0 1 0 0 0 -1 3037.dat
1 4 -200 -168 190 1 0 0 0 1 0 0 0 1 3037.dat
1 4 -120 -168 190 1 0 0 0 1 0 0 0 1 3037.dat
1 1 -210 -192 240 0 0 -1 0 1 0 1 0 0 3004.dat
1 1 -70 -192 240 0 0 -1 0 1 0 1 0 0 3004.dat
1 4 -160 -192 210 1 0 0 0 1 0 0 0 1 3037.dat
1 4 -80 -192 210 1 0 0 0 1 0 0 0 1 3037.dat
1 4 -80 -192 270 -1 0 0 0 1 0 0 0 -1 3037.dat
1 4 -160 -192 270 -1 0 0 0 1 0 0 0 -1 3037.dat
1 4 -220 -192 210 1 0 0 0 1 0 0 0 1 3039.dat
1 4 -220 -192 270 -1 0 0 0 1 0 0 0 -1 3039.dat
1 4 -60 -216 250 -1 0 0 0 1 0 0 0 -1 3039.dat
1 4 -60 -216 230 1 0 0 0 1 0 0 0 1 3039.dat
1 4 -120 -216 230 1 0 0 0 1 0 0 0 1 3037.dat
1 4 -200 -216 230 1 0 0 0 1 0 0 0 1 3037.dat
1 4 -200 -216 250 -1 0 0 0 1 0 0 0 -1 3037.dat
1 4 -120 -216 250 -1 0 0 0 1 0 0 0 -1 3037.dat
1 4 -220 -240 240 -1 0 0 0 1 0 0 0 -1 3043.dat
1 4 -160 -240 240 -1 0 0 0 1 0 0 0 -1 3041.dat
1 4 -80 -240 240 -1 0 0 0 1 0 0 0 -1 3041.dat
1 8 100 -8 320 -1 0 0 0 1 0 0 0 -1 767.dat
1 8 100 -8 160 -1 0 0 0 1 0 0 0 -1 767.dat
1 8 100 -8 -160 -1 0 0 0 1 0 0 0 -1 767.dat
1 8 100 -8 -320 -1 0 0 0 1 0 0 0 -1 767.dat
1 7 100 0 0 -1 0 0 0 1 0 0 0 -1 813.dat
1 1 220 -32 -150 -1 0 0 0 1 0 0 0 -1 3004.dat
1 1 -20 -32 -150 -1 0 0 0 1 0 0 0 -1 3004.dat
1 7 150 -24 -160 0 0 1 0 1 0 -1 0 0 3228b.dat
1 7 150 -24 160 0 0 1 0 1 0 -1 0 0 3228b.dat
1 7 50 -24 160 0 0 1 0 1 0 -1 0 0 3228b.dat
1 7 50 -24 -160 0 0 1 0 1 0 -1 0 0 3228b.dat
1 7 390 -24 -190 0 0 1 0 1 0 -1 0 0 3240b.dat
1 7 390 -24 190 0 0 1 0 1 0 -1 0 0 3240b.dat
1 7 100 0 0 1 0 0 0 1 0 0 0 1 812.dat
1 1 -20 -16 150 1 0 0 0 1 0 0 0 1 814.dat
1 1 220 -16 150 1 0 0 0 1 0 0 0 1 814.dat
1 15 -20 -16 150 1 0 0 0 1 0 0 0 1 815.dat
1 15 220 -16 150 1 0 0 0 1 0 0 0 1 815.dat
1 4 -20 -16 150 -1 0 0 0 1 0 0 0 -1 816.dat
1 4 220 -16 150 1 0 0 0 1 0 0 0 1 816.dat
1 1 220 -56 -150 -1 0 0 0 1 0 0 0 -1 3004.dat
1 1 -20 -56 -150 -1 0 0 0 1 0 0 0 -1 3004.dat
1 2 260 -8 -260 0 0 1 0 1 0 -1 0 0 3778.dat
1 15 -100 -8 -150 0 0 1 0 1 0 -1 0 0 649p01.dat
1 15 300 -8 150 0 0 -1 0 1 0 1 0 0 649p01.dat
1 15 -260 -80 190 1 0 0 0 1 0 0 0 1 Minifig.ldr
0
0 FILE Minifig.ldr
0 New Minifig Model
0 Name: Minifig.ldr
0 Author: Rijk van Voorst
0 Unofficial Model
0 ROTATION CENTER 0 0 0 1 "Custom" 
0 ROTATION CONFIG 0 0
1 1 0 -20.873 2.152 1 0 0 0 0.998135 0.0610485 0 -0.0610485 0.998135 3624.dat
1 14 0 -20.873 2.152 1 0 0 0 0.998135 0.0610485 0 -0.0610485 0.998135 3626ap01.dat
1 4 0 3.081 0.688 1 0 0 0 0.998135 0.0610485 0 -0.0610485 0.998135 973.dat
1 1 0 35.022 -1.272 1 0 0 0 0.998135 0.0610485 0 -0.0610485 0.998135 3815.dat
1 4 -15.552 12.065 0.14 0.985 -0.109274 -0.130228 0.169683 0.585199 0.792388 -0.0103783 -0.803268 0.595524 3818.dat
1 4 15.552 12.065 0.14 0.985 0.17 0 -0.169683 0.983163 0.0610485 0.0103783 -0.0601328 0.998135 3819.dat
1 14 -21.38 13.984 -21.026 0.985 -0.169328 -0.0148142 0.169683 0.973954 0.146482 -0.0103783 -0.146875 0.988946 3820.dat
1 14 23.863 28.997 -11.24 0.985 0.12019 -0.12019 -0.169683 0.738257 -0.651935 0.0103783 0.663167 0.748195 3820.dat
1 1 0 47 -2 1 0 0 0 0 1 0 -1 0 3816.dat
1 1 0 47 -2 1 0 0 0 0 1 0 -1 0 3817.dat
0
0
