0 FILE 7937_train_station.ldr
0 Untitled
0 Name: 7937_train_station.ldr
0 Author: MLCad
0 Unofficial Model
0 ROTATION CENTER 0 0 0 1 "Custom" 
0 ROTATION CONFIG 0 0
1 8 -20 40 0 1 0 0 0 1 0 0 0 1 3795.dat
1 8 -140 40 0 1 0 0 0 1 0 0 0 1 3795.dat
1 8 -140 40 -320 1 0 0 0 1 0 0 0 1 3795.dat
1 8 -140 -16 -320 1 0 0 0 1 0 0 0 1 3795.dat
1 7 -140 -288 -320 1 0 0 0 1 0 0 0 1 3795.dat
1 7 -140 -304 -320 1 0 0 0 1 0 0 0 1 3795.dat
1 8 -90 -312 -280 0 0 -1 0 1 0 1 0 0 3666.dat
1 8 -140 -312 -320 1 0 0 0 1 0 0 0 1 3020.dat
1 7 -90 -304 -260 0 0 -1 0 1 0 1 0 0 3010.dat
1 7 -190 -304 -260 0 0 -1 0 1 0 1 0 0 3010.dat
1 8 -20 -16 0 1 0 0 0 1 0 0 0 1 3795.dat
1 0 30 16 0 0 0 1 0 1 0 -1 0 0 3700.dat
1 0 -70 16 0 0 0 1 0 1 0 -1 0 0 3700.dat
1 0 -90 16 0 0 0 1 0 1 0 -1 0 0 3700.dat
1 0 -90 16 320 0 0 1 0 1 0 -1 0 0 3700.dat
1 0 -90 16 -320 0 0 1 0 1 0 -1 0 0 3700.dat
1 7 -80 24 0 1 0 0 0 1 0 0 0 1 3673.dat
1 0 -20 -8 -10 1 0 0 0 1 0 0 0 1 3009.dat
1 0 -140 -8 -330 1 0 0 0 1 0 0 0 1 3009.dat
1 0 -190 16 -320 0 0 1 0 1 0 -1 0 0 3298.dat
1 0 -190 16 0 0 0 1 0 1 0 -1 0 0 3298.dat
1 0 -190 16 320 0 0 1 0 1 0 -1 0 0 3298.dat
1 8 -20 40 320 1 0 0 0 1 0 0 0 1 3795.dat
1 0 30 16 320 0 0 1 0 1 0 -1 0 0 3700.dat
1 0 -70 16 320 0 0 1 0 1 0 -1 0 0 3700.dat
1 7 -80 24 320 1 0 0 0 1 0 0 0 1 3673.dat
1 0 -20 -8 330 1 0 0 0 1 0 0 0 1 3009.dat
1 0 -140 -8 330 1 0 0 0 1 0 0 0 1 3009.dat
1 0 -140 16 350 1 0 0 0 1 0 0 0 1 3009.dat
1 8 -140 8 350 1 0 0 0 1 0 0 0 1 3666.dat
1 0 -70 -8 160 0 0 -1 0 1 0 1 0 0 2465.dat
1 0 -90 -8 -160 0 0 -1 0 1 0 1 0 0 2465.dat
1 0 -90 -8 160 0 0 -1 0 1 0 1 0 0 2465.dat
1 0 -190 -8 -160 0 0 -1 0 1 0 1 0 0 2465.dat
1 0 -190 -8 160 0 0 -1 0 1 0 1 0 0 2465.dat
1 0 30 -8 160 0 0 -1 0 1 0 1 0 0 2465.dat
1 8 -20 -16 60 -1 0 0 0 1 0 0 0 -1 3032.dat
1 8 -140 -16 -260 -1 0 0 0 1 0 0 0 -1 3032.dat
1 8 -140 -16 -180 -1 0 0 0 1 0 0 0 -1 3032.dat
1 8 -140 -16 -100 -1 0 0 0 1 0 0 0 -1 3032.dat
1 8 -140 -16 -20 -1 0 0 0 1 0 0 0 -1 3032.dat
1 8 -140 -16 60 -1 0 0 0 1 0 0 0 -1 3032.dat
1 8 -140 -16 140 -1 0 0 0 1 0 0 0 -1 3032.dat
1 8 -140 -16 220 -1 0 0 0 1 0 0 0 -1 3032.dat
1 8 -140 -16 300 -1 0 0 0 1 0 0 0 -1 3032.dat
1 8 -140 40 340 -1 0 0 0 1 0 0 0 -1 3032.dat
1 8 -20 -16 140 -1 0 0 0 1 0 0 0 -1 3032.dat
1 8 -20 -16 220 -1 0 0 0 1 0 0 0 -1 3032.dat
1 8 -20 -16 300 -1 0 0 0 1 0 0 0 -1 3032.dat
1 4 0 -24 -10 -1 0 0 0 1 0 0 0 -1 3710.dat
1 4 0 -24 250 -1 0 0 0 1 0 0 0 -1 3710.dat
1 4 -30 -24 40 0 0 1 0 1 0 -1 0 0 3710.dat
1 7 -30 -24 160 0 0 1 0 1 0 -1 0 0 30586.dat
1 7 -30 -176 180 0 0 1 0 1 0 -1 0 0 30586.dat
1 4 0 -184 250 -1 0 0 0 1 0 0 0 -1 3710.dat
1 4 0 -184 -10 -1 0 0 0 1 0 0 0 -1 3710.dat
1 4 -30 -184 120 0 0 1 0 1 0 -1 0 0 60479.dat
1 7 30 -40 280 0 0 1 0 1 0 -1 0 0 3004.dat
1 7 30 -40 320 0 0 -1 0 1 0 1 0 0 30237.dat
1 7 -420 -336 -330 1 0 0 0 1 0 0 0 1 30237.dat
1 7 -180 -336 -330 1 0 0 0 1 0 0 0 1 30237.dat
1 4 30 -48 300 0 0 -1 0 1 0 1 0 0 2431.dat
1 4 -140 32 -330 1 0 0 0 1 0 0 0 1 2431.dat
1 4 -190 -192 -180 0 0 1 0 1 0 -1 0 0 2431.dat
1 4 -140 -344 -330 1 0 0 0 1 0 0 0 1 2431.dat
1 4 -460 -344 -330 1 0 0 0 1 0 0 0 1 2431.dat
1 4 -90 -192 -180 0 0 1 0 1 0 -1 0 0 2431.dat
1 4 -140 32 310 1 0 0 0 1 0 0 0 1 2431.dat
1 4 -140 32 -10 1 0 0 0 1 0 0 0 1 2431.dat
1 4 -30 -32 200 0 0 -1 0 1 0 1 0 0 2431.dat
1 4 -50 -16 250 0 0 1 0 1 0 -1 0 0 50746.dat
1 4 -50 -16 70 0 0 1 0 1 0 -1 0 0 50746.dat
1 7 10 -48 20 1 0 0 0 1 0 0 0 1 3002.dat
1 7 10 -40 140 1 0 0 0 1 0 0 0 1 3002.dat
1 15 20 -59.272 148.586 1 0 0 0 1 0 0 0 1 3937.dat
1 15 20 -57.9828 140.007 1 0 0 0 0.707107 -0.707107 0 0.707107 0.707107 6134.dat
1 15 -10 -48 140 0 0 -1 0 1 0 1 0 0 3069b.dat
1 15 20 -48 130 1 0 0 0 1 0 0 0 1 3069bp80.dat
1 7 10 -72 10 1 0 0 0 1 0 0 0 1 3622.dat
1 46 -10 -72 30 1 0 0 0 1 0 0 0 1 4589.dat
1 46 -10 -96 10 1 0 0 0 1 0 0 0 1 4589.dat
1 46 10 -96 10 1 0 0 0 1 0 0 0 1 4589.dat
1 34 10 -72 30 1 0 0 0 1 0 0 0 1 4589.dat
1 34 30 -72 30 1 0 0 0 1 0 0 0 1 4589.dat
1 34 30 -96 10 1 0 0 0 1 0 0 0 1 4589.dat
1 15 20 -69.2965 140.007 1 0 0 0 0.707107 -0.707107 0 0.707107 0.707107 3068b.dat
1 4 0 -168 250 1 0 0 0 1 0 0 0 1 30179.dat
1 4 -30 -168 120 0 0 -1 0 1 0 1 0 0 30179.dat
1 4 -30 -168 40 0 0 -1 0 1 0 1 0 0 30179.dat
1 4 -50 -168 200 0 0 -1 0 1 0 1 0 0 30179.dat
1 4 0 -168 -10 1 0 0 0 1 0 0 0 1 30179.dat
1 7 10 -176 250 1 0 0 0 1 0 0 0 1 3623.dat
1 7 10 -176 -10 1 0 0 0 1 0 0 0 1 3623.dat
1 7 -30 -176 40 0 0 -1 0 1 0 1 0 0 3666.dat
1 7 0 -192 120 0 0 -1 0 1 0 1 0 0 3027.dat
1 15 40 -200 270 -1 0 0 0 1 0 0 0 -1 3069b.dat
1 15 0 -200 270 -1 0 0 0 1 0 0 0 -1 3069b.dat
1 15 50 -200 240 0 0 1 0 1 0 -1 0 0 3069b.dat
1 15 -50 -200 240 0 0 1 0 1 0 -1 0 0 3069b.dat
1 15 -50 -200 160 0 0 1 0 1 0 -1 0 0 6636.dat
1 15 -10 -280 120 0 0 1 0 1 0 -1 0 0 6636.dat
1 15 50 -200 160 0 0 1 0 1 0 -1 0 0 6636.dat
1 15 -50 -200 40 0 0 1 0 1 0 -1 0 0 6636.dat
1 15 50 -200 40 0 0 1 0 1 0 -1 0 0 6636.dat
1 15 0 -200 -30 -1 0 0 0 1 0 0 0 -1 6636.dat
1 4 -90 -344 -280 0 0 1 0 1 0 -1 0 0 6636.dat
1 8 -300 40 -240 0 0 1 0 1 0 -1 0 0 2865.dat
1 8 -300 40 80 0 0 1 0 1 0 -1 0 0 2865.dat
1 8 -300 40 400 0 0 1 0 1 0 -1 0 0 2865.dat
1 15 -40 -200 270 -1 0 0 0 1 0 0 0 -1 60478.dat
1 14 -72 -170 270 0 1 0 -1 0 0 0 0 1 63868.dat
1 15 -80 -170 270 0 1 0 0 0 -1 -1 0 0 4150p03.dat
1 14 -50 -184 -30 0 0 1 0 1 0 -1 0 0 3963.dat
1 4 -10 -272 120 0 0 1 0 1 0 -1 0 0 64453.dat
1 47 -510 -120 60 0 0 -1 0 1 0 1 0 0 64453.dat
1 15 -60 -40 280 0 0 1 0 1 0 -1 0 0 3003.dat
1 15 -60 -40 0 0 0 1 0 1 0 -1 0 0 3003.dat
1 6 -60 -48 280 0 0 1 0 1 0 -1 0 0 3022.dat
1 15 -60 -48 280 0 0 -1 0 1 0 1 0 0 3741c01.dat
1 6 -60 -48 0 0 0 1 0 1 0 -1 0 0 3022.dat
1 15 -100 -296 -320 0 0 1 0 1 0 -1 0 0 3022.dat
1 15 -180 -296 -320 0 0 1 0 1 0 -1 0 0 3022.dat
1 15 -140 -296 -330 1 0 0 0 1 0 0 0 1 3023.dat
1 15 -60 -48 0 0 0 -1 0 1 0 1 0 0 3741c01.dat
1 15 55.651 -30.987 320 0 0 1 0 1 0 -1 0 0 63965.dat
1 7 57.651 -138.987 320 0 -1 0 0 0 1 -1 0 0 482.dat
1 7 35.55 -175.029 320 0.707107 -0.707107 0 0.707107 0.707107 0 0 0 1 44302.dat
1 46 29.893 -169.372 320 0.707107 -0.707107 0 0.707107 0.707107 0 0 0 1 3023.dat
1 7 -510 -40 140 0 0 1 0 1 0 -1 0 0 30237.dat
1 15 -537.366 -32.929 140 0 0 -1 0 1 0 1 0 0 63965.dat
1 7 -539.574 -137.573 140 0 1 0 0 0 1 1 0 0 482.dat
1 7 -517.473 -173.615 140 -0.707107 0.707107 0 0.707107 0.707107 0 0 0 -1 44302.dat
1 46 -511.816 -167.958 140 -0.707107 0.707107 0 0.707107 0.707107 0 0 0 -1 3023.dat
1 15 -420 -336 -350 -1 0 0 0 1 0 0 0 -1 63965.dat
1 7 -420 -440 -352 -1 0 0 0 0 1 0 1 0 482.dat
1 7 -420 -470.933 -330.926 0 0 1 0.707107 0.707107 0 -0.707107 0.707107 0 44302.dat
1 46 -420 -463.862 -330.926 0 0 1 0.707107 0.707107 0 -0.707107 0.707107 0 3023.dat
1 15 -180 -336 -350 -1 0 0 0 1 0 0 0 -1 63965.dat
1 7 -180 -440 -352 -1 0 0 0 0 1 0 1 0 482.dat
1 7 -180 -470.933 -330.926 0 0 1 0.707107 0.707107 0 -0.707107 0.707107 0 44302.dat
1 46 -180 -463.862 -330.926 0 0 1 0.707107 0.707107 0 -0.707107 0.707107 0 3023.dat
1 7 -190 -24 -280 0 0 -1 0 1 0 1 0 0 3666.dat
1 7 -90 -24 -280 0 0 -1 0 1 0 1 0 0 3666.dat
1 7 -190 -152 -280 0 0 -1 0 1 0 1 0 0 3666.dat
1 7 -90 -152 -280 0 0 -1 0 1 0 1 0 0 3666.dat
1 15 -140 -24 -150 -1 0 0 0 1 0 0 0 -1 3023.dat
1 14 -190 -24 -160 0 0 1 0 1 0 -1 0 0 2412b.dat
1 14 -190 -24 -40 0 0 1 0 1 0 -1 0 0 2412b.dat
1 7 -90 -320 -300 0 0 1 0 1 0 -1 0 0 2412b.dat
1 7 -90 -320 -260 0 0 1 0 1 0 -1 0 0 2412b.dat
1 7 -140 -320 -330 1 0 0 0 1 0 0 0 1 2412b.dat
1 14 -190 -24 80 0 0 1 0 1 0 -1 0 0 2412b.dat
1 14 -190 -24 200 0 0 1 0 1 0 -1 0 0 2412b.dat
1 14 -190 -24 320 0 0 1 0 1 0 -1 0 0 2412b.dat
1 14 -100 -24 120 0 0 1 0 1 0 -1 0 0 4032a.dat
1 1 -100 -32 120 0 0 1 0 1 0 -1 0 0 4079.dat
1 1 -100 -32 60 0 0 1 0 1 0 -1 0 0 4079.dat
1 15 -190 -144 -280 0 0 1 0 1 0 -1 0 0 64448.dat
1 15 -90 -144 -280 0 0 -1 0 1 0 1 0 0 64448.dat
1 15 -190 -280 -280 0 0 1 0 1 0 -1 0 0 64448.dat
1 15 -90 -280 -280 0 0 -1 0 1 0 1 0 0 64448.dat
1 7 -140 -144 -150 -1 0 0 0 1 0 0 0 -1 2454.dat
1 14 -100 -24 60 0 0 1 0 1 0 -1 0 0 4032a.dat
1 8 -140 -160 -80 -1 0 0 0 1 0 0 0 -1 30134.dat
1 8 -140 -304 -240 -1 0 0 0 1 0 0 0 -1 30134.dat
1 7 -140 -160 -240 0 0 1 0 1 0 -1 0 0 3033.dat
1 15 -190 -184 -210 0 0 1 0 1 0 -1 0 0 3062b.dat
1 15 -190 -184 -150 0 0 1 0 1 0 -1 0 0 3062b.dat
1 15 -510 -184 -150 0 0 1 0 1 0 -1 0 0 3062b.dat
1 15 -510 -184 -210 0 0 1 0 1 0 -1 0 0 3062b.dat
1 15 -410 -184 -150 0 0 1 0 1 0 -1 0 0 3062b.dat
1 15 -410 -184 -210 0 0 1 0 1 0 -1 0 0 3062b.dat
1 15 -110 -336 -330 0 0 1 0 1 0 -1 0 0 3062b.dat
1 15 -90 -336 -330 0 0 1 0 1 0 -1 0 0 3062b.dat
1 15 -90 -336 -230 0 0 1 0 1 0 -1 0 0 3062b.dat
1 15 -90 -184 -150 0 0 1 0 1 0 -1 0 0 3062b.dat
1 15 -90 -184 -210 0 0 1 0 1 0 -1 0 0 3062b.dat
1 8 -460 40 -320 1 0 0 0 1 0 0 0 1 3795.dat
1 8 -460 40 0 1 0 0 0 1 0 0 0 1 3795.dat
1 8 -460 -16 -320 1 0 0 0 1 0 0 0 1 3795.dat
1 7 -460 -288 -320 1 0 0 0 1 0 0 0 1 3795.dat
1 7 -460 -304 -320 1 0 0 0 1 0 0 0 1 3795.dat
1 8 -510 -312 -280 0 0 -1 0 1 0 1 0 0 3666.dat
1 8 -460 -312 -320 1 0 0 0 1 0 0 0 1 3020.dat
1 7 -510 -304 -260 0 0 -1 0 1 0 1 0 0 3010.dat
1 7 -410 -304 -260 0 0 -1 0 1 0 1 0 0 3010.dat
1 0 -510 16 -320 0 0 1 0 1 0 -1 0 0 3700.dat
1 0 -510 16 0 0 0 1 0 1 0 -1 0 0 3700.dat
1 0 -510 16 320 0 0 1 0 1 0 -1 0 0 3700.dat
1 0 -460 -8 -330 1 0 0 0 1 0 0 0 1 3009.dat
1 0 -410 16 -320 0 0 -1 0 1 0 1 0 0 3298.dat
1 0 -410 16 0 0 0 -1 0 1 0 1 0 0 3298.dat
1 0 -410 16 320 0 0 -1 0 1 0 1 0 0 3298.dat
1 0 -460 -8 330 1 0 0 0 1 0 0 0 1 3009.dat
1 0 -460 16 350 1 0 0 0 1 0 0 0 1 3009.dat
1 8 -460 8 350 1 0 0 0 1 0 0 0 1 3666.dat
1 0 -510 -8 -160 0 0 -1 0 1 0 1 0 0 2465.dat
1 0 -410 -8 -160 0 0 -1 0 1 0 1 0 0 2465.dat
1 0 -510 -8 160 0 0 -1 0 1 0 1 0 0 2465.dat
1 0 -410 -8 160 0 0 -1 0 1 0 1 0 0 2465.dat
1 8 -460 -16 -100 -1 0 0 0 1 0 0 0 -1 3032.dat
1 8 -460 -16 -180 -1 0 0 0 1 0 0 0 -1 3032.dat
1 8 -460 -16 -260 -1 0 0 0 1 0 0 0 -1 3032.dat
1 8 -460 -16 -20 -1 0 0 0 1 0 0 0 -1 3032.dat
1 8 -460 -16 140 -1 0 0 0 1 0 0 0 -1 3032.dat
1 8 -460 -16 60 -1 0 0 0 1 0 0 0 -1 3032.dat
1 8 -460 -16 220 -1 0 0 0 1 0 0 0 -1 3032.dat
1 8 -460 -16 300 -1 0 0 0 1 0 0 0 -1 3032.dat
1 8 -460 40 340 -1 0 0 0 1 0 0 0 -1 3032.dat
1 4 -460 32 310 1 0 0 0 1 0 0 0 1 2431.dat
1 4 -460 32 -10 1 0 0 0 1 0 0 0 1 2431.dat
1 4 -460 32 -330 1 0 0 0 1 0 0 0 1 2431.dat
1 4 -410 -192 -180 0 0 1 0 1 0 -1 0 0 2431.dat
1 4 -510 -192 -180 0 0 1 0 1 0 -1 0 0 2431.dat
1 4 -510 -344 -280 0 0 1 0 1 0 -1 0 0 6636.dat
1 4 -510 -128 60 0 0 1 0 1 0 -1 0 0 6636.dat
1 1 -510 -48 150 1 0 0 0 1 0 0 0 1 4523.dat
1 4 -360 -344 -330 1 0 0 0 1 0 0 0 1 6636.dat
1 4 -360 -344 -230 1 0 0 0 1 0 0 0 1 6636.dat
1 4 -240 -344 -230 1 0 0 0 1 0 0 0 1 6636.dat
1 4 -240 -344 -330 1 0 0 0 1 0 0 0 1 6636.dat
1 15 -420 -296 -320 0 0 1 0 1 0 -1 0 0 3022.dat
1 15 -500 -296 -320 0 0 1 0 1 0 -1 0 0 3022.dat
1 15 -460 -296 -330 1 0 0 0 1 0 0 0 1 3023.dat
1 7 -510 -24 -280 0 0 -1 0 1 0 1 0 0 3666.dat
1 7 -410 -24 -280 0 0 -1 0 1 0 1 0 0 3666.dat
1 7 -510 -152 -280 0 0 -1 0 1 0 1 0 0 3666.dat
1 7 -410 -152 -280 0 0 -1 0 1 0 1 0 0 3666.dat
1 15 -460 -24 -150 -1 0 0 0 1 0 0 0 -1 3023.dat
1 14 -410 -24 -40 0 0 1 0 1 0 -1 0 0 2412b.dat
1 7 -510 -320 -300 0 0 1 0 1 0 -1 0 0 2412b.dat
1 7 -460 -320 -330 1 0 0 0 1 0 0 0 1 2412b.dat
1 7 -380 -320 -330 1 0 0 0 1 0 0 0 1 2412b.dat
1 7 -340 -320 -330 1 0 0 0 1 0 0 0 1 2412b.dat
1 7 -260 -320 -330 1 0 0 0 1 0 0 0 1 2412b.dat
1 7 -220 -320 -330 1 0 0 0 1 0 0 0 1 2412b.dat
1 7 -260 -320 -230 1 0 0 0 1 0 0 0 1 2412b.dat
1 7 -220 -320 -230 1 0 0 0 1 0 0 0 1 2412b.dat
1 7 -340 -320 -230 1 0 0 0 1 0 0 0 1 2412b.dat
1 7 -380 -320 -230 1 0 0 0 1 0 0 0 1 2412b.dat
1 14 -410 -24 80 0 0 1 0 1 0 -1 0 0 2412b.dat
1 14 -410 -24 200 0 0 1 0 1 0 -1 0 0 2412b.dat
1 14 -410 -24 320 0 0 1 0 1 0 -1 0 0 2412b.dat
1 15 -510 -144 -280 0 0 1 0 1 0 -1 0 0 64448.dat
1 15 -410 -144 -280 0 0 -1 0 1 0 1 0 0 64448.dat
1 15 -510 -280 -280 0 0 1 0 1 0 -1 0 0 64448.dat
1 15 -410 -280 -280 0 0 -1 0 1 0 1 0 0 64448.dat
1 7 -460 -144 -150 -1 0 0 0 1 0 0 0 -1 2454.dat
1 8 -460 -160 -80 -1 0 0 0 1 0 0 0 -1 30134.dat
1 8 -460 -304 -240 -1 0 0 0 1 0 0 0 -1 30134.dat
1 7 -460 -160 -240 0 0 1 0 1 0 -1 0 0 3033.dat
1 15 -490 -336 -330 0 0 1 0 1 0 -1 0 0 3062b.dat
1 15 -410 -336 -230 0 0 1 0 1 0 -1 0 0 3062b.dat
1 15 -310 -336 -230 0 0 1 0 1 0 -1 0 0 3062b.dat
1 15 -290 -336 -230 0 0 1 0 1 0 -1 0 0 3062b.dat
1 15 -190 -336 -230 0 0 1 0 1 0 -1 0 0 3062b.dat
1 15 -310 -336 -330 0 0 1 0 1 0 -1 0 0 3062b.dat
1 15 -290 -336 -330 0 0 1 0 1 0 -1 0 0 3062b.dat
1 15 -510 -336 -230 0 0 1 0 1 0 -1 0 0 3062b.dat
1 15 -510 -336 -330 0 0 1 0 1 0 -1 0 0 3062b.dat
1 8 -300 -312 -280 1 0 0 0 1 0 0 0 1 3028.dat
1 15 -420 -24 260 1 0 0 0 1 0 0 0 1 3022.dat
1 4 -410 -48 250 0 0 1 0 1 0 -1 0 0 3665.dat
1 4 -410 -48 270 0 0 1 0 1 0 -1 0 0 3005.dat
1 15 -430 -56 250 0 0 1 0 1 0 -1 0 0 3070b.dat
1 15 -410 -56 260 0 0 1 0 1 0 -1 0 0 3023.dat
1 4 -410 -64 260 0 0 1 0 1 0 -1 0 0 3023.dat
1 4 -410 -88 270 0 0 1 0 1 0 -1 0 0 3005.dat
1 7 -410 -88 250 0 0 1 0 1 0 -1 0 0 3040p32.dat
1 7 -410 -88 250 0 0 1 0 1 0 -1 0 0 Unknown
1 47 -410 -136 260 0 0 1 0 1 0 -1 0 0 4864b.dat
1 4 -410 -144 260 0 0 1 0 1 0 -1 0 0 3069b.dat
1 7 -510 -40 60 0 0 1 0 1 0 -1 0 0 3009.dat
1 4 -510 -48 80 0 0 1 0 1 0 -1 0 0 3460.dat
1 4 -470.569 -104 239.683 0.438371 0 -0.898794 0 1 0 0.898794 0 0.438371 girl.ldr
1 4 -143.176 -104 306.08 0.891007 0 0.45399 0 1 0 -0.45399 0 0.891007 station_master.ldr
1 4 -292.633 -384 -264.933 -0.891007 0 -0.45399 0 1 0 0.45399 0 -0.891007 guy.ldr
1 4 -143.477 -204 -96.749 -0.951057 0 -0.309016 0 1 0 0.309016 0 -0.951057 guy2.ldr
1 4 -111.069 -20 467.187 -0.951057 0 -0.309016 0 1 0 0.309016 0 -0.951057 7937 Taxi.ldr
0
0 FILE girl.ldr
0 New Minifig Model
0 Name: girl.ldr
0 Author: MLCad
0 Unofficial Model
0 ROTATION CENTER 0 0 0 1 "Custom" 
0 ROTATION CONFIG 0 0
1 6 0 -24 0 1 0 0 0 1 0 0 0 1 6093a.dat
1 14 0 -24 0 1 0 0 0 1 0 0 0 1 3626bp01.dat
1 4 0 0 0 1 0 0 0 1 0 0 0 1 973.dat
1 15 0 32 0 1 0 0 0 1 0 0 0 1 970.dat
1 4 -15.552 9 0 0.985 -0.17 0 0.17 0.985 0 0 0 1 3818.dat
1 4 15.552 9 0 0.985 0.17 0 -0.17 0.985 0 0 0 1 3819.dat
1 14 -23.8634 26.5956 -10.321 0.985 -0.12019 0.12019 0.17 0.696395 -0.696395 0 0.707 0.707 3820.dat
1 14 23.8634 26.5956 -10.321 0.985 0.12019 -0.12019 -0.17 0.696395 -0.696395 0 0.707 0.707 3820.dat
1 6 -24.9451 32.8631 -16.684 -0.0874983 -0.14567 -0.985 0.506976 0.844031 -0.17 0.856884 -0.514696 0 4449.dat
1 15 0 44 0 1 0 0 0 1 0 0 0 1 3816.dat
1 15 0 44 0 1 0 0 0 0.642788 -0.766044 0 0.766044 0.642788 3817.dat
0
0 FILE station_master.ldr
0 New Minifig Model
0 Name: station_master.ldr
0 Author: MLCad
0 Unofficial Model
0 ROTATION CENTER 0 0 0 1 "Custom" 
0 ROTATION CONFIG 0 0
1 0 0 -24 0 1 0 0 0 1 0 0 0 1 3624.dat
1 14 0 -24 0 1 0 0 0 1 0 0 0 1 3626bp01.dat
1 1 0 0 0 1 0 0 0 1 0 0 0 1 973p84.dat
1 0 0 32 0 1 0 0 0 1 0 0 0 1 970.dat
1 1 -15.552 9 0 0.985 -0.17 0 0.17 0.985 0 0 0 1 3818.dat
1 1 15.552 9 0 0.985 0.085 0.147224 -0.17 0.4925 0.853035 0 -0.866025 0.5 3819.dat
1 14 -23.8634 26.5956 -10.321 0.985 -0.12019 0.12019 0.17 0.696395 -0.696395 0 0.707 0.707 3820.dat
1 14 20.7492 8.55162 -21.408 0.998557 0.00807329 0.0439926 -0.019092 0.966175 0.254898 -0.0404821 -0.255594 0.96578 3820.dat
1 15 19.6066 -29.7288 -31.5859 0.998557 0.0407191 -0.0184773 -0.019092 0.0134369 -0.998875 -0.0404821 0.99866 0.0142074 3900.dat
1 0 0 44 0 1 0 0 0 1 0 0 0 1 3816.dat
1 0 0 44 0 1 0 0 0 1 0 0 0 1 3817.dat
1 34 20 -32 -39 0.999391 0.0348995 0 0 0 -1 -0.0348995 0.999391 0 4073.dat
0
0 FILE guy.ldr
0 New Minifig Model
0 Name: guy.ldr
0 Author: MLCad
0 Unofficial Model
0 ROTATION CENTER 0 0 0 1 "Custom" 
0 ROTATION CONFIG 0 0
1 6 0 -24 0 1 0 0 0 1 0 0 0 1 3901.dat
1 14 0 -24 0 1 0 0 0 1 0 0 0 1 3626bp01.dat
1 0 0 0 0 1 0 0 0 1 0 0 0 1 973p03.dat
1 8 0 32 0 1 0 0 0 1 0 0 0 1 970.dat
1 15 -15.552 9 0 0.985 -0.17 0 0.17 0.985 0 0 0 1 3818.dat
1 15 15.552 9 0 0.985 0.17 0 -0.17 0.985 0 0 0 1 3819.dat
1 14 -23.8634 26.5956 -10.321 0.985 -0.12019 0.12019 0.17 0.696395 -0.696395 0 0.707 0.707 3820.dat
1 14 23.8634 26.5956 -10.321 0.985 0.12019 -0.12019 -0.17 0.696395 -0.696395 0 0.707 0.707 3820.dat
1 8 0 44 0 1 0 0 0 1 0 0 0 1 3816.dat
1 8 0 44 0 1 0 0 0 1 0 0 0 1 3817.dat
0 
0
0 FILE guy2.ldr
0 New Minifig Model
0 Name: guy2.ldr
0 Author: MLCad
0 Unofficial Model
0 ROTATION CENTER 0 0 0 1 "Custom" 
0 ROTATION CONFIG 0 0
1 25 0 -24 0 1 0 0 0 1 0 0 0 1 3901.dat
1 14 0 -24 0 1 0 0 0 1 0 0 0 1 3626bp01.dat
1 4 0 0 0 1 0 0 0 1 0 0 0 1 973.dat
1 9 0 32 0 1 0 0 0 1 0 0 0 1 970.dat
1 1 -15.552 9 0 0.985 -0.17 0 0.17 0.985 0 0 0 1 982.dat
1 1 15.552 9 0 0.985 0.17 0 -0.17 0.985 0 0 0 1 981.dat
1 14 -23.8634 26.5956 -10.321 0.985 -0.12019 0.12019 0.17 0.696395 -0.696395 0 0.707 0.707 3820.dat
1 14 23.8634 26.5956 -10.321 0.985 0.12019 -0.12019 -0.17 0.696395 -0.696395 0 0.707 0.707 3820.dat
1 9 0 44 0 1 0 0 0 1 0 0 0 1 3816.dat
1 9 0 44 0 1 0 0 0 0.5 -0.866025 0 0.866025 0.5 3817.dat
1 6 0 -0.981 -0.287 1 0 0 0 1 0 0 0 1 2524.dat
0 
0 
0
0 FILE 7937 Taxi.ldr
0 Untitled
0 Name: 7937 Taxi.ldr
0 Author: MLCad
0 Unofficial Model
0 ROTATION CENTER 0 0 0 1 "Custom" 
0 ROTATION CONFIG 0 0
1 72 -30 32 -10 -1 0 0 0 1 0 0 0 -1 52036.dat
1 15 -140 40 -10 0 0 1 0 1 0 -1 0 0 3023.dat
1 15 80 40 -10 0 0 -1 0 1 0 1 0 0 3023.dat
1 71 -110 32 -10 0 0 1 0 1 0 -1 0 0 6157.dat
1 71 50 32 -10 0 0 1 0 1 0 -1 0 0 6157.dat
1 15 -30 40 -10 1 0 0 0 1 0 0 0 1 3020.dat
1 14 -10 32 -10 1 0 0 0 1 0 0 0 1 3022.dat
1 72 80 8 -10 0 0 -1 0 1 0 1 0 0 52038.dat
1 71 96 20 -10 0 -1 0 0 0 -1 1 0 0 2412b.dat
1 36 80 20 20 0 -1 0 -1 0 0 0 0 -1 54200.dat
1 36 80 20 -40 0 -1 0 1 0 0 0 0 1 54200.dat
1 72 96 40 -10 0 -1 0 0 0 -1 1 0 0 2431.dat
1 72 -140 8 -10 0 0 1 0 1 0 -1 0 0 52038.dat
1 71 -160 20 -10 0 1 0 0 0 -1 -1 0 0 2412b.dat
1 47 -144 20 -40 0 1 0 -1 0 0 0 0 1 54200.dat
1 47 -144 20 20 0 1 0 1 0 0 0 0 -1 54200.dat
1 72 -152 40 -10 0 1 0 0 0 -1 -1 0 0 2431.dat
1 72 -110 8 10 -1 0 0 0 1 0 0 0 -1 50745.dat
1 72 -110 8 -30 1 0 0 0 1 0 0 0 1 50745.dat
1 72 50 8 -30 1 0 0 0 1 0 0 0 1 50745.dat
1 72 50 8 10 -1 0 0 0 1 0 0 0 -1 50745.dat
1 14 -30 8 20 0 0 1 0 1 0 -1 0 0 52501.dat
1 14 -30 8 -40 0 0 1 0 1 0 -1 0 0 52501.dat
1 72 -30 16 -40 1 0 0 0 1 0 0 0 1 3710.dat
1 72 -30 16 20 1 0 0 0 1 0 0 0 1 3710.dat
1 14 -30 8 20 1 0 0 0 1 0 0 0 1 3710.dat
1 14 -30 8 -40 1 0 0 0 1 0 0 0 1 3710.dat
1 1 -50 32 -10 0 0 1 0 1 0 -1 0 0 4079.dat
1 1 -80 24 -10 0 0 1 0 1 0 -1 0 0 3829c01.dat
1 14 40 -16 -10 0 0 -1 0 1 0 1 0 0 4865.dat
1 14 -10 -96 -20 1 0 0 0 1 0 0 0 1 4865.dat
1 14 -10 -96 0 -1 0 0 0 1 0 0 0 -1 4865.dat
1 14 10 -16 20 1 0 0 0 1 0 0 0 1 4865.dat
1 14 10 -16 -40 -1 0 0 0 1 0 0 0 -1 4865.dat
1 14 -50 -16 -40 -1 0 0 0 1 0 0 0 -1 30413.dat
1 14 -50 -16 20 1 0 0 0 1 0 0 0 1 30413.dat
1 14 -100 -16 -10 0 0 1 0 1 0 -1 0 0 3297.dat
1 14 60 0 -10 0 0 -1 0 1 0 1 0 0 3069b.dat
1 14 80 -16 -10 0 0 -1 0 1 0 1 0 0 3004.dat
1 14 60 -16 20 1 0 0 0 1 0 0 0 1 3622.dat
1 14 60 -16 -40 1 0 0 0 1 0 0 0 1 3622.dat
1 47 -80 -48 -10 0 0 1 0 1 0 -1 0 0 2437.dat
1 47 60 -48 -10 0 0 -1 0 1 0 1 0 0 2437.dat
1 14 -10 -48 -40 1 0 0 0 1 0 0 0 1 3710.dat
1 14 -10 -48 20 1 0 0 0 1 0 0 0 1 3710.dat
1 15 -20 -64 -10 0 0 1 0 1 0 -1 0 0 45677.dat
1 15 0 -64 -10 0 0 -1 0 1 0 1 0 0 45677.dat
1 14 -10 -72 -10 0 0 -1 0 1 0 1 0 0 3022.dat
1 15 -110 40 -40 1 0 0 0 1 0 0 0 1 6014.dat
1 15 50 40 -40 1 0 0 0 1 0 0 0 1 6014.dat
1 15 50 40 20 -1 0 0 0 1 0 0 0 -1 6014.dat
1 15 -110 40 20 -1 0 0 0 1 0 0 0 -1 6014.dat
1 0 -110 40 30 -1 0 0 0 1 0 0 0 -1 60700.dat
1 0 -110 40 -50 -1 0 0 0 1 0 0 0 -1 60700.dat
1 0 50 40 -50 -1 0 0 0 1 0 0 0 -1 60700.dat
1 0 50 40 30 -1 0 0 0 1 0 0 0 -1 60700.dat
0 
0
0
