0 FILE Hoth Rebel Battle Pack.ldr
0 Hoth Rebel Battle Pack
0 Name: Hoth Rebel Battle Pack.ldr
0 Author: LDraw
0 Unofficial Model
0 ROTATION CENTER 0 0 0 1 "Custom" 
0 ROTATION CONFIG 0 0
1 0 -370 0 200 0 0 1 0 1 0 -1 0 0 Rebel 1.ldr
1 0 -340 0 110 0 0 1 0 1 0 -1 0 0 Rebel 2.ldr
1 0 -330 0 0 0 0 1 0 1 0 -1 0 0 Rebel 3.ldr
1 0 -290 0 -90 0 0 1 0 1 0 -1 0 0 Rebel Pilot.ldr
1 0 -150 24 220 0 0 1 0 1 0 -1 0 0 Part 1.ldr
0
0 FILE Rebel 1.ldr
0 Rebel 1
0 Name: Rebel 1.ldr
0 Author: LDraw
0 Unofficial Model
0 ROTATION CENTER 0 0 0 1 "Custom" 
0 ROTATION CONFIG 0 0
1 19 0 -26 0 1 0 0 0 1 0 0 0 1 4485.dat
1 78 0 -26 0 1 0 0 0 1 0 0 0 1 3626bp01.dat
1 19 0 0 0 1 0 0 0 1 0 0 0 1 973.dat
1 15 0 0 0 1 0 0 0 1 0 0 0 1 2524.dat
1 28 0 32 0 1 0 0 0 1 0 0 0 1 3815.dat
1 19 -15.552 9 0 0.985 -0.17 0 0.17 0.985 0 0 0 1 3818.dat
1 19 15.552 9 0 0.985 0.17 0 -0.17 0.985 0 0 0 1 3819.dat
1 15 -23.8634 26.5956 -10.321 0.985 -0.12019 0.12019 0.17 0.696395 -0.696395 0 0.707 0.707 3820.dat
1 15 23.8634 26.5956 -10.321 0.985 0.12019 -0.12019 -0.17 0.696395 -0.696395 0 0.707 0.707 3820.dat
1 0 -23.1951 22.7236 -33.8217 0.985 -0.0874983 0.14567 0.17 0.506976 -0.844031 0 0.856884 0.514696 57899.dat
1 28 0 44 0 1 0 0 0 1 0 0 0 1 3816.dat
1 28 0 44 0 1 0 0 0 1 0 0 0 1 3817.dat
0
0 FILE Rebel 2.ldr
0 Rebel 2
0 Name: Rebel 2.ldr
0 Author: LDraw
0 Unofficial Model
0 ROTATION CENTER 0 0 0 1 "Custom" 
0 ROTATION CONFIG 0 0
1 19 0 -26 0 1 0 0 0 1 0 0 0 1 4485.dat
1 78 0 -26 0 1 0 0 0 1 0 0 0 1 3626bp01.dat
1 19 0 0 0 1 0 0 0 1 0 0 0 1 973.dat
1 15 0 0 0 1 0 0 0 1 0 0 0 1 2524.dat
1 28 0 32 0 1 0 0 0 1 0 0 0 1 3815.dat
1 19 -15.552 9 0 0.985 -0.17 0 0.17 0.985 0 0 0 1 3818.dat
1 19 15.552 9 0 0.985 0.17 0 -0.17 0.985 0 0 0 1 3819.dat
1 15 -23.8634 26.5956 -10.321 0.985 -0.12019 0.12019 0.17 0.696395 -0.696395 0 0.707 0.707 3820.dat
1 15 23.8634 26.5956 -10.321 0.985 0.12019 -0.12019 -0.17 0.696395 -0.696395 0 0.707 0.707 3820.dat
1 28 0 44 0 1 0 0 0 1 0 0 0 1 3816.dat
1 28 0 44 0 1 0 0 0 1 0 0 0 1 3817.dat
0
0 FILE Rebel 3.ldr
0 Rebel 3
0 Name: Rebel 3.ldr
0 Author: LDraw
0 Unofficial Model
0 ROTATION CENTER 0 0 0 1 "Custom" 
0 ROTATION CONFIG 0 0
1 19 0 -26 0 1 0 0 0 1 0 0 0 1 4485.dat
1 78 0 -26 0 1 0 0 0 1 0 0 0 1 3626bp01.dat
1 19 0 0 0 1 0 0 0 1 0 0 0 1 973.dat
1 15 0 0 0 1 0 0 0 1 0 0 0 1 2524.dat
1 71 0 32 0 1 0 0 0 1 0 0 0 1 3815.dat
1 71 -15.552 9 0 0.985 -0.17 0 0.17 0.985 0 0 0 1 3818.dat
1 71 15.552 9 0 0.985 0.17 0 -0.17 0.985 0 0 0 1 3819.dat
1 15 -23.8634 26.5956 -10.321 0.985 -0.12019 0.12019 0.17 0.696395 -0.696395 0 0.707 0.707 3820.dat
1 15 23.8634 26.5956 -10.321 0.985 0.12019 -0.12019 -0.17 0.696395 -0.696395 0 0.707 0.707 3820.dat
1 15 0 44 0 1 0 0 0 1 0 0 0 1 3816.dat
1 15 0 44 0 1 0 0 0 1 0 0 0 1 3817.dat
1 0 -24.6826 31.3422 -19.2547 0.985 -0.0874983 0.14567 0.17 0.506976 -0.844031 0 0.856884 0.514696 58247.dat
0
0 FILE Rebel Pilot.ldr
0 Rebel Pilot
0 Name: Rebel Pilot.ldr
0 Author: LDraw
0 Unofficial Model
0 ROTATION CENTER 0 0 0 1 "Custom" 
0 ROTATION CONFIG 0 0
1 15 0 -24 0 1 0 0 0 1 0 0 0 1 30370.dat
1 78 0 -24 0 1 0 0 0 1 0 0 0 1 3626bp01.dat
1 25 0 0 0 1 0 0 0 1 0 0 0 1 973pr8.dat
1 72 0 32 0 1 0 0 0 1 0 0 0 1 3815.dat
1 25 -15.552 9 0 0.985 -0.17 0 0.17 0.985 0 0 0 1 3818.dat
1 25 15.552 9 0 0.985 0.17 0 -0.17 0.985 0 0 0 1 3819.dat
1 0 -23.8634 26.5956 -10.321 0.985 -0.12019 0.12019 0.17 0.696395 -0.696395 0 0.707 0.707 3820.dat
1 0 23.8634 26.5956 -10.321 0.985 0.12019 -0.12019 -0.17 0.696395 -0.696395 0 0.707 0.707 3820.dat
1 0 -24.6826 31.3422 -19.2547 0.985 -0.0874983 0.14567 0.17 0.506976 -0.844031 0 0.856884 0.514696 58247.dat
1 25 0 44 0 1 0 0 0 1 0 0 0 1 3816.dat
1 25 0 44 0 1 0 0 0 1 0 0 0 1 3817.dat
0
0 FILE Part 1.ldr
0 Part 1
0 Name: Part 1.ldr
0 Author: LDraw
0 Unofficial Model
0 ROTATION CENTER 0 0 0 1 "Custom" 
0 ROTATION CONFIG 0 0
1 72 20 32 0 1 0 0 0 1 0 0 0 1 3030.dat
1 71 -10 8 0 0 0 1 0 1 0 -1 0 0 30363.dat
1 71 100 8 0 1 0 0 0 1 0 0 0 1 3006.dat
1 72 140 0 0 1 0 0 0 1 0 0 0 1 3022.dat
1 72 100 -48 -30 1 0 0 0 1 0 0 0 1 2412b.dat
1 72 100 -48 30 1 0 0 0 1 0 0 0 1 2412b.dat
1 72 70 -48 0 0 0 -1 0 1 0 1 0 0 2431.dat
1 72 40 -8 0 0 0 -1 0 1 0 1 0 0 61780.dat
1 72 0 -48 0 0 0 1 0 1 0 -1 0 0 43719.dat
1 15 100 -48 0 0 0 1 0 1 0 -1 0 0 3680.dat
1 15 103.827 -80 9.239 0.382683 0 -0.92388 0 1 0 0.92388 0 0.382683 Part 2.ldr
1 0 100 -40 0 1 0 0 0 1 0 0 0 1 3940.dat
1 72 180 0 0 0 0 1 0 1 0 -1 0 0 4079.dat
1 71 30 -16 40 0 0 1 0 1 0 -1 0 0 32000.dat
1 71 30 -16 -40 0 0 1 0 1 0 -1 0 0 32000.dat
1 71 20 -6 -50 -1 0 0 0 1 0 0 0 -1 61184.dat
1 71 20 -6 50 -1 0 0 0 1 0 0 0 -1 61184.dat
1 71 70 -16 30 1 0 0 0 1 0 0 0 1 3622.dat
1 71 70 -16 -30 1 0 0 0 1 0 0 0 1 3622.dat
1 71 110 -16 -30 0 0 -1 0 1 0 1 0 0 87087.dat
1 71 110 -16 30 0 0 -1 0 1 0 1 0 0 87087.dat
1 36 128 -6 30 0 -1 0 0 0 -1 1 0 0 4073.dat
1 19 40 0 0 -1 0 0 0 1 0 0 0 -1 3068b.dat
1 15 -10 8 -30 0 0 1 0 1 0 -1 0 0 43710.dat
1 15 -10 8 30 0 0 1 0 1 0 -1 0 0 43711.dat
1 15 30 8 -30 1 0 0 0 1 0 0 0 1 3038.dat
1 15 30 8 30 -1 0 0 0 1 0 0 0 -1 3038.dat
1 15 90 8 -30 1 0 0 0 1 0 0 0 1 3038.dat
1 15 100 -40 -30 -1 0 0 0 1 0 0 0 -1 2877.dat
1 15 40 -40 -30 -1 0 0 0 1 0 0 0 -1 2877.dat
1 15 100 -40 30 -1 0 0 0 1 0 0 0 -1 2877.dat
1 15 40 -40 30 -1 0 0 0 1 0 0 0 -1 2877.dat
1 15 70 -40 0 0 0 1 0 1 0 -1 0 0 3010.dat
1 15 30 -16 50 -1 0 0 0 1 0 0 0 -1 54200.dat
1 15 30 -16 -50 1 0 0 0 1 0 0 0 1 54200.dat
1 15 -4 -6 -50 0 1 0 -1 0 0 0 0 1 4589.dat
1 15 -4 -6 50 0 1 0 -1 0 0 0 0 1 4589.dat
1 15 90 8 30 -1 0 0 0 1 0 0 0 -1 3038.dat
1 15 -60 40 0 -1 0 0 0 1 0 0 0 -1 2654.dat
1 15 100 40 20 -1 0 0 0 1 0 0 0 -1 2654.dat
1 15 100 40 -20 -1 0 0 0 1 0 0 0 -1 2654.dat
1 71 10 -16 -10 0 0 1 0 1 0 -1 0 0 3063b.dat
1 71 10 -16 10 -1 0 0 0 1 0 0 0 -1 3063b.dat
1 15 10 -40 -10 0 0 1 0 1 0 -1 0 0 3063b.dat
1 15 10 -40 10 -1 0 0 0 1 0 0 0 -1 3063b.dat
0
0 FILE Part 2.ldr
0 Part 2
0 Name: Part 2.ldr
0 Author: LDraw
0 Unofficial Model
0 ROTATION CENTER 0 0 0 1 "Custom" 
0 ROTATION CONFIG 0 0
1 71 -10 32 0 1 0 0 0 1 0 0 0 1 3679.dat
1 71 -10 16 -10 1 0 0 0 1 0 0 0 1 3839b.dat
1 71 -10 0 10 -1 0 0 0 1 0 0 0 -1 3937.dat
1 71 -20 -16.788 74.672 0 -1 0 -0.382683 0 -0.92388 0.92388 0 -0.382683 61184.dat
1 71 0 -16.788 74.672 0 -1 0 -0.382683 0 -0.92388 0.92388 0 -0.382683 61184.dat
1 15 -10 6.173 19.239 -1 0 0 0 0.382683 -0.92388 0 -0.92388 -0.382683 3938.dat
1 15 -20 16 -10 1 0 0 0 1 0 0 0 1 54200.dat
1 15 0 16 -10 1 0 0 0 1 0 0 0 1 54200.dat
1 19 -10 24 0 1 0 0 0 1 0 0 0 1 4032b.dat
0
0
