0 ROTATION CENTER 0 0 0 1 "Custom" 
0 ROTATION CONFIG 0 0
1 14 0 0 0 0 -1 0 0 0 -1 1 0 0 2825.dat
1 0 10 0 0 1 0 0 0 0 -1 0 1 0 3707.dat
1 14 20 0 0 0 1 0 0 0 -1 -1 0 0 2825.dat
1 0 -20 -10 40 0 0 1 0 1 0 -1 0 0 3894.dat
1 0 40 -10 40 0 0 1 0 1 0 -1 0 0 3894.dat
1 0 10 0 40 1 0 0 0 1 0 0 0 1 3737.dat
1 7 0 0 40 0 0 -1 0 1 0 1 0 0 3713.dat
1 7 20 0 40 0 0 -1 0 1 0 1 0 0 3713.dat
1 0 10 -60 0 -1 0 0 0 0 -1 0 -1 0 4519.dat
1 0 10 -34 70 1 0 0 0 1 0 0 0 1 3701.dat
1 0 -10 -24 80 0 0 1 0 1 0 -1 0 0 2780.dat
1 0 30 -24 80 0 0 1 0 1 0 -1 0 0 2780.dat
1 0 60 -10 -40 0 0 1 0 1 0 -1 0 0 2730.dat
1 0 -40 -10 -40 0 0 1 0 1 0 -1 0 0 2730.dat
1 0 50 0 -100 -1 0 0 0 1 0 0 0 -1 2780.dat
1 0 50 0 -120 -1 0 0 0 1 0 0 0 -1 2780.dat
1 0 40 -10 -160 0 0 1 0 1 0 -1 0 0 3702.dat
1 0 -30 0 -100 -1 0 0 0 1 0 0 0 -1 2780.dat
1 0 -30 0 -120 -1 0 0 0 1 0 0 0 -1 2780.dat
1 0 -20 -10 -160 0 0 1 0 1 0 -1 0 0 3702.dat
1 7 80 0 40 0 0 -1 0 1 0 1 0 0 3713.dat
1 7 -60 0 40 0 0 -1 0 1 0 1 0 0 3713.dat
1 0 10 0 -220 -1 0 0 0 0.438371 -0.898794 0 -0.898794 -0.438371 3706.dat
1 7 0 0 -220 -1 0 0 0 -0.898794 -0.438371 0 -0.438371 0.898794 6536.dat
1 7 20 0 -220 -1 0 0 0 -0.898794 -0.438371 0 -0.438371 0.898794 6536.dat
1 0 10 -34 50 1 0 0 0 1 0 0 0 1 3701.dat
1 7 10 14 -240 1 0 0 0 1 0 0 0 1 3709b.dat
1 0 0 -10 -250 -1 0 0 0 1 0 0 0 -1 4070.dat
1 0 20 -10 -250 -1 0 0 0 1 0 0 0 -1 4070.dat
1 7 55 0 -220 0 0 1 0.438371 0.898794 0 -0.898794 0.438371 0 4265a.dat
1 7 -35 0 -220 0 0 -1 -0.438371 0.898794 0 0.898794 0.438371 0 4265a.dat
1 0 10 -18 -130 1 0 0 0 1 0 0 0 1 3710.dat
1 7 40 14 -210 1 0 0 0 1 0 0 0 1 3024.dat
1 7 -20 14 -210 1 0 0 0 1 0 0 0 1 3024.dat
1 0 10 14 -190 1 0 0 0 1 0 0 0 1 4442.dat
1 7 10 14 70 1 0 0 0 1 0 0 0 1 3710.dat
1 7 0 -22.36 -219.78 0 0 -1 -0.438371 0.898794 0 0.898794 0.438371 0 4274.dat
1 7 20 -22.36 -219.78 0 0 -1 -0.438371 0.898794 0 0.898794 0.438371 0 4274.dat
0 MLCAD FLEXHOSE 14 0 0.7 0 1 0 0 0 1 0 0 0 1  20 -22.4 -220  0 80 -100 8 -40 2 -150 0 0 350 LS51.dat LS51.dat 0
0 MLCAD SKIP_BEGIN
1 14 20 -21.7 -220 -0.999996 -0.00224896 -0.00179166 0 0.623101 -0.782141 0.00287539 -0.782138 -0.623098 LS51.dat
1 14 20.0018 -22.1995 -219.373 -0.999963 -0.00675012 -0.00533245 0 0.619889 -0.78469 0.00860228 -0.784661 -0.619866 LS51.dat
1 14 20.0072 -22.6969 -218.743 -0.999898 -0.0112564 -0.00881708 0 0.616642 -0.787244 0.0142985 -0.787163 -0.616579 LS51.dat
1 14 20.0163 -23.192 -218.111 -0.999801 -0.015767 -0.0122447 0 0.613361 -0.789803 0.0199633 -0.789645 -0.613239 LS51.dat
1 14 20.0289 -23.6849 -217.477 -0.999672 -0.020281 -0.0156145 0 0.610047 -0.792365 0.0255956 -0.792106 -0.609847 LS51.dat
1 14 20.0452 -24.1755 -216.84 -0.999513 -0.0247975 -0.0189257 0 0.6067 -0.794931 0.0311945 -0.794544 -0.606405 LS51.dat
1 14 20.0652 -24.6637 -216.2 -0.999324 -0.0293156 -0.0221777 0 0.60332 -0.797499 0.0367594 -0.79696 -0.602912 LS51.dat
1 14 20.0888 -25.1495 -215.559 -0.999105 -0.0338344 -0.0253697 0 0.599908 -0.800069 0.0422893 -0.799353 -0.599371 LS51.dat
1 14 20.1161 -25.6329 -214.915 -0.998858 -0.0383529 -0.0285011 0 0.596464 -0.80264 0.0477835 -0.801723 -0.595783 LS51.dat
1 14 20.147 -26.1138 -214.268 -0.998582 -0.0428704 -0.0315714 0 0.592989 -0.805211 0.0532412 -0.804068 -0.592148 LS51.dat
1 14 20.1816 -26.5921 -213.62 -0.998278 -0.0473858 -0.0345801 0 0.589483 -0.807781 0.0586617 -0.80639 -0.588468 LS51.dat
1 14 20.2198 -27.0679 -212.969 -0.997947 -0.0518983 -0.0375266 0 0.585947 -0.810349 0.0640443 -0.808686 -0.584744 LS51.dat
1 14 20.2617 -27.5411 -212.316 -0.99759 -0.0564069 -0.0404105 0 0.582381 -0.812916 0.0693883 -0.810957 -0.580977 LS51.dat
1 14 20.3073 -28.0116 -211.661 -0.997207 -0.0609108 -0.0432314 0 0.578786 -0.81548 0.0746932 -0.813202 -0.577169 LS51.dat
1 14 20.3565 -28.4794 -211.003 -0.996798 -0.065409 -0.045989 0 0.575162 -0.818039 0.0799583 -0.81542 -0.573321 LS51.dat
1 14 20.4094 -28.9445 -210.344 -0.996365 -0.0699007 -0.0486829 0 0.57151 -0.820595 0.085183 -0.817612 -0.569433 LS51.dat
1 14 20.466 -29.4069 -209.682 -0.995909 -0.0743849 -0.051313 0 0.567831 -0.823145 0.0903667 -0.819777 -0.565508 LS51.dat
1 14 20.5262 -29.8664 -209.019 -0.995429 -0.0788608 -0.053879 0 0.564125 -0.82569 0.0955091 -0.821915 -0.561546 LS51.dat
1 14 20.59 -30.3231 -208.354 -0.994926 -0.0833275 -0.0563808 0 0.560392 -0.828227 0.100609 -0.824025 -0.557549 LS51.dat
1 14 20.6575 -30.7769 -207.686 -0.994402 -0.0877841 -0.0588181 0 0.556634 -0.830758 0.105667 -0.826107 -0.553518 LS51.dat
1 14 20.7286 -31.2278 -207.017 -0.993856 -0.0922297 -0.061191 0 0.552851 -0.83328 0.110683 -0.82816 -0.549454 LS51.dat
1 14 20.8033 -31.6758 -206.346 -0.993289 -0.0966635 -0.0634994 0 0.549043 -0.835794 0.115655 -0.830185 -0.545359 LS51.dat
1 14 20.8817 -32.1208 -205.673 -0.992703 -0.101085 -0.0657433 0 0.545212 -0.838298 0.120583 -0.832181 -0.541234 LS51.dat
1 14 20.9636 -32.5628 -204.999 -0.992098 -0.105492 -0.0679228 0 0.541357 -0.840793 0.125468 -0.834148 -0.53708 LS51.dat
1 14 21.0492 -33.0017 -204.322 -0.991474 -0.109885 -0.0700379 0 0.537481 -0.843276 0.130308 -0.836086 -0.532898 LS51.dat
1 14 21.1383 -33.4376 -203.644 -0.990832 -0.114263 -0.0720887 0 0.533582 -0.845748 0.135103 -0.837994 -0.52869 LS51.dat
1 14 21.231 -33.8705 -202.964 -0.990172 -0.118625 -0.0740755 0 0.529663 -0.848208 0.139854 -0.839872 -0.524457 LS51.dat
1 14 21.3272 -34.3002 -202.283 -0.989496 -0.122971 -0.0759984 0 0.525723 -0.850656 0.14456 -0.841721 -0.520201 LS51.dat
1 14 21.427 -34.7268 -201.6 -0.988804 -0.127298 -0.0778577 0 0.521763 -0.85309 0.14922 -0.843539 -0.515922 LS51.dat
1 14 21.5303 -35.1502 -200.915 -0.988097 -0.131608 -0.0796535 0 0.517785 -0.855511 0.153835 -0.845327 -0.511622 LS51.dat
1 14 21.6371 -35.5705 -200.229 -0.987374 -0.135898 -0.0813863 0 0.513788 -0.857917 0.158404 -0.847085 -0.507301 LS51.dat
1 14 21.7474 -35.9875 -199.542 -0.986638 -0.140168 -0.0830564 0 0.509774 -0.860308 0.162928 -0.848813 -0.502963 LS51.dat
1 14 21.8612 -36.4014 -198.853 -0.985888 -0.144418 -0.0846641 0 0.505743 -0.862684 0.167405 -0.85051 -0.498606 LS51.dat
1 14 21.9785 -36.812 -198.162 -0.985125 -0.148646 -0.0862098 0 0.501696 -0.865044 0.171837 -0.852177 -0.494233 LS51.dat
1 14 22.0992 -37.2193 -197.47 -0.98435 -0.152853 -0.087694 0 0.497633 -0.867387 0.176222 -0.853813 -0.489846 LS51.dat
1 14 22.2233 -37.6234 -196.777 -0.983564 -0.157037 -0.0891171 0 0.493556 -0.869714 0.180561 -0.855419 -0.485444 LS51.dat
1 14 22.3508 -38.0241 -196.082 -0.982766 -0.161197 -0.0904796 0 0.489465 -0.872023 0.184854 -0.856995 -0.481029 LS51.dat
1 14 22.4817 -38.4216 -195.386 -0.981958 -0.165334 -0.091782 0 0.48536 -0.874314 0.189101 -0.85854 -0.476603 LS51.dat
1 14 22.6159 -38.8157 -194.689 -0.981139 -0.169445 -0.0930249 0 0.481243 -0.876587 0.193301 -0.860054 -0.472167 LS51.dat
1 14 22.7535 -39.2065 -193.991 -0.980312 -0.173532 -0.0942088 0 0.477114 -0.878841 0.197455 -0.861539 -0.46772 LS51.dat
1 14 22.8944 -39.5939 -193.291 -0.979475 -0.177593 -0.0953342 0 0.472974 -0.881077 0.201563 -0.862993 -0.463266 LS51.dat
1 14 23.0387 -39.978 -192.591 -0.978631 -0.181627 -0.0964018 0 0.468823 -0.883292 0.205625 -0.864417 -0.458805 LS51.dat
1 14 23.1861 -40.3587 -191.889 -0.977778 -0.185634 -0.0974122 0 0.464662 -0.885488 0.209641 -0.865811 -0.454337 LS51.dat
1 14 23.3369 -40.736 -191.186 -0.976919 -0.189614 -0.0983661 0 0.460493 -0.887664 0.213611 -0.867175 -0.449864 LS51.dat
1 14 23.4909 -41.11 -190.481 -0.976053 -0.193566 -0.099264 0 0.456314 -0.889819 0.217534 -0.86851 -0.445387 LS51.dat
1 14 23.648 -41.4805 -189.776 -0.97518 -0.197489 -0.100107 0 0.452128 -0.891953 0.221412 -0.869815 -0.440907 LS51.dat
1 14 23.8084 -41.8476 -189.07 -0.974302 -0.201383 -0.100895 0 0.447935 -0.894066 0.225244 -0.871091 -0.436424 LS51.dat
1 14 23.9719 -42.2113 -188.363 -0.973419 -0.205248 -0.101629 0 0.443736 -0.896158 0.229031 -0.872337 -0.431941 LS51.dat
1 14 24.1385 -42.5716 -187.654 -0.972531 -0.209082 -0.10231 0 0.43953 -0.898228 0.232772 -0.873555 -0.427457 LS51.dat
1 14 24.3083 -42.9284 -186.945 -0.971639 -0.212887 -0.102939 0 0.435319 -0.900276 0.236468 -0.874744 -0.422973 LS51.dat
1 14 24.4811 -43.2818 -186.235 -0.970743 -0.21666 -0.103516 0 0.431104 -0.902302 0.240119 -0.875904 -0.418492 LS51.dat
1 14 24.657 -43.6318 -185.524 -0.969844 -0.220402 -0.104042 0 0.426885 -0.904306 0.243725 -0.877036 -0.414012 LS51.dat
1 14 24.8359 -43.9783 -184.812 -0.968943 -0.224112 -0.104518 0 0.422662 -0.906287 0.247286 -0.87814 -0.409536 LS51.dat
1 14 25.0179 -44.3214 -184.099 -0.968038 -0.22779 -0.104945 0 0.418437 -0.908246 0.250803 -0.879217 -0.405063 LS51.dat
1 14 25.2028 -44.6611 -183.385 -0.967132 -0.231436 -0.105323 0 0.41421 -0.910181 0.254275 -0.880266 -0.400595 LS51.dat
1 14 25.3906 -44.9973 -182.671 -0.966224 -0.235049 -0.105653 0 0.409981 -0.912094 0.257703 -0.881287 -0.396133 LS51.dat
1 14 25.5814 -45.3301 -181.956 -0.965315 -0.23863 -0.105936 0 0.405751 -0.913984 0.261087 -0.882282 -0.391677 LS51.dat
1 14 25.7751 -45.6594 -181.239 -0.964405 -0.242176 -0.106173 0 0.40152 -0.91585 0.264428 -0.883251 -0.387228 LS51.dat
1 14 25.9716 -45.9853 -180.523 -0.963495 -0.245689 -0.106364 0 0.39729 -0.917693 0.267725 -0.884193 -0.382787 LS51.dat
1 14 26.171 -46.3077 -179.805 -0.962585 -0.249169 -0.106511 0 0.39306 -0.919513 0.270979 -0.88511 -0.378354 LS51.dat
1 14 26.3733 -46.6267 -179.087 -0.961676 -0.252614 -0.106614 0 0.388831 -0.921309 0.27419 -0.886 -0.373929 LS51.dat
1 14 26.5783 -46.9423 -178.368 -0.960767 -0.256024 -0.106673 0 0.384604 -0.923082 0.277358 -0.886866 -0.369515 LS51.dat
1 14 26.7861 -47.2544 -177.648 -0.959859 -0.2594 -0.10669 0 0.380379 -0.924831 0.280484 -0.887707 -0.36511 LS51.dat
1 14 26.9966 -47.5631 -176.927 -0.958952 -0.262741 -0.106666 0 0.376157 -0.926556 0.283567 -0.888523 -0.360716 LS51.dat
1 14 27.2098 -47.8684 -176.206 -0.958048 -0.266047 -0.106601 0 0.371938 -0.928258 0.286609 -0.889315 -0.356334 LS51.dat
1 14 27.4257 -48.1702 -175.485 -0.957145 -0.269318 -0.106496 0 0.367722 -0.929936 0.289609 -0.890083 -0.351963 LS51.dat
1 14 27.6443 -48.4687 -174.762 -0.956245 -0.272553 -0.106351 0 0.36351 -0.93159 0.292567 -0.890828 -0.347605 LS51.dat
1 14 27.8655 -48.7637 -174.039 -0.955347 -0.275753 -0.106168 0 0.359303 -0.933221 0.295485 -0.89155 -0.343259 LS51.dat
1 14 28.0893 -49.0553 -173.316 -0.954453 -0.278916 -0.105948 0 0.3551 -0.934828 0.298361 -0.89225 -0.338927 LS51.dat
1 14 28.3157 -49.3435 -172.591 -0.953562 -0.282044 -0.105691 0 0.350903 -0.936412 0.301197 -0.892927 -0.334608 LS51.dat
1 14 28.5446 -49.6283 -171.867 -0.952674 -0.285136 -0.105398 0 0.346712 -0.937972 0.303992 -0.893582 -0.330303 LS51.dat
1 14 28.776 -49.9098 -171.141 -0.951791 -0.288192 -0.105069 0 0.342526 -0.939508 0.306748 -0.894215 -0.326013 LS51.dat
1 14 29.01 -50.1878 -170.416 -0.950911 -0.291211 -0.104706 0 0.338347 -0.941021 0.309463 -0.894828 -0.321738 LS51.dat
1 14 29.2464 -50.4625 -169.689 -0.950036 -0.294195 -0.104309 0 0.334175 -0.942511 0.312139 -0.89542 -0.317478 LS51.dat
1 14 29.4852 -50.7338 -168.962 -0.949166 -0.297141 -0.103879 0 0.330009 -0.943978 0.314776 -0.895992 -0.313234 LS51.dat
1 14 29.7265 -51.0017 -168.235 -0.948301 -0.300052 -0.103417 0 0.325851 -0.945421 0.317373 -0.896543 -0.309005 LS51.dat
1 14 29.9701 -51.2663 -167.507 -0.94744 -0.302925 -0.102923 0 0.321701 -0.946841 0.319932 -0.897076 -0.304793 LS51.dat
1 14 30.2162 -51.5276 -166.778 -0.946586 -0.305762 -0.102398 0 0.317559 -0.948238 0.322453 -0.897589 -0.300597 LS51.dat
1 14 30.4645 -51.7855 -166.049 -0.945736 -0.308562 -0.101843 0 0.313425 -0.949613 0.324935 -0.898083 -0.296418 LS51.dat
1 14 30.7152 -52.0401 -165.319 -0.944893 -0.311326 -0.101258 0 0.3093 -0.950964 0.327379 -0.89856 -0.292256 LS51.dat
1 14 30.9681 -52.2914 -164.589 -0.944056 -0.314053 -0.100645 0 0.305184 -0.952293 0.329786 -0.899018 -0.288111 LS51.dat
1 14 31.2233 -52.5394 -163.859 -0.943225 -0.316743 -0.100004 0 0.301077 -0.9536 0.332155 -0.899459 -0.283983 LS51.dat
1 14 31.4807 -52.7841 -163.128 -0.9424 -0.319396 -0.0993355 0 0.296979 -0.954884 0.334487 -0.899883 -0.279873 LS51.dat
1 14 31.7403 -53.0255 -162.396 -0.941583 -0.322012 -0.0986403 0 0.292891 -0.956146 0.336782 -0.90029 -0.275781 LS51.dat
1 14 32.0022 -53.2636 -161.664 -0.940772 -0.324592 -0.097919 0 0.288813 -0.957386 0.33904 -0.900682 -0.271707 LS51.dat
1 14 32.2661 -53.4985 -160.932 -0.939968 -0.327135 -0.0971723 0 0.284744 -0.958603 0.341262 -0.901057 -0.267651 LS51.dat
1 14 32.5322 -53.7301 -160.199 -0.939172 -0.32964 -0.0964009 0 0.280686 -0.9598 0.343447 -0.901417 -0.263613 LS51.dat
1 14 32.8004 -53.9585 -159.466 -0.938383 -0.332109 -0.0956054 0 0.276639 -0.960974 0.345597 -0.901762 -0.259593 LS51.dat
1 14 33.0706 -54.1836 -158.732 -0.937602 -0.334541 -0.0947864 0 0.272602 -0.962127 0.34771 -0.902092 -0.255592 LS51.dat
1 14 33.3429 -54.4055 -157.998 -0.936829 -0.336937 -0.0939446 0 0.268576 -0.963259 0.349788 -0.902408 -0.251609 LS51.dat
1 14 33.6173 -54.6242 -157.263 -0.936063 -0.339295 -0.0930806 0 0.26456 -0.964369 0.351831 -0.902711 -0.247645 LS51.dat
1 14 33.8936 -54.8396 -156.528 -0.935306 -0.341617 -0.0921949 0 0.260556 -0.965459 0.353839 -0.903 -0.2437 LS51.dat
1 14 34.1719 -55.0519 -155.792 -0.934558 -0.343902 -0.0912882 0 0.256563 -0.966528 0.355812 -0.903276 -0.239773 LS51.dat
1 14 34.4522 -55.261 -155.056 -0.933817 -0.34615 -0.090361 0 0.252581 -0.967576 0.35775 -0.903539 -0.235865 LS51.dat
1 14 34.7344 -55.4669 -154.319 -0.933086 -0.348362 -0.0894139 0 0.248611 -0.968603 0.359654 -0.90379 -0.231976 LS51.dat
1 14 35.0185 -55.6696 -153.582 -0.932363 -0.350537 -0.0884475 0 0.244652 -0.969611 0.361523 -0.904029 -0.228105 LS51.dat
1 14 35.3045 -55.8692 -152.845 -0.93165 -0.352675 -0.0874623 0 0.240705 -0.970598 0.363358 -0.904257 -0.224253 LS51.dat
1 14 35.5923 -56.0657 -152.107 -0.930945 -0.354776 -0.0864588 0 0.23677 -0.971566 0.365159 -0.904474 -0.22042 LS51.dat
1 14 35.8819 -56.259 -151.368 -0.93025 -0.356841 -0.0854376 0 0.232846 -0.972514 0.366927 -0.90468 -0.216605 LS51.dat
1 14 36.1734 -56.4492 -150.629 -0.929564 -0.35887 -0.0843993 0 0.228935 -0.973442 0.368661 -0.904876 -0.21281 LS51.dat
1 14 36.4667 -56.6363 -149.89 -0.928888 -0.360862 -0.0833442 0 0.225035 -0.974351 0.370361 -0.905062 -0.209032 LS51.dat
1 14 36.7617 -56.8202 -149.15 -0.928221 -0.362817 -0.082273 0 0.221147 -0.97524 0.372028 -0.905239 -0.205274 LS51.dat
1 14 37.0584 -57.0011 -148.41 -0.927565 -0.364736 -0.0811862 0 0.217272 -0.976111 0.373662 -0.905406 -0.201533 LS51.dat
1 14 37.3568 -57.1789 -147.669 -0.926918 -0.366618 -0.0800841 0 0.213408 -0.976963 0.375263 -0.905565 -0.197812 LS51.dat
1 14 37.657 -57.3536 -146.927 -0.926282 -0.368464 -0.0789673 0 0.209556 -0.977797 0.376831 -0.905715 -0.194108 LS51.dat
1 14 37.9588 -57.5252 -146.186 -0.925656 -0.370274 -0.0778363 0 0.205717 -0.978612 0.378366 -0.905858 -0.190423 LS51.dat
1 14 38.2622 -57.6938 -145.443 -0.92504 -0.372047 -0.0766915 0 0.201889 -0.979408 0.379869 -0.905992 -0.186756 LS51.dat
1 14 38.5673 -57.8594 -144.7 -0.924435 -0.373784 -0.0755333 0 0.198074 -0.980187 0.381339 -0.906119 -0.183106 LS51.dat
1 14 38.874 -58.0219 -143.957 -0.923841 -0.375484 -0.0743623 0 0.194271 -0.980948 0.382777 -0.90624 -0.179475 LS51.dat
1 14 39.1822 -58.1813 -143.213 -0.923257 -0.377148 -0.0731788 0 0.190479 -0.981691 0.384182 -0.906354 -0.175861 LS51.dat
1 14 39.492 -58.3378 -142.469 -0.922685 -0.378776 -0.0719833 0 0.1867 -0.982417 0.385555 -0.906461 -0.172265 LS51.dat
1 14 39.8033 -58.4912 -141.724 -0.922123 -0.380368 -0.0707761 0 0.182933 -0.983125 0.386896 -0.906563 -0.168687 LS51.dat
1 14 40.1161 -58.6417 -140.978 -0.921573 -0.381923 -0.0695578 0 0.179178 -0.983817 0.388205 -0.906659 -0.165126 LS51.dat
1 14 40.4304 -58.7891 -140.232 -0.921034 -0.383441 -0.0683286 0 0.175435 -0.984491 0.389482 -0.90675 -0.161581 LS51.dat
1 14 40.7461 -58.9336 -139.485 -0.920507 -0.384924 -0.0670891 0 0.171703 -0.985149 0.390727 -0.906836 -0.158054 LS51.dat
1 14 41.0633 -59.0751 -138.738 -0.919991 -0.38637 -0.0658395 0 0.167984 -0.98579 0.391939 -0.906918 -0.154544 LS51.dat
1 14 41.3819 -59.2136 -137.99 -0.919487 -0.387779 -0.0645803 0 0.164276 -0.986414 0.39312 -0.906995 -0.15105 LS51.dat
1 14 41.7019 -59.3491 -137.242 -0.918995 -0.389153 -0.0633118 0 0.16058 -0.987023 0.394269 -0.907069 -0.147572 LS51.dat
1 14 42.0232 -59.4817 -136.493 -0.918515 -0.390489 -0.0620345 0 0.156896 -0.987615 0.395386 -0.907139 -0.144111 LS51.dat
1 14 42.3459 -59.6114 -135.743 -0.918047 -0.391789 -0.0607486 0 0.153223 -0.988192 0.396471 -0.907207 -0.140666 LS51.dat
1 14 42.6699 -59.7381 -134.993 -0.917592 -0.393053 -0.0594545 0 0.149562 -0.988752 0.397524 -0.907271 -0.137237 LS51.dat
1 14 42.9952 -59.8619 -134.242 -0.917149 -0.39428 -0.0581526 0 0.145912 -0.989298 0.398545 -0.907333 -0.133823 LS51.dat
1 14 43.3218 -59.9828 -133.49 -0.916718 -0.39547 -0.0568431 0 0.142273 -0.989827 0.399535 -0.907393 -0.130425 LS51.dat
1 14 43.6497 -60.1007 -132.738 -0.9163 -0.396624 -0.0555266 0 0.138646 -0.990342 0.400492 -0.907451 -0.127041 LS51.dat
1 14 43.9787 -60.2157 -131.985 -0.915895 -0.39774 -0.0542032 0 0.13503 -0.990842 0.401417 -0.907507 -0.123673 LS51.dat
1 14 44.309 -60.3279 -131.232 -0.915504 -0.39882 -0.0528733 0 0.131424 -0.991326 0.40231 -0.907563 -0.120319 LS51.dat
1 14 44.6404 -60.4371 -130.477 -0.915125 -0.399863 -0.0515372 0 0.12783 -0.991796 0.40317 -0.907617 -0.11698 LS51.dat
1 14 44.973 -60.5434 -129.723 -0.91476 -0.400868 -0.0501952 0 0.124246 -0.992251 0.403999 -0.907671 -0.113655 LS51.dat
1 14 45.3068 -60.6468 -128.967 -0.914408 -0.401837 -0.0488477 0 0.120673 -0.992692 0.404795 -0.907725 -0.110344 LS51.dat
1 14 45.6416 -60.7474 -128.21 -0.914069 -0.402767 -0.0474949 0 0.11711 -0.993119 0.405558 -0.907779 -0.107047 LS51.dat
1 14 45.9776 -60.8451 -127.453 -0.913745 -0.403661 -0.0461372 0 0.113558 -0.993531 0.406289 -0.907834 -0.103763 LS51.dat
1 14 46.3146 -60.9399 -126.695 -0.913434 -0.404516 -0.0447748 0 0.110015 -0.99393 0.406987 -0.907889 -0.100492 LS51.dat
1 14 46.6526 -61.0318 -125.937 -0.913137 -0.405334 -0.0434081 0 0.106483 -0.994314 0.407652 -0.907946 -0.0972339 LS51.dat
1 14 46.9917 -61.1209 -125.177 -0.912855 -0.406114 -0.0420373 0 0.102961 -0.994685 0.408283 -0.908004 -0.0939885 LS51.dat
1 14 47.3317 -61.2071 -124.417 -0.912587 -0.406855 -0.0406627 0 0.0994485 -0.995043 0.408882 -0.908063 -0.0907555 LS51.dat
1 14 47.6727 -61.2905 -123.656 -0.912334 -0.407558 -0.0392846 0 0.0959456 -0.995387 0.409447 -0.908125 -0.0875344 LS51.dat
1 14 48.0147 -61.371 -122.894 -0.912095 -0.408222 -0.0379033 0 0.0924521 -0.995717 0.409978 -0.908189 -0.0843251 LS51.dat
1 14 48.3575 -61.4486 -122.131 -0.911872 -0.408847 -0.0365191 0 0.0889678 -0.996034 0.410475 -0.908256 -0.0811273 LS51.dat
1 14 48.7012 -61.5234 -121.368 -0.911663 -0.409433 -0.0351322 0 0.0854927 -0.996339 0.410938 -0.908326 -0.0779405 LS51.dat
1 14 49.0458 -61.5954 -120.603 -0.91147 -0.40998 -0.0337429 0 0.0820264 -0.99663 0.411366 -0.908399 -0.0747646 LS51.dat
1 14 49.3913 -61.6645 -119.838 -0.911292 -0.410487 -0.0323515 0 0.0785688 -0.996909 0.41176 -0.908475 -0.0715992 LS51.dat
1 14 49.7375 -61.7307 -119.071 -0.91113 -0.410954 -0.0309583 0 0.0751198 -0.997175 0.412119 -0.908556 -0.068444 LS51.dat
1 14 50.0845 -61.7942 -118.304 -0.910984 -0.411381 -0.0295635 0 0.0716792 -0.997428 0.412442 -0.908641 -0.0652986 LS51.dat
1 14 50.4323 -61.8548 -117.536 -0.910854 -0.411767 -0.0281674 0 0.0682467 -0.997668 0.412729 -0.90873 -0.0621628 LS51.dat
1 14 50.7807 -61.9125 -116.767 -0.91074 -0.412112 -0.0267703 0 0.0648221 -0.997897 0.41298 -0.908825 -0.0590361 LS51.dat
1 14 51.1299 -61.9674 -115.997 -0.910643 -0.412415 -0.0253724 0 0.0614054 -0.998113 0.413195 -0.908924 -0.0559183 LS51.dat
1 14 51.4798 -62.0195 -115.226 -0.910562 -0.412677 -0.023974 0 0.0579961 -0.998317 0.413373 -0.909029 -0.0528091 LS51.dat
1 14 51.8302 -62.0688 -114.454 -0.910498 -0.412896 -0.0225754 0 0.0545943 -0.998509 0.413513 -0.90914 -0.049708 LS51.dat
1 14 52.1813 -62.1152 -113.681 -0.910452 -0.413073 -0.0211769 0 0.0511995 -0.998688 0.413616 -0.909257 -0.0466147 LS51.dat
1 14 52.5329 -62.1588 -112.907 -0.910422 -0.413207 -0.0197788 0 0.0478117 -0.998856 0.41368 -0.909381 -0.0435289 LS51.dat
1 14 52.8851 -62.1995 -112.132 -0.910411 -0.413297 -0.0183812 0 0.0444306 -0.999012 0.413706 -0.909512 -0.0404501 LS51.dat
1 14 53.2378 -62.2375 -111.356 -0.910417 -0.413343 -0.0169845 0 0.041056 -0.999157 0.413692 -0.909649 -0.0373781 LS51.dat
1 14 53.591 -62.2725 -110.579 -0.910441 -0.413345 -0.015589 0 0.0376876 -0.99929 0.413639 -0.909794 -0.0343123 LS51.dat
1 14 53.9446 -62.3048 -109.8 -0.910484 -0.413301 -0.014195 0 0.0343252 -0.999411 0.413545 -0.909947 -0.0312525 LS51.dat
1 14 54.2986 -62.3342 -109.021 -0.910545 -0.413212 -0.0128027 0 0.0309686 -0.99952 0.41341 -0.910108 -0.0281983 LS51.dat
1 14 54.6529 -62.3607 -108.24 -0.910625 -0.413076 -0.0114125 0 0.0276176 -0.999619 0.413234 -0.910278 -0.0251492 LS51.dat
1 14 55.0076 -62.3844 -107.459 -0.910724 -0.412893 -0.0100246 0 0.0242718 -0.999705 0.413015 -0.910456 -0.0221049 LS51.dat
1 14 55.3627 -62.4053 -106.676 -0.910843 -0.412663 -0.00863938 0 0.0209311 -0.999781 0.412753 -0.910643 -0.0190649 LS51.dat
1 14 55.7179 -62.4233 -105.892 -0.910981 -0.412384 -0.0072571 0 0.0175952 -0.999845 0.412448 -0.91084 -0.0160289 LS51.dat
1 14 56.0734 -62.4385 -105.107 -0.911139 -0.412056 -0.00587809 0 0.0142638 -0.999898 0.412098 -0.911047 -0.0129963 LS51.dat
1 14 56.4291 -62.4508 -104.32 -0.911318 -0.411679 -0.00450269 0 0.0109367 -0.99994 0.411703 -0.911263 -0.00996684 LS51.dat
1 14 56.7849 -62.4603 -103.533 -0.911517 -0.41125 -0.00313121 0 0.00761366 -0.999971 0.411262 -0.911491 -0.00693998 LS51.dat
1 14 57.1407 -62.4669 -102.744 -0.911737 -0.41077 -0.00176401 0 0.00429435 -0.999991 0.410774 -0.911729 -0.00391532 LS51.dat
1 14 57.4967 -62.4706 -101.954 -0.911978 -0.410238 -0.000401425 0 0.000978517 -1 0.410238 -0.911978 -0.000892386 LS51.dat
1 14 57.8526 -62.4714 -101.163 -0.912241 -0.409653 0.000956178 0 -0.00233411 -0.999997 0.409654 -0.912239 0.00212927 LS51.dat
1 14 58.2086 -62.4694 -100.37 -0.912526 -0.409013 0.00230843 0 -0.00564381 -0.999984 0.409019 -0.912511 0.00515013 LS51.dat
1 14 58.5644 -62.4645 -99.5763 -0.912833 -0.408318 0.00365495 0 -0.00895087 -0.99996 0.408334 -0.912796 0.00817065 LS51.dat
1 14 58.9201 -62.4567 -98.7811 -0.913162 -0.407566 0.00499534 0 -0.0122556 -0.999925 0.407597 -0.913093 0.0111913 LS51.dat
1 14 59.2756 -62.446 -97.9846 -0.913514 -0.406758 0.00632919 0 -0.0155582 -0.999879 0.406807 -0.913404 0.0142127 LS51.dat
1 14 59.6309 -62.4324 -97.1868 -0.91389 -0.40589 0.00765609 0 -0.0188591 -0.999822 0.405963 -0.913727 0.0172351 LS51.dat
1 14 59.9859 -62.4159 -96.3877 -0.914289 -0.404963 0.00897559 0 -0.0221585 -0.999754 0.405063 -0.914064 0.0202593 LS51.dat
1 14 60.3406 -62.3965 -95.5872 -0.914712 -0.403975 0.0102872 0 -0.0254568 -0.999676 0.404106 -0.914416 0.0232856 LS51.dat
1 14 60.6948 -62.3742 -94.7853 -0.91516 -0.402925 0.0115906 0 -0.0287541 -0.999587 0.403092 -0.914781 0.0263146 LS51.dat
1 14 61.0486 -62.3489 -93.982 -0.915632 -0.401811 0.0128851 0 -0.032051 -0.999486 0.402018 -0.915161 0.0293469 LS51.dat
1 14 61.4019 -62.3208 -93.1773 -0.916129 -0.400632 0.0141702 0 -0.0353476 -0.999375 0.400883 -0.915557 0.032383 LS51.dat
1 14 61.7546 -62.2896 -92.3713 -0.916652 -0.399387 0.0154456 0 -0.0386443 -0.999253 0.399685 -0.915968 0.0354234 LS51.dat
1 14 62.1067 -62.2556 -91.5638 -0.917201 -0.398073 0.0167105 0 -0.0419414 -0.99912 0.398424 -0.916394 0.0384687 LS51.dat
1 14 62.4581 -62.2185 -90.7549 -0.917777 -0.39669 0.0179644 0 -0.0452393 -0.998976 0.397097 -0.916837 0.0415196 LS51.dat
1 14 62.8087 -62.1786 -89.9446 -0.918379 -0.395235 0.0192067 0 -0.0485382 -0.998821 0.395702 -0.917297 0.0445765 LS51.dat
1 14 63.1585 -62.1356 -89.1328 -0.919008 -0.393708 0.0204367 0 -0.0518385 -0.998655 0.394238 -0.917773 0.0476401 LS51.dat
1 14 63.5073 -62.0897 -88.3196 -0.919665 -0.392105 0.0216539 0 -0.0551406 -0.998479 0.392703 -0.918266 0.0507109 LS51.dat
1 14 63.8552 -62.0408 -87.5049 -0.920351 -0.390426 0.0228574 0 -0.0584448 -0.998291 0.391094 -0.918777 0.0537897 LS51.dat
1 14 64.202 -61.9888 -86.6888 -0.921064 -0.388667 0.0240466 0 -0.0617514 -0.998092 0.38941 -0.919307 0.056877 LS51.dat
1 14 64.5477 -61.9339 -85.8712 -0.921807 -0.386828 0.0252207 0 -0.0650607 -0.997881 0.387649 -0.919854 0.0599734 LS51.dat
1 14 64.8921 -61.876 -85.0521 -0.922579 -0.384906 0.026379 0 -0.0683732 -0.99766 0.385808 -0.92042 0.0630797 LS51.dat
1 14 65.2352 -61.815 -84.2316 -0.923381 -0.382898 0.0275204 0 -0.0716892 -0.997427 0.383885 -0.921005 0.0661964 LS51.dat
1 14 65.577 -61.7511 -83.4096 -0.924213 -0.380802 0.0286442 0 -0.0750089 -0.997183 0.381878 -0.921609 0.0693242 LS51.dat
1 14 65.9172 -61.684 -82.5861 -0.925076 -0.378616 0.0297495 0 -0.0783329 -0.996927 0.379783 -0.922233 0.0724639 LS51.dat
1 14 66.2559 -61.614 -81.7611 -0.92597 -0.376337 0.0308352 0 -0.0816614 -0.99666 0.377598 -0.922877 0.075616 LS51.dat
1 14 66.5929 -61.5408 -80.9347 -0.926895 -0.373963 0.0319003 0 -0.0849948 -0.996381 0.375321 -0.923541 0.0787812 LS51.dat
1 14 66.9282 -61.4646 -80.1068 -0.927852 -0.37149 0.0329437 0 -0.0883334 -0.996091 0.372948 -0.924225 0.0819604 LS51.dat
1 14 67.2616 -61.3854 -79.2774 -0.928842 -0.368915 0.0339643 0 -0.0916776 -0.995789 0.370476 -0.924931 0.085154 LS51.dat
1 14 67.5929 -61.303 -78.4465 -0.929865 -0.366237 0.0349609 0 -0.0950278 -0.995475 0.367902 -0.925657 0.088363 LS51.dat
1 14 67.9222 -61.2176 -77.6142 -0.93092 -0.36345 0.0359321 0 -0.0983843 -0.995148 0.365222 -0.926404 0.0915879 LS51.dat
1 14 68.2493 -61.129 -76.7805 -0.93201 -0.360553 0.0368767 0 -0.101747 -0.99481 0.362434 -0.927173 0.0948296 LS51.dat
1 14 68.5741 -61.0374 -75.9453 -0.933133 -0.357541 0.0377932 0 -0.105118 -0.99446 0.359532 -0.927963 0.0980886 LS51.dat
1 14 68.8965 -60.9426 -75.1087 -0.93429 -0.35441 0.03868 0 -0.108495 -0.994097 0.356515 -0.928775 0.101366 LS51.dat
1 14 69.2162 -60.8447 -74.2707 -0.935481 -0.351158 0.0395358 0 -0.11188 -0.993722 0.353376 -0.929608 0.104662 LS51.dat
1 14 69.5333 -60.7437 -73.4313 -0.936708 -0.347779 0.0403586 0 -0.115273 -0.993334 0.350113 -0.930463 0.107977 LS51.dat
1 14 69.8476 -60.6395 -72.5906 -0.937969 -0.34427 0.0411469 0 -0.118675 -0.992933 0.34672 -0.93134 0.111313 LS51.dat
1 14 70.1588 -60.5322 -71.7485 -0.939265 -0.340626 0.0418986 0 -0.122085 -0.99252 0.343193 -0.932239 0.11467 LS51.dat
1 14 70.467 -60.4218 -70.905 -0.940596 -0.336843 0.0426119 0 -0.125503 -0.992093 0.339528 -0.933159 0.118048 LS51.dat
1 14 70.7719 -60.3082 -70.0603 -0.941963 -0.332916 0.0432846 0 -0.128932 -0.991653 0.335718 -0.9341 0.121449 LS51.dat
1 14 71.0734 -60.1914 -69.2144 -0.943364 -0.32884 0.0439146 0 -0.132369 -0.991201 0.331759 -0.935063 0.124872 LS51.dat
1 14 71.3714 -60.0715 -68.3672 -0.944801 -0.324609 0.0444994 0 -0.135816 -0.990734 0.327645 -0.936046 0.128319 LS51.dat
1 14 71.6656 -59.9484 -67.5188 -0.946273 -0.320219 0.0450367 0 -0.139273 -0.990254 0.32337 -0.93705 0.13179 LS51.dat
1 14 71.9559 -59.8221 -66.6692 -0.947779 -0.315663 0.0455239 0 -0.14274 -0.98976 0.318929 -0.938074 0.135286 LS51.dat
1 14 72.2422 -59.6927 -65.8186 -0.949319 -0.310936 0.0459581 0 -0.146217 -0.989253 0.314314 -0.939116 0.138807 LS51.dat
1 14 72.5242 -59.5601 -64.9668 -0.950893 -0.306031 0.0463364 0 -0.149704 -0.988731 0.309519 -0.940177 0.142353 LS51.dat
1 14 72.8017 -59.4243 -64.1141 -0.9525 -0.300943 0.0466558 0 -0.153202 -0.988195 0.304538 -0.941256 0.145925 LS51.dat
1 14 73.0747 -59.2853 -63.2604 -0.95414 -0.295664 0.0469131 0 -0.15671 -0.987645 0.299362 -0.942351 0.149523 LS51.dat
1 14 73.3428 -59.1432 -62.4058 -0.95581 -0.290186 0.0471048 0 -0.160229 -0.98708 0.293985 -0.943461 0.153148 LS51.dat
1 14 73.6059 -58.9979 -61.5503 -0.957511 -0.284504 0.0472272 0 -0.163757 -0.986501 0.288398 -0.944585 0.156799 LS51.dat
1 14 73.8638 -58.8495 -60.6941 -0.95924 -0.27861 0.0472766 0 -0.167296 -0.985907 0.282592 -0.945721 0.160477 LS51.dat
1 14 74.1163 -58.6979 -59.8372 -0.960996 -0.272495 0.0472489 0 -0.170845 -0.985298 0.276561 -0.946868 0.164181 LS51.dat
1 14 74.363 -58.5432 -58.9797 -0.962778 -0.266151 0.0471398 0 -0.174403 -0.984674 0.270293 -0.948023 0.167911 LS51.dat
1 14 74.6039 -58.3853 -58.1216 -0.964583 -0.259569 0.046945 0 -0.17797 -0.984036 0.26378 -0.949184 0.171667 LS51.dat
1 14 74.8387 -58.2243 -57.2631 -0.966408 -0.252742 0.0466597 0 -0.181546 -0.983382 0.257013 -0.950349 0.175447 LS51.dat
1 14 75.0671 -58.0603 -56.4041 -0.968251 -0.245659 0.0462789 0 -0.18513 -0.982714 0.249981 -0.951514 0.179252 LS51.dat
1 14 75.289 -57.8931 -55.545 -0.970108 -0.238312 0.0457975 0 -0.188721 -0.982031 0.242673 -0.952676 0.18308 LS51.dat
1 14 75.5039 -57.7229 -54.6856 -0.971976 -0.23069 0.04521 0 -0.192319 -0.981332 0.235078 -0.953832 0.18693 LS51.dat
1 14 75.7118 -57.5496 -53.8262 -0.973851 -0.222783 0.0445107 0 -0.195922 -0.980619 0.227186 -0.954978 0.190799 LS51.dat
1 14 75.9122 -57.3733 -52.9669 -0.975728 -0.214581 0.0436938 0 -0.19953 -0.979892 0.218984 -0.956108 0.194687 LS51.dat
1 14 76.1051 -57.194 -52.1078 -0.977602 -0.206072 0.0427529 0 -0.20314 -0.97915 0.210461 -0.957219 0.19859 LS51.dat
1 14 76.29 -57.0117 -51.2489 -0.979467 -0.197247 0.0416817 0 -0.206752 -0.978393 0.201603 -0.958304 0.202506 LS51.dat
1 14 76.4666 -56.8265 -50.3906 -0.981317 -0.188093 0.0404735 0 -0.210363 -0.977623 0.192399 -0.959358 0.206432 LS51.dat
1 14 76.6348 -56.6385 -49.5328 -0.983144 -0.1786 0.0391212 0 -0.213971 -0.97684 0.182834 -0.960374 0.210364 LS51.dat
1 14 76.7942 -56.4475 -48.6757 -0.98494 -0.168754 0.0376179 0 -0.217575 -0.976044 0.172896 -0.961344 0.214298 LS51.dat
1 14 76.9445 -56.2537 -47.8196 -0.986697 -0.158545 0.0359561 0 -0.221171 -0.975235 0.162571 -0.962261 0.218229 LS51.dat
1 14 77.0854 -56.0572 -46.9645 -0.988404 -0.14796 0.0341283 0 -0.224757 -0.974415 0.151845 -0.963116 0.222151 LS51.dat
1 14 77.2166 -55.8579 -46.1106 -0.990052 -0.136988 0.032127 0 -0.22833 -0.973584 0.140704 -0.963898 0.226058 LS51.dat
1 14 77.3377 -55.656 -45.2581 -0.991627 -0.125615 0.0299444 0 -0.231885 -0.972743 0.129135 -0.964598 0.229944 LS51.dat
1 14 77.4485 -55.4515 -44.4073 -0.993118 -0.11383 0.0275728 0 -0.23542 -0.971894 0.117122 -0.965205 0.233799 LS51.dat
1 14 77.5486 -55.2444 -43.5582 -0.994509 -0.101621 0.0250044 0 -0.238929 -0.971037 0.104652 -0.965705 0.237617 LS51.dat
1 14 77.6378 -55.0348 -42.7112 -0.995786 -0.0889769 0.0222317 0 -0.242407 -0.970175 0.0917122 -0.966086 0.241385 LS51.dat
1 14 77.7156 -54.8228 -41.8663 -0.996931 -0.0758855 0.0192472 0 -0.24585 -0.969308 0.0782884 -0.966333 0.245095 LS51.dat
1 14 77.7817 -54.6085 -41.0239 -0.997926 -0.0623365 0.0160438 0 -0.249251 -0.968439 0.0643681 -0.96643 0.248735 LS51.dat
1 14 77.8359 -54.3919 -40.1841 -0.998752 -0.0483198 0.0126149 0 -0.252605 -0.967569 0.0499393 -0.966362 0.25229 LS51.dat
1 14 77.8778 -54.1731 -39.3472 -0.999388 -0.033826 0.00895437 0 -0.255904 -0.966702 0.0349911 -0.96611 0.255747 LS51.dat
1 14 77.907 -53.9523 -38.5134 -0.99981 -0.0188469 0.00505674 0 -0.259141 -0.96584 0.0195135 -0.965656 0.259091 LS51.dat
1 14 77.9232 -53.7294 -37.683 -0.999994 -0.00337541 0.000917522 0 -0.262307 -0.964984 0.00349789 -0.964979 0.262306 LS51.dat
1 14 77.9261 -53.5047 -36.8562 -0.999915 0.0125941 -0.00346673 0 -0.265395 -0.96414 -0.0130625 -0.964058 0.265372 LS51.dat
1 14 77.9153 -53.2781 -36.0333 -0.999545 0.0290657 -0.00809819 0 -0.268394 -0.963309 -0.0301728 -0.962871 0.268272 LS51.dat
1 14 77.8906 -53.0499 -35.2145 -0.998855 0.0460415 -0.0129775 0 -0.271295 -0.962496 -0.0478355 -0.961394 0.270985 LS51.dat
1 14 77.8516 -52.8201 -34.4002 -0.997816 0.0635215 -0.0181038 0 -0.274088 -0.961705 -0.0660509 -0.959605 0.273489 LS51.dat
1 14 77.798 -52.5889 -33.5905 -0.996397 0.0815032 -0.0234738 0 -0.276761 -0.960939 -0.0848162 -0.957476 0.275764 LS51.dat
1 14 77.7295 -52.3563 -32.7859 -0.994564 0.0999816 -0.0290826 0 -0.279303 -0.960203 -0.104126 -0.954983 0.277785 LS51.dat
1 14 77.6458 -52.1225 -31.9865 -0.992286 0.118949 -0.0349224 0 -0.281702 -0.959502 -0.123969 -0.9521 0.279529 LS51.dat
1 14 77.5466 -51.8876 -31.1927 -0.989529 0.138393 -0.0409829 0 -0.283945 -0.958841 -0.144334 -0.948801 0.280972 LS51.dat
1 14 77.4317 -51.6518 -30.4048 -0.98626 0.158301 -0.047251 0 -0.28602 -0.958224 -0.165202 -0.945058 0.28209 LS51.dat
1 14 77.3008 -51.4152 -29.623 -0.982445 0.178652 -0.0537105 0 -0.287913 -0.957657 -0.186551 -0.940845 0.282858 LS51.dat
1 14 77.1535 -51.1779 -28.8477 -0.978053 0.199426 -0.060342 0 -0.289611 -0.957144 -0.208355 -0.936138 0.283255 LS51.dat
1 14 76.9898 -50.9402 -28.0791 -0.973053 0.220596 -0.0671229 0 -0.291102 -0.956692 -0.230582 -0.930912 0.283257 LS51.dat
1 14 76.8093 -50.702 -27.3176 -0.967415 0.242132 -0.0740273 0 -0.292372 -0.956305 -0.253196 -0.925144 0.282845 LS51.dat
1 14 76.612 -50.4637 -26.5634 -0.961113 0.264 -0.0810259 0 -0.293408 -0.955987 -0.276154 -0.918812 0.281999 LS51.dat
1 14 76.3975 -50.2253 -25.8169 -0.954124 0.28616 -0.0880865 0 -0.294199 -0.955744 -0.299411 -0.911899 0.280703 LS51.dat
1 14 76.1657 -49.987 -25.0783 -0.946428 0.308571 -0.095174 0 -0.294734 -0.955579 -0.322915 -0.904387 0.278944 LS51.dat
1 14 75.9165 -49.749 -24.348 -0.938009 0.331187 -0.102251 0 -0.295001 -0.955497 -0.346612 -0.896264 0.276713 LS51.dat
1 14 75.6498 -49.5114 -23.6262 -0.928856 0.353957 -0.109277 0 -0.294992 -0.9555 -0.370442 -0.887522 0.274005 LS51.dat
1 14 75.3654 -49.2745 -22.9132 -0.918964 0.376829 -0.116212 0 -0.294698 -0.95559 -0.394342 -0.878153 0.270817 LS51.dat
1 14 75.0634 -49.0382 -22.2092 -0.908333 0.399748 -0.123012 0 -0.294113 -0.955771 -0.418247 -0.868158 0.267153 LS51.dat
1 14 74.7435 -48.8029 -21.5146 -0.89697 0.422657 -0.129635 0 -0.293233 -0.956041 -0.442091 -0.857541 0.263021 LS51.dat
1 14 74.4059 -48.5687 -20.8296 -0.884888 0.445496 -0.13604 0 -0.292054 -0.956402 -0.465804 -0.846308 0.258435 LS51.dat
1 14 74.0505 -48.3357 -20.1544 -0.872105 0.468206 -0.142184 0 -0.290575 -0.956852 -0.489319 -0.834475 0.253412 LS51.dat
1 14 73.6773 -48.1041 -19.4893 -0.858646 0.490728 -0.148029 0 -0.288798 -0.95739 -0.512569 -0.822059 0.247975 LS51.dat
1 14 73.2864 -47.874 -18.8344 -0.844544 0.513003 -0.153537 0 -0.286725 -0.958013 -0.535487 -0.809084 0.242151 LS51.dat
1 14 72.8779 -47.6457 -18.1901 -0.829834 0.534974 -0.158676 0 -0.284361 -0.958717 -0.55801 -0.795576 0.235973 LS51.dat
1 14 72.4518 -47.4192 -17.5565 -0.81456 0.556586 -0.163417 0 -0.281714 -0.959498 -0.58008 -0.781569 0.229473 LS51.dat
1 14 72.0083 -47.1947 -16.9338 -0.798767 0.577786 -0.167733 0 -0.278794 -0.960351 -0.60164 -0.767097 0.222691 LS51.dat
1 14 71.5476 -46.9724 -16.3221 -0.782507 0.598526 -0.171606 0 -0.27561 -0.96127 -0.622641 -0.752201 0.215667 LS51.dat
1 14 71.0698 -46.7524 -15.7217 -0.765834 0.618762 -0.175019 0 -0.272175 -0.962248 -0.643038 -0.736922 0.208441 LS51.dat
1 14 70.5752 -46.5349 -15.1326 -0.748803 0.638454 -0.177963 0 -0.268504 -0.963278 -0.662793 -0.721306 0.201057 LS51.dat
1 14 70.0639 -46.3198 -14.555 -0.731471 0.657567 -0.180432 0 -0.264613 -0.964355 -0.681872 -0.705398 0.193557 LS51.dat
1 14 69.5363 -46.1075 -13.9889 -0.713898 0.67607 -0.182427 0 -0.260516 -0.965469 -0.70025 -0.689246 0.185982 LS51.dat
1 14 68.9925 -45.898 -13.4346 -0.696139 0.693939 -0.183951 0 -0.256233 -0.966615 -0.717907 -0.672899 0.178374 LS51.dat
1 14 68.4329 -45.6913 -12.8919 -0.678253 0.711156 -0.185015 0 -0.25178 -0.967784 -0.734829 -0.656403 0.170771 LS51.dat
1 14 67.8578 -45.4877 -12.3611 -0.660293 0.727704 -0.185631 0 -0.247177 -0.96897 -0.751008 -0.639805 0.163209 LS51.dat
1 14 67.2676 -45.2873 -11.8422 -0.642314 0.743576 -0.185816 0 -0.24244 -0.970166 -0.766442 -0.623151 0.155722 LS51.dat
1 14 66.6625 -45.09 -11.3351 -0.624364 0.758767 -0.185588 0 -0.237588 -0.971366 -0.781134 -0.606486 0.148341 LS51.dat
1 14 66.043 -44.896 -10.8399 -0.60649 0.773276 -0.18497 0 -0.23264 -0.972563 -0.795091 -0.58985 0.141094 LS51.dat
1 14 65.4094 -44.7054 -10.3566 -0.588736 0.787108 -0.183984 0 -0.227611 -0.973752 -0.808325 -0.573283 0.134003 LS51.dat
1 14 64.7621 -44.5182 -9.8852 -0.571142 0.800271 -0.182656 0 -0.22252 -0.974928 -0.820852 -0.556822 0.12709 LS51.dat
1 14 64.1016 -44.3345 -9.42559 -0.553742 0.812776 -0.181011 0 -0.217382 -0.976087 -0.832688 -0.5405 0.120374 LS51.dat
1 14 63.4282 -44.1544 -8.97777 -0.53657 0.824636 -0.179076 0 -0.212212 -0.977224 -0.843856 -0.524349 0.113867 LS51.dat
1 14 62.7423 -43.9779 -8.54166 -0.519654 0.835868 -0.176876 0 -0.207024 -0.978336 -0.854377 -0.508396 0.107581 LS51.dat
1 14 62.0444 -43.8051 -8.1172 -0.503017 0.84649 -0.174438 0 -0.201831 -0.97942 -0.864276 -0.492665 0.101525 LS51.dat
1 14 61.335 -43.6359 -7.70429 -0.486682 0.856522 -0.171786 0 -0.196646 -0.980475 -0.873579 -0.477179 0.0957041 LS51.dat
1 14 60.6144 -43.4705 -7.30285 -0.470665 0.865986 -0.168945 0 -0.19148 -0.981497 -0.882312 -0.461956 0.0901227 LS51.dat
1 14 59.8831 -43.3088 -6.91275 -0.454981 0.874904 -0.165938 0 -0.186342 -0.982485 -0.890501 -0.447012 0.084782 LS51.dat
1 14 59.1416 -43.1509 -6.53387 -0.439642 0.883298 -0.162786 0 -0.181242 -0.983439 -0.898173 -0.432361 0.0796815 LS51.dat
1 14 58.3902 -42.9967 -6.1661 -0.424656 0.891192 -0.159512 0 -0.176188 -0.984357 -0.905355 -0.418013 0.0748191 LS51.dat
1 14 57.6295 -42.8463 -5.80929 -0.410029 0.898609 -0.156135 0 -0.171187 -0.985239 -0.912072 -0.403977 0.0701916 LS51.dat
1 14 56.8599 -42.6997 -5.46329 -0.395766 0.905572 -0.152671 0 -0.166245 -0.986084 -0.918351 -0.390259 0.0657942 LS51.dat
1 14 56.0817 -42.5568 -5.12794 -0.381869 0.912104 -0.149139 0 -0.161368 -0.986894 -0.924216 -0.376864 0.0616216 LS51.dat
1 14 55.2955 -42.4177 -4.8031 -0.368337 0.918227 -0.145554 0 -0.156561 -0.987668 -0.929692 -0.363795 0.0576674 LS51.dat
1 14 54.5017 -42.2824 -4.4886 -0.35517 0.923964 -0.141929 0 -0.151828 -0.988407 -0.934802 -0.351053 0.0539247 LS51.dat
1 14 53.7007 -42.1508 -4.18425 -0.342365 0.929336 -0.138277 0 -0.147171 -0.989111 -0.939567 -0.338637 0.0503861 LS51.dat
1 14 52.8929 -42.0228 -3.8899 -0.329917 0.934363 -0.13461 0 -0.142593 -0.989781 -0.94401 -0.326546 0.0470441 LS51.dat
1 14 52.0787 -41.8986 -3.60535 -0.317823 0.939066 -0.130937 0 -0.138098 -0.990419 -0.94815 -0.314778 0.0438906 LS51.dat
1 14 51.2585 -41.778 -3.33042 -0.306075 0.943462 -0.127269 0 -0.133685 -0.991024 -0.952007 -0.303328 0.0409177 LS51.dat
1 14 50.4327 -41.6609 -3.06494 -0.294669 0.947571 -0.123613 0 -0.129357 -0.991598 -0.9556 -0.292193 0.0381174 LS51.dat
1 14 49.6018 -41.5475 -2.8087 -0.283596 0.951409 -0.119977 0 -0.125114 -0.992142 -0.958944 -0.281367 0.0354817 LS51.dat
1 14 48.766 -41.4376 -2.56153 -0.272849 0.954993 -0.116367 0 -0.120956 -0.992658 -0.962057 -0.270846 0.0330028 LS51.dat
1 14 47.9258 -41.3312 -2.32323 -0.26242 0.958339 -0.112788 0 -0.116884 -0.993146 -0.964954 -0.260622 0.0306728 LS51.dat
1 14 47.0814 -41.2282 -2.09361 -0.252302 0.961462 -0.109245 0 -0.112897 -0.993607 -0.967648 -0.250689 0.0284842 LS51.dat
1 14 46.2334 -41.1286 -1.87249 -0.242486 0.964375 -0.105742 0 -0.108995 -0.994042 -0.970155 -0.241041 0.0264298 LS51.dat
1 14 45.3819 -41.0324 -1.65966 -0.232963 0.967092 -0.102283 0 -0.105177 -0.994453 -0.972486 -0.231671 0.0245024 LS51.dat
1 14 44.5273 -40.9394 -1.45494 -0.223725 0.969624 -0.0988712 0 -0.101443 -0.994841 -0.974652 -0.222571 0.0226953 LS51.dat
1 14 43.6699 -40.8497 -1.25814 -0.214764 0.971985 -0.0955083 0 -0.0977901 -0.995207 -0.976666 -0.213734 0.0210018 LS51.dat
1 14 42.8101 -40.7632 -1.06907 -0.20607 0.974184 -0.0921964 0 -0.0942186 -0.995552 -0.978537 -0.205154 0.0194157 LS51.dat
1 14 41.9481 -40.6799 -0.887544 -0.197636 0.976233 -0.0889374 0 -0.0907269 -0.995876 -0.980275 -0.196821 0.017931 LS51.dat
1 14 41.0843 -40.5996 -0.713377 -0.189454 0.97814 -0.0857323 0 -0.0873136 -0.996181 -0.98189 -0.18873 0.0165419 LS51.dat
1 14 40.2188 -40.5223 -0.546387 -0.181515 0.979915 -0.0825822 0 -0.0839772 -0.996468 -0.983388 -0.180873 0.0152431 LS51.dat
