0 ROTATION CENTER 0 0 0 1 "Custom" 
0 ROTATION CONFIG 0 0
1 288 0 0 0 0 0 -1 0 1 0 1 0 0 3021.dat
1 0 0 -24 -20 1 0 0 0 1 0 0 0 1 3298.dat
1 288 -10 -24 10 0 0 -1 0 1 0 1 0 0 32064a.dat
1 288 10 -24 10 0 0 -1 0 1 0 1 0 0 32064a.dat
1 0 0 -14 10 1 0 0 0 1 0 0 0 1 3706.dat
1 288 -30 -24 30 0 0 -1 0 1 0 1 0 0 2744.dat
1 288 30 -24 30 0 0 -1 0 1 0 1 0 0 2744.dat
1 0 0 -14 50 1 0 0 0 1 0 0 0 1 3706.dat
1 0 45 -14 10 0 -1 0 1 0 0 0 0 1 6632.dat
1 0 55 -14 10 0 -1 0 1 0 0 0 0 1 6632.dat
1 0 -45 -14 10 0 -1 0 1 0 0 0 0 1 6632.dat
1 0 -55 -14 10 0 -1 0 1 0 0 0 0 1 6632.dat
1 7 -60 -14 30 -1 0 0 0 -1 0 0 0 1 3749.dat
1 7 60 -14 30 1 0 0 0 -1 0 0 0 -1 3749.dat
1 0 -15 -14 50 0 -1 0 0 0 -1 1 0 0 6632.dat
1 0 15 -14 50 0 -1 0 0 0 -1 1 0 0 6632.dat
1 0 0 -54 50 -1 0 0 0 0 -1 0 -1 0 3705.dat
1 288 0 -74 50 -1 0 0 0 0 -1 0 -1 0 32039.dat
1 15 -25 -54 50 0 -1 0 1 0 0 0 0 1 6632.dat
1 15 25 -54 50 0 -1 0 1 0 0 0 0 1 6632.dat
1 0 0 -54 90 -1 0 0 0 0 -1 0 -1 0 3707.dat
1 7 -15 -54 90 0 0 1 -1 0 0 0 -1 0 32123b.dat
1 7 15 -54 90 0 0 1 -1 0 0 0 -1 0 32123b.dat
1 0 0 -54 90 -1 0 0 0 0 1 0 1 0 6536.dat
1 0 0 -82 50 0 0 1 -1 0 0 0 -1 0 32062.dat
1 0 0 -144 50 0 0 1 -1 0 0 0 -1 0 32062.dat
1 0 0 -114 50 1 0 0 0 0 1 0 -1 0 32034.dat
1 288 0 -54 110 0 1 0 1 0 0 0 0 -1 32054.dat
1 288 0 -24 0 1 0 0 0 1 0 0 0 1 2717.dat
1 0 0 -154 50 0 0 1 1 0 0 0 1 0 6536.dat
1 0 0 -154 70 1 0 0 0 0 1 0 -1 0 3705.dat
1 7 -15 -154 70 0 0 1 -1 0 0 0 -1 0 32123b.dat
1 7 15 -154 70 0 0 1 -1 0 0 0 -1 0 32123b.dat
1 0 -50 -154 70 0 0 -1 0 -1 0 -1 0 0 32013.dat
1 0 50 -154 70 0 0 1 0 -1 0 1 0 0 32013.dat
1 8 50 -154 60 0 0 -1 0 -1 0 -1 0 0 32002.dat
0 MLCAD FLEXHOSE 15 0 -0.6 0 0 0 -1 0 1 0 1 0 0  60 -154 -50  120 -20 0 90 -74 -50 100 -30 0 250 LS51.dat LS51.dat 0
0 MLCAD SKIP_BEGIN
1 15 50 -154.6 60 1 -6.03819e-017 1.01696e-017 0 -0.166081 -0.986112 6.12323e-017 0.986112 -0.166081 LS51.dat
1 15 50 -154.471 59.233 1 8.93434e-015 -1.53642e-015 0 -0.16948 -0.985534 -9.06548e-015 0.985534 -0.16948 LS51.dat
1 15 50 -154.338 58.4628 1 -9.02697e-015 1.58495e-015 0 -0.172934 -0.984933 9.16506e-015 0.984933 -0.172934 LS51.dat
1 15 50 -154.203 57.6893 1 8.92325e-015 -1.59956e-015 0 -0.176446 -0.98431 -9.06548e-015 0.98431 -0.176446 LS51.dat
1 15 50 -154.063 56.9127 1 -6.0232e-017 1.10227e-017 0 -0.180015 -0.983664 6.12323e-017 0.983664 -0.180015 LS51.dat
1 15 50 -153.921 56.133 1 -1.77399e-014 3.3142e-015 0 -0.183644 -0.982993 1.80468e-014 0.982993 -0.183644 LS51.dat
1 15 50 -153.774 55.3501 1 -6.01483e-017 1.14709e-017 0 -0.187334 -0.982296 6.12323e-017 0.982296 -0.187334 LS51.dat
1 15 50 -153.625 54.5642 1 -6.0104e-017 1.17007e-017 0 -0.191087 -0.981573 6.12323e-017 0.981573 -0.191087 LS51.dat
1 15 50 -153.471 53.7752 1 1.76031e-014 -3.49799e-015 0 -0.194904 -0.980822 -1.79473e-014 0.980822 -0.194904 LS51.dat
1 15 50 -153.314 52.9832 1 -8.76454e-015 1.77775e-015 0 -0.198786 -0.980043 8.94302e-015 0.980043 -0.198786 LS51.dat
1 15 50 -153.152 52.1883 1 1.75746e-014 -3.63855e-015 0 -0.202735 -0.979234 -1.79473e-014 0.979234 -0.202735 LS51.dat
1 15 50 -152.987 51.3904 1 -5.99093e-017 1.266e-017 0 -0.206754 -0.978393 6.12323e-017 0.978393 -0.206754 LS51.dat
1 15 50 -152.818 50.5897 1 -2.58892e-014 5.58406e-015 0 -0.210842 -0.97752 2.64845e-014 0.97752 -0.210842 LS51.dat
1 15 50 -152.645 49.7862 1 2.62016e-014 -5.76832e-015 0 -0.215003 -0.976613 -2.6829e-014 0.976613 -0.215003 LS51.dat
1 15 50 -152.467 48.9799 1 -2.56236e-014 5.75771e-015 0 -0.219237 -0.975672 2.62625e-014 0.975672 -0.219237 LS51.dat
1 15 50 -152.285 48.1709 1 8.83606e-015 -2.02656e-015 0 -0.223547 -0.974693 -9.06548e-015 0.974693 -0.223547 LS51.dat
1 15 50 -152.099 47.3592 1 -5.96205e-017 1.3957e-017 0 -0.227935 -0.973676 6.12323e-017 0.973676 -0.227935 LS51.dat
1 15 50 -151.909 46.545 1 -8.48219e-015 2.02677e-015 0 -0.232402 -0.97262 8.72097e-015 0.97262 -0.232402 LS51.dat
1 15 50 -151.713 45.7283 1 1.74362e-014 -4.25261e-015 0 -0.236951 -0.971522 -1.79473e-014 0.971522 -0.236951 LS51.dat
1 15 50 -151.514 44.9091 1 -5.94187e-017 1.47927e-017 0 -0.241582 -0.97038 6.12323e-017 0.97038 -0.241582 LS51.dat
1 15 50 -151.309 44.0876 1 -8.45231e-015 2.14797e-015 0 -0.2463 -0.969194 8.72097e-015 0.969194 -0.2463 LS51.dat
1 15 50 -151.1 43.2638 1 -5.92704e-017 1.53757e-017 0 -0.251105 -0.96796 6.12323e-017 0.96796 -0.251105 LS51.dat
1 15 50 -150.885 42.4378 1 -1.65869e-014 4.39262e-015 0 -0.256 -0.966677 1.71587e-014 0.966677 -0.256 LS51.dat
1 15 50 -150.666 41.6097 1 1.64679e-014 -4.4522e-015 0 -0.260987 -0.965342 -1.70591e-014 0.965342 -0.260987 LS51.dat
1 15 50 -150.442 40.7796 1 -8.19258e-015 2.2613e-015 0 -0.266068 -0.963954 8.49893e-015 0.963954 -0.266068 LS51.dat
1 15 50 -150.212 39.9476 1 -5.89367e-017 1.66091e-017 0 -0.271247 -0.96251 6.12323e-017 0.96251 -0.271247 LS51.dat
1 15 50 -149.977 39.1138 1 -5.88447e-017 1.69322e-017 0 -0.276524 -0.961007 6.12323e-017 0.961007 -0.276524 LS51.dat
1 15 50 -149.737 38.2782 1 8.69781e-015 -2.55559e-015 0 -0.281903 -0.959443 -9.06548e-015 0.959443 -0.281903 LS51.dat
1 15 50 -149.491 37.4411 1 -5.86492e-017 1.75973e-017 0 -0.287386 -0.957815 6.12323e-017 0.957815 -0.287386 LS51.dat
1 15 50 -149.239 36.6026 1 -8.12599e-015 2.48999e-015 0 -0.292977 -0.95612 8.49893e-015 0.95612 -0.292977 LS51.dat
1 15 50 -148.982 35.7627 1 8.65168e-015 -2.70764e-015 0 -0.298676 -0.954354 -9.06548e-015 0.954354 -0.298676 LS51.dat
1 15 50 -148.719 34.9216 1 -5.83248e-017 1.86445e-017 0 -0.304488 -0.952516 6.12323e-017 0.952516 -0.304488 LS51.dat
1 15 50 -148.449 34.0794 1 -8.07909e-015 2.6382e-015 0 -0.310415 -0.950601 8.49893e-015 0.950601 -0.310415 LS51.dat
1 15 50 -148.174 33.2364 1 8.59957e-015 -2.86887e-015 0 -0.31646 -0.948606 -9.06548e-015 0.948606 -0.31646 LS51.dat
1 15 50 -147.893 32.3925 1 8.58072e-015 -2.92476e-015 0 -0.322626 -0.946526 -9.06548e-015 0.946526 -0.322626 LS51.dat
1 15 50 -147.605 31.5481 1 -5.78253e-017 2.01403e-017 0 -0.328916 -0.944359 6.12323e-017 0.944359 -0.328916 LS51.dat
1 15 50 -147.31 30.7033 1 -5.7687e-017 2.05332e-017 0 -0.335333 -0.9421 6.12323e-017 0.9421 -0.335333 LS51.dat
1 15 50 -147.01 29.8581 1 -7.98681e-015 2.90561e-015 0 -0.34188 -0.939744 8.49893e-015 0.939744 -0.34188 LS51.dat
1 15 50 -146.702 29.013 1 8.49695e-015 -3.15986e-015 0 -0.34856 -0.937286 -9.06548e-015 0.937286 -0.34856 LS51.dat
1 15 50 -146.388 28.1679 1 8.47372e-015 -3.22166e-015 0 -0.355377 -0.934723 -9.06548e-015 0.934723 -0.355377 LS51.dat
1 15 50 -146.067 27.3231 1 -2.34431e-014 9.11349e-015 0 -0.362333 -0.932049 2.51523e-014 0.932049 -0.362333 LS51.dat
1 15 50 -145.738 26.4789 1 2.32804e-014 -9.25526e-015 0 -0.369432 -0.929258 -2.50527e-014 0.929258 -0.369432 LS51.dat
1 15 50 -145.403 25.6354 1 -2.35054e-014 9.55792e-015 0 -0.376677 -0.926345 2.53743e-014 0.926345 -0.376677 LS51.dat
1 15 50 -145.061 24.7928 1 8.37019e-015 -3.4818e-015 0 -0.384072 -0.923303 -9.06548e-015 0.923303 -0.384072 LS51.dat
1 15 50 -144.711 23.9515 1 8.34139e-015 -3.55022e-015 0 -0.39162 -0.920127 -9.06548e-015 0.920127 -0.39162 LS51.dat
1 15 50 -144.353 23.1116 1 8.31132e-015 -3.62007e-015 0 -0.399324 -0.91681 -9.06548e-015 0.91681 -0.399324 LS51.dat
1 15 50 -143.988 22.2733 1 -1.5469e-014 6.89639e-015 0 -0.407188 -0.913344 1.69366e-014 0.913344 -0.407188 LS51.dat
1 15 50 -143.615 21.4371 1 8.24708e-015 -3.76413e-015 0 -0.415215 -0.909723 -9.06548e-015 0.909723 -0.415215 LS51.dat
1 15 50 -143.234 20.603 1 -7.69951e-015 3.59852e-015 0 -0.423409 -0.905939 8.49893e-015 0.905939 -0.423409 LS51.dat
1 15 50 -142.846 19.7715 1 -7.66588e-015 3.6696e-015 0 -0.431772 -0.901983 8.49893e-015 0.901983 -0.431772 LS51.dat
1 15 50 -142.449 18.9428 1 2.32909e-014 -1.1422e-014 0 -0.440309 -0.897846 -2.59409e-014 0.897846 -0.440309 LS51.dat
1 15 50 -142.044 18.1172 1 -7.79237e-015 3.9159e-015 0 -0.449021 -0.893521 8.72097e-015 0.893521 -0.449021 LS51.dat
1 15 50 -141.631 17.295 1 8.05918e-015 -4.1512e-015 0 -0.457913 -0.888997 -9.06548e-015 0.888997 -0.457913 LS51.dat
1 15 50 -141.21 16.4766 1 -5.41456e-017 2.85947e-017 0 -0.466987 -0.884264 6.12323e-017 0.884264 -0.466987 LS51.dat
1 15 50 -140.779 15.6622 1 -1.54783e-014 8.38324e-015 0 -0.476246 -0.879312 1.76028e-014 0.879312 -0.476246 LS51.dat
1 15 50 -140.341 14.8523 1 7.92441e-015 -4.40304e-015 0 -0.485692 -0.87413 -9.06548e-015 0.87413 -0.485692 LS51.dat
1 15 50 -139.893 14.0472 1 -5.31929e-017 3.03301e-017 0 -0.495329 -0.868706 6.12323e-017 0.868706 -0.495329 LS51.dat
1 15 50 -139.437 13.2472 1 -7.71807e-015 4.51763e-015 0 -0.505157 -0.863027 8.94302e-015 0.863027 -0.505157 LS51.dat
1 15 50 -138.972 12.4528 1 -7.6649e-015 4.60726e-015 0 -0.515179 -0.857082 8.94302e-015 0.857082 -0.515179 LS51.dat
1 15 50 -138.498 11.6643 1 -5.21e-017 3.21713e-017 0 -0.525397 -0.850857 6.12323e-017 0.850857 -0.525397 LS51.dat
1 15 50 -138.015 10.8821 1 -5.17008e-017 3.28089e-017 0 -0.53581 -0.844338 6.12323e-017 0.844338 -0.53581 LS51.dat
1 15 50 -137.523 10.1067 1 7.59244e-015 -4.95357e-015 0 -0.546421 -0.837511 -9.06548e-015 0.837511 -0.546421 LS51.dat
1 15 50 -137.022 9.33852 1 -7.79467e-015 5.23077e-015 0 -0.557229 -0.830359 9.38711e-015 0.830359 -0.557229 LS51.dat
1 15 50 -136.512 8.57792 1 7.45969e-015 -5.15131e-015 0 -0.568233 -0.822867 -9.06548e-015 0.822867 -0.568233 LS51.dat
1 15 50 -135.992 7.82538 1 -4.99056e-017 3.548e-017 0 -0.579433 -0.81502 6.12323e-017 0.81502 -0.579433 LS51.dat
1 15 50 -135.463 7.08135 1 -7.75265e-015 5.67734e-015 0 -0.590826 -0.806799 9.60915e-015 0.806799 -0.590826 LS51.dat
1 15 50 -134.925 6.3463 1 -4.88748e-017 3.6887e-017 0 -0.60241 -0.798187 6.12323e-017 0.798187 -0.60241 LS51.dat
1 15 50 -134.377 5.6207 1 -7.75844e-015 6.03813e-015 0 -0.614181 -0.789165 9.83119e-015 0.789165 -0.614181 LS51.dat
1 15 50 -133.82 4.90505 1 1.53788e-014 -1.23496e-014 0 -0.626134 -0.779715 -1.97236e-014 0.779715 -0.626134 LS51.dat
1 15 50 -133.254 4.19982 1 -4.71377e-017 3.90824e-017 0 -0.638265 -0.769817 6.12323e-017 0.769817 -0.638265 LS51.dat
1 15 50 -132.678 3.50551 1 8.23385e-015 -7.05331e-015 0 -0.650564 -0.759451 -1.08418e-014 0.759451 -0.650564 LS51.dat
1 15 50 -132.093 2.82264 1 -1.58369e-014 1.40266e-014 0 -0.663025 -0.748597 2.11555e-014 0.748597 -0.663025 LS51.dat
1 15 50 -131.499 2.1517 1 -4.51426e-017 4.13709e-017 0 -0.675637 -0.737234 6.12323e-017 0.737234 -0.675637 LS51.dat
1 15 50 -130.896 1.49322 1 -7.93626e-015 7.53196e-015 0 -0.68839 -0.725341 1.09414e-014 0.725341 -0.68839 LS51.dat
1 15 50 -130.283 0.847719 1 7.72911e-015 -7.60305e-015 0 -0.701269 -0.712897 -1.08418e-014 0.712897 -0.701269 LS51.dat
1 15 50 -129.661 0.215713 1 -4.28553e-017 4.37358e-017 0 -0.714261 -0.69988 6.12323e-017 0.69988 -0.714261 LS51.dat
1 15 50 -129.031 -0.402272 1 -4.20219e-017 4.45372e-017 0 -0.727347 -0.68627 6.12323e-017 0.68627 -0.727347 LS51.dat
1 15 50 -128.391 -1.00571 1 8.48e-015 -9.3439e-015 0 -0.74051 -0.672046 -1.26182e-014 0.672046 -0.74051 LS51.dat
1 15 50 -127.743 -1.59408 1 -4.02411e-017 4.61525e-017 0 -0.753728 -0.657187 6.12323e-017 0.657187 -0.753728 LS51.dat
1 15 50 -127.086 -2.16686 1 8.09677e-015 -9.67787e-015 0 -0.766977 -0.641674 -1.26182e-014 0.641674 -0.766977 LS51.dat
1 15 50 -126.42 -2.72353 1 -3.83002e-017 4.77755e-017 0 -0.780233 -0.625489 6.12323e-017 0.625489 -0.780233 LS51.dat
1 15 50 -125.747 -3.26358 1 -8.28078e-015 1.07959e-014 0 -0.793466 -0.608615 1.3606e-014 0.608615 -0.793466 LS51.dat
1 15 50 -125.065 -3.78649 1 -1.65719e-014 2.26174e-014 0 -0.806647 -0.591034 2.80389e-014 0.591034 -0.806647 LS51.dat
1 15 50 -124.375 -4.29178 1 2.5031e-014 -3.58263e-014 0 -0.819741 -0.572734 -4.37044e-014 0.572734 -0.819741 LS51.dat
1 15 50 -123.678 -4.77895 1 -1.67547e-014 2.51974e-014 0 -0.832714 -0.553703 3.02593e-014 0.553703 -0.832714 LS51.dat
1 15 50 -122.973 -5.24752 1 8.63414e-015 -1.3673e-014 0 -0.845528 -0.53393 -1.61709e-014 0.53393 -0.845528 LS51.dat
1 15 50 -122.262 -5.69702 1 8.30233e-015 -1.38769e-014 0 -0.858143 -0.513411 -1.61709e-014 0.513411 -0.858143 LS51.dat
1 15 50 -121.543 -6.12701 1 -1.70774e-014 3.0207e-014 0 -0.870515 -0.492142 3.47002e-014 0.492142 -0.870515 LS51.dat
1 15 50 -120.818 -6.53704 1 1.7206e-014 -3.23023e-014 0 -0.882601 -0.470122 -3.6599e-014 0.470122 -0.882601 LS51.dat
1 15 50 -120.086 -6.92671 1 -2.5854e-014 5.16873e-014 0 -0.894356 -0.447357 5.77928e-014 0.447357 -0.894356 LS51.dat
1 15 50 -119.349 -7.2956 1 8.7364e-015 -1.86687e-014 0 -0.90573 -0.423854 -2.06118e-014 0.423854 -0.90573 LS51.dat
1 15 50 -118.605 -7.64334 1 -2.44702e-017 5.61303e-017 0 -0.916677 -0.399628 6.12323e-017 0.399628 -0.916677 LS51.dat
1 15 50 -117.857 -7.96958 1 8.72154e-015 -2.15806e-014 0 -0.927148 -0.374696 -2.32763e-014 0.374696 -0.927148 LS51.dat
1 15 50 -117.104 -8.27398 1 -2.1375e-017 5.73804e-017 0 -0.937093 -0.34908 6.12323e-017 0.34908 -0.937093 LS51.dat
1 15 50 -116.346 -8.55623 1 -1.97664e-017 5.79542e-017 0 -0.946464 -0.32281 6.12323e-017 0.32281 -0.946464 LS51.dat
1 15 50 -115.584 -8.81605 1 -1.81197e-017 5.849e-017 0 -0.955214 -0.295917 6.12323e-017 0.295917 -0.955214 LS51.dat
1 15 50 -114.819 -9.05318 1 -1.7779e-014 6.37996e-014 0 -0.963296 -0.268442 6.62305e-014 0.268442 -0.963296 LS51.dat
1 15 50 -114.05 -9.2674 1 2.69503e-014 -1.08806e-013 0 -0.970668 -0.240426 -1.12094e-013 0.240426 -0.970668 LS51.dat
1 15 50 -113.279 -9.45851 1 -1.7941e-014 8.27374e-014 0 -0.977287 -0.211918 8.46602e-014 0.211918 -0.977287 LS51.dat
1 15 50 -112.505 -9.62634 1 2.70104e-014 -1.45129e-013 0 -0.983118 -0.182971 -1.47621e-013 0.182971 -0.983118 LS51.dat
1 15 50 -111.729 -9.77074 1 -2.7097e-014 1.74271e-013 0 -0.988127 -0.153642 1.76365e-013 0.153642 -0.988127 LS51.dat
1 15 50 -110.951 -9.89162 1 2.72239e-014 -2.17869e-013 0 -0.992283 -0.123991 -2.19564e-013 0.123991 -0.992283 LS51.dat
1 15 50 -110.173 -9.9889 1 -9.0721e-015 9.60009e-014 0 -0.995565 -0.094081 9.64286e-014 0.094081 -0.995565 LS51.dat
1 15 50 -109.394 -10.0625 1 -3.91755e-018 6.11069e-017 0 -0.997951 -0.0639784 6.12323e-017 0.0639784 -0.997951 LS51.dat
1 15 50 -108.615 -10.1125 1 -9.11487e-015 2.69914e-013 0 -0.99943 -0.0337504 2.70067e-013 0.0337504 -0.99943 LS51.dat
1 15 50 -107.836 -10.1388 1 -2.12177e-019 6.1232e-017 0 -0.999994 -0.00346512 6.12323e-017 0.00346512 -0.999994 LS51.dat
1 15 50 -107.058 -10.1415 -1 -9.14508e-015 3.40999e-013 0 -0.999641 -0.0268088 3.41122e-013 -0.0268088 0.999641 LS51.dat
1 15 50 -106.281 -10.1206 -1 9.14779e-015 -1.60216e-013 0 -0.998374 -0.0570037 -1.60477e-013 -0.0570037 0.998374 LS51.dat
1 15 50 -105.506 -10.0764 1 5.33046e-018 6.09999e-017 0 -0.996204 0.087053 6.12323e-017 -0.087053 -0.996204 LS51.dat
1 15 50 -104.733 -10.0088 -1 9.15506e-015 -7.77836e-014 0 -0.993145 -0.116892 -7.83205e-014 -0.116892 0.993145 LS51.dat
1 15 50 -103.962 -9.91814 1 8.96807e-018 6.0572e-017 0 -0.989217 0.14646 6.12323e-017 -0.14646 -0.989217 LS51.dat
1 15 50 -103.195 -9.80451 -1 -2.74756e-014 1.53948e-013 0 -0.984444 -0.175697 1.56381e-013 -0.175697 0.984444 LS51.dat
1 15 50 -102.431 -9.66815 -1 9.11668e-015 -4.36274e-014 0 -0.978856 -0.204549 -4.45697e-014 -0.204549 0.978856 LS51.dat
1 15 50 -101.67 -9.5093 -1 9.08997e-015 -3.7945e-014 0 -0.972485 -0.232965 -3.90186e-014 -0.232965 0.972485 LS51.dat
1 15 50 -100.915 -9.32822 -1 9.07922e-015 -3.35945e-014 0 -0.965366 -0.260899 -3.47998e-014 -0.260899 0.965366 LS51.dat
1 15 50 -100.163 -9.12519 -1 -1.82627e-014 6.06542e-014 0 -0.957537 -0.288309 6.33439e-014 -0.288309 0.957537 LS51.dat
1 15 50 -99.4171 -8.90051 -1 9.07803e-015 -2.73366e-014 0 -0.949039 -0.31516 -2.88046e-014 -0.31516 0.949039 LS51.dat
1 15 50 -98.6763 -8.6545 -1 -9.11809e-015 2.51018e-014 0 -0.939912 -0.341417 2.67066e-014 -0.341417 0.939912 LS51.dat
1 15 50 -97.9413 -8.38751 -1 -9.06927e-015 2.29835e-014 0 -0.930199 -0.367055 2.47082e-014 -0.367055 0.930199 LS51.dat
1 15 50 -97.2124 -8.09989 -1 3.61029e-014 -8.47151e-014 0 -0.919943 -0.392051 -9.20873e-014 -0.392051 0.919943 LS51.dat
1 15 50 -96.49 -7.79201 -1 -8.99378e-015 1.9638e-014 0 -0.909187 -0.416387 2.15996e-014 -0.416387 0.909187 LS51.dat
1 15 50 -95.7743 -7.46425 -1 -9.01632e-015 1.83989e-014 0 -0.897974 -0.440049 2.04893e-014 -0.440049 0.897974 LS51.dat
1 15 50 -95.0657 -7.11701 -1 8.91636e-015 -1.7068e-014 0 -0.886344 -0.463028 -1.92566e-014 -0.463028 0.886344 LS51.dat
1 15 50 -94.3645 -6.75069 -1 -8.97396e-015 1.61673e-014 0 -0.874338 -0.485317 1.84909e-014 -0.485317 0.874338 LS51.dat
1 15 50 -93.6709 -6.36571 1 3.10395e-017 5.27821e-017 0 -0.861997 0.506914 6.12323e-017 -0.506914 -0.861997 LS51.dat
1 15 50 -92.9853 -5.96249 1 3.23196e-017 5.20081e-017 0 -0.849357 0.527819 6.12323e-017 -0.527819 -0.849357 LS51.dat
1 15 50 -92.3077 -5.54145 1 3.35576e-017 5.1218e-017 0 -0.836454 0.548037 6.12323e-017 -0.548037 -0.836454 LS51.dat
1 15 50 -91.6386 -5.10303 1 3.47538e-017 5.0414e-017 0 -0.823323 0.567573 6.12323e-017 -0.567573 -0.823323 LS51.dat
1 15 50 -90.978 -4.64766 -1 -8.89052e-015 1.22798e-014 0 -0.809996 -0.586436 1.51603e-014 -0.586436 0.809996 LS51.dat
1 15 50 -90.3262 -4.17578 1 3.70232e-017 4.87718e-017 0 -0.796503 0.604634 6.12323e-017 -0.604634 -0.796503 LS51.dat
1 15 50 -89.6835 -3.68784 1 3.80976e-017 4.79372e-017 0 -0.782873 0.622181 6.12323e-017 -0.622181 -0.782873 LS51.dat
1 15 50 -89.0498 -3.18426 -1 8.61715e-015 -1.03706e-014 0 -0.769133 -0.639089 -1.34835e-014 -0.639089 0.769133 LS51.dat
1 15 50 -88.4255 -2.66551 -1 8.69118e-015 -1.00164e-014 0 -0.755306 -0.655372 -1.32614e-014 -0.655372 0.755306 LS51.dat
1 15 50 -87.8107 -2.132 -1 -8.68322e-015 9.59378e-015 0 -0.741416 -0.671046 1.29398e-014 -0.671046 0.741416 LS51.dat
1 15 50 -87.2054 -1.58418 1 4.20131e-017 4.45454e-017 0 -0.727482 0.686126 6.12323e-017 -0.686126 -0.727482 LS51.dat
1 15 50 -86.6098 -1.02248 1 4.29012e-017 4.36908e-017 0 -0.713526 0.700629 6.12323e-017 -0.700629 -0.713526 LS51.dat
1 15 50 -86.0241 -0.447333 1 4.37549e-017 4.28359e-017 0 -0.699563 0.714571 6.12323e-017 -0.714571 -0.699563 LS51.dat
1 15 50 -85.4483 0.140839 1 4.45753e-017 4.19815e-017 0 -0.685609 0.72797 6.12323e-017 -0.72797 -0.685609 LS51.dat
1 15 50 -84.8825 0.741614 1 4.53634e-017 4.11286e-017 0 -0.67168 0.740841 6.12323e-017 -0.740841 -0.67168 LS51.dat
1 15 50 -84.3267 1.35458 -1 8.48336e-015 -7.4087e-015 0 -0.657788 -0.753203 -1.1263e-014 -0.753203 0.657788 LS51.dat
1 15 50 -83.7811 1.97932 -1 -8.54085e-015 7.18866e-015 0 -0.643945 -0.765072 1.11635e-014 -0.765072 0.643945 LS51.dat
1 15 50 -83.2457 2.61544 1 4.75447e-017 3.85862e-017 0 -0.630161 0.776465 6.12323e-017 -0.776465 -0.630161 LS51.dat
1 15 50 -82.7205 3.26254 1 4.82142e-017 3.77464e-017 0 -0.616446 0.787398 6.12323e-017 -0.787398 -0.616446 LS51.dat
1 15 50 -82.2056 3.92023 -1 -8.55285e-015 6.46171e-015 0 -0.602807 -0.797887 1.07194e-014 -0.797887 0.602807 LS51.dat
1 15 50 -81.701 4.58814 -1 1.68142e-014 -1.22629e-014 0 -0.589253 -0.807949 -2.0811e-014 -0.807949 0.589253 LS51.dat
1 15 50 -81.2068 5.26587 -1 -8.40105e-015 5.9164e-015 0 -0.575789 -0.817598 1.02753e-014 -0.817598 0.575789 LS51.dat
1 15 50 -80.7228 5.95308 1 5.063e-017 3.44384e-017 0 -0.562422 0.82685 6.12323e-017 -0.82685 -0.562422 LS51.dat
1 15 50 -80.2492 6.64939 1 5.11731e-017 3.36261e-017 0 -0.549157 0.835719 6.12323e-017 -0.835719 -0.549157 LS51.dat
1 15 50 -79.7859 7.35446 1 5.16936e-017 3.28203e-017 0 -0.535997 0.84422 6.12323e-017 -0.84422 -0.535997 LS51.dat
1 15 50 -79.3329 8.06795 1 5.21924e-017 3.20212e-017 0 -0.522946 0.852366 6.12323e-017 -0.852366 -0.522946 LS51.dat
1 15 50 -78.8902 8.78951 1 5.26702e-017 3.1229e-017 0 -0.510007 0.86017 6.12323e-017 -0.86017 -0.510007 LS51.dat
1 15 50 -78.4577 9.51883 1 5.31279e-017 3.04437e-017 0 -0.497184 0.867645 6.12323e-017 -0.867645 -0.497184 LS51.dat
1 15 50 -78.0356 10.2556 1 5.35663e-017 2.96657e-017 0 -0.484478 0.874804 6.12323e-017 -0.874804 -0.484478 LS51.dat
1 15 50 -77.6236 10.9995 1 5.39859e-017 2.88949e-017 0 -0.47189 0.881657 6.12323e-017 -0.881657 -0.47189 LS51.dat
1 15 50 -77.2218 11.7501 1 5.43876e-017 2.81315e-017 0 -0.459423 0.888218 6.12323e-017 -0.888218 -0.459423 LS51.dat
1 15 50 -76.8301 12.5074 1 5.47721e-017 2.73756e-017 0 -0.447077 0.894496 6.12323e-017 -0.894496 -0.447077 LS51.dat
1 15 50 -76.4486 13.2708 1 5.51398e-017 2.6627e-017 0 -0.434853 0.900502 6.12323e-017 -0.900502 -0.434853 LS51.dat
1 15 50 -76.077 14.0402 1 5.54916e-017 2.5886e-017 0 -0.422751 0.906246 6.12323e-017 -0.906246 -0.422751 LS51.dat
1 15 50 -75.7155 14.8153 1 5.58279e-017 2.51525e-017 0 -0.410772 0.911738 6.12323e-017 -0.911738 -0.410772 LS51.dat
1 15 50 -75.3638 15.5958 1 5.61493e-017 2.44265e-017 0 -0.398916 0.916988 6.12323e-017 -0.916988 -0.398916 LS51.dat
1 15 50 -75.022 16.3815 1 5.64564e-017 2.3708e-017 0 -0.387182 0.922003 6.12323e-017 -0.922003 -0.387182 LS51.dat
1 15 50 -74.69 17.172 -1 8.17483e-015 -3.31274e-015 0 -0.37557 -0.926794 -8.82055e-015 -0.926794 0.37557 LS51.dat
1 15 50 -74.3678 17.9673 -1 -8.32923e-015 3.25598e-015 0 -0.364081 -0.931367 8.94302e-015 -0.931367 0.364081 LS51.dat
1 15 50 -74.0552 18.767 1 5.72971e-017 2.15974e-017 0 -0.352712 0.935732 6.12323e-017 -0.935732 -0.352712 LS51.dat
1 15 50 -73.7521 19.5709 1 5.7552e-017 2.09086e-017 0 -0.341464 0.939895 6.12323e-017 -0.939895 -0.341464 LS51.dat
1 15 50 -73.4587 20.3787 1 5.7795e-017 2.02272e-017 0 -0.330336 0.943864 6.12323e-017 -0.943864 -0.330336 LS51.dat
1 15 50 -73.1746 21.1903 1 5.80265e-017 1.95531e-017 0 -0.319326 0.947645 6.12323e-017 -0.947645 -0.319326 LS51.dat
1 15 50 -72.8999 22.0055 1 5.8247e-017 1.88862e-017 0 -0.308435 0.951246 6.12323e-017 -0.951246 -0.308435 LS51.dat
1 15 50 -72.6345 22.8241 1 5.84568e-017 1.82264e-017 0 -0.29766 0.954672 6.12323e-017 -0.954672 -0.29766 LS51.dat
1 15 50 -72.3783 23.6457 1 5.86563e-017 1.75737e-017 0 -0.287001 0.95793 6.12323e-017 -0.95793 -0.287001 LS51.dat
1 15 50 -72.1312 24.4704 1 5.88459e-017 1.69281e-017 0 -0.276456 0.961026 6.12323e-017 -0.961026 -0.276456 LS51.dat
1 15 50 -71.8932 25.2978 1 5.90259e-017 1.62894e-017 0 -0.266026 0.963966 6.12323e-017 -0.963966 -0.266026 LS51.dat
1 15 50 -71.6642 26.1278 1 5.91966e-017 1.56576e-017 0 -0.255708 0.966754 6.12323e-017 -0.966754 -0.255708 LS51.dat
1 15 50 -71.444 26.9603 -1 -8.23883e-015 2.08649e-015 0 -0.2455 -0.969396 8.49893e-015 -0.969396 0.2455 LS51.dat
1 15 50 -71.2326 27.795 -1 8.14107e-015 -1.97185e-015 0 -0.235403 -0.971898 -8.37646e-015 -0.971898 0.235403 LS51.dat
1 15 50 -71.0299 28.6318 -1 -8.28019e-015 1.91579e-015 0 -0.225415 -0.974263 8.49893e-015 -0.974263 0.225415 LS51.dat
1 15 50 -70.8359 29.4705 -1 8.17958e-015 -1.80542e-015 0 -0.215534 -0.976496 -8.37646e-015 -0.976496 0.215534 LS51.dat
1 15 50 -70.6503 30.3109 1 5.99221e-017 1.25992e-017 0 -0.20576 0.978602 6.12323e-017 -0.978602 -0.20576 LS51.dat
1 15 50 -70.4733 31.153 1 6.00436e-017 1.20071e-017 0 -0.196091 0.980586 6.12323e-017 -0.980586 -0.196091 LS51.dat
1 15 50 -70.3046 31.9966 1 6.01577e-017 1.14214e-017 0 -0.186525 0.98245 6.12323e-017 -0.98245 -0.186525 LS51.dat
1 15 50 -70.1442 32.8415 1 6.02648e-017 1.08419e-017 0 -0.177062 0.9842 6.12323e-017 -0.9842 -0.177062 LS51.dat
1 15 50 -69.992 33.6876 1 6.03652e-017 1.02687e-017 0 -0.167701 0.985838 6.12323e-017 -0.985838 -0.167701 LS51.dat
1 15 50 -69.8479 34.5348 1 6.04589e-017 9.70163e-018 0 -0.15844 0.987369 6.12323e-017 -0.987369 -0.15844 LS51.dat
1 15 50 -69.7118 35.3829 1 6.05463e-017 9.14061e-018 0 -0.149277 0.988795 6.12323e-017 -0.988795 -0.149277 LS51.dat
1 15 50 -69.5836 36.2318 1 6.06274e-017 8.58557e-018 0 -0.140213 0.990121 6.12323e-017 -0.990121 -0.140213 LS51.dat
1 15 50 -69.4633 37.0814 1 6.07027e-017 8.03644e-018 0 -0.131245 0.99135 6.12323e-017 -0.99135 -0.131245 LS51.dat
1 15 50 -69.3507 37.9316 1 6.07721e-017 7.49316e-018 0 -0.122373 0.992484 6.12323e-017 -0.992484 -0.122373 LS51.dat
1 15 50 -69.2459 38.7822 1 6.0836e-017 6.95565e-018 0 -0.113594 0.993527 6.12323e-017 -0.993527 -0.113594 LS51.dat
1 15 50 -69.1486 39.6331 -1 -8.23121e-015 8.68323e-016 0 -0.104909 -0.994482 8.27688e-015 -0.994482 0.104909 LS51.dat
1 15 50 -69.0588 40.4843 -1 8.11651e-015 -7.85403e-016 0 -0.0963163 -0.995351 -8.15442e-015 -0.995351 0.0963163 LS51.dat
1 15 50 -68.9764 41.3357 1 6.09958e-017 5.37706e-018 0 -0.0878141 0.996137 6.12323e-017 -0.996137 -0.0878141 LS51.dat
1 15 50 -68.9013 42.187 1 6.1039e-017 4.86195e-018 0 -0.0794017 0.996843 6.12323e-017 -0.996843 -0.0794017 LS51.dat
1 15 50 -68.8335 43.0383 1 6.10775e-017 4.35227e-018 0 -0.0710779 0.997471 6.12323e-017 -0.997471 -0.0710779 LS51.dat
1 15 50 -68.7729 43.8894 1 6.11113e-017 3.84795e-018 0 -0.0628418 0.998024 6.12323e-017 -0.998024 -0.0628418 LS51.dat
1 15 50 -68.7193 44.7403 -1 -8.26449e-015 4.52681e-016 0 -0.0546923 -0.998503 8.27688e-015 -0.998503 0.0546923 LS51.dat
1 15 50 -68.6727 45.5908 -1 8.14555e-015 -3.80226e-016 0 -0.0466283 -0.998912 -8.15442e-015 -0.998912 0.0466283 LS51.dat
1 15 50 -68.633 46.4409 1 6.11866e-017 2.36656e-018 0 -0.0386488 0.999253 6.12323e-017 -0.999253 -0.0386488 LS51.dat
1 15 50 -68.6002 47.2905 1 6.12034e-017 1.88307e-018 0 -0.0307528 0.999527 6.12323e-017 -0.999527 -0.0307528 LS51.dat
1 15 50 -68.5741 48.1394 -1 -8.2747e-015 1.89867e-016 0 -0.0229394 -0.999737 8.27688e-015 -0.999737 0.0229394 LS51.dat
1 15 50 -68.5546 48.9877 -1 8.15348e-015 -1.24008e-016 0 -0.0152075 -0.999884 -8.15442e-015 -0.999884 0.0152075 LS51.dat
1 15 50 -68.5417 49.8352 1 6.12306e-017 4.62686e-019 0 -0.00755623 0.999971 6.12323e-017 -0.999971 -0.00755623 LS51.dat
1 15 50 -68.5353 50.6819 1 6.12323e-017 -9.41589e-022 0 1.53773e-005 1 6.12323e-017 -1 1.53773e-005 LS51.dat
1 15 50 -68.5353 51.5276 1 6.12306e-017 -4.59748e-019 0 0.00750825 0.999972 6.12323e-017 -0.999972 0.00750825 LS51.dat
1 15 50 -68.5417 52.3724 1 6.12255e-017 -9.13788e-019 0 0.0149233 0.999889 6.12323e-017 -0.999889 0.0149233 LS51.dat
1 15 50 -68.5543 53.2161 1 6.12172e-017 -1.36312e-018 0 0.0222614 0.999752 6.12323e-017 -0.999752 0.0222614 LS51.dat
1 15 50 -68.573 54.0587 1 6.12056e-017 -1.80779e-018 0 0.0295235 0.999564 6.12323e-017 -0.999564 0.0295235 LS51.dat
1 15 50 -68.5979 54.9001 1 6.11911e-017 -2.24786e-018 0 0.0367104 0.999326 6.12323e-017 -0.999326 0.0367104 LS51.dat
1 15 50 -68.6287 55.7402 -1 -8.49076e-015 -3.72448e-016 0 0.0438229 -0.999039 8.49893e-015 -0.999039 -0.0438229 LS51.dat
1 15 50 -68.6655 56.579 -1 8.36562e-015 4.26043e-016 0 0.050862 -0.998706 -8.37646e-015 -0.998706 -0.050862 LS51.dat
1 15 50 -68.7082 57.4165 1 6.11299e-017 -3.54097e-018 0 0.0578284 0.998327 6.12323e-017 -0.998327 0.0578284 LS51.dat
1 15 50 -68.7566 58.2525 1 6.1104e-017 -3.96314e-018 0 0.0647229 0.997903 6.12323e-017 -0.997903 0.0647229 LS51.dat
1 15 50 -68.8107 59.087 1 6.10754e-017 -4.38095e-018 0 0.0715464 0.997437 6.12323e-017 -0.997437 0.0715464 LS51.dat
1 15 50 -68.8705 59.92 1 6.10443e-017 -4.79447e-018 0 0.0782997 0.99693 6.12323e-017 -0.99693 0.0782997 LS51.dat
1 15 50 -68.9358 60.7513 1 6.10108e-017 -5.20373e-018 0 0.0849834 0.996382 6.12323e-017 -0.996382 0.0849834 LS51.dat
1 15 50 -69.0065 61.581 1 6.09749e-017 -5.60879e-018 0 0.0915985 0.995796 6.12323e-017 -0.995796 0.0915985 LS51.dat
1 15 50 -69.0827 62.409 1 6.09367e-017 -6.00968e-018 0 0.0981455 0.995172 6.12323e-017 -0.995172 0.0981455 LS51.dat
1 15 50 -69.1642 63.2353 1 6.08963e-017 -6.40646e-018 0 0.104625 0.994512 6.12323e-017 -0.994512 0.104625 LS51.dat
1 15 50 -69.2509 64.0597 1 6.08537e-017 -6.79916e-018 0 0.111039 0.993816 6.12323e-017 -0.993816 0.111039 LS51.dat
1 15 50 -69.3428 64.8823 1 6.0809e-017 -7.18784e-018 0 0.117386 0.993086 6.12323e-017 -0.993086 0.117386 LS51.dat
1 15 50 -69.4398 65.7029 1 6.07623e-017 -7.57253e-018 0 0.123669 0.992324 6.12323e-017 -0.992324 0.123669 LS51.dat
1 15 50 -69.5419 66.5217 1 6.07136e-017 -7.95329e-018 0 0.129887 0.991529 6.12323e-017 -0.991529 0.129887 LS51.dat
1 15 50 -69.6489 67.3384 1 6.06631e-017 -8.33014e-018 0 0.136042 0.990703 6.12323e-017 -0.990703 0.136042 LS51.dat
1 15 50 -69.7607 68.1531 -1 -8.63243e-015 -1.23954e-015 0 0.142133 -0.989848 8.72097e-015 -0.989848 -0.142133 LS51.dat
1 15 50 -69.8774 68.9657 -1 8.50361e-015 1.27397e-015 0 0.148162 -0.988963 -8.59851e-015 -0.988963 -0.148162 LS51.dat
1 15 50 -69.9988 69.7763 1 6.05007e-017 -9.43772e-018 0 0.15413 0.988051 6.12323e-017 -0.988051 0.15413 LS51.dat
1 15 50 -70.1249 70.5846 -1 -8.60857e-015 -1.39567e-015 0 0.160036 -0.987111 8.72097e-015 -0.987111 -0.160036 LS51.dat
1 15 50 -70.2556 71.3908 -1 8.69835e-015 1.46317e-015 0 0.165882 -0.986146 -8.82055e-015 -0.986146 -0.165882 LS51.dat
1 15 50 -70.3909 72.1948 1 6.03233e-017 -1.05117e-017 0 0.171669 0.985155 6.12323e-017 -0.985155 0.171669 LS51.dat
1 15 50 -70.5306 72.9964 1 6.02612e-017 -1.08624e-017 0 0.177396 0.98414 6.12323e-017 -0.98414 0.177396 LS51.dat
1 15 50 -70.6747 73.7958 1 6.01976e-017 -1.12095e-017 0 0.183065 0.983101 6.12323e-017 -0.983101 0.183065 LS51.dat
1 15 50 -70.8231 74.5929 1 6.01326e-017 -1.15531e-017 0 0.188676 0.982039 6.12323e-017 -0.982039 0.188676 LS51.dat
1 15 50 -70.9758 75.3876 1 6.00662e-017 -1.18931e-017 0 0.19423 0.980956 6.12323e-017 -0.980956 0.19423 LS51.dat
1 15 50 -71.1327 76.1799 1 5.99986e-017 -1.22297e-017 0 0.199727 0.979852 6.12323e-017 -0.979852 0.199727 LS51.dat
1 15 50 -71.2937 76.9698 1 5.99297e-017 -1.25629e-017 0 0.205168 0.978727 6.12323e-017 -0.978727 0.205168 LS51.dat
1 15 50 -71.4587 77.7572 1 5.98597e-017 -1.28927e-017 0 0.210553 0.977582 6.12323e-017 -0.977582 0.210553 LS51.dat
1 15 50 -71.6278 78.5421 1 5.97884e-017 -1.32191e-017 0 0.215884 0.976419 6.12323e-017 -0.976419 0.215884 LS51.dat
1 15 50 -71.8008 79.3245 1 5.97161e-017 -1.35422e-017 0 0.22116 0.975237 6.12323e-017 -0.975237 0.22116 LS51.dat
1 15 50 -71.9776 80.1044 1 5.96427e-017 -1.38619e-017 0 0.226383 0.974038 6.12323e-017 -0.974038 0.226383 LS51.dat
1 15 50 -72.1583 80.8817 1 5.95682e-017 -1.41785e-017 0 0.231552 0.972823 6.12323e-017 -0.972823 0.231552 LS51.dat
1 15 50 -72.3427 81.6563 1 5.94928e-017 -1.44918e-017 0 0.236669 0.97159 6.12323e-017 -0.97159 0.236669 LS51.dat
1 15 50 -72.5307 82.4284 1 5.94164e-017 -1.48019e-017 0 0.241733 0.970343 6.12323e-017 -0.970343 0.241733 LS51.dat
1 15 50 -72.7224 83.1979 -1 8.763e-015 2.23122e-015 0 0.246746 -0.96908 -9.0426e-015 -0.96908 -0.246746 LS51.dat
1 15 50 -72.9177 83.9646 -1 -1.78956e-014 -4.65431e-015 0 0.251708 -0.967803 1.84909e-014 -0.967803 -0.251708 LS51.dat
1 15 50 -73.1164 84.7287 -1 8.95439e-015 2.37748e-015 0 0.256619 -0.966513 -9.26464e-015 -0.966513 -0.256619 LS51.dat
1 15 50 -73.3185 85.49 1 5.9102e-017 -1.6011e-017 0 0.26148 0.965209 6.12323e-017 -0.965209 0.26148 LS51.dat
1 15 50 -73.524 86.2487 1 5.90214e-017 -1.63057e-017 0 0.266292 0.963892 6.12323e-017 -0.963892 0.266292 LS51.dat
1 15 50 -73.7329 87.0045 1 5.894e-017 -1.65973e-017 0 0.271054 0.962564 6.12323e-017 -0.962564 0.271054 LS51.dat
1 15 50 -73.9449 87.7576 1 5.8858e-017 -1.6886e-017 0 0.275769 0.961224 6.12323e-017 -0.961224 0.275769 LS51.dat
1 15 50 -74.1602 88.5079 -1 9.10601e-015 2.6604e-015 0 0.280435 -0.959873 -9.48669e-015 -0.959873 -0.280435 LS51.dat
1 15 50 -74.3785 89.2554 -1 -9.21048e-015 -2.73912e-015 0 0.285054 -0.958512 9.60915e-015 -0.958512 -0.285054 LS51.dat
0 MLCAD SKIP_END
0 MLCAD FLEXHOSE 15 -100 -0.6 0 0 0 -1 0 1 0 1 0 0  60 -154 -50  120 -20 0 90 -74 -50 100 -30 0 250 LS51.dat LS51.dat 0
0 MLCAD SKIP_BEGIN
1 15 -50 -154.6 60 1 -6.03819e-017 1.01696e-017 0 -0.166081 -0.986112 6.12323e-017 0.986112 -0.166081 LS51.dat
1 15 -50 -154.471 59.233 1 8.93434e-015 -1.53642e-015 0 -0.16948 -0.985534 -9.06548e-015 0.985534 -0.16948 LS51.dat
1 15 -50 -154.338 58.4628 1 -9.02697e-015 1.58495e-015 0 -0.172934 -0.984933 9.16506e-015 0.984933 -0.172934 LS51.dat
1 15 -50 -154.203 57.6893 1 8.92325e-015 -1.59956e-015 0 -0.176446 -0.98431 -9.06548e-015 0.98431 -0.176446 LS51.dat
1 15 -50 -154.063 56.9127 1 -6.0232e-017 1.10227e-017 0 -0.180015 -0.983664 6.12323e-017 0.983664 -0.180015 LS51.dat
1 15 -50 -153.921 56.133 1 -1.77399e-014 3.3142e-015 0 -0.183644 -0.982993 1.80468e-014 0.982993 -0.183644 LS51.dat
1 15 -50 -153.774 55.3501 1 -6.01483e-017 1.14709e-017 0 -0.187334 -0.982296 6.12323e-017 0.982296 -0.187334 LS51.dat
1 15 -50 -153.625 54.5642 1 -6.0104e-017 1.17007e-017 0 -0.191087 -0.981573 6.12323e-017 0.981573 -0.191087 LS51.dat
1 15 -50 -153.471 53.7752 1 1.76031e-014 -3.49799e-015 0 -0.194904 -0.980822 -1.79473e-014 0.980822 -0.194904 LS51.dat
1 15 -50 -153.314 52.9832 1 -8.76454e-015 1.77775e-015 0 -0.198786 -0.980043 8.94302e-015 0.980043 -0.198786 LS51.dat
1 15 -50 -153.152 52.1883 1 1.75746e-014 -3.63855e-015 0 -0.202735 -0.979234 -1.79473e-014 0.979234 -0.202735 LS51.dat
1 15 -50 -152.987 51.3904 1 -5.99093e-017 1.266e-017 0 -0.206754 -0.978393 6.12323e-017 0.978393 -0.206754 LS51.dat
1 15 -50 -152.818 50.5897 1 -2.58892e-014 5.58406e-015 0 -0.210842 -0.97752 2.64845e-014 0.97752 -0.210842 LS51.dat
1 15 -50 -152.645 49.7862 1 2.62016e-014 -5.76832e-015 0 -0.215003 -0.976613 -2.6829e-014 0.976613 -0.215003 LS51.dat
1 15 -50 -152.467 48.9799 1 -2.56236e-014 5.75771e-015 0 -0.219237 -0.975672 2.62625e-014 0.975672 -0.219237 LS51.dat
1 15 -50 -152.285 48.1709 1 8.83606e-015 -2.02656e-015 0 -0.223547 -0.974693 -9.06548e-015 0.974693 -0.223547 LS51.dat
1 15 -50 -152.099 47.3592 1 -5.96205e-017 1.3957e-017 0 -0.227935 -0.973676 6.12323e-017 0.973676 -0.227935 LS51.dat
1 15 -50 -151.909 46.545 1 -8.48219e-015 2.02677e-015 0 -0.232402 -0.97262 8.72097e-015 0.97262 -0.232402 LS51.dat
1 15 -50 -151.713 45.7283 1 1.74362e-014 -4.25261e-015 0 -0.236951 -0.971522 -1.79473e-014 0.971522 -0.236951 LS51.dat
1 15 -50 -151.514 44.9091 1 -5.94187e-017 1.47927e-017 0 -0.241582 -0.97038 6.12323e-017 0.97038 -0.241582 LS51.dat
1 15 -50 -151.309 44.0876 1 -8.45231e-015 2.14797e-015 0 -0.2463 -0.969194 8.72097e-015 0.969194 -0.2463 LS51.dat
1 15 -50 -151.1 43.2638 1 -5.92704e-017 1.53757e-017 0 -0.251105 -0.96796 6.12323e-017 0.96796 -0.251105 LS51.dat
1 15 -50 -150.885 42.4378 1 -1.65869e-014 4.39262e-015 0 -0.256 -0.966677 1.71587e-014 0.966677 -0.256 LS51.dat
1 15 -50 -150.666 41.6097 1 1.64679e-014 -4.4522e-015 0 -0.260987 -0.965342 -1.70591e-014 0.965342 -0.260987 LS51.dat
1 15 -50 -150.442 40.7796 1 -8.19258e-015 2.2613e-015 0 -0.266068 -0.963954 8.49893e-015 0.963954 -0.266068 LS51.dat
1 15 -50 -150.212 39.9476 1 -5.89367e-017 1.66091e-017 0 -0.271247 -0.96251 6.12323e-017 0.96251 -0.271247 LS51.dat
1 15 -50 -149.977 39.1138 1 -5.88447e-017 1.69322e-017 0 -0.276524 -0.961007 6.12323e-017 0.961007 -0.276524 LS51.dat
1 15 -50 -149.737 38.2782 1 8.69781e-015 -2.55559e-015 0 -0.281903 -0.959443 -9.06548e-015 0.959443 -0.281903 LS51.dat
1 15 -50 -149.491 37.4411 1 -5.86492e-017 1.75973e-017 0 -0.287386 -0.957815 6.12323e-017 0.957815 -0.287386 LS51.dat
1 15 -50 -149.239 36.6026 1 -8.12599e-015 2.48999e-015 0 -0.292977 -0.95612 8.49893e-015 0.95612 -0.292977 LS51.dat
1 15 -50 -148.982 35.7627 1 8.65168e-015 -2.70764e-015 0 -0.298676 -0.954354 -9.06548e-015 0.954354 -0.298676 LS51.dat
1 15 -50 -148.719 34.9216 1 -5.83248e-017 1.86445e-017 0 -0.304488 -0.952516 6.12323e-017 0.952516 -0.304488 LS51.dat
1 15 -50 -148.449 34.0794 1 -8.07909e-015 2.6382e-015 0 -0.310415 -0.950601 8.49893e-015 0.950601 -0.310415 LS51.dat
1 15 -50 -148.174 33.2364 1 8.59957e-015 -2.86887e-015 0 -0.31646 -0.948606 -9.06548e-015 0.948606 -0.31646 LS51.dat
1 15 -50 -147.893 32.3925 1 8.58072e-015 -2.92476e-015 0 -0.322626 -0.946526 -9.06548e-015 0.946526 -0.322626 LS51.dat
1 15 -50 -147.605 31.5481 1 -5.78253e-017 2.01403e-017 0 -0.328916 -0.944359 6.12323e-017 0.944359 -0.328916 LS51.dat
1 15 -50 -147.31 30.7033 1 -5.7687e-017 2.05332e-017 0 -0.335333 -0.9421 6.12323e-017 0.9421 -0.335333 LS51.dat
1 15 -50 -147.01 29.8581 1 -7.98681e-015 2.90561e-015 0 -0.34188 -0.939744 8.49893e-015 0.939744 -0.34188 LS51.dat
1 15 -50 -146.702 29.013 1 8.49695e-015 -3.15986e-015 0 -0.34856 -0.937286 -9.06548e-015 0.937286 -0.34856 LS51.dat
1 15 -50 -146.388 28.1679 1 8.47372e-015 -3.22166e-015 0 -0.355377 -0.934723 -9.06548e-015 0.934723 -0.355377 LS51.dat
1 15 -50 -146.067 27.3231 1 -2.34431e-014 9.11349e-015 0 -0.362333 -0.932049 2.51523e-014 0.932049 -0.362333 LS51.dat
1 15 -50 -145.738 26.4789 1 2.32804e-014 -9.25526e-015 0 -0.369432 -0.929258 -2.50527e-014 0.929258 -0.369432 LS51.dat
1 15 -50 -145.403 25.6354 1 -2.35054e-014 9.55792e-015 0 -0.376677 -0.926345 2.53743e-014 0.926345 -0.376677 LS51.dat
1 15 -50 -145.061 24.7928 1 8.37019e-015 -3.4818e-015 0 -0.384072 -0.923303 -9.06548e-015 0.923303 -0.384072 LS51.dat
1 15 -50 -144.711 23.9515 1 8.34139e-015 -3.55022e-015 0 -0.39162 -0.920127 -9.06548e-015 0.920127 -0.39162 LS51.dat
1 15 -50 -144.353 23.1116 1 8.31132e-015 -3.62007e-015 0 -0.399324 -0.91681 -9.06548e-015 0.91681 -0.399324 LS51.dat
1 15 -50 -143.988 22.2733 1 -1.5469e-014 6.89639e-015 0 -0.407188 -0.913344 1.69366e-014 0.913344 -0.407188 LS51.dat
1 15 -50 -143.615 21.4371 1 8.24708e-015 -3.76413e-015 0 -0.415215 -0.909723 -9.06548e-015 0.909723 -0.415215 LS51.dat
1 15 -50 -143.234 20.603 1 -7.69951e-015 3.59852e-015 0 -0.423409 -0.905939 8.49893e-015 0.905939 -0.423409 LS51.dat
1 15 -50 -142.846 19.7715 1 -7.66588e-015 3.6696e-015 0 -0.431772 -0.901983 8.49893e-015 0.901983 -0.431772 LS51.dat
1 15 -50 -142.449 18.9428 1 2.32909e-014 -1.1422e-014 0 -0.440309 -0.897846 -2.59409e-014 0.897846 -0.440309 LS51.dat
1 15 -50 -142.044 18.1172 1 -7.79237e-015 3.9159e-015 0 -0.449021 -0.893521 8.72097e-015 0.893521 -0.449021 LS51.dat
1 15 -50 -141.631 17.295 1 8.05918e-015 -4.1512e-015 0 -0.457913 -0.888997 -9.06548e-015 0.888997 -0.457913 LS51.dat
1 15 -50 -141.21 16.4766 1 -5.41456e-017 2.85947e-017 0 -0.466987 -0.884264 6.12323e-017 0.884264 -0.466987 LS51.dat
1 15 -50 -140.779 15.6622 1 -1.54783e-014 8.38324e-015 0 -0.476246 -0.879312 1.76028e-014 0.879312 -0.476246 LS51.dat
1 15 -50 -140.341 14.8523 1 7.92441e-015 -4.40304e-015 0 -0.485692 -0.87413 -9.06548e-015 0.87413 -0.485692 LS51.dat
1 15 -50 -139.893 14.0472 1 -5.31929e-017 3.03301e-017 0 -0.495329 -0.868706 6.12323e-017 0.868706 -0.495329 LS51.dat
1 15 -50 -139.437 13.2472 1 -7.71807e-015 4.51763e-015 0 -0.505157 -0.863027 8.94302e-015 0.863027 -0.505157 LS51.dat
1 15 -50 -138.972 12.4528 1 -7.6649e-015 4.60726e-015 0 -0.515179 -0.857082 8.94302e-015 0.857082 -0.515179 LS51.dat
1 15 -50 -138.498 11.6643 1 -5.21e-017 3.21713e-017 0 -0.525397 -0.850857 6.12323e-017 0.850857 -0.525397 LS51.dat
1 15 -50 -138.015 10.8821 1 -5.17008e-017 3.28089e-017 0 -0.53581 -0.844338 6.12323e-017 0.844338 -0.53581 LS51.dat
1 15 -50 -137.523 10.1067 1 7.59244e-015 -4.95357e-015 0 -0.546421 -0.837511 -9.06548e-015 0.837511 -0.546421 LS51.dat
1 15 -50 -137.022 9.33852 1 -7.79467e-015 5.23077e-015 0 -0.557229 -0.830359 9.38711e-015 0.830359 -0.557229 LS51.dat
1 15 -50 -136.512 8.57792 1 7.45969e-015 -5.15131e-015 0 -0.568233 -0.822867 -9.06548e-015 0.822867 -0.568233 LS51.dat
1 15 -50 -135.992 7.82538 1 -4.99056e-017 3.548e-017 0 -0.579433 -0.81502 6.12323e-017 0.81502 -0.579433 LS51.dat
1 15 -50 -135.463 7.08135 1 -7.75265e-015 5.67734e-015 0 -0.590826 -0.806799 9.60915e-015 0.806799 -0.590826 LS51.dat
1 15 -50 -134.925 6.3463 1 -4.88748e-017 3.6887e-017 0 -0.60241 -0.798187 6.12323e-017 0.798187 -0.60241 LS51.dat
1 15 -50 -134.377 5.6207 1 -7.75844e-015 6.03813e-015 0 -0.614181 -0.789165 9.83119e-015 0.789165 -0.614181 LS51.dat
1 15 -50 -133.82 4.90505 1 1.53788e-014 -1.23496e-014 0 -0.626134 -0.779715 -1.97236e-014 0.779715 -0.626134 LS51.dat
1 15 -50 -133.254 4.19982 1 -4.71377e-017 3.90824e-017 0 -0.638265 -0.769817 6.12323e-017 0.769817 -0.638265 LS51.dat
1 15 -50 -132.678 3.50551 1 8.23385e-015 -7.05331e-015 0 -0.650564 -0.759451 -1.08418e-014 0.759451 -0.650564 LS51.dat
1 15 -50 -132.093 2.82264 1 -1.58369e-014 1.40266e-014 0 -0.663025 -0.748597 2.11555e-014 0.748597 -0.663025 LS51.dat
1 15 -50 -131.499 2.1517 1 -4.51426e-017 4.13709e-017 0 -0.675637 -0.737234 6.12323e-017 0.737234 -0.675637 LS51.dat
