0 FILE 8219.ldr
0 Untitled
0 Name: 8219.ldr
0 Author: Rijk van Voorst
0 Unofficial Model
0 ROTATION CENTER 0 -18 -160 0 "Custom" 
0 ROTATION CONFIG 0 0
1 4 -10 0 -10 0 0 1 0 1 0 -1 0 0 3702.dat
1 4 10 0 -10 0 0 1 0 1 0 -1 0 0 3702.dat
1 0 0 10 30 1 0 0 0 1 0 0 0 1 2780.dat
1 0 0 10 -10 1 0 0 0 1 0 0 0 1 2780.dat
1 0 30 10 -50 1 0 0 0 1 0 0 0 1 6558.dat
1 0 -30 10 -50 -1 0 0 0 1 0 0 0 -1 6558.dat
1 4 30 0 -150 0 0 1 0 1 0 -1 0 0 3895.dat
1 4 50 0 -10 0 0 1 0 1 0 -1 0 0 3702.dat
1 4 0 -21.523 -205.37 1 0 0 0 0.788011 0.615661 0 -0.615661 0.788011 Nose part A.ldr
1 4 -30 0 -150 0 0 -1 0 1 0 1 0 0 3895.dat
1 4 0 -8 -140 -1 0 0 0 1 0 0 0 -1 2431.dat
1 4 -50 0 -50 0 0 1 0 1 0 -1 0 0 3701.dat
1 7 -60 10 -30 -1 0 0 0 1 0 0 0 -1 3749.dat
1 0 0 10 -70 -1 0 0 0 1 0 0 0 -1 3707.dat
1 7 -80 10 -70 0 0 1 0 1 0 -1 0 0 6538a.dat
1 7 80 10 -70 0 0 1 0 1 0 -1 0 0 6538a.dat
1 4 0 24 50 1 0 0 0 1 0 0 0 1 3795.dat
1 4 0 24 -70 1 0 0 0 1 0 0 0 1 3795.dat
1 7 60 10 -30 1 0 0 0 1 0 0 0 1 3749.dat
1 7 -80 10 -30 0 0 1 0 1 0 -1 0 0 6538a.dat
1 7 80 10 -30 0 0 1 0 1 0 -1 0 0 6538a.dat
1 4 -50 0 50 0 0 1 0 1 0 -1 0 0 3700.dat
1 4 0 24 -260 1 0 0 0 1 0 0 0 1 2419.dat
1 7 -100 10 -70 1 0 0 0 1 0 0 0 1 3749.dat
1 7 -100 10 -30 1 0 0 0 1 0 0 0 1 3749.dat
1 7 100 10 -30 -1 0 0 0 1 0 0 0 -1 3749.dat
1 7 100 10 -70 -1 0 0 0 1 0 0 0 -1 3749.dat
1 0 -40 10 -200 0 1 0 1 0 0 0 0 -1 32069.dat
1 0 40 10 -200 0 -1 0 1 0 0 0 0 1 32069.dat
1 4 0 -8 40 1 0 0 0 1 0 0 0 1 3666.dat
1 0 -10 -8 0 0 0 -1 0 1 0 1 0 0 3623.dat
1 0 -40 -16 40 -1 0 0 0 1 0 0 0 -1 3023.dat
1 4 -30 -24 -180 1 0 0 0 1 0 0 0 1 3040b.dat
1 4 30 -24 -180 1 0 0 0 1 0 0 0 1 3040b.dat
1 0 0 10 50 1 0 0 0 0.991445 0.130526 0 -0.130526 0.991445 3708.dat
1 7 -65 10 50 0 0 -1 0.130526 0.991445 0 0.991445 -0.130526 0 32123a.dat
1 7 65 10 50 0 0 -1 0.130526 0.991445 0 0.991445 -0.130526 0 32123a.dat
1 7 70 0 -180 -1 0 0 0 1 0 0 0 -1 32068.dat
1 7 -70 0 -180 -1 0 0 0 1 0 0 0 -1 32068.dat
1 7 -80 10 -200 -1 0 0 0 1 0 0 0 -1 3749.dat
1 7 80 10 -200 1 0 0 0 1 0 0 0 1 3749.dat
1 4 0 2.067 -256.085 1 0 0 0 0.793353 -0.608761 0 0.608761 0.793353 2817.dat
1 4 0 -4.283 -260.958 1 0 0 0 0.793353 -0.608761 0 0.608761 0.793353 3068b.dat
1 0 0 10 -250 1 0 0 0 1 0 0 0 1 32073.dat
1 7 -45 10 -250 0 0 -1 0 1 0 1 0 0 32123a.dat
1 7 45 10 -250 0 0 -1 0 1 0 1 0 0 32123a.dat
1 7 0 -18 -160 -1 0 0 0 1 0 0 0 -1 2790a.dat
1 0 70 2 -160 0 1 0 -1 0 0 0 0 1 32062.dat
1 0 -70 2 -160 0 1 0 -1 0 0 0 0 1 32062.dat
1 7 70 -13 -160 0 1 0 0 0 1 1 0 0 32123a.dat
1 7 -70 -13 -160 0 1 0 0 0 1 1 0 0 32123a.dat
1 0 20 10 10 -1 0 0 0 1 0 0 0 -1 32073.dat
1 7 -40 10 10 0 0 -1 1 0 0 0 -1 0 2853.dat
1 7 -40 0 10 0 0 -1 0 1 0 1 0 0 2852.dat
1 7 -70 0 10 0 0 -1 -1 0 0 0 1 0 2853.dat
1 14 -40 -40 10 -1 0 0 0 1 0 0 0 -1 2851.dat
1 7 65 10 10 0 0 1 0 1 0 -1 0 0 32123a.dat
1 7 -10 -16 10 0 0 1 0 1 0 -1 0 0 Engine block.ldr
1 7 0 -132.998 -47.309 1 0 0 0 0.615661 -0.788011 0 0.788011 0.615661 Steer.ldr
1 0 -65 -30 10 0 -1 0 0 0 1 -1 0 0 2905.dat
1 15 80 10 50 0 -1 0 -0.130526 0 0.991445 -0.991445 0 -0.130526 2723.dat
1 7 90 10 50 0 0 1 -0.991445 -0.130526 0 0.130526 -0.991445 0 3713.dat
1 7 -80 10 10 0 0 1 0 -1 0 1 0 0 3647.dat
1 7 -75 -30 30 0 0 1 0 -1 0 1 0 0 32123a.dat
1 7 -80 10 50 0 0 1 0.130526 -0.991445 0 0.991445 0.130526 0 3648b.dat
1 7 -95 10 50 0 0 1 0.130526 -0.991445 0 0.991445 0.130526 0 32123a.dat
1 7 -110 24 -50 0 0 1 0 1 0 -1 0 0 Sideskirt.ldr
1 7 110 24 -50 0 0 1 0 1 0 -1 0 0 Sideskirt.ldr
1 0 -100 10 -200 0 0 1 0 1 0 -1 0 0 6578.dat
1 15 -100 10 -200 0 0 1 0 1 0 -1 0 0 2994.dat
1 0 100 10 -200 0 0 -1 0 1 0 1 0 0 6578.dat
1 15 100 10 -200 0 0 -1 0 1 0 1 0 0 2994.dat
1 0 120 10 50 0 0 -1 0.130526 0.991445 0 0.991445 -0.130526 0 6578.dat
1 15 120 10 50 0 0 -1 0.130526 0.991445 0 0.991445 -0.130526 0 2994.dat
1 0 -120 10 50 0 0 1 -0.130526 0.991445 0 -0.991445 -0.130526 0 6578.dat
1 15 -120 10 50 0 0 1 -0.130526 0.991445 0 -0.991445 -0.130526 0 2994.dat
1 0 0 0 -60 1 0 0 0 1 0 0 0 1 2717.dat
0
0 FILE Nose part A.ldr
0 New Model
0 Name: Nose part A.ldr
0 Author: Rijk van Voorst
0 Unofficial Model
0 ROTATION CENTER 0 0 0 1 "Custom" 
0 ROTATION CONFIG 0 0
1 0 0 0 0 1 0 0 0 1 0 0 0 1 4519.dat
1 4 -15 0 0 0 1 0 0 0 1 1 0 0 6632.dat
1 0 0 0 0 -1 0 0 0 0 1 0 1 0 6536.dat
1 0 0 40 0 -1 0 0 0 0 1 0 1 0 3705.dat
1 4 15 0 0 0 -1 0 0 0 1 -1 0 0 6632.dat
0
0 FILE Engine block.ldr
0 New Model
0 Name: Engine block.ldr
0 Author: Rijk van Voorst
0 Unofficial Model
0 ROTATION CENTER 0 0 0 1 "Custom" 
0 ROTATION CONFIG 0 0
1 0 0 0 0 1 0 0 0 1 0 0 0 1 3710.dat
1 7 20 -24 0 1 0 0 0 1 0 0 0 1 3700.dat
1 0 -20 -24 0 1 0 0 0 1 0 0 0 1 32064a.dat
1 7 0 -32 0 1 0 0 0 1 0 0 0 1 2412b.dat
1 0 20 -14 -10 0 0 -1 0 1 0 1 0 0 2780.dat
1 0 -20 -14 6 0 0 -1 0 1 0 1 0 0 3707.dat
1 0 -46 -14 50 0 1 0 1 0 0 0 0 -1 4229.dat
1 0 -54 -14 50 0 1 0 1 0 0 0 0 -1 3068b.dat
1 47 0 -40 -30 -1 0 0 0 1 0 0 0 -1 2850.dat
1 8 20 -14 -50 0 1 0 0 0 -1 -1 0 0 32002.dat
0
0 FILE Steer.ldr
0 New Model
0 Name: Steer.ldr
0 Author: Rijk van Voorst
0 Unofficial Model
0 ROTATION CENTER 0 0 0 1 "Custom" 
0 ROTATION CONFIG 0 1
1 0 0 -18 -160 -1 0 0 0 1 0 0 0 -1 2791a.dat
1 7 0 -36 -160 -1 0 0 0 1 0 0 0 -1 3647.dat
1 0 0 -36 -156 0 0 1 0 1 0 -1 0 0 32073.dat
1 7 0 -36 -136 0 1 0 1 0 0 0 0 -1 3713.dat
1 7 0 -36 -102 -1 0 0 0 0 -1 0 -1 0 2819.dat
0
0 FILE Sideskirt.ldr
0 New Model
0 Name: Sideskirt.ldr
0 Author: Rijk van Voorst
0 Unofficial Model
0 ROTATION CENTER 0 0 0 1 "Custom" 
0 ROTATION CONFIG 0 0
1 4 0 0 0 1 0 0 0 1 0 0 0 1 3710.dat
1 4 -20 -24 0 1 0 0 0 1 0 0 0 1 3700.dat
1 4 40 -24 0 1 0 0 0 1 0 0 0 1 2743.dat
1 4 0 -32 0 1 0 0 0 1 0 0 0 1 2431.dat
0 
0
0
