0 FILE Main.ldr
0 New Model
0 Name: Main.ldr
0 Author: marco
0 ROTATION CENTER 0 0 0 1 "Custom" 
0 ROTATION CONFIG 0 0
1 4 0 -31.8996 -433.083 1 0 0 0 1 0 0 0 1 Seated_figure.ldr
1 4 0 -15.8996 -217.483 1 0 0 0 1 0 0 0 1 8223_B.ldr

0
0 FILE 8223_B.ldr
0 ROTATION CENTER 0 0 0 1 "Custom" 
0 ROTATION CONFIG 0 0
1 0 -50.5 -89.6349 -187.012 0 -1 0 -0.884958 0 0.465672 -0.465672 0 -0.884958 6558.dat
1 7 -50.5 -81.6492 -160.3 -1 0 0 0 0.465672 -0.884957 0 -0.884957 -0.465672 6536.dat
1 7 -40 -81.6926 -160.233 -1 0 0 0 0.884957 0.465672 0 0.465672 -0.884957 3749.dat
1 0 0 -48.7501 -280 1 0 0 0 1 0 0 0 1 2780.dat
1 0 49.5 -90.5897 -186.697 0 -1 0 -0.900949 0 0.433924 -0.433924 0 -0.900949 6558.dat
1 7 49.5 -81.7492 -160.2 -1 0 0 0 0.433922 -0.900951 0 -0.900951 -0.433922 6536.dat
1 7 40 -81.7006 -160.217 1 0 0 0 0.900951 -0.433922 0 0.433922 0.900951 3749.dat
1 7 -30 -48.7501 -200 0 0 1 0 1 0 -1 0 0 3713.dat
1 0 0 -48.7501 -200 1 0 0 0 1 0 0 0 1 3705.dat
1 7 30 -48.7501 -200 0 0 -1 0 1 0 1 0 0 3713.dat
1 0 30 -48.7501 -180 1 0 0 0 1 0 0 0 1 6558.dat
1 7 50 -8.75009 -200 0 0 -1 0 -1 0 -1 0 0 6553.dat
1 7 50 -48.7501 -200 0 0 -1 -1 0 0 0 1 0 6536.dat
1 0 50 -8.25008 -142.5 0 0 1 0 1 0 -1 0 0 3708.dat
1 7 50 -48.7501 -80 0 0 1 -1 0 0 0 -1 0 6536.dat
1 7 49.999 -8.75009 -80 0 0 -1 0 -1 0 -1 0 0 6553.dat
1 0 0 -48.7501 -160 1 0 0 0 1 0 0 0 1 2780.dat
1 0 0 -112.019 -283.133 1 0 0 0 0.72693 0.686712 0 -0.686712 0.72693 3938.dat
1 34 -10 -117.835 -277.639 1 0 0 0 0.72693 0.686712 0 -0.686712 0.72693 30039.dat
1 36 10 -117.835 -277.639 1 0 0 0 0.72693 0.686712 0 -0.686712 0.72693 30039.dat
1 0 0 -114.75 -290 -1 0 0 0 1 0 0 0 -1 3937.dat
1 0 0 -90.7501 -280 1 0 0 0 1 0 0 0 1 6152.dat
1 0 0 -50.7501 -290 -1 0 0 0 1 0 0 0 -1 4856.dat
1 4 30 -58.7501 -290 1 0 0 0 1 0 0 0 1 3024.dat
1 4 -40 -58.7501 -280 -1 0 0 0 1 0 0 0 -1 2444.dat
1 4 30 -58.7501 -270 1 0 0 0 1 0 0 0 1 3024.dat
1 4 10 -66.7501 -300 0 0 -1 0 1 0 1 0 0 2431.dat
1 0 10 -58.7501 -260 0 0 -1 0 1 0 1 0 0 3701.dat
1 34 -30 -58.7501 -250 1 0 0 0 1 0 0 0 1 3024.dat
1 36 30 -58.7501 -250 1 0 0 0 1 0 0 0 1 3024.dat
1 4 0 -58.7996 -169.783 1 0 0 0 1 0 0 0 1 2717.dat
1 0 10 -58.7501 -180 0 0 -1 0 1 0 1 0 0 3701.dat
1 4 -10 -66.7501 -300 0 0 -1 0 1 0 1 0 0 2431.dat
1 0 -10 -58.7501 -140 0 0 -1 0 1 0 1 0 0 3703.dat
1 4 -10 -66.7501 -100 0 0 -1 0 1 0 1 0 0 3710.dat
1 0 -10 -74.7501 -80 0 0 -1 0 1 0 1 0 0 3710.dat
1 0 -10 -34.7501 -20 0 0 -1 0 1 0 1 0 0 3666.dat
1 0 -10 -74.7501 0 0 0 -1 0 1 0 1 0 0 3710.dat
1 4 -10 -66.7501 20 0 0 -1 0 1 0 1 0 0 3460.dat
1 0 -10 -98.7501 40 0 0 -1 0 1 0 1 0 0 3703.dat
1 0 -10 -58.7501 30 -1 0 0 0 1 0 0 0 -1 4287.dat
1 0 -10 -74.7501 70 0 0 -1 0 1 0 1 0 0 3623.dat
1 0 -10 -122.75 180 0 0 -1 0 1 0 1 0 0 4865a.dat
1 0 0 -48.7501 -240 1 0 0 0 1 0 0 0 1 2780.dat
1 7 -70.0009 -69.2501 -334 1 0 0 0 0 -1 0 1 0 2819.dat
1 0 -70.001 -69.2501 -300 0 0 1 0 1 0 -1 0 0 4519.dat
1 7 -70.001 -68.7501 -280 0 0 -1 0 1 0 1 0 0 6536.dat
1 0 -60 -48.7501 -280 1 0 0 0 1 0 0 0 1 2780.dat
1 7 -50 -48.7501 -200 0 0 -1 -1 0 0 0 1 0 6536.dat
1 7 -50.001 -8.75009 -200 0 0 -1 0 -1 0 -1 0 0 6553.dat
1 0 -49.501 -8.25008 -140 0 0 1 0 1 0 -1 0 0 3708.dat
1 7 -50 -48.7501 -80 0 0 1 -1 0 0 0 -1 0 6536.dat
1 7 -49.501 -8.25008 -80 0 0 -1 0 -1 0 -1 0 0 6553.dat
1 0 -30 -48.7501 -180 -1 0 0 0 1 0 0 0 -1 6558.dat
1 0 0 -149.25 -117.5 1 0 0 0 0 -1 0 1 0 3022.dat
1 0 0 -159.25 -109.5 1 0 0 0 0 -1 0 1 0 3701.dat
1 0 0 -139.25 -109.5 1 0 0 0 0 -1 0 1 0 3700.dat
1 0 0 -149.25 -85.5 1 0 0 0 0 -1 0 1 0 3022.dat
1 0 -10 -159.25 -77.5 0 0 1 1 0 0 0 1 0 3665.dat
1 0 10 -159.25 -77.5 0 0 -1 -1 0 0 0 1 0 3665.dat
1 4 -30 -129.25 -117.5 0 0 1 1 0 0 0 1 0 3710.dat
1 0 -30 -89.2501 -109.5 0 0 -1 -1 0 0 0 1 0 3894.dat
1 0 -30 -139.25 -85.5 0 0 -1 -1 0 0 0 1 0 3623.dat
1 0 -30 -89.2501 -77.5 0 0 1 1 0 0 0 1 0 3666.dat
1 4 -30 -69.2501 -85.5 0 0 -1 -1 0 0 0 1 0 3710.dat
1 4 -40 -89.2501 -69.5 1 0 0 0 0 -1 0 1 0 2444.dat
1 4 30 -129.25 -117.5 0 0 1 1 0 0 0 1 0 3710.dat
1 0 30 -89.2501 -109.5 0 0 -1 -1 0 0 0 1 0 3894.dat
1 0 30 -139.25 -85.5 0 0 -1 -1 0 0 0 1 0 3623.dat
1 0 -2 -48.7501 -100 1 0 0 0 1 0 0 0 1 3707.dat
1 7 10 -48.7501 -100 0 0 -1 0 1 0 1 0 0 3713.dat
1 0 -20 -88.7501 -60 1 0 0 0 1 0 0 0 1 2780.dat
1 4 0 -58.7501 -340 1 0 0 0 1 0 0 0 1 4859.dat
1 7 50 -33.7501 -200 1 0 0 0 0 -1 0 1 0 4265a.dat
1 7 49.999 -33.7501 -80 1 0 0 0 0 -1 0 1 0 4265a.dat
1 7 -49.501 -33.2501 -80 1 0 0 0 0 -1 0 1 0 4265a.dat
1 7 -50.001 -34.7501 -200 1 0 0 0 0 -1 0 1 0 4265a.dat
1 7 -62 -48.7501 -100 0 0 -1 1 0 0 0 -1 0 4265a.dat
1 7 65 -48.7501 -100 0 0 1 1 0 0 0 1 0 4265a.dat

1 7 0.2 -0.0501 0 1 0 0 0 1 0 0 0 1 prop1.ldr
1 7 0.2 -0.0501 0 1 0 0 0 1 0 0 0 1 prop2.ldr
1 7 0.2 -0.0501 0 1 0 0 0 1 0 0 0 1 shaft.ldr
0
0 FILE Seated_figure.ldr
0 Name: Seated_figure
0 !LDRAW_ORG Model
0 !LICENSE Redistributable under CCAL version 2.0 : see CAreadme.txt
0 ROTATION CENTER 0 0 0 1 "Custom" 
0 ROTATION CONFIG 0 0
0 BFC CERTIFY CCW
1 15 0 -80.741 52.952 1 0 0 0 0.984808 0.173648 0 -0.173648 0.984808 2699.dat
1 15 0 -80.741 52.952 1 0 0 0 0.984808 0.173648 0 -0.173648 0.984808 2698p03.dat
1 15 0 -80.741 52.952 1 0 0 0 0.984808 0.173648 0 -0.173648 0.984808 2710.dat
1 15 15 -64 50 1 0 0 0 0 1 0 -1 0 2703.dat
1 15 -15 -64 50 1 0 0 0 0 1 0 -1 0 2709.dat
1 15 -10 -64 10 1 0 0 0 0.0174524 0.999848 0 -0.999848 0.0174524 2704.dat
1 15 10 -64 10 1 0 0 0 0.0174525 0.999848 0 -0.999848 0.0174525 2704.dat
1 0 10 -63.299 -29.995 1 0 0 0 0.0174525 0.999848 0 -0.999848 0.0174525 2706.dat
1 0 -10 -63.302 -29.996 1 0 0 0 0.0174524 0.999848 0 -0.999848 0.0174524 2706.dat
1 14 0 -133.921 62.33 1 0 0 0 1 0 0 0 1 2707p05.dat
1 1 0 -163.321 62.33 1 0 0 0 1 0 0 0 1 2715.dat
1 47 0 -163.321 62.33 1 0 0 0 1 0 0 0 1 2716.dat
1 0 0 -175.921 62.329 1 0 0 0 1 0 0 0 1 2708.dat
1 1 26.2 -126.043 60.94 0 0 -1 -0.737277 0.67559 0 0.67559 0.737277 0 2701.dat
1 1 26.2 -126.043 60.94 0 0 -1 -0.737277 0.67559 0 0.67559 0.737277 0 2705.dat
1 1 26.2 -126.043 60.94 0.939693 0 -0.34202 -0.252164 0.67559 -0.692814 0.231065 0.737277 0.634847 2700.dat
1 1 36.802 -104.567 41.26 0.939693 0 -0.34202 -0.252164 0.67559 -0.692814 0.231065 0.737277 0.634847 2701.dat
1 1 36.802 -104.567 41.26 0.939693 0 -0.34202 -0.252164 0.67559 -0.692814 0.231065 0.737277 0.634847 2705.dat
1 1 36.802 -104.567 41.26 0.996195 0 0.0871557 0.064258 0.67559 -0.734472 -0.0588816 0.737277 0.673019 2700.dat
1 14 33.797 -79.224 18.039 -0.996195 0 0.0871557 -0.064258 -0.67559 -0.734472 0.0588816 -0.737277 0.673019 2702.dat
1 1 -26.2 -126.043 60.94 0 0 1 -0.422618 -0.906308 0 0.906308 -0.422618 0 2701.dat
1 1 -26.2 -126.043 60.94 0 0 1 -0.422618 -0.906308 0 0.906308 -0.422618 0 2705.dat
1 1 -26.2 -126.043 60.94 -0.965926 0 0.258819 -0.109382 -0.906308 -0.408218 0.23457 -0.422618 0.875426 2700.dat
1 1 -34.223 -113.388 33.804 -0.965926 0 0.258819 -0.109382 -0.906308 -0.408218 0.23457 -0.422618 0.875426 2701.dat
1 1 -34.223 -113.388 33.804 -0.965926 0 0.258819 -0.109382 -0.906308 -0.408218 0.23457 -0.422618 0.875426 2705.dat
1 1 -34.223 -113.388 33.804 -0.965926 0 -0.258819 0.109382 -0.906308 -0.408218 -0.23457 -0.422618 0.875426 2700.dat
1 14 -25.295 -99.305 3.598 0.965926 0 -0.258819 -0.109382 0.906308 -0.408218 0.23457 0.422618 0.875426 2702.dat
0 
0 
0 
0 
0
0 FILE prop1.ldr
0 New Model
0 Name: prop1.ldr
0 Author: MLCad
0 Unofficial Model
0 ROTATION CENTER 0 0 0 1 "Custom" 
0 ROTATION CONFIG 0 0
1 4 141.639 -251.25 -174.42 0.885245 0 0.465125 0 1 0 -0.465125 0 0.885245 30039.dat
1 0 97.377 -243.25 -151.163 0.885245 0 0.465125 0 1 0 -0.465125 0 0.885245 3666.dat
1 0 44.2623 -235.25 -123.256 0.885245 0 0.465125 0 1 0 -0.465125 0 0.885245 3710.dat
1 4 -135.269 -251.25 -185.453 0.534082 0 0.845433 0 1 0 -0.845433 0 0.534082 30039.dat
1 0 -92.9976 -243.25 -158.749 0.845433 0 -0.534082 0 1 0 0.534082 0 0.845433 3666.dat
1 0 -42.2716 -235.25 -126.704 -0.845433 0 0.534082 0 1 0 -0.534082 0 -0.845433 3710.dat
1 0 0 -219.25 -100 0 -0.885245 0.465125 1 0 0 0 0.465125 0.885245 4519.dat
1 7 -0.44265 -219.25 -99.7671 0.465125 0.885245 0 0 0 1 0.885245 -0.465125 0 4019.dat
1 7 -0.442633 -189.25 -99.7672 0.465125 -0.885245 0 0 0 -1 0.885245 0.465125 0 6538b.dat
1 0 -1.99063 -235.25 -50.0393 -0.0398123 0 -0.999207 0 1 0 0.999207 0 -0.0398123 3710.dat
1 0 -4.37936 -243.25 9.91318 -0.0398123 0 -0.999207 0 1 0 0.999207 0 -0.0398123 3666.dat
1 4 -6.36996 -251.25 59.8736 0.999207 0 -0.0398073 0 1 0 0.0398073 0 0.999207 30039.dat
1 0 0 -243.25 -99.9996 -0.465125 0 0.885245 0 1 0 -0.885245 0 -0.465125 2712.dat
1 0 -0.442635 -149.25 -99.7673 0 -0.885245 0.465125 1 0 0 0 0.465125 0.885245 3705.dat
1 7 -0.44261 -119.25 -99.7674 0.465125 -0.885245 0 0 0 -1 0.885245 0.465125 0 3647.dat
0
0 FILE shaft.ldr
0 New Model
0 Name: shaft.ldr
0 Author: MLCad
0 Unofficial Model
0 ROTATION CENTER 0 0 0 1 "Custom" 
0 ROTATION CONFIG 0 0
1 0 -2 -89.2501 -99.5 1 0 0 0 0.999475 -0.0323865 0 0.0323865 0.999475 3707.dat
1 7 10 -89.3503 -99.4838 0 0 -1 -0.0323873 0.999475 0 0.999475 0.0323873 0 3650c.dat
1 7 50 -89.2503 -99.4838 0 0 -1 -0.0323873 0.999475 0 0.999475 0.0323873 0 4019.dat
1 7 65 -89.4501 -99.5838 0 0 -1 0 1 0 1 0 0 4185.dat
1 8 70 -68.7501 -99.8 -1 0 0 0 1 0 0 0 -1 32002.dat
0
0 FILE prop2.ldr
0 New Model
0 Name: prop2.ldr
0 Author: MLCad
0 Unofficial Model
0 ROTATION CENTER 0 0 0 1 "Custom" 
0 ROTATION CONFIG 0 0
1 7 0 -88.7501 180 1 0 0 0 0.885081 0.465436 0 -0.465436 0.885081 3749.dat
1 7 5 -53.4042 161.15 0 -1 0 0.465436 0 -0.885081 0.885081 0 0.465436 6632.dat
1 7 15 -88.8075 179.767 0 -1 0 0.465436 0 -0.885082 0.885082 0 0.465436 6632.dat
0
0
