0 FILE 8226_B.ldr
0 8226_B
0 Author: LEGO Digital Designer 4.3
0 ROTATION CENTER 0 0 0 1 "Custom" 
0 ROTATION CONFIG 0 0
1 0 -15.035 -90.668 50 0 0 -1 -0.341565 0.939858 0 0.939858 0.341565 0 3702.dat
1 7 -30.035 -115.562 -87.148 0 0 -1 -0.831429 0.555631 0 0.555631 0.831429 0 32123a.dat
1 0 14.965 -115.525 -87.141 1 0 0 0 0.831429 0.555631 0 -0.555631 0.831429 3706.dat
1 7 59.965 -115.562 -87.148 0 0 -1 -0.831429 0.555631 0 0.555631 0.831429 0 32123a.dat
1 0 14.965 -148.91 -65.302 1 0 0 0 0.541036 -0.840999 0 0.840999 0.541036 3705.dat
1 4 -20.035 -115.011 -87.084 0 -1 0 0.541036 0 -0.840999 0.840999 0 0.541036 32056.dat
1 4 49.965 -115.295 -86.893 0 -1 0 0.541036 0 -0.840999 0.840999 0 0.541036 32056.dat
1 0 14.965 -93.647 -53.655 1 0 0 0 0.831429 0.555631 0 -0.555631 0.831429 3707.dat
1 7 -50.035 -93.785 -52.961 0 0 -1 -0.831429 0.555631 0 0.555631 0.831429 0 32123a.dat
1 7 79.965 -93.785 -52.961 0 0 -1 -0.831429 0.555631 0 0.555631 0.831429 0 32123a.dat
1 0 14.965 -115.522 -86.637 0 1 0 -0.837168 0 0.546946 0.546946 0 0.837168 6629.dat
1 0 -5.035 -94.584 -53.033 0 1 0 -0.831429 0 0.555631 0.555631 0 0.831429 2825.dat
1 0 34.965 -94.583 -53.033 0 -1 0 0.831429 0 0.555631 -0.555631 0 0.831429 2825.dat
1 0 14.965 -60.83 -3.425 1 0 0 0 0.831429 0.555631 0 -0.555631 0.831429 3706.dat
1 0 -35.035 -61.358 -147.879 0 -1 0 0.943363 0 -0.331763 0.331763 0 0.943363 6629.dat
1 0 64.965 -61.358 -147.879 0 -1 0 0.943363 0 -0.331763 0.331763 0 0.943363 6629.dat
1 0 14.965 -81.27 53.416 1 0 0 0 0.939858 -0.341565 0 0.341565 0.939858 3706.dat
1 0 -49.035 -191.085 119.906 0 -1 0 0.956825 0 0.290664 -0.290664 0 0.956825 4032a.dat
1 0 -57.035 -191.085 119.906 0 -1 0 0.956825 0 0.290664 -0.290663 0 0.956825 4032a.dat
1 0 -65.035 -191.085 119.906 0 -1 0 -0.956825 0 -0.290664 0.290664 0 -0.956825 2654.dat
1 0 16.965 -190.606 119.76 1 0 0 0 0.956825 0.290664 0 -0.290664 0.956825 3707.dat
1 0 78.965 -191.085 119.906 0 1 0 0.290664 0 0.956825 0.956825 0 -0.290664 4032a.dat
1 0 86.965 -191.085 119.906 0 1 0 0.290664 0 0.956825 0.956825 0 -0.290664 4032a.dat
1 0 94.965 -191.085 119.906 0 1 0 -0.290664 0 -0.956825 -0.956825 0 0.290664 2654.dat
1 4 -35.035 -190.639 120.084 0 -1 0 -0.290664 0 0.956825 -0.956825 0 -0.290664 6629.dat
1 4 64.965 -190.639 120.084 0 -1 0 -0.290664 0 0.956825 -0.956825 0 -0.290664 6629.dat
1 8 -35.035 -74.908 34.448 -1 0 0 0 0.939858 0.341565 0 0.341565 -0.939858 6587.dat
1 8 64.965 -74.908 34.448 1 0 0 0 0.939858 -0.341565 0 0.341565 0.939858 6587.dat
1 0 44.965 -90.668 50 0 0 -1 -0.341565 0.939858 0 0.939858 0.341565 0 3702.dat
1 0 14.965 -141.375 221.433 0 0 -1 0.555631 0.831429 0 0.831429 -0.555631 0 3068b.dat
1 0 4.965 -134.724 216.988 0 0 -1 0.555631 0.831429 0 0.831429 -0.555631 0 32064a.dat
1 0 14.965 -126.548 211.425 1 0 0 0 0.555632 -0.831429 0 0.831429 0.555632 3705.dat
1 0 24.965 -134.724 216.988 0 0 -1 0.555631 0.831429 0 0.831429 -0.555631 0 32064a.dat
1 0 -10.035 -104.184 244.689 0 -1 0 -0.831429 0 -0.555631 0.555632 0 -0.831429 6632.dat
1 0 39.965 -104.184 244.689 0 -1 0 -0.831429 0 -0.555631 0.555632 0 -0.831429 6632.dat
1 0 14.965 -104.184 244.689 1 0 0 0 0.831429 0.555631 0 -0.555631 0.831429 3706.dat
1 0 -15.035 -54.07 211.85 0 -1 0 0.546947 0 -0.837168 0.837168 0 0.546947 2825.dat
1 0 44.965 -54.07 211.85 0 1 0 -0.546946 0 -0.837168 -0.837168 0 0.546946 2825.dat
1 0 14.965 -88.101 72.213 1 0 0 0 0.939858 -0.341565 0 0.341565 0.939858 3706.dat
1 0 4.965 -53.889 212.424 0 1 0 0.837168 0 -0.546946 -0.546946 0 -0.837168 6629.dat
1 0 24.965 -53.889 212.424 0 1 0 0.837168 0 -0.546946 -0.546946 0 -0.837168 6629.dat
1 0 -5.033 -70.778 187.035 0 1 0 -0.837168 0 0.546946 0.546946 0 0.837168 32069.dat
1 0 34.962 -70.778 187.035 0 -1 0 -0.837168 0 -0.546946 0.546946 0 -0.837168 32069.dat
1 0 14.965 -54.097 212.569 1 0 0 0 0.546946 -0.837168 0 0.837168 0.546946 3705.dat
1 4 15.965 -67.521 -128.846 0 0 -1 0.290664 0.956825 0 0.956825 -0.290664 0 6580.dat
1 0 15.965 -67.521 -128.846 0 0 -1 0.290664 0.956825 0 0.956825 -0.290664 0 6579.dat
1 0 16.965 -67.043 -128.991 1 0 0 0 0.956825 0.290664 0 -0.290664 0.956825 3707.dat
1 7 -15.035 -67.043 -128.991 0 0 1 -0.290664 0.956825 0 -0.956825 -0.290664 0 3713.dat
1 7 24.965 -67.043 -128.991 0 0 1 -0.290664 0.956825 0 -0.956825 -0.290664 0 3713.dat
1 7 39.965 -67.376 -128.367 0 0 -1 -0.956825 0.290664 0 0.290664 0.956825 0 32123a.dat
1 7 49.965 -67.376 -128.367 0 0 -1 -0.956825 0.290664 0 0.290664 0.956825 0 32123a.dat
1 7 -55.035 -101.729 47.898 0 0 -1 0.8863 -0.463111 0 -0.463111 -0.8863 0 3749.dat
1 0 -55.035 -74.908 34.448 1 0 0 0 -0.463113 0.886299 0 -0.886299 -0.463113 32013.dat
1 0 -45.035 -152.342 108.45 1 0 0 0 0.939858 -0.341565 0 0.341565 0.939858 6628.dat
1 4 14.965 -109.113 100.752 1 0 0 0 0.939858 -0.341565 0 0.341565 0.939858 2717.dat
1 0 -25.035 -133.102 102.684 1 0 0 0 0.546946 -0.837168 0 0.837168 0.546946 2780.dat
1 0 54.965 -133.102 102.684 1 0 0 0 0.546946 -0.837168 0 0.837168 0.546946 2780.dat
1 7 -45.035 -114.069 96.823 -1 0 0 0 0.939858 0.341565 0 0.341565 -0.939858 3749.dat
1 0 74.965 -152.342 108.45 -1 0 0 0 0.939858 0.341565 0 0.341565 -0.939858 6628.dat
1 7 74.965 -114.069 96.823 1 0 0 0 0.939858 -0.341565 0 0.341565 0.939858 3749.dat
1 0 84.965 -74.908 34.447 1 0 0 0 -0.46218 0.886786 0 -0.886786 -0.46218 32013.dat
1 0 -15.035 -94.932 91.01 -1 0 0 0 0.939858 0.341565 0 0.341565 -0.939858 6558.dat
1 0 14.965 -108.591 128.652 1 0 0 0 0.546946 -0.837168 0 0.837168 0.546946 2780.dat
1 0 44.965 -94.932 91.01 1 0 0 0 0.939858 -0.341565 0 0.341565 0.939858 6558.dat
1 0 -5.035 -101.96 109.655 1 0 0 0 0.546946 -0.837168 0 0.837168 0.546946 2780.dat
1 0 34.965 -101.96 109.655 1 0 0 0 0.546946 -0.837168 0 0.837168 0.546946 2780.dat
1 0 14.967 -128.436 153.632 0 0 1 0.837168 0.546946 0 -0.546946 0.837168 0 6628.dat
1 0 15.467 -109.818 164.761 -1 0 0 0 -0.546946 -0.837168 0 -0.837168 0.546946 6536.dat
1 0 14.967 -109.126 164.906 1 0 0 0 0.546946 -0.837168 0 0.837168 0.546946 3705.dat
1 0 -35.033 -109.4 164.488 0 0 -1 -0.837169 0.546944 0 0.546944 0.837169 0 32013.dat
1 7 -0.033 -109.126 164.906 0 0 -1 -0.837167 0.546947 0 0.546947 0.837167 0 32123a.dat
1 7 29.967 -109.126 164.906 0 0 -1 -0.837167 0.546947 0 0.546947 0.837167 0 32123a.dat
1 0 64.962 -109.4 164.487 0 0 1 0.837167 0.546948 0 -0.546948 0.837167 0 32013.dat
1 7 -35.033 -100.754 159.437 0 0 1 0.837168 0.546946 0 -0.546946 0.837168 0 3749.dat
1 4 -35.033 -73.346 164.822 -1 0 0 0 -0.837168 0.546946 0 0.546946 0.837168 32068.dat
1 7 64.962 -100.755 159.437 0 0 1 0.837168 0.546946 0 -0.546946 0.837168 0 3749.dat
1 4 64.962 -73.346 164.822 -1 0 0 0 -0.837168 0.546946 0 0.546946 0.837168 32068.dat
1 7 -50.033 -70.309 187.206 0 0 -1 -0.341565 0.939858 0 0.939858 0.341565 0 32123a.dat
1 8 -55.033 -70.779 187.035 1 0 0 0 0.939858 -0.341565 0 0.341565 0.939858 6587.dat
1 7 -60.033 -70.309 187.206 0 0 -1 -0.341565 0.939858 0 0.939858 0.341565 0 32123a.dat
1 4 -86.032 -70.778 187.035 0 0 1 0.341565 0.939859 0 -0.939858 0.341565 0 6580.dat
1 0 -86.032 -70.778 187.035 0 0 1 0.341565 0.939859 0 -0.939858 0.341565 0 6579.dat
1 7 79.962 -70.309 187.206 0 0 -1 -0.341565 0.939858 0 0.939858 0.341565 0 32123a.dat
1 8 84.962 -70.779 187.035 -1 0 0 0 0.939858 0.341565 0 0.341565 -0.939858 6587.dat
1 7 89.962 -70.309 187.206 0 0 -1 -0.341565 0.939858 0 0.939858 0.341565 0 32123a.dat
1 4 115.962 -70.779 187.035 0 0 -1 -0.341565 0.939858 0 0.939858 0.341565 0 6580.dat
1 0 115.962 -70.779 187.035 0 0 -1 -0.341565 0.939858 0 0.939858 0.341565 0 6579.dat
1 7 84.965 -101.743 47.871 0 0 -1 0.886787 -0.462178 0 -0.462178 -0.886787 0 3749.dat
1 0 17.115 -173.026 178.434 1 0 0 0 0.570211 -0.821499 0 0.821499 0.570211 2780.dat
0 MLCAD FLEXHOSE 0 34.965 0 65.035 0 0 -1 0 1 0 1 0 0  -17 -101.7 -50  -30 70 0 113.4 -173 17.85 0 0 150 45 80.dat 80.dat 0
0 MLCAD SKIP_BEGIN
1 0 84.965 -101.7 48.035 -0.998584 -0.022203 -0.0483402 0 0.90873 -0.417385 0.0531954 -0.416794 -0.907443 80.dat
1 0 85.0703 -106.01 50.012 -0.990069 -0.0655106 -0.124388 0 0.884791 -0.465988 0.140584 -0.46136 -0.876004 80.dat
1 0 85.3812 -110.21 52.2017 -0.97838 -0.106515 -0.177274 0 0.857171 -0.515032 0.206813 -0.503897 -0.838639 80.dat
1 0 85.8868 -114.279 54.5936 -0.966495 -0.144453 -0.212179 0 0.826617 -0.562765 0.256684 -0.54391 -0.798921 80.dat
1 0 86.5724 -118.202 57.1749 -0.955804 -0.17875 -0.233426 0 0.793951 -0.607982 0.294006 -0.581111 -0.758861 80.dat
1 0 87.4205 -121.969 59.9322 -0.94687 -0.209033 -0.244424 0 0.759983 -0.649943 0.321617 -0.615411 -0.719605 80.dat
1 0 88.4121 -125.574 62.8516 -0.939853 -0.235104 -0.247797 0 0.725443 -0.688283 0.34158 -0.646884 -0.681809 80.dat
1 0 89.5272 -129.015 65.9197 -0.934725 -0.256903 -0.24554 0 0.690939 -0.722913 0.355371 -0.675725 -0.645838 80.dat
1 0 90.7456 -132.292 69.1244 -0.931385 -0.27446 -0.239152 0 0.656946 -0.753938 0.364036 -0.702206 -0.61187 80.dat
1 0 92.0473 -135.407 72.4547 -0.929707 -0.287855 -0.229749 0 0.623809 -0.781577 0.368301 -0.726637 -0.57996 80.dat
1 0 93.4126 -138.366 75.9013 -0.929568 -0.297175 -0.218152 0 0.591758 -0.806115 0.36865 -0.749339 -0.55008 80.dat
1 0 94.8224 -141.173 79.4561 -0.930859 -0.302485 -0.204951 0 0.560926 -0.827866 0.365379 -0.770626 -0.522143 80.dat
1 0 96.2577 -143.835 83.1127 -0.933483 -0.303803 -0.190562 0 0.531371 -0.847139 0.358623 -0.79079 -0.496026 80.dat
1 0 97.6996 -146.357 86.8659 -0.937354 -0.301081 -0.175267 0 0.503092 -0.864233 0.348379 -0.810092 -0.471576 80.dat
1 0 99.1288 -148.745 90.7115 -0.94239 -0.29418 -0.159244 0 0.476045 -0.879421 0.334515 -0.828758 -0.44862 80.dat
1 0 100.526 -151.005 94.6461 -0.948503 -0.282858 -0.142593 0 0.450151 -0.892953 0.316767 -0.846969 -0.426969 80.dat
1 0 101.868 -153.142 98.6669 -0.955581 -0.266744 -0.125348 0 0.425303 -0.905051 0.294728 -0.86485 -0.406411 80.dat
1 0 103.134 -155.161 102.771 -0.963464 -0.245318 -0.107503 0 0.40137 -0.915916 0.267839 -0.882452 -0.386705 80.dat
1 0 104.298 -157.064 106.956 -0.971906 -0.217886 -0.0890156 0 0.378197 -0.925725 0.235368 -0.899718 -0.367572 80.dat
1 0 105.329 -158.855 111.217 -0.980526 -0.183555 -0.0698365 0 0.355598 -0.934639 0.196392 -0.916437 -0.348673 80.dat
1 0 106.197 -160.536 115.549 -0.988718 -0.141223 -0.049933 0 0.333353 -0.942802 0.14979 -0.932165 -0.329592 80.dat
1 0 106.863 -162.108 119.945 -0.995546 -0.0895952 -0.0293384 0 0.311196 -0.950346 0.0942764 -0.946113 -0.30981 80.dat
1 0 107.284 -163.571 124.391 -0.999594 -0.0272756 -0.00822823 0 0.288814 -0.957385 0.0284897 -0.956997 -0.288697 80.dat
1 0 107.412 -164.923 128.874 -0.99881 0.0470227 0.0129678 0 0.265852 -0.964014 -0.0487781 -0.962866 -0.265536 80.dat
1 0 107.192 -166.165 133.371 -0.99041 0.134055 0.0334276 0 0.241949 -0.970289 -0.13816 -0.960984 -0.239629 80.dat
1 0 106.567 -167.293 137.853 -0.971005 0.233373 0.0518338 0 0.216823 -0.976211 -0.23906 -0.947905 -0.210536 80.dat
1 0 105.477 -168.306 142.281 -0.937159 0.342517 0.0664394 0 0.190425 -0.981702 -0.348901 -0.920011 -0.178458 80.dat
1 0 103.865 -169.203 146.611 -0.886523 0.456488 0.0754737 0 0.163121 -0.986606 -0.462685 -0.874649 -0.144611 80.dat
1 0 101.684 -169.982 150.79 -0.819208 0.568184 0.0778782 0 0.135796 -0.990737 -0.573496 -0.81162 -0.111245 80.dat
1 0 98.905 -170.646 154.759 -0.738554 0.670124 0.0739696 0 0.109716 -0.993963 -0.674194 -0.734095 -0.0810309 80.dat
1 0 95.5232 -171.2 158.464 -0.650443 0.756731 0.0654412 0 0.0861573 -0.996282 -0.759555 -0.648024 -0.0560404 80.dat
1 0 91.5636 -171.651 161.855 -0.561429 0.82572 0.0546179 0 0.0660015 -0.99782 -0.827525 -0.560205 -0.0370552 80.dat
1 0 87.0812 -172.009 164.896 -0.476879 0.877889 0.0435528 0 0.0495498 -0.998772 -0.878969 -0.476293 -0.0236293 80.dat
1 0 82.1557 -172.287 167.568 -0.400092 0.915861 0.0335494 0 0.036607 -0.99933 -0.916475 -0.399824 -0.0146462 80.dat
1 0 76.8819 -172.498 169.87 -0.332417 0.942797 0.0251737 0 0.0266916 -0.999644 -0.943133 -0.332298 -0.00887273 80.dat
1 0 71.3591 -172.654 171.817 -0.273846 0.961596 0.0184964 0 0.0192316 -0.999815 -0.961774 -0.273795 -0.00526649 80.dat
1 0 65.6822 -172.768 173.433 -0.223629 0.974583 0.0133393 0 0.0136859 -0.999906 -0.974674 -0.223608 -0.00306058 80.dat
1 0 59.9348 -172.848 174.752 -0.180717 0.98349 0.0094394 0 0.00959742 -0.999954 -0.983535 -0.180708 -0.00173441 80.dat
1 0 54.1867 -172.904 175.808 -0.144018 0.989553 0.00653443 0 0.00660327 -0.999978 -0.989575 -0.144015 -0.000950991 80.dat
1 0 48.4931 -172.942 176.637 -0.11253 0.993639 0.00439778 0 0.00442589 -0.99999 -0.993648 -0.112528 -0.000498044 80.dat
1 0 42.8956 -172.967 177.271 -0.0853804 0.996344 0.00284656 0 0.002857 -0.999996 -0.996348 -0.08538 -0.000243931 80.dat
1 0 37.4243 -172.983 177.74 -0.0618402 0.998085 0.00173852 0 0.00174186 -0.999998 -0.998086 -0.0618401 -0.000107717 80.dat
1 0 32.1001 -172.992 178.07 -0.0413065 0.999146 0.000965113 0 0.000965937 -1 -0.999147 -0.0413065 -3.98995e-005 80.dat
1 0 26.9362 -172.997 178.283 -0.0232863 0.999729 0.000444284 0 0.000444405 -1 -0.999729 -0.0232863 -1.03486e-005 80.dat
1 0 21.94 -172.999 178.399 -0.00737795 0.999973 0.000114239 0 0.000114242 -1 -0.999973 -0.00737795 -8.42875e-007 80.dat
0 MLCAD SKIP_END
0 MLCAD FLEXHOSE 0 -5.035 0 65.035 0 0 1 0 1 0 1 0 0  -17 -101.7 -50  -30 70 0 113.4 -173 17.85 0 0 150 45 80.dat 80.dat 0
0 MLCAD SKIP_BEGIN
1 0 -55.035 -101.7 48.035 0.998584 0.022203 0.0483402 0 0.90873 -0.417385 0.0531954 -0.416794 -0.907443 80.dat
1 0 -55.1403 -106.01 50.012 0.990069 0.0655106 0.124388 0 0.884791 -0.465988 0.140584 -0.46136 -0.876004 80.dat
1 0 -55.4512 -110.21 52.2017 0.97838 0.106515 0.177274 0 0.857171 -0.515032 0.206813 -0.503897 -0.838639 80.dat
1 0 -55.9568 -114.279 54.5936 0.966495 0.144453 0.212179 0 0.826617 -0.562765 0.256684 -0.54391 -0.798921 80.dat
1 0 -56.6424 -118.202 57.1749 0.955804 0.17875 0.233426 0 0.793951 -0.607982 0.294006 -0.581111 -0.758861 80.dat
1 0 -57.4905 -121.969 59.9322 0.94687 0.209033 0.244424 0 0.759983 -0.649943 0.321617 -0.615411 -0.719605 80.dat
1 0 -58.4821 -125.574 62.8516 0.939853 0.235104 0.247797 0 0.725443 -0.688283 0.34158 -0.646884 -0.681809 80.dat
1 0 -59.5972 -129.015 65.9197 0.934725 0.256903 0.24554 0 0.690939 -0.722913 0.355371 -0.675725 -0.645838 80.dat
1 0 -60.8156 -132.292 69.1244 0.931385 0.27446 0.239152 0 0.656946 -0.753938 0.364036 -0.702206 -0.61187 80.dat
1 0 -62.1173 -135.407 72.4547 0.929707 0.287855 0.229749 0 0.623809 -0.781577 0.368301 -0.726637 -0.57996 80.dat
1 0 -63.4826 -138.366 75.9013 0.929568 0.297175 0.218152 0 0.591758 -0.806115 0.36865 -0.749339 -0.55008 80.dat
1 0 -64.8924 -141.173 79.4561 0.930859 0.302485 0.204951 0 0.560926 -0.827866 0.365379 -0.770626 -0.522143 80.dat
1 0 -66.3277 -143.835 83.1127 0.933483 0.303803 0.190562 0 0.531371 -0.847139 0.358623 -0.79079 -0.496026 80.dat
1 0 -67.7696 -146.357 86.8659 0.937354 0.301081 0.175267 0 0.503092 -0.864233 0.348379 -0.810092 -0.471576 80.dat
1 0 -69.1988 -148.745 90.7115 0.94239 0.29418 0.159244 0 0.476045 -0.879421 0.334515 -0.828758 -0.44862 80.dat
1 0 -70.5955 -151.005 94.6461 0.948503 0.282858 0.142593 0 0.450151 -0.892953 0.316767 -0.846969 -0.426969 80.dat
1 0 -71.9383 -153.142 98.6669 0.955581 0.266744 0.125348 0 0.425303 -0.905051 0.294728 -0.86485 -0.406411 80.dat
1 0 -73.2042 -155.161 102.771 0.963464 0.245318 0.107503 0 0.40137 -0.915916 0.267839 -0.882452 -0.386705 80.dat
1 0 -74.3675 -157.064 106.956 0.971906 0.217886 0.0890156 0 0.378197 -0.925725 0.235368 -0.899718 -0.367572 80.dat
1 0 -75.3994 -158.855 111.217 0.980526 0.183555 0.0698365 0 0.355598 -0.934639 0.196392 -0.916437 -0.348673 80.dat
1 0 -76.2671 -160.536 115.549 0.988718 0.141223 0.049933 0 0.333353 -0.942802 0.14979 -0.932165 -0.329592 80.dat
1 0 -76.933 -162.108 119.945 0.995546 0.0895952 0.0293384 0 0.311196 -0.950346 0.0942764 -0.946113 -0.30981 80.dat
1 0 -77.3541 -163.571 124.391 0.999594 0.0272756 0.00822823 0 0.288814 -0.957385 0.0284897 -0.956997 -0.288697 80.dat
1 0 -77.4819 -164.923 128.874 0.99881 -0.0470227 -0.0129678 0 0.265852 -0.964014 -0.0487781 -0.962866 -0.265536 80.dat
1 0 -77.2623 -166.165 133.371 0.99041 -0.134055 -0.0334276 0 0.241949 -0.970289 -0.13816 -0.960984 -0.239629 80.dat
1 0 -76.6372 -167.293 137.853 0.971005 -0.233373 -0.0518338 0 0.216823 -0.976211 -0.23906 -0.947905 -0.210536 80.dat
1 0 -75.5468 -168.306 142.281 0.937159 -0.342517 -0.0664394 0 0.190425 -0.981702 -0.348901 -0.920011 -0.178458 80.dat
1 0 -73.9347 -169.203 146.611 0.886523 -0.456488 -0.0754737 0 0.163121 -0.986606 -0.462685 -0.874649 -0.144611 80.dat
1 0 -71.754 -169.982 150.79 0.819208 -0.568184 -0.0778782 0 0.135796 -0.990737 -0.573496 -0.81162 -0.111245 80.dat
1 0 -68.975 -170.646 154.759 0.738554 -0.670124 -0.0739696 0 0.109716 -0.993963 -0.674194 -0.734095 -0.0810309 80.dat
1 0 -65.5932 -171.2 158.464 0.650443 -0.756731 -0.0654412 0 0.0861573 -0.996282 -0.759555 -0.648024 -0.0560404 80.dat
1 0 -61.6336 -171.651 161.855 0.561429 -0.82572 -0.0546179 0 0.0660015 -0.99782 -0.827525 -0.560205 -0.0370552 80.dat
1 0 -57.1512 -172.009 164.896 0.476879 -0.877889 -0.0435528 0 0.0495498 -0.998772 -0.878969 -0.476293 -0.0236293 80.dat
1 0 -52.2257 -172.287 167.568 0.400092 -0.915861 -0.0335494 0 0.036607 -0.99933 -0.916475 -0.399824 -0.0146462 80.dat
1 0 -46.9519 -172.498 169.87 0.332417 -0.942797 -0.0251737 0 0.0266916 -0.999644 -0.943133 -0.332298 -0.00887273 80.dat
1 0 -41.4291 -172.654 171.817 0.273846 -0.961596 -0.0184964 0 0.0192316 -0.999815 -0.961774 -0.273795 -0.00526649 80.dat
1 0 -35.7522 -172.768 173.433 0.223629 -0.974583 -0.0133393 0 0.0136859 -0.999906 -0.974674 -0.223608 -0.00306058 80.dat
1 0 -30.0048 -172.848 174.752 0.180717 -0.98349 -0.0094394 0 0.00959742 -0.999954 -0.983535 -0.180708 -0.00173441 80.dat
1 0 -24.2567 -172.904 175.808 0.144018 -0.989553 -0.00653443 0 0.00660327 -0.999978 -0.989575 -0.144015 -0.000950991 80.dat
1 0 -18.5631 -172.942 176.637 0.11253 -0.993639 -0.00439778 0 0.00442589 -0.99999 -0.993648 -0.112528 -0.000498044 80.dat
1 0 -12.9656 -172.967 177.271 0.0853804 -0.996344 -0.00284656 0 0.002857 -0.999996 -0.996348 -0.08538 -0.000243931 80.dat
1 0 -7.49433 -172.983 177.74 0.0618402 -0.998085 -0.00173852 0 0.00174186 -0.999998 -0.998086 -0.0618401 -0.000107717 80.dat
1 0 -2.17011 -172.992 178.07 0.0413065 -0.999146 -0.000965113 0 0.000965937 -1 -0.999147 -0.0413065 -3.98995e-005 80.dat
1 0 2.99384 -172.997 178.283 0.0232863 -0.999729 -0.000444284 0 0.000444405 -1 -0.999729 -0.0232863 -1.03486e-005 80.dat
1 0 7.99 -172.999 178.399 0.00737795 -0.999973 -0.000114239 0 0.000114242 -1 -0.999973 -0.00737795 -8.42875e-007 80.dat
0 MLCAD SKIP_END
1 0 0.065 2 0.635 1 0 0 0 1 0 0 0 1 belt.ldr
1 0 30.065 -1.8 0.635 -1 0 0 0 1 0 0 0 1 belt.ldr
0
0 FILE belt.ldr
0 New Model
0 Name: belt.ldr
0 Author: MLCad
0 Unofficial Model
0 SYNTH BEGIN FIBER_OPTICS_CABLE 16
0 SYNTH SHOW
0 SYNTH SYNTHESIZED BEGIN
0 ROTATION CENTER 0 0 0 1 "Custom" 
0 ROTATION CONFIG 0 0
1 0 14.967 -127.809 164.104 0.327 61.253 1.2443 1.9722 -11.6167 -0.161 -0.0574 -50.1338 1.5575 4-4cyli.dat
1 0 76.219 -139.426 113.969 0.3304 0.3418 1.2674 1.9716 -0.0661 -0.1654 -0.0602 -0.2887 1.5383 4-4cyli.dat
1 0 76.4668 -139.474 113.76 0.3733 0.3265 1.3035 1.9647 -0.0658 -0.2285 -0.0251 -0.2938 1.4996 4-4cyli.dat
1 0 76.7007 -139.521 113.549 0.4178 0.3123 1.3376 1.9559 -0.0658 -0.29 0.0058 -0.2995 1.4583 4-4cyli.dat
1 0 76.9222 -139.568 113.337 0.4638 0.2972 1.3695 1.9452 -0.0658 -0.3501 0.0324 -0.304 1.4149 4-4cyli.dat
1 0 77.1309 -139.614 113.123 0.5111 0.2818 1.3989 1.9328 -0.0658 -0.4088 0.0548 -0.3075 1.3696 4-4cyli.dat
1 0 77.3269 -139.66 112.909 0.5592 0.2679 1.4257 1.9188 -0.0662 -0.4658 0.0729 -0.312 1.323 4-4cyli.dat
1 0 77.5115 -139.705 112.695 0.6083 0.2532 1.4499 1.9033 -0.0666 -0.5215 0.0867 -0.3151 1.2751 4-4cyli.dat
1 0 77.6848 -139.751 112.479 0.6579 0.2388 1.471 1.8862 -0.067 -0.5758 0.0965 -0.3178 1.2266 4-4cyli.dat
1 0 77.8468 -139.796 112.263 0.7077 0.2252 1.4894 1.8678 -0.0678 -0.6287 0.1021 -0.321 1.1775 4-4cyli.dat
1 0 77.9989 -139.842 112.046 0.7579 0.2102 1.5045 1.8479 -0.0682 -0.6805 0.1038 -0.3213 1.1284 4-4cyli.dat
1 0 78.14 -139.888 111.831 0.8077 0.1967 1.5167 1.8268 -0.069 -0.7307 0.1017 -0.3229 1.0797 4-4cyli.dat
1 0 78.2714 -139.934 111.615 0.8572 0.1831 1.5257 1.8045 -0.0698 -0.7796 0.096 -0.3235 1.0317 4-4cyli.dat
1 0 78.3934 -139.981 111.399 0.9061 0.1696 1.5316 1.7809 -0.0706 -0.8273 0.0867 -0.3231 0.9848 4-4cyli.dat
1 0 78.5062 -140.027 111.184 0.9542 0.1566 1.5346 1.7561 -0.0714 -0.8736 0.0744 -0.3224 0.9391 4-4cyli.dat
1 0 78.61 -140.075 110.971 1.0013 0.1447 1.5347 1.7303 -0.0728 -0.9185 0.0589 -0.3228 0.8949 4-4cyli.dat
1 0 78.706 -140.123 110.757 1.0475 0.1321 1.5319 1.7033 -0.0736 -0.9624 0.0406 -0.3205 0.8526 4-4cyli.dat
1 0 78.6935 -140.172 110.544 1.0923 0.1206 1.5265 1.6753 -0.0749 -1.0049 0.0197 -0.3192 0.8124 4-4cyli.dat
1 0 78.6736 -140.221 110.332 1.1358 0.1089 1.5185 1.6462 -0.0757 -1.0461 -0.0032 -0.3157 0.7745 4-4cyli.dat
1 0 78.7459 -140.272 110.123 1.1776 0.0982 1.5082 1.6163 -0.0771 -1.0859 -0.0285 -0.3138 0.7391 4-4cyli.dat
1 0 78.7112 -140.323 109.914 1.218 0.088 1.4956 1.5854 -0.0785 -1.1244 -0.0554 -0.3114 0.7063 4-4cyli.dat
1 0 78.6699 -140.375 109.706 1.2568 0.0781 1.481 1.5535 -0.0798 -1.1617 -0.0839 -0.3082 0.6761 4-4cyli.dat
1 0 78.7223 -140.429 109.5 1.294 0.0681 1.4645 1.5207 -0.0805 -1.1975 -0.1138 -0.3022 0.649 4-4cyli.dat
1 0 78.668 -140.483 109.297 1.3291 0.0594 1.4465 1.4875 -0.0821 -1.2318 -0.1443 -0.2993 0.6247 4-4cyli.dat
1 0 78.7079 -140.538 109.096 1.3626 0.0513 1.427 1.4534 -0.0843 -1.2648 -0.1762 -0.298 0.6034 4-4cyli.dat
1 0 78.7426 -140.595 108.894 1.3947 0.0432 1.406 1.4182 -0.0857 -1.2966 -0.2087 -0.2938 0.585 4-4cyli.dat
1 0 78.6719 -140.653 108.695 1.425 0.0355 1.3838 1.3824 -0.0872 -1.327 -0.2416 -0.2895 0.5694 4-4cyli.dat
1 0 78.6961 -140.713 108.498 1.4536 0.0283 1.3606 1.3459 -0.0886 -1.3559 -0.2747 -0.2848 0.557 4-4cyli.dat
1 0 78.7154 -140.773 108.303 1.4806 0.0215 1.3367 1.3089 -0.0903 -1.3833 -0.3078 -0.2807 0.5476 4-4cyli.dat
1 0 78.7301 -140.835 108.11 1.5058 0.0152 1.3121 1.2713 -0.0928 -1.4091 -0.3409 -0.2786 0.541 4-4cyli.dat
1 0 78.7406 -140.899 107.918 1.5298 0.0091 1.2868 1.2329 -0.0944 -1.4337 -0.374 -0.2739 0.5373 4-4cyli.dat
1 0 78.747 -140.964 107.729 1.5521 0.0035 1.2611 1.194 -0.0969 -1.4567 -0.4066 -0.2714 0.5364 4-4cyli.dat
1 0 78.7494 -141.032 107.541 1.5732 -0.0019 1.2349 1.1544 -0.0989 -1.4782 -0.4387 -0.2671 0.5383 4-4cyli.dat
1 0 78.748 -141.1 107.355 1.5927 -0.0071 1.2086 1.1144 -0.1016 -1.4981 -0.4704 -0.2646 0.543 4-4cyli.dat
1 0 78.7431 -141.171 107.171 1.6111 -0.0118 1.182 1.0738 -0.1035 -1.5166 -0.5012 -0.2597 0.5503 4-4cyli.dat
1 0 78.7349 -141.244 106.989 1.6281 -0.0164 1.1556 1.033 -0.1066 -1.5332 -0.5311 -0.2577 0.5603 4-4cyli.dat
1 0 78.7233 -141.318 106.809 1.644 -0.0209 1.129 0.9916 -0.1098 -1.5483 -0.5603 -0.2556 0.5727 4-4cyli.dat
1 0 78.7087 -141.395 106.63 1.6589 -0.0251 1.1025 0.9496 -0.1129 -1.5618 -0.5885 -0.2528 0.5877 4-4cyli.dat
1 0 78.6911 -141.474 106.453 1.6728 -0.0289 1.076 0.9072 -0.1152 -1.5735 -0.6154 -0.2483 0.6051 4-4cyli.dat
1 0 78.7708 -141.555 106.278 1.6855 -0.0326 1.05 0.8648 -0.1187 -1.5834 -0.6412 -0.2459 0.6248 4-4cyli.dat
1 0 78.7479 -141.638 106.106 1.6974 -0.0363 1.0243 0.822 -0.1225 -1.5915 -0.6656 -0.2439 0.6466 4-4cyli.dat
1 0 78.7225 -141.724 105.935 1.7085 -0.0398 0.9988 0.7789 -0.1263 -1.5977 -0.6887 -0.2416 0.6708 4-4cyli.dat
1 0 78.6946 -141.813 105.766 1.7188 -0.0431 0.9736 0.7356 -0.1303 -1.6019 -0.7104 -0.2393 0.6971 4-4cyli.dat
1 0 78.7644 -141.904 105.598 1.7284 -0.0464 0.9489 0.692 -0.1347 -1.6042 -0.7305 -0.2373 0.7254 4-4cyli.dat
1 0 78.7321 -141.998 105.433 1.7374 -0.0499 0.9246 0.6483 -0.1406 -1.6043 -0.7492 -0.2373 0.7558 4-4cyli.dat
1 0 78.6974 -142.095 105.268 1.7458 -0.0528 0.9005 0.6042 -0.1452 -1.6024 -0.7662 -0.2349 0.7883 4-4cyli.dat
1 0 78.7607 -142.196 105.105 1.7538 -0.0556 0.8769 0.5601 -0.1501 -1.5983 -0.7813 -0.2324 0.8226 4-4cyli.dat
1 0 78.8223 -142.3 104.944 1.7613 -0.0583 0.8538 0.5161 -0.1553 -1.5918 -0.7946 -0.2301 0.8586 4-4cyli.dat
1 0 78.7822 -142.407 104.785 1.7684 -0.0613 0.8313 0.4723 -0.1622 -1.583 -0.806 -0.2296 0.8962 4-4cyli.dat
1 0 78.7401 -142.518 104.628 1.7753 -0.0637 0.8091 0.4285 -0.1679 -1.5716 -0.8153 -0.227 0.9356 4-4cyli.dat
1 0 78.7966 -142.633 104.473 1.7818 -0.0665 0.7875 0.3851 -0.1755 -1.5577 -0.8226 -0.2263 0.9764 4-4cyli.dat
1 0 78.7514 -142.752 104.319 1.7883 -0.0687 0.7661 0.3418 -0.1818 -1.5412 -0.8277 -0.2234 1.0187 4-4cyli.dat
1 0 78.705 -142.875 104.168 1.7946 -0.071 0.7454 0.2993 -0.1895 -1.5218 -0.8306 -0.2216 1.0623 4-4cyli.dat
1 0 78.7572 -143.003 104.019 1.8009 -0.0727 0.7249 0.2572 -0.1963 -1.4998 -0.831 -0.2183 1.1068 4-4cyli.dat
1 0 78.7086 -143.134 103.873 1.8072 -0.075 0.705 0.2161 -0.2053 -1.4749 -0.829 -0.2169 1.1522 4-4cyli.dat
1 0 78.6588 -143.27 103.729 1.8136 -0.0769 0.6853 0.1757 -0.2143 -1.4469 -0.8247 -0.2147 1.1987 4-4cyli.dat
1 0 78.608 -143.412 103.587 1.8201 -0.0784 0.6658 0.1364 -0.2233 -1.4158 -0.8177 -0.2119 1.2459 4-4cyli.dat
1 0 78.5564 -143.559 103.448 1.8269 -0.0791 0.6463 0.0982 -0.2307 -1.3817 -0.808 -0.2069 1.2935 4-4cyli.dat
1 0 78.5046 -143.71 103.312 1.8338 -0.0803 0.6272 0.0617 -0.2405 -1.3448 -0.7958 -0.2037 1.341 4-4cyli.dat
1 0 78.4523 -143.867 103.18 1.841 -0.0811 0.608 0.0268 -0.2505 -1.3047 -0.7809 -0.1999 1.3886 4-4cyli.dat
1 0 78.3997 -144.029 103.05 1.8486 -0.0815 0.5887 -0.0063 -0.2603 -1.2614 -0.7634 -0.1952 1.4361 4-4cyli.dat
1 0 78.347 -144.197 102.924 1.8565 -0.0817 0.5691 -0.0374 -0.2709 -1.2152 -0.7431 -0.1906 1.4831 4-4cyli.dat
1 0 78.2945 -144.371 102.801 1.8647 -0.0821 0.5492 -0.0662 -0.2833 -1.1658 -0.7201 -0.1865 1.5295 4-4cyli.dat
1 0 78.2418 -144.553 102.682 1.8733 -0.0812 0.5286 -0.0929 -0.2931 -1.1133 -0.6943 -0.1799 1.5752 4-4cyli.dat
1 0 78.1897 -144.741 102.566 1.8823 -0.0801 0.5072 -0.1167 -0.3036 -1.0583 -0.6658 -0.1733 1.6195 4-4cyli.dat
1 0 78.1385 -144.935 102.455 1.8915 -0.079 0.4852 -0.1377 -0.3155 -1.0005 -0.6349 -0.1668 1.6624 4-4cyli.dat
1 0 78.0879 -145.137 102.349 1.9011 -0.0768 0.4619 -0.1556 -0.3251 -0.9404 -0.6013 -0.1586 1.7036 4-4cyli.dat
1 0 78.0387 -145.346 102.247 1.9108 -0.0747 0.4375 -0.1702 -0.3367 -0.8783 -0.5655 -0.1509 1.7427 4-4cyli.dat
1 0 77.9908 -145.562 102.15 1.9207 -0.0715 0.4116 -0.1814 -0.3453 -0.8143 -0.5272 -0.1415 1.7797 4-4cyli.dat
1 0 77.9448 -145.784 102.059 1.9305 -0.0682 0.3844 -0.189 -0.3557 -0.7491 -0.4871 -0.1324 1.8141 4-4cyli.dat
1 0 77.9006 -146.014 101.973 1.9403 -0.0646 0.3554 -0.193 -0.3661 -0.6828 -0.4449 -0.123 1.8459 4-4cyli.dat
1 0 77.8586 -146.252 101.893 1.9499 -0.0603 0.3245 -0.1932 -0.3749 -0.6157 -0.4009 -0.1127 1.875 4-4cyli.dat
1 0 77.8191 -146.498 101.82 1.959 -0.0557 0.2917 -0.1898 -0.384 -0.5485 -0.3553 -0.1022 1.9011 4-4cyli.dat
1 0 77.7824 -146.751 101.752 1.9677 -0.0509 0.2568 -0.1824 -0.394 -0.4812 -0.3082 -0.0917 1.9242 4-4cyli.dat
1 0 77.7485 -147.013 101.691 1.9756 -0.0453 0.2195 -0.1715 -0.4006 -0.4145 -0.2596 -0.0803 1.9442 4-4cyli.dat
1 0 77.7181 -147.282 101.637 1.9827 -0.0397 0.1802 -0.1568 -0.4098 -0.3489 -0.2101 -0.0693 1.9611 4-4cyli.dat
1 0 77.6912 -147.56 101.59 1.9888 -0.0339 0.1385 -0.1384 -0.4197 -0.2844 -0.1595 -0.0581 1.9748 4-4cyli.dat
1 0 77.6679 -147.848 101.55 1.9937 -0.0274 0.0941 -0.1165 -0.4261 -0.2217 -0.1076 -0.0463 1.9854 4-4cyli.dat
1 0 77.6489 -148.144 101.518 1.9972 -0.0252 0.0475 -0.0913 -0.525 -0.1612 -0.055 -0.0419 1.9929 4-4cyli.dat
1 0 77.6343 -148.449 101.494 1.9996 -0.0177 -0.0006 -0.0393 -0.9011 -0.064 -0.0006 -0.0289 1.999 4-4cyli.dat
1 0 77.619 -149.226 101.469 2 0.0092 -0 0.0138 -1.3241 0 -0 0 2 4-4cyli.dat
1 0 77.6278 -150.494 101.469 1.9995 0.0269 0.0146 0.0419 -1.2805 0.0005 -0.0146 0.0001 1.9999 4-4cyli.dat
1 0 77.619 -152.78 101.469 2 0.0092 0 -0.0138 1.3241 0 0 0 2 4-4cyli.dat
1 0 77.619 -153.88 101.569 2 0.0092 0 -0.0137475 1.31906 0.174311 0.00120275 -0.115403 1.99239 4-4cyli.dat
1 0 77.619 -154.88 101.769 2 0.0092 0 -0.0136484 1.30956 0.295619 0.00203977 -0.195714 1.97803 4-4cyli.dat
1 0 77.619 -155.78 102.069 2 0.0092 0 -0.0132317 1.26957 0.568031 0.00391941 -0.376065 1.91764 4-4cyli.dat
1 0 77.619 -156.58 102.569 2 0.0092 0 -0.0122959 1.17978 0.907981 0.00626507 -0.601129 1.78201 4-4cyli.dat
1 0 77.619 -157.28 103.169 2 0.0092 0 -0.0110212 1.05747 1.20363 0.00830505 -0.796863 1.59727 4-4cyli.dat
1 0 77.619 -158.18 103.869 2 0.0092 0 -0.0108745 1.04341 1.23132 0.00849613 -0.815197 1.57602 4-4cyli.dat
1 0 77.619 -158.91 104.584 2 0.0092 0 -0.0103356 0.991692 1.32524 0.00914416 -0.877375 1.49791 4-4cyli.dat
1 0 77.619 -159.501 105.323 2 0.0092 0 -0.00896238 0.859934 1.52081 0.0104936 -1.00685 1.2989 4-4cyli.dat
1 0 77.619 -159.9 106.178 2 0.0092 0 -0.0069 0.66205 1.73205 0.0119512 -1.1467 1 4-4cyli.dat
1 0 77.619 -160.16 107.064 2 0.0092 0 -0.00471988 0.452869 1.87939 0.0129678 -1.24425 0.68404 4-4cyli.dat
1 0 77.619 -160.36 108.064 2 0.0092 0 -0.00345524 0.331528 1.9363 0.0133604 -1.28192 0.50076 4-4cyli.dat
1 0 77.619 -160.46 108.964 2 0.0092 0 -0.00192059 0.184279 1.98054 0.0136657 -1.31121 0.278346 4-4cyli.dat
1 0 77.619 -160.66 109.864 2 0.0092 0 -0.00239634 0.229928 1.96962 0.0135903 -1.30398 0.347296 4-4cyli.dat
1 0 77.619 -160.688 110.769 2 0.0092 0 -0.00084247 0.0808344 1.99627 0.0137743 -1.32163 0.122097 4-4cyli.dat
1 0 77.619 -160.788 112.069 2 0.0092 0 -0.00084247 0.0808344 1.99627 0.0137743 -1.32163 0.122097 4-4cyli.dat
1 0 77.619 -160.888 113.369 2 0.0092 0 -0.00084247 0.0808344 1.99627 0.0137743 -1.32163 0.122097 4-4cyli.dat
1 0 77.619 -160.888 114.369 2 0.0092 0 -0.000120426 0.0115548 1.99992 0.0137995 -1.32405 0.0174531 4-4cyli.dat
1 0 77.619 -160.922 115.673 2 0.0092 0 -0.000120426 0.0115548 1.99992 0.0137995 -1.32405 0.0174531 4-4cyli.dat
1 0 77.619 -160.95 116.976 2 0.0092 0 -0.000120426 0.0115548 1.99992 0.0137995 -1.32405 0.0174531 4-4cyli.dat
1 0 77.619 -160.888 118.269 2 0.0092 0 0.000361242 -0.0346609 1.99931 0.0137953 -1.32365 -0.0523539 4-4cyli.dat
1 0 77.619 -160.878 119.573 2 0.0092 0 0.000361242 -0.0346609 1.99931 0.0137953 -1.32365 -0.0523539 4-4cyli.dat
1 0 77.619 -160.858 120.876 2 0.0092 0 0.000361242 -0.0346609 1.99931 0.0137953 -1.32365 -0.0523539 4-4cyli.dat
1 0 77.628 -151.512 101.469 1.9995 0.0269 0.0146 -0.0419 1.2805 -0.0005 -0.0146 0.0001 1.9999 4-4cyli.dat
1 0 78.8223 -142.3 104.944 1.7613 -0.0583 0.8538 0.5161 -0.1553 -1.5918 -0.7946 -0.2301 0.8586 4-4cyli.dat
1 0 78.7822 -142.407 104.785 1.7684 -0.0613 0.8313 0.4723 -0.1622 -1.583 -0.806 -0.2296 0.8962 4-4cyli.dat
1 0 78.8401 -142.518 104.628 1.7753 -0.0637 0.8091 0.4285 -0.1679 -1.5716 -0.8153 -0.227 0.9356 4-4cyli.dat
1 0 78.7966 -142.633 104.473 1.7818 -0.0665 0.7875 0.3851 -0.1755 -1.5577 -0.8226 -0.2263 0.9764 4-4cyli.dat
1 0 78.7514 -142.752 104.319 1.7883 -0.0687 0.7661 0.3418 -0.1818 -1.5412 -0.8277 -0.2234 1.0187 4-4cyli.dat
1 0 78.705 -142.875 104.168 1.7946 -0.071 0.7454 0.2993 -0.1895 -1.5218 -0.8306 -0.2216 1.0623 4-4cyli.dat
1 0 78.7572 -143.003 104.019 1.8009 -0.0727 0.7249 0.2572 -0.1963 -1.4998 -0.831 -0.2183 1.1068 4-4cyli.dat
1 0 78.7086 -143.134 103.873 1.8072 -0.075 0.705 0.2161 -0.2053 -1.4749 -0.829 -0.2169 1.1522 4-4cyli.dat
1 0 78.6588 -143.27 103.729 1.8136 -0.0769 0.6853 0.1757 -0.2143 -1.4469 -0.8247 -0.2147 1.1987 4-4cyli.dat
1 0 78.608 -143.412 103.587 1.8201 -0.0784 0.6658 0.1364 -0.2233 -1.4158 -0.8177 -0.2119 1.2459 4-4cyli.dat
1 0 78.5564 -143.559 103.448 1.8269 -0.0791 0.6463 0.0982 -0.2307 -1.3817 -0.808 -0.2069 1.2935 4-4cyli.dat
1 0 78.5046 -143.71 103.312 1.8338 -0.0803 0.6272 0.0617 -0.2405 -1.3448 -0.7958 -0.2037 1.341 4-4cyli.dat
1 0 78.4523 -143.867 103.18 1.841 -0.0811 0.608 0.0268 -0.2505 -1.3047 -0.7809 -0.1999 1.3886 4-4cyli.dat
1 0 78.3997 -144.029 103.05 1.8486 -0.0815 0.5887 -0.0063 -0.2603 -1.2614 -0.7634 -0.1952 1.4361 4-4cyli.dat
1 0 78.347 -144.197 102.924 1.8565 -0.0817 0.5691 -0.0374 -0.2709 -1.2152 -0.7431 -0.1906 1.4831 4-4cyli.dat
1 0 78.2945 -144.371 102.801 1.8647 -0.0821 0.5492 -0.0662 -0.2833 -1.1658 -0.7201 -0.1865 1.5295 4-4cyli.dat
1 0 78.2418 -144.553 102.682 1.8733 -0.0812 0.5286 -0.0929 -0.2931 -1.1133 -0.6943 -0.1799 1.5752 4-4cyli.dat
1 0 78.1897 -144.741 102.566 1.8823 -0.0801 0.5072 -0.1167 -0.3036 -1.0583 -0.6658 -0.1733 1.6195 4-4cyli.dat
1 0 78.1385 -144.935 102.455 1.8915 -0.079 0.4852 -0.1377 -0.3155 -1.0005 -0.6349 -0.1668 1.6624 4-4cyli.dat
1 0 78.0879 -145.137 102.349 1.9011 -0.0768 0.4619 -0.1556 -0.3251 -0.9404 -0.6013 -0.1586 1.7036 4-4cyli.dat
1 0 78.0387 -145.346 102.247 1.9108 -0.0747 0.4375 -0.1702 -0.3367 -0.8783 -0.5655 -0.1509 1.7427 4-4cyli.dat
1 0 77.9908 -145.562 102.15 1.9207 -0.0715 0.4116 -0.1814 -0.3453 -0.8143 -0.5272 -0.1415 1.7797 4-4cyli.dat
1 0 77.9448 -145.784 102.059 1.9305 -0.0682 0.3844 -0.189 -0.3557 -0.7491 -0.4871 -0.1324 1.8141 4-4cyli.dat
1 0 77.9006 -146.014 101.973 1.9403 -0.0646 0.3554 -0.193 -0.3661 -0.6828 -0.4449 -0.123 1.8459 4-4cyli.dat
1 0 77.8586 -146.252 101.893 1.9499 -0.0603 0.3245 -0.1932 -0.3749 -0.6157 -0.4009 -0.1127 1.875 4-4cyli.dat
1 0 77.8191 -146.498 101.82 1.959 -0.0557 0.2917 -0.1898 -0.384 -0.5485 -0.3553 -0.1022 1.9011 4-4cyli.dat
1 0 77.7824 -146.751 101.752 1.9677 -0.0509 0.2568 -0.1824 -0.394 -0.4812 -0.3082 -0.0917 1.9242 4-4cyli.dat
1 0 77.7485 -147.013 101.691 1.9756 -0.0453 0.2195 -0.1715 -0.4006 -0.4145 -0.2596 -0.0803 1.9442 4-4cyli.dat
1 0 77.7181 -147.282 101.637 1.9827 -0.0397 0.1802 -0.1568 -0.4098 -0.3489 -0.2101 -0.0693 1.9611 4-4cyli.dat
1 0 77.6912 -147.56 101.59 1.9888 -0.0339 0.1385 -0.1384 -0.4197 -0.2844 -0.1595 -0.0581 1.9748 4-4cyli.dat
1 0 77.6679 -147.848 101.55 1.9937 -0.0274 0.0941 -0.1165 -0.4261 -0.2217 -0.1076 -0.0463 1.9854 4-4cyli.dat
1 0 77.6489 -148.144 101.518 1.9972 -0.0252 0.0475 -0.0913 -0.525 -0.1612 -0.055 -0.0419 1.9929 4-4cyli.dat
1 0 77.6343 -148.449 101.494 1.9996 -0.0177 -0.0006 -0.0393 -0.9011 -0.064 -0.0006 -0.0289 1.999 4-4cyli.dat
1 0 77.619 -149.226 101.469 2 0.0092 -0 0.0138 -1.3241 0 -0 0 2 4-4cyli.dat
1 0 77.6278 -150.494 101.469 1.9995 0.0269 0.0146 0.0419 -1.2805 0.0005 -0.0146 0.0001 1.9999 4-4cyli.dat
1 0 78.3254 -160.962 119.713 -0.3364 -1.0249 -1.0259 1.0861 0.4324 -1.5218 -1.6453 0.495 -0.7948 4-4cyli.dat
1 0 77.346 -160.549 120.186 -0.3329 -1.0762 -1.0055 1.0977 0.4363 -1.5238 -1.6384 0.511 -0.8166 4-4cyli.dat
1 0 76.3209 -160.133 120.673 -0.33 -1.4024 -0.9826 1.1099 0.5432 -1.5262 -1.6307 0.6535 -0.8399 4-4cyli.dat
1 0 74.967 -159.609 121.304 -0.322595 -59.9295 -0.982028 1.11356 23.2304 -1.52299 -1.6297 27.7361 -0.8463 4-4cyli.dat
0 SYNTH SYNTHESIZED END
0 SYNTH END
0 
0 
0 
1 0 13.928 -136.344 149.588 -0.952135 -1.72459 0.0605087 -0.883277 0.527234 1.71203 -1.52094 0.773436 -1.03213 4-4cyli.dat
1 0 15.211 -136.71 148.972 -0.952135 -1.72459 0.0605087 -0.883277 0.527234 1.71203 -1.52094 0.773436 -1.03213 4-4cyli.dat
1 0 12.412 -135.829 150.244 -0.942793 -1.73054 0 -0.921604 0.483308 1.70528 -1.50392 0.788686 -1.045 4-4cyli.dat
1 0 11.008 -135.457 150.843 -1.26879 -1.51683 0 -0.807793 0.650422 1.70528 -1.3182 1.06139 -1.045 4-4cyli.dat
1 0 9.768 -134.953 151.671 -1.54602 -1.24483 0 -0.662941 0.792541 1.70528 -1.08182 1.29331 -1.045 4-4cyli.dat
1 0 8.741 -134.332 152.687 -1.76384 -0.924993 0 -0.492608 0.904205 1.70528 -0.803863 1.47553 -1.045 4-4cyli.dat
1 0 7.966 -133.616 153.855 -1.91388 -0.569608 0 -0.303346 0.981122 1.70528 -0.495016 1.60105 -1.045 4-4cyli.dat
1 0 7.473 -132.836 155.129 -1.99037 -0.192333 0 -0.102427 1.02033 1.70528 -0.167146 1.66503 -1.045 4-4cyli.dat
1 0 7.281 -132.02 156.46 -1.99037 0.192333 0 0.102427 1.02033 1.70528 0.167146 1.66503 -1.045 4-4cyli.dat
1 0 7.397 -131.197 157.796 -1.91388 0.569608 0 0.303346 0.981122 1.70528 0.495016 1.60105 -1.045 4-4cyli.dat
1 0 7.816 -130.407 159.088 -1.76384 0.924993 0 0.492608 0.904205 1.70528 0.803863 1.47553 -1.045 4-4cyli.dat
1 0 8.523 -129.677 160.286 -1.54602 1.24483 0 0.662941 0.792541 1.70528 1.08182 1.29331 -1.045 4-4cyli.dat
1 0 9.491 -129.028 161.343 -1.26879 1.51683 0 0.807793 0.650422 1.70528 1.3182 1.06139 -1.045 4-4cyli.dat
1 0 10.682 -128.493 162.22 -0.942793 1.73054 0 0.921604 0.483308 1.70528 1.50392 0.788686 -1.045 4-4cyli.dat
1 0 12.05 -128.079 162.876 -0.580569 1.87775 0 1 0.297619 1.70528 1.63185 0.485671 -1.045 4-4cyli.dat
1 0 13.543 -127.827 163.3 -0.196034 1.95279 0 1.03997 0.100494 1.70528 1.69707 0.163991 -1.045 4-4cyli.dat
1 0 15.3 -127.734 163.439 0 1 0 1.045 0 1.70528 1.70528 0 -1.045 4-4cyli.dat
0 
0
0
