0 FILE 8259 - Mini Bulldozer.ldr
0 Mini Bulldozer
0 Name: 8259 - Mini Bulldozer.ldr
0 Author: Tomas Kralicek [RabbiT_CZ]
0 !LICENSE Redistributable under CCAL version 2.0 : see CAreadme.txt

1 72 0 0 0 0 -1 0 1 0 0 0 0 1 32523.dat
1 0 10 0 -20 -1 0 0 0 -1 0 0 0 1 2780.dat
1 19 -10 0 20 -1 0 0 0 -0.866 0.5 0 0.5 0.866 3749.dat
0 STEP
1 0 20 0 0 0 -1 0 -1 0 0 0 0 -1 32140.dat
1 71 40 0 0 1 0 0 0 -1 0 0 0 -1 32073.dat
0 STEP
1 1 0 0 -60 -1 0 0 0 1 0 0 0 -1 6558.dat
1 0 10 0 -40 1 0 0 0 -1 0 0 0 -1 2780.dat
0 STEP
1 72 0 0 -80 0 1 0 1 0 0 0 0 -1 32316.dat
0 STEP
1 0 -30 0 -60 1 0 0 0 -1 0 0 0 -1 62462.dat
1 72 -50 0 -60 -1 0 0 0 1 0 0 0 -1 32002.dat
0 STEP
1 71 40 -20 0 1 0 0 0 -1 0 0 0 -1 42003.dat
1 0 40 -20 10 0 0 -1 0 -1 0 -1 0 0 2780.dat
0 STEP
1 71 40 -40 20 -1 0 0 0 1 0 0 0 -1 42003.dat
1 71 40 -60 20 -1 0 0 0 1 0 0 0 -1 4519.dat
0 STEP
1 71 40 -40 20 0 0 -1 0 -1 0 -1 0 0 32073.dat
1 14 40 -40 -30 -1 0 0 0 -1 0 0 0 1 59443.dat
1 71 40 -40 60 -1 0 0 0 1 0 0 0 -1 3713.dat
0 STEP
1 71 40 -20 -60 -1 0 0 0 1 0 0 0 -1 44294.dat
1 0 40 -40 -60 1 0 0 0 -1 0 0 0 -1 32184.dat
0 STEP
1 71 40 -40 -80 0 0 -1 0 -1 0 -1 0 0 32073.dat
1 0 60 0 0 0 -1 0 -1 0 0 0 0 -1 32140.dat
0 STEP
1 0 70 0 -40 1 0 0 0 -1 0 0 0 -1 2780.dat
1 0 70 0 -20 1 0 0 0 -1 0 0 0 -1 2780.dat
1 1 80 0 -60 1 0 0 0 -1 0 0 0 -1 6558.dat
0 STEP
1 72 80 0 0 0 1 0 -1 0 0 0 0 1 32523.dat
1 19 90 0 20 1 0 0 0 0.5 -0.866 0 0.866 0.5 3749.dat
1 71 40 -60 -60 -1 0 0 0 -1 0 0 0 1 32073.dat
0 STEP
1 71 80 -20 -60 0 0 -1 0 1 0 1 0 0 3713.dat
1 71 0 -20 -60 0 0 1 0 -1 0 1 0 0 3713.dat
1 71 -20 -20 -60 0 1 0 -1 0 0 0 0 1 60483.dat
1 71 100 -20 -60 0 1 0 -1 0 0 0 0 1 60483.dat
0 STEP
1 14 20 -60 -20 1 0 0 0 1 0 0 0 1 8259 - subModel-1.ldr
0 STEP
1 71 40 -60 -80 -1 0 0 0 -0.982 0.191 0 0.191 0.982 32073.dat
1 72 40 -60 -80 0 0 1 0 -1 0 1 0 0 3647.dat
1 14 60 -60 -20 0 -1 0 1 0 0 0 0 1 32524.dat
1 0 70 -60 -20 1 0 0 0 1 0 0 0 1 2780.dat
0 STEP
1 14 0 -60 -20 0 -1 0 1 0 0 0 0 1 32316.dat
1 14 80 -60 -20 0 -1 0 1 0 0 0 0 1 32316.dat
0 STEP
1 72 0 0 -120 1 0 0 0 0.5 -0.866 0 0.866 0.5 6587.dat
1 14 20 0 -120 0 -1 0 0 0 -1 1 0 0 32526.dat
1 71 -20 0 -120 0 0 1 0.866 0.5 0 -0.5 0.866 0 4019.dat
0 STEP
1 19 30 -20 -120 1 0 0 0 0 -1 0 1 0 3749.dat
1 19 30 -60 -120 1 0 0 0 1 0 0 0 1 3749.dat
1 0 40 -40 -120 1 0 0 0 1 0 0 0 1 32184.dat
0 STEP
1 1 40 -80 -120 1 0 0 0 1 0 0 0 1 6558.dat
1 14 40 -80 -100 0 0 1 -1 0 0 0 -1 0 6536.dat
0 STEP
1 14 60 0 -120 0 -1 0 0 0 -1 1 0 0 32526.dat
1 72 80 0 -120 -1 0 0 0 0.866 -0.5 0 -0.5 -0.866 6587.dat
1 72 80 0 -80 0 1 0 1 0 0 0 0 -1 32316.dat
1 71 100 0 -120 0 0 1 0.866 0.5 0 -0.5 0.866 0 4019.dat
0 STEP
1 71 40 -40 -90 0 -1 0 -1 0 0 0 0 -1 4716.dat
1 71 0 -60 -80 0 -1 0 -0.982 0 -0.191 0.191 0 -0.982 2825.dat
1 71 80 -60 -80 0 1 0 0.982 0 -0.191 -0.191 0 -0.982 2825.dat
0 STEP
1 19 40 -90 -100 0 0 -1 1 0 0 0 -1 0 3749.dat
1 19 -10 -71.484 -138.891 1 0 0 0 0.982 0.191 0 -0.191 0.982 3749.dat
1 19 90 -71.484 -138.891 -1 0 0 0 0.982 -0.191 0 -0.191 -0.982 3749.dat
0 STEP
1 71 40 -80 -80 1 0 0 0 1 0 0 0 1 4519.dat
1 0 40 -80 -60 1 0 0 0 0 1 0 -1 0 32184.dat
1 71 40 -80 -40 1 0 0 0 1 0 0 0 1 4519.dat
1 14 25 -80 -40 0 0 1 1 0 0 0 1 0 32123b.dat
1 14 55 -80 -40 0 0 1 1 0 0 0 1 0 32123b.dat
0 STEP
1 0 15 -80 0 0 1 0 0 0 -1 -1 0 0 32249.dat
1 71 40 -120 0 1 0 0 0 1 0 0 0 1 4519.dat
0 STEP
1 0 40 -120 0 -1 0 0 0 -1 0 0 0 1 62462.dat
1 0 65 -80 0 0 1 0 0 0 -1 -1 0 0 32249.dat
0 STEP
1 0 110 0 -60 -1 0 0 0 1 0 0 0 -1 62462.dat
1 72 130 0 -60 1 0 0 0 -1 0 0 0 -1 32002.dat
1 0 40 -110 -100 0 0 1 -1 0 0 0 -1 0 62462.dat
0 STEP
1 71 100 0 20 0 0 1 0.5 -0.866 0 0.866 0.5 0 4019.dat
1 71 -20 0 20 0 0 1 0.866 0.5 0 -0.5 0.866 0 4019.dat
0 STEP
1 71 -20 0 5 0 0 -1 0 1 0 1 0 0 8259 - technicChainTread17Closed-1.ldr
1 0 105 0 5 0 0 -1 0 1 0 1 0 0 8259 - technicChainTread17Closed-1.ldr
0 STEP
1 1 -55 0 -120 1 0 0 0 1 0 0 0 1 8259 - Blade-1.ldr
0 STEP
1 14 135 0 -120 0 -1 0 1 0 0 0 0 1 32065.dat
0 STEP
1 71 100 -57.714 -163.597 0 -1 0 0.962 0 0.273 -0.273 0 0.962 32073.dat
1 71 -20 -57.714 -163.597 0 -1 0 0.962 0 0.273 -0.273 0 0.962 32073.dat
1 14 -20 -76.952 -158.129 0 0 1 0.962 0.273 0 -0.273 0.962 0 6536.dat
1 14 100 -76.952 -158.129 0 0 1 0.962 0.273 0 -0.273 0.962 0 6536.dat
1 14 -20 -105.809 -149.927 -1 0 0 0 0.273 0.962 0 0.962 -0.273 59443.dat
1 14 100 -105.809 -149.927 -1 0 0 0 0.273 0.962 0 0.962 -0.273 59443.dat
1 14 40 10 -198 -1 0 0 0 0 1 0 1 0 8259 - Blade-2.ldr
0 FILE 8259 - subModel-1.ldr
0 subModel-1
0 Name: 8259 - subModel-1.ldr
0 Author: Tomas Kralicek [RabbiT_CZ]
0 !LICENSE Redistributable under CCAL version 2.0 : see CAreadme.txt

1 14 0 0 0 0 -1 0 1 0 0 0 0 1 32524.dat
1 1 20 0 20 1 0 0 0 1 0 0 0 1 6558.dat
1 0 -10 0 0 -1 0 0 0 -1 0 0 0 1 2780.dat
0 STEP
1 71 20 -20 20 0 -1 0 0 0 1 -1 0 0 60483.dat
1 71 20 -20 20 -1 0 0 0 0 1 0 1 0 4519.dat
0 STEP
1 14 5 -20 20 0 0 -1 -1 0 0 0 1 0 32123b.dat
1 14 35 -20 20 0 0 -1 -1 0 0 0 1 0 32123b.dat
0 FILE 8259 - technicChainTread17Closed-1.ldr
0 technicChainTread17Closed-1
0 Name: 8259 - technicChainTread17Closed-1.ldr
0 Author: LDCad
0 !LICENSE Redistributable under CCAL version 2.0 : see CAreadme.txt

0 !CATEGORY technic
0 !KEYWORDS flexible, chain

0 !LDCAD CONTENT [type=path] [addFallBack=default] [looped=true] [displayKind=links] [curveStep=16] [displayLenCor=0]
0 !LDCAD PATH_POINT [type=circle] [posOri=-125 0 0 1 0 0 0 1 0 0 0 1] [prevCPDist=25] [nextCPDist=25] [cirR=21.7] [cirDir=xyCW] [prevYRoll=0] [nextYRoll=0]
0 !LDCAD PATH_POINT [type=bezier] [posOri=-65 -34 0 0 -1 0 1 0 0 0 0 1] [prevCPDist=25] [nextCPDist=25] [cirR=20] [cirDir=xyCW] [prevYRoll=0] [nextYRoll=0]
0 !LDCAD PATH_POINT [type=bezier] [posOri=-45 -34 0 0 -1 0 1 0 0 0 0 1] [prevCPDist=25] [nextCPDist=25] [cirR=20] [cirDir=xyCW] [prevYRoll=0] [nextYRoll=0]
0 !LDCAD PATH_POINT [type=circle] [posOri=15 0 0 1 0 0 0 1 0 0 0 1] [prevCPDist=25] [nextCPDist=25] [cirR=21.7] [cirDir=xyCW] [prevYRoll=0] [nextYRoll=0]

0 !LDCAD PATH_SKIN [donCol=0] [donOri=0 1 0 0 0 1 1 0 0] [donPart=3873.dat] [donYSize=100%] [donCen=partCen] [donCenYOfs=0] [donFinScale=none] [donPlace=refsStat] [donYAlign=1] [donInline=false] [segSize=16] [segSizeTol=0] [segsCnt=0] [segsGrp=0] [segsMaxMerge=1] [segsMrgAng=0] [segsMrgRollAng=0] [segsEdgeDelKind=keepFirstLeft]

0 !LDCAD GENERATED [generator=LDCad 1.6b]
0 //This is the fallback LDraw content for above PATH configuration.
0 // Do not edit, any changes will be lost upon regeneration.
0 // The path is approx 166.43 mm (416.08) and exists out of 26 segments.

0 //Some general hints about the document.
0 UNOFFICIAL PART
0 BFC CERTIFY CCW

0 //Fixed color segments
0 //  Skin meta #1 is using a static color.
0 //  To ensure correct edge colors those segments are placed in (a) subpart(s).
1 0 0 0 0 1 0 0 0 1 0 0 0 1 8259 - technicChainTread17Closed-1_subPart1.ldr

0 FILE 8259 - technicChainTread17Closed-1_subPart1.ldr
0 technicChainTread17Closed-1_subPart1
0 Name: 8259 - technicChainTread17Closed-1_subPart1.ldr
0 Author: LDCad
0 !LICENSE Redistributable under CCAL version 2.0 : see CAreadme.txt

0 !LDCAD GENERATED [generator=LDCad 1.6b] [master=8259 - technicChainTread17Closed-1.ldr]
0 //This is additional fallback LDraw content for the "8259 - technicChainTread17Closed-1.ldr" PATH configuration.
0 // Do not edit, any changes will be lost upon regeneration.
0 // The path is approx 166.43 mm (416.08) and exists out of 26 segments.

0 //Some general hints about the document.
0 UNOFFICIAL PART
0 BFC CERTIFY CCW

0 //Segments
1 16 -140.749428 -14.852296 0 0 0.928268 -0.371911 0 0.371911 0.928268 1 0 0 3873.dat
1 16 -126.365549 -21.859723 0 0 0.437964 -0.898992 0 0.898992 0.437964 1 0 0 3873.dat
1 16 -110.844 -25.743214 0 0 0.242718 -0.970097 0 0.970097 0.242718 1 0 0 3873.dat
1 16 -95.403294 -29.936614 0 0 0.262087 -0.965044 0 0.965044 0.262087 1 0 0 3873.dat
1 16 -79.706087 -33.03463 0 0 0.193626 -0.981075 0 0.981075 0.193626 1 0 0 3873.dat
1 16 -63.734628 -33.989862 0 0 0.059702 -0.998216 0 0.998216 0.059702 1 0 0 3873.dat
1 16 -47.734631 -33.999616 0 0 0.00061 -1 0 1 0.00061 1 0 0 3873.dat
1 16 -31.753407 -33.224695 0 0 -0.048433 -0.998826 0 0.998826 -0.048433 1 0 0 3873.dat
1 16 -16.026475 -30.281294 0 0 -0.183963 -0.982933 0 0.982933 -0.183963 1 0 0 3873.dat
1 16 -0.57622 -26.123215 0 0 -0.25988 -0.965641 0 0.965641 -0.25988 1 0 0 3873.dat
1 16 14.936739 -22.205551 0 0 -0.244854 -0.96956 0 0.96956 -0.244854 1 0 0 3873.dat
1 16 29.66765 -15.960531 0 0 -0.390314 -0.920682 0 0.920682 -0.390314 1 0 0 3873.dat
1 16 36.585783 -1.533493 0 0 -0.90169 -0.432383 0 0.432383 -0.90169 1 0 0 3873.dat
1 16 31.781225 13.7281 0 0 -0.95385 0.300285 0 -0.300285 -0.95385 1 0 0 3873.dat
1 16 17.77728 21.466933 0 0 -0.483677 0.875247 0 -0.875247 -0.483677 1 0 0 3873.dat
1 16 1.77883 21.689642 0 0 -0.013919 0.999903 0 -0.999903 -0.013919 1 0 0 3873.dat
1 16 -14.221167 21.699291 0 0 -0.000603 1 0 -1 -0.000603 1 0 0 3873.dat
1 16 -30.221167 21.699959 0 0 -0.000042 1 0 -1 -0.000042 1 0 0 3873.dat
1 16 -46.221167 21.7 0 0 -0.000003 1 0 -1 -0.000003 1 0 0 3873.dat
1 16 -62.221167 21.7 0 0 0 1 0 -1 0 1 0 0 3873.dat
1 16 -78.221167 21.7 0 0 0 1 0 -1 0 1 0 0 3873.dat
1 16 -94.221167 21.7 0 0 0 1 0 -1 0 1 0 0 3873.dat
1 16 -110.221167 21.7 0 0 0 1 0 -1 0 1 0 0 3873.dat
1 16 -126.221116 21.659786 0 0 0.002513 0.999997 0 -0.999997 0.002513 1 0 0 3873.dat
1 16 -140.740397 14.937399 0 0 0.420149 0.907455 0 -0.907455 0.420149 1 0 0 3873.dat
1 16 -146.669475 0.07651 0 0 0.928806 0.370567 0 -0.370567 0.928806 1 0 0 3873.dat
0 FILE 8259 - Blade-1.ldr
0 Blade-1
0 Name: 8259 - Blade-1.ldr
0 Author: Tomas Kralicek [RabbiT_CZ]
0 !LICENSE Redistributable under CCAL version 2.0 : see CAreadme.txt

1 14 0 0 0 0 -1 0 1 0 0 0 0 1 32065.dat
1 72 5 0 -40 -1 0 0 0 -1 0 0 0 1 32002.dat
0 STEP
1 71 15 0 -60 0 1 0 -1 0 0 0 0 1 60483.dat
1 0 95 0 -60 1 0 0 0 1 0 0 0 1 3737.dat
0 STEP
1 0 55 0 -60 1 0 0 0 1 0 0 0 1 32291.dat
1 14 35 0 -60 -1 0 0 0 0.273 0.962 0 0.962 -0.273 32013.dat
0 STEP
1 71 85 -20 -60 -1 0 0 0 -1 0 0 0 1 42003.dat
1 14 70 0 -60 0 0 1 0 -1 0 1 0 0 32123b.dat
0 STEP
1 71 105 -20 -60 -1 0 0 0 -1 0 0 0 1 42003.dat
1 14 120 0 -60 0 0 1 0 -1 0 1 0 0 32123b.dat
0 STEP
1 0 135 0 -60 1 0 0 0 1 0 0 0 1 32291.dat
1 14 155 0 -60 -1 0 0 0 0.273 0.962 0 0.962 -0.273 32013.dat
0 STEP
1 71 175 0 -60 0 1 0 -1 0 0 0 0 1 60483.dat
1 72 185 0 -40 1 0 0 0 1 0 0 0 1 32002.dat
0 STEP
1 1 145 20 -70 0 0 1 0 1 0 -1 0 0 4274.dat
1 1 125 20 -70 0 0 1 0 1 0 -1 0 0 4274.dat
1 1 105 -20 -70 0 0 1 0 1 0 -1 0 0 4274.dat
1 1 85 -20 -70 0 0 1 0 1 0 -1 0 0 4274.dat
1 1 45 20 -70 0 0 1 0 1 0 -1 0 0 4274.dat
1 1 65 20 -70 0 0 1 0 1 0 -1 0 0 4274.dat
1 1 105 -40 -70 0 0 1 0 1 0 -1 0 0 4274.dat
1 1 85 -40 -70 0 0 1 0 1 0 -1 0 0 4274.dat
0 FILE 8259 - Blade-2.ldr
0 Blade-2
0 Name: 8259 - Blade-2.ldr
0 Author: Tomas Kralicek [RabbiT_CZ]
0 !LICENSE Redistributable under CCAL version 2.0 : see CAreadme.txt

1 72 0 0 0 1 0 0 0 1 0 0 0 1 3832.dat
1 72 0 0 -40 1 0 0 0 1 0 0 0 1 3020.dat
0 STEP
1 72 0 -8 -40 0 0 1 0 1 0 -1 0 0 3020.dat
0 STEP
1 72 60 -8 -40 0 0 1 0 1 0 -1 0 0 6179.dat
0 STEP
1 72 -60 -8 -40 0 0 -1 0 1 0 1 0 0 6179.dat
0 STEP
1 14 -60 -24 10 1 0 0 0 1 0 0 0 1 30413.dat
1 14 60 -24 10 1 0 0 0 1 0 0 0 1 30413.dat
1 14 0 -24 10 1 0 0 0 1 0 0 0 1 4865a.dat
