0 FILE 8264.ldr
0 8264 Hauler
0 Name: 8264 Hauler.mpd
0 Author: Sabo Sergiu Vlad
0 Official Model
0 ROTATION CENTER 0 0 0 1 "Custom" 
0 ROTATION CONFIG 0 0
1 1 -207 -80 58 -1 0 0 0 1 0 0 0 -1 6558.dat
1 1 -227 -139 68.498 0 -1 0 -0.173648 0 0.984808 -0.984808 0 -0.173648 32140.dat
1 1 -187 -139 68.501 0 -1 0 -0.173648 0 0.984808 -0.984808 0 -0.173648 32140.dat
1 71 -207.001 -139 68.5 -1 0 0 0 -0.190809 -0.981627 0 -0.981627 0.190809 4519.dat
1 71 -207.001 -139 68.5 0 0 -1 0.173648 0.984808 0 0.984808 -0.173648 0 3713.dat
1 4 -172 -92 4 0 -1 0 0.599303 0 0.800522 -0.800522 0 0.599303 41677.dat
1 4 -242 -92 4 0 -1 0 0.599303 0 0.800522 -0.800522 0 0.599303 41677.dat
1 0 -207.001 -76 16.001 -1 0 0 0 0.599303 -0.800522 0 -0.800522 -0.599303 3705.dat
1 0 -206.999 -92 4.001 -1 0 0 0 0.599303 -0.800522 0 -0.800522 -0.599303 3706.dat
1 71 -207.001 -76 16.001 0 0 -1 0.800522 0.599303 0 0.599303 -0.800522 0 3713.dat
1 72 -206.999 -92 4.001 -1 0 0 0 -0.800522 -0.599303 0 -0.599303 0.800522 6536.dat
1 72 -156.999 -92 4 -1 0 0 0 -0.800522 -0.599303 0 -0.599303 0.800522 32291.dat
1 72 -256.999 -92 3.999 -1 0 0 0 -0.800522 -0.599303 0 -0.599303 0.800522 32291.dat
1 14 -187 0 188.001 0 1 0 -1 0 0 0 0 1 32316.dat
1 71 -206.999 0 187.999 0 0 -1 -1 0 0 0 1 0 48989.dat
1 14 -227 0 187.999 0 -1 0 -1 0 0 0 0 -1 32316.dat
1 0 -207 -40.001 168 1 0 0 0 -1 0 0 0 -1 48451.dat
1 72 -207 -40.001 168 1 0 0 0 -1 0 0 0 -1 48452.dat
1 1 -167 0 148 1 0 0 0 -1 0 0 0 -1 6558.dat
1 1 -247 0 148.001 -1 0 0 0 -1 0 0 0 1 6558.dat
1 1 -167.001 0 188 1 0 0 0 -1 0 0 0 -1 6558.dat
1 72 -267.003 -0.001 268.001 0 -1 0 -1 0 0 0 0 -1 41239.dat
1 71 -267.004 -0.001 328 1 0 0 0 -1 0 0 0 -1 32054.dat
1 1 -256.999 0 247.999 1 0 0 0 -1 0 0 0 -1 43093.dat
1 72 -251.999 -40.002 248 0 -1 0 1 0 0 0 0 1 32056.dat
1 72 -241.999 -40.002 248.001 0 -1 0 1 0 0 0 0 1 32056.dat
1 1 -257.001 -40 288.001 1 0 0 0 1 0 0 0 1 43093.dat
1 71 -206.999 -40.001 247.999 1 0 0 0 1 0 0 0 1 44294.dat
1 71 -227 -40 248 0 0 1 0 1 0 -1 0 0 3713.dat
1 71 -206.999 -40.001 247.999 0 0 1 0 1 0 -1 0 0 3713.dat
1 71 -186.999 -40 248.001 0 0 1 0 1 0 -1 0 0 3713.dat
1 1 -257 0 368 1 0 0 0 1 0 0 0 1 43093.dat
1 1 -247.001 0 188.001 -1 0 0 0 -1 0 0 0 1 6558.dat
1 0 -257 0 388.001 -1 0 0 0 -1 0 0 0 1 2780.dat
1 72 -252 0 408 0 -1 0 -1 0 0 0 0 -1 32056.dat
1 72 -242 0 408 0 -1 0 -1 0 0 0 0 -1 32056.dat
1 1 -256.999 -40 407.999 1 0 0 0 1 0 0 0 1 43093.dat
1 72 -266.999 -40 367.999 0 1 0 -1 0 0 0 0 1 41239.dat
1 0 -257.001 -40 448.001 -1 0 0 0 -1 0 0 0 1 2780.dat
1 0 -257 -40 488 -1 0 0 0 -1 0 0 0 1 2780.dat
1 72 -172 -40 247.999 0 -1 0 1 0 0 0 0 1 32056.dat
1 72 -162 -40 248 0 -1 0 1 0 0 0 0 1 32056.dat
1 1 -157.001 -40 288.001 -1 0 0 0 -1 0 0 0 1 43093.dat
1 1 -156.999 0 247.999 -1 0 0 0 -1 0 0 0 1 43093.dat
1 72 -246.999 -40 588.001 0 -1 0 1 0 0 0 0 1 32278.dat
1 1 -256.999 -40 687.999 -1 0 0 0 -1 0 0 0 1 43093.dat
1 0 -267 -40 688.001 0 1 0 -1 0 0 0 0 1 32140.dat
1 71 -267 -60 748.002 1 0 0 0 1 0 0 0 1 32054.dat
1 71 -247 -40 728 -1 0 0 0 1 0 0 0 -1 32054.dat
1 71 -207 -40 728.001 -1 0 0 0 1 0 0 0 -1 4519.dat
1 0 -207 -40 748 0 1 0 1 0 0 0 0 -1 60483.dat
1 71 -207 -40 748 1 0 0 0 -1 0 0 0 -1 44294.dat
1 71 -227.001 -40 748.001 0 0 1 0 -1 0 1 0 0 3713.dat
1 71 -187.001 -40 748 0 0 1 0 -1 0 1 0 0 3713.dat
1 72 -246.999 -40 748.001 -1 0 0 0 1 0 0 0 -1 6536.dat
1 72 -167 -40 748.001 -1 0 0 0 1 0 0 0 -1 6536.dat
1 71 -167 -40 728 1 0 0 0 1 0 0 0 1 32054.dat
1 0 -247 -20 758 0 0 -1 0 1 0 1 0 0 2780.dat
1 0 -167.001 -20 758.001 0 0 -1 0 1 0 1 0 0 2780.dat
1 0 -257.001 -40 548.001 -1 0 0 0 1 0 0 0 -1 2780.dat
1 71 -246.999 -40 588.001 -1 0 0 0 1 0 0 0 -1 32054.dat
1 71 -207 -40 588 -1 0 0 0 1 0 0 0 -1 4519.dat
1 71 -167.001 -40 587.999 1 0 0 0 1 0 0 0 1 32054.dat
1 72 -167.001 -40 587.999 0 1 0 -1 0 0 0 0 1 32278.dat
1 0 -157 -40 548 -1 0 0 0 -1 0 0 0 1 2780.dat
1 0 -157 -40 488 -1 0 0 0 -1 0 0 0 1 2780.dat
1 0 -157.001 -40 448.001 -1 0 0 0 -1 0 0 0 1 2780.dat
1 71 -147.002 -60 748 -1 0 0 0 -1 0 0 0 1 32054.dat
1 0 -146.999 -40 687.999 0 1 0 -1 0 0 0 0 1 32140.dat
1 1 -156.999 -40 688.001 1 0 0 0 1 0 0 0 1 43093.dat
1 72 -146.999 0 268.001 0 1 0 -1 0 0 0 0 1 41239.dat
1 1 -157 0 368 -1 0 0 0 -1 0 0 0 1 43093.dat
1 1 -156.999 -40 407.999 -1 0 0 0 -1 0 0 0 1 43093.dat
1 0 -157 0 387.999 -1 0 0 0 -1 0 0 0 1 2780.dat
1 71 -147.001 0 328 -1 0 0 0 -1 0 0 0 1 32054.dat
1 72 -162 0 408 0 -1 0 -1 0 0 0 0 -1 32056.dat
1 72 -172 0 408.001 0 -1 0 -1 0 0 0 0 -1 32056.dat
1 72 -146.999 -40 367.999 0 -1 0 -1 0 0 0 0 -1 41239.dat
1 0 -266.999 0 568 0 -1 0 0 0 -1 1 0 0 60484.dat
1 0 -247 -20 567.999 0 -1 0 0 0 1 -1 0 0 60484.dat
1 71 -247 0 567.999 -1 0 0 0 0 1 0 1 0 32054.dat
1 71 -206.999 0 568 -1 0 0 0 0 1 0 1 0 4519.dat
1 1 -246.999 20 548.001 -1 0 0 0 0 1 0 1 0 6558.dat
1 1 -246.999 20 588.001 -1 0 0 0 0 1 0 1 0 6558.dat
1 72 -266.999 20 568 0 -1 0 1 0 0 0 0 1 32525.dat
1 72 -227 20 567.999 0 -1 0 1 0 0 0 0 1 32525.dat
1 72 -272.001 20 467.999 -1 0 0 0 1 0 0 0 -1 32209.dat
1 72 -272 20 668.002 -1 0 0 0 1 0 0 0 -1 32209.dat
1 71 -287.002 20 668 0 0 1 0 1 0 -1 0 0 3713.dat
1 71 -287 20 468 0 0 1 0 1 0 -1 0 0 3713.dat
1 71 -251.999 20 468.001 0 0 1 0 1 0 -1 0 0 32123a.dat
1 71 -252 20 668 0 0 1 0 1 0 -1 0 0 32123a.dat
1 71 -167 0 568 1 0 0 0 1 0 0 0 1 32054.dat
1 0 -167 -20 568 0 1 0 0 0 1 1 0 0 60484.dat
1 0 -146.999 0 568 0 1 0 0 0 -1 -1 0 0 60484.dat
1 1 -167.001 20 587.999 1 0 0 0 0 -1 0 1 0 6558.dat
1 1 -167.001 20 547.999 1 0 0 0 0 -1 0 1 0 6558.dat
1 72 -186.999 20 568 0 1 0 -1 0 0 0 0 1 32525.dat
1 72 -146.999 20 568 0 1 0 -1 0 0 0 0 1 32525.dat
1 72 -142.001 20 467.999 1 0 0 0 1 0 0 0 1 32209.dat
1 72 -141.999 20 668.001 1 0 0 0 1 0 0 0 1 32209.dat
1 71 -127 20 468 0 0 -1 0 1 0 1 0 0 3713.dat
1 71 -127 20 668 0 0 -1 0 1 0 1 0 0 3713.dat
1 71 -162 20 467.999 0 0 -1 0 1 0 1 0 0 32123a.dat
1 71 -162 20 668 0 0 -1 0 1 0 1 0 0 32123a.dat
1 71 -167.001 -40 188 -1 0 0 0 1 0 0 0 -1 32054.dat
1 71 -167 -40 148 -1 0 0 0 1 0 0 0 -1 32054.dat
1 71 -247 -40 148.001 1 0 0 0 1 0 0 0 1 32054.dat
1 71 -247.001 -40 188.001 1 0 0 0 1 0 0 0 1 32054.dat
1 36 -287 -20 778 0 0 1 1 0 0 0 1 0 6141.dat
1 57 -306.999 -20 778 0 0 1 1 0 0 0 1 0 6141.dat
1 57 -107 -20 777.999 0 0 1 1 0 0 0 1 0 6141.dat
1 36 -127 -20 778 0 0 1 1 0 0 0 1 0 6141.dat
1 71 -206.999 -114 0 0 0 -1 -0.599303 0.800522 0 0.800522 0.599303 0 4274.dat
1 71 -167 -114 0.001 0 0 -1 -0.807167 -0.590324 0 -0.590324 0.807167 0 4073.dat
1 71 -147 -114 0 0 0 -1 -0.807167 -0.590324 0 -0.590324 0.807167 0 4073.dat
1 71 -247.001 -114 0.001 0 0 -1 -0.807167 -0.590324 0 -0.590324 0.807167 0 4073.dat
1 71 -267 -114 0 0 0 -1 -0.807167 -0.590324 0 -0.590324 0.807167 0 4073.dat
1 14 -106.999 20 668 0 0 -1 1 0 0 0 -1 0 32020.dat
1 14 -107 20 467.999 0 0 -1 1 0 0 0 -1 0 32020.dat
1 14 -306.999 20 468 0 0 1 1 0 0 0 1 0 32020.dat
1 14 -306.999 20 668 0 0 1 1 0 0 0 1 0 32020.dat
1 256 -87.998 20 667.999 0 0 1 1 0 0 0 1 0 32019.dat
1 256 -88 20 468 0 0 1 1 0 0 0 1 0 32019.dat
1 256 -306.999 20 468 0 0 1 1 0 0 0 1 0 32019.dat
1 256 -306.999 20 668 0 0 1 1 0 0 0 1 0 32019.dat
1 14 -247 -60 608 0 1 0 1 0 0 0 0 -1 32278.dat
1 0 -237 -60 688 1 0 0 0 -1 0 0 0 -1 2780.dat
1 0 -237 -60 488 1 0 0 0 -1 0 0 0 -1 2780.dat
1 71 -207 -60 468 1 0 0 0 -1 0 0 0 -1 32073.dat
1 14 -227.001 -60 388 0 -1 0 -1 0 0 0 0 -1 32525.dat
1 1 -207 -60 328 1 0 0 0 -1 0 0 0 -1 6558.dat
1 71 -207.001 -60 307.999 1 0 0 0 -1 0 0 0 -1 44294.dat
1 14 -187.001 -60 388 0 1 0 1 0 0 0 0 -1 32525.dat
1 71 -167 -60 307.999 0 0 1 1 0 0 0 1 0 3713.dat
1 71 -246.999 -60 308.001 0 0 1 1 0 0 0 1 0 3713.dat
1 71 -207 -60 468 0 0 1 1 0 0 0 1 0 3713.dat
1 0 -177 -60 488 1 0 0 0 0 -1 0 1 0 2780.dat
1 0 -207.001 -60 307.999 0 1 0 -1 0 0 0 0 1 60483.dat
1 71 -246.999 -60 588.001 1 0 0 0 1 0 0 0 1 32054.dat
1 71 -212 -21 420 0 0 -1 -0.224951 0.97437 0 0.97437 0.224951 0 00012.ldr
1 0 -227.001 -60 708.001 0 1 0 1 0 0 0 0 -1 60483.dat
1 0 -187.001 -60 708 0 1 0 1 0 0 0 0 -1 60483.dat
1 71 -207 -60 708 0 0 1 1 0 0 0 1 0 3713.dat
1 71 -207 -60 708 1 0 0 0 0 -1 0 1 0 44294.dat
1 0 -177 -60 688 1 0 0 0 0 -1 0 1 0 2780.dat
1 71 -167.001 -60 587.999 -1 0 0 0 -1 0 0 0 1 32054.dat
1 0 -256.999 -60 508 -1 0 0 0 -1 0 0 0 1 2780.dat
1 0 -257.001 -60 548.001 -1 0 0 0 -1 0 0 0 1 2780.dat
1 0 -157 -60 548 -1 0 0 0 -1 0 0 0 1 2780.dat
1 0 -157 -60 508 -1 0 0 0 -1 0 0 0 1 2780.dat
1 14 -146.999 -60 308 -1 0 0 0 -1 0 0 0 1 6536.dat
1 14 -147.001 -60 708.001 -1 0 0 0 -1 0 0 0 1 6536.dat
1 14 -267.001 -60 708 -1 0 0 0 -1 0 0 0 1 6536.dat
1 14 -267 -60 307.999 -1 0 0 0 -1 0 0 0 1 6536.dat
1 14 -147 -80 508 0 0 1 0 1 0 -1 0 0 6536.dat
1 14 -147 -80 548.001 0 0 1 0 1 0 -1 0 0 6536.dat
1 14 -267.001 -80 548 0 0 1 0 1 0 -1 0 0 6536.dat
1 14 -267 -80 507.999 0 0 1 0 1 0 -1 0 0 6536.dat
1 71 -266.999 -80 528 0 0 1 0 1 0 -1 0 0 4519.dat
1 71 -146.999 -80 527.999 0 0 1 0 1 0 -1 0 0 4519.dat
1 1 -146.999 -80 718 0 0 -1 0 1 0 1 0 0 43093.dat
1 1 -266.999 -80 718 0 0 -1 0 1 0 1 0 0 43093.dat
1 14 -267 -80 737.999 -1 0 0 0 1 0 0 0 -1 6538c.dat
1 14 -146.999 -80 738.001 -1 0 0 0 1 0 0 0 -1 6538c.dat
1 1 -147.001 -80 758 0 0 1 0 1 0 -1 0 0 43093.dat
1 1 -267.001 -80 758.001 0 0 1 0 1 0 -1 0 0 43093.dat
1 14 -207 -80 648 0 0 -1 0 1 0 1 0 0 64782.dat
1 14 -206.999 -80 407.999 0 0 1 0 1 0 -1 0 0 64782.dat
1 14 -206.999 -20 768 0 0 1 -1 0 0 0 -1 0 32525.dat
1 14 -339 -176 768 0.800731 0 0.599024 -0.599024 0 0.800731 0 -1 0 32271.dat
1 14 -339 -176 528 0.800731 0 0.599024 -0.599024 0 0.800731 0 -1 0 32271.dat
1 14 -339 -176 288 0.800731 0 0.599024 -0.599024 0 0.800731 0 -1 0 32271.dat
1 14 -74.998 -176 767.999 -0.800731 0 -0.599024 -0.599024 0 0.800731 0 1 0 32271.dat
1 14 -75 -176 528 -0.800731 0 -0.599024 -0.599024 0 0.800731 0 1 0 32271.dat
1 14 -74.999 -176 287.999 -0.800731 0 -0.599024 -0.599024 0 0.800731 0 1 0 32271.dat
1 14 -99 -144 407.999 0 -0.801776 0.597625 0 -0.597625 -0.801776 1 0 0 64782.dat
1 14 -99 -144 648 0 -0.801776 0.597625 0 -0.597625 -0.801776 1 0 0 64782.dat
1 14 -315 -144 648 0 0.801776 -0.597625 0 -0.597625 -0.801776 -1 0 0 64782.dat
1 14 -315.001 -144 408 0 0.801776 -0.597625 0 -0.597625 -0.801776 -1 0 0 64782.dat
1 14 -167 -60 607.999 0 1 0 1 0 0 0 0 -1 32278.dat
1 0 -129 -104 587.999 -0.618408 0.785857 0 0.785857 0.618408 0 0 0 -1 2780.dat
1 0 -129.001 -104 708 -0.618408 0.785857 0 0.785857 0.618408 0 0 0 -1 2780.dat
1 0 -129 -104 467.999 -0.618408 0.785857 0 0.785857 0.618408 0 0 0 -1 2780.dat
1 0 -129 -104 348 -0.618408 0.785857 0 0.785857 0.618408 0 0 0 -1 2780.dat
1 0 -285 -104 348 -0.618408 -0.785857 0 -0.785857 0.618408 0 0 0 -1 2780.dat
1 0 -284.999 -104 468 -0.618408 -0.785857 0 -0.785857 0.618408 0 0 0 -1 2780.dat
1 0 -284.999 -104 588.001 -0.618408 -0.785857 0 -0.785857 0.618408 0 0 0 -1 2780.dat
1 0 -284.999 -104 708.001 -0.618408 -0.785857 0 -0.785857 0.618408 0 0 0 -1 2780.dat
1 14 -135.001 -96 648 0.800731 0.599024 0 0.599024 -0.800731 0 0 0 -1 32525.dat
1 14 -135 -95 408 0.800731 0.599024 0 0.599024 -0.800731 0 0 0 -1 32525.dat
1 14 -278.999 -95 407.999 -0.800731 -0.599024 0 0.599024 -0.800731 0 0 0 1 32525.dat
1 14 -279.001 -95 648 -0.800731 -0.599024 0 0.599024 -0.800731 0 0 0 1 32525.dat
1 71 -227 -80 528.001 0 0 -1 0 1 0 1 0 0 4519.dat
1 71 -187 -80 528 0 0 -1 0 1 0 1 0 0 4519.dat
1 1 -166.999 -80 528.001 0 0 -1 0 1 0 1 0 0 6558.dat
1 1 -247 -80 528 0 0 -1 0 1 0 1 0 0 6558.dat
1 0 -247 -80 298 0 0 -1 0 1 0 1 0 0 2780.dat
1 0 -267 -80 298 0 0 -1 0 1 0 1 0 0 2780.dat
1 0 -146.999 -80 298 0 0 -1 0 1 0 1 0 0 2780.dat
1 0 -167 -80 298 0 0 -1 0 1 0 1 0 0 2780.dat
1 1 -186.999 -80 298.001 0 0 -1 0 -1 0 -1 0 0 43093.dat
1 1 -226.999 -80 298 0 0 -1 0 -1 0 -1 0 0 43093.dat
1 0 -247 -80 758 0 0 -1 0 -1 0 -1 0 0 2780.dat
1 0 -167.001 -80 758.001 0 0 -1 0 -1 0 -1 0 0 2780.dat
1 4 -187 -80 758 0 0 -1 0 -1 0 -1 0 0 32062.dat
1 0 -87.001 -160 758 0 0 -1 0 -1 0 -1 0 0 2780.dat
1 0 -123 -112 758 0 0 -1 0 -1 0 -1 0 0 2780.dat
1 0 -327 -160 758.001 0 0 -1 0 -1 0 -1 0 0 2780.dat
1 4 -227 -80 758 0 0 -1 0 -1 0 -1 0 0 32062.dat
1 0 -291 -112 758 0 0 -1 0 -1 0 -1 0 0 2780.dat
1 1 -291 -112 528 0 0 -1 0 -1 0 -1 0 0 6558.dat
1 1 -327 -160 528 0 0 -1 0 -1 0 -1 0 0 6558.dat
1 1 -123 -112 528 0 0 -1 0 -1 0 -1 0 0 6558.dat
1 1 -87.001 -160 527.999 0 0 -1 0 -1 0 -1 0 0 6558.dat
1 0 -123.001 -112 297.999 0 0 -1 0 -1 0 -1 0 0 2780.dat
1 0 -291 -112 298 0 0 -1 0 -1 0 -1 0 0 2780.dat
1 1 -75 -176 298 0 0.785857 0.618408 0 0.618408 -0.785857 -1 0 0 43093.dat
1 1 -327.001 -160 277.999 0 0 1 0 1 0 -1 0 0 43093.dat
1 1 -86.999 -160 278.001 0 0 1 0 1 0 -1 0 0 43093.dat
1 14 -327.001 -160 267.999 1 0 0 0 0 -1 0 1 0 32140.dat
1 14 -86.999 -160 268.001 -1 0 0 0 0 -1 0 -1 0 32140.dat
1 1 -339 -176 298 0 0.800731 -0.599024 0 -0.599024 -0.800731 -1 0 0 43093.dat
1 14 -206.999 -220 247.999 0 0 -1 1 0 0 0 -1 0 41239.dat
1 14 -207 -220 268 0 0 -1 1 0 0 0 -1 0 40490.dat
1 0 -87 -220 258 0 0 -1 0 -1 0 -1 0 0 2780.dat
1 0 -106.999 -220 257.999 0 0 -1 0 -1 0 -1 0 0 2780.dat
1 0 -306.999 -220 257.999 0 0 -1 0 -1 0 -1 0 0 2780.dat
1 0 -327.001 -220 257.999 0 0 -1 0 -1 0 -1 0 0 2780.dat
1 1 -287 -220 268 0 0 -1 0 -1 0 -1 0 0 6558.dat
1 1 -127 -220 268 0 0 -1 0 -1 0 -1 0 0 6558.dat
1 14 -107.001 -220 288 0 -1 0 -1 0 0 0 0 -1 6536.dat
1 14 -307.001 -220 288.001 0 1 0 -1 0 0 0 0 1 6536.dat
1 1 -307.001 -210 288.001 0 1 0 -1 0 0 0 0 1 43093.dat
1 1 -107.001 -210 288 0 1 0 -1 0 0 0 0 1 43093.dat
1 14 -207 -200 288 0 0 -1 0 1 0 1 0 0 32525.dat
1 71 -137.001 -180 288 0 1 0 1 0 0 0 0 -1 32138.dat
1 71 -277 -180 288 0 1 0 1 0 0 0 0 -1 32138.dat
1 14 -207 -160 288 0 0 1 0 1 0 -1 0 0 40490.dat
1 71 -237.001 -140 288 0 1 0 -1 0 0 0 0 1 32138.dat
1 71 -177.001 -140 288.002 0 1 0 -1 0 0 0 0 1 32138.dat
1 0 -207.001 20 148 0 0 -1 1 0 0 0 -1 0 42003.dat
1 1 -207.001 20 148 1 0 0 0 -1 0 0 0 -1 6558.dat
1 1 -207 20 128 1 0 0 0 -1 0 0 0 -1 6558.dat
1 72 -186.999 20 88.001 0 -1 0 -1 0 0 0 0 -1 32524.dat
1 72 -227 20 87.999 0 -1 0 -1 0 0 0 0 -1 32524.dat
1 71 -207 20 108 -1 0 0 0 1 0 0 0 -1 4519.dat
1 71 -207 20 68 -1 0 0 0 1 0 0 0 -1 44294.dat
1 0 -207 20 88 -1 0 0 0 0 -1 0 -1 0 32184.dat
1 14 -207 -120 288 0 0 -1 0 -1 0 -1 0 0 32524.dat
1 1 -167.002 20 88.001 1 0 0 0 -1 0 0 0 -1 6558.dat
1 1 -247.001 20 88 -1 0 0 0 -1 0 0 0 1 6558.dat
1 0 -167 -40 67.999 0 1 0 0 0 1 1 0 0 32140.dat
1 0 -247 -40 68 0 1 0 0 0 1 1 0 0 32140.dat
1 72 -272 20 28 -1 0 0 0 0 1 0 1 0 32209.dat
1 72 -141.999 20 27.999 1 0 0 0 0 1 0 -1 0 32209.dat
1 72 -147.001 20 -31.999 0 -1 0 -1 0 0 0 0 -1 41239.dat
1 72 -267.001 20 -32 0 -1 0 -1 0 0 0 0 -1 41239.dat
1 71 -252 20 28 0 0 1 -1 0 0 0 -1 0 32123a.dat
1 71 -162 20 28 0 0 1 -1 0 0 0 -1 0 32123a.dat
1 71 -127 20 28 0 0 1 -1 0 0 0 -1 0 3713.dat
1 71 -287 20 28.001 0 0 1 -1 0 0 0 -1 0 3713.dat
1 14 -107.001 20 28 0 0 -1 -1 0 0 0 1 0 32020.dat
1 14 -307.001 20 28 0 0 1 -1 0 0 0 -1 0 32020.dat
1 0 -257.001 20 -131.999 -1 0 0 0 0 -1 0 -1 0 2780.dat
1 14 -297 20 -92 0 0 -1 0 -1 0 -1 0 0 6538c.dat
1 14 -117.001 20 -92 0 0 -1 0 -1 0 -1 0 0 6538c.dat
1 0 -157.001 20 -131.999 -1 0 0 0 0 -1 0 -1 0 2780.dat
1 0 -167 -60 -212 0 1 0 -0.599024 0 0.800731 0.800731 0 0.599024 6629.dat
1 0 -247 -60 -212 0 1 0 -0.599024 0 0.800731 0.800731 0 0.599024 6629.dat
1 71 -187 20 -91.998 -1 0 0 0 1 0 0 0 -1 44294.dat
1 71 -207 20 -92 -1 0 0 0 1 0 0 0 -1 60485.dat
1 71 -207 20 -92 0 0 1 0 1 0 -1 0 0 3713.dat
1 0 -227.001 0 -92 1 0 0 0 1 0 0 0 1 32184.dat
1 0 -187 0 -91.998 1 0 0 0 1 0 0 0 1 32184.dat
1 71 -167.001 20 -152.001 1 0 0 0 1 0 0 0 1 4519.dat
1 71 -246.999 20 -151.999 1 0 0 0 1 0 0 0 1 4519.dat
1 71 -207 20 -152 0 0 -1 1 0 0 0 -1 0 32034.dat
1 0 -207 0 -172 1 0 0 0 -1 0 0 0 -1 40490.dat
1 0 -207 10 -152 0 -1 0 -1 0 0 0 0 -1 2780.dat
1 71 -207 -20 -92 -1 0 0 0 1 0 0 0 -1 4519.dat
1 71 -207 -20 -112 0 1 0 1 0 0 0 0 -1 4519.dat
1 72 -207 -20 -112 0 0 1 1 0 0 0 1 0 6536.dat
1 0 -207 -40 -112 -1 0 0 0 0 1 0 1 0 32039.dat
1 0 -206.999 20 -191.999 -1 0 0 0 0 1 0 1 0 42003.dat
1 0 -207 10 -172 0 0 1 1 0 0 0 1 0 2780.dat
1 1 -206.999 0 -191.999 0 0 1 1 0 0 0 1 0 6558.dat
1 71 -207 20 -212 1 0 0 0 0 -1 0 1 0 32073.dat
1 71 -226.999 20 -211.999 0 0 -1 -1 0 0 0 1 0 3713.dat
1 71 -187 20 -212.001 0 0 -1 -1 0 0 0 1 0 3713.dat
1 0 -167 0 -212 1 0 0 0 0 -1 0 1 0 32039.dat
1 0 -247 0 -212 1 0 0 0 0 -1 0 1 0 32039.dat
1 0 -206.999 -20 -191.999 1 0 0 0 -1 0 0 0 -1 60484.dat
1 0 -207.001 -10 -232 0 -1 0 -1 0 0 0 0 -1 2780.dat
1 0 -226.999 -10 -232.001 0 -1 0 -1 0 0 0 0 -1 2780.dat
1 0 -187.001 -10 -232 0 -1 0 -1 0 0 0 0 -1 2780.dat
1 4 -167 -10 -212 0 -1 0 -1 0 0 0 0 -1 32062.dat
1 4 -247 -10 -212 0 -1 0 -1 0 0 0 0 -1 32062.dat
1 0 -266.999 -20 -212 0 -1 0 -1 0 0 0 0 -1 42003.dat
1 47 -127 -20 -222 0 0 1 -1 0 0 0 -1 0 4073.dat
1 47 -146.999 -20 -222 0 0 1 -1 0 0 0 -1 0 4073.dat
1 47 -287 -20 -222 0 0 1 -1 0 0 0 -1 0 4073.dat
1 47 -266.999 -20 -222.001 0 0 1 -1 0 0 0 -1 0 4073.dat
1 71 -207 -60 -212 -1 0 0 0 0.618408 -0.785857 0 -0.785857 -0.618408 44294.dat
1 0 -146.999 -20 -212 0 1 0 -1 0 0 0 0 1 42003.dat
1 0 -186.999 -60 -112 0 -1 0 -1 0 0 0 0 -1 32140.dat
1 0 -226.999 -60 -112 0 -1 0 -1 0 0 0 0 -1 32140.dat
1 7 -207 -60 -112 -1 0 0 0 1 0 0 0 -1 4519.dat
1 72 -177 -60 -132 1 0 0 0 1 0 0 0 1 32002.dat
1 72 -237 -60 -132 -1 0 0 0 1 0 0 0 -1 32002.dat
1 72 -187 -40 68.001 0 1 0 1 0 0 0 0 -1 41239.dat
1 72 -227.001 -40 68 0 1 0 1 0 0 0 0 -1 41239.dat
1 71 -207.001 -40 148 0 0 1 1 0 0 0 1 0 48989.dat
1 71 -207 -40 68 1 0 0 0 0 -1 0 1 0 32073.dat
1 0 -207 -40 88 1 0 0 0 0 -1 0 1 0 32184.dat
1 71 -207 -40 108 1 0 0 0 0 -1 0 1 0 32073.dat
1 71 -207 -20 88 0 0 -1 -1 0 0 0 1 0 32073.dat
1 71 -207 0 88 -1 0 0 0 0 1 0 1 0 3713.dat
1 72 -207 -20 88 -1 0 0 0 0 1 0 1 0 3647.dat
1 14 -207 -70 88 -1 0 0 0 0 1 0 1 0 6538c.dat
1 14 -157 -40 108 0 0 1 1 0 0 0 1 0 6538c.dat
1 14 -257 -40 108 0 0 1 1 0 0 0 1 0 6538c.dat
1 1 -136.999 -40 108.001 -1 0 0 0 0 1 0 1 0 43093.dat
1 1 -277 -40 107.999 1 0 0 0 0 1 0 -1 0 43093.dat
1 71 -207 -40 37.999 1 0 0 0 0 1 0 -1 0 32138.dat
1 71 -206.999 20 -32 0 0 1 -1 0 0 0 -1 0 32034.dat
1 71 -167 20 -32.001 -1 0 0 0 0 -1 0 -1 0 4519.dat
1 71 -247 20 -32 -1 0 0 0 0 -1 0 -1 0 4519.dat
1 71 -242 20 -31.999 0 0 -1 1 0 0 0 -1 0 32123a.dat
1 71 -172 20 -32.001 0 0 -1 1 0 0 0 -1 0 32123a.dat
1 71 -162 -10 -32 0 1 0 0 0 -1 -1 0 0 32449.dat
1 71 -252 -10 -31.999 0 1 0 0 0 -1 -1 0 0 32449.dat
1 0 -206.999 -60 -32 1 0 0 0 -1 0 0 0 -1 32184.dat
1 4 -242 -40 -31.999 0 -1 0 -1 0 0 0 0 -1 41677.dat
1 71 -206.999 -40 -32 -1 0 0 0 1 0 0 0 -1 32073.dat
1 0 -207 -40 -52 -1 0 0 0 1 0 0 0 -1 3706.dat
1 71 -207 -40 -52 0 0 1 0 1 0 -1 0 0 3713.dat
1 1 -97 20 -92 -1 0 0 0 1 0 0 0 -1 43093.dat
1 1 -317 20 -92 1 0 0 0 1 0 0 0 1 43093.dat
1 4 -172 -40 -32.001 0 -1 0 -1 0 0 0 0 -1 41677.dat
1 135 -167 -60 -132 0 -1 0 1 0 0 0 0 1 53543.dat
1 135 -247 -60 -132 0 1 0 -1 0 0 0 0 1 53543.dat
1 71 -206.999 -80 -32 -1 0 0 0 -1 0 0 0 1 4519.dat
1 71 -247 -80 -32 0 0 -1 -1 0 0 0 1 0 32034.dat
1 71 -167 -80 -32.001 0 0 -1 -1 0 0 0 1 0 32034.dat
1 0 -297 -80 -31.998 -1 0 0 0 0 1 0 1 0 3705.dat
1 0 -117.002 -80 -32 -1 0 0 0 0 1 0 1 0 3705.dat
1 71 -127 -80 -32 0 0 1 1 0 0 0 1 0 3713.dat
1 71 -287 -80 -32 0 0 1 1 0 0 0 1 0 3713.dat
1 71 -207 -60 37.999 0 0 1 1 0 0 0 1 0 4519.dat
1 72 -207 -80 37.999 0 0 1 1 0 0 0 1 0 6536.dat
1 71 -207 -60 37.999 1 0 0 0 0 -1 0 1 0 32138.dat
1 72 -186.999 -60 88.001 0 -1 0 -1 0 0 0 0 -1 32348.dat
1 72 -227 -60 87.999 0 -1 0 -1 0 0 0 0 -1 32348.dat
1 71 -207 -120 88 0 -1 0 -1 0 0 0 0 -1 32073.dat
1 256 -87.999 20 28.001 0 0 1 -1 0 0 0 -1 0 32019.dat
1 256 -307.001 20 28 0 0 1 -1 0 0 0 -1 0 32019.dat
1 71 -207 -119 6 0 0 -1 0.800522 0.599303 0 0.599303 -0.800522 0 30663.dat
1 14 -207 -170 88 0 1 0 0 0 1 1 0 0 6538c.dat
1 72 -207 -100 108 1 0 0 0 0 1 0 -1 0 6536.dat
1 71 -207 -100 108 1 0 0 0 0 1 0 -1 0 4519.dat
1 71 -167.001 -100 107.999 0 0 1 -1 0 0 0 -1 0 32034.dat
1 71 -246.999 -100 108.001 0 0 1 -1 0 0 0 -1 0 32034.dat
1 71 -127 -100 107.999 -1 0 0 0 0 -1 0 -1 0 4519.dat
1 71 -287 -100 108 -1 0 0 0 0 -1 0 -1 0 4519.dat
1 0 -157 -40 -52 0 0 -1 0 1 0 1 0 0 32039.dat
1 0 -257 -40 -52 0 0 1 0 1 0 -1 0 0 32039.dat
1 0 -277.001 -40 -82 0 0 1 0 1 0 -1 0 0 3705.dat
1 0 -137 -40 -81.999 0 0 1 0 1 0 -1 0 0 3705.dat
1 0 -137 -40 -71.999 1 0 0 0 0 -1 0 1 0 33299.dat
1 0 -137 -40 -87 1 0 0 0 0 -1 0 1 0 6632.dat
1 0 -137 -40 -97 1 0 0 0 0 -1 0 1 0 6632.dat
1 71 -136.999 -60 -112 0 -1 0 0 0 -1 1 0 0 32054.dat
1 1 -137 -60 -142 0 -1 0 0 0 -1 1 0 0 43093.dat
1 0 -136.999 -60 -161.999 0 -1 0 0 0 -1 1 0 0 75535.dat
1 14 -137.001 -10 -121.999 -1 0 0 0 1 0 0 0 -1 32527.dat
1 14 -287 -120 108 0 1 0 0 0 -1 -1 0 0 40490.dat
1 14 -127 -120 107.999 0 1 0 0 0 -1 -1 0 0 40490.dat
1 0 -107.001 -100 128 -1 0 0 0 -1 0 0 0 1 32039.dat
1 0 -307.001 -100 128.001 -1 0 0 0 -1 0 0 0 1 32039.dat
1 0 -296.999 -60 108.001 -1 0 0 0 -1 0 0 0 1 2780.dat
1 0 -296.999 -80 108.001 -1 0 0 0 -1 0 0 0 1 2780.dat
1 0 -296.999 -120 108.001 -1 0 0 0 -1 0 0 0 1 2780.dat
1 0 -296.999 -140 108.001 -1 0 0 0 -1 0 0 0 1 2780.dat
1 0 -117 -80 108 -1 0 0 0 -1 0 0 0 1 2780.dat
1 0 -117 -60 108 -1 0 0 0 -1 0 0 0 1 2780.dat
1 1 -107 -100 138 0 0 -1 0 -1 0 -1 0 0 43093.dat
1 1 -307 -100 138 0 0 -1 0 -1 0 -1 0 0 43093.dat
1 7 -207 -120 168 1 0 0 0 1 0 0 0 1 58119.dat
1 72 -247 -206 168 0 0 1 0 1 0 -1 0 0 58124c01.dat
1 71 -267.001 -200 108 -1 0 0 0 1 0 0 0 -1 32054.dat
1 71 -146.999 -200 107.999 1 0 0 0 1 0 0 0 1 32054.dat
1 14 -146.999 -200 48 0 1 0 -1 0 0 0 0 1 32524.dat
1 14 -266.999 -200 48 0 1 0 -1 0 0 0 0 1 32524.dat
1 71 -207 -200 68 -1 0 0 0 -1 0 0 0 1 44294.dat
1 71 -207 -200 108 -1 0 0 0 -1 0 0 0 1 32073.dat
1 71 -207 -160 108 -1 0 0 0 -1 0 0 0 1 32073.dat
1 1 -277 -160 107.999 1 0 0 0 -1 0 0 0 -1 43093.dat
1 14 -257 -160 108 0 0 1 0 -1 0 1 0 0 6538c.dat
1 71 -247 -200 68 0 0 1 0 -1 0 1 0 0 3713.dat
1 71 -167 -200 67.999 0 0 1 0 -1 0 1 0 0 3713.dat
1 14 -182 -200 108.001 0 -1 0 0 0 1 -1 0 0 32056.dat
1 14 -192 -200 108.001 0 -1 0 0 0 1 -1 0 0 32056.dat
1 14 -232 -200 107.999 0 -1 0 0 0 1 -1 0 0 32056.dat
1 14 -222 -200 107.999 0 -1 0 0 0 1 -1 0 0 32056.dat
1 71 -207 -160 108 0 0 1 0 1 0 -1 0 0 3713.dat
1 0 -207 -200 88 -1 0 0 0 0 -1 0 -1 0 32184.dat
1 0 -207 -210 88 0 0 -1 1 0 0 0 -1 0 3705.dat
1 46 -207 -220 88 0 0 -1 0 -1 0 -1 0 0 3941.dat
1 14 -237 -200 28 0 0 -1 0 -1 0 -1 0 0 6538c.dat
1 14 -177 -200 28 0 0 -1 0 -1 0 -1 0 0 6538c.dat
1 14 -176.999 -200 -12 0 0 -1 0 -1 0 -1 0 0 6538c.dat
1 14 -236.999 -200 -11.999 0 0 -1 0 -1 0 -1 0 0 6538c.dat
1 71 -207 -200 -12 1 0 0 0 -1 0 0 0 -1 4519.dat
1 71 -207 -200 28 1 0 0 0 -1 0 0 0 -1 4519.dat
1 14 -212 -200 28 0 -1 0 -1 0 0 0 0 -1 6632.dat
1 14 -202 -200 28 0 -1 0 -1 0 0 0 0 -1 6632.dat
1 71 -147 -200 28 -1 0 0 0 1 0 0 0 -1 4519.dat
1 71 -267.001 -200 28 -1 0 0 0 1 0 0 0 -1 4519.dat
1 71 -287 -200 -12 -1 0 0 0 1 0 0 0 -1 32073.dat
1 71 -127 -200 -12.001 -1 0 0 0 1 0 0 0 -1 32073.dat
1 0 -207 -244 88 0 0 -1 0 -1 0 -1 0 0 2654.dat
1 14 -157 -160 108 0 0 1 0 -1 0 1 0 0 6538c.dat
1 1 -136.999 -160 108.001 -1 0 0 0 -1 0 0 0 1 43093.dat
1 0 -207 -10 168 0 -1 0 1 0 0 0 0 1 3705.dat
1 0 -198.999 -181 44.001 0 0 -1 0.45399 0.891007 0 0.891007 -0.45399 0 00013.ldr
1 1 -137.002 -110.5 -38 -1 0 0 0 1 0 0 0 -1 43093.dat
1 1 -277 -110.5 -37.999 1 0 0 0 1 0 0 0 1 43093.dat
1 14 -157.001 -110.5 -37.999 0 0 -1 0 1 0 1 0 0 6538c.dat
1 14 -257.001 -110.5 -38 0 0 -1 0 1 0 1 0 0 6538c.dat
1 71 -207.001 -110.5 -37.999 -1 0 0 0 1 0 0 0 -1 32073.dat
1 71 -104 -103 -112.499 1 0 0 0 0.995396 -0.095846 0 0.095846 0.995396 00014.ldr
1 0 -107.001 -80 28 0 1 0 1 0 0 0 0 -1 32348.dat
1 0 -106.999 -80 48 0 -1 0 1 0 0 0 0 1 32140.dat
1 0 -96.999 -80 87.999 1 0 0 0 1 0 0 0 1 2780.dat
1 0 -97 -80 -12 1 0 0 0 1 0 0 0 1 2780.dat
1 71 -107.001 -80 28 1 0 0 0 1 0 0 0 1 4519.dat
1 71 -106.999 -80 48 1 0 0 0 1 0 0 0 1 4519.dat
1 72 -127 -80 28 1 0 0 0 0 1 0 -1 0 6536.dat
1 72 -127 -80 47.999 -1 0 0 0 0 1 0 1 0 6536.dat
1 0 -87 -80 28 0 -1 0 1 0 0 0 0 1 32348.dat
1 4 -97 -32 -68 1 0 0 0 0.599303 -0.800522 0 0.800522 0.599303 32062.dat
1 0 -97.002 -48 -56 1 0 0 0 1 0 0 0 1 2780.dat
1 0 -92 -64 -43.999 0 1 0 0.599303 0 0.800522 0.800522 0 -0.599303 6632.dat
1 0 -82 -64 -43.999 0 1 0 0.599303 0 0.800522 0.800522 0 -0.599303 6632.dat
1 0 -92 -80 8.001 0 1 0 1 0 0 0 0 -1 6632.dat
1 0 -82 -80 8 0 1 0 1 0 0 0 0 -1 6632.dat
1 0 -127 -90 67.999 0 1 0 1 0 0 0 0 -1 2780.dat
1 0 -127 -90 8 0 1 0 1 0 0 0 0 -1 2780.dat
1 14 -127 -100 47.999 1 0 0 0 -1 0 0 0 -1 32316.dat
1 0 -87 20 -92 0 0 -1 -1 0 0 0 1 0 32184.dat
1 1 -87 10 -72 0 0 1 1 0 0 0 1 0 43093.dat
1 1 -87 10 -111.999 0 0 1 1 0 0 0 1 0 43093.dat
1 14 -87.001 0 -132 -1 0 0 0 -1 0 0 0 1 32140.dat
1 14 -125.001 0 -245.75 -0.102793 0 -0.994703 0 1 0 0.994703 0 -0.102793 32140.dat
1 1 -87.001 10 -132 0 0 -1 -1 0 0 0 1 0 43093.dat
1 0 -92.999 10 -151.001 0 0 -1 -1 0 0 0 1 0 2780.dat
1 0 -119 10 -227 0 0 -1 -1 0 0 0 1 0 2780.dat
1 14 -105.999 0 -189 -0.947768 0 -0.318959 0 1 0 0.318959 0 -0.947768 32316.dat
1 14 -164.999 20 -249.75 -0.102793 0 -0.994703 0 1 0 0.994703 0 -0.102793 32523.dat
1 0 -185 10 -252 0 0 -1 1 0 0 0 -1 0 2780.dat
1 0 -145 10 -248 0 0 -1 1 0 0 0 -1 0 2780.dat
1 14 -105.999 20 -189 -0.947768 0 -0.318959 0 1 0 0.318959 0 -0.947768 32524.dat
1 1 -125 10 -245.9 0 -0.102793 -0.994703 -1 0 0 0 0.994703 -0.102793 43093.dat
1 0 -276.999 -40 -72.001 1 0 0 0 0 -1 0 1 0 33299.dat
1 0 -277 -40 -87 1 0 0 0 0 -1 0 1 0 6632.dat
1 0 -277 -40 -97 1 0 0 0 0 -1 0 1 0 6632.dat
1 14 -276.999 -10 -122 -1 0 0 0 1 0 0 0 -1 32528.dat
1 71 -277 -60 -112.001 0 0 -1 0 1 0 1 0 0 32054.dat
1 1 -277 -60 -142 0 0 -1 0 1 0 1 0 0 43093.dat
1 0 -277 -60 -162.001 0 0 -1 0 1 0 1 0 0 75535.dat
1 0 -327 20 -92 0 0 -1 1 0 0 0 -1 0 32184.dat
1 1 -327 10 -112.001 0 0 -1 1 0 0 0 -1 0 43093.dat
1 1 -327 10 -72 0 0 -1 1 0 0 0 -1 0 43093.dat
1 14 -327 0 -132 1 0 0 0 1 0 0 0 1 32140.dat
1 1 -327 10 -132 0 1 0 -1 0 0 0 0 1 43093.dat
1 14 -307.999 20 -189.001 0.947768 0 -0.318959 0 1 0 0.318959 0 0.947768 32524.dat
1 14 -289 0 -245.75 0.102793 0 0.994703 0 -1 0 0.994703 0 -0.102793 32140.dat
1 0 -229 10 -252 0 0 -1 1 0 0 0 -1 0 2780.dat
1 0 -269 10 -248 0 0 -1 1 0 0 0 -1 0 2780.dat
1 0 -295 10 -226.999 0 0 -1 1 0 0 0 -1 0 2780.dat
1 0 -320.999 10 -151 0 0 -1 1 0 0 0 -1 0 2780.dat
1 1 -289 10 -246.001 0 0.102793 -0.994703 -1 0 0 0 0.994703 0.102793 43093.dat
1 14 -249 20 -250.001 0.102793 0 -0.994703 0 1 0 0.994703 0 0.102793 32523.dat
1 14 -307.999 0 -189.001 0.947768 0 -0.318959 0 1 0 0.318959 0 0.947768 32316.dat
1 0 -306.999 -80 48 0 -1 0 1 0 0 0 0 1 32140.dat
1 0 -307.001 -80 28 0 1 0 1 0 0 0 0 -1 32348.dat
1 0 -317 -80 -12 1 0 0 0 -1 0 0 0 -1 2780.dat
1 0 -316.999 -80 87.999 1 0 0 0 -1 0 0 0 -1 2780.dat
1 72 -287 -80 48.001 1 0 0 0 0 -1 0 1 0 6536.dat
1 72 -287 -80 28.001 -1 0 0 0 0 -1 0 -1 0 6536.dat
1 71 -307.001 -80 28 -1 0 0 0 0 -1 0 -1 0 4519.dat
1 0 -327 -80 28 0 -1 0 1 0 0 0 0 1 32348.dat
1 4 -317 -32 -68 -1 0 0 0 0.599303 0.800522 0 0.800522 -0.599303 32062.dat
1 0 -317 -48 -56 -1 0 0 0 1 0 0 0 -1 2780.dat
1 71 -306.999 -80 48 -1 0 0 0 0 -1 0 -1 0 4519.dat
1 0 -322 -32 -68 0 -1 0 0.599303 0 -0.800522 0.800522 0 0.599303 6632.dat
1 0 -332.001 -32 -67.999 0 -1 0 0.599303 0 -0.800522 0.800522 0 0.599303 6632.dat
1 0 -322.002 -80 8.001 0 1 0 1 0 0 0 0 -1 6632.dat
1 0 -332 -80 8 0 1 0 1 0 0 0 0 -1 6632.dat
1 0 -287 -90 68.001 0 1 0 1 0 0 0 0 -1 2780.dat
1 0 -287 -90 8.001 0 1 0 1 0 0 0 0 -1 2780.dat
1 14 -287 -100 48.001 1 0 0 0 -1 0 0 0 -1 32316.dat
1 0 -307.001 -130 128.001 0 0 -1 1 0 0 0 -1 0 32291.dat
1 4 -307.001 -140 128.001 0 0 -1 1 0 0 0 -1 0 32062.dat
1 0 -307.001 -170 128.001 0 1 0 0 0 -1 -1 0 0 32016.dat
1 72 -287 -93 -116.001 0 0 1 -1 0 0 0 -1 0 6536.dat
1 71 -287 -113 -116.001 0 0 1 -1 0 0 0 -1 0 4519.dat
1 71 -287 -108 -116.001 -1 0 0 0 0 -1 0 -1 0 32123a.dat
1 0 -287 -117 -116.001 -1 0 0 0 -1 0 0 0 1 3941.dat
1 0 -287 -141 -116.001 -1 0 0 0 -1 0 0 0 1 2654.dat
1 0 -287 -200 28.001 -1 0 0 0 -1 0 0 0 1 32291.dat
1 0 -127 -200 28 -1 0 0 0 -1 0 0 0 1 32291.dat
1 47 -277 -220 18 0 0 -1 1 0 0 0 -1 0 4073.dat
1 47 -297.001 -220 18 0 0 -1 1 0 0 0 -1 0 4073.dat
1 47 -137 -220 18 0 0 -1 1 0 0 0 -1 0 4073.dat
1 47 -117 -220 18 0 0 -1 1 0 0 0 -1 0 4073.dat
1 0 -346.999 -200 -12 0 0 -1 0 -1 0 -1 0 0 32014.dat
1 0 -67 -200 -12.001 0 0 1 0 -1 0 1 0 0 32014.dat
1 1 -67 -170 -12.001 0 0 -1 -1 0 0 0 1 0 43093.dat
1 1 -346.999 -170 -12 0 0 -1 -1 0 0 0 1 0 43093.dat
1 14 -344.002 -150 -2 0 -0.258819 0.965926 -1 0 0 0 -0.965926 -0.258819 2444.dat
1 14 -70 -150 -1.998 0 0.258819 0.965926 -1 0 0 0 -0.965926 0.258819 2444.dat
1 0 -72 -150 5.5 0 0.258819 0.965926 -1 0 0 0 -0.965926 0.258819 3068b.dat
1 0 -342 -150 5.5 0 -0.258819 -0.965926 1 0 0 0 -0.965926 0.258819 3068b.dat
1 57 -67 -200 -22 1 0 0 0 0 1 0 -1 0 4073.dat
1 57 -347 -200 -22 1 0 0 0 0 1 0 -1 0 4073.dat
0
0 FILE 00012.ldr
0 Untitled
0 Name: 00012.ldr
0 Author: MLCad
0 Unofficial Model
0 ROTATION CENTER 0 0 0 1 "Custom" 
0 ROTATION CONFIG 0 0
1 4 -15 -20 -5 0 0 1 0 -1 0 1 0 0 32062.dat
1 71 -35 -20 -5 0 0 1 0 -1 0 1 0 0 32073.dat
1 71 -35 0 -5 1 0 0 0 -1 0 0 0 -1 4519.dat
1 71 152 0 -5 0 0 1 0 -1 0 1 0 0 4519.dat
1 71 -35 -20 20 -1 0 0 0 -1 0 0 0 1 32123a.dat
1 71 -35 -20 -30 -1 0 0 0 -1 0 0 0 1 32123a.dat
1 72 -25 0 -5 0 0 1 0 -1 0 1 0 0 61905.dat
1 0 -45 0 15 1 0 0 0 -1 0 0 0 -1 2780.dat
1 0 -45 0 -25 1 0 0 0 -1 0 0 0 -1 2780.dat
1 0 152 0 -25 0 0 1 -1 0 0 0 -1 0 60483.dat
1 0 152 0 15 0 0 1 -1 0 0 0 -1 0 60483.dat
1 0 -45 0 -5 0 0 -1 0 1 0 1 0 0 58120.dat
1 0 -35 -20 -45 0 0 -1 1 0 0 0 -1 0 32140.dat
1 0 -35 -20 35 0 0 -1 1 0 0 0 -1 0 32140.dat
1 72 -15 -20 -5 0 0 1 0 -1 0 1 0 0 62271.dat
1 71 -25 0 -5 0 0 1 0 -1 0 1 0 0 62272.dat
1 71 -18 0 -5 0 0 1 0 -1 0 1 0 0 62275.dat
1 72 152 0 -5 0 0 1 0 -1 0 1 0 0 62274.dat
0 
0 NOFILE
0
0 FILE 00013.ldr
0 Untitled
0 Name: 00013.ldr
0 Author: MLCad
0 Unofficial Model
0 ROTATION CENTER 0 0 0 1 "Custom" 
0 ROTATION CONFIG 0 0
1 0 -41 0 -72 -1 0 0 0 0 1 0 1 0 6629.dat
1 1 -73 124 -52 0 1 0 0 0 1 1 0 0 6558.dat
1 1 -89 136 -62 0 -0.800522 0.599303 0 0.599303 0.800522 -1 0 0 43093.dat
1 14 -89 136 -52 0.599303 0 0.800522 0.800522 0 -0.599303 0 1 0 32523.dat
1 0 -105 148 -42 0 0 -1 0 1 0 1 0 0 2780.dat
1 14 -105 148 -32 0.599303 0 0.800522 0.800522 0 -0.599303 0 1 0 32524.dat
1 0 -153 184 -42 0 0 -1 0 1 0 1 0 0 2780.dat
1 14 -121 160 -52 0.599303 0 -0.800522 0.800522 0 0.599303 0 -1 0 32526.dat
1 0 -169 196 -42 0 0 -1 0 1 0 1 0 0 2780.dat
1 0 -185 208 -32 0.599303 0 0.800522 0.800522 0 -0.599303 0 1 0 60483.dat
1 71 -185 208 8 0 -0.800522 -0.599303 0 0.599303 -0.800522 1 0 0 44294.dat
1 0 -121 160 -42 0 0 -1 0 1 0 1 0 0 2780.dat
1 14 -121 160 68 0.599303 0 -0.800522 0.800522 0 0.599303 0 -1 0 32526.dat
1 0 -169 196 58 0 0 -1 0 1 0 1 0 0 2780.dat
1 0 -153 184 58 0 0 -1 0 1 0 1 0 0 2780.dat
1 0 -105 148 58 0 0 -1 0 1 0 1 0 0 2780.dat
1 1 -73 124 68 0 0 -1 0 1 0 1 0 0 6558.dat
1 14 -89 136 68 0.599303 0 -0.800522 0.800522 0 0.599303 0 -1 0 32523.dat
1 1 -89 136 78 0 -0.800522 -0.599303 0 0.599303 -0.800522 1 0 0 43093.dat
1 0 -41 0 88 -1 0 0 0 0 1 0 1 0 6629.dat
1 1 -41 0 -62 0 -1 0 0 0 1 -1 0 0 43093.dat
1 1 -41 0 78 0 1 0 0 0 1 1 0 0 43093.dat
1 0 -185 208 -17 0.800522 0 0.599303 -0.599303 0 0.800522 0 -1 0 6632.dat
1 0 -185 208 33 0.800522 0 0.599303 -0.599303 0 0.800522 0 -1 0 6632.dat
1 71 -161 240 8 0 -0.800522 -0.599303 0 0.599303 -0.800522 1 0 0 4519.dat
1 0 -185 208 8 0 0 -1 0 1 0 1 0 0 75535.dat
1 0 -161 240 -2 -0.800522 0 -0.599303 0.599303 0 -0.800522 0 -1 0 60483.dat
1 0 -161 240 18 -0.800522 0 -0.599303 0.599303 0 -0.800522 0 -1 0 60483.dat
1 0 -185 208 48 0.599303 0 0.800522 0.800522 0 -0.599303 0 1 0 60483.dat
1 14 -105 148 48 0.599303 0 -0.800522 0.800522 0 0.599303 0 -1 0 32524.dat
1 1 -121 160 68 0 0 -1 0 1 0 1 0 0 6558.dat
0 
0 NOFILE
0
0 FILE 00014.ldr
0 Untitled
0 Name: 00014.ldr
0 Author: MLCad
0 Unofficial Model
0 ROTATION CENTER 0 0 0 1 "Custom" 
0 ROTATION CONFIG 0 0
1 14 -123 0 -5 0 -1 0 1 0 0 0 0 1 40490.dat
1 1 -103 0 -85 1 0 0 0 0 1 0 -1 0 6558.dat
1 14 -103 0 -65 0 1 0 1 0 0 0 0 -1 32523.dat
1 14 -103 0 55 0 1 0 1 0 0 0 0 -1 32523.dat
1 14 -83 0 -5 0 1 0 1 0 0 0 0 -1 40490.dat
1 1 -103 0 -45 1 0 0 0 0 1 0 -1 0 6558.dat
1 1 -103 0 35 1 0 0 0 0 1 0 -1 0 6558.dat
0 
0 NOFILE
0 NOFILE
0 
0 
0 
0 
0
0
