0
1  8 0 0 0 1 0 0 0 1 0 0 0 1 973P69.dat
1  8 0 32 0 1 0 0 0 1 0 0 0 1 3815P63.dat
1  8 0 44 0 1 0 0 0 1 0 0 0 1 3816P63.dat
1  8 0 44 0 1 0 0 0 1 0 0 0 1 3817P63.dat
1  8 15.60041 8.964093 0 0.9848071 0.1227905 0.1227905 -0.173652 0.6963637 0.6963638 0 -0.7071067 0.7071068 3819.dat
1  8 -15.60042 8.964095 0 0.9848071 -0.1736516 0 0.1736517 0.984807 0 0 0 1 3818.dat
1  0 -23.82384 26.80717 -9.289328 0.984807 -0.1227902 0.1227903 0.1736517 0.6963637 -0.6963637 0 0.7071066 0.7071068 983.dat
1  0 21.71683 14.85799 -20.00358 0.984807 -0.1736516 0 0.1736517 0.9848069 0 0 0 1 983.dat
1  7 23.17251 6.602593 -31.84111 0.9848068 -0.1681201 0.04347981 0.1736515 0.953437 -0.2465813 0 0.2503853 0.9681462 3959.dat
1  14 0 -24 0 1 0 0 0 1 0 0 0 1 3626BPS4.dat
1  8 0 -24 0 1 0 0 0 1 0 0 0 1 30171.dat
1  47 0 -24 0 1 0 0 0 1 0 0 0 1 2447.dat
1  0 0 -4 0 1 0 0 0 1 0 0 0 1 3838.dat
1  15 76 1 -20 1 0 0 0 0 -1 0 1 0 32523.dat
1  41 76 21 -10 1 0 0 0 0 -1 0 1 0 4073.dat
1  41 76 21 -30 1 0 0 0 0 1 0 -1 0 4073.dat
1  15 76 3.500004 -45 -1 0 0 0 -1 0 0 0 1 30375.dat
1  15 76 3.500004 5 1 0 0 0 -1 0 0 0 -1 30375.dat
1  15 92 35.5 -45 0 0 1 0.7660444 0.6427875 0 -0.6427875 0.7660444 0 53989.dat
1  15 60 35.5 -45 0 0 1 1 0 0 0 1 0 53989.dat
1  15 60 35.5 5 0 0 1 0.9335804 0.3583679 0 -0.3583679 0.9335804 0 53989.dat
1  15 92 35.5 5 0 0 1 1 0 0 0 1 0 53989.dat
1  15 76 10.8684 -74.14972 0 0 -1 -0.309017 0.9510565 0 0.9510565 0.309017 0 63868.dat
1  41 76 0.1697794 -67.11129 1 0 0 0 0.9510565 -0.309017 0 0.309017 0.9510565 4073.dat
1  15 76 -7.438673 -69.58343 1 0 0 0 0.9510565 -0.309017 0 0.309017 0.9510565 2555.dat
1  36 76 13.95857 -83.66029 1 0 0 0 0.9510565 -0.309017 0 0.309017 0.9510565 54200.dat
1  7 76 -19 -30 0 0 1 0 1 0 -1 0 0 61184.dat
1  42 76 -19 -54 0 0 1 1 0 0 0 1 0 4589.dat
0 WORLD  47.59526 -78.68629 -35.32935 0.8694147 0.0001037265 0.4940766 0.231411 0.8834502 -0.4073894 -0.4365374 0.4685264 0.7680621
0 CENTRE  0 0 0
0 LOOKAT  73 2 0
0 ZOOM  38
