0 FILE Main.ldr
0 Untitled
0 Name: Main.ldr
0 Author: marco
0 Unofficial Model
0 ROTATION CENTER 0 0 0 1 "Custom" 
0 ROTATION CONFIG 0 0
1 7 140 0 -360 0 0 -1 0 1 0 1 0 0 front.ldr
1 7 140 0 -360 0 0 -1 0 1 0 1 0 0 back.ldr
0
0 FILE front.ldr
0 New Model
0 Name: front.ldr
0 Author: MLCad
0 Unofficial Model
0 ROTATION CENTER 0 0 0 1 "Custom" 
0 ROTATION CONFIG 0 0
1 7 0 0 0 1 0 0 0 1 0 0 0 1 G.ldr
1 7 0 0 0 1 0 0 0 1 0 0 0 1 A.ldr
1 7 0 0 0 1 0 0 0 1 0 0 0 1 semiaxis1.ldr
1 7 0 0 0 1 0 0 0 1 0 0 0 1 semiaxis2.ldr
0
0 FILE back.ldr
0 New Model
0 Name: back.ldr
0 Author: MLCad
0 Unofficial Model
0 ROTATION CENTER 0 0 0 1 "Custom" 
0 ROTATION CONFIG 0 0
1 7 0 0 0 1 0 0 0 1 0 0 0 1 B.ldr
1 7 329.7 -69.4 -20 0 -0.622515 0.782608 0 0.782608 0.622515 -1 0 0 piston2.ldr
1 7 0 0 0 1 0 0 0 1 0 0 0 1 semiaxis3.ldr
1 7 700 0 -40 -1 0 0 0 1 0 0 0 -1 semiaxis3.ldr
1 7 0 0 0 1 0 0 0 1 0 0 0 1 C.ldr
1 7 0 0 0 1 0 0 0 1 0 0 0 1 H.ldr
1 7 0 0 0 1 0 0 0 1 0 0 0 1 hoses.ldr
1 7 0 0 0 1 0 0 0 1 0 0 0 1 crane arm.ldr
0
0 FILE A.ldr
0 motor
0 ROTATION CENTER 0 0 0 1 "Custom" 
0 ROTATION CONFIG 0 0
1 72 -59.9914 -127.061 6.43175 -0.999984 -0.00475766 0.00314887 -0.00475775 0.39079 -0.920468 0.00314873 -0.920468 -0.390806 2851.dat
1 71 -59.8941 -142.138 41.2919 0.00439452 -0.00182377 0.999989 -0.920463 0.390801 0.00475774 -0.390806 -0.920473 3.87001e-005 2850.dat
1 0 -80.0394 -113.858 26.1353 -1 -3.86684e-005 -3.85477e-005 -3.85448e-005 -7.48856e-005 1 -3.86713e-005 1 7.51572e-005 2780.dat
1 72 -99.9563 -134.852 21.922 -0.999984 -0.00475766 0.00314887 -0.00475775 0.39079 -0.920468 0.00314873 -0.920468 -0.390806 2851.dat
1 71 -99.8936 -142.325 41.2905 0.0043946 -0.00182386 0.999989 -0.920463 0.390801 0.00475782 -0.390806 -0.920473 3.86627e-005 2850.dat
1 0 -120.039 -114.045 26.1339 -1 -3.86684e-005 -3.85477e-005 -3.85448e-005 -7.48856e-005 1 -3.86713e-005 1 7.51572e-005 2780.dat
1 72 -139.991 -127.43 6.42929 -0.999984 -0.00475766 0.00314887 -0.00475775 0.39079 -0.920468 0.00314873 -0.920468 -0.390806 2851.dat
1 71 -139.893 -142.512 41.2891 0.00439452 -0.00182377 0.999989 -0.920463 0.390801 0.00475774 -0.390806 -0.920473 3.87001e-005 2850.dat
1 0 -160.038 -114.23 26.1324 -1 -3.86684e-005 -3.85477e-005 -3.85448e-005 -7.48856e-005 1 -3.86713e-005 1 7.51572e-005 2780.dat
1 0 -159.863 -151.051 10.5002 -1 -3.86684e-005 -3.85477e-005 -3.85448e-005 -7.48856e-005 1 -3.86713e-005 1 7.51572e-005 2780.dat
1 0 -169.455 -131.094 10.0014 -3.29085e-005 -8.02673e-005 1 -8.01437e-005 -1 -8.02699e-005 1 -8.01463e-005 3.30092e-005 6536.dat
1 0 -169.454 -131.091 -19.9986 3.83233e-005 0.999985 0.00549733 7.99813e-005 0.00549733 -0.999985 -1 3.87534e-005 -7.97605e-005 3706.dat
1 0 -170.284 -71.0957 -9.9938 0.999985 -3.81874e-005 0.00549754 0.00549753 -8.03312e-005 -0.999985 3.86284e-005 1 -8.012e-005 2825.dat
1 0 -169.453 -131.09 -49.9986 -3.29085e-005 -8.02673e-005 1 -8.01437e-005 -1 -8.02699e-005 1 -8.01463e-005 3.30092e-005 6536.dat
1 0 -169.454 -131.091 -19.9986 3.82875e-005 -0.00549756 0.999985 8.0389e-005 0.999985 0.00549756 -1 8.01777e-005 3.87288e-005 6536.dat
1 0 -170.284 -71.0942 -29.9938 -0.99997 -0.00549749 0.00549721 -0.00549762 5.77921e-005 -0.999985 0.00549709 -0.999985 -8.80349e-005 2825.dat
1 72 -169.313 -111.089 -39.9971 -3.81531e-005 0.999985 -0.00549748 -8.03297e-005 0.00549759 0.999985 1 3.87137e-005 8.02376e-005 32002.dat
1 72 -169.315 -111.092 0.00294368 3.83233e-005 0.999985 0.00549758 8.0239e-005 0.00549764 -0.999985 -1 3.87026e-005 -7.99662e-005 32002.dat
1 0 -60.0681 -110.097 -29.9932 0.999989 -0.00468257 -3.85597e-005 0.00468257 0.999989 -8.03764e-005 3.89356e-005 8.01949e-005 1 32062.dat
1 71 -30.0661 -110.455 -29.9923 3.82094e-005 -0.00475811 0.999989 8.03623e-005 0.999989 0.00475811 -1 8.01797e-005 3.85914e-005 2853.dat
1 71 -17.569 -109.896 -19.9918 3.79133e-005 -0.00468184 0.999989 8.03611e-005 0.999989 0.00468184 -1 8.01828e-005 3.82891e-005 6589.dat
1 72 -80.0659 -110.695 -19.9939 3.82087e-005 -0.00475779 0.999989 8.03626e-005 0.999989 0.00475779 -1 8.01799e-005 3.85906e-005 2854.dat
1 0 -100.068 -110.29 -9.99464 0.999989 -0.00468257 -3.85597e-005 0.00468257 0.999989 -8.03764e-005 3.89356e-005 8.01949e-005 1 32062.dat
1 0 -140.067 -110.472 -29.996 0.999989 -0.00468257 -3.85597e-005 0.00468257 0.999989 -8.03764e-005 3.89356e-005 8.01949e-005 1 32062.dat
1 72 -120.065 -110.88 -19.9953 -3.30771e-005 -8.02445e-005 1 -8.01209e-005 -1 -8.02472e-005 1 -8.01236e-005 3.33464e-005 2854.dat
1 71 -170.065 -111.111 -29.9971 3.33464e-005 8.03005e-005 -1 8.04242e-005 -1 -8.02979e-005 -1 -8.04215e-005 -3.30771e-005 2853.dat
1 71 -60.0659 -110.602 -29.9935 -0.00421316 -0.00186124 -0.999989 0.911287 0.411747 -0.00460584 0.411751 -0.911297 -3.86061e-005 2852.dat
1 71 -100.066 -110.788 -9.99495 -0.00370146 -0.00274131 -0.999989 0.79858 0.601872 -0.00460589 0.601878 -0.798588 -3.86405e-005 2852.dat
1 71 -140.065 -110.972 -29.996 -0.00421316 -0.00186124 -0.999989 0.911287 0.411747 -0.00460584 0.411751 -0.911297 -3.86061e-005 2852.dat
1 71 -29.4546 -130.443 -49.9936 -3.29085e-005 -8.02673e-005 1 -8.01436e-005 -1 -8.02699e-005 1 -8.01463e-005 3.30092e-005 6536.dat
1 0 -29.9579 -129.939 -19.9936 -3.84817e-005 -0.00468184 -0.999989 -8.03629e-005 0.999989 -0.00468184 1 8.01821e-005 -3.88575e-005 3705.dat
1 71 -29.4568 -130.439 10.0064 -3.29085e-005 -8.02673e-005 1 -8.01436e-005 -1 -8.02699e-005 1 -8.01463e-005 3.30092e-005 6536.dat
1 71 -29.4556 -130.436 -19.9936 3.82875e-005 -0.00549756 0.999985 8.03883e-005 0.999985 0.00549756 -1 8.0177e-005 3.87288e-005 6536.dat
1 71 -30.1873 -70.4384 -29.9888 -0.999985 -0.00386605 0.00386587 -0.00386617 6.92564e-005 -0.999993 0.00386575 -0.999993 -8.3989e-005 2825.dat
1 71 -30.2859 -70.4405 -9.98881 0.999985 -3.81882e-005 0.00549754 0.00549753 -8.04504e-005 -0.999985 3.86299e-005 1 -8.02392e-005 2825.dat
1 0 -29.8644 -149.945 -49.9951 -0.999989 -0.00468184 0 -0.00468184 0.999989 8.01826e-005 0 8.01822e-005 -1 32054.dat
1 72 -59.9501 -134.655 -61.9139 0.999989 -0.00183488 0.00422485 0.00460593 0.390654 -0.920526 3.86012e-005 0.920536 0.390658 2851.dat
1 71 -59.9106 -142.135 -81.2831 0.00422487 -0.00183491 -0.999989 -0.920526 0.390654 -0.00460596 0.390658 0.920536 -3.8613e-005 2850.dat
1 71 -60.0658 -110.596 -29.9932 -0.00377673 -0.00289378 0.999989 0.798676 0.601743 0.00475788 -0.60175 0.798685 3.86364e-005 2852.dat
1 0 -79.8615 -150.678 -49.4969 -1 -3.86684e-005 -3.85477e-005 -3.85448e-005 -7.48856e-005 1 -3.86713e-005 1 7.51572e-005 2780.dat
1 71 -99.9102 -142.321 -81.2846 0.00422495 -0.00183491 -0.99999 -0.920526 0.390654 -0.00460596 0.390658 0.920536 -3.85382e-005 2850.dat
1 72 -99.9864 -127.242 -46.4225 0.999989 -0.00183488 0.00422485 0.00460593 0.390654 -0.920526 3.86009e-005 0.920536 0.390658 2851.dat
1 71 -100.066 -110.789 -9.99459 -0.00432008 -0.00199347 0.999989 0.911352 0.4116 0.00475782 -0.411605 0.911362 3.86976e-005 2852.dat
1 0 -119.861 -150.862 -49.4984 -1 -3.86684e-005 -3.85477e-005 -3.85448e-005 -7.48856e-005 1 -3.86713e-005 1 7.51572e-005 2780.dat
1 72 -139.949 -135.03 -61.9167 0.999989 -0.00183488 0.00422485 0.00460593 0.390654 -0.920526 3.86012e-005 0.920536 0.390658 2851.dat
1 71 -139.91 -142.505 -81.286 0.00422487 -0.00183491 -0.999989 -0.920526 0.390654 -0.00460596 0.390658 0.920536 -3.8613e-005 2850.dat
1 71 -140.065 -110.972 -29.9959 -0.00377673 -0.00289378 0.999989 0.798676 0.601743 0.00475788 -0.60175 0.798685 3.86364e-005 2852.dat
1 0 -159.861 -151.046 -49.4998 -1 -3.86684e-005 -3.85477e-005 -3.85448e-005 -7.48856e-005 1 -3.86713e-005 1 7.51572e-005 2780.dat
1 0 -160.03 -114.286 -65.1299 -1 -3.41879e-005 -3.85133e-005 -3.40569e-005 -0.121943 0.992537 -3.86292e-005 0.992537 0.121943 2780.dat
1 0 -120.03 -114.041 -65.1247 -1 -3.86684e-005 -3.85477e-005 -3.85448e-005 -7.48856e-005 1 -3.86713e-005 1 7.51572e-005 2780.dat
1 0 -80.0306 -113.855 -65.1233 -1 -3.86684e-005 -3.85477e-005 -3.85448e-005 -7.48856e-005 1 -3.86713e-005 1 7.51572e-005 2780.dat
1 0 -29.8665 -149.941 10.0049 -0.999989 -0.00468184 0 -0.00468184 0.999989 8.01826e-005 0 8.01822e-005 -1 32054.dat
1 0 -119.863 -150.864 10.5016 -1 -3.86684e-005 -3.85477e-005 -3.85448e-005 -7.48856e-005 1 -3.86713e-005 1 7.51572e-005 2780.dat
1 0 -79.8636 -150.677 10.5031 -1 -3.86684e-005 -3.85477e-005 -3.85448e-005 -7.48856e-005 1 -3.86713e-005 1 7.51572e-005 2780.dat
0
0 FILE semiaxis1.ldr
0 New Model
0 Name: semiaxis1.ldr
0 Author: MLCad
0 Unofficial Model
0 ROTATION CENTER 0 0 0 1 "Custom" 
0 ROTATION CONFIG 0 0
1 71 9.21162 -70.2573 45.0126 3.3693e-005 -1 -3.82398e-005 1 3.3696e-005 -8.03623e-005 8.03636e-005 -3.82371e-005 1 4265a.dat
1 0 9.21094 -70.2587 62.0126 3.85834e-005 3.36816e-005 1 8.03623e-005 1 -3.36847e-005 -1 8.03636e-005 3.85806e-005 3707.dat
1 0 9.211 -70.259 122.013 -1 8.03636e-005 3.85806e-005 8.03623e-005 1 -3.36847e-005 -3.85834e-005 -3.36816e-005 -1 wheel.ldr
1 71 9.21012 -70.2605 85.0126 3.3693e-005 -1 -3.82398e-005 1 3.3696e-005 -8.03623e-005 8.03636e-005 -3.82371e-005 1 4265a.dat
1 71 9.21343 -70.2535 -2.48734 -1 3.36846e-005 0 3.36846e-005 1 8.03636e-005 0 8.03636e-005 -1 6589.dat
1 71 9.211 -70.258 55.013 -3.3693e-005 1 3.82398e-005 1 3.3696e-005 -8.03623e-005 -8.03636e-005 3.82371e-005 -1 4265a.dat
0
0 FILE semiaxis2.ldr
0 New Model
0 Name: semiaxis2.ldr
0 Author: MLCad
0 Unofficial Model
0 ROTATION CENTER 0 0 0 1 "Custom" 
0 ROTATION CONFIG 0 0
1 71 9.218 -70.244 -124.987 -3.3693e-005 1 3.82398e-005 1 3.3696e-005 -8.03623e-005 -8.03636e-005 3.82371e-005 -1 4265a.dat
1 0 9.21696 -70.2453 -103.987 3.85834e-005 3.36816e-005 1 8.03623e-005 1 -3.36847e-005 -1 8.03636e-005 3.85806e-005 3707.dat
1 0 9.217 -70.245 -161.787 1 -8.03636e-005 -3.85806e-005 8.03623e-005 1 -3.36847e-005 3.85834e-005 3.36816e-005 1 wheel.ldr
1 71 9.21666 -70.2461 -94.9874 3.3693e-005 -1 -3.82398e-005 1 3.3696e-005 -8.03623e-005 8.03636e-005 -3.82371e-005 1 4265a.dat
1 71 9.216 -70.247 -84.987 -3.3693e-005 1 3.82398e-005 1 3.3696e-005 -8.03623e-005 -8.03636e-005 3.82371e-005 -1 4265a.dat
1 71 9.21453 -70.2507 -37.4874 1 0 0 0 1 0 0 0 1 6589.dat
0
0 FILE B.ldr
0 B
0 ROTATION CENTER 0 0 0 1 "Custom" 
0 ROTATION CONFIG 0 0
1 71 270.209 -149.39 -89.9809 -3.81416e-005 3.36689e-005 -1 1 8.0481e-005 -3.82116e-005 8.0407e-005 -1 -3.35993e-005 6536.dat
1 0 220.209 -109.89 -89.9816 0 1 0 -1 0 0 0 0 1 3894.dat
1 0 300.209 -109.89 -89.9816 0 1 0 -1 0 0 0 0 1 3894.dat
1 71 244.209 -109.89 -89.982 0 1 0 0 0 1 1 0 0 4694c01.dat
1 71 296.209 -109.89 50.018 0 -1 0 0 0 1 -1 0 0 4694c01.dat
1 71 244.209 -69.8902 -89.9816 0 1 0 -1 0 0 0 0 1 3245a.dat
1 71 292.209 -69.8902 -89.9816 0 1 0 -1 0 0 0 0 1 3023.dat
1 0 229.709 -69.3902 -89.9816 0 0 -1 0 1 0 1 0 0 6558.dat
1 14 459.709 -175.39 -69.9817 1 0 0 0 1 0 0 0 1 4073.dat
1 14 449.709 -167.39 -69.9817 1 0 0 0 1 0 0 0 1 3710.dat
1 14 439.709 -175.39 -69.9817 1 0 0 0 1 0 0 0 1 4073.dat
1 14 369.709 -159.39 -69.9817 1 0 0 0 1 0 0 0 1 3703.dat
1 14 359.709 -135.39 -69.9817 0 0 -1 0 1 0 1 0 0 2420.dat
1 14 339.709 -127.39 -69.9817 1 0 0 0 1 0 0 0 1 3005.dat
1 14 359.709 -127.39 -59.9817 0 0 -1 0 1 0 1 0 0 3700.dat
1 71 309.709 -135.39 -19.9817 0 0 -1 0 1 0 1 0 0 32001.dat
1 14 309.709 -149.39 -19.982 0 0 1 0 1 0 -1 0 0 2797c02.dat
1 71 309.709 -127.39 -69.9817 1 0 0 0 1 0 0 0 1 32000.dat
1 14 359.709 -103.39 -69.9817 0 0 -1 0 1 0 1 0 0 2420.dat
1 71 349.709 -95.3902 -79.9817 1 0 0 0 1 0 0 0 1 3022.dat
1 14 349.709 -87.3902 -89.9817 0 0 -1 0 1 0 1 0 0 3021.dat
1 71 309.709 -103.39 -69.9817 1 0 0 0 1 0 0 0 1 32000.dat
1 14 349.709 -79.3902 -109.982 1 0 0 0 1 0 0 0 1 3700.dat
1 14 439.709 -175.39 30.0183 1 0 0 0 1 0 0 0 1 4073.dat
1 14 449.709 -167.39 30.0183 1 0 0 0 1 0 0 0 1 3710.dat
1 14 459.709 -175.39 30.0183 1 0 0 0 1 0 0 0 1 4073.dat
1 14 369.709 -159.39 30.0183 1 0 0 0 1 0 0 0 1 3703.dat
1 14 359.709 -135.39 30.0182 -1 0 0 0 1 0 0 0 -1 2420.dat
1 14 289.709 -79.3902 -69.9817 1 0 0 0 1 0 0 0 1 3702.dat
1 14 349.709 -55.3902 -89.9816 0 0 -1 0 1 0 1 0 0 3021.dat
1 14 359.709 -127.39 20.0182 0 0 -1 0 1 0 1 0 0 3700.dat
1 71 309.709 -127.39 30.0183 1 0 0 0 1 0 0 0 1 32000.dat
1 14 339.709 -127.39 30.0183 1 0 0 0 1 0 0 0 1 3005.dat
1 14 269.709 -87.3902 -19.9817 0 0 -1 0 1 0 1 0 0 32001.dat
1 14 269.709 -79.3902 -39.9817 0 0 1 0 1 0 -1 0 0 2444.dat
1 14 349.709 -47.3604 -69.9816 1 0 0 0 1 0 0 0 1 2452.dat
1 14 359.709 -103.39 30.0182 -1 0 0 0 1 0 0 0 -1 2420.dat
1 71 269.709 -71.3902 -19.9817 1 0 0 0 1 0 0 0 1 3022.dat
1 71 309.709 -103.39 30.0183 1 0 0 0 1 0 0 0 1 32000.dat
1 71 269.709 -63.3902 -19.9817 1 0 0 0 1 0 0 0 1 3022.dat
1 14 269.709 -79.3902 0.0183143 0 0 -1 0 1 0 1 0 0 2444.dat
1 71 349.709 -95.3902 40.0183 1 0 0 0 1 0 0 0 1 3022.dat
1 14 269.709 -55.3902 -19.9817 0 0 -1 0 1 0 1 0 0 32001.dat
1 1 419.709 -70 -20 0 0 1 0 -1 0 1 0 0 75974.dat
1 14 349.709 -87.3902 50.0182 0 0 -1 0 1 0 1 0 0 3021.dat
1 14 289.709 -79.3902 30.0183 1 0 0 0 1 0 0 0 1 3702.dat
1 14 349.709 -79.3902 70.0183 1 0 0 0 1 0 0 0 1 3700.dat
1 14 349.709 -55.3902 50.0182 0 0 -1 0 1 0 1 0 0 3021.dat
1 14 349.709 -47.3604 30.0182 -1 0 0 0 1 0 0 0 -1 2452.dat
1 14 219.709 -175.39 -19.9817 0 0 1 0 1 0 -1 0 0 6583.dat
1 0 219.709 -167.39 -19.9817 0 0 -1 0 1 0 1 0 0 3666.dat
1 14 219.709 -191.39 -69.9817 0 0 -1 0 1 0 1 0 0 6091.dat
1 14 219.709 -191.39 30.0183 0 0 -1 0 1 0 1 0 0 6091.dat
1 0 269.709 -69.3902 20.0183 0 0 1 0 1 0 -1 0 0 2780.dat
1 0 509.709 -149.39 40.0183 0 0 1 0 1 0 -1 0 0 2780.dat
1 0 369.709 -117.39 20.0182 1 0 0 0 1 0 0 0 1 2780.dat
1 0 389.709 -117.39 20.0182 -1 0 0 0 1 0 0 0 -1 75535.dat
1 0 409.709 -117.39 20.0182 1 0 0 0 1 0 0 0 1 2780.dat
1 0 420.211 -117.892 0.0185538 3.81151e-005 -3.36058e-005 1 1 8.02346e-005 -3.80451e-005 -8.01659e-005 1 3.36762e-005 6536.dat
1 0 419.712 -107.892 0.516125 0 0 1 1 0 0 0 1 0 32062.dat
1 0 269.709 -69.3902 -59.9816 0 0 -1 0 1 0 1 0 0 2780.dat
1 14 410.209 -149.889 50.0183 3.82355e-005 8.01799e-005 1 8.00563e-005 -1 8.01769e-005 1 8.00532e-005 -3.81346e-005 6536.dat
1 71 410.209 -149.89 40.0183 0 1 0 0 0 1 1 0 0 3749.dat
1 0 309.709 -69.3902 -69.9816 0 0 -1 0 1 0 1 0 0 6558.dat
1 71 330.209 -69.8906 -44.9816 -3.35828e-005 1 3.8385e-005 1 3.38521e-005 3.82627e-005 3.82614e-005 3.83863e-005 -1 4265a.dat
1 71 330.209 -69.891 -54.982 3.35828e-005 -1 -3.8385e-005 1 3.38521e-005 3.82627e-005 -3.82614e-005 -3.83863e-005 1 4265a.dat
1 71 330.209 -69.8906 15.0184 -3.35828e-005 1 3.8385e-005 1 3.38521e-005 3.82627e-005 3.82614e-005 3.83863e-005 -1 4265a.dat
1 71 330.209 -69.891 5.018 3.35828e-005 -1 -3.8385e-005 1 3.38521e-005 3.82627e-005 -3.82614e-005 -3.83863e-005 1 4265a.dat
1 0 369.709 -117.39 -59.9817 1 0 0 0 1 0 0 0 1 2780.dat
1 0 389.709 -117.39 -59.9817 -1 0 0 0 1 0 0 0 -1 75535.dat
1 0 409.709 -117.39 -59.9817 1 0 0 0 1 0 0 0 1 2780.dat
1 0 419.207 -117.892 -39.982 -3.82707e-005 3.38688e-005 -1 1 8.03519e-005 -3.83082e-005 8.03104e-005 -1 -3.38316e-005 6536.dat
1 0 419.706 -107.892 -39.4796 0 0 1 1 0 0 0 1 0 32062.dat
1 0 329.709 -69.3902 -19.9817 0 0 1 0 1 0 -1 0 0 3706.dat
1 0 229.709 -69.3902 50.0183 0 0 1 0 1 0 -1 0 0 6558.dat
1 0 319.209 -109.89 50.0183 0 -1 0 -1 0 0 0 0 -1 3894.dat
1 71 295.209 -69.8902 50.0183 0 -1 0 -1 0 0 0 0 -1 3245a.dat
1 71 247.209 -69.8902 50.0183 0 -1 0 -1 0 0 0 0 -1 3023.dat
1 0 239.209 -109.89 50.0183 0 -1 0 -1 0 0 0 0 -1 3894.dat
1 71 270.209 -149.39 50.0175 3.82443e-005 -3.38057e-005 1 1 8.03637e-005 -3.81418e-005 -8.02626e-005 1 3.39086e-005 6536.dat
1 0 309.709 -69.3902 30.0183 0 0 1 0 1 0 -1 0 0 6558.dat
1 71 229.708 -129.382 -34.9873 0 0 -1 -1 0 0 0 1 0 6632.dat
1 0 229.708 -129.382 -19.9873 0 0 1 0 1 0 -1 0 0 3705.dat
1 0 229.208 -89.8818 -54.9873 1 0 0 0 0 -1 0 1 0 6632.dat
1 0 189.708 -129.382 -19.9873 0 0 1 0 1 0 -1 0 0 4519.dat
1 71 189.208 -129.882 -44.987 -3.3693e-005 1 3.82398e-005 1 3.3696e-005 -8.03623e-005 -8.03636e-005 3.82371e-005 -1 4265a.dat
1 71 189.711 -130.383 -19.9874 8.04136e-005 -1 -3.36125e-005 -3.81401e-005 3.36463e-005 -1 1 8.0378e-005 -3.81005e-005 6536.dat
1 71 229.208 -129.882 -14.987 -3.3693e-005 1 3.82398e-005 1 3.3696e-005 -8.03623e-005 -8.03636e-005 3.82371e-005 -1 4265a.dat
1 71 229.208 -129.882 -24.9874 3.3693e-005 -1 -3.82398e-005 1 3.3696e-005 -8.03623e-005 8.03636e-005 -3.82371e-005 1 4265a.dat
1 71 229.208 -89.882 -14.987 -3.3693e-005 1 3.82398e-005 1 3.3696e-005 -8.03623e-005 -8.03636e-005 3.82371e-005 -1 4265a.dat
1 71 229.208 -89.8822 -24.9874 3.3693e-005 -1 -3.82398e-005 1 3.3696e-005 -8.03623e-005 8.03636e-005 -3.82371e-005 1 4265a.dat
1 71 229.708 -129.382 -4.98734 0 0 -1 -1 0 0 0 1 0 6632.dat
1 71 189.208 -129.882 5.01264 3.3693e-005 -1 -3.82398e-005 1 3.3696e-005 -8.03623e-005 8.03636e-005 -3.82371e-005 1 4265a.dat
1 0 230.212 -89.8838 -19.9817 3.85834e-005 3.36816e-005 1 8.03623e-005 1 -3.36847e-005 -1 8.03636e-005 3.85806e-005 3707.dat
1 14 229.707 -149.882 -49.9866 -1 3.37147e-005 3.38371e-005 3.38384e-005 3.82355e-005 1 3.37134e-005 1 -3.81346e-005 2825.dat
1 14 229.713 -149.886 10.016 1 8.04243e-005 -3.37025e-005 3.36995e-005 3.82257e-005 1 8.04256e-005 -1 3.8223e-005 2825.dat
1 71 229.713 -89.3824 -34.9816 -3.36824e-005 -3.83358e-005 -1 -1 -8.03482e-005 3.37934e-005 -8.04574e-005 1 -3.82252e-005 6632.dat
1 0 189.712 -89.3823 -19.9832 3.85834e-005 3.36816e-005 1 8.03623e-005 1 -3.36847e-005 -1 8.03636e-005 3.85806e-005 3705.dat
1 71 189.213 -89.8798 -49.9832 -3.83093e-005 3.37332e-005 -1 -8.0414e-005 1 3.37363e-005 1 8.04153e-005 -3.83066e-005 6536.dat
1 0 229.208 -89.8818 15.0127 1 0 0 0 0 -1 0 1 0 6632.dat
1 71 229.712 -89.3848 -4.98165 -3.36824e-005 -3.83358e-005 -1 -1 -8.03482e-005 3.37934e-005 -8.04574e-005 1 -3.82252e-005 6632.dat
1 71 189.211 -89.8847 10.0167 -3.83093e-005 3.37332e-005 -1 -8.0414e-005 1 3.37363e-005 1 8.04153e-005 -3.83066e-005 6536.dat
1 71 169.71 -164.882 -19.489 3.38509e-005 -1 -3.82713e-005 -8.04548e-005 3.83935e-005 -1 1 3.3729e-005 -8.03287e-005 4265a.dat
1 71 169.71 -54.882 -19.489 -3.38509e-005 1 3.82713e-005 8.04548e-005 -3.83935e-005 1 1 3.3729e-005 -8.03287e-005 4265a.dat
1 0 169.712 -109.882 -19.4846 3.40932e-005 -3.82767e-005 1 1 -8.01896e-005 -3.39408e-005 8.03463e-005 1 3.84294e-005 3706.dat
1 71 169.712 -107.382 -19.4844 1 -3.82398e-005 -3.36848e-005 -3.36879e-005 -8.03895e-005 -1 3.82371e-005 1 -8.03908e-005 3649.dat
1 71 169.712 -89.8816 -19.483 -3.37764e-005 1 -3.81882e-005 -1 -3.37795e-005 -8.03107e-005 -8.0312e-005 3.81855e-005 1 6536.dat
1 71 229.709 -109.39 40.0183 0 0 1 0 1 0 -1 0 0 3749.dat
1 0 310.208 -149.893 -49.9817 3.82355e-005 8.03446e-005 1 8.0221e-005 -1 8.03416e-005 1 8.02179e-005 -3.81346e-005 6536.dat
1 0 309.706 -149.397 -19.9816 3.85834e-005 3.36813e-005 1 8.03621e-005 1 -3.36844e-005 -1 8.03634e-005 3.85806e-005 3707.dat
1 0 310.206 -149.897 10.0183 3.82355e-005 8.03446e-005 1 8.0221e-005 -1 8.03416e-005 1 8.02179e-005 -3.81346e-005 6536.dat
1 71 319.209 -93.8894 10.0183 -3.81346e-005 8.01856e-005 -1 8.03093e-005 -1 -8.01887e-005 -1 -8.03123e-005 3.82355e-005 6536.dat
1 71 319.709 -93.3902 20.0183 0 0 1 0 1 0 -1 0 0 3749.dat
1 0 509.709 -149.39 -79.9817 0 0 1 0 1 0 -1 0 0 2780.dat
1 14 410.209 -149.889 -89.9817 3.82355e-005 8.03187e-005 1 8.01951e-005 -1 8.03157e-005 1 8.0192e-005 -3.81346e-005 6536.dat
1 71 410.209 -149.89 -79.9817 0 1 0 0 0 -1 -1 0 0 3749.dat
1 71 229.709 -109.39 -79.9816 0 0 -1 0 1 0 1 0 0 3749.dat
0 
0
0 FILE crane arm.ldr
0 New Model
0 Name: crane arm.ldr
0 Author: MLCad
0 Unofficial Model
0 ROTATION CENTER 0 0 0 1 "Custom" 
0 ROTATION CONFIG 0 0
1 7 0 0 0 1 0 0 0 1 0 0 0 1 D.ldr
1 7 0 0 0 1 0 0 0 1 0 0 0 1 E.ldr
1 7 658.5 -489.1 -20 0 -0.887011 -0.461749 0 -0.461749 0.887011 -1 0 0 piston1.ldr
1 7 0 0 0 1 0 0 0 1 0 0 0 1 F.ldr
0 
0
0 FILE C.ldr
0 C
0 ROTATION CENTER 0 0 0 1 "Custom" 
0 ROTATION CONFIG 0 0
1 0 439.709 -389.391 20.0199 0 0 1 0 1 0 -1 0 0 2780.dat
1 0 439.706 -209.39 -19.984 0 0 1 0 1 0 -1 0 0 3705.dat
1 0 439.71 -149.891 -39.9817 1 8.04182e-005 -3.38375e-005 -3.38344e-005 -3.83094e-005 -1 -8.04195e-005 1 -3.83066e-005 2825.dat
1 0 439.708 -149.891 0.0183378 -1 -8.03092e-005 8.01887e-005 -8.01856e-005 -3.81346e-005 -1 8.03123e-005 -1 3.82355e-005 2825.dat
1 0 439.709 -149.39 -19.9817 0 0 1 0 1 0 -1 0 0 3705.dat
1 71 439.709 -149.89 -69.9817 -1 0 0 0 1 0 0 0 -1 2853.dat
1 71 439.709 -149.39 -19.9817 1 0 0 0 1 0 0 0 1 3713.dat
1 71 439.709 -149.89 30.0184 -1 0 0 0 -1 0 0 0 1 2853.dat
1 0 449.209 -289.891 10.0199 0 -1 0 1 0 0 0 0 1 3895.dat
1 71 454.208 -379.891 -49.983 0 -1 0 0 0 -1 1 0 0 32017.dat
1 71 454.208 -379.891 10.017 0 -1 0 0 0 -1 1 0 0 32017.dat
1 0 449.208 -289.891 -49.9832 0 -1 0 1 0 0 0 0 1 3895.dat
1 0 439.709 -249.391 0.0198707 0 0 1 0 1 0 -1 0 0 2780.dat
1 0 439.516 -249.43 -19.9832 -2.30822e-005 -0.383754 -0.923436 -7.91699e-005 0.923436 -0.383754 1 6.42257e-005 -5.16917e-005 75535.dat
1 0 439.708 -249.391 -39.9832 0 0 1 0 1 0 -1 0 0 2780.dat
1 0 439.708 -389.391 -59.9832 0 0 1 0 1 0 -1 0 0 2780.dat
1 71 439.708 -289.395 -59.983 0 -1 0 0 0 1 -1 0 0 3749.dat
1 0 439.709 -289.394 -69.983 8.02932e-005 -1 -3.36154e-005 3.82257e-005 -3.36123e-005 1 -1 -8.02945e-005 3.8223e-005 6536.dat
1 71 439.708 -289.393 20.02 0 -1 0 0 0 -1 1 0 0 3749.dat
1 0 439.709 -289.393 30.02 8.02932e-005 -1 -3.36154e-005 3.82257e-005 -3.36123e-005 1 -1 -8.02945e-005 3.8223e-005 6536.dat
1 0 439.709 -329.391 20.0199 0 0 1 0 1 0 -1 0 0 2780.dat
1 72 439.709 -189.141 0.0198722 0 0 1 0 1 0 -1 0 0 32002.dat
1 72 439.708 -189.141 -39.9832 0 0 -1 0 1 0 1 0 0 32002.dat
1 0 439.708 -329.391 -59.9832 0 0 1 0 1 0 -1 0 0 2780.dat
0 
0
0 FILE D.ldr
0 D
0 ROTATION CENTER 0 0 0 1 "Custom" 
0 ROTATION CONFIG 0 0
1 14 783.264 -378.822 0.0166699 0.940841 0 -0.33885 0.33885 0 0.940841 0 -1 0 32009.dat
1 0 837.52 -529.458 -19.9833 0 0.33885 0.940841 0 -0.940841 0.33885 1 0 0 3705.dat
1 14 783.264 -378.822 -39.9833 0.940841 0 -0.33885 0.33885 0 0.940841 0 -1 0 32009.dat
1 71 838.12 -529.658 -19.9833 0.940841 0.33885 0 0.33885 -0.940841 0 0 0 -1 4019.dat
1 0 797.458 -416.757 -19.9833 0 0.33885 -0.940841 0 -0.940841 -0.33885 -1 0 0 6558.dat
0 
0
0 FILE E.ldr
0 E
0 ROTATION CENTER 0 0 0 1 "Custom" 
0 ROTATION CONFIG 0 0
1 72 748.869 -531.387 -39.9801 0 0.41817 -0.908369 0 0.908369 0.41817 1 0 0 32002.dat
1 0 671.913 -507.244 10.0199 0.908369 0.41817 0 -0.41817 0.908369 0 0 0 1 2730.dat
1 71 784.743 -549.305 -64.9834 0.418139 0.908383 -8.0365e-005 0.908383 -0.418139 -5.13736e-005 -8.02706e-005 -5.15208e-005 -1 4265a.dat
1 0 784.68 -549.249 -19.9834 0 -0.41817 0.908369 0 -0.908369 -0.41817 1 0 0 3706.dat
1 14 801.615 -512.46 15.0166 -0.41817 0 0.908369 -0.908369 0 -0.41817 0 -1 0 2905.dat
1 71 784.743 -549.205 25.017 0.41918 -0.907903 1.31281e-005 0.907903 0.41918 -9.44745e-005 8.02707e-005 5.15208e-005 1 4265a.dat
1 14 784.889 -548.796 0.0166485 0.41817 5.69595e-005 -0.908369 0.908369 -6.86527e-005 0.41817 -3.85394e-005 -1 -8.04513e-005 2825.dat
1 0 730.599 -523.256 -19.9882 0 0.41817 0.908369 0 0.908369 -0.41817 -1 0 0 3705.dat
1 0 730.18 -524.164 -19.9882 -8.81379e-005 0.908383 -0.418139 0 -0.418139 -0.908383 -1 -7.99435e-005 3.7188e-005 6536.dat
1 14 801.616 -512.46 -54.9833 -0.41817 0 0.908369 -0.908369 0 -0.41817 0 -1 0 2905.dat
1 71 784.679 -549.249 -19.9834 0.908369 -0.41817 0 -0.41817 -0.908369 0 0 0 -1 3713.dat
1 14 784.89 -548.795 -39.9834 -0.41817 8.85349e-005 -0.908369 -0.908369 0 0.41817 3.78491e-005 1 7.9999e-005 2825.dat
1 0 671.913 -507.244 -49.9801 0.908369 0.418169 0 -0.418169 0.908369 0 0 0 1 2730.dat
1 72 748.241 -532.75 0.013423 0 -0.418169 -0.908369 0 -0.908369 0.418169 -1 0 0 32002.dat
1 0 603.425 -464.707 10.0199 0 0.41817 0.908369 0 0.908369 -0.41817 -1 0 0 6558.dat
1 0 562.909 -457.064 30.0199 0.908369 0.41817 0 -0.41817 0.908369 0 0 0 1 3703.dat
1 0 476.253 -406.163 40.0199 0 0.41817 0.908369 0 0.908369 -0.41817 -1 0 0 2780.dat
1 0 657.927 -489.797 10.0199 0 0.41817 0.908369 0 0.908369 -0.41817 -1 0 0 6558.dat
1 0 694.262 -506.524 10.0199 0 0.41817 0.908369 0 0.908369 -0.41817 -1 0 0 6558.dat
1 0 607.664 -478.217 -29.9801 0.41817 -0.908369 0 0.908369 0.41817 0 0 0 1 32000.dat
1 0 585.863 -468.181 -19.9801 0.41817 -0.908369 0 0.908369 0.41817 0 0 0 1 2444.dat
1 0 607.664 -478.217 -9.98012 0.41817 -0.908369 0 0.908369 0.41817 0 0 0 1 32000.dat
1 0 603.425 -464.707 -49.9801 0 0.41817 -0.908369 0 0.908369 0.41817 1 0 0 6558.dat
1 0 562.909 -457.064 -69.9801 0.908369 0.41817 0 -0.41817 0.908369 0 0 0 1 3703.dat
1 0 476.253 -406.163 -79.9801 0 0.41817 0.908369 0 0.908369 -0.41817 -1 0 0 2780.dat
1 0 657.927 -489.797 -49.9801 0 0.41817 -0.908369 0 0.908369 0.41817 1 0 0 6558.dat
1 0 694.262 -506.524 -49.9801 0 0.41817 -0.908369 0 0.908369 0.41817 1 0 0 6558.dat
1 0 595.25 -483.632 -49.9801 7.9331e-005 -0.60793 0.793991 4.0653e-005 -0.79399 -0.60793 1 8.04377e-005 -3.8073e-005 6536.dat
1 0 595.157 -482.932 -19.9801 0 0.607903 0.794011 0 0.794011 -0.607903 -1 0 0 3705.dat
1 0 595.25 -483.632 10.0199 7.9331e-005 -0.60793 0.79399 4.05294e-005 -0.79399 -0.60793 1 8.03669e-005 -3.82285e-005 6536.dat
0 
0
0 FILE F.ldr
0 F
0 ROTATION CENTER 0 0 0 1 "Custom" 
0 ROTATION CONFIG 0 0
1 14 961.118 -499.846 -69.9833 -0.0819538 0 0.996636 0.996636 0 0.0819538 0 1 0 32009.dat
1 0 801.717 -512.901 -19.8833 0 -0.996636 0.0819541 0 -0.0819541 -0.996636 1 0 0 3706.dat
1 71 801.717 -512.901 -19.8833 0.0819538 -0.996636 0 -0.996636 -0.0819537 0 0 0 -1 4019.dat
1 14 961.118 -499.846 30.0167 -0.0819539 0 0.996636 0.996636 0 0.081954 0 1 0 32009.dat
1 71 801.717 -512.901 0.116645 0.0819538 -0.996636 0 -0.996636 -0.0819537 0 0 0 -1 3713.dat
1 71 801.717 -512.901 -39.8834 -0.0819539 -0.996636 0 0.996636 -0.0819539 0 0 0 1 3713.dat
0 
0
0 FILE G.ldr
0 G
0 Author: LEGO Digital Designer 4.3
0 ROTATION CENTER 0 0 0 1 "Custom" 
0 ROTATION CONFIG 0 0
1 0 -57.8405 -193.658 29.9972 1.85921e-005 0.182049 0.98329 7.91778e-005 0.98329 -0.182049 -1 8.12267e-005 0 6558.dat
1 72 -156.259 -175.943 -50.0036 0 0.182048 0.98329 -8.15741e-005 0.98329 -0.182048 -1 -8.16028e-005 0 6587.dat
1 14 -195.681 -169.148 -45.0037 0.182047 -2.05825e-005 0.98329 0.98329 -8.16663e-005 -0.182047 8.40689e-005 1 0 6632.dat
1 0 -196.082 -168.568 -20.0044 1.79689e-005 -0.983437 0.181249 8.19092e-005 0.181249 0.983437 -1 0 8.37969e-005 3705.dat
1 72 -156.26 -175.943 9.99636 -1.84898e-005 0.182048 -0.98329 -7.9192e-005 0.98329 0.182048 1 8.12441e-005 0 6587.dat
1 14 -195.682 -169.153 4.99633 0.182047 -2.05825e-005 0.98329 0.98329 -8.15758e-005 -0.182046 8.4069e-005 1 0 6632.dat
1 14 -118.656 -192.566 -70.0037 0.98329 0.182048 -1.85253e-005 -0.182048 0.98329 -7.91812e-005 0 8.12305e-005 1 3702.dat
1 14 -118.658 -192.568 29.9951 0.98329 0.182048 -1.85253e-005 -0.182048 0.98329 -7.91812e-005 0 8.12305e-005 1 3702.dat
1 14 -210.567 -131.57 14.9985 0.927278 2.25218e-005 -0.374374 0.374374 7.89742e-005 0.927278 5.04133e-005 -1 6.48065e-005 32017.dat
1 0 -225.733 -94.0144 -19.9989 2.30138e-005 -0.383754 0.923436 7.9132e-005 0.923436 0.383754 -1 6.42584e-005 5.16223e-005 3706.dat
1 71 -225.733 -94.0182 30.0011 -0.923436 -0.383753 -1.27338e-005 -0.383753 0.923436 6.42708e-005 -1.29053e-005 6.42366e-005 -1 3713.dat
1 71 -225.731 -94.0104 -69.9989 0.923436 -0.383753 -2.24605e-005 0.383753 0.923436 -7.8915e-005 5.10247e-005 6.42537e-005 1 3713.dat
1 0 -225.748 -93.4624 -19.9991 -2.30762e-005 -0.383754 -0.923436 -7.91699e-005 0.923436 -0.383754 1 6.42257e-005 -5.16858e-005 75535.dat
1 14 -197.921 -82.681 -49.897 -0.92006 2.49208e-005 -0.391777 -0.391777 9.83353e-005 0.92006 6.14511e-005 1 -8.07131e-005 4263.dat
1 14 50.0923 -175.562 -109.99 -3.81901e-005 -3.36822e-005 -1 8.03627e-005 1 -3.36853e-005 1 -8.03639e-005 -3.81874e-005 3021.dat
1 14 60.0913 -167.56 -89.9905 -3.81901e-005 -3.3682e-005 -1 8.03624e-005 1 -3.36851e-005 1 -8.03637e-005 -3.81874e-005 3623.dat
1 0 30.0913 -167.561 -89.9917 -3.81901e-005 -3.36818e-005 -1 8.03622e-005 1 -3.36848e-005 1 -8.03635e-005 -3.81874e-005 3021.dat
1 14 -9.90804 -175.563 -99.9926 1 0 0 0 1 0 0 0 1 3935.dat
1 0 50.0914 -159.561 -99.9916 -3.81901e-005 -3.36818e-005 -1 8.03622e-005 1 -3.36848e-005 1 -8.03635e-005 -3.81874e-005 2444.dat
1 14 50.1344 -159.56 -69.9931 0.999989 -0.00463139 -3.78298e-005 0.00463139 0.999989 -7.94955e-005 3.81975e-005 7.93194e-005 1 3894.dat
1 71 90.2089 -175.372 -69.9928 0.999989 -0.0046314 -3.77747e-005 0.00463139 0.999989 -7.94953e-005 3.81425e-005 7.93194e-005 1 3794a.dat
1 71 100.171 -167.326 -69.9918 0.999989 -0.00463139 -3.78298e-005 0.00463139 0.999989 -7.94955e-005 3.81976e-005 7.93195e-005 1 4073.dat
1 14 70.0219 -135.467 -69.9904 0.999989 -0.00463139 -3.78298e-005 0.00463139 0.999989 -7.94955e-005 3.81975e-005 7.93194e-005 1 3710.dat
1 71 10.0225 -135.747 -69.9927 0.999989 -0.00463139 -3.78298e-005 0.00463139 0.999989 -7.94955e-005 3.81975e-005 7.93194e-005 1 3023.dat
1 14 89.9842 -127.373 -69.9891 0.999989 -0.00463139 -3.78298e-005 0.00463139 0.999989 -7.94955e-005 3.81975e-005 7.93194e-005 1 3023.dat
1 71 9.98502 -127.747 -69.9921 0.999989 -0.00463139 -3.78298e-005 0.00463139 0.999989 -7.94955e-005 3.81975e-005 7.93194e-005 1 3023.dat
1 14 89.9467 -119.373 -69.9884 0.999989 -0.00463139 -3.78298e-005 0.00463139 0.999989 -7.94955e-005 3.81975e-005 7.93194e-005 1 3700.dat
1 71 9.94754 -119.748 -69.9914 0.999989 -0.00463139 -3.78298e-005 0.00463139 0.999989 -7.94955e-005 3.81975e-005 7.93194e-005 1 32000.dat
1 14 79.8345 -95.4201 -69.9868 0.999989 -0.00463139 -3.78298e-005 0.00463139 0.999989 -7.94955e-005 3.81975e-005 7.93194e-005 1 3623.dat
1 14 19.8351 -95.701 -69.9891 0.999989 -0.00463139 -3.78298e-005 0.00463139 0.999989 -7.94955e-005 3.81975e-005 7.93194e-005 1 3623.dat
1 14 9.71593 -87.7465 -89.9888 -3.81901e-005 3.36818e-005 -1 -8.03618e-005 1 3.36849e-005 1 8.03631e-005 -3.81874e-005 3021.dat
1 14 9.71701 -79.7448 -109.988 1 0 0 0 1 0 0 0 1 3700.dat
1 14 99.7968 -87.3266 -69.9854 0.999989 -0.00463139 -3.78298e-005 0.00463139 0.999989 -7.94955e-005 3.81975e-005 7.93194e-005 1 4073.dat
1 14 9.76025 -79.7481 -69.9882 0.999989 -0.00463139 -3.78298e-005 0.00463139 0.999989 -7.94955e-005 3.81975e-005 7.93194e-005 1 2730.dat
1 14 49.7973 -87.5607 -69.9873 0.999989 -0.00463139 -3.78298e-005 0.00463139 0.999989 -7.94955e-005 3.81975e-005 7.93194e-005 1 3023.dat
1 14 9.71709 -55.7466 -89.9863 -3.81901e-005 3.36818e-005 -1 -8.03618e-005 1 3.36849e-005 1 8.03631e-005 -3.81874e-005 3021.dat
1 14 9.71662 -47.7481 -69.9856 1 0 0 0 1 0 0 0 1 3023.dat
1 14 50.0964 -175.558 -69.9903 -1 -3.36845e-005 0 -3.36846e-005 1 -8.03637e-005 0 -8.03637e-005 -1 3069b.dat
1 71 150.088 -149.877 -39.9885 -3.36824e-005 -3.83358e-005 -1 -1 -8.03482e-005 3.37934e-005 -8.04574e-005 1 -3.82252e-005 2825.dat
1 0 149.709 -149.384 -19.985 0 0 1 0 1 0 -1 0 0 4519.dat
1 71 149.711 -150.383 -19.985 -8.01222e-005 1 3.35226e-005 -3.82713e-005 3.36444e-005 -1 -1 -8.02484e-005 3.83935e-005 6536.dat
1 0 90.0876 -149.377 -17.9908 3.85834e-005 3.36814e-005 1 8.03626e-005 1 -3.36845e-005 -1 8.03639e-005 3.85806e-005 3707.dat
1 71 90.0893 -149.467 -54.9916 0 0 -1 -1 0 0 0 1 0 6632.dat
1 71 90.089 -149.468 -44.9916 0 0 -1 -1 0 0 0 1 0 6632.dat
1 71 90.0865 -150.378 -19.9907 -8.01222e-005 1 3.35226e-005 -3.82713e-005 3.36444e-005 -1 -1 -8.02484e-005 3.83935e-005 6536.dat
1 71 150.087 -149.876 0.00693544 -3.36053e-005 -3.81851e-005 -1 1 8.04692e-005 -3.36706e-005 8.04082e-005 -1 3.82446e-005 2825.dat
1 71 89.7094 -149.378 5.00849 0 0 -1 -1 0 0 0 1 0 6632.dat
1 71 89.7091 -149.379 15.0085 0 0 -1 -1 0 0 0 1 0 6632.dat
1 14 49.7131 -175.38 30.0057 -1 3.36864e-005 0 3.36864e-005 1 8.03637e-005 0 8.03637e-005 -1 3069b.dat
1 71 90.2051 -175.38 30.0072 0.999989 -0.00470795 -3.83961e-005 0.00470795 0.999989 -8.08108e-005 3.87761e-005 8.06291e-005 1 3794a.dat
1 71 99.7077 -167.382 30.0082 1 0 0 0 1 0 0 0 1 4073.dat
1 14 49.708 -159.38 30.0069 1 0 0 0 1 0 0 0 1 3894.dat
1 0 29.707 -167.381 50.0055 -3.83093e-005 3.36818e-005 -1 -8.03597e-005 1 3.36849e-005 1 8.0361e-005 -3.83066e-005 3021.dat
1 14 -10.2937 -175.38 60.0033 -1 3.36875e-005 0 3.36876e-005 1 8.03637e-005 0 8.03637e-005 -1 3936.dat
1 14 49.7059 -175.383 70.0056 -3.83093e-005 3.36818e-005 -1 -8.03597e-005 1 3.36849e-005 1 8.0361e-005 -3.83066e-005 3021.dat
1 14 59.7069 -167.382 50.0067 -3.83093e-005 3.36816e-005 -1 -8.03599e-005 1 3.36846e-005 1 8.03612e-005 -3.83066e-005 3623.dat
1 14 69.7088 -135.381 30.0096 1 0 0 0 1 0 0 0 1 3710.dat
1 0 49.7068 -159.383 60.007 3.79873e-005 3.36816e-005 1 8.03643e-005 1 -3.36846e-005 -1 8.03656e-005 3.79846e-005 2444.dat
1 71 10.0189 -135.755 30.0073 0.999989 -0.00468257 -3.82457e-005 0.00468257 0.999989 -8.03749e-005 3.86217e-005 8.01949e-005 1 3023.dat
1 14 89.7091 -127.382 30.011 1 0 0 0 1 0 0 0 1 3023.dat
1 71 9.98145 -127.756 30.008 0.999989 -0.00468257 -3.82457e-005 0.00468257 0.999989 -8.03749e-005 3.86217e-005 8.01949e-005 1 3023.dat
1 14 89.7094 -119.382 30.0116 1 0 0 0 1 0 0 0 1 3700.dat
1 71 9.94402 -119.756 30.0086 0.999989 -0.00468257 -3.82457e-005 0.00468257 0.999989 -8.03749e-005 3.86217e-005 8.01949e-005 1 32000.dat
1 14 79.7102 -95.3812 30.0132 1 0 0 0 1 0 0 0 1 3623.dat
1 14 19.8315 -95.709 30.0109 0.999989 -0.00468257 -3.82457e-005 0.00468257 0.999989 -8.03749e-005 3.86217e-005 8.01949e-005 1 3623.dat
1 14 99.7932 -87.3346 30.0146 0.999989 -0.00468257 -3.82457e-005 0.00468257 0.999989 -8.03749e-005 3.86217e-005 8.01949e-005 1 4073.dat
1 14 9.71084 -87.7578 50.0112 -3.83093e-005 3.36816e-005 -1 -8.03604e-005 1 3.36847e-005 1 8.03617e-005 -3.83066e-005 3021.dat
1 14 9.75669 -79.756 30.0119 0.999989 -0.00468257 -3.82457e-005 0.00468257 0.999989 -8.03749e-005 3.86217e-005 8.01949e-005 1 2730.dat
1 14 49.7937 -87.5686 30.0127 0.999989 -0.00468257 -3.82457e-005 0.00468257 0.999989 -8.03749e-005 3.86217e-005 8.01949e-005 1 3023.dat
1 14 9.71043 -79.7593 70.0119 1 0 0 0 1 0 0 0 1 3700.dat
1 14 9.64358 -55.7579 50.0138 -3.82433e-005 -0.00468184 -0.999989 -8.036e-005 0.999989 -0.00468184 1 8.01803e-005 -3.86191e-005 3021.dat
1 14 9.6069 -47.7563 30.0144 0.999989 -0.00468257 -3.82457e-005 0.00468257 0.999989 -8.03749e-005 3.86217e-005 8.01949e-005 1 3023.dat
1 0 -130.288 -70.4104 15.0076 0.00468172 -3.8157e-005 -0.999989 -0.999989 -8.03113e-005 -0.00468161 -8.02412e-005 1 -3.84237e-005 6632.dat
1 0 -130.287 -70.4076 -19.9926 3.88669e-005 -0.00468184 0.999989 8.03676e-005 0.999989 0.00468184 -1 8.01851e-005 3.92428e-005 3706.dat
1 71 -130.288 -70.4096 5.00743 0.999989 -0.00463139 -3.78298e-005 0.00463139 0.999989 -7.94955e-005 3.81975e-005 7.93194e-005 1 4265a.dat
1 0 -90.2868 -70.2191 -34.991 0.00468152 -3.80024e-005 -0.999989 -0.999989 -8.03113e-005 -0.00468146 -8.019e-005 1 -3.83208e-005 6632.dat
1 0 -90.2874 -70.2203 -19.9912 3.88669e-005 -0.00468184 0.999989 8.03676e-005 0.999989 0.00468184 -1 8.01851e-005 3.92428e-005 3705.dat
1 0 -50.2889 -70.0358 15.0104 0.00468172 -3.8157e-005 -0.999989 -0.999989 -8.03113e-005 -0.00468161 -8.02412e-005 1 -3.84237e-005 6632.dat
1 71 -50.2892 -70.0362 20.0103 3.87477e-005 -0.00468184 0.999989 8.03658e-005 0.999989 0.00468184 -1 8.01836e-005 3.91236e-005 3749.dat
1 0 -50.2886 -70.035 5.0104 0.00468172 -3.8157e-005 -0.999989 -0.999989 -8.03113e-005 -0.00468161 -8.02412e-005 1 -3.84237e-005 6632.dat
1 0 -50.2865 -70.0302 -54.9896 0.00468152 -3.80024e-005 -0.999989 -0.999989 -8.03113e-005 -0.00468146 -8.019e-005 1 -3.83208e-005 6632.dat
1 71 -50.2862 -70.0298 -59.9897 -3.82433e-005 -0.00468184 -0.999989 -8.03615e-005 0.999989 -0.00468184 1 8.01815e-005 -3.86191e-005 3749.dat
1 0 -50.2868 -70.031 -44.9896 0.00468152 -3.80024e-005 -0.999989 -0.999989 -8.03113e-005 -0.00468146 -8.019e-005 1 -3.83208e-005 6632.dat
1 71 -150.284 -71.0012 -19.9935 0.00468156 3.86027e-005 0.999989 -0.999989 8.05098e-005 0.0046815 -8.02716e-005 -1 3.90355e-005 2825.dat
1 71 -90.2875 -70.2207 -14.9908 0.00468152 -3.80024e-005 -0.999989 -0.999989 -8.03113e-005 -0.00468146 -8.019e-005 1 -3.83208e-005 6632.dat
1 0 -90.2878 -70.2215 -4.99102 0.00468172 -3.8157e-005 -0.999989 -0.999989 -8.03113e-005 -0.00468161 -8.02412e-005 1 -3.84237e-005 6632.dat
1 71 -130.286 -70.406 -44.993 -0.99999 0.00457965 3.74091e-005 0.00457964 0.99999 -7.86062e-005 -3.77687e-005 -7.84341e-005 -1 4265a.dat
1 0 -130.286 -70.4047 -54.9925 0.00468152 -3.80024e-005 -0.999989 -0.999989 -8.03113e-005 -0.00468146 -8.019e-005 1 -3.83208e-005 6632.dat
1 0 -169.784 -71.0921 -19.9938 3.8529e-005 0.999985 0.00549717 8.00333e-005 0.00549723 -0.999985 -1 3.89083e-005 -7.97605e-005 3705.dat
1 1 60.1699 -167.517 -19.9934 3.82709e-005 -0.00468184 0.999989 8.03624e-005 0.999989 0.00468184 -1 8.01824e-005 3.86467e-005 2717.dat
1 71 80.1697 -167.423 -19.9926 -3.80049e-005 -0.00468184 -0.999989 -8.03599e-005 0.999989 -0.00468183 1 8.01813e-005 -3.83807e-005 3666.dat
1 71 50.17 -167.564 -19.9938 -3.78857e-005 -0.00468184 -0.999989 -8.03591e-005 0.999989 -0.00468183 1 8.01811e-005 -3.82615e-005 3709b.dat
1 71 149.713 -69.3798 -19.9821 -3.82707e-005 1 3.37656e-005 -8.02071e-005 -3.37284e-005 1 1 3.83083e-005 8.02487e-005 6536.dat
1 0 149.713 -69.3798 -19.9821 3.85834e-005 3.36818e-005 1 8.03629e-005 1 -3.36849e-005 -1 8.03642e-005 3.85806e-005 4519.dat
1 71 149.714 -69.878 -39.9821 -3.36824e-005 -3.83358e-005 -1 -1 -8.03482e-005 3.37934e-005 -8.04574e-005 1 -3.82252e-005 2825.dat
1 0 89.7129 -69.3776 -19.9843 3.85834e-005 3.36818e-005 1 8.03629e-005 1 -3.36849e-005 -1 8.03642e-005 3.85806e-005 3707.dat
1 71 89.713 -69.3776 -19.9843 -3.82707e-005 1 3.37656e-005 -8.02071e-005 -3.37284e-005 1 1 3.83083e-005 8.02487e-005 6536.dat
1 71 149.712 -69.8812 0.017926 3.38528e-005 3.82949e-005 -1 1 8.04136e-005 3.37674e-005 8.03264e-005 -1 -3.82037e-005 2825.dat
1 14 79.7124 -87.3772 -19.9862 -3.81901e-005 3.36816e-005 -1 -8.0362e-005 1 3.36847e-005 1 8.03633e-005 -3.81874e-005 3666.dat
1 71 80.3176 -199.427 30.0049 0.999989 -0.00464424 -3.7879e-005 0.00464424 0.999989 -7.9716e-005 3.82488e-005 7.95392e-005 1 32000.dat
1 71 89.7116 -79.3799 10.0149 1 0 0 0 1 0 0 0 1 3701.dat
1 14 -130.327 -61.4037 -69.992 -0.999989 0.00464501 -3.82473e-005 -0.004645 -0.999989 -8.03634e-005 -3.86202e-005 -8.01848e-005 1 2744.dat
1 14 -110.365 -53.3101 -69.9905 0.999989 0.00468183 3.86154e-005 0.00468183 -0.999989 0 3.86158e-005 0 -1 3023.dat
1 14 -130.331 -61.4117 30.0081 -0.999989 0.00464501 -3.82474e-005 -0.004645 -0.999989 -8.03618e-005 -3.86202e-005 -8.01833e-005 1 2744.dat
1 14 -110.368 -53.3181 30.0095 0.999989 0.00468183 3.86154e-005 0.00468183 -0.999989 0 3.86158e-005 0 -1 3023.dat
1 71 89.7139 -79.375 -49.9852 1 0 0 0 1 0 0 0 1 3701.dat
1 14 80.2062 -189.883 50.0056 3.38521e-005 1 8.03018e-005 1 -3.35828e-005 8.04228e-005 8.04255e-005 8.02991e-005 -1 3703.dat
1 14 80.4002 -189.871 -89.9944 3.38521e-005 1 8.03018e-005 1 -3.35828e-005 8.04228e-005 8.04255e-005 8.02991e-005 -1 3703.dat
1 71 80.3214 -199.419 -69.9952 0.999989 -0.00464424 -3.7879e-005 0.00464424 0.999989 -7.9716e-005 3.82488e-005 7.95392e-005 1 32000.dat
1 71 89.806 -329.875 -55.005 -3.3693e-005 1 3.82398e-005 1 3.3696e-005 -8.03623e-005 -8.03636e-005 3.82371e-005 -1 4265a.dat
1 0 90.0042 -329.677 -20.2052 3.85834e-005 3.36818e-005 1 8.03629e-005 1 -3.36849e-005 -1 8.03642e-005 3.85806e-005 3707.dat
1 71 89.7053 -329.375 -40.0053 -1 0 0 0 1 0 0 0 -1 3713.dat
1 71 89.7038 -329.376 -20.0053 -8.01456e-005 1 3.36968e-005 3.82392e-005 -3.35831e-005 1 1 8.02575e-005 -3.81258e-005 6536.dat
1 71 89.703 -329.38 -0.00527874 1 0 0 0 1 0 0 0 1 3713.dat
1 71 89.7028 -329.88 14.9947 3.3693e-005 -1 -3.82398e-005 1 3.3696e-005 -8.03623e-005 8.03636e-005 -3.82371e-005 1 4265a.dat
1 0 29.8807 -340.417 -70.0084 0.999848 -0.0174171 -3.82364e-005 0.0174171 0.999848 -8.0355e-005 3.96301e-005 7.96768e-005 1 3702.dat
1 0 89.4534 -315.376 -70.0041 0.999848 -0.0174171 -3.82364e-005 0.0174171 0.999848 -8.0355e-005 3.96301e-005 7.96768e-005 1 3023.dat
