0 8440 B
0 Author: LEGO Digital Designer 4.3
0 ROTATION CENTER 0 0 0 1 "Custom" 
0 ROTATION CONFIG 0 0
1 7 -130 -131.249 -690 -1 0 0 0 0 1 0 1 0 6536.dat
1 0 -140 -131.249 -690 1 0 0 0 1 0 0 0 1 3704.dat
1 7 -150 -131.249 -690 -1 0 0 0 0 1 0 1 0 6536.dat
1 0 -220 -55.9998 -470 1 0 0 0 1 0 0 0 1 3023.dat
1 0 -70 -15.9998 -650 1 0 0 0 1 0 0 0 1 2450.dat
1 0 -90 -39.9997 -740 0 0 -1 0 1 0 1 0 0 3895.dat
1 0 -140 -47.9998 -820 1 0 0 0 1 0 0 0 1 3795.dat
1 4 -140 -39.9998 -830 1 0 0 0 1 0 0 0 1 3700.dat
1 4 -140 -15.9998 -840 1 0 0 0 1 0 0 0 1 3709b.dat
1 0 -180 -8 -840 -1 0 0 0 1 0 0 0 -1 2444.dat
1 0 -190 -15.9998 -840 0 0 1 0 1 0 -1 0 0 2508.dat
1 0 -190 -39.9998 -740 0 0 -1 0 1 0 1 0 0 3895.dat
1 4 -190 -47.9998 -640 0 0 -1 0 1 0 1 0 0 3023.dat
1 4 -210 -55.9998 -650 0 0 1 0 1 0 -1 0 0 2450.dat
1 4 -190 -79.9998 -630 0 0 1 0 1 0 -1 0 0 3040b.dat
1 0 -190 -47.9998 -760 0 0 -1 0 1 0 1 0 0 2436a.dat
1 0 -210 -15.9997 -650 0 0 1 0 1 0 -1 0 0 2450.dat
1 0 -200 -7.99975 -540 0 0 -1 0 1 0 1 0 0 2445.dat
1 0 -140 -15.9997 -430 1 0 0 0 1 0 0 0 1 3460.dat
1 0 -80 -7.99975 -540 0 0 -1 0 1 0 1 0 0 2445.dat
1 0 -140 -15.9998 -560 1 0 0 0 1 0 0 0 1 3032.dat
1 4 -140 -15.9998 -480 1 0 0 0 1 0 0 0 1 3832.dat
1 0 -210 -39.9998 -420 0 0 -1 0 1 0 1 0 0 3702.dat
1 0 -210 -47.9998 -440 0 0 -1 0 1 0 1 0 0 3666.dat
1 0 -210 -55.9998 -360 0 0 -1 0 1 0 1 0 0 3666.dat
1 0 -210 -79.9998 -340 0 0 -1 0 1 0 1 0 0 3701.dat
1 36 -210 -87.9998 -310 1 0 0 0 1 0 0 0 1 3024.dat
1 0 -210 -95.9997 -380 0 0 -1 0 1 0 1 0 0 3460.dat
1 0 -210 -87.9998 -360 0 0 -1 0 1 0 1 0 0 3710.dat
1 0 -210 -79.9998 -390 0 0 -1 0 1 0 1 0 0 6541.dat
1 0 -200 -104 -360 1 0 0 0 1 0 0 0 1 2444.dat
1 0 -140 -112 -340 1 0 0 0 1 0 0 0 1 3032.dat
1 0 -80 -104 -320 -1 0 0 0 1 0 0 0 -1 2444.dat
1 0 -70 -95.9998 -380 0 0 -1 0 1 0 1 0 0 3460.dat
1 0 -70 -87.9998 -360 0 0 -1 0 1 0 1 0 0 3710.dat
1 0 -70 -79.9998 -390 0 0 -1 0 1 0 1 0 0 6541.dat
1 0 -70 -55.9998 -360 0 0 -1 0 1 0 1 0 0 3666.dat
1 0 -40 -47.9998 -360 1 0 0 0 1 0 0 0 1 3709b.dat
1 0 -9.99998 -39.9998 -360 0 0 -1 0 1 0 1 0 0 3700.dat
1 0 -40 -15.9998 -360 1 0 0 0 1 0 0 0 1 3709b.dat
1 0 -70 -39.9998 -420 0 0 -1 0 1 0 1 0 0 3702.dat
1 0 -70 -47.9998 -440 0 0 -1 0 1 0 1 0 0 3666.dat
1 0 -70 -55.9998 -450 1 0 0 0 1 0 0 0 1 2420.dat
1 0 -70 -79.9998 -340 0 0 -1 0 1 0 1 0 0 3701.dat
1 36 -70 -87.9998 -310 1 0 0 0 1 0 0 0 1 3024.dat
1 0 -80 -104 -360 -1 0 0 0 1 0 0 0 -1 2444.dat
1 0 -70 -112 -340 0 0 -1 0 1 0 1 0 0 2431.dat
1 0 -200 -104 -320 1 0 0 0 1 0 0 0 1 2444.dat
1 0 -210 -112 -340 0 0 -1 0 1 0 1 0 0 2431.dat
1 0 -240 -47.9998 -360 1 0 0 0 1 0 0 0 1 3709b.dat
1 0 -270 -39.9998 -360 0 0 -1 0 1 0 1 0 0 3700.dat
1 0 -240 -15.9998 -360 1 0 0 0 1 0 0 0 1 3709b.dat
1 0 -210 -55.9998 -450 0 0 -1 0 1 0 1 0 0 2420.dat
1 4 -90 -39.9998 -480 0 0 -1 0 1 0 1 0 0 3894.dat
1 0 -90 -47.9998 -510 0 0 -1 0 1 0 1 0 0 3623.dat
1 0 -140 -55.9998 -520 1 0 0 0 1 0 0 0 1 3034.dat
1 0 -190 -47.9998 -510 0 0 -1 0 1 0 1 0 0 3623.dat
1 4 -190 -39.9998 -480 0 0 -1 0 1 0 1 0 0 3894.dat
1 4 -50 -39.9998 -520 0 0 -1 0 1 0 1 0 0 3894.dat
1 4 -50 -15.9998 -560 0 0 -1 0 1 0 1 0 0 3666.dat
1 4 -50 -39.9998 -610 0 0 -1 0 1 0 1 0 0 3622.dat
1 4 -50 -47.9998 -600 0 0 -1 0 1 0 1 0 0 3710.dat
1 4 -50 -47.9998 -480 0 0 -1 0 1 0 1 0 0 3023.dat
1 4 -230 -39.9998 -520 0 0 -1 0 1 0 1 0 0 3894.dat
1 4 -230 -15.9998 -560 0 0 -1 0 1 0 1 0 0 3666.dat
1 4 -230 -39.9998 -610 0 0 -1 0 1 0 1 0 0 3622.dat
1 4 -230 -47.9998 -600 0 0 -1 0 1 0 1 0 0 3710.dat
1 4 -230 -47.9998 -480 0 0 -1 0 1 0 1 0 0 3023.dat
1 0 -190 -47.9998 -850 1 0 0 0 1 0 0 0 1 3024.dat
1 0 -190 -55.9998 -840 0 0 1 0 1 0 -1 0 0 2508.dat
1 0 -190 -63.9998 -830 0 0 -1 0 1 0 1 0 0 3623.dat
1 0 -190 -87.9998 -840 0 0 -1 0 1 0 1 0 0 3700.dat
1 0 -140 -8 -760 0 0 -1 0 1 0 1 0 0 3832.dat
1 0 -140 -15.9998 -690 1 0 0 0 1 0 0 0 1 3666.dat
1 0 -100 -7.99975 -680 1 0 0 0 1 0 0 0 1 3022.dat
1 0 -180 -7.99975 -680 1 0 0 0 1 0 0 0 1 3022.dat
1 4 -140 -15.9998 -670 1 0 0 0 1 0 0 0 1 3710.dat
1 4 -140 -39.9998 -670 1 0 0 0 1 0 0 0 1 3700.dat
1 0 -100 -8 -840 1 0 0 0 1 0 0 0 1 2444.dat
1 0 -90 -15.9998 -840 0 0 -1 0 1 0 1 0 0 2508.dat
1 0 -180 -55.9998 -810 1 0 0 0 1 0 0 0 1 3023.dat
1 0 -100 -55.9998 -810 1 0 0 0 1 0 0 0 1 3023.dat
1 0 -90 -47.9998 -850 1 0 0 0 1 0 0 0 1 3024.dat
1 0 -90 -55.9998 -840 0 0 -1 0 1 0 1 0 0 2508.dat
1 0 -90 -63.9998 -830 0 0 -1 0 1 0 1 0 0 3623.dat
1 0 -90 -87.9998 -840 0 0 -1 0 1 0 1 0 0 3700.dat
1 4 -89.9999 -47.9998 -640 0 0 -1 0 1 0 1 0 0 3023.dat
1 4 -70 -55.9998 -650 1 0 0 0 1 0 0 0 1 2450.dat
1 4 -89.9999 -79.9998 -630 0 0 -1 0 1 0 1 0 0 3040b.dat
1 0 -90 -47.9997 -760 0 0 1 0 1 0 -1 0 0 2436a.dat
1 4 -70 -87.9998 -650 1 0 0 0 1 0 0 0 1 2450.dat
1 0 -90 -95.9998 -670 0 0 -1 0 1 0 1 0 0 2420.dat
1 4 -70 -95.9998 -630 -1 0 0 0 1 0 0 0 -1 2420.dat
1 0 -140 -120 -670 1 0 0 0 1 0 0 0 1 3894.dat
1 0 -190 -95.9998 -670 1 0 0 0 1 0 0 0 1 2420.dat
1 4 -210 -87.9998 -650 0 0 1 0 1 0 -1 0 0 2450.dat
1 4 -210 -95.9998 -630 0 0 1 0 1 0 -1 0 0 2420.dat
1 4 -70 -120 -630 1 0 0 0 1 0 0 0 1 3040b.dat
1 4 -210 -120 -630 1 0 0 0 1 0 0 0 1 3040b.dat
1 4 -140 -55.9998 -670 1 0 0 0 1 0 0 0 1 3023.dat
1 4 -140 -79.9998 -670 1 0 0 0 1 0 0 0 1 3894.dat
1 4 -140 -87.9998 -670 -1 0 0 0 1 0 0 0 -1 3710.dat
1 4 -140 -120 -450 1 0 0 0 1 0 0 0 1 3702.dat
1 0 -180 -128 -450 1 0 0 0 1 0 0 0 1 2436a.dat
1 0 -100 -128 -450 1 0 0 0 1 0 0 0 1 2436a.dat
1 0 -190 -87.9998 -480 1 0 0 0 0 -1 0 1 0 3021.dat
1 0 -140 -108 -472 1 0 0 0 0 -1 0 1 0 3795.dat
1 0 -90 -87.9998 -480 1 0 0 0 0 -1 0 1 0 3021.dat
1 0 -210 -108 -472 0 0 1 1 0 0 0 1 0 3023.dat
1 0 -70 -108 -472 0 0 -1 -1 0 0 0 1 0 3023.dat
1 4 -140 -79.9998 -450 1 0 0 0 1 0 0 0 1 3702.dat
1 4 -50 -79.9998 -540 0 0 -1 0 1 0 1 0 0 2730.dat
1 4 -50 -87.9998 -600 0 0 -1 0 1 0 1 0 0 88072.dat
1 4 -49.9999 -87.9998 -520 0 0 -1 0 1 0 1 0 0 3023.dat
1 4 -50 -87.9998 -560.006 0 0 -1 0 1 0 1 0 0 3069b.dat
1 4 -49.9999 -87.9998 -450 -1 0 0 0 1 0 0 0 -1 2420.dat
1 4 -49.9999 -120 -460 0 0 1 0 1 0 -1 0 0 28670.dat
1 4 -49.9999 -95.9998 -450 0 0 -1 0 1 0 1 0 0 3024.dat
1 0 -140 -55.9998 -490 1 0 0 0 1 0 0 0 1 4477.dat
1 0 -60 -55.9998 -470 1 0 0 0 1 0 0 0 1 3023.dat
1 0 -140 -8 -870 1 0 0 0 1 0 0 0 1 4262.dat
1 0 -160 0.000248849 -860 1 0 0 0 1 0 0 0 1 3022.dat
1 0 -120 0.000249594 -860 1 0 0 0 1 0 0 0 1 3022.dat
1 0 -139.757 -15.9998 -870 1 0 0 0 1 0 0 0 1 2436a.dat
1 1 -109.757 -15.9998 -870 1 0 0 0 1 0 0 0 1 6141.dat
1 1 -169.757 -15.9998 -870 1 0 0 0 1 0 0 0 1 6141.dat
1 0 -99.7575 -5.99976 -892 1 0 0 0 0 -1 0 1 0 2431.dat
1 0 -179.757 -5.99976 -892 1 0 0 0 0 -1 0 1 0 2431.dat
1 0 -170 -23.9998 -870 1 0 0 0 1 0 0 0 1 2420.dat
1 0 -109.758 -23.9998 -870 0 0 -1 0 1 0 1 0 0 2420.dat
1 4 -110 -47.9998 -670 1 0 0 0 1 0 0 0 1 3623.dat
1 4 -170 -47.9998 -670 1 0 0 0 1 0 0 0 1 3623.dat
1 4 -230 -79.9998 -540 0 0 -1 0 1 0 1 0 0 2730.dat
1 4 -230 -87.9998 -600 0 0 1 0 1 0 -1 0 0 88072.dat
1 4 -230 -87.9998 -520 0 0 -1 0 1 0 1 0 0 3023.dat
1 4 -230 -87.9998 -560.006 0 0 -1 0 1 0 1 0 0 3069b.dat
1 4 -230 -87.9998 -450 0 0 1 0 1 0 -1 0 0 2420.dat
1 4 -230 -120 -460 0 0 1 0 1 0 -1 0 0 28670.dat
1 4 -230 -95.9998 -450 0 0 -1 0 1 0 1 0 0 3024.dat
1 0 -140 -95.9998 -820 1 0 0 0 1 0 0 0 1 3795.dat
1 0 -160 -87.9998 -810 1 0 0 0 1 0 0 0 1 3023.dat
1 0 -120 -87.9998 -810 1 0 0 0 1 0 0 0 1 3023.dat
1 4 -140 -120 -810 1 0 0 0 1 0 0 0 1 3701.dat
1 7 -140 -79.9998 -810 1 0 0 0 1 0 0 0 1 3701.dat
1 0 -140 -104 -830 1 0 0 0 1 0 0 0 1 2436a.dat
1 4 -140 -112 -830 1 0 0 0 1 0 0 0 1 3794b.dat
1 4 -140 -120 -830 1 0 0 0 1 0 0 0 1 3024.dat
1 0 -70 -128 -610 0 0 1 0 1 0 -1 0 0 2420.dat
1 0 -60 -136 -610 1 0 0 0 1 0 0 0 1 3023.dat
1 4 -100 -120 -610 1 0 0 0 1 0 0 0 1 3894.dat
1 0 -100 -128 -610 1 0 0 0 1 0 0 0 1 3023.dat
1 0 -160 -128 -610 1 0 0 0 1 0 0 0 1 3710.dat
1 0 -140 -95.9998 -610 1 0 0 0 1 0 0 0 1 4477.dat
1 1 -79.9999 -110.5 -600 1 0 0 0 0 -1 0 1 0 6141.dat
1 1 -120 -110.5 -600 1 0 0 0 0 -1 0 1 0 6141.dat
1 4 -200 -120 -610 1 0 0 0 1 0 0 0 1 3701.dat
1 0 -220 -136 -610 1 0 0 0 1 0 0 0 1 3023.dat
1 0 -210 -128 -610 -1 0 0 0 1 0 0 0 -1 2420.dat
1 0 -230 -160 -610 1 0 0 0 1 0 0 0 1 3005.dat
1 0 -50 -160 -610 1 0 0 0 1 0 0 0 1 3005.dat
1 0 -140 -168 -610 1 0 0 0 1 0 0 0 1 4477.dat
1 4 -90 -77.9998 -472 1 0 0 0 0 -1 0 1 0 3794b.dat
1 0 -200 -30.4997 -460 1 0 0 0 0 -1 0 1 0 2780.dat
1 0 -160 -110.5 -800 0 -1 0 0 0 -1 1 0 0 2780.dat
1 7 -192.266 -113.52 -779.989 0.687777 0.725922 0 -0.725922 0.687777 0 0 0 1 2850a.dat
1 8 -167.129 -89.8551 -780 0 0.725922 -0.687777 0 0.687777 0.725922 1 0 0 2851.dat
1 7 -140 -60.4997 -780 -0.734381 0.678738 0 0.678738 0.734381 0 0 0 -1 2852.dat
1 7 -140 -60.4997 -810 0 1 0 1 0 0 0 0 -1 2853.dat
1 0 -140 -60.4997 -780 0 -1 0 0 0 1 -1 0 0 3704.dat
1 8 -140 -70.4997 -760 0 1 0 1 0 0 0 0 -1 2854.dat
1 0 -140 -80.4997 -740 0 -1 0 0 0 1 -1 0 0 3704.dat
1 8 -140 -70.4997 -720 0 -1 0 -1 0 0 0 0 -1 2854.dat
1 7 -140 -70.4997 -700 0 -1 0 -1 0 0 0 0 -1 2853.dat
1 0 -140 -70.4997 -648 0 0 -1 0 1 0 1 0 0 3705.dat
1 7 -140 -70.4997 -608 1 0 0 0 1 0 0 0 1 6538b.dat
1 0 -140 -70.4997 -508 0 0 1 0 1 0 -1 0 0 3737.dat
1 7 -140 -70.4997 -435 1 0 0 0 1 0 0 0 1 6577.dat
1 7 -140 -70.4997 -465 -1 0 0 0 1 0 0 0 -1 6577.dat
1 7 -140 -70.4997 -420 1 0 0 0 1 0 0 0 1 3647.dat
1 7 -140 -60.4997 -780 0.722424 -0.691451 0 0.691451 0.722424 0 0 0 1 2852.dat
1 7 -87.7334 -113.52 -780.011 -0.687777 -0.725922 0 -0.725922 0.687777 0 0 0 -1 2850a.dat
1 8 -112.363 -89.3768 -780 0 -0.725922 0.687777 0 0.687777 0.725922 -1 0 0 2851.dat
1 0 -120 -110.5 -800 0 -1 0 0 0 -1 1 0 0 2780.dat
1 7 -92.4888 -81.4629 -800 0 0 -1 0 -1 0 -1 0 0 4274.dat
1 0 -92.4889 -81.4629 -760 0 0 1 0 1 0 -1 0 0 2780.dat
1 7 -87.7333 -113.52 -740.011 -0.687777 -0.725922 0 -0.725922 0.687777 0 0 0 -1 2850a.dat
1 8 -104.346 -98.5717 -740 0 -0.725922 0.687777 0 0.687777 0.725922 -1 0 0 2851.dat
1 7 -140 -80.4997 -740 0.452296 -0.891868 0 0.891868 0.452296 0 0 0 1 2852.dat
1 0 -120 -110.5 -720 0 0 1 0 1 0 -1 0 0 2780.dat
1 7 -87.7333 -113.52 -700.011 -0.687777 -0.725922 0 -0.725922 0.687777 0 0 0 -1 2850a.dat
1 8 -112.363 -89.3768 -700 0 -0.725922 0.687777 0 0.687777 0.725922 -1 0 0 2851.dat
1 7 -140 -60.4997 -700 0.722424 -0.691451 0 0.691451 0.722424 0 0 0 1 2852.dat
1 0 -92.4888 -81.4629 -720 0 0 1 0 1 0 -1 0 0 2780.dat
1 0 -120 -110.5 -760 0 0 1 0 1 0 -1 0 0 2780.dat
1 7 -140 -60.4997 -700 -0.734381 0.678738 0 0.678738 0.734381 0 0 0 -1 2852.dat
1 7 -192.266 -113.52 -699.989 0.687777 0.725922 0 -0.725922 0.687777 0 0 0 1 2850a.dat
1 8 -167.129 -89.8551 -700 0 0.725922 -0.687777 0 0.687777 0.725922 1 0 0 2851.dat
1 0 -160 -110.5 -720 0 0 1 0 1 0 -1 0 0 2780.dat
1 7 -192.266 -113.52 -739.989 0.687777 0.725922 0 -0.725922 0.687777 0 0 0 1 2850a.dat
1 8 -175.863 -98.1536 -740 0 0.725922 -0.687777 0 0.687777 0.725922 1 0 0 2851.dat
1 0 -187.511 -81.4629 -760 0 0 1 0 1 0 -1 0 0 2780.dat
1 0 -187.511 -81.4629 -720 0 0 1 0 1 0 -1 0 0 2780.dat
1 7 -140 -80.4997 -740 -0.441844 0.897092 0 0.897092 0.441844 0 0 0 -1 2852.dat
1 0 -160 -110.5 -760 0 0 1 0 1 0 -1 0 0 2780.dat
1 7 -187.511 -81.4629 -800 0 0 -1 0 -1 0 -1 0 0 4274.dat
1 0 -220 -30.4997 -480 1 0 0 0 0 -1 0 1 0 2780.dat
1 0 -140 -94.4998 -320 1 0 0 0 1 0 0 0 1 3706.dat
1 0 -140 -70.4998 -390 1 0 0 0 0.995605 0.0936495 0 -0.0936495 0.995605 3707.dat
1 7 -190 -70.4998 -390 0 0 -1 -0.995605 0.0936496 0 0.0936496 0.995605 0 6590.dat
1 7 -170 -70.4998 -390 0 0 -1 -0.995605 0.0936496 0 0.0936496 0.995605 0 6590.dat
1 7 -152 -70.4998 -390 0 0 1 -0.0936469 0.995605 0 -0.995605 -0.0936469 0 3650c.dat
1 4 -190 -77.9998 -472 1 0 0 0 0 -1 0 1 0 3794b.dat
1 7 -110 -83.9998 -852 0 0 1 1 0 0 0 1 0 2412b.dat
1 7 -150 -83.9998 -852 0 0 1 1 0 0 0 1 0 2412b.dat
1 7 -80 1.50027 -840 1 0 0 0 0 1 0 -1 0 4274.dat
1 0 -72 -38.4997 -840 0 -1 0 1 0 0 0 0 1 2711.dat
1 7 -80 -78.4998 -840 1 0 0 0 -1 0 0 0 -1 4274.dat
1 7 -79.9999 -30.4998 -660 1 0 0 0 -1 0 0 0 -1 4274.dat
1 7 -71.5709 -30.4997 -660 0 0 1 -0.757556 0.65277 0 -0.65277 -0.757556 0 4697b.dat
1 7 -60 -30.4998 -560 -1 0 0 0 -1 0 0 0 1 4274.dat
1 7 -67.9999 -50.4998 -560 0 1 0 1 0 0 0 0 -1 3623.dat
1 7 -59.9999 -70.4998 -560 -1 0 0 0 -1 0 0 0 1 4274.dat
1 0 -210 -30.4998 -520 1 0 0 0 0 -1 0 1 0 4519.dat
1 7 -210 -30.4998 -520 0 0 -1 -1 0 0 0 1 0 6590.dat
1 7 -200 -30.4998 -700 -1 0 0 0 -1 0 0 0 1 4274.dat
1 7 -208.429 -30.4997 -700 0 0 1 -0.757556 0.65277 0 -0.65277 -0.757556 0 4697b.dat
1 7 -200 -78.4998 -840 -1 0 0 0 -1 0 0 0 1 4274.dat
1 0 -208 -38.4998 -840 0 1 0 -1 0 0 0 0 1 2711.dat
1 7 -200 1.50024 -840 -1 0 0 0 0 1 0 1 0 4274.dat
1 7 -137 -30.4998 -360 0 0 1 0 1 0 -1 0 0 6589.dat
1 0 -228 -30.4997 -360 1 0 0 0 1 0 0 0 1 3737.dat
1 7 -190 -30.4997 -360 0 0 1 -1 0 0 0 -1 0 6590.dat
1 7 -170 -30.4997 -360 0 0 1 -1 0 0 0 -1 0 6590.dat
1 7 -285 -30.4998 -360 0 0 -1 0 1 0 1 0 0 6577.dat
1 15 -311.75 -30.5 -360 0 0 1 0 1 0 -1 0 0 6595c02.dat
1 8 -120 -30.4998 -360 0 0 1 1 0 0 0 1 0 6573.dat
1 0 -32 -30.4998 -360 1 0 0 0 1 0 0 0 1 3707.dat
1 7 -103 -30.4998 -360 0 0 -1 0 1 0 1 0 0 6589.dat
1 7 5.00003 -30.4998 -360 0 0 1 0 1 0 -1 0 0 6577.dat
1 15 29.75 -30.5 -360 0 0 -1 0 1 0 1 0 0 6595c02.dat
1 7 -120 -12.9997 -360 0.981807 0.189884 0 0 0 -1 -0.189884 0.981807 0 6589.dat
1 0 -80 -30.4997 -460 1 0 0 0 0 -1 0 1 0 2780.dat
1 7 -170 -83.9998 -852 0 0 1 1 0 0 0 1 0 2412b.dat
1 0 -200 -30.4997 -440 1 0 0 0 0 -1 0 1 0 2780.dat
1 0 -80 -30.4998 -440 1 0 0 0 0 -1 0 1 0 2780.dat
1 7 -220 -30.4998 -560 1 0 0 0 -1 0 0 0 -1 4274.dat
1 7 -212 -50.4998 -560 0 -1 0 1 0 0 0 0 1 3623.dat
1 7 -220 -70.4998 -560 1 0 0 0 -1 0 0 0 -1 4274.dat
1 7 -130 -83.9998 -852 0 0 1 1 0 0 0 1 0 2412b.dat
1 0 -70 -30.4997 -520 1 0 0 0 0 -1 0 1 0 4519.dat
1 7 -70 -30.4998 -520 0 0 -1 -1 0 0 0 1 0 6590.dat
1 0 -240 -30.4997 -500 1 0 0 0 0 -1 0 1 0 2780.dat
1 4 -250 -84.4148 -472.011 0 0 1 0.804554 0.59388 0 -0.59388 0.804554 0 3702.dat
1 4 -240 -134.526 -405.191 0 0 -1 -0.804554 0.59388 0 0.59388 0.804554 0 2429.dat
1 4 -240 -134.526 -405.191 0.75471 0 -0.656059 -0.527835 0.593879 -0.607205 0.38962 0.804554 0.448207 2430.dat
1 0 -240 -153.53 -430.937 0 0 -1 -0.804554 0.59388 0 0.59388 0.804554 0 2429.dat
1 0 -240 -153.53 -430.937 0.75471 0 -0.656059 -0.527835 0.593879 -0.607205 0.38962 0.804554 0.448206 2430.dat
1 4 -209.812 -160.39 -396.043 0.75471 0 -0.656059 -0.527835 0.593879 -0.607205 0.38962 0.804554 0.448206 2429.dat
1 4 -209.812 -160.39 -396.043 1 0 0 0 0.59388 -0.804554 0 0.804554 0.59388 2430.dat
1 4 -231.466 -160.657 -405.789 0.75471 0 -0.656059 -0.527835 0.593879 -0.607205 0.38962 0.804554 0.448206 3023.dat
1 0 -209.812 -169.893 -408.915 0.75471 0 -0.656059 -0.527835 0.593879 -0.607205 0.38962 0.804554 0.448206 2429.dat
1 0 -209.812 -169.893 -408.915 1 0 0 0 0.59388 -0.804554 0 0.804554 0.59388 2430.dat
1 4 -179.812 -173.187 -396.54 1 0 0 0 0.59388 -0.804554 0 0.804554 0.59388 3623.dat
1 0 -199.812 -182.689 -409.413 1 0 0 0 0.59388 -0.804554 0 0.804554 0.59388 3024.dat
1 4 -69.7257 -160.811 -395.732 0.999986 0 -0.00523614 -0.00421269 0.59388 -0.804543 0.00310973 0.804554 0.593871 2429.dat
1 4 -69.7258 -160.811 -395.732 0.743145 0 0.669131 0.538352 0.59388 -0.5979 -0.397383 0.804554 0.441339 2430.dat
1 4 -109.778 -173.439 -396.354 0.999986 0 -0.00523614 -0.00421269 0.59388 -0.804543 0.00310973 0.804554 0.593872 3710.dat
1 4 -139.777 -168.562 -390.011 0.999986 0 -0.00523614 -0.00421269 0.59388 -0.804543 0.00310973 0.804554 0.593872 3623.dat
1 0 -69.7257 -170.313 -408.605 0.999986 0 -0.00523614 -0.00421269 0.59388 -0.804543 0.00310973 0.804554 0.593872 2429.dat
1 0 -69.7258 -170.313 -408.605 0.743145 0 0.669131 0.538352 0.593879 -0.5979 -0.397383 0.804554 0.441339 2430.dat
1 0 -119.777 -178.148 -402.822 0.999986 0 -0.00523614 -0.00421269 0.59388 -0.804543 0.00310973 0.804554 0.593872 3024.dat
1 0 -129.777 -182.857 -409.289 0.999986 0 -0.00523614 -0.00421269 0.59388 -0.804543 0.00310973 0.804554 0.593872 3666.dat
1 0 -149.777 -178.022 -402.915 0.999986 0 -0.00523614 -0.00421269 0.59388 -0.804543 0.00310973 0.804554 0.593872 3023.dat
1 4 -40 -134.526 -405.191 0.743145 0 0.669131 0.538352 0.59388 -0.5979 -0.397383 0.804554 0.441339 2429.dat
1 4 -40 -134.526 -405.191 0 0 1 0.804554 0.59388 0 -0.59388 0.804554 0 2430.dat
1 4 -48.1716 -160.774 -405.703 0.743145 0 0.669131 0.538352 0.59388 -0.5979 -0.397383 0.804554 0.441339 3023.dat
1 0 -40 -153.53 -430.937 0.743145 0 0.669131 0.538352 0.59388 -0.5979 -0.397383 0.804554 0.441339 2429.dat
1 0 -40 -153.53 -430.937 0 0 1 0.804554 0.59388 0 -0.59388 0.804554 0 2430.dat
1 4 -30 -84.4149 -472.011 0 0 1 0.804554 0.59388 0 -0.59388 0.804554 0 3702.dat
1 0 -40 -30.4997 -500 1 0 0 0 0 -1 0 1 0 2780.dat
1 4 -210 -79.9997 -410 0 0 -1 0 1 0 1 0 0 4287c.dat
1 4 -190 -87.9997 -410 1 0 0 0 1 0 0 0 1 3623.dat
1 7 -79.9999 -30.4998 -680 1 0 0 0 -1 0 0 0 -1 4274.dat
1 7 -71.5709 -30.4998 -680 0 0 1 -0.757556 0.65277 0 -0.65277 -0.757556 0 4697b.dat
1 0 -60 -30.4997 -480 1 0 0 0 0 -1 0 1 0 2780.dat
1 7 -200 -30.4998 -680 -1 0 0 0 -1 0 0 0 1 4274.dat
1 7 -208.429 -30.4997 -680 0 0 1 -0.757556 0.65277 0 -0.65277 -0.757556 0 4697b.dat
1 7 -200 -30.4998 -660 -1 0 0 0 -1 0 0 0 1 4274.dat
1 7 -208.429 -30.4997 -660 0 0 1 -0.757556 0.65277 0 -0.65277 -0.757556 0 4697b.dat
1 0 -0.0499636 -31.9998 -840 0 0 -1 0 -1 0 -1 0 0 6571.dat
1 0 -1.08775 -31.9998 -864.734 -0.162262 0 0.986748 0.986748 0 0.162262 0 1 0 6644k01.dat
1 0 -1.08775 -31.9998 -864.734 -0.162262 0 0.986748 0.986748 0 0.162262 0 1 0 6644k02.dat
1 8 20.2 -31.9998 -840 -1 0 0 0 1 0 0 0 -1 6587.dat
1 15 31.95 -32 -840 0 0 -1 0 1 0 1 0 0 6595c02.dat
1 0 -279.95 -31.9998 -840 0 0 1 0 1 0 -1 0 0 6571.dat
1 0 -278.912 -31.9998 -864.734 -0.162262 0 -0.986748 -0.986748 0 0.162262 0 1 0 6644k01.dat
1 0 -278.912 -31.9998 -864.734 -0.162262 0 -0.986748 -0.986748 0 0.162262 0 1 0 6644k02.dat
1 8 -300.2 -31.9998 -840 1 0 0 0 1 0 0 0 1 6587.dat
1 15 -313.95 -32 -840 0 0 1 0 1 0 -1 0 0 6595c02.dat
1 7 -80 -30.4997 -700 1 0 0 0 -1 0 0 0 -1 4274.dat
1 7 -71.5709 -30.4997 -700 0 0 1 -0.757556 0.65277 0 -0.65277 -0.757556 0 4697b.dat
1 0 -99.9999 -110.5 -630 -0.00872709 0 -0.999962 -0.999962 0 0.00872712 0 1 0 32006.dat
1 0 -99.9999 -110.5 -620 0 0.0087272 -0.999962 0 0.999962 0.0087272 1 0 0 3706.dat
1 7 -100 -110.5 -590 0 1 0 -1 0 0 0 0 1 6590.dat
1 0 -99.9999 -110.5 -650 0.00872716 0 -0.999962 0.999962 0 0.00872716 0 -1 0 32006.dat
1 0 -159.998 -109.976 -640 0 -0.0087315 -0.999962 0 -0.999962 0.0087315 -1 0 0 3704.dat
1 7 -159.998 -109.976 -635 1 0 0 0 1 0 0 0 1 6577.dat
1 7 -99.9999 -110.5 -556 -0.999962 -1.67983e-005 -0.00871783 0.00871783 0 -0.999962 1.68005e-005 -1 0 2819.dat
1 4 -166.296 -60.2702 -640 -0.123473 0 0.992348 0.992348 0 0.123473 0 1 0 4263.dat
1 4 -163.856 -79.8765 -648 -0.123473 0 0.992348 0.992348 0 0.123473 0 1 0 4263.dat
1 0 -140 -50.4997 -870 0 0 1 0 1 0 -1 0 0 3704.dat
1 8 -140 -40.4998 -850 0 -1 0 -1 0 0 0 0 -1 2854.dat
1 0 -140 -30.4997 -750 0 0 -1 0 1 0 1 0 0 3737.dat
1 7 -140 -30.4997 -810 0 -1 0 -1 0 0 0 0 -1 6590.dat
1 7 -150 -30.4998 -655 0 -1 0 1 0 0 0 0 1 6575b.dat
1 0 -170 -30.4997 -642 0 0 1 0 1 0 -1 0 0 3704.dat
1 7 -170 -30.4997 -645 -1 0 0 0 1 0 0 0 -1 6577.dat
1 7 -170 -30.4997 -627 1 0 0 0 1 0 0 0 1 6577.dat
1 7 -140 -30.4997 -690 0 1 0 -1 0 0 0 0 1 6590.dat
1 7 -140 -50.4997 -875 -1 0 0 0 1 0 0 0 -1 6577.dat
1 8 -140 -50.4997 -865 0 0 1 1 0 0 0 1 0 6642.dat
1 7 -162.471 -52.633 -865 -0.984808 0 0.173648 0.173648 0 0.984808 0 1 0 342c01.dat
1 8 -169.944 -50.872 -865.648 0.0301537 -0.984808 0.17101 0.17101 0.173648 0.969847 -0.984808 0 0.173648 76250.dat
1 8 -109.944 -50.872 -865.648 -0.0301537 0.984808 -0.17101 0.17101 0.173648 0.969847 0.984808 0 -0.173648 76250.dat
1 7 -117.471 -52.633 -865 0.984808 0 -0.173648 0.173648 0 0.984808 0 -1 0 342c01.dat
1 0 -250 -93.9998 -606 1 0 0 0 0 1 0 -1 0 2555.dat
1 0 -250 -93.9998 -614 1 0 0 0 0 1 0 -1 0 6141.dat
1 0 -30 -93.9998 -606 1 0 0 0 0 1 0 -1 0 2555.dat
1 0 -30 -93.9998 -614 1 0 0 0 0 1 0 -1 0 6141.dat
1 0 -240 -110.955 -440.612 1 0 0 0 1 0 0 0 1 2780.dat
1 0 -40 -110.955 -440.612 1 0 0 0 1 0 0 0 1 2780.dat
0 MLCAD FLEXHOSE 7 -5 0 0 1 0 0 0 1 0 0 0 1  -90 -31 -780  -60 0 0 -65 -29 -703 0 -60 60 150 ls21.dat ls21.dat 0
0 MLCAD SKIP_BEGIN
1 7 -95 -31 -780 -0.0011924 -0.99999 0.00432155 0 -0.00432156 -0.999991 0.999999 -0.00119238 5.153e-006 LS21.dat
1 7 -94.254 -30.9968 -779.999 -0.00366193 -0.999907 0.0131586 0 -0.0131587 -0.999913 0.999993 -0.00366162 4.81861e-005 LS21.dat
1 7 -93.5023 -30.9869 -779.996 -0.00627021 -0.999731 0.0223132 0 -0.0223136 -0.999751 0.99998 -0.00626865 0.000139911 LS21.dat
1 7 -92.745 -30.97 -779.992 -0.00902706 -0.999454 0.0317985 0 -0.0317998 -0.999494 0.999959 -0.0090225 0.000287059 LS21.dat
1 7 -91.9824 -30.9457 -779.985 -0.0119431 -0.999062 0.0416279 0 -0.0416309 -0.999133 0.999929 -0.0119328 0.000497203 LS21.dat
1 7 -91.2148 -30.9137 -779.976 -0.0150299 -0.998544 0.051815 0 -0.0518209 -0.998656 0.999887 -0.0150098 0.000778865 LS21.dat
1 7 -90.4425 -30.8737 -779.964 -0.0183 -0.997885 0.0623738 0 -0.0623842 -0.998052 0.999833 -0.0182644 0.00114163 LS21.dat
1 7 -89.6659 -30.8251 -779.95 -0.021767 -0.997071 0.0733181 0 -0.0733355 -0.997307 0.999763 -0.0217084 0.00159629 LS21.dat
1 7 -88.8852 -30.7677 -779.933 -0.0254455 -0.996085 0.084662 0 -0.0846894 -0.996407 0.999676 -0.0253541 0.00215497 LS21.dat
1 7 -88.101 -30.701 -779.913 -0.0293517 -0.994908 0.0964193 0 -0.0964609 -0.995337 0.999569 -0.0292148 0.00283129 LS21.dat
1 7 -87.3136 -30.6247 -779.89 -0.0335028 -0.99352 0.108604 0 -0.108665 -0.994078 0.999439 -0.0333045 0.00364057 LS21.dat
1 7 -86.5235 -30.5382 -779.863 -0.037918 -0.9919 0.121228 0 -0.121315 -0.992614 0.999281 -0.0376379 0.00460003 LS21.dat
1 7 -85.7311 -30.4413 -779.833 -0.0426178 -0.990023 0.134305 0 -0.134427 -0.990924 0.999091 -0.0422309 0.00572896 LS21.dat
1 7 -84.9372 -30.3335 -779.799 -0.0476245 -0.987863 0.147845 0 -0.148013 -0.988985 0.998865 -0.0471 0.00704904 LS21.dat
1 7 -84.1421 -30.2144 -779.761 -0.0529627 -0.985392 0.161859 0 -0.162087 -0.986777 0.998596 -0.0522624 0.00858455 LS21.dat
1 7 -83.3465 -30.0835 -779.719 -0.058659 -0.982577 0.176355 0 -0.176659 -0.984272 0.998278 -0.0577364 0.0103627 LS21.dat
1 7 -82.5512 -29.9405 -779.672 -0.0647422 -0.979386 0.19134 0 -0.191742 -0.981445 0.997902 -0.063541 0.0124138 LS21.dat
1 7 -81.7566 -29.785 -779.621 -0.071244 -0.975783 0.206815 0 -0.207342 -0.978268 0.997459 -0.0696958 0.0147719 LS21.dat
1 7 -80.9637 -29.6165 -779.564 -0.0781988 -0.971727 0.222783 0 -0.223467 -0.974711 0.996938 -0.0762212 0.0174748 LS21.dat
1 7 -80.1732 -29.4347 -779.502 -0.0856438 -0.967177 0.239237 0 -0.24012 -0.970743 0.996326 -0.0831381 0.0205648 LS21.dat
1 7 -79.3857 -29.2392 -779.435 -0.0936199 -0.962087 0.256171 0 -0.257301 -0.966331 0.995608 -0.0904678 0.0240885 LS21.dat
1 7 -78.6023 -29.0297 -779.361 -0.102171 -0.956411 0.273567 0 -0.275007 -0.961442 0.994767 -0.0982317 0.0280977 LS21.dat
1 7 -77.8237 -28.8058 -779.281 -0.111346 -0.950097 0.291406 0 -0.293229 -0.956042 0.993782 -0.106451 0.0326499 LS21.dat
1 7 -77.0509 -28.5673 -779.194 -0.121196 -0.943093 0.309657 0 -0.311957 -0.950096 0.992629 -0.115148 0.0378079 LS21.dat
1 7 -76.2848 -28.3139 -779.101 -0.131778 -0.935343 0.328281 0 -0.331169 -0.943571 0.991279 -0.124342 0.0436407 LS21.dat
1 7 -75.5262 -28.0453 -779 -0.143153 -0.92679 0.347228 0 -0.350841 -0.936435 0.989701 -0.134053 0.0502238 LS21.dat
1 7 -74.7763 -27.7614 -778.891 -0.155386 -0.917377 0.366436 0 -0.370941 -0.928656 0.987854 -0.1443 0.0576389 LS21.dat
1 7 -74.036 -27.4621 -778.775 -0.168547 -0.907044 0.385828 0 -0.391428 -0.920209 0.985694 -0.155098 0.0659739 LS21.dat
1 7 -73.3062 -27.1471 -778.65 -0.182712 -0.895734 0.405312 0 -0.412251 -0.91107 0.983166 -0.166463 0.0753233 LS21.dat
1 7 -72.5879 -26.8166 -778.517 -0.19796 -0.883389 0.424778 0 -0.433354 -0.901224 0.98021 -0.178406 0.0857866 LS21.dat
1 7 -71.8823 -26.4704 -778.374 -0.214374 -0.869955 0.444097 0 -0.454667 -0.890661 0.976752 -0.190934 0.0974686 LS21.dat
1 7 -71.1902 -26.1087 -778.222 -0.23204 -0.855382 0.463118 0 -0.476113 -0.879384 0.972706 -0.204052 0.110477 LS21.dat
1 7 -70.5127 -25.7316 -778.061 -0.251048 -0.839626 0.481667 0 -0.497603 -0.867405 0.967975 -0.21776 0.124922 LS21.dat
1 7 -69.8507 -25.3393 -777.889 -0.271485 -0.822648 0.499545 0 -0.519039 -0.854751 0.962443 -0.232052 0.140911 LS21.dat
1 7 -69.2051 -24.9319 -777.707 -0.293439 -0.80442 0.516529 0 -0.540314 -0.841463 0.955978 -0.246918 0.158549 LS21.dat
1 7 -68.5769 -24.51 -777.514 -0.316989 -0.784923 0.532366 0 -0.561313 -0.827603 0.948429 -0.262342 0.17793 LS21.dat
1 7 -67.9669 -24.0738 -777.31 -0.342208 -0.76415 0.546779 0 -0.581913 -0.813251 0.939624 -0.278301 0.199136 LS21.dat
1 7 -67.376 -23.6238 -777.095 -0.369151 -0.742108 0.559467 0 -0.601985 -0.798507 0.929369 -0.29477 0.222224 LS21.dat
1 7 -66.8048 -23.1605 -776.868 -0.397851 -0.718817 0.570102 0 -0.621398 -0.783495 0.91745 -0.311714 0.247224 LS21.dat
1 7 -66.2542 -22.6845 -776.629 -0.428309 -0.694315 0.578342 0 -0.640019 -0.768359 0.903632 -0.329095 0.274126 LS21.dat
1 7 -65.7248 -22.1964 -776.378 -0.460487 -0.668651 0.58383 0 -0.657713 -0.753268 0.887666 -0.346871 0.302869 LS21.dat
1 7 -65.2172 -21.6971 -776.115 -0.494297 -0.641894 0.586211 0 -0.674353 -0.738409 0.869293 -0.364993 0.333331 LS21.dat
1 7 -64.7318 -21.1872 -775.839 -0.529587 -0.614125 0.585139 0 -0.689815 -0.723986 0.848256 -0.383413 0.365317 LS21.dat
1 7 -64.2692 -20.6675 -775.55 -0.566135 -0.58544 0.580302 0 -0.703983 -0.710217 0.824313 -0.402078 0.39855 LS21.dat
1 7 -63.8296 -20.139 -775.248 -0.603642 -0.555948 0.571436 0 -0.716753 -0.697327 0.797256 -0.420936 0.432662 LS21.dat
1 7 -63.4135 -19.6026 -774.933 -0.641727 -0.525766 0.558352 0 -0.728032 -0.685543 0.766933 -0.439931 0.467198 LS21.dat
1 7 -63.0211 -19.0591 -774.605 -0.679935 -0.49502 0.540965 0 -0.737741 -0.675084 0.733272 -0.459013 0.501616 LS21.dat
1 7 -62.6524 -18.5097 -774.263 -0.71775 -0.463843 0.519312 0 -0.745815 -0.666153 0.696301 -0.478131 0.535309 LS21.dat
1 7 -62.3076 -17.9552 -773.908 -0.754614 -0.432369 0.493573 0 -0.752205 -0.658929 0.656169 -0.497238 0.567625 LS21.dat
1 7 -61.9866 -17.3968 -773.539 -0.789963 -0.400732 0.464081 0 -0.756876 -0.653559 0.613154 -0.516288 0.597904 LS21.dat
1 7 -61.6895 -16.8356 -773.156 -0.82326 -0.369066 0.431316 0 -0.759807 -0.650148 0.567665 -0.535241 0.625519 LS21.dat
1 7 -61.416 -16.2725 -772.759 -0.85403 -0.3375 0.395887 0 -0.760993 -0.64876 0.520224 -0.55406 0.649911 LS21.dat
1 7 -61.1659 -15.7088 -772.349 -0.881899 -0.306156 0.358501 0 -0.760439 -0.649409 0.471439 -0.572713 0.670631 LS21.dat
1 7 -60.9391 -15.1454 -771.924 -0.906611 -0.27515 0.319919 0 -0.758162 -0.652066 0.421967 -0.59117 0.687359 LS21.dat
1 7 -60.7352 -14.5835 -771.486 -0.928043 -0.244588 0.280916 0 -0.754189 -0.656658 0.372474 -0.609406 0.699919 LS21.dat
1 7 -60.5538 -14.0241 -771.034 -0.946196 -0.214568 0.242228 0 -0.748552 -0.663076 0.323595 -0.627399 0.708277 LS21.dat
1 7 -60.3945 -13.4684 -770.568 -0.961187 -0.185177 0.204521 0 -0.741295 -0.67118 0.275897 -0.645129 0.712523 LS21.dat
1 7 -60.2568 -12.9174 -770.089 -0.973223 -0.156493 0.168366 0 -0.732461 -0.680809 0.229863 -0.662579 0.712848 LS21.dat
1 7 -60.1403 -12.3721 -769.596 -0.982574 -0.128585 0.13422 0 -0.722102 -0.691786 0.185873 -0.679731 0.709519 LS21.dat
1 7 -60.0445 -11.8336 -769.089 -0.989548 -0.101511 0.102426 0 -0.71027 -0.70393 0.144207 -0.696572 0.702846 LS21.dat
1 7 -59.9686 -11.3029 -768.568 -0.994467 -0.0753235 0.0732188 0 -0.697018 -0.717054 0.105046 -0.713087 0.693162 LS21.dat
1 7 -59.9122 -10.781 -768.034 -0.997652 -0.0500641 0.0467373 0 -0.682403 -0.730977 0.0684893 -0.72926 0.6808 LS21.dat
1 7 -59.8746 -10.2689 -767.487 -0.999402 -0.0257685 0.0230364 0 -0.66648 -0.745523 0.0345643 -0.745077 0.666082 LS21.dat
1 7 -59.8552 -9.76747 -766.926 -0.999995 -0.00246588 0.00210527 0 -0.649307 -0.760526 0.00324233 -0.760522 0.649304 LS21.dat
1 7 -59.8534 -9.27767 -766.353 -0.999674 0.0198204 -0.0161188 0 -0.63094 -0.775832 -0.0255473 -0.775578 0.630734 LS21.dat
1 7 -59.8684 -8.80038 -765.766 -0.998652 0.041072 -0.0317366 0 -0.611437 -0.791293 -0.0519049 -0.790227 0.610612 LS21.dat
1 7 -59.8995 -8.33648 -765.166 -0.997112 0.0612753 -0.0448757 0 -0.590854 -0.806778 -0.0759506 -0.804448 0.589147 LS21.dat
1 7 -59.9462 -7.88678 -764.554 -0.995205 0.0804204 -0.0556815 0 -0.569251 -0.822164 -0.0978155 -0.818221 0.566521 LS21.dat
1 7 -60.0076 -7.45209 -763.929 -0.993057 0.0985009 -0.0643097 0 -0.546685 -0.837338 -0.117636 -0.831525 0.542889 LS21.dat
1 7 -60.0831 -7.03319 -763.292 -0.990771 0.115514 -0.0709209 0 -0.523216 -0.8522 -0.135548 -0.844335 0.518388 LS21.dat
1 7 -60.1719 -6.63081 -762.643 -0.988429 0.131459 -0.0756768 0 -0.498907 -0.866656 -0.151685 -0.856627 0.493134 LS21.dat
1 7 -60.2734 -6.24565 -761.982 -0.986096 0.146339 -0.0787373 0 -0.473818 -0.880623 -0.166176 -0.868379 0.46723 LS21.dat
1 7 -60.3868 -5.87839 -761.309 -0.983823 0.160158 -0.0802584 0 -0.448015 -0.894026 -0.179142 -0.879564 0.440767 LS21.dat
1 7 -60.5115 -5.52967 -760.624 -0.981649 0.172924 -0.080391 0 -0.421563 -0.906799 -0.190698 -0.890158 0.413827 LS21.dat
1 7 -60.6467 -5.20009 -759.928 -0.979602 0.184648 -0.0792802 0 -0.39453 -0.918883 -0.200948 -0.900139 0.386483 LS21.dat
1 7 -60.7917 -4.89021 -759.221 -0.977703 0.195341 -0.0770647 0 -0.366987 -0.930226 -0.209993 -0.909485 0.358804 LS21.dat
1 7 -60.9459 -4.60058 -758.503 -0.975966 0.205019 -0.0738768 0 -0.339004 -0.940785 -0.217923 -0.918174 0.330856 LS21.dat
1 7 -61.1085 -4.33168 -757.775 -0.9744 0.213699 -0.069842 0 -0.310654 -0.950523 -0.224822 -0.926189 0.302701 LS21.dat
1 7 -61.2789 -4.08397 -757.036 -0.973009 0.221401 -0.0650794 0 -0.282012 -0.959411 -0.230768 -0.933515 0.274401 LS21.dat
1 7 -61.4564 -3.85786 -756.288 -0.971794 0.228149 -0.0597012 0 -0.253153 -0.967426 -0.23583 -0.940139 0.246013 LS21.dat
1 7 -61.6404 -3.65375 -755.53 -0.970754 0.233966 -0.0538133 0 -0.224152 -0.974554 -0.240075 -0.946053 0.217596 LS21.dat
1 7 -61.8301 -3.47195 -754.763 -0.969885 0.238883 -0.047515 0 -0.195083 -0.980787 -0.243562 -0.951251 0.189209 LS21.dat
1 7 -62.025 -3.31276 -753.986 -0.969182 0.242927 -0.040899 0 -0.166022 -0.986122 -0.246346 -0.955732 0.160906 LS21.dat
1 7 -62.2245 -3.17645 -753.202 -0.968638 0.246133 -0.0340518 0 -0.137042 -0.990565 -0.248478 -0.959499 0.132744 LS21.dat
1 7 -62.4279 -3.0632 -752.409 -0.968245 0.248535 -0.0270534 0 -0.108212 -0.994128 -0.250003 -0.962559 0.104776 LS21.dat
1 7 -62.6346 -2.97319 -751.608 -0.967996 0.25017 -0.0199775 0 -0.0796023 -0.996827 -0.250967 -0.964924 0.0770547 LS21.dat
1 7 -62.8441 -2.90654 -750.8 -0.967881 0.251076 -0.0128915 0 -0.0512772 -0.998684 -0.251407 -0.966608 0.0496303 LS21.dat
1 7 -63.0557 -2.86331 -749.985 -0.967893 0.251294 -0.00585637 0 -0.0232986 -0.999729 -0.251362 -0.96763 0.0225505 LS21.dat
1 7 -63.269 -2.84354 -749.164 -0.968022 0.250863 0.00107278 0 0.0042763 -0.999991 -0.250866 -0.968013 -0.00413956 LS21.dat
1 7 -63.4834 -2.84719 -748.337 -0.968259 0.249827 0.00784703 0 0.0313945 -0.999507 -0.24995 -0.967782 -0.030398 LS21.dat
1 7 -63.6984 -2.87421 -747.504 -0.968595 0.248226 0.0144233 0 0.0580078 -0.998316 -0.248644 -0.966964 -0.0561861 LS21.dat
1 7 -63.9135 -2.92447 -746.666 -0.969021 0.246103 0.0207642 0 0.0840734 -0.99646 -0.246978 -0.96559 -0.0814689 LS21.dat
1 7 -64.1282 -2.99782 -745.824 -0.969529 0.243501 0.0268379 0 0.109553 -0.993981 -0.244976 -0.963694 -0.106215 LS21.dat
1 7 -64.3421 -3.09405 -744.977 -0.970111 0.240461 0.0326175 0 0.134415 -0.990925 -0.242663 -0.961307 -0.130397 LS21.dat
1 7 -64.5547 -3.2129 -744.127 -0.970757 0.237023 0.0380814 0 0.158631 -0.987338 -0.240063 -0.958466 -0.153992 LS21.dat
1 7 -64.7657 -3.35407 -743.274 -0.971461 0.233228 0.0432124 0 0.182179 -0.983265 -0.237197 -0.955204 -0.17698 LS21.dat
1 7 -64.9745 -3.51723 -742.419 -0.972216 0.229113 0.0479976 0 0.205042 -0.978753 -0.234087 -0.951559 -0.199345 LS21.dat
1 7 -65.181 -3.70199 -741.561 -0.973013 0.224716 0.0524281 0 0.227206 -0.973847 -0.230751 -0.947565 -0.221075 LS21.dat
1 7 -65.3847 -3.90794 -740.702 -0.973846 0.220072 0.0564987 0 0.248665 -0.96859 -0.227209 -0.943257 -0.242161 LS21.dat
1 7 -65.5853 -4.1346 -739.843 -0.974709 0.215214 0.0602074 0 0.269412 -0.963025 -0.223477 -0.938669 -0.262599 LS21.dat
1 7 -65.7825 -4.38149 -738.982 -0.975596 0.210173 0.0635551 0 0.28945 -0.957193 -0.219572 -0.933834 -0.282386 LS21.dat
1 7 -65.9761 -4.64807 -738.122 -0.976501 0.20498 0.0665454 0 0.308779 -0.951134 -0.215511 -0.928783 -0.301523 LS21.dat
1 7 -66.1657 -4.93379 -737.263 -0.977419 0.199662 0.0691838 0 0.327407 -0.944883 -0.211308 -0.923547 -0.320014 LS21.dat
1 7 -66.3513 -5.23805 -736.405 -0.978346 0.194244 0.0714782 0 0.345342 -0.938477 -0.206978 -0.918155 -0.337864 LS21.dat
1 7 -66.5325 -5.56024 -735.548 -0.979275 0.18875 0.0734379 0 0.362596 -0.931946 -0.202534 -0.912632 -0.355082 LS21.dat
1 7 -66.7092 -5.89973 -734.694 -0.980204 0.183203 0.0750735 0 0.379182 -0.925322 -0.197988 -0.907005 -0.371676 LS21.dat
1 7 -66.8813 -6.25586 -733.842 -0.981129 0.17762 0.0763968 0 0.395115 -0.918631 -0.193353 -0.901296 -0.387659 LS21.dat
1 7 -67.0486 -6.62795 -732.993 -0.982046 0.172022 0.0774205 0 0.410412 -0.9119 -0.188641 -0.895528 -0.403044 LS21.dat
1 7 -67.2109 -7.01533 -732.148 -0.982952 0.166423 0.0781578 0 0.42509 -0.905151 -0.183862 -0.88972 -0.417843 LS21.dat
1 7 -67.3683 -7.4173 -731.306 -0.983844 0.160838 0.0786226 0 0.439168 -0.898405 -0.179026 -0.88389 -0.432073 LS21.dat
1 7 -67.5206 -7.83315 -730.469 -0.98472 0.155281 0.0788289 0 0.452665 -0.89168 -0.174144 -0.878056 -0.445749 LS21.dat
1 7 -67.6678 -8.26218 -729.637 -0.985578 0.149762 0.0787908 0 0.465601 -0.884995 -0.169224 -0.872231 -0.458886 LS21.dat
1 7 -67.8098 -8.70368 -728.81 -0.986415 0.144293 0.0785226 0 0.477996 -0.878362 -0.164275 -0.866429 -0.471502 LS21.dat
1 7 -67.9466 -9.15695 -727.988 -0.98723 0.138881 0.0780383 0 0.489869 -0.871796 -0.159304 -0.860663 -0.483613 LS21.dat
1 7 -68.0783 -9.62128 -727.173 -0.988021 0.133535 0.0773518 0 0.501241 -0.865308 -0.154321 -0.854942 -0.495237 LS21.dat
1 7 -68.2047 -10.096 -726.363 -0.988787 0.128261 0.0764768 0 0.512132 -0.858907 -0.14933 -0.849276 -0.506389 LS21.dat
1 7 -68.326 -10.5803 -725.56 -0.989528 0.123064 0.0754263 0 0.522561 -0.852602 -0.14434 -0.843674 -0.517089 LS21.dat
1 7 -68.4422 -11.0737 -724.763 -0.990242 0.11795 0.0742134 0 0.532547 -0.8464 -0.139355 -0.838141 -0.527351 LS21.dat
1 7 -68.5533 -11.5754 -723.974 -0.990929 0.112923 0.0728503 0 0.542111 -0.840307 -0.134383 -0.832685 -0.537193 LS21.dat
1 7 -68.6594 -12.0848 -723.191 -0.991589 0.107985 0.071349 0 0.551269 -0.834328 -0.129427 -0.82731 -0.546632 LS21.dat
1 7 -68.7606 -12.6012 -722.416 -0.992221 0.103138 0.0697209 0 0.560039 -0.828466 -0.124493 -0.822021 -0.555682 LS21.dat
1 7 -68.8569 -13.124 -721.649 -0.992824 0.0983854 0.0679768 0 0.56844 -0.822725 -0.119585 -0.816821 -0.564361 LS21.dat
1 7 -68.9484 -13.6527 -720.889 -0.993399 0.0937277 0.066127 0 0.576487 -0.817106 -0.114707 -0.811713 -0.572682 LS21.dat
1 7 -69.0352 -14.1866 -720.137 -0.993947 0.0891659 0.0641815 0 0.584197 -0.811612 -0.109863 -0.806699 -0.580661 LS21.dat
1 7 -69.1174 -14.7252 -719.394 -0.994466 0.0847003 0.0621495 0 0.591586 -0.806242 -0.105056 -0.80178 -0.588313 LS21.dat
1 7 -69.1951 -15.2679 -718.658 -0.994958 0.0803311 0.0600398 0 0.598668 -0.800997 -0.100289 -0.796959 -0.59565 LS21.dat
1 7 -69.2684 -15.8142 -717.931 -0.995423 0.076058 0.0578606 0 0.605458 -0.795877 -0.095565 -0.792235 -0.602687 LS21.dat
1 7 -69.3374 -16.3636 -717.212 -0.995861 0.0718804 0.0556196 0 0.611969 -0.790882 -0.0908863 -0.787609 -0.609436 LS21.dat
1 7 -69.4022 -16.9156 -716.502 -0.996273 0.0677974 0.0533241 0 0.618214 -0.78601 -0.0862551 -0.78308 -0.61591 LS21.dat
1 7 -69.463 -17.4698 -715.8 -0.996659 0.0638081 0.050981 0 0.624206 -0.78126 -0.0816733 -0.778649 -0.622121 LS21.dat
1 7 -69.5198 -18.0257 -715.106 -0.99702 0.0599112 0.0485966 0 0.629958 -0.77663 -0.0771426 -0.774315 -0.62808 LS21.dat
1 7 -69.5728 -18.5829 -714.421 -0.997356 0.0561055 0.0461767 0 0.635479 -0.772118 -0.0726644 -0.770077 -0.633799 LS21.dat
1 7 -69.6221 -19.1411 -713.745 -0.997669 0.0523894 0.0437269 0 0.640782 -0.767723 -0.0682399 -0.765934 -0.639288 LS21.dat
1 7 -69.6678 -19.6997 -713.077 -0.997958 0.0487613 0.0412522 0 0.645876 -0.763443 -0.0638702 -0.761884 -0.644557 LS21.dat
1 7 -69.71 -20.2585 -712.418 -0.998225 0.0452195 0.0387575 0 0.650771 -0.759274 -0.0595563 -0.757926 -0.649616 LS21.dat
1 7 -69.7488 -20.8172 -711.767 -0.99847 0.0417624 0.036247 0 0.655477 -0.755215 -0.0552987 -0.75406 -0.654474 LS21.dat
1 7 -69.7844 -21.3753 -711.125 -0.998694 0.0383881 0.0337249 0 0.660002 -0.751264 -0.0510981 -0.750282 -0.65914 LS21.dat
1 7 -69.8168 -21.9327 -710.492 -0.998897 0.0350948 0.0311947 0 0.664356 -0.747416 -0.0469549 -0.746592 -0.663623 LS21.dat
1 7 -69.8462 -22.489 -709.866 -0.999081 0.0318807 0.0286601 0 0.668545 -0.743672 -0.0428693 -0.742988 -0.667931 LS21.dat
1 7 -69.8726 -23.044 -709.25 -0.999245 0.0287438 0.026124 0 0.672578 -0.740026 -0.0388416 -0.739468 -0.672071 LS21.dat
1 7 -69.8963 -23.5974 -708.641 -0.999392 0.0256823 0.0235894 0 0.676462 -0.736477 -0.0348718 -0.73603 -0.676051 LS21.dat
1 7 -69.9172 -24.1489 -708.041 -0.999521 0.0226942 0.021059 0 0.680204 -0.733023 -0.0309598 -0.732672 -0.679878 LS21.dat
1 7 -69.9356 -24.6985 -707.449 -0.999633 0.0197779 0.018535 0 0.68381 -0.729661 -0.0271055 -0.729392 -0.683558 LS21.dat
1 7 -69.9514 -25.2458 -706.865 -0.999728 0.0169312 0.0160198 0 0.687286 -0.726387 -0.0233088 -0.72619 -0.687099 LS21.dat
1 7 -69.9648 -25.7906 -706.29 -0.999809 0.0141525 0.0135153 0 0.690638 -0.7232 -0.0195693 -0.723062 -0.690506 LS21.dat
1 7 -69.9759 -26.3329 -705.722 -0.999874 0.01144 0.0110233 0 0.693873 -0.720098 -0.0158867 -0.720007 -0.693785 LS21.dat
1 7 -69.9848 -26.8724 -705.162 -0.999925 0.00879171 0.00854549 0 0.696994 -0.717077 -0.0122605 -0.717023 -0.696942 LS21.dat
1 7 -69.9916 -27.409 -704.61 -0.999962 0.00620605 0.00608328 0 0.700008 -0.714135 -0.0086903 -0.714108 -0.699981 LS21.dat
1 7 -69.9963 -27.9425 -704.066 -0.999987 0.00368123 0.00363801 0 0.702919 -0.71127 -0.00517558 -0.711261 -0.702909 LS21.dat
1 7 -69.9991 -28.4729 -703.529 -0.999999 0.00121559 0.00121087 0 0.705731 -0.70848 -0.00171577 -0.708479 -0.70573 LS21.dat
0 MLCAD SKIP_END
0 MLCAD FLEXHOSE 7 -5 0 20 1 0 0 0 1 0 0 0 1  -90 -31 -780  -60 0 0 -65 -29 -703 0 -60 60 150 ls21.dat ls21.dat 0
0 MLCAD SKIP_BEGIN
1 7 -95 -31 -760 -0.0011924 -0.99999 0.00432155 0 -0.00432156 -0.999991 0.999999 -0.00119238 5.153e-006 LS21.dat
1 7 -94.254 -30.9968 -759.999 -0.00366193 -0.999907 0.0131586 0 -0.0131587 -0.999913 0.999993 -0.00366162 4.81861e-005 LS21.dat
1 7 -93.5023 -30.9869 -759.996 -0.00627021 -0.999731 0.0223132 0 -0.0223136 -0.999751 0.99998 -0.00626865 0.000139911 LS21.dat
1 7 -92.745 -30.97 -759.992 -0.00902706 -0.999454 0.0317985 0 -0.0317998 -0.999494 0.999959 -0.0090225 0.000287059 LS21.dat
1 7 -91.9824 -30.9457 -759.985 -0.0119431 -0.999062 0.0416279 0 -0.0416309 -0.999133 0.999929 -0.0119328 0.000497203 LS21.dat
1 7 -91.2148 -30.9137 -759.976 -0.0150299 -0.998544 0.051815 0 -0.0518209 -0.998656 0.999887 -0.0150098 0.000778865 LS21.dat
1 7 -90.4425 -30.8737 -759.964 -0.0183 -0.997885 0.0623738 0 -0.0623842 -0.998052 0.999833 -0.0182644 0.00114163 LS21.dat
1 7 -89.6659 -30.8251 -759.95 -0.021767 -0.997071 0.0733181 0 -0.0733355 -0.997307 0.999763 -0.0217084 0.00159629 LS21.dat
1 7 -88.8852 -30.7677 -759.933 -0.0254455 -0.996085 0.084662 0 -0.0846894 -0.996407 0.999676 -0.0253541 0.00215497 LS21.dat
1 7 -88.101 -30.701 -759.913 -0.0293517 -0.994908 0.0964193 0 -0.0964609 -0.995337 0.999569 -0.0292148 0.00283129 LS21.dat
