0 Name: 8502 Scuba City.ldr

0 WORLD  765.9678 -546.543 303.9399 0.684031 0.1770645 -0.707642 -0.5142547 0.8050579 -0.2956619 0.5173475 0.5661484 0.6417466
0 CENTRE  0 0 0
0 LOOKAT  632 -452 866
0 ZOOM  68
0 ROTANGLE 0
0 ROTATION CENTER 0 0 0 1 "Custom" 
0 ROTATION CONFIG 0 0
1 0 -122.817 -51.688 -1.378 1 0 0 0 0.965738 -0.259523 0 0.259523 0.965738 3706.dat
1 14 -123.814 -42.691 37.596 -0.682 -0.731358 0 -0.16452 0.153417 0.97437 -0.712613 0.66452 -0.224951 4716.dat
1 3 -123.192 -58.751 -13.625 1 0 0 0 0.965738 -0.259523 0 0.259523 0.965738 32165.dat
1 0 -123.189 -50.366 -45.476 1 0 0 0 0.559519 0.82955 0 -0.82955 0.559519 2716.dat
1 0 -123.814 -42.689 37.596 0 1 0 -0.97437 0 0.224951 0.224951 0 0.97437 32166.dat
1 14 -123.815 -90.432 48.622 0.682 0.731358 0 0.16452 -0.153417 0.97437 0.712613 -0.66452 -0.224951 3647.dat
1 0 -194.814 -38.189 57.084 0 0 1 -0.97437 -0.224951 0 0.224951 -0.97437 0 32172.dat
1 4 -391.815 1.536 60.58 0 0 1 0.00871515 1.00057 0 -1.00057 0.00871515 0 32171.dat
1 14 -122.817 -51.688 -1.378 0 0 -1 -0.259523 0.965738 0 0.965738 0.259523 0 3648a.dat
1 0 -123.192 -63.936 5.685 1 0 0 0 0.965738 -0.259523 0 0.259523 0.965738 32062.dat
1 0 -123.814 -42.689 37.596 0 -1 0 0.97437 0 0.224951 -0.224951 0 0.97437 32166.dat
1 0 -123.814 -51.459 39.624 0 -0.682 0.731358 -0.97437 -0.16452 -0.153417 0.224951 -0.712613 -0.66452 32073.dat
1 7 -123.814 -76.791 45.47 -0.731358 -0.682 0 0.153417 -0.16452 -0.97437 0.66452 -0.712613 0.224951 32123a.dat
1 7 -123.814 -8.585 29.723 -0.731358 -0.682 0 0.153417 -0.16452 -0.97437 0.66452 -0.712613 0.224951 32123a.dat
1 0 -123.814 -38.189 57.084 1 0 0 0 0.97437 0.224951 0 -0.224951 0.97437 3705.dat
1 14 -93.814 -38.189 57.084 1 0 0 0 0.224951 -0.97437 0 0.97437 0.224951 6553.dat
1 14 -153.814 -38.189 57.084 1 0 0 0 0.224951 -0.97437 0 0.97437 0.224951 6553.dat
1 3 -133.814 -57.679 61.584 1 0 0 0 0.97437 0.224951 0 -0.224951 0.97437 32054.dat
1 3 -133.814 -18.703 52.586 1 0 0 0 0.97437 0.224951 0 -0.224951 0.97437 32054.dat
1 0 -163.814 -57.679 61.584 1 0 0 0 0.97437 0.224951 0 -0.224951 0.97437 32062.dat
1 0 -163.814 -18.703 52.586 1 0 0 0 0.97437 0.224951 0 -0.224951 0.97437 32062.dat
1 0 -93.814 -24.692 115.549 -1 0 0 0 0.224951 0.97437 0 0.97437 -0.224951 32014.dat
1 0 -153.814 -24.465 116.521 -1 0 0 0 0.224951 0.97437 0 0.97437 -0.224951 32014.dat
1 3 -72.817 -36.114 -59.323 0 1 0 0.965738 0 0.259523 0.259523 0 -0.965738 32177.dat
1 3 -173.817 -36.114 -59.323 0 1 0 0.965738 0 0.259523 0.259523 0 -0.965738 32177.dat
1 3 -193.814 -96.426 71.559 0 -1 0 0.97437 0 0.224951 -0.224951 0 0.97437 32177.dat
1 0 -153.814 -51.749 122.82 0 1 0 -0.97437 0 0.224951 0.224951 0 0.97437 32062.dat
1 0 -93.814 -51.976 121.846 0 1 0 -0.97437 0 0.224951 0.224951 0 0.97437 32062.dat
1 0 -183.814 -82.93 130.019 -1 0 0 0 -0.97437 0.224951 0 0.224951 0.97437 32062.dat
1 0 -153.814 -82.93 130.019 0 1 0 -0.224951 0 -0.97437 -0.97437 0 0.224951 32014.dat
1 0 -93.814 -83.155 129.044 0 -1 0 0.224951 0 -0.97437 0.97437 0 0.224951 32014.dat
1 0 -62.814 -83.155 129.044 -1 0 0 0 -0.97437 0.224951 0 0.224951 0.97437 32062.dat
1 7 -62.817 -25.737 -97.951 1 0 0 0 -0.97437 -0.224951 0 0.224951 -0.97437 3749.dat
1 7 -183.817 -25.737 -97.951 -1 0 0 0 -0.97437 0.224951 0 0.224951 0.97437 3749.dat
1 7 -163.814 -24.465 116.521 -1 0 0 0 -0.97437 0.224951 0 0.224951 0.97437 3749.dat
1 7 -83.814 -24.692 115.55 1 0 0 0 -0.97437 -0.224951 0 0.224951 -0.97437 3749.dat
1 3 -53.814 -96.655 70.579 0 -1 0 0.97437 0 0.224951 -0.224951 0 0.97437 32177.dat
1 3 -391.815 -38.488 60.233 0 0 1 0.00871515 1.00057 0 -1.00057 0.00871515 0 32171.dat
1 256 -63.814 -24.692 115.55 0 0 -1 -0.224951 -0.97437 0 -0.97437 0.224951 0 32193.dat
1 256 -183.814 -24.465 116.522 0 0 1 0.224951 -0.97437 0 0.97437 0.224951 0 32193.dat
1 256 -200.817 -25.737 -97.951 0 0 1 0.224951 -0.97437 0 0.97437 0.224951 0 32193.dat
1 256 -42.817 -25.737 -97.951 0 0 -1 -0.224951 -0.97437 0 -0.97437 0.224951 0 32193.dat

0
