0 FILE Main.ldr
0 Untitled
0 Name: Main.ldr
0 Author: marco
0 ROTATION CENTER 0 0 0 1 "Custom" 
0 ROTATION CONFIG 0 0
1 7 0 0 0 1 0 0 0 1 0 0 0 1 chassis.ldr
1 7 0 0 0 1 0 0 0 1 0 0 0 1 wheels.ldr
1 7 0 0 0 1 0 0 0 1 0 0 0 1 steer.ldr
1 7 0 0 0 1 0 0 0 1 0 0 0 1 roof.ldr
0 Unofficial Model
0
0 FILE chassis.ldr
0 CHASSIS
0 ROTATION CENTER 0 0 0 1 "Custom" 
0 ROTATION CONFIG 0 0
1 0 60 -22 -60 -1 0 0 0 1 0 0 0 -1 2780.dat
1 4 30 -120 120 0 0 -1 0 1 0 1 0 0 3701.dat
1 4 20 -128 140 1 0 0 0 1 0 0 0 1 3709b.dat
1 4 10 -120 120 0 0 -1 0 1 0 1 0 0 3701.dat
1 4 20 -136 140 1 0 0 0 1 0 0 0 1 3034.dat
1 4 50 -72 -140 0 0 -1 0 1 0 1 0 0 3700.dat
1 4 50 -48 -150 1 0 0 0 1 0 0 0 1 2420.dat
1 4 50 -40 -130 0 0 1 0 1 0 -1 0 0 3024.dat
1 0 50 -32 -40 0 0 -1 0 1 0 1 0 0 3895.dat
1 4 -10 -48 -150 0 0 -1 0 1 0 1 0 0 2420.dat
1 4 -10 -40 -130 0 0 1 0 1 0 -1 0 0 3024.dat
1 0 20 -40 -20 1 0 0 0 1 0 0 0 1 3709b.dat
1 0 50 -48 60 0 0 -1 0 1 0 1 0 0 3710.dat
1 0 50 -72 100 0 0 -1 0 1 0 1 0 0 3894.dat
1 0 50 -40 70 0 0 -1 0 1 0 1 0 0 3623.dat
1 0 20 -40 20 1 0 0 0 1 0 0 0 1 3709b.dat
1 4 20 -80 120 1 0 0 0 1 0 0 0 1 3709b.dat
1 0 -10 -32 -40 0 0 -1 0 1 0 1 0 0 3895.dat
1 0 -10 -72 100 0 0 -1 0 1 0 1 0 0 3894.dat
1 0 -10 -48 60 0 0 -1 0 1 0 1 0 0 3710.dat
1 0 -10 -40 70 0 0 -1 0 1 0 1 0 0 3623.dat
1 0 20 -32 -150 1 0 0 0 1 0 0 0 1 2436a.dat
1 4 20 -24 -150 1 0 0 0 1 0 0 0 1 3023.dat
1 4 20 -16 -150 1 0 0 0 1 0 0 0 1 3023.dat
1 4 -10 -22 -172 1 0 0 0 0 -1 0 1 0 2420.dat
1 4 50 -22 -172 0 0 -1 -1 0 0 0 1 0 2420.dat
1 1 20 -40 -10 1 0 0 0 1 0 0 0 1 2717.dat
1 4 -10 -72 -140 0 0 -1 0 1 0 1 0 0 3700.dat
1 0 20 -40 -90 1 0 0 0 1 0 0 0 1 3710.dat
1 0 20 -8 70 1 0 0 0 1 0 0 0 1 3710.dat
1 0 20 -96 90 1 0 0 0 1 0 0 0 1 3701.dat
1 0 20 -96 150 1 0 0 0 1 0 0 0 1 3701.dat
1 0 -20 -22 -60 -1 0 0 0 1 0 0 0 -1 2780.dat
1 4 -30 -37.5818 -76.0377 0 0 -1 -0.944026 -0.329872 0 -0.329872 0.944026 0 3701.dat
1 7 -40 -60.426 -72.7229 -1 0 0 0 1 0 0 0 -1 3673.dat
1 4 -50 -93.2716 0.13339 0 0 -1 -0.299625 0.954057 0 0.954057 0.299625 0 2730.dat
1 4 -60 -52.7111 -50.1423 0 0 -1 -0.299625 0.954057 0 0.954057 0.299625 0 3020.dat
1 7 -40 -102.023 60.1498 -1 0 0 0 1 0 0 0 -1 3673.dat
1 0 -30 -62 50 0 0 -1 -1 0 0 0 1 0 3894.dat
1 0 20 -62 120 1 0 0 0 0.980527 -0.196385 0 0.196385 0.980527 3707.dat
1 7 70 -62.0097 120.098 0 0 -1 -0.196382 0.980528 0 0.980527 0.196382 0 3713.dat
1 7 -30 -62.0097 120.098 0 0 1 0.196382 0.980528 0 -0.980527 0.196382 0 3713.dat
1 4 70 -37.5818 -76.0377 0 0 -1 -0.944026 -0.329872 0 -0.329872 0.944026 0 3701.dat
1 7 80 -60.426 -72.7229 -1 0 0 0 0.992546 -0.121869 0 -0.121869 -0.992546 3673.dat
1 4 90 -93.6813 -0.114411 0 0 -1 -0.304909 0.952381 0 0.952381 0.304909 0 2730.dat
1 4 100 -52.1013 -49.8647 0 0 -1 -0.304909 0.952381 0 0.952381 0.304909 0 3020.dat
1 7 80 -102.024 60.1523 -1 0 0 0 1 0 0 0 -1 3673.dat
1 0 70 -62 50 0 0 -1 -1 0 0 0 1 0 3894.dat
1 0 20 -8 -150 1 0 0 0 1 0 0 0 1 4442.dat
1 4 20 -42 -180 1 0 0 0 0 -1 0 1 0 4262.dat
0
0 FILE roof.ldr
0 ROOF
0 ROTATION CENTER 0 0 0 1 "Custom" 
0 ROTATION CONFIG 0 0
1 0 20 -62.0097 60.0981 1 0 0 0 0.980527 -0.196385 0 0.196385 0.980527 3707.dat
1 0 20 -115.004 45.3806 0 0 1 0.26759 0.963533 0 -0.963533 0.26759 0 731.dat
1 7 19.4267 -166.298 30.7207 0 0 -1 -0.26759 0.963533 0 0.963533 0.26759 0 4255.dat
1 7 40 -167.537 30.8282 0 0 -1 -0.265426 0.964131 0 0.964131 0.265426 0 3713.dat
1 0 20 -167.537 30.8282 1 0 0 0 0.964131 -0.265427 0 0.265427 0.964131 3707.dat
1 7 0 -167.537 30.8282 0 0 1 0.265426 0.964131 0 -0.964131 0.265426 0 3713.dat
1 0 -30 -168.081 -9.31154 0 0 1 -0.0140597 1 0 -1 -0.0140597 0 4519.dat
1 0 -40 -169.645 -49.2915 -1 0 0 0 0.99839 0.0567257 0 0.0567257 -0.99839 2780.dat
1 0 -30 -115.498 -94.2674 0 0 1 0.761741 0.647882 0 -0.647882 0.761741 0 3706.dat
1 7 -20 -62.824 -140.381 -1 0 0 0 0.998383 0.0568506 0 0.0568506 -0.998383 3673.dat
1 0 -50 -168.645 -59.2682 0 0 -1 -1 0 0 0 1 0 3700.dat
1 0 70 -168.081 -9.30562 0 0 1 -0.0140597 1 0 -1 -0.0140597 0 4519.dat
1 0 80 -168.644 -49.3056 -1 0 0 0 0.99839 0.0567257 0 0.0567257 -0.99839 2780.dat
1 0 90 -169.144 -58.7966 0 0 -1 -1 0 0 0 1 0 3700.dat
1 0 70 -115.498 -94.2674 0 0 1 0.761741 0.647882 0 -0.647882 0.761741 0 3706.dat
1 7 60 -62.824 -140.381 -1 0 0 0 0.998383 0.0568506 0 0.0568506 -0.998383 3673.dat
1 7 35 -62.0097 60.0981 0 0 1 0.196384 0.980527 0 -0.980527 0.196384 0 4265a.dat
1 7 5 -62.0097 60.0981 0 0 -1 -0.196384 0.980527 0 0.980527 0.196384 0 4265a.dat
1 7 -15 -167.537 30.8282 0 0 1 0.265426 0.964131 0 -0.964131 0.265426 0 4265a.dat
1 7 -45 -167.537 30.8282 0 0 -1 -0.265427 0.964131 0 0.964131 0.265427 0 4265a.dat
1 7 55 -167.537 30.8282 0 0 -1 -0.265426 0.964131 0 0.964131 0.265426 0 4265a.dat
1 7 85 -167.537 30.8282 0 0 1 0.265427 0.964131 0 -0.964131 0.265427 0 4265a.dat
1 15 -60 -169.144 -66.7966 1 0 0 0 0 -1 0 1 0 4150p01.dat
1 15 100 -169.144 -66.7966 1 0 0 0 0 -1 0 1 0 4150p01.dat
1 7 70 -168.363 -29.3076 -1 0 0 0 -1 0.0140595 0 0.0140595 1 4273b.dat
1 7 -30 -168.363 -29.3076 1 0 0 0 1 0.0140965 0 -0.0140965 1 4273b.dat
1 7 70 -153.585 -61.8734 1 0 0 0 -0.647882 0.761741 0 -0.761741 -0.647882 4273b.dat
1 7 -30 -153.585 -61.8734 -1 0 0 0 0.64788 0.761742 0 0.761742 -0.64788 4273b.dat
1 7 70 -77.2356 -127.014 1 0 0 0 0.647883 -0.761739 0 0.761739 0.647883 3651.dat
1 7 -30 -77.2356 -127.014 1 0 0 0 0.647883 -0.761739 0 0.761739 0.647883 3651.dat
1 7 70 -167.819 10.8282 1 0 0 0 -1 -0.0140924 0 0.0140924 -1 3651.dat
1 7 -30 -167.819 10.8282 1 0 0 0 -1 -0.0140924 0 0.0140924 -1 3651.dat
0
0 FILE steer.ldr
0 STEER
0 ROTATION CENTER 0 0 0 1 "Custom" 
0 ROTATION CONFIG 0 0
1 0 111 -22.5 -150 0 0 -1 0 1 0 1 0 0 2346.dat
1 15 111 -22.5 -150 0 0 -1 0 1 0 1 0 0 3482.dat
1 7 100 -22 -150 1 0 0 0 -1 0 0 0 -1 3749.dat
1 7 90.5 -37 -110 0 1 0 1 0 0 0 0 -1 3749.dat
1 0 20.005 -78.7706 -106.775 0 0 1 0.433325 0.901238 0 -0.901238 0.433325 0 4519.dat
1 7 20.005 -72.2707 -120.294 1 0 0 0 0.901238 -0.433325 0 0.433325 0.901238 3647.dat
1 7 20.005 -89.6037 -84.2446 1 0 0 0 0.901238 -0.433325 0 0.433325 0.901238 4185.dat
1 7 20.005 -83.1038 -97.7631 -1 0 0 0 0.901238 0.433325 0 0.433325 -0.901238 3713.dat
1 7 -49.5 -37 -110 0 1 0 1 0 0 0 0 -1 3749.dat
1 15 -70 -22 -150 0 0 -1 0 1 0 1 0 0 3482.dat
1 7 -60 -22 -150 -1 0 0 0 -1 0 0 0 1 3749.dat
1 0 -70 -22 -150 0 0 1 0 1 0 -1 0 0 2346.dat
1 7 -50 -33 -150 1 0 0 0 1 0 0 0 1 4261.dat
1 7 90 -33 -150 1 0 0 0 1 0 0 0 1 4261.dat
1 0 20 -41 -110 1 0 0 0 1 0 0 0 1 2792.dat
1 7 20.5 -55 -110 1 0 0 0 1 0 0 0 1 2790a.dat
1 7 20.5002 -55 -110 1 0 0 0 0.87936 -0.477434 0 0.477434 0.87936 2791a.dat
0
0 FILE wheels.ldr
0 wheels
0 ROTATION CENTER 0 0 0 1 "Custom" 
0 ROTATION CONFIG 0 0
1 0 -71 -22.5 59.9999 0 0 1 0 1 0 -1 0 0 2346.dat
1 15 -70 -22 59.9999 0 0 -1 0 1 0 1 0 0 3482.dat
1 0 20 -22 60 1 0 0 0 1 0 0 0 1 3737.dat
1 15 -50 -22 59.9999 0 0 -1 0 1 0 1 0 0 3482.dat
1 15 110 -22 59.9999 0 0 -1 0 1 0 1 0 0 3482.dat
1 0 111 -22.5 60 0 0 -1 0 1 0 1 0 0 2346.dat
1 15 90 -22 59.9999 0 0 -1 0 1 0 1 0 0 3482.dat
0
0
