0 FILE 8837 B.ldr
0 Name:  8837 B
0 Author: marco9999
0 ROTATION CENTER 0 0 0 1 "Custom" 
0 ROTATION CONFIG 0 0
1 0 700 -14 -690 -1 0 0 0 1 0 0 0 -1 2696.dat
1 0 1010 -14.26 -690 -1 0 0 0 1 0 0 0 -1 2696.dat
1 0 1010 -14.59 -870 1 0 0 0 1 0 0 0 1 2696.dat
1 0 700 -14 -870 1 0 0 0 1 0 0 0 1 2696.dat
1 0 439.86 -23.7565 -770.181 -1 0 0 0 1 0 0 0 -1 70644.dat
1 7 740 -104 -780 1 0 0 0 1 0 0 0 1 2856.dat
1 7 740 -104.5 -780 0 0 1 0 1 0 -1 0 0 2855.dat
1 4 780 -64 -850 1 0 0 0 1 0 0 0 1 3703.dat
1 4 780 -64 -710 1 0 0 0 1 0 0 0 1 3703.dat
1 4 1110 -24 -780 0 0 1 0 1 0 -1 0 0 3703.dat
1 4 800 -24 -730 1 0 0 0 1 0 0 0 1 3703.dat
1 4 610 -64 -780 0 0 1 0 1 0 -1 0 0 2730.dat
1 4 1000 -24 -750 1 0 0 0 1 0 0 0 1 2730.dat
1 4 1090.01 -84.0001 -780 0 -1.00001 0 0 0 1 -0.999998 0 0 2730.dat
1 0 760 -54 -780 0 0 1 0 1 0 -1 0 0 3737.dat
1 0 720.001 -294.5 -795 1 0 0 0 0 1 0 -1 0 2905.dat
1 0 720.001 -294.5 -764.781 1 0 0 0 0 1 0 -1 0 2905.dat
1 0 980.001 -162.49 -780 0 0 1 1 0 0 0 1 0 3708.dat
1 0 439.86 -103.757 -790.841 -1 0 0 0 0 1 0 1 0 2825.dat
1 0 439.86 -103.757 -750.041 1 0 0 0 0 1 0 -1 0 2825.dat
1 0 539.182 -219.235 -790.63 0.300706 0 -0.953717 -0.953717 0 -0.300706 0 1 0 2825.dat
1 0 500.001 -294.5 -790.07 0.953717 0 -0.300706 0.300706 0 0.953717 0 -1 0 2825.dat
1 0 439.86 -103.757 -770.471 0 0 1 0 1 0 -1 0 0 4519.dat
1 0 538.501 -219.522 -779.961 0 -0.300706 0.953717 0 0.953717 0.300706 -1 0 0 4519.dat
1 0 720 -254.5 -780 0 0 1 0 1 0 -1 0 0 4519.dat
1 0 820 -54 -840 0 0 1 0 1 0 -1 0 0 3705.dat
1 0 700.001 -294.5 -759.78 0 0 1 0 1 0 -1 0 0 2780.dat
1 0 920 -214 -700 0 0 1 0 1 0 -1 0 0 2780.dat
1 0 960 -214 -700 0 0 1 0 1 0 -1 0 0 2780.dat
1 0 1020 -54.59 -780 1 0 0 0 1 0 0 0 1 2780.dat
1 0 720 -54 -840 0 0 1 0 1 0 -1 0 0 2780.dat
1 0 920 -54 -700 0 0 1 0 1 0 -1 0 0 2780.dat
1 0 940 -14 -740 0 0 1 0 1 0 -1 0 0 2780.dat
1 0 700.001 -294.5 -798.721 0 0 1 0 1 0 -1 0 0 2780.dat
1 0 1080.01 -73.9999 -700 0 -1.00001 0 1 0 0 0 0 1 2780.dat
1 0 920 -214 -860 0 0 1 0 1 0 -1 0 0 2780.dat
1 0 760 -134.5 -820 0 0 1 0 1 0 -1 0 0 2780.dat
1 0 760 -134.5 -740 0 0 1 0 1 0 -1 0 0 2780.dat
1 0 840 -54 -840 0 0 1.00001 0 1 0 -1.00001 0 0 2780.dat
1 0 920 -54 -860 0 0 1 0 1 0 -1 0 0 2780.dat
1 0 880 -54 -720 0 0 1 0 1 0 -1 0 0 2780.dat
1 0 720 -54 -720 0 0 1 0 1 0 -1 0 0 2780.dat
1 0 920 -14 -740 0 0 1 0 1 0 -1 0 0 2780.dat
1 0 820 -56.92 -780 0 -1 0 -1 0 0 0 0 -1 3706.dat
1 0 500.001 -294.5 -778.411 0 0.953717 0.300706 0 0.300706 -0.953717 -1 0 0 3706.dat
1 0 680.001 -294.5 -779.78 0 0 1 0 1 0 -1 0 0 3706.dat
1 0 760.001 -294.5 -780 0 0 1 0 1 0 -1 0 0 3706.dat
1 0 1080 -54 -780 0 0 1 0 1 0 -1 0 0 3706.dat
1 0 720 -134.5 -780 0 0 1 0 1 0 -1 0 0 3707.dat
1 4 980.001 -80.59 -780 1 0 0 0 1 0 0 0 1 3709b.dat
1 4 820 -24 -780 1 0 0 0 1 0 0 0 1 3709b.dat
1 0 746 -154.5 -750 0 -1 0 1 0 0 0 0 1 4263.dat
1 0 746 -154.5 -810 0 -1 0 1 0 0 0 0 1 4263.dat
1 0 1020 -94.59 -780 1 0 0 0 1 0 0 0 1 3704.dat
1 0 439.86 -43.7565 -770.841 0 0 1 0 1 0 -1 0 0 3704.dat
1 0 970.001 -36.55 -850 0 1 0 -1 0 0 0 0 1 3704.dat
1 0 970.001 -36.26 -710 0 1 0 -1 0 0 0 0 1 3704.dat
1 4 650 -32 -740 0 0 1 0 1 0 -1 0 0 3710.dat
1 4 650 -32 -820 0 0 1 0 1 0 -1 0 0 3710.dat
1 4 1080 -32 -810 1 0 0 0 1 0 0 0 1 3710.dat
1 4 1080 -32 -750 1 0 0 0 1 0 0 0 1 3710.dat
1 4 1090 -34 -830 0 -1 0 1 0 0 0 0 1 3701.dat
1 4 1090 -34 -730 0 -1 0 1 0 0 0 0 1 3701.dat
1 4 1060 -64.59 -810 1 0 0 0 1 0 0 0 1 3701.dat
1 4 1060 -64 -750 1 0 0 0 1 0 0 0 1 3701.dat
1 4 820 -64 -829.995 1 0 0 0 1 0 0 0 1 3701.dat
1 4 650 -24 -780 0 0 1 0 1 0 -1 0 0 3701.dat
1 4 820 -80 -780 0 0 1 0 1 0 -1 0 0 3738.dat
1 4 700 -24 -710 1 0 0 0 1 0 0 0 1 3700.dat
1 4 700 -24 -850 1 0 0 0 1 0 0 0 1 3700.dat
1 4 1090.01 -63.9998 -860 0 -1.00001 0 0 0 1 -1 0 0 3700.dat
1 4 1090.01 -63.9985 -700.007 0 -1.00001 0 0 0 0.999997 -0.999997 0 0 3700.dat
1 4 1010 -64.59 -780 0 0 1 0 1 0 -1 0 0 3700.dat
1 4 1010 -64 -750 1e-006 0 1 0 1 0 -1 0 1e-006 3040b.dat
1 4 1010 -64.59 -810 1e-006 0 1 0 1 0 -1 0 1e-006 3040b.dat
1 4 1110 0 -750 0 0 -1 0 1 0 1 0 0 2420.dat
1 4 1066 -64 -830 0 -1 0 -1 0 0 0 0 -1 2420.dat
1 4 1066.01 -64.0001 -730 0 -1.00001 0 0 0 -1 1 0 0 2420.dat
1 4 930 -32 -730 0 0 1 0 1 0 -1 0 0 3623.dat
1 4 930 -32 -830 0 0 1 0 1 0 -1 0 0 3623.dat
1 4 1030 -40.59 -810 1 0 0 0 1 0 0 0 1 3623.dat
1 4 1030 -40 -750 1 0 0 0 1 0 0 0 1 3623.dat
1 7 980 -224 -870 1 0 0 0 1 0 0 0 1 3701.dat
1 7 980 -224 -690 1 0 0 0 1 0 0 0 1 3701.dat
1 7 940 -224 -710 1 0 0 0 1 0 0 0 1 3701.dat
1 7 1049.04 -215.902 -780 0 -0.886183 0.463336 0 0.463336 0.886183 -1 0 0 4477.dat
1 7 1095.37 -127.283 -780 0 -0.886183 0.463336 0 0.463336 0.886183 -1 0 0 4477.dat
1 4 980 -32 -750 -1 0 0 0 1 0 0 0 -1 3023.dat
1 4 860 -40 -850 1 0 0 0 1 0 0 0 1 3023.dat
1 4 860 -40 -710 1 0 0 0 1 0 0 0 1 3023.dat
1 4 930 -40 -840 0 0 1 0 1 0 -1 0 0 3023.dat
1 4 930 -40 -720 0 0 1 0 1 0 -1 0 0 3023.dat
1 4 620 -72 -850 1 0 0 0 1 0 0 0 1 3023.dat
1 4 620 -72 -710 1 0 0 0 1 0 0 0 1 3023.dat
1 4 700 -32 -720 1 0 0 0 1 0 0 0 1 3022.dat
1 4 700 -32 -840 1 0 0 0 1 0 0 0 1 3022.dat
1 4 700 0 -720 1 0 0 0 1 0 0 0 1 3022.dat
1 4 700 0 -840 1 0 0 0 1 0 0 0 1 3022.dat
1 4 650 0 -780 0 0 1 0 1 0 -1 0 0 3666.dat
1 4 790 -32 -780 0 0 1 0 1 0 -1 0 0 3666.dat
1 4 660 -40 -850 1 0 0 0 1 0 0 0 1 3666.dat
1 4 660 -40 -710 1 0 0 0 1 0 0 0 1 3666.dat
1 4 990 -40 -780 0 0 1 0 1 0 -1 0 0 2431.dat
1 4 1090 -40 -780 0 0 1 0 1 0 -1 0 0 2431.dat
1 7 820 -54 -870 1 0 0 0 1 0 0 0 1 4019.dat
1 7 1010 -24.26 -710 -1e-006 0 -1 0 1 0 1 0 -1e-006 4261.dat
1 7 1010 -24.59 -850 -1e-006 0 -1 0 1 0 1 0 -1e-006 4261.dat
1 7 1065.12 -167.886 -870 -0.463336 -0.886183 0 -0.886183 0.463336 0 0 0 -1 4504.dat
1 7 820 -40.8099 -780 1 0 0 0 1e-006 -1 0 1 1e-006 3650c.dat
1 7 600.001 -304.5 -749.78 1 0 0 0 1 0 0 0 1 3895.dat
1 7 910 -114 -870 0 1 0 1 0 0 0 0 -1 3895.dat
1 7 910 -114 -690 0 1 0 1 0 0 0 0 -1 3895.dat
1 7 970.001 -28.94 -850 1 0 0 0 0 1 0 -1 0 4265b.dat
1 7 970.001 -29.25 -710 1 0 0 0 0 1 0 -1 0 4265b.dat
1 7 970.001 -46.94 -850 1 0 0 0 0 -1 0 1 0 4265b.dat
1 7 970.001 -47.72 -710 1 0 0 0 0 -1 0 1 0 4265b.dat
1 7 1010 0 -780 0 0 1 0 1 0 -1 0 0 4442.dat
1 7 980 -14 -740 0 0 -1 0 1 0 1 0 0 4274.dat
1 7 980 -14 -820 1e-006 0 1 0 1 0 -1 0 1e-006 4274.dat
1 7 1098.01 -74.0001 -690 0 -1 0 -1 0 0 0 0 -1 4276b.dat
1 7 1098.01 -73.9998 -870 0 -1 0 -1 0 0 0 0 -1 4276b.dat
1 7 770 -214.5 -750 0 -1 0 1 0 0 0 0 1 2730.dat
1 15 700 -14 -690 -1 0 0 0 1 0 0 0 -1 2695.dat
1 15 1010 -14.26 -690 -1 0 0 0 1 0 0 0 -1 2695.dat
1 15 1010 -14.59 -870 1 0 0 0 1 0 0 0 1 2695.dat
1 15 700 -14 -870 1 0 0 0 1 0 0 0 1 2695.dat
1 7 950 -232 -870 1 0 0 0 1 0 0 0 1 2420.dat
1 7 950 -232 -690 0 0 1 0 1 0 -1 0 0 2420.dat
1 7 970.001 -51.83 -780 0 0 1 0 1 0 -1 0 0 2790a.dat
1 7 778 -184.5 -810 0 -1 0 0 0 1 -1 0 0 2555.dat
1 7 778 -184.5 -750 0 -1 0 0 0 1 -1 0 0 2555.dat
1 7 778 -284.5 -750 0 -1 0 0 0 1 -1 0 0 2555.dat
1 7 778 -284.5 -810 0 -1 0 0 0 1 -1 0 0 2555.dat
1 7 490.001 -312.5 -808.721 0 0 1 0 1 0 -1 0 0 2555.dat
1 7 650.001 -312.5 -808.721 0 0 1 0 1 0 -1 0 0 2555.dat
1 7 920 0 -830 0 0 1 0 1 0 -1 0 0 3021.dat
1 7 920 0 -730 0 0 1 0 1 0 -1 0 0 3021.dat
1 7 1098.01 -84.0001 -780 0 -1 0 1 0 0 0 0 1 3021.dat
1 7 1030 -14.59 -780 0 1 0 0 0 -1 -1 0 0 2825.dat
1 7 1030.59 -94.59 -780 0 -1 0 0 0 1 -1 0 0 2825.dat
1 7 738.001 -134.5 -750 0 -1 0 1 0 0 0 0 1 3023.dat
1 7 738 -134.5 -810 0 -1 0 1 0 0 0 0 1 3023.dat
1 7 980.001 -52.56 -780 1 0 0 0 0 -1 0 1 0 3647.dat
1 7 820 -54 -811.35 1 0 0 0 1 0 0 0 1 3647.dat
1 7 700 -14 -860 0 0 1 0 1 0 -1 0 0 3673.dat
1 7 560.001 -294.5 -759.781 0 0 1 0 1 0 -1 0 0 3673.dat
1 7 920 -88 -710 1 0 0 0 1 0 0 0 1 3700.dat
1 7 920 -24 -850 1 0 0 0 1 0 0 0 1 3700.dat
1 7 920 -24 -710 1 0 0 0 1 0 0 0 1 3700.dat
1 7 1000 -232 -870 1 0 0 0 1 0 0 0 1 4275b.dat
1 7 1000 -232 -690 1 0 0 0 1 0 0 0 1 4275b.dat
1 7 900 -40 -750 1 0 0 0 1 0 0 0 1 3710.dat
1 7 900 -40 -810 1 0 0 0 1 0 0 0 1 3710.dat
1 7 1098.01 -74.0001 -730 0 -1 0 1 0 0 0 0 1 3710.dat
1 7 1098.01 -74 -829.999 0 -1 0 1 0 0 0 0 1 3710.dat
1 7 760.001 -294.5 -830 1 0 0 0 1 0 0 0 1 3713.dat
1 7 760.001 -294.5 -730 -1 0 0 0 1 0 0 0 -1 3713.dat
1 7 760 -54 -870 1 0 0 0 1 0 0 0 1 3713.dat
1 7 760 -54 -690 -1 0 0 0 1 0 0 0 -1 3713.dat
1 7 680 -112.5 -780 1 0 0 0 1 0 0 0 1 3022.dat
1 7 980 -240 -860 1 0 0 0 1 0 0 0 1 3022.dat
1 7 980 -240 -700 1 0 0 0 1 0 0 0 1 3022.dat
1 14 980.001 -290.49 -780 1 0 0 0 1 0 0 0 1 4150.dat
1 14 980.001 -258.49 -780 1 0 0 0 1 0 0 0 1 4032a.dat
1 46 980.001 -282.49 -780 1 0 0 0 1 0 0 0 1 3941.dat
1 7 980 -232 -780 0 0 1 0 1 0 -1 0 0 3738.dat
1 7 860 -32 -780 0 0 1 0 1 0 -1 0 0 3738.dat
1 0 1080 -14 -740 0 0 1 0 1 0 -1 0 0 2780.dat
1 4 1000 -24 -810 1 0 0 0 1 0 0 0 1 2730.dat
1 0 1080 -14 -820 0 0 1 0 1 0 -1 0 0 2780.dat
1 0 940 -14 -820 0 0 1 0 1 0 -1 0 0 2780.dat
1 0 920 -14 -820 0 0 1 0 1 0 -1 0 0 2780.dat
1 4 800 -24 -830 1 0 0 0 1 0 0 0 1 3703.dat
1 4 1110 0 -810 -1 0 1e-006 0 1 0 -1e-006 0 -1 2420.dat
1 7 481.958 -237.277 -780.63 0 0.953717 0.300706 -1e-006 0.300706 -0.953717 -1 0 1e-006 3749.dat
1 0 920 -14 -860 0 0 1 0 1 0 -1 0 0 2780.dat
1 0 920 -14 -700 0 0 1 0 1 0 -1 0 0 2780.dat
1 7 1010 -32.59 -780 0 0 1 0 1 0 -1 0 0 4442.dat
1 7 700 -14 -700 0 0 1 0 1 0 -1 0 0 3673.dat
1 4 980 -32 -810 -1 0 0 0 1 0 0 0 -1 3023.dat
1 4 1010 -40.59 -780 0 0 1 0 1 0 -1 0 0 3023.dat
1 0 800 -54 -840 1e-006 0 1.00001 0 1 0 -1.00001 0 1e-006 2780.dat
1 4 820 -72 -850 1 0 0 0 1 0 0 0 1 3023.dat
1 4 820 -72 -710 1 0 0 0 1 0 0 0 1 3023.dat
1 4 1010 -72.59 -810 1 0 -1e-006 0 1 0 1e-006 0 1 2420.dat
1 4 1010 -72 -750 1e-006 0 1 0 1 0 -1 0 1e-006 2420.dat
1 7 1010 -14.59 -860 0 0 1 0 1 0 -1 0 0 3673.dat
1 7 1010 -14.26 -700 0 0 1 0 1 0 -1 0 0 3673.dat
1 7 820 -94.7 -780 1 0 0 0 0 -1 0 1 0 3647.dat
1 7 980.001 -67.7 -780 1 0 0 0 0 1 0 -1 0 4265b.dat
1 7 770 -214.5 -810 0 -1 0 1 0 0 0 0 1 2730.dat
1 4 1010 -104.59 -780 0 0 1 0 1 0 -1 0 0 3700.dat
1 7 820 -106.84 -780 1 0 0 0 0 -1 0 1 0 4265b.dat
1 7 720 -134.5 -845.8 1 0 0 0 -1 0 0 0 -1 4265b.dat
1 7 720 -134.5 -715 -1 0 0 0 -1 0 0 0 1 4265b.dat
1 7 730 -134.5 -750 0 -1 0 1 0 0 0 0 1 3700.dat
1 7 730 -134.5 -810 0 -1 0 1 0 0 0 0 1 3700.dat
1 0 1019.99 -14.59 -780 1 0 0 0 1 0 0 0 1 3704.dat
1 7 720 -254.5 -806.26 1 0 0 0 -1 0 0 0 -1 4265b.dat
1 7 720 -254.5 -757.811 -1 0 0 0 -1 0 0 0 1 4265b.dat
1 7 940 -224 -850 1 0 0 0 1 0 0 0 1 3701.dat
1 0 960 -214 -860 0 0 1 0 1 0 -1 0 0 2780.dat
1 0 1080.01 -73.9995 -860 0 -1.00001 0 1 0 0 0 0 1 2780.dat
1 7 600.001 -304.5 -808.721 1 0 0 0 1 0 0 0 1 3895.dat
1 7 650.001 -312.5 -749.78 0 0 1 0 1 0 -1 0 0 2555.dat
1 7 680.001 -294.5 -729.78 -1 0 0 0 1 0 0 0 -1 3713.dat
1 7 680.001 -294.5 -828.72 1 0 0 0 1 0 0 0 1 3713.dat
1 7 490.001 -312.5 -749.78 0 0 1 0 1 0 -1 0 0 2555.dat
1 7 460.393 -202.135 -770.071 0.300706 0.953717 0 -0.953717 0.300706 0 0 0 1 3895.dat
1 7 538.501 -219.522 -754.611 -0.953717 0.300706 0 -0.300706 -0.953717 0 0 0 1 4265b.dat
1 7 538.501 -219.522 -806.041 0.953717 0.300706 0 0.300706 -0.953717 0 0 0 -1 4265b.dat
1 7 1065.12 -167.886 -690 -0.463337 -0.886183 0 -0.886183 0.463336 0 0 0 -1 4504.dat
1 7 500.001 -294.5 -728.53 -0.953717 -0.300706 0 -0.300706 0.953717 0 0 0 -1 3713.dat
1 7 500.001 -294.5 -828.41 0.953717 -0.300706 0 0.300706 0.953717 0 0 0 1 3713.dat
1 7 -0.1 0.1 0.3 1 0 0 0 1 0 0 0 1 flex grey.ldr
1 1 -0.339 -1.179 1.109 1 0 0 0 1 0 0 0 1 flex black.ldr
0
0 FILE flex grey.ldr
0 New Model
0 Name: flex grey.ldr
0 Author: MLCad
0 Unofficial Model
0 ROTATION CENTER 0 0 0 1 "Custom" 
0 ROTATION CONFIG 0 0
1 7 923.8 -97.7 -777.6 1 0 0 0 0 -1 0 1 0 4697a.dat
0 MLCAD FLEXHOSE 7 0 0 0 1 0 0 0 1 0 0 0 1  925 -88 -778  0 -50 0 910 -56 -740 -50 0 0 100 ls51.dat ls51.dat 0
0 MLCAD SKIP_BEGIN
1 7 925 -88 -778 -0.736381 -0.0036306 0.676557 0 -0.999986 -0.00536621 0.676567 -0.00395157 0.736371 LS51.dat
1 7 925.003 -87.2283 -777.997 -0.737527 -0.0110596 0.675227 0 -0.999866 -0.0163769 0.675317 -0.0120784 0.737428 LS51.dat
1 7 925.011 -86.4468 -777.988 -0.738833 -0.0187714 0.673627 0 -0.999612 -0.0278553 0.673889 -0.0205804 0.738546 LS51.dat
1 7 925.026 -85.6556 -777.971 -0.740208 -0.0267754 0.671844 0 -0.999207 -0.039822 0.672378 -0.0294766 0.739621 LS51.dat
1 7 925.048 -84.8553 -777.948 -0.741645 -0.0350809 0.669874 0 -0.998632 -0.0522978 0.670792 -0.0387864 0.74063 LS51.dat
1 7 925.076 -84.0462 -777.916 -0.743144 -0.0436967 0.667704 0 -0.997865 -0.0653036 0.669132 -0.0485299 0.741557 LS51.dat
1 7 925.112 -83.2288 -777.876 -0.744705 -0.0526307 0.665315 0 -0.996886 -0.0788602 0.667393 -0.0587276 0.742386 LS51.dat
1 7 925.156 -82.4038 -777.828 -0.746333 -0.0618903 0.662689 0 -0.995667 -0.0929881 0.665573 -0.0694001 0.743099 LS51.dat
1 7 925.207 -81.5717 -777.77 -0.748029 -0.0714816 0.659805 0 -0.994183 -0.107707 0.663666 -0.0805681 0.743677 LS51.dat
1 7 925.268 -80.7333 -777.702 -0.749797 -0.0814095 0.656641 0 -0.992402 -0.123037 0.661668 -0.0922525 0.7441 LS51.dat
1 7 925.337 -79.8892 -777.623 -0.751639 -0.0916771 0.653172 0 -0.990293 -0.138994 0.659575 -0.104474 0.744343 LS51.dat
1 7 925.415 -79.0403 -777.534 -0.75356 -0.102286 0.649373 0 -0.987821 -0.155596 0.657379 -0.117251 0.744382 LS51.dat
1 7 925.504 -78.1876 -777.433 -0.755562 -0.113235 0.645216 0 -0.984947 -0.172857 0.655077 -0.130604 0.744189 LS51.dat
1 7 925.602 -77.332 -777.319 -0.75765 -0.12452 0.640672 0 -0.981631 -0.190788 0.652661 -0.14455 0.743733 LS51.dat
1 7 925.711 -76.4744 -777.193 -0.759828 -0.136134 0.635712 0 -0.977831 -0.209398 0.650125 -0.159106 0.742983 LS51.dat
1 7 925.83 -75.616 -777.053 -0.762098 -0.148069 0.630303 0 -0.973499 -0.228691 0.647461 -0.174285 0.741902 LS51.dat
1 7 925.961 -74.7578 -776.9 -0.764466 -0.160308 0.624414 0 -0.968589 -0.248669 0.644664 -0.190099 0.740453 LS51.dat
1 7 926.103 -73.9012 -776.731 -0.766936 -0.172833 0.618011 0 -0.963049 -0.269327 0.641724 -0.206556 0.738597 LS51.dat
1 7 926.256 -73.0473 -776.548 -0.769512 -0.185622 0.611062 0 -0.956828 -0.290655 0.638633 -0.223662 0.73629 LS51.dat
1 7 926.421 -72.1973 -776.35 -0.772198 -0.198644 0.603532 0 -0.949872 -0.312638 0.635382 -0.241418 0.73349 LS51.dat
1 7 926.597 -71.3527 -776.135 -0.775 -0.211866 0.595389 0 -0.942128 -0.335252 0.631962 -0.25982 0.730149 LS51.dat
1 7 926.786 -70.5145 -775.904 -0.777922 -0.225247 0.586602 0 -0.933542 -0.358468 0.628361 -0.27886 0.726223 LS51.dat
1 7 926.986 -69.6843 -775.656 -0.780969 -0.23874 0.57714 0 -0.92406 -0.382248 0.62457 -0.298524 0.721662 LS51.dat
1 7 927.198 -68.8634 -775.391 -0.784147 -0.252292 0.566977 0 -0.913631 -0.406545 0.620576 -0.318791 0.71642 LS51.dat
1 7 927.422 -68.0529 -775.108 -0.78746 -0.265842 0.556088 0 -0.902206 -0.431306 0.616365 -0.339637 0.710451 LS51.dat
1 7 927.657 -67.2544 -774.807 -0.790916 -0.279324 0.544454 0 -0.88974 -0.456468 0.611925 -0.361028 0.703709 LS51.dat
1 7 927.904 -66.4689 -774.488 -0.794518 -0.292665 0.53206 0 -0.876193 -0.48196 0.60724 -0.382926 0.696152 LS51.dat
1 7 928.162 -65.6978 -774.151 -0.798274 -0.305786 0.518896 0 -0.861533 -0.507702 0.602294 -0.405286 0.68774 LS51.dat
1 7 928.43 -64.9422 -773.796 -0.802191 -0.318601 0.504959 0 -0.845731 -0.53361 0.597068 -0.428057 0.678437 LS51.dat
1 7 928.708 -64.2033 -773.422 -0.806273 -0.331022 0.490253 0 -0.82877 -0.55959 0.591543 -0.451182 0.668215 LS51.dat
1 7 928.996 -63.4822 -773.029 -0.810529 -0.342953 0.47479 0 -0.81064 -0.585545 0.585698 -0.474601 0.657047 LS51.dat
1 7 929.293 -62.7799 -772.618 -0.814965 -0.354297 0.45859 0 -0.791342 -0.611374 0.57951 -0.498249 0.644916 LS51.dat
1 7 929.599 -62.0973 -772.189 -0.81959 -0.364954 0.44168 0 -0.770886 -0.636973 0.572951 -0.522057 0.63181 LS51.dat
1 7 929.912 -61.4354 -771.74 -0.82441 -0.374822 0.424096 0 -0.749294 -0.662238 0.565994 -0.545955 0.617725 LS51.dat
1 7 930.233 -60.7949 -771.274 -0.829433 -0.383798 0.405882 0 -0.726598 -0.687063 0.558607 -0.569873 0.602664 LS51.dat
1 7 930.559 -60.1766 -770.789 -0.834668 -0.391779 0.387091 0 -0.702838 -0.711349 0.550754 -0.59374 0.586636 LS51.dat
1 7 930.891 -59.5811 -770.286 -0.840122 -0.398662 0.367782 0 -0.678068 -0.734999 0.542397 -0.617489 0.56966 LS51.dat
1 7 931.227 -59.0092 -769.765 -0.845804 -0.404346 0.348022 0 -0.652345 -0.757922 0.533493 -0.641054 0.551757 LS51.dat
1 7 931.567 -58.4612 -769.226 -0.851723 -0.408732 0.327882 0 -0.625738 -0.780033 0.523993 -0.664372 0.532955 LS51.dat
1 7 931.909 -57.9378 -768.671 -0.857885 -0.41172 0.307441 0 -0.598318 -0.801258 0.513842 -0.687387 0.513288 LS51.dat
1 7 932.252 -57.4391 -768.098 -0.864297 -0.413214 0.286782 0 -0.570164 -0.821531 0.502981 -0.710047 0.492791 LS51.dat
1 7 932.595 -56.9658 -767.508 -0.870967 -0.413117 0.26599 0 -0.541355 -0.840794 0.491341 -0.732304 0.471503 LS51.dat
1 7 932.937 -56.5179 -766.902 -0.877898 -0.41133 0.245157 0 -0.511973 -0.859001 0.478847 -0.754116 0.44946 LS51.dat
1 7 933.276 -56.0958 -766.281 -0.885094 -0.407756 0.224375 0 -0.4821 -0.876116 0.465413 -0.775445 0.426703 LS51.dat
1 7 933.611 -55.6996 -765.643 -0.892553 -0.402291 0.203743 0 -0.451815 -0.892112 0.450942 -0.796257 0.403269 LS51.dat
1 7 933.941 -55.3295 -764.991 -0.900272 -0.39483 0.183359 0 -0.421197 -0.906969 0.435329 -0.816519 0.379191 LS51.dat
1 7 934.263 -54.9856 -764.324 -0.908239 -0.385259 0.16333 0 -0.39032 -0.920679 0.418451 -0.836197 0.354504 LS51.dat
1 7 934.577 -54.6678 -763.644 -0.916439 -0.373458 0.143764 0 -0.359255 -0.93324 0.400173 -0.855257 0.329235 LS51.dat
1 7 934.88 -54.3763 -762.95 -0.924845 -0.359294 0.12478 0 -0.32807 -0.944654 0.380345 -0.873658 0.303413 LS51.dat
1 7 935.17 -54.111 -762.243 -0.933415 -0.342627 0.106501 0 -0.296828 -0.954931 0.358798 -0.891347 0.277064 LS51.dat
1 7 935.447 -53.8717 -761.524 -0.942096 -0.323301 0.089065 0 -0.265592 -0.964085 0.335345 -0.908261 0.250214 LS51.dat
1 7 935.706 -53.6583 -760.795 -0.950808 -0.301148 0.0726198 0 -0.234423 -0.972135 0.30978 -0.924313 0.222892 LS51.dat
1 7 935.947 -53.4708 -760.055 -0.959449 -0.275991 0.0573302 0 -0.203383 -0.979099 0.281882 -0.939396 0.195136 LS51.dat
1 7 936.167 -53.3086 -759.307 -0.96788 -0.247641 0.0433782 0 -0.172539 -0.985003 0.251411 -0.953365 0.166997 LS51.dat
1 7 936.364 -53.1717 -758.55 -0.975923 -0.215907 0.0309646 0 -0.141963 -0.989872 0.218117 -0.966038 0.138545 LS51.dat
1 7 936.534 -53.0595 -757.786 -0.983346 -0.180604 0.0203086 0 -0.111744 -0.993737 0.181742 -0.977187 0.109883 LS51.dat
1 7 936.676 -52.9716 -757.018 -0.989861 -0.141562 0.0116451 0 -0.0819842 -0.996634 0.142041 -0.986529 0.0811529 LS51.dat
1 7 936.787 -52.9075 -756.246 -0.995109 -0.0986485 0.00521694 0 -0.0528104 -0.998605 0.0987863 -0.99372 0.0525521 LS51.dat
1 7 936.864 -52.8663 -755.471 -0.998657 -0.051787 0.00126282 0 -0.0243777 -0.999703 0.0518023 -0.998361 0.024345 LS51.dat
1 7 936.904 -52.8474 -754.697 -1 -0.000989213 -3.09161e-006 0 0.00312531 -0.999995 0.000989218 -0.999995 -0.00312531 LS51.dat
1 7 936.905 -52.8498 -753.925 -0.99856 0.053614 0.0015809 0 0.0294739 -0.999566 -0.0536373 -0.998127 -0.0294315 LS51.dat
1 7 936.864 -52.8725 -753.157 -0.993719 0.111739 0.00608854 0 0.054408 -0.998519 -0.111905 -0.992247 -0.0540663 LS51.dat
1 7 936.778 -52.9143 -752.395 -0.984844 0.172922 0.013466 0 0.0776382 -0.996982 -0.173445 -0.981871 -0.0764615 LS51.dat
1 7 936.645 -52.9738 -751.642 -0.971348 0.236498 0.0234949 0 0.0988586 -0.995101 -0.237662 -0.96659 -0.0960261 LS51.dat
1 7 936.464 -53.0496 -750.901 -0.95276 0.30161 0.0357687 0 0.117767 -0.993041 -0.303723 -0.94613 -0.112204 LS51.dat
1 7 936.232 -53.1401 -750.174 -0.928799 0.367236 0.0496925 0 0.134093 -0.990969 -0.370583 -0.920411 -0.124545 LS51.dat
1 7 935.949 -53.2436 -749.463 -0.899443 0.432251 0.0645168 0 0.147623 -0.989044 -0.437039 -0.889588 -0.132778 LS51.dat
1 7 935.613 -53.3583 -748.772 -0.864967 0.495506 0.0794044 0 0.15823 -0.987402 -0.501828 -0.854071 -0.136864 LS51.dat
1 7 935.225 -53.4823 -748.103 -0.825952 0.555929 0.093521 0 0.165894 -0.986144 -0.56374 -0.814507 -0.13702 LS51.dat
1 7 934.784 -53.6138 -747.457 -0.783231 0.612605 0.10613 0 0.1707 -0.985323 -0.621731 -0.771736 -0.133698 LS51.dat
1 7 934.292 -53.7508 -746.838 -0.737811 0.664849 0.116668 0 0.172839 -0.98495 -0.675008 -0.726707 -0.127522 LS51.dat
1 7 933.751 -53.8916 -746.246 -0.690767 0.712228 0.124788 0 0.17258 -0.984996 -0.723078 -0.680402 -0.119212 LS51.dat
1 7 933.162 -54.0343 -745.683 -0.643143 0.754568 0.130365 0 0.170246 -0.985402 -0.765746 -0.633754 -0.109492 LS51.dat
1 7 932.528 -54.1773 -745.151 -0.595871 0.791913 0.13346 0 0.166185 -0.986095 -0.80308 -0.587585 -0.099025 LS51.dat
1 7 931.853 -54.319 -744.65 -0.549721 0.824486 0.134277 0 0.160744 -0.986996 -0.835348 -0.542572 -0.0883644 LS51.dat
1 7 931.139 -54.4582 -744.18 -0.505281 0.852628 0.133108 0 0.154247 -0.988032 -0.862955 -0.499233 -0.0779379 LS51.dat
1 7 930.39 -54.5936 -743.742 -0.462961 0.876752 0.130283 0 0.146984 -0.989139 -0.886379 -0.457932 -0.0680476 LS51.dat
1 7 929.611 -54.7243 -743.335 -0.423015 0.8973 0.126135 0 0.139204 -0.990264 -0.906123 -0.418897 -0.0588852 LS51.dat
1 7 928.804 -54.8494 -742.958 -0.385568 0.914714 0.120976 0 0.131113 -0.991367 -0.922679 -0.38224 -0.0505531 LS51.dat
1 7 927.975 -54.9683 -742.612 -0.350645 0.929411 0.115078 0 0.12288 -0.992422 -0.936509 -0.347987 -0.0430872 LS51.dat
1 7 927.126 -55.0805 -742.294 -0.318197 0.941775 0.108676 0 0.114634 -0.993408 -0.948025 -0.316099 -0.0364761 LS51.dat
1 7 926.261 -55.1858 -742.004 -0.288128 0.952148 0.101959 0 0.106474 -0.994315 -0.957592 -0.28649 -0.0306782 LS51.dat
1 7 925.385 -55.2838 -741.74 -0.26031 0.960832 0.0950796 0 0.0984745 -0.99514 -0.965525 -0.259045 -0.0256339 LS51.dat
1 7 924.499 -55.3746 -741.501 -0.234598 0.968087 0.0881568 0 0.0906877 -0.995879 -0.972092 -0.233631 -0.0212751 LS51.dat
1 7 923.607 -55.4581 -741.286 -0.210839 0.974136 0.0812801 0 0.0831492 -0.996537 -0.977521 -0.210109 -0.0175311 LS51.dat
1 7 922.712 -55.5346 -741.093 -0.188881 0.979169 0.0745159 0 0.0758818 -0.997117 -0.982 -0.188337 -0.0143326 LS51.dat
1 7 921.815 -55.604 -740.92 -0.168577 0.983346 0.067912 0 0.068898 -0.997624 -0.985689 -0.168176 -0.0116146 LS51.dat
1 7 920.92 -55.6667 -740.767 -0.149785 0.986804 0.0615013 0 0.062203 -0.998064 -0.988719 -0.149495 -0.00931711 LS51.dat
1 7 920.028 -55.723 -740.632 -0.132376 0.989655 0.0553052 0 0.0557962 -0.998442 -0.9912 -0.13217 -0.00738609 LS51.dat
1 7 919.141 -55.773 -740.513 -0.116228 0.991996 0.0493364 0 0.0496731 -0.998766 -0.993223 -0.116084 -0.00577339 LS51.dat
1 7 918.26 -55.8171 -740.41 -0.101229 0.993907 0.0436011 0 0.0438262 -0.999039 -0.994863 -0.101131 -0.00443646 LS51.dat
1 7 917.387 -55.8556 -740.322 -0.0872775 0.995455 0.0381003 0 0.0382462 -0.999268 -0.996184 -0.0872136 -0.00333803 LS51.dat
1 7 916.522 -55.8888 -740.246 -0.074282 0.996697 0.0328316 0 0.0329225 -0.999458 -0.997237 -0.0742417 -0.00244555 LS51.dat
1 7 915.667 -55.9171 -740.182 -0.0621586 0.997679 0.02779 0 0.0278439 -0.999612 -0.998066 -0.0621345 -0.00173073 LS51.dat
1 7 914.823 -55.9406 -740.13 -0.0508316 0.998443 0.0229688 0 0.0229986 -0.999735 -0.998707 -0.0508181 -0.00116905 LS51.dat
1 7 913.989 -55.9598 -740.087 -0.0402328 0.999022 0.0183601 0 0.018375 -0.999831 -0.99919 -0.040226 -0.000739277 LS51.dat
1 7 913.167 -55.975 -740.054 -0.0303004 0.999443 0.0139552 0 0.0139616 -0.999903 -0.999541 -0.0302975 -0.000423043 LS51.dat
1 7 912.357 -55.9863 -740.029 -0.0209789 0.999732 0.00974508 0 0.00974723 -0.999952 -0.99978 -0.0209779 -0.000204486 LS51.dat
1 7 911.559 -55.9941 -740.013 -0.012218 0.999909 0.00572056 0 0.00572099 -0.999984 -0.999925 -0.0122178 -6.98993e-005 LS51.dat
1 7 910.773 -55.9986 -740.003 -0.00397234 0.99999 0.00187253 0 0.00187254 -0.999998 -0.999992 -0.00397234 -7.43839e-006 LS51.dat
0 MLCAD SKIP_END
0 MLCAD FLEXHOSE 7 0 0 0 1 0 0 0 1 0 0 0 1  923 -97 -764  0 0 -20 926 -118 -728 0 0 20 80 ls51.dat ls51.dat 0
0 MLCAD SKIP_BEGIN
1 7 923 -97 -764 -0.999999 -0.00137709 -1.32753e-005 0 0.00963963 -0.999954 0.00137715 -0.999953 -0.00963962 LS51.dat
1 7 923.001 -97.0052 -763.458 -0.999991 -0.00422933 -0.000125266 0 0.0296053 -0.999562 0.00423119 -0.999553 -0.0296051 LS51.dat
1 7 923.003 -97.0214 -762.912 -0.999974 -0.00723744 -0.000367136 0 0.0506621 -0.998716 0.00724675 -0.99869 -0.0506608 LS51.dat
1 7 923.007 -97.0493 -762.363 -0.999946 -0.0104045 -0.000759788 0 0.0728312 -0.997344 0.0104322 -0.99729 -0.0728273 LS51.dat
1 7 923.013 -97.0895 -761.811 -0.999905 -0.0137318 -0.00132607 0 0.0961223 -0.99537 0.0137956 -0.995275 -0.0961132 LS51.dat
1 7 923.02 -97.1429 -761.258 -0.99985 -0.0172186 -0.00209061 0 0.12053 -0.99271 0.0173451 -0.99256 -0.120512 LS51.dat
1 7 923.03 -97.2101 -760.705 -0.999778 -0.0208619 -0.00307954 0 0.146033 -0.98928 0.021088 -0.98906 -0.146001 LS51.dat
1 7 923.042 -97.2917 -760.152 -0.999687 -0.0246555 -0.00432008 0 0.172588 -0.984994 0.0250311 -0.984685 -0.172534 LS51.dat
1 7 923.055 -97.3883 -759.601 -0.999574 -0.0285901 -0.00583991 0 0.200131 -0.979769 0.0291805 -0.979352 -0.200046 LS51.dat
1 7 923.071 -97.5005 -759.052 -0.999437 -0.032653 -0.00766647 0 0.228571 -0.973527 0.0335409 -0.97298 -0.228442 LS51.dat
1 7 923.09 -97.6285 -758.507 -0.999273 -0.0368276 -0.009826 0 0.257793 -0.9662 0.0381159 -0.965498 -0.257606 LS51.dat
1 7 923.11 -97.7728 -757.967 -0.999079 -0.0410937 -0.0123425 0 0.287656 -0.957734 0.0429073 -0.956852 -0.287391 LS51.dat
1 7 923.133 -97.9337 -757.432 -0.998851 -0.0454278 -0.0152367 0 0.317995 -0.948093 0.0479149 -0.947004 -0.317629 LS51.dat
1 7 923.159 -98.1111 -756.903 -0.998587 -0.049803 -0.0185246 0 0.348621 -0.937264 0.0531366 -0.93594 -0.348129 LS51.dat
1 7 923.186 -98.3052 -756.382 -0.998283 -0.0541902 -0.0222165 0 0.379331 -0.925261 0.0585675 -0.923673 -0.37868 LS51.dat
1 7 923.217 -98.5158 -755.869 -0.997937 -0.0585584 -0.0263161 0 0.409909 -0.912126 0.0641999 -0.910245 -0.409063 LS51.dat
1 7 923.249 -98.7428 -755.365 -0.997545 -0.0628761 -0.0308195 0 0.440132 -0.897933 0.0700231 -0.895729 -0.439052 LS51.dat
1 7 923.284 -98.9858 -754.871 -0.997106 -0.0671119 -0.0357145 0 0.469784 -0.882782 0.0760233 -0.880227 -0.468424 LS51.dat
1 7 923.321 -99.2444 -754.386 -0.996617 -0.0712361 -0.0409807 0 0.498653 -0.866802 0.0821827 -0.86387 -0.496966 LS51.dat
1 7 923.36 -99.5181 -753.912 -0.996078 -0.0752212 -0.0465892 0 0.526548 -0.850145 0.0884804 -0.846811 -0.524483 LS51.dat
1 7 923.401 -99.8063 -753.449 -0.995488 -0.0790428 -0.0525033 0 0.553299 -0.832982 0.0948913 -0.829224 -0.550803 LS51.dat
1 7 923.444 -100.108 -752.996 -0.994847 -0.0826804 -0.0586788 0 0.578763 -0.815496 0.101387 -0.811294 -0.57578 LS51.dat
1 7 923.489 -100.424 -752.554 -0.994158 -0.0861176 -0.065065 0 0.602823 -0.797875 0.107934 -0.793214 -0.599302 LS51.dat
1 7 923.536 -100.752 -752.122 -0.993424 -0.0893423 -0.0716056 0 0.625396 -0.780307 0.114496 -0.775176 -0.621283 LS51.dat
1 7 923.584 -101.091 -751.701 -0.992648 -0.0923465 -0.0782398 0 0.646426 -0.762977 0.121034 -0.757368 -0.641673 LS51.dat
1 7 923.635 -101.442 -751.291 -0.991838 -0.0951261 -0.0849034 0 0.665882 -0.746057 0.127505 -0.739967 -0.660447 LS51.dat
1 7 923.686 -101.802 -750.89 -0.991 -0.0976801 -0.0915298 0 0.683761 -0.729706 0.133862 -0.723139 -0.677607 LS51.dat
1 7 923.739 -102.172 -750.499 -0.990143 -0.100011 -0.098051 0 0.700076 -0.714069 0.140058 -0.70703 -0.693175 LS51.dat
1 7 923.793 -102.551 -750.117 -0.989279 -0.102122 -0.104399 0 0.714857 -0.699271 0.146041 -0.691774 -0.707192 LS51.dat
1 7 923.848 -102.937 -749.743 -0.988417 -0.104021 -0.110505 0 0.728146 -0.685422 0.151762 -0.677483 -0.719712 LS51.dat
1 7 923.904 -103.33 -749.377 -0.987572 -0.105713 -0.116303 0 0.739993 -0.672615 0.157168 -0.664255 -0.730796 LS51.dat
1 7 923.961 -103.73 -749.018 -0.986757 -0.107207 -0.12173 0 0.750452 -0.660925 0.162208 -0.652172 -0.740514 LS51.dat
1 7 924.019 -104.135 -748.666 -0.985985 -0.108511 -0.126724 0 0.759579 -0.650415 0.166834 -0.641299 -0.748934 LS51.dat
1 7 924.078 -104.545 -748.32 -0.985271 -0.109633 -0.131229 0 0.767429 -0.641134 0.170998 -0.631691 -0.756126 LS51.dat
1 7 924.137 -104.96 -747.978 -0.984629 -0.110579 -0.135193 0 0.774052 -0.633122 0.174656 -0.623391 -0.762154 LS51.dat
1 7 924.197 -105.378 -747.642 -0.984072 -0.111356 -0.138571 0 0.779495 -0.626408 0.17777 -0.616431 -0.76708 LS51.dat
1 7 924.257 -105.799 -747.309 -0.983611 -0.111971 -0.141322 0 0.7838 -0.621014 0.180304 -0.610836 -0.770954 LS51.dat
1 7 924.317 -106.222 -746.979 -0.983256 -0.112428 -0.143415 0 0.786998 -0.616956 0.182231 -0.606625 -0.77382 LS51.dat
1 7 924.378 -106.647 -746.651 -0.983015 -0.112731 -0.144824 0 0.789115 -0.614245 0.183527 -0.603812 -0.775712 LS51.dat
1 7 924.439 -107.073 -746.325 -0.982893 -0.112881 -0.145533 0 0.79017 -0.612888 0.18418 -0.602403 -0.776652 LS51.dat
1 7 924.5 -107.5 -746 -0.982893 -0.112881 -0.145533 0 0.79017 -0.612888 0.18418 -0.602403 -0.776652 LS51.dat
1 7 924.561 -107.927 -745.675 -0.983015 -0.112731 -0.144824 0 0.789115 -0.614245 0.183527 -0.603812 -0.775712 LS51.dat
1 7 924.622 -108.353 -745.349 -0.983256 -0.112428 -0.143415 0 0.786998 -0.616956 0.182231 -0.606625 -0.77382 LS51.dat
1 7 924.683 -108.778 -745.021 -0.983611 -0.111971 -0.141322 0 0.7838 -0.621014 0.180304 -0.610836 -0.770954 LS51.dat
1 7 924.743 -109.201 -744.691 -0.984072 -0.111356 -0.138571 0 0.779495 -0.626408 0.17777 -0.616431 -0.76708 LS51.dat
1 7 924.803 -109.622 -744.358 -0.984629 -0.110579 -0.135193 0 0.774052 -0.633122 0.174656 -0.623391 -0.762154 LS51.dat
1 7 924.863 -110.04 -744.022 -0.985271 -0.109633 -0.131229 0 0.767429 -0.641134 0.170998 -0.631691 -0.756126 LS51.dat
1 7 924.922 -110.455 -743.68 -0.985985 -0.108511 -0.126724 0 0.759579 -0.650415 0.166834 -0.641299 -0.748934 LS51.dat
1 7 924.981 -110.865 -743.334 -0.986757 -0.107207 -0.12173 0 0.750452 -0.660925 0.162208 -0.652172 -0.740514 LS51.dat
1 7 925.039 -111.27 -742.982 -0.987572 -0.105713 -0.116303 0 0.739993 -0.672615 0.157168 -0.664255 -0.730796 LS51.dat
1 7 925.096 -111.67 -742.623 -0.988417 -0.104021 -0.110505 0 0.728146 -0.685422 0.151762 -0.677483 -0.719712 LS51.dat
1 7 925.152 -112.063 -742.257 -0.989279 -0.102122 -0.104399 0 0.714857 -0.699271 0.146041 -0.691774 -0.707192 LS51.dat
1 7 925.207 -112.449 -741.883 -0.990143 -0.100011 -0.098051 0 0.700076 -0.714069 0.140058 -0.70703 -0.693175 LS51.dat
1 7 925.261 -112.828 -741.501 -0.991 -0.0976801 -0.0915298 0 0.683761 -0.729706 0.133862 -0.723139 -0.677607 LS51.dat
1 7 925.314 -113.198 -741.11 -0.991838 -0.0951261 -0.0849034 0 0.665882 -0.746057 0.127505 -0.739967 -0.660447 LS51.dat
1 7 925.365 -113.558 -740.709 -0.992648 -0.0923465 -0.0782398 0 0.646426 -0.762977 0.121034 -0.757368 -0.641673 LS51.dat
1 7 925.416 -113.909 -740.299 -0.993424 -0.0893423 -0.0716056 0 0.625396 -0.780307 0.114496 -0.775176 -0.621283 LS51.dat
1 7 925.464 -114.248 -739.878 -0.994158 -0.0861176 -0.065065 0 0.602823 -0.797875 0.107934 -0.793214 -0.599302 LS51.dat
1 7 925.511 -114.576 -739.446 -0.994847 -0.0826804 -0.0586788 0 0.578763 -0.815496 0.101387 -0.811294 -0.57578 LS51.dat
1 7 925.556 -114.892 -739.004 -0.995488 -0.0790428 -0.0525033 0 0.553299 -0.832982 0.0948913 -0.829224 -0.550803 LS51.dat
1 7 925.599 -115.194 -738.551 -0.996078 -0.0752212 -0.0465892 0 0.526548 -0.850145 0.0884804 -0.846811 -0.524483 LS51.dat
1 7 925.64 -115.482 -738.088 -0.996617 -0.0712361 -0.0409807 0 0.498653 -0.866802 0.0821827 -0.86387 -0.496966 LS51.dat
1 7 925.679 -115.756 -737.614 -0.997106 -0.0671119 -0.0357145 0 0.469784 -0.882782 0.0760233 -0.880227 -0.468424 LS51.dat
1 7 925.716 -116.014 -737.129 -0.997545 -0.0628761 -0.0308195 0 0.440132 -0.897933 0.0700231 -0.895729 -0.439052 LS51.dat
1 7 925.751 -116.257 -736.635 -0.997937 -0.0585584 -0.0263161 0 0.409909 -0.912126 0.0641999 -0.910245 -0.409063 LS51.dat
1 7 925.783 -116.484 -736.131 -0.998283 -0.0541902 -0.0222165 0 0.379331 -0.925261 0.0585675 -0.923673 -0.37868 LS51.dat
1 7 925.814 -116.695 -735.618 -0.998587 -0.049803 -0.0185246 0 0.348621 -0.937264 0.0531366 -0.93594 -0.348129 LS51.dat
1 7 925.841 -116.889 -735.097 -0.998851 -0.0454278 -0.0152367 0 0.317995 -0.948093 0.0479149 -0.947004 -0.317629 LS51.dat
1 7 925.867 -117.066 -734.568 -0.999079 -0.0410937 -0.0123425 0 0.287656 -0.957734 0.0429073 -0.956852 -0.287391 LS51.dat
1 7 925.89 -117.227 -734.033 -0.999273 -0.0368276 -0.009826 0 0.257793 -0.9662 0.0381159 -0.965498 -0.257606 LS51.dat
1 7 925.91 -117.371 -733.493 -0.999437 -0.032653 -0.00766647 0 0.228571 -0.973527 0.0335409 -0.97298 -0.228442 LS51.dat
1 7 925.929 -117.5 -732.948 -0.999574 -0.0285901 -0.00583991 0 0.200131 -0.979769 0.0291805 -0.979352 -0.200046 LS51.dat
1 7 925.945 -117.612 -732.399 -0.999687 -0.0246555 -0.00432008 0 0.172588 -0.984994 0.0250311 -0.984685 -0.172534 LS51.dat
1 7 925.958 -117.708 -731.848 -0.999778 -0.0208619 -0.00307954 0 0.146033 -0.98928 0.021088 -0.98906 -0.146001 LS51.dat
1 7 925.97 -117.79 -731.295 -0.99985 -0.0172186 -0.00209061 0 0.12053 -0.99271 0.0173451 -0.99256 -0.120512 LS51.dat
1 7 925.98 -117.857 -730.742 -0.999905 -0.0137318 -0.00132607 0 0.0961223 -0.99537 0.0137956 -0.995275 -0.0961132 LS51.dat
1 7 925.987 -117.91 -730.189 -0.999946 -0.0104045 -0.000759788 0 0.0728312 -0.997344 0.0104322 -0.99729 -0.0728273 LS51.dat
1 7 925.993 -117.951 -729.637 -0.999974 -0.00723744 -0.000367136 0 0.0506621 -0.998716 0.00724675 -0.99869 -0.0506608 LS51.dat
1 7 925.997 -117.979 -729.088 -0.999991 -0.00422933 -0.000125266 0 0.0296053 -0.999562 0.00423119 -0.999553 -0.0296051 LS51.dat
1 7 925.999 -117.995 -728.542 -0.999999 -0.00137709 -1.32753e-005 0 0.00963963 -0.999954 0.00137715 -0.999953 -0.00963962 LS51.dat
0 MLCAD SKIP_END
0 MLCAD FLEXHOSE 7 0 -56 0 1 0 0 0 1 0 0 0 1  923 -60 -777  0 30 0 926 -118 -728 0 0 20 100 ls51.dat ls51.dat 0
0 MLCAD SKIP_BEGIN
1 7 923 -116 -777 -0.994714 -0.00089695 -0.102683 0 0.999962 -0.00873477 0.102687 -0.0086886 -0.994676 LS51.dat
1 7 923.001 -116.811 -776.993 -0.994743 -0.00267293 -0.102367 0 0.999659 -0.0261024 0.102402 -0.0259652 -0.994404 LS51.dat
1 7 923.003 -117.622 -776.972 -0.994776 -0.00442111 -0.101988 0 0.999062 -0.0433085 0.102084 -0.0430823 -0.993842 LS51.dat
1 7 923.006 -118.433 -776.937 -0.994809 -0.00614026 -0.101573 0 0.998178 -0.0603418 0.101758 -0.0600286 -0.992996 LS51.dat
1 7 923.011 -119.243 -776.888 -0.994843 -0.00782931 -0.101124 0 0.997016 -0.0771921 0.101426 -0.0767941 -0.991875 LS51.dat
1 7 923.018 -120.052 -776.826 -0.994877 -0.0094873 -0.100644 0 0.995586 -0.0938503 0.10109 -0.0933695 -0.990486 LS51.dat
1 7 923.026 -120.859 -776.75 -0.994912 -0.0111134 -0.100134 0 0.993897 -0.110308 0.100748 -0.109747 -0.98884 LS51.dat
1 7 923.035 -121.666 -776.661 -0.994947 -0.0127068 -0.0995953 0 0.991959 -0.126559 0.100403 -0.125919 -0.986947 LS51.dat
1 7 923.045 -122.47 -776.559 -0.994982 -0.0142671 -0.0990298 0 0.989781 -0.142596 0.100052 -0.141881 -0.984814 LS51.dat
1 7 923.056 -123.273 -776.444 -0.995018 -0.0157936 -0.0984384 0 0.987373 -0.158415 0.0996973 -0.157626 -0.982453 LS51.dat
1 7 923.069 -124.074 -776.316 -0.995054 -0.0172859 -0.0978222 0 0.984744 -0.174012 0.0993377 -0.173151 -0.979873 LS51.dat
1 7 923.083 -124.873 -776.176 -0.99509 -0.0187439 -0.0971825 0 0.981903 -0.189383 0.0989736 -0.188453 -0.977082 LS51.dat
1 7 923.098 -125.669 -776.023 -0.995127 -0.0201672 -0.0965203 0 0.978861 -0.204526 0.0986047 -0.203529 -0.974091 LS51.dat
1 7 923.115 -126.463 -775.858 -0.995164 -0.0215558 -0.0958368 0 0.975626 -0.219439 0.0982311 -0.218378 -0.970908 LS51.dat
1 7 923.132 -127.254 -775.681 -0.995201 -0.0229095 -0.095133 0 0.972207 -0.234123 0.0978527 -0.232999 -0.967541 LS51.dat
1 7 923.151 -128.042 -775.492 -0.995239 -0.0242285 -0.09441 0 0.968613 -0.248575 0.0974693 -0.247392 -0.964001 LS51.dat
1 7 923.17 -128.828 -775.291 -0.995276 -0.0255127 -0.0936688 0 0.964851 -0.262798 0.0970811 -0.261557 -0.960293 LS51.dat
1 7 923.191 -129.61 -775.079 -0.995315 -0.0267623 -0.0929101 0 0.96093 -0.276792 0.0966877 -0.275495 -0.956428 LS51.dat
1 7 923.213 -130.389 -774.856 -0.995353 -0.0279776 -0.0921351 0 0.956857 -0.290558 0.0962892 -0.289208 -0.952411 LS51.dat
1 7 923.236 -131.165 -774.621 -0.995392 -0.0291587 -0.0913444 0 0.95264 -0.304099 0.0958855 -0.302698 -0.948251 LS51.dat
1 7 923.259 -131.937 -774.376 -0.995432 -0.0303059 -0.0905389 0 0.948286 -0.317417 0.0954764 -0.315967 -0.943954 LS51.dat
1 7 923.284 -132.706 -774.12 -0.995471 -0.0314195 -0.0897194 0 0.9438 -0.330516 0.0950618 -0.329019 -0.939526 LS51.dat
1 7 923.309 -133.471 -773.853 -0.995511 -0.0324998 -0.0888865 0 0.93919 -0.343398 0.0946416 -0.341857 -0.934974 LS51.dat
1 7 923.336 -134.232 -773.576 -0.995552 -0.0335472 -0.0880408 0 0.93446 -0.356068 0.0942157 -0.354484 -0.930303 LS51.dat
1 7 923.363 -134.989 -773.289 -0.995593 -0.034562 -0.0871831 0 0.929617 -0.368528 0.093784 -0.366904 -0.925519 LS51.dat
1 7 923.391 -135.743 -772.991 -0.995634 -0.0355447 -0.0863139 0 0.924664 -0.380784 0.0933462 -0.379121 -0.920627 LS51.dat
1 7 923.42 -136.493 -772.684 -0.995675 -0.0364956 -0.0854336 0 0.919607 -0.392839 0.0929022 -0.39114 -0.91563 LS51.dat
1 7 923.449 -137.238 -772.367 -0.995717 -0.0374152 -0.0845427 0 0.91445 -0.404698 0.092452 -0.402965 -0.910534 LS51.dat
1 7 923.48 -137.98 -772.04 -0.995759 -0.0383037 -0.0836418 0 0.909197 -0.416367 0.0919952 -0.414601 -0.905341 LS51.dat
1 7 923.511 -138.718 -771.703 -0.995802 -0.0391617 -0.0827311 0 0.903851 -0.427848 0.0915318 -0.426052 -0.900056 LS51.dat
1 7 923.542 -139.451 -771.358 -0.995845 -0.0399895 -0.081811 0 0.898415 -0.439148 0.0910615 -0.437324 -0.894682 LS51.dat
1 7 923.575 -140.18 -771.003 -0.995889 -0.0407875 -0.0808819 0 0.892891 -0.450272 0.0905842 -0.448421 -0.889221 LS51.dat
1 7 923.608 -140.905 -770.639 -0.995933 -0.0415562 -0.0799439 0 0.887283 -0.461225 0.0900996 -0.459349 -0.883675 LS51.dat
1 7 923.642 -141.625 -770.266 -0.995977 -0.0422957 -0.0789974 0 0.881593 -0.472011 0.0896076 -0.470112 -0.878046 LS51.dat
1 7 923.676 -142.342 -769.884 -0.996022 -0.0430066 -0.0780425 0 0.875821 -0.482636 0.0891078 -0.480716 -0.872337 LS51.dat
1 7 923.711 -143.053 -769.493 -0.996067 -0.0436891 -0.0770794 0 0.86997 -0.493105 0.0886001 -0.491166 -0.866549 LS51.dat
1 7 923.747 -143.761 -769.094 -0.996113 -0.0443436 -0.0761082 0 0.86404 -0.503423 0.0880842 -0.501467 -0.860681 LS51.dat
1 7 923.783 -144.463 -768.686 -0.996159 -0.0449704 -0.0751291 0 0.858032 -0.513596 0.0875598 -0.511624 -0.854736 LS51.dat
1 7 923.819 -145.161 -768.27 -0.996206 -0.0455697 -0.0741421 0 0.851946 -0.523629 0.0870267 -0.521642 -0.848714 LS51.dat
1 7 923.856 -145.855 -767.845 -0.996253 -0.0461418 -0.0731472 0 0.845783 -0.533527 0.0864846 -0.531528 -0.842614 LS51.dat
1 7 923.894 -146.544 -767.412 -0.996301 -0.046687 -0.0721445 0 0.839542 -0.543294 0.0859331 -0.541285 -0.836437 LS51.dat
1 7 923.932 -147.228 -766.971 -0.996349 -0.0472054 -0.0711339 0 0.833223 -0.552937 0.085372 -0.550919 -0.830181 LS51.dat
1 7 923.97 -147.908 -766.522 -0.996398 -0.0476971 -0.0701154 0 0.826824 -0.562461 0.0848009 -0.560434 -0.823846 LS51.dat
1 7 924.009 -148.583 -766.064 -0.996447 -0.0481625 -0.069089 0 0.820345 -0.571869 0.0842194 -0.569837 -0.81743 LS51.dat
1 7 924.049 -149.253 -765.599 -0.996497 -0.0486015 -0.0680544 0 0.813784 -0.581168 0.0836272 -0.579132 -0.810933 LS51.dat
1 7 924.088 -149.918 -765.126 -0.996548 -0.0490142 -0.0670118 0 0.807138 -0.590362 0.0830239 -0.588324 -0.804352 LS51.dat
1 7 924.128 -150.578 -764.645 -0.996599 -0.0494007 -0.0659608 0 0.800407 -0.599457 0.0824091 -0.597418 -0.797684 LS51.dat
1 7 924.169 -151.233 -764.155 -0.99665 -0.049761 -0.0649014 0 0.793587 -0.608457 0.0817823 -0.606419 -0.790929 LS51.dat
1 7 924.21 -151.883 -763.659 -0.996702 -0.050095 -0.0638333 0 0.786676 -0.617367 0.0811431 -0.615331 -0.784081 LS51.dat
1 7 924.251 -152.528 -763.154 -0.996755 -0.0504028 -0.0627564 0 0.779669 -0.626191 0.080491 -0.62416 -0.77714 LS51.dat
1 7 924.292 -153.168 -762.642 -0.996809 -0.0506841 -0.0616704 0 0.772565 -0.634936 0.0798255 -0.63291 -0.7701 LS51.dat
