0 FILE Main.ldr
0 Untitled
0 Name: Main.ldr
0 Author:  marco
0 Unofficial Model
0 ROTATION CENTER 0 0 0 1 "Custom" 
0 ROTATION CONFIG 0 0
1 7 0 0 0 1 0 0 0 1 0 0 0 1 chassis.ldr
1 7 0 0 0 1 0 0 0 1 0 0 0 1 suspension.ldr
1 7 0 0 0 1 0 0 0 1 0 0 0 1 steer.ldr
1 7 19.8 -90.924 -145.263 1 0 0 0 0.990268 -0.139173 0 0.139173 0.990268 figure.ldr
0
0 FILE chassis.ldr
0 CHASSIS
0 ROTATION CENTER 0 0 0 1 "Custom" 
0 ROTATION CONFIG 0 0
1 14 -100 -193.201 41.3091 1 0 0 0 0.994522 -0.104528 0 0.104528 0.994522 3934.dat
1 14 -70 -178.973 -17.526 0 0 -1 -0.104528 0.994522 0 0.994522 0.104528 0 3703.dat
1 14 -70 -182.748 -58.1431 0 0 -1 -0.104528 0.994522 0 0.994522 0.104528 0 3023.dat
1 15 -70 -230.485 -63.1604 0 0 -1 -0.104528 0.994522 0 0.994522 0.104528 0 4864a.dat
1 14 -70 -254.354 -65.6691 0 0 -1 -0.104528 0.994522 0 0.994522 0.104528 0 3700.dat
1 0 -60 -244.409 -64.6243 1 0 0 0 0.994521 -0.104533 0 0.104533 0.994521 4519.dat
1 14 -50 -183.692 -68.2974 0 0 1 0.994521 -0.104535 0 0.104535 0.994521 0 3895.dat
1 0 -40 -125.616 -51.6351 -1 0 0 0 -0.997242 0.0742165 0 0.0742165 0.997242 2780.dat
1 0 -29.9997 -111.377 -201.467 -1 0 0 0 0.994522 0.104522 0 0.104522 -0.994523 3040b.dat
1 14 -10 -109.287 -221.358 -1 0 0 0 0.994522 0.104522 0 0.104522 -0.994523 4286.dat
1 14 -20 -86.4631 -208.904 1 0 0 0 0.994523 -0.104522 0 0.104522 0.994523 3022.dat
1 14 -10 -79.5522 -198.123 0 0 -1 -0.104522 0.994523 0 0.994523 0.104522 0 2357.dat
1 14 -30 -106.151 -251.193 0 0 -1 -0.104522 0.994523 0 0.994523 0.104522 0 3701.dat
1 14 -30 -117.243 -222.194 0 0 -1 -0.104522 0.994523 0 0.994523 0.104522 0 3623.dat
1 14 50.0003 -109.286 -221.358 -1 0 0 0 0.994522 0.104522 0 0.104522 -0.994523 4286.dat
1 14 60 -86.4631 -208.904 1 0 0 0 0.994523 -0.104522 0 0.104522 0.994523 3022.dat
1 14 50 -79.5521 -198.123 1 0 0 0 0.994523 -0.104522 0 0.104522 0.994523 2357.dat
1 14 20.0003 -117.243 -222.194 1 0 0 0 0.994523 -0.104522 0 0.104522 0.994523 3710.dat
1 14 70 -106.151 -251.193 0 0 -1 -0.104522 0.994523 0 0.994523 0.104522 0 3701.dat
1 14 70 -117.243 -222.194 0 0 -1 -0.104522 0.994523 0 0.994523 0.104522 0 3623.dat
1 0 20.0003 -144.887 -265.32 1 0 0 0 0.994523 -0.104522 0 0.104522 0.994523 3666.dat
1 14 50 -136.93 -264.483 1 0 0 0 0.994523 -0.104522 0 0.104522 0.994523 4070.dat
1 14 -10 -136.93 -264.483 1 0 0 0 0.994523 -0.104522 0 0.104522 0.994523 4070.dat
1 14 20.0003 -113.062 -261.975 1 0 0 0 0.994523 -0.104522 0 0.104522 0.994523 3666.dat
1 0 80 -177.756 -258.719 1 0 0 0 0.994523 -0.104522 0 0.104522 0.994523 2444.dat
1 0 70 -169.8 -257.883 0 0 -1 -0.104522 0.994523 0 0.994523 0.104522 0 3004.dat
1 14 70 -146.977 -245.429 0 0 1 0.104522 0.994523 0 -0.994523 0.104522 0 3024.dat
1 14 70 -137.976 -254.538 0 0 -1 -0.104522 0.994523 0 0.994523 0.104522 0 3700.dat
1 0 -39.9997 -177.756 -258.719 -1 0 0 0 0.994522 0.104522 0 0.104522 -0.994523 2444.dat
1 0 -29.9997 -169.8 -257.883 0 0 -1 -0.104522 0.994523 0 0.994523 0.104522 0 3700.dat
1 14 -29.9997 -146.977 -245.429 0 0 1 0.104522 0.994523 0 -0.994523 0.104522 0 3024.dat
1 14 -29.9997 -137.976 -254.538 0 0 -1 -0.104522 0.994523 0 0.994523 0.104522 0 3700.dat
1 0 20 -184.667 -269.5 1 0 0 0 0.994523 -0.104522 0 0.104522 0.994523 3666.dat
1 0 70 -111.377 -201.467 -1 0 0 0 0.994522 0.104522 0 0.104522 -0.994523 3040b.dat
1 0 -30 -111.783 -121.069 -1 0 0 0 0.994522 0.104522 0 0.104522 -0.994523 3040b.dat
1 14 -30 -88.9592 -108.615 0 0 -1 -0.104522 0.994523 0 0.994523 0.104522 0 3702.dat
1 14 -30 -92.7345 -149.232 0 0 -1 -0.104522 0.994523 0 0.994523 0.104522 0 3069b.dat
1 14 -30 -109.052 -70.5069 0 0 -1 -0.104522 0.994523 0 0.994523 0.104522 0 3023.dat
1 14 -30 -102.141 -59.7255 0 0 -1 -0.104522 0.994523 0 0.994523 0.104522 0 3623.dat
1 14 -30 -135.011 -53.125 0 0 -1 -0.104522 0.994523 0 0.994523 0.104522 0 3700.dat
1 14 -30 -112.188 -40.6712 0 0 1 0.104522 0.994523 0 -0.994523 0.104522 0 3024.dat
1 0 20 -135.651 -123.578 -1 0 0 0 0.994522 0.104522 0 0.104522 -0.994523 3894.dat
1 4 20 -145.698 -104.524 1 0 0 0 0.994522 -0.104524 0 0.104524 0.994522 2717.dat
1 14 30 -145.698 -104.523 0 0 -1 -0.104522 0.994523 0 0.994523 0.104522 0 3623.dat
1 14 10 -145.698 -104.523 0 0 -1 -0.104522 0.994523 0 0.994523 0.104522 0 3623.dat
1 14 20 -139.832 -83.7969 -1 0 0 0 0.994523 0.104522 0 0.104522 -0.994523 3701.dat
1 14 20 -115.963 -81.2883 1 0 0 0 0.994523 -0.104519 0 0.104519 0.994523 3666.dat
1 0 70 -111.782 -121.069 -1 0 0 0 0.994522 0.104522 0 0.104522 -0.994523 3040b.dat
1 14 70 -88.9591 -108.616 0 0 -1 -0.104522 0.994523 0 0.994523 0.104522 0 3702.dat
1 14 70 -92.7344 -149.232 0 0 -1 -0.104522 0.994523 0 0.994523 0.104522 0 3069b.dat
1 14 70 -109.052 -70.5069 0 0 -1 -0.104522 0.994523 0 0.994523 0.104522 0 3023.dat
1 14 70 -102.141 -59.7255 0 0 -1 -0.104522 0.994523 0 0.994523 0.104522 0 3623.dat
1 14 70 -135.011 -53.125 0 0 -1 -0.104522 0.994523 0 0.994523 0.104522 0 3700.dat
1 14 70 -112.188 -40.6712 0 0 1 0.104522 0.994523 0 -0.994523 0.104522 0 3024.dat
1 0 20 -94.1151 -270.039 1 0 0 0 0.994522 -0.104529 0 0.104529 0.994522 3708.dat
1 0 80 -125.066 -52.0797 -1 0 0 0 -0.571936 -0.820298 0 -0.820298 0.571936 2780.dat
1 14 90 -184.475 -68.7595 0 0 1 0.994521 -0.104533 0 0.104533 0.994521 0 3895.dat
1 0 100 -284.739 -68.3602 -1 0 0 0 0.994522 0.104533 0 0.104533 -0.994521 2780.dat
1 0 110 -294.592 20.5973 0 0 1 0.104534 0.994521 0 -0.994521 0.104534 0 3707.dat
1 0 100 -303.999 110.104 -1 0 0 0 0.994522 0.104533 0 0.104533 -0.994521 2780.dat
1 14 20 -294.55 120.649 1 0 0 0 0.104534 0.994521 0 -0.994521 0.104534 3023.dat
1 14 20 -314.44 118.559 1 0 0 0 0.104534 0.994521 0 -0.994521 0.104534 3666.dat
1 14 60 -305.331 127.56 1 0 0 0 0.104534 0.994521 0 -0.994521 0.104534 3709b.dat
1 14 -20 -305.331 127.56 1 0 0 0 0.104534 0.994521 0 -0.994521 0.104534 3709b.dat
1 14 90 -244.824 125.876 0 0 -1 0.994521 0.104534 0 0.104534 -0.994521 0 3702.dat
1 14 -50 -244.824 125.876 0 0 -1 0.994521 0.104534 0 0.104534 -0.994521 0 3702.dat
1 14 20 -176.043 141.149 1 0 0 0 0.104534 0.994521 0 -0.994521 0.104534 3460.dat
1 0 100 -184.107 122.203 -1 0 0 0 0.994522 0.104533 0 0.104533 -0.994521 2780.dat
1 14 110 -254.354 -65.6686 0 0 -1 -0.104528 0.994522 0 0.994522 0.104528 0 3700.dat
1 15 110 -230.485 -63.16 0 0 1 0.104528 0.994522 0 -0.994522 0.104528 0 4864a.dat
1 14 110 -182.748 -58.1427 0 0 -1 -0.104528 0.994522 0 0.994522 0.104528 0 3023.dat
1 14 110 -178.973 -17.5256 0 0 -1 -0.104528 0.994522 0 0.994522 0.104528 0 3703.dat
1 14 140 -193.201 41.3095 1 0 0 0 0.994522 -0.104528 0 0.104528 0.994522 3933.dat
1 14 110 -208.474 110.09 -1 0 0 0 0.994522 0.104528 0 0.104528 -0.994522 4085c.dat
1 0 100 -244.958 -64.1789 1 0 0 0 0.994522 -0.104529 0 0.104529 0.994522 4519.dat
1 0 100 -165.397 -55.8162 -1 0 0 0 0.994522 0.104533 0 0.104533 -0.994521 2780.dat
1 0 110 -202.609 130.817 1 0 0 0 0.994522 -0.104528 0 0.104528 0.994522 2569.dat
1 0 -60 -303.45 109.659 -1 0 0 0 0.994522 0.104533 0 0.104533 -0.994521 2780.dat
1 0 -69.9988 -293.596 20.7017 0 0 -1 0.104537 -0.994521 0 -0.994521 -0.104537 0 3707.dat
1 0 -59.9988 -284.187 -68.8052 -1 0 0 0 0.994522 0.104535 0 0.104535 -0.994521 2780.dat
1 0 -60 -183.662 122.752 -1 0 0 0 0.994522 0.104533 0 0.104533 -0.994521 2780.dat
1 0 110 -279.657 -118.606 0 0 1 0.0906367 0.995884 0 -0.995884 0.0906367 0 3705.dat
1 7 120 -275.125 -168.4 1 0 0 0 0.995884 -0.0906363 0 0.0906363 0.995884 4274.dat
1 0 110 -221.768 -212.534 0 0 1 0.76828 0.640115 0 -0.640115 0.76828 0 3706.dat
1 0 100 -167.811 -257.674 -1 0 0 0 0.104522 -0.994523 0 -0.994523 -0.104522 2780.dat
1 14 20 -174.296 -66.807 1 0 0 0 -0.104534 -0.994521 0 0.994521 -0.104534 3701.dat
1 14 20 -176.805 -42.9386 1 0 0 0 -0.104534 -0.994521 0 0.994521 -0.104534 3460.dat
1 14 80 -292.803 -87.307 1 0 0 0 -0.104534 -0.994521 0 0.994521 -0.104534 3023.dat
1 14 0 -292.803 -87.3075 1 0 0 0 -0.104534 -0.994521 0 0.994521 -0.104534 3666.dat
1 14 20 -293.639 -79.3508 -1 0 0 0 -0.104534 0.994521 0 0.994521 0.104534 3894.dat
1 14 20 -296.148 -55.4828 1 0 0 0 -0.104534 -0.994521 0 0.994521 -0.104534 3460.dat
1 0 -60 -167.811 -257.674 -1 0 0 0 -0.994523 -0.104522 0 -0.104522 0.994523 2780.dat
1 0 -70 -222.408 -213.302 0 0 1 0.76828 0.640115 0 -0.640115 0.76828 0 3706.dat
1 7 -79.9996 -276.188 -168.494 -1 0 0 0 -0.994522 -0.104528 0 -0.104528 0.994522 4274.dat
1 0 -69.9997 -279.449 -118.58 0 0 1 0.0906367 0.995884 0 -0.995884 0.0906367 0 3705.dat
1 0 -40 -128.03 -253.493 -1 0 0 0 0.994522 0.104533 0 0.104533 -0.994521 2780.dat
1 0 -60 -127.534 -262.993 1 0 0 0 -0.104546 -0.99452 0 0.99452 -0.104546 2444.dat
1 0 80 -128.03 -253.493 -1 0 0 0 0.994522 0.104533 0 0.104533 -0.994521 2780.dat
1 0 100 -127.535 -262.993 -1 0 0 0 -0.104522 0.994523 0 0.994523 0.104522 2444.dat
1 0 -60 -164.847 -56.2616 -1 0 0 0 0.994522 0.104535 0 0.104535 -0.994521 2780.dat
1 15 20 -125.522 -277.361 1 0 0 0 -0.104522 -0.994523 0 0.994523 -0.104522 2431pt0.dat
1 15 100 -126.698 -270.949 1 0 0 0 -0.104522 -0.994523 0 0.994523 -0.104522 4150p01.dat
1 15 -59.9997 -126.698 -270.95 1 0 0 0 -0.104546 -0.99452 0 0.99452 -0.104546 4150p01.dat
1 7 110 -183.354 -244.54 -1 0 0 0 -0.640113 -0.768281 0 -0.768281 0.640112 3651.dat
1 7 -70 -184.171 -244.976 -1 0 0 0 -0.640113 -0.768281 0 -0.768281 0.640112 3651.dat
1 7 -70 -300.914 90.318 1 0 0 0 -0.994521 0.104534 0 -0.104534 -0.994521 3651.dat
1 7 110 -300.914 90.318 1 0 0 0 -0.994521 0.104534 0 -0.104534 -0.994521 3651.dat
1 7 110 -260.182 -180.528 1 0 0 0 -0.640115 0.768279 0 -0.768279 -0.640115 4273b.dat
1 7 110 -276.938 -148.483 -1 0 0 0 -0.995884 -0.0906371 0 -0.0906371 0.995884 4273b.dat
1 7 110 -282.376 -88.7298 -1 0 0 0 0.995884 0.0906369 0 0.0906369 -0.995884 4273b.dat
1 7 110.001 -286.279 -48.9148 1 0 0 0 0.994521 -0.104533 0 0.104533 0.994521 4273b.dat
1 7 -70 -282.446 -88.7368 1 0 0 0 -0.994521 0.104534 0 -0.104534 -0.994521 4273b.dat
1 7 -70 -286.28 -48.9153 -1 0 0 0 -0.994521 -0.104534 0 -0.104534 0.994521 4273b.dat
1 7 20.0003 -89.5988 -179.068 1 0 0 0 0.994523 -0.104522 0 0.104522 0.994523 2719.dat
1 7 20 -57.7741 -175.724 1 0 0 0 0.994523 -0.104522 0 0.104522 0.994523 2719.dat
1 7 -70 -260.755 -181.301 -1 0 0 0 0.640116 0.768278 0 0.768278 -0.640116 4273b.dat
1 7 -70 -278 -148.577 1 0 0 0 0.995884 -0.0906428 0 0.0906428 0.995884 4273b.dat
1 7 -35 -244.409 -64.6243 0 0 1 -0.994521 0.104534 0 -0.104534 -0.994521 0 4265a.dat
1 7 -85 -244.409 -64.6243 0 0 -1 -0.994521 -0.104534 0 -0.104534 0.994521 0 4265a.dat
1 7 75 -244.409 -64.6238 0 0 -1 -0.994521 -0.104534 0 -0.104534 0.994521 0 4265a.dat
1 7 125 -244.409 -64.6238 0 0 1 -0.994521 0.104534 0 -0.104534 -0.994521 0 4265a.dat
1 7 85 -94.1151 -270.039 0 0 1 -0.994521 0.104534 0 -0.104534 -0.994521 0 4265a.dat
1 7 135 -94.1151 -270.039 0 0 -1 -0.994521 -0.104534 0 -0.104534 0.994521 0 4265a.dat
1 7 -95 -94.1151 -270.039 0 0 1 -0.994521 0.104534 0 -0.104534 -0.994521 0 4265a.dat
1 7 -45 -94.1151 -270.039 0 0 -1 -0.994521 -0.104533 0 -0.104533 0.994521 0 4265a.dat
0
0 FILE suspension.ldr
0 SUSPENSION
0 Name: C:\USERS\USER\DESKTOP\POLAR\SUSPENSION.LDR
0 Author: LEGO Digital Designer 4.3
0 WORLD  -165.6917 216.8113 -254.6647 0.049165 0.1030091 0.9934649 0.6959469 0.7099133 -0.1080503 -0.7164081 0.6967113 -0.03678541
0 CENTRE  0 0 0
0 LOOKAT  -162 148 -84
0 ZOOM  52
0 ROTANGLE 0
0 ROTATION CENTER 0 0 0 1 "Custom" 
0 ROTATION CONFIG 0 0
1 0 20 -85.2852 -47.8988 1 0 0 0 0.994522 -0.104528 0 0.104528 0.994522 3707.dat
1 14 50 -90.3359 -6.9783 0 0 -1 0.12187 0.992546 0 0.992546 -0.12187 0 3894.dat
1 0 60 -77.974 11.5408 -1 0 0 0 0.992546 -0.12187 0 -0.12187 -0.992546 2780.dat
1 14 70 -83.0247 52.4614 0 0 -1 0.12187 0.992546 0 0.992546 -0.12187 0 3894.dat
1 0 70 -86.0903 93.1382 0 0 -1 0.12187 0.992546 0 0.992546 -0.12187 0 3710.dat
1 0 60 -75.5366 31.3917 -1 0 0 0 0.992546 -0.12187 0 -0.12187 -0.992546 2780.dat
1 7 80 -73.0992 51.2427 -1 0 0 0 0.992546 -0.12187 0 -0.12187 -0.992546 3673.dat
1 0 90 -122.511 27.0873 0 0 1 0.439189 0.898395 0 -0.898395 0.439189 0 731.dat
1 7 90.4005 -171.414 3.96922 0 0 -1 -0.439189 0.898395 0 0.898395 0.439189 0 4255.dat
1 7 100 -171.484 3.25918 -1 0 0 0 0.994521 0.104534 0 0.104534 -0.994521 3673.dat
1 0 20 -90.3745 123.89 1 0 0 0 0.992546 0.12187 0 -0.12187 0.992546 3666.dat
1 14 -30 -83.0247 52.4614 0 0 -1 0.12187 0.992546 0 0.992546 -0.12187 0 3894.dat
1 0 -30 -86.0902 93.1381 0 0 -1 0.12187 0.992546 0 0.992546 -0.12187 0 3710.dat
1 7 -40 -73.0992 51.2427 -1 0 0 0 0.992546 -0.12187 0 -0.12187 -0.992546 3673.dat
1 0 -50 -122.511 27.0873 0 0 1 0.439189 0.898395 0 -0.898395 0.439189 0 731.dat
1 7 -60 -171.119 3.40978 -1 0 0 0 0.994521 0.104534 0 0.104534 -0.994521 3673.dat
1 0 -20 -77.974 11.5408 -1 0 0 0 0.992546 -0.12187 0 -0.12187 -0.992546 2780.dat
1 14 -10 -90.3359 -6.9783 0 0 -1 0.12187 0.992546 0 0.992546 -0.12187 0 3894.dat
1 0 -20 -75.5366 31.3917 -1 0 0 0 0.992546 -0.12187 0 -0.12187 -0.992546 2780.dat
1 0 20 -97.6867 64.3367 1 0 0 0 0.992546 0.12187 0 -0.12187 0.992546 3666.dat
1 0 -30 -117.852 97.038 0 0 -1 0.12187 0.992546 0 0.992546 -0.12187 0 3701.dat
1 7 -40 -110.364 75.9684 1 0 0 0 0.992546 0.121869 0 -0.121869 0.992546 4274.dat
1 14 -50 -117.852 97.038 0 0 -1 0.12187 0.992546 0 0.992546 -0.12187 0 3701.dat
1 0 -60 -107.926 95.8193 -1 0 0 0 0.992546 -0.12187 0 -0.12187 -0.992546 2780.dat
1 14 -70 -86.8566 103.307 0 0 1 -0.992546 -0.12187 0 0.12187 -0.992546 0 3701.dat
1 0 -40 -105.489 115.67 -1 0 0 0 0.992546 -0.12187 0 -0.12187 -0.992546 2780.dat
1 7 -20 -110.364 75.9684 -1 0 0 0 0.992546 -0.12187 0 -0.12187 -0.992546 4274.dat
1 7 -0.0112052 -133.228 98.8178 0 0 1 -0.12187 0.992546 0 -0.992546 -0.12187 0 2850.dat
1 0 20 -109.859 75.7983 -1 0 0 0 0.992546 -0.12187 0 -0.12187 -0.992546 2780.dat
1 7 39.9888 -133.228 98.8178 0 0 1 -0.12187 0.992546 0 -0.992546 -0.12187 0 2850.dat
1 7 60 -109.859 75.7983 1 0 0 0 0.992546 0.12187 0 -0.12187 0.992546 4274.dat
1 0 70 -117.852 97.038 0 0 -1 0.12187 0.992546 0 0.992546 -0.12187 0 3701.dat
1 7 80 -110.364 75.9684 -1 0 0 0 0.992546 -0.12187 0 -0.12187 -0.992546 4274.dat
1 14 90 -117.852 97.038 0 0 -1 0.12187 0.992546 0 0.992546 -0.12187 0 3701.dat
1 0 100 -107.926 95.8193 -1 0 0 0 0.992546 -0.12187 0 -0.12187 -0.992546 2780.dat
1 14 110 -86.8566 103.307 0 0 1 -0.992546 -0.12187 0 0.12187 -0.992546 0 3701.dat
1 0 80 -105.489 115.67 -1 0 0 0 0.992546 -0.12187 0 -0.12187 -0.992546 2780.dat
1 0 20 -104.984 115.5 -1 0 0 0 0.992546 -0.12187 0 -0.12187 -0.992546 2780.dat
1 7 -50 -171.119 3.40978 0 0 1 0.439189 0.898395 0 -0.898395 0.439189 0 4255.dat
1 7 5 -85.2853 -47.8987 0 0 1 0.104528 0.994522 0 -0.994522 0.104528 0 4265a.dat
1 7 35 -85.2853 -47.8988 0 0 -1 -0.104528 0.994522 0 0.994522 0.104528 0 4265a.dat
1 7 0 0 0 1 0 0 0 1 0 0 0 1 engine.ldr
0
0 FILE engine.ldr
0 ENGINE
0 Name: C:\USERS\USER\DESKTOP\POLAR\ENGINE.LDR
0 Author: LEGO Digital Designer 4.3
0 WORLD  291.7742 -0.516626 189.4044 0.646459 0.233503 0.7263356 0.2462252 0.8372215 -0.4882955 -0.7221256 0.494504 0.4837368
0 CENTRE  0 0 0
0 LOOKAT  344 -93 188
0 ZOOM  50
0 ROTANGLE 0
0 ROTATION CENTER 0 0 0 1 "Custom" 
0 ROTATION CONFIG 0 0
1 7 40 -69.9394 81.08 0 0 -1 0.363555 0.931573 0 0.931573 -0.363555 0 2852.dat
1 8 40 -107.202 95.6222 1 0 0 0 0.992547 0.121867 0 -0.121867 0.992547 2851.dat
1 0 110 -68.2244 90.9445 1 0 0 0 0.992546 0.12187 0 -0.12187 0.992546 3706.dat
1 7 40 -68.2244 90.9445 0 0 -1 0.12187 0.992546 0 0.992546 -0.12187 0 2853.dat
1 7 130 -68.2244 90.9446 0 0 1 -0.12187 0.992546 0 -0.992546 -0.12187 0 3713.dat
1 7 90 -68.2244 90.9445 0 0 -1 0.12187 0.992546 0 0.992546 -0.12187 0 3713.dat
1 7 20 -68.7207 91.0055 0 0 1 -0.12187 0.992546 0 -0.992546 -0.12187 0 2854.dat
1 7 0 -68.7207 91.0055 0 0 1 -0.12187 0.992546 0 -0.992546 -0.12187 0 2853.dat
1 0 -70 -68.7207 91.0055 1 0 0 0 0.992546 0.12187 0 -0.12187 0.992546 3706.dat
1 7 -50 -68.2244 90.9445 0 0 1 -0.12187 0.992546 0 -0.992546 -0.12187 0 3713.dat
1 7 -90 -68.2244 90.9445 0 0 -1 0.12187 0.992546 0 0.992546 -0.12187 0 3713.dat
1 7 0 -67.502 100.931 0 0 1 0.154291 0.988026 0 -0.988026 0.154291 0 2852.dat
1 8 0 -107.023 94.7593 1 0 0 0 0.992547 0.121867 0 -0.121867 0.992547 2851.dat
1 15 150 -68.2244 90.9445 0 0 -1 0.12187 0.992546 0 0.992546 -0.12187 0 6582.dat
1 0 150 -68.2244 90.9445 0 0 -1 0.12187 0.992546 0 0.992546 -0.12187 0 6581.dat
1 15 -110 -68.2244 90.9445 0 0 1 -0.12187 0.992545 0 -0.992546 -0.12187 0 6582.dat
1 0 -110 -68.2244 90.9445 0 0 1 -0.12187 0.992545 0 -0.992546 -0.12187 0 6581.dat
0
0 FILE steer.ldr
0 STEER
0 Name: C:\USERS\USER\DESKTOP\POLAR\STEER.LDR
0 Author: LEGO Digital Designer 4.3
0 WORLD  262.7685 -12.30828 -93.77251 0.5640873 -0.1450722 0.812875 0.3746783 0.9222313 -0.09541605 -0.7358151 0.3583874 0.5745721
0 CENTRE  0 0 0
0 LOOKAT  201 -116 159
0 ZOOM  62
0 ROTANGLE 0
0 ROTATION CENTER 0 0 0 1 "Custom" 
0 ROTATION CONFIG 0 0
1 7 -70 -89.8005 -138.869 0 1 0 0.994523 0 0.104521 0.104521 0 -0.994523 3749.dat
1 7 -55 -71.6974 -177.187 0 0 -1 -0.104522 0.994523 0 0.994523 0.104522 0 32123a.dat
1 0 -90 -71.6974 -177.187 1 0 0 0 0.994523 -0.104522 0 0.104522 0.994523 3705.dat
1 7 -90 -71.6974 -177.187 0 0 -1 -0.104522 0.994523 0 0.994523 0.104522 0 3713.dat
1 7 20 -109.691 -140.96 1 0 0 0 0.994521 -0.104534 0 0.104534 0.994521 3743.dat
1 7 20.079 -329.492 -73.0707 0.987447 0.157952 0 0.0165114 -0.103221 -0.994521 -0.157086 0.982037 -0.104534 4185.dat
1 0 20.079 -242.969 -63.9763 0 0.157951 0.987447 0.994521 -0.103221 0.016511 0.104534 0.982037 -0.157086 3737.dat
1 7 20.079 -314.574 -71.5027 0.157951 -0.987447 0 -0.103218 -0.0165106 -0.994522 0.982038 0.157086 -0.10453 3713.dat
1 7 20.079 -274.793 -67.3213 -0.157951 -0.987447 0 0.103218 -0.0165107 0.994522 -0.982038 0.157086 0.10453 3713.dat
1 7 19.501 -124.141 -142.478 -0.0575153 -0.998345 0 0.992876 -0.0572002 -0.104521 0.104348 -0.00601195 0.994523 3647.dat
1 0 19.501 -129.367 -92.7521 0 -0.998345 -0.0575156 0.104522 -0.0572005 0.992876 -0.994523 -0.00601204 0.104349 3706.dat
1 7 19.501 -128.322 -102.697 -0.998345 0.0575148 0 -0.0571996 -0.992875 -0.104533 -0.0060131 -0.10436 0.994522 3713.dat
1 0 130 -71.6974 -177.187 1 0 0 0 0.994523 -0.104522 0 0.104522 0.994523 3705.dat
1 7 130 -71.6974 -177.187 0 0 1 0.104522 0.994523 0 -0.994523 0.104522 0 3713.dat
1 7 95 -71.6974 -177.187 0 0 1 0.104522 0.994523 0 -0.994523 0.104522 0 32123a.dat
1 7 110.5 -87.8125 -138.66 0 1 0 0.994523 0 0.104521 0.104521 0 -0.994523 3749.dat
1 7 20.0003 -101.735 -140.124 1 0 0 0 0.994522 -0.104532 0 0.104532 0.994522 2719.dat
1 7 -70 -81.6426 -178.232 1 0 0 0 0.994522 -0.104522 0 0.104522 0.994522 4261.dat
1 7 110.5 -80.6481 -178.128 1 0 0 0 0.994522 -0.104522 0 0.104522 0.994522 4261.dat
1 7 19.5009 -131.771 -69.8781 -0.0575152 0.998345 0 0.992876 0.0572002 0.104521 0.104348 0.0060116 -0.994523 4143.dat
1 7 20.079 -152.467 -54.4637 -0.987447 -0.157951 0 -0.0165113 0.103221 -0.994521 0.157086 -0.982037 -0.104534 4143.dat
1 7 20.079 -160.423 -55.3 -0.987447 -0.157951 0 -0.0165113 0.103221 -0.994521 0.157086 -0.982037 -0.104534 4265a.dat
1 15 150 -71.6974 -177.187 0 0 -1 -0.104522 0.994522 0 0.994522 0.104522 0 6582.dat
1 15 -110 -71.6974 -177.187 0 0 1 0.104522 0.994522 0 -0.994522 0.104522 0 6582.dat
1 0 150 -71.6974 -177.187 0 0 -1 -0.104522 0.994522 0 0.994522 0.104522 0 6581.dat
1 0 -110 -71.6974 -177.187 0 0 1 0.104522 0.994522 0 -0.994522 0.104522 0 6581.dat
0
0 FILE figure.ldr
0 Name: figure.ldr
0 ROTATION CENTER 0 0 0 1 "Custom" 
0 ROTATION CONFIG 0 0
1 15 0 -80.741 52.952 1 0 0 0 0.984808 0.173648 0 -0.173648 0.984808 2699.dat
1 15 0 -80.741 52.952 1 0 0 0 0.984808 0.173648 0 -0.173648 0.984808 2698.dat
1 15 0 -80.741 52.952 1 0 0 0 0.984808 0.173648 0 -0.173648 0.984808 2710.dat
1 15 15 -64 50 1 0 0 0 -0.182236 0.983255 0 -0.983255 -0.182236 2703.dat
1 15 -15 -64 50 1 0 0 0 -0.182236 0.983255 0 -0.983255 -0.182236 2709.dat
1 15 -10 -71.289 10.672 1 0 0 0 0.70091 0.71325 0 -0.71325 0.70091 2704.dat
1 15 10 -71.289 10.672 1 0 0 0 0.70091 0.713251 0 -0.713251 0.70091 2704.dat
1 0 10 -43.252 -17.856 1 0 0 0 0.70091 0.713251 0 -0.713251 0.70091 2706.dat
1 0 -10 -43.252 -17.856 1 0 0 0 0.70091 0.71325 0 -0.71325 0.70091 2706.dat
1 14 0 -133.921 62.33 1 0 0 0 1 0 0 0 1 2707p06.dat
1 0 0 -175.921 62.329 1 0 0 0 1 0 0 0 1 2708.dat
1 4 0 -164.143 61.619 1 0 0 0 0.979925 0.199368 0 -0.199368 0.979925 2715.dat
1 47 0 -164.143 61.619 1 0 0 0 0.979925 0.199368 0 -0.199368 0.979925 2716.dat
1 1 26.2 -126.043 60.94 0 0 -1 -0.139173 0.990268 0 0.990268 0.139173 0 2701.dat
1 1 26.2 -126.043 60.94 0 0 -1 -0.139173 0.990268 0 0.990268 0.139173 0 2705.dat
1 1 26.2 -126.043 60.94 0.939693 0 -0.34202 -0.0476005 0.990268 -0.13078 0.338691 0.139173 0.930547 2700.dat
1 1 36.802 -121.99 32.098 0.939693 0 -0.34202 -0.0476005 0.990268 -0.13078 0.338691 0.139173 0.930547 2701.dat
1 1 36.802 -121.99 32.098 0.939693 0 -0.34202 -0.0476005 0.990268 -0.13078 0.338691 0.139173 0.930547 2705.dat
1 1 36.802 -121.99 32.098 0.996195 0 0.0871557 0.0121297 0.990268 -0.138644 -0.0863076 0.139173 0.9865 2700.dat
1 14 33.797 -117.205 -1.946 -0.996195 0 0.0871557 -0.0121297 -0.990268 -0.138644 0.0863076 -0.139173 0.9865 2702.dat
1 1 -26.2 -126.043 60.94 0 0 1 -0.139173 -0.990268 0 0.990268 -0.139173 0 2701.dat
1 1 -26.2 -126.043 60.94 0 0 1 -0.139173 -0.990268 0 0.990268 -0.139173 0 2705.dat
1 1 -26.2 -126.043 60.94 -0.965926 0 0.258819 -0.0360209 -0.990268 -0.134431 0.256301 -0.139173 0.956525 2700.dat
1 1 -34.223 -121.875 31.29 -0.965926 0 0.258819 -0.0360209 -0.990268 -0.134431 0.256301 -0.139173 0.956525 2701.dat
1 1 -34.223 -121.875 31.29 -0.965926 0 0.258819 -0.0360209 -0.990268 -0.134431 0.256301 -0.139173 0.956525 2705.dat
1 1 -34.223 -121.875 31.29 -0.965926 0 -0.258819 0.0360209 -0.990268 -0.134431 -0.256301 -0.139173 0.956525 2700.dat
1 14 -25.295 -117.237 -1.716 0.965926 0 -0.258819 -0.0360209 0.990268 -0.134431 0.256301 0.139173 0.956525 2702.dat
0 
0 
0 
0 
0
0
