0 FILE Main.ldr
0 Untitled
0 Name: Main.ldr
0 Author: MLCad
0 Unofficial Model
0 ROTATION CENTER 0 0 0 1 "Custom" 
0 ROTATION CONFIG 0 0
1 7 0 0 0 1 0 0 0 1 0 0 0 1 tractor.ldr
1 7 0 0 0 1 0 0 0 1 0 0 0 1 tool.ldr
1 7 0 0 0 1 0 0 0 1 0 0 0 1 holder.ldr
1 7 0 0 0 1 0 0 0 1 0 0 0 1 steer.ldr
1 7 0 0 0 1 0 0 0 1 0 0 0 1 axis.ldr
1 7 0 0 0 1 0 0 0 1 0 0 0 1 lever.ldr
0
0 FILE tractor.ldr
0 TRACTOR
0 ROTATION CENTER 0 0 0 1 "Custom" 
0 ROTATION CONFIG 0 0
1 0 -20 -13.9572 -139.987 1 0 0 0 1 0 0 0 1 2780.dat
1 1 -30 -23.9572 -59.9866 0 0 -1 0 1 0 1 0 0 3703.dat
1 1 -20 0.0237598 20.011 1 0 0 0 1 0 0 0 1 3032.dat
1 1 -10 -23.9952 -59.9832 0 0 -1 0 1 0 1 0 0 3703.dat
1 1 -70 -23.9952 40.0168 0 0 -1 0 1 0 1 0 0 3700.dat
1 1 30 -23.9952 40.0168 0 0 -1 0 1 0 1 0 0 3700.dat
1 4 -20 -39.9454 -189.993 1 0 0 0 1 0 0 0 1 3710.dat
1 0 -20 -47.9454 -189.993 1 0 0 0 1 0 0 0 1 3710.dat
1 1 -20 -71.9454 -189.995 1 0 0 0 1 0 0 0 1 3700.dat
1 0 -10 -79.9454 -210 0 0 -1 0 1 0 1 0 0 3623.dat
1 7 -20 -87.9406 -220.002 1 0 0 0 1 0 0 0 1 3022.dat
1 0 -30 -79.9454 -210 0 0 -1 0 1 0 1 0 0 3623.dat
1 0 -20 -95.9382 -230.004 1 0 0 0 1 0 0 0 1 3023.dat
1 7 -20 -103.936 -220.006 1 0 0 0 1 0 0 0 1 3022.dat
1 4 -20 -111.938 -230.008 1 0 0 0 1 0 0 0 1 3710.dat
1 4 -20 -111.938 -210.008 1 0 0 0 1 0 0 0 1 3710.dat
1 7 -20 -31.9762 -219.989 1 0 0 0 1 0 0 0 1 3022.dat
1 7 -20 -39.9382 -219.991 1 0 0 0 1 0 0 0 1 3022.dat
1 1 -20 -47.9382 -229.993 1 0 0 0 1 0 0 0 1 3069b.dat
1 0 -20 -47.9382 -209.993 1 0 0 0 1 0 0 0 1 3710.dat
1 7 -20 -55.9406 -219.995 1 0 0 0 1 0 0 0 1 3022.dat
1 0 -20 -63.9382 -229.997 1 0 0 0 1 0 0 0 1 3023.dat
1 7 -20 -71.9359 -229.999 1 0 0 0 1 0 0 0 1 3023.dat
1 4 -20 -103.941 -190.002 -1 0 0 0 1 0 0 0 -1 3660.dat
1 4 -20 -111.945 -190.008 1 0 0 0 1 0 0 0 1 3710.dat
1 4 -20 -111.945 -170.008 1 0 0 0 1 0 0 0 1 3710.dat
1 4 10 -55.9406 -189.995 0 0 -1 0 1 0 1 0 0 3623.dat
1 4 10 -79.9454 -199.997 0 0 -1 0 1 0 1 0 0 3701.dat
1 4 10 -103.943 -160.002 0 0 -1 0 1 0 1 0 0 3702.dat
1 4 10 -111.953 -100.008 0 0 -1 0 1 0 1 0 0 3710.dat
1 4 -50 -55.9406 -189.995 0 0 -1 0 1 0 1 0 0 3623.dat
1 4 -50 -79.9454 -199.997 0 0 -1 0 1 0 1 0 0 3701.dat
1 4 -50 -103.943 -160.002 0 0 -1 0 1 0 1 0 0 3702.dat
1 4 -50 -111.953 -100.008 0 0 -1 0 1 0 1 0 0 3710.dat
1 7 -20 -31.9762 10.011 1 0 0 0 1 0 0 0 1 3710.dat
1 1 -20 -55.9929 30.0092 0 0 -1 0 1 0 1 0 0 3002.dat
1 7 -20 -32 30.0111 1 0 0 0 1 0 0 0 1 3666.dat
1 7 -20 -32 50.011 1 0 0 0 1 0 0 0 1 3666.dat
1 1 -30 -79.9976 40.0035 0 0 -1 0 1 0 1 0 0 3700.dat
1 1 -10 -79.9976 40.0035 0 0 -1 0 1 0 1 0 0 3700.dat
1 7 -20 -88 39.9978 0 0 -1 0 1 0 1 0 0 3020.dat
1 7 -20 -96 59.9959 -1 0 0 0 1 0 0 0 -1 3020.dat
1 7 -20 -96 19.9959 1 0 0 0 1 0 0 0 1 3022.dat
1 7 -20 -104.005 69.994 1 0 0 0 1 0 0 0 1 3710.dat
1 7 -20 -112.007 69.9921 1 0 0 0 1 0 0 0 1 3710.dat
1 4 -50 -56.0024 10.0092 -1 0 0 0 1 0 0 0 -1 4286.dat
1 4 10 -56.0024 10.0092 -1 0 0 0 1 0 0 0 -1 4286.dat
1 1 -20 -31.9762 -149.989 1 0 0 0 1 0 0 0 1 3069b.dat
1 4 -20 -111.953 -150.008 1 0 0 0 1 0 0 0 1 3710.dat
1 7 -60 -93.9525 -100.008 -1 0 0 0 1 0 0 0 -1 4274.dat
1 7 -50 -94.4668 -59.5057 1 0 0 0 0.772634 -0.634852 0 0.634852 0.772634 3749.dat
1 7 -60 -93.9525 -120.008 -1 0 0 0 1 0 0 0 -1 4274.dat
1 0 -40 -70 39.9981 1 0 0 0 1 0 0 0 1 2780.dat
1 0 0 -70 39.9978 1 0 0 0 1 0 0 0 1 2780.dat
1 0 -20 -13.9762 -19.989 1 0 0 0 1 0 0 0 1 3707.dat
1 7 20 -13.9857 -19.9866 0 0 -1 0 1 0 1 0 0 3713.dat
1 7 -60 -13.9857 -19.9866 0 0 1 0 1 0 -1 0 0 3713.dat
1 7 50 -13.9857 -19.9866 0 0 -1 0 1 0 1 0 0 3713.dat
1 7 -90 -13.9857 -19.9866 0 0 1 0 1 0 -1 0 0 3713.dat
1 7 20 -93.9525 -100.008 1 0 0 0 1 0 0 0 1 4274.dat
1 7 10 -94.4669 -59.5057 -1 0 0 0 0.772634 0.634852 0 0.634852 -0.772634 3749.dat
1 7 20 -93.9525 -120.008 1 0 0 0 1 0 0 0 1 4274.dat
1 0 -20 -13.9762 -59.989 1 0 0 0 1 0 0 0 1 2780.dat
1 0 -30 -135.955 -150.01 1 0 0 0 0 -1 0 1 0 3959.dat
1 7 10 -13.9857 0.0131909 1 0 0 0 1 0 0 0 1 4273b.dat
1 7 -20 -34.4762 -59.9914 0 1 0 0 0 1 1 0 0 3651.dat
1 7 -20 -31.9762 -189.989 1 0 0 0 1 0 0 0 1 4262.dat
1 7 -20 0.0237598 -189.989 1 0 0 0 1 0 0 0 1 4262.dat
1 7 28 -93.9667 -90.0056 0 -1 0 0 0 1 -1 0 0 4263.dat
1 7 -68 -93.9667 -90.0056 0 1 0 0 0 1 1 0 0 4263.dat
1 7 -77 -53.906 -50.0927 0 1 0 -0.798404 0 -0.602121 -0.602121 0 0.798404 4262.dat
1 7 37 -53.906 -50.0927 0 -1 0 -0.798404 0 0.602121 -0.602121 0 -0.798404 4262.dat
1 7 -40 -94.0899 -59.6883 0 0 -1 0.634852 -0.772634 0 -0.772634 -0.634852 0 4273b.dat
1 7 0 -94.0899 -59.6882 0 0 1 -0.634852 -0.772634 0 0.772634 -0.634852 0 4273b.dat
0
0 FILE lever.ldr
0 LEVER
0 ROTATION CENTER 0 0 0 1 "Custom" 
0 ROTATION CONFIG 0 0
1 0 -50 -63.2756 -30.9321 0 0 1 -0.977888 0.20913 0 -0.20913 -0.977888 0 3705.dat
1 7 -50 -33.9389 -24.6582 -1 0 0 0 0.20913 -0.977888 0 -0.977888 -0.20913 4273b.dat
0
0 FILE axis.ldr
0 axis
0 ROTATION CENTER 0 0 0 1 "Custom" 
0 ROTATION CONFIG 0 0
1 0 70 -14.5 40.0133 0 0 -1 -0.000237567 1 0 1 0.000237567 0 3634.dat
1 7 70 -14 40.0134 0 0 -1 -0.000237567 1 0 1 0.000237567 0 3482.dat
1 0 40 -14 40.0134 1 0 0 0 1 0 0 0 1 3706.dat
1 7 50 -14 40.0134 0 0 -1 -0.000237567 1 0 1 0.000237567 0 3713.dat
1 7 10 -14 40.0134 0 0 -1 -0.000237567 1 0 1 0.000237567 0 3713.dat
1 0 -110 -14.5 40.0133 0 0 1 0.000237567 1 0 -1 0.000237567 0 3634.dat
1 7 -110 -14 40.0134 0 0 -1 -0.000237567 1 0 1 0.000237567 0 3482.dat
1 0 -80 -14 40.0134 1 0 0 0 1 0 0 0 1 3706.dat
1 7 -90 -14 40.0134 0 0 1 0.000237567 1 0 -1 0.000237567 0 3713.dat
1 7 -50 -14 40.0134 0 0 1 0.000237567 1 0 -1 0.000237567 0 3713.dat
0
0 FILE steer.ldr
0 STEER
0 ROTATION CENTER 0 0 0 1 "Custom" 
0 ROTATION CONFIG 0 0
1 7 -20 -62.4667 -99.9981 -1 0 0 0 1 0 0 0 -1 3326b.dat
1 0 -20 -62.4667 -159.998 0 0 1 0 1 0 -1 0 0 3705.dat
1 7 -20 -61.9525 -149.998 1 0 0 0 1 0 0 0 1 3647.dat
1 7 -20 -61.9525 -169.998 1 0 0 0 1 0 0 0 1 3713.dat
1 0 -20 -100.299 -53.4286 0 0 1 -0.630512 -0.77618 0 0.77618 -0.630512 0 3705.dat
1 7 -20 -108.258 -44.4336 1 0 0 0 0.77618 -0.630511 0 0.630511 0.77618 3647.dat
1 7 -20 -122.76 -26.5815 1 0 0 0 0.77618 -0.630511 0 0.630511 0.77618 4185.dat
1 0 -90 -14.4454 -189.987 0 0 1 0 1 0 -1 0 0 3634.dat
1 7 -90 -14.4454 -189.987 0 0 -1 0 1 0 1 0 0 3482.dat
1 7 -80 -13.9454 -189.987 -1 0 0 0 1 0 0 0 -1 3749.dat
1 7 -70 -51 -149.555 0 1 0 0 0 1 1 0 0 3713.dat
1 0 -69.5 -26 -150.055 0 0 1 1 0 0 0 1 0 3705.dat
1 7 30 -51 -149.555 0 1 0 0 0 1 1 0 0 3713.dat
1 0 30.5 -26 -150.055 0 0 1 1 0 0 0 1 0 3705.dat
1 7 -20 -51 -149.555 1 0 0 0 1 0 0 0 1 3743.dat
1 0 50 -14.4454 -189.987 0 0 -1 0 1 0 1 0 0 3634.dat
1 7 50 -14.4454 -189.987 0 0 -1 0 1 0 1 0 0 3482.dat
1 7 40 -13.9454 -189.987 1 0 0 0 1 0 0 0 1 3749.dat
1 7 -70 -23.9454 -189.987 1 0 0 0 1 0 0 0 1 4261.dat
1 7 30 -23.9454 -189.987 1 0 0 0 1 0 0 0 1 4261.dat
1 7 -70 -29 -149.555 0 -1 0 0 0 1 -1 0 0 4265a.dat
1 7 30 -29 -149.555 0 -1 0 0 0 1 -1 0 0 4265a.dat
1 7 -20 -43 -149.555 1 0 0 0 1 0 0 0 1 4262.dat
1 7 -20 -62.4667 -129.998 0 -1 0 -1 0 0 0 0 -1 3712.dat
1 7 -20 -81.3821 -76.7127 1 0 0 0 0.77618 -0.630511 0 0.630511 0.77618 3712.dat
0
0 FILE holder.ldr
0 HOLDER
0 ROTATION CENTER 0 0 0 1 "Custom" 
0 ROTATION CONFIG 0 0
1 7 -67.7 -3.78539 114.495 0 0 -1 0.663404 0.748261 0 0.748261 -0.663404 0 3648b.dat
1 0 -18 -3.78541 114.495 1 0 0 0 0.748261 0.663404 0 -0.663404 0.748261 3707.dat
1 7 -30 -3.7854 114.495 0 0 -1 0.663404 0.748261 0 0.748261 -0.663404 0 3713.dat
1 7 -55 -36.9556 77.0815 0 1 0 -0.663404 0 -0.748261 -0.748261 0 0.663404 4262.dat
1 7 15 -36.9557 77.0814 0 -1 0 -0.663404 0 0.748261 -0.748261 0 -0.663404 4262.dat
0
0 FILE tool.ldr
0 TOOL
0 ROTATION CENTER 0 0 0 1 "Custom" 
0 ROTATION CONFIG 0 0
1 0 -48 4.10564 189.197 0 -1 0 -0.826518 0 -0.56291 0.56291 0 -0.826518 3710.dat
1 7 -8 -4.15952 284.826 0 -1 0 0 0 1 -1 0 0 3710.dat
1 7 -16 -4.15953 244.826 0 -1 0 0 0 1 -1 0 0 3710.dat
1 7 -24 -4.15951 184.826 0 -1 0 0 0 1 -1 0 0 3710.dat
1 7 -32 -4.15951 205.326 0 -1 0 0 0 1 -1 0 0 3460.dat
1 0 0 4.18397 289.314 0 -1 0 -0.834349 0 -0.551236 0.551236 0 -0.834349 3710.dat
1 0 -24 4.14001 249.248 0 -1 0 -0.829953 0 -0.557834 0.557834 0 -0.829953 3710.dat
1 7 -40 -4.15956 164.826 0 -1 0 0 0 -1 1 0 0 4262.dat
0
0
