0 FILE Main.ldr
0 Untitled
0 Name: Main.ldr
0 Author: marco
0 ROTATION CENTER 0 0 0 1 "Custom" 
0 ROTATION CONFIG 0 0
1 7 0 0 0 1 0 0 0 1 0 0 0 1 chassis.ldr
1 7 0 0 0 1 0 0 0 1 0 0 0 1 steer.ldr
1 7 0 0 0 1 0 0 0 1 0 0 0 1 axis.ldr
1 7 80 0 200 -1 0 0 0 1 0 0 0 -1 axis.ldr
0 Unofficial Model
0
0 FILE chassis.ldr
0 CHASSIS
0 ROTATION CENTER 0 0 0 1 "Custom" 
0 ROTATION CONFIG 0 0
1 0 40 -14.1826 79.6137 1 0 0 0 1 0 0 0 1 3707.dat
1 7 20 -14 80 0 0 -1 0 1 0 1 0 0 3713.dat
1 7 60 -14 80 0 0 1 0 1 0 -1 0 0 3713.dat
1 0 40 -53.6724 48.9231 0 0 1 -0.789584 0.613642 0 -0.613643 -0.789584 0 3705.dat
1 1 -10 -23.9547 -40.0038 0 0 -1 -0.000377793 1 0 1 0.000377793 0 3703.dat
1 1 0 -0.00383377 120.005 1 0 0 0 1 0 0 0 1 3031.dat
1 1 -30 -24.0151 140.005 1 0 0 0 1 0 0 0 1 3002.dat
1 4 -50 -0.019013 119.996 0 0 -1 -0.000377793 1 0 1 0.000377793 0 3710.dat
1 1 -50 -24.0078 99.9962 0 0 -1 -0.000377793 1 0 1 0.000377793 0 3700.dat
1 7 -10 -32.0076 99.9932 0 0 -1 -0.000377793 1 0 1 0.000377793 0 3710.dat
1 1 -9.99966 -31.9396 -80.0068 0 0 -1 -0.000377793 1 0 1 0.000377793 0 3069b.dat
1 7 -50 -32.0153 119.993 0 0 -1 -0.000377793 1 0 1 0.000377793 0 3710.dat
1 1 40 -40.0038 119.993 1 0 0 0 1 0 0 0 1 3032.dat
1 1 40 -24.0151 150.005 1 0 0 0 1 0 0 0 1 3700.dat
1 7 40 -32.0228 149.996 1 0 0 0 1 0 0 0 1 3666.dat
1 1 90 -23.9544 -40.0036 0 0 -1 -0.000377793 1 0 1 0.000377793 0 3703.dat
1 1 80 -0.00349617 120.006 1 0 0 0 1 0 0 0 1 3031.dat
1 1 110 -24.0149 140.006 1 0 0 0 1 0 0 0 1 3002.dat
1 4 130 -0.0185419 119.997 0 0 -1 -0.000377793 1 0 1 0.000377793 0 3710.dat
1 1 130 -24.0071 99.9965 0 0 -1 -0.000377793 1 0 1 0.000377793 0 3700.dat
1 7 90 -32.0073 99.9934 0 0 -1 -0.000377793 1 0 1 0.000377793 0 3710.dat
1 1 90.0003 -31.9393 -80.0066 0 0 -1 -0.000377793 1 0 1 0.000377793 0 3069b.dat
1 7 130 -32.0147 119.994 0 0 -1 -0.000377793 1 0 1 0.000377793 0 3710.dat
1 0 40 -56.0263 149.984 -1 0 0 0 1 0.000377793 0 0.000377793 -1 3710.dat
1 7 40 -64.0263 159.984 1 0 0 0 1 0 0 0 1 3022.dat
1 0 40 -72.0301 149.978 -1 0 0 0 1 0.000377793 0 0.000377793 -1 3710.dat
1 0 40 -88.0263 149.972 -1 0 0 0 1 0.000377793 0 0.000377793 -1 3710.dat
1 7 40 -80.0263 159.978 1 0 0 0 1 0 0 0 1 3022.dat
1 4 40 -96.0263 149.972 1 0 0 0 1 0 0 0 1 3666.dat
1 7 40 -48.015 159.99 1 0 0 0 1 0 0 0 1 3022.dat
1 4 -10 -88.0265 149.969 1 0 0 0 1 0 0 0 1 4286.dat
1 1 -10 -64.0225 129.981 0 0 -1 -0.000377793 1 0 1 0.000377793 0 3622.dat
1 4 90 -88.0262 149.969 1 0 0 0 1 0 0 0 1 4286.dat
1 1 90 -64.0225 129.981 0 0 -1 -0.000377793 1 0 1 0.000377793 0 3622.dat
1 4 40.0004 -47.9281 -110.013 -1 0 0 0 1 0.000377793 0 0.000377793 -1 3710.dat
1 1 40.0004 -39.9281 -110.01 1 0 0 0 1 0 0 0 1 3460.dat
1 1 40.0004 -23.9281 -110.007 1 0 0 0 1 0 0 0 1 3010.dat
1 7 40 8.07189 -109.995 1 0 0 0 1 0 0 0 1 3666.dat
1 4 40 -71.9281 -110.022 -1 0 0 0 1 0.000377793 0 0.000377793 -1 3701.dat
1 0 80.0004 -13.9166 -140 1 0 0 0 1 0 0 0 1 2780.dat
1 4 10.0006 -34.3982 -189.508 0 0 -1 -1 -0.00037805 0 -0.000378174 1 0 3701.dat
1 7 40.001 -14.4072 -165.5 1 0 0 0 -0.000378176 -1 0 1 -0.000378176 3020.dat
1 4 70 -34.398 -189.508 0 0 -1 -1 -0.00037805 0 -0.000378174 1 0 3701.dat
1 7 40.0004 -14.4102 -157.5 1 0 0 0 -0.000378176 -1 0 1 -0.000378176 3020.dat
1 1 10.0004 -14.4133 -149.5 0 0 -1 -1 -0.000378153 0 -0.000378225 1 0 3700.dat
1 1 70.0004 -14.4131 -149.5 0 0 -1 -1 -0.000378153 0 -0.000378174 1 0 3700.dat
1 0 0.000609114 -54.402 -179.515 1 0 0 0 1 0 0 0 1 2780.dat
1 4 -9.99899 -82.3745 -83.6342 0 0 -1 -0.186481 0.982459 0 0.982459 0.186481 0 3895.dat
1 4 90.0004 -82.383 -83.5408 0 0 -1 -0.186481 0.982459 0 0.982459 0.186481 0 3895.dat
1 7 100 -91.2065 16.5698 1 0 0 0 0.769325 -0.638857 0 0.638857 0.769325 4274.dat
1 0 80 -53.9102 -179.922 1 0 0 0 0.557807 -0.829971 0 0.829971 0.557807 2780.dat
1 7 -20 -91.4494 16.1326 -1 0 0 0 0.769325 -0.638857 0 -0.638857 -0.769325 4274.dat
1 0 40.0005 -13.9018 -180 1 0 0 0 0.560738 0.827994 0 -0.827994 0.560738 3707.dat
1 7 30 -14.1213 -180.414 0 0 -1 0.827994 0.560738 0 0.560738 -0.827994 0 3713.dat
1 7 50.0005 -14.1213 -180.414 0 0 -1 0.827994 0.560738 0 0.560738 -0.827994 0 3713.dat
1 0 0.000382706 -14.4171 -139.5 1 0 0 0 1 0 0 0 1 2780.dat
1 7 40 -77.3599 30.5139 0 1 0 -0.613642 0 0.789584 0.789584 0 0.613642 3651.dat
1 7 40 -29.7917 67.7272 1 0 0 0 -0.61364 -0.789586 0 0.789586 -0.61364 3651.dat
1 7 100 -31.9279 -110.004 1 0 0 0 1 0 0 0 1 4262.dat
1 7 100 0.0720928 -109.992 1 0 0 0 1 0 0 0 1 4262.dat
1 7 -19.9996 -31.9283 -110.004 1 0 0 0 1 0 0 0 1 4262.dat
1 7 -20 0.0716904 -109.992 1 0 0 0 1 0 0 0 1 4262.dat
1 7 40 -107.026 3.38844 1 0 0 0 0.982459 -0.186481 0 0.186481 0.982459 4262.dat
1 7 -28.1 -52.6334 48.2595 0 1 0 0.772668 0 0.63481 0.63481 0 -0.772668 4262.dat
1 7 108 -52.6001 48.2191 0 -1 0 -0.772003 0 0.635619 -0.635619 0 -0.772003 4262.dat
1 7 113 -14 80 0 0 1 0 1 0 -1 0 0 4265a.dat
1 7 -33.3 -14 80 0 0 -1 0 1 0 1 0 0 4265a.dat
0
0 FILE axis.ldr
0 axis
0 Author: LEGO Digital Designer 4.3
0 ROTATION CENTER 0 0 0 1 "Custom" 
0 ROTATION CONFIG 0 0
1 0 170 -14.507 100 0 0 -1 0 1 0 1 0 0 3634.dat
1 7 170 -14.007 100 0 0 -1 0 1 0 1 0 0 3482.dat
1 0 120 -14.0072 100 -1 0 0 0 1 0.000377793 0 0.000377793 -1 3706.dat
1 7 150 -14.0071 100 0 0 1 0.000377793 1 0 -1 0.000377793 0 3713.dat
1 7 110 -14.0072 100 0 0 1 0.000377793 1 0 -1 0.000377793 0 3713.dat
1 7 69.9999 -14.0073 100 0 0 1 0.000377793 1 0 -1 0.000377793 0 3713.dat
0
0 FILE steer.ldr
0 STEER
0 Name: C:\USERS\USER\DESKTOP\STEER.LDR
0 Author: LEGO Digital Designer 4.3
0 WORLD  159.7353 -60.00429 8.495712 0.5066456 0.0307988 0.8616002 0.3361464 0.913214 -0.2303096 -0.7939219 0.4063106 0.4523253
0 CENTRE  0 0 0
0 LOOKAT  60 -72 101
0 ZOOM  52
0 ROTANGLE 0
0 ROTATION CENTER 0 0 0 1 "Custom" 
0 ROTATION CONFIG 0 0
1 7 160 -14.4279 -109.5 1 0 0 0 -0.000377818 -1 0 1 -0.000377818 3749.dat
1 7 170 -14.4279 -109.5 0 0 -1 0 1 0 1 0 0 3482.dat
1 0 170 -13.9276 -110 0 0 -1 0 1 0 1 0 0 3634.dat
1 7 -70 -30 -70.0547 0 0 1 1 0 0 0 1 0 3749.dat
1 7 150 -30 -69.5547 0 0 1 1 0 0 0 1 0 3749.dat
1 7 40 -40 -70 1 0 0 0 1 0 0 0 1 3460.dat
1 7 40 -48 -70 1 0 0 0 1 0 0 0 1 3743.dat
1 7 40.0003 -62.4089 -20.0182 -1 0 0 0 1 0 0 0 -1 3326b.dat
1 0 40.0003 -99.5355 27.1158 0 0 1 0.618777 0.785566 0 -0.785566 0.618777 0 3705.dat
1 7 40 -105.331 35.2808 0.000377838 1 0 -0.785566 0 -0.618778 -0.618778 0 0.785566 3713.dat
1 7 40.0003 -120.8 54.92 1 0 0 0 0.785566 -0.618778 0 0.618778 0.785566 4185.dat
1 7 40.0005 -61.9122 -130.018 1 0 0 0 1 0 0 0 1 3648b.dat
1 0 40 -62.4088 -100.018 0 -0.000377793 1 0 1 0.000377793 -1 0 0 3706.dat
1 7 40.0004 -61.909 -90.0182 1 0 0 0 1 0 0 0 1 3647.dat
1 7 40.0004 -61.9089 -70.0182 1 0 0 0 1 0 0 0 1 3647.dat
1 7 -79.9997 -13.9285 -110 -1 0 0 0 0.000377974 -1 0 -1 -0.000377803 3749.dat
1 7 -89.9997 -14.4283 -110.5 0 0 -1 0 1 0 1 0 0 3482.dat
1 0 -89.9997 -13.9285 -110 0 0 1 0 1 0 -1 0 0 3634.dat
1 7 -69.9996 -23.9849 -109.557 1 0 0 0 1 -0.000377793 0 0.000377793 1 4261.dat
1 7 150 -24.4279 -109.503 1 0 0 0 1 -0.000377793 0 0.000377793 1 4261.dat
1 7 -40 -48 -70 1 0 0 0 1 0 0 0 1 4263.dat
1 7 120 -48 -70 1 0 0 0 1 0 0 0 1 4263.dat
1 7 40.0003 -62.4089 -50.0182 0 -1 0 -1 0 0 0 0 -1 3712.dat
1 7 40.0003 -80.9722 3.5488 1 0 0 0 0.785566 -0.618777 0 0.618777 0.785566 3712.dat
0
0
