0 FILE Untitled.ldr
0 Untitled
0 Name: Untitled.ldr
0 Author: marco
0 Unofficial Model
0 ROTATION CENTER 0 0 0 1 "Custom" 
0 ROTATION CONFIG 0 0
1 7 0 0 0 1 0 0 0 1 0 0 0 1 car.ldr
1 7 0 0 0 1 0 0 0 1 0 0 0 1 axis.ldr
1 7 0 0 0 1 0 0 0 1 0 0 0 1 steer.ldr
0
0 FILE car.ldr
0 CAR
0 ROTATION CENTER 0 0 0 1 "Custom" 
0 ROTATION CONFIG 0 0
1 7 70 -14 -100 0 0 -1 0 1 0 1 0 0 3713.dat
1 0 0 -14 -100 1 0 0 0 1 0 0 0 1 3737.dat
1 7 30 -14 -100 0 0 -1 0 1 0 1 0 0 3713.dat
1 7 -30 -14 -100 0 0 1 0 1 0 -1 0 0 3713.dat
1 7 -70 -14 -100 0 0 1 0 1 0 -1 0 0 3713.dat
1 4 -50 -68.1029 -72.1993 0 0 -1 -0.802207 0.597047 0 0.597047 0.802207 0 3702.dat
1 0 -40 -94.065 -39.7804 1 0 0 0 0.444911 -0.895575 0 0.895575 0.444911 2780.dat
1 0 -30 -54.7327 -9.69146 0 0 1 0.798635 -0.601815 0 0.601815 0.798635 0 3705.dat
1 7 50 -14 20 0 0 -1 0 1 0 1 0 0 3713.dat
1 0 0 -14.199 19.6006 1 0 0 0 1 0 0 0 1 3706.dat
1 7 -50 -14 20 0 0 1 0 1 0 -1 0 0 3713.dat
1 1 -0.00558048 -32 -150 1 0 0 0 1 0 0 0 1 3069b.dat
1 1 50 -24 80 0 0 -1 0 1 0 1 0 0 3700.dat
1 1 0 -32 80 1 0 0 0 1 0 0 0 1 3032.dat
1 1 9.99442 -24 -40 0 0 -1 0 1 0 1 0 0 3703.dat
1 1 -10.0056 -24 -40 0 0 -1 0 1 0 1 0 0 3703.dat
1 1 0 0 80 1 0 0 0 1 0 0 0 1 3032.dat
1 1 -50 -24 80 0 0 -1 0 1 0 1 0 0 3700.dat
1 1 0 -72 -190 -1 0 0 0 1 0 0 0 -1 3700.dat
1 7 0 -48 -190 1 0 0 0 1 0 0 0 1 3710.dat
1 7 0 -40 -190 1 0 0 0 1 0 0 0 1 3710.dat
1 1 0 -32 -170 1 0 0 0 1 0 0 0 1 3069b.dat
1 0 30 -54.7327 -9.69145 0 0 1 0.798636 -0.601815 0 0.601815 0.798636 0 3705.dat
1 0 40 -94.6645 -39.7821 1 0 0 0 0.44491 -0.895575 0 0.895575 0.44491 2780.dat
1 4 50 -68.1029 -72.1993 0 0 -1 -0.802207 0.597047 0 0.597047 0.802207 0 3702.dat
1 7 0 -128.878 -36.3088 1 0 0 0 0.597047 -0.802207 0 0.802207 0.597047 3666.dat
1 4 0 -124.459 -30.0049 1 0 0 0 0.597047 -0.802207 0 0.802207 0.597047 3701.dat
1 7 0 -109.773 -10.6382 1 0 0 0 0.597047 -0.802207 0 0.802207 0.597047 3666.dat
1 7 0 -32 -190 1 0 0 0 1 0 0 0 1 4262.dat
1 7 0 0 -190 1 0 0 0 1 0 0 0 1 4262.dat
1 7 -30 -78.1684 -27.6975 1 0 0 0 0.601813 0.798637 0 -0.798637 0.601813 3651.dat
1 7 30 -78.5254 -27.8113 1 0 0 0 0.601813 0.798637 0 -0.798637 0.601813 3651.dat
1 7 30 -30.7736 8.36302 1 0 0 0 -0.601812 -0.798637 0 0.798637 -0.601812 3651.dat
1 7 -30 -29.9727 7.96375 1 0 0 0 -0.601812 -0.798637 0 0.798637 -0.601812 3651.dat
0
0 FILE axis.ldr
0 axis
0 Author: LEGO Digital Designer 4.3
0 ROTATION CENTER 0 0 0 1 "Custom" 
0 ROTATION CONFIG 0 0
1 7 70 -14 80 0 0 -1 0 1 0 1 0 0 3482.dat
1 0 70 -14.5 80 0 0 -1 0 1 0 1 0 0 3634.dat
1 0 0 -14 80 1 0 0 0 1 0 0 0 1 3707.dat
1 7 -70 -14 80 0 0 1 0 1 0 -1 0 0 3482.dat
1 0 -70 -14.5 80 0 0 1 0 1 0 -1 0 0 3634.dat
0
0 FILE steer.ldr
0 STEER
0 ROTATION CENTER 0 0 0 1 "Custom" 
0 ROTATION CONFIG 0 0
1 7 -60 -14.5 -190.5 -1 0 0 0 0 -1 0 -1 0 3749.dat
1 7 -70 -14.5 -190.5 0 0 1 0 1 0 -1 0 0 3482.dat
1 0 -70 -14 -190 0 0 1 0 1 0 -1 0 0 3634.dat
1 7 -50 -24 -150.055 0 0 1 1 0 0 0 1 0 3749.dat
1 7 50 -24 -150.055 0 0 1 1 0 0 0 1 0 3749.dat
1 7 0 -48 -150 1 0 0 0 1 0 0 0 1 3743.dat
1 0 0 -62 -160 0 0 -1 0 1 0 1 0 0 3707.dat
1 7 0 -62 -210 1 0 0 0 1 0 0 0 1 3713.dat
1 7 0 -62 -160 1 0 0 0 1 0 0 0 1 3647.dat
1 7 0 -62.4656 -64 1 0 0 0 0.597054 -0.802201 0 0.802201 0.597054 3326b.dat
1 0 0 -125.038 -17.4302 0 0 1 0.802207 0.597046 0 -0.597046 0.802207 0 3706.dat
1 7 0 -102.444 -33.9238 -1 0 0 0 -0.597046 -0.802207 0 -0.802207 0.597046 3713.dat
1 7 0 -134.533 -10.0419 -1 0 0 0 -0.597046 -0.802207 0 -0.802207 0.597046 3713.dat
1 7 0 -169.027 15.6311 1 0 0 0 0.597046 -0.802207 0 0.802207 0.597046 4185.dat
1 7 60 -14 -190 1 0 0 0 0 -1 0 1 0 3749.dat
1 7 70 -14.5 -189.5 0 0 -1 0 1 0 1 0 0 3482.dat
1 0 70 -14 -190 0 0 -1 0 1 0 1 0 0 3634.dat
1 7 0 -40 -150 1 0 0 0 1 0 0 0 1 4262.dat
1 7 -50 -24.5 -190.5 1 0 0 0 1 0 0 0 1 4261.dat
1 7 50 -24.5 -189.5 1 0 0 0 1 0 0 0 1 4261.dat
1 7 0 -62 -175 1 0 0 0 1 0 0 0 1 4265a.dat
1 7 0 -86.52 -45.826 0 1 0 -0.597046 0 -0.802207 -0.802207 0 0.597046 3712.dat
1 7 0 -62.5 -94 -1 0 0 0 1 -0.00114528 0 -0.00114528 -1 3712.dat
0 
0
0
