0 FILE Main.ldr
0 Untitled
0 Name: Main.ldr
0 Author: marco
0 Unofficial Model
0 ROTATION CENTER 0 0 0 1 "Custom" 
0 ROTATION CONFIG 0 0
1 7 0 0 0 1 0 0 0 1 0 0 0 1 chassis.ldr
1 7 0 0 0 1 0 0 0 1 0 0 0 1 susp.ldr
1 7 0 0 0 1 0 0 0 1 0 0 0 1 sh_ads.ldr
1 7 -140 0 0 1 0 0 0 1 0 0 0 1 sh_ads.ldr
1 7 -20 -139.107 -404.987 1 0 0 0 0.760406 0.649448 0 -0.649448 0.760406 sh_ads.ldr
1 7 -120 -139.107 -404.987 1 0 0 0 0.760406 0.649448 0 -0.649448 0.760406 sh_ads.ldr
1 7 0 0 0 1 0 0 0 1 0 0 0 1 bwheel.ldr
1 7 40 0 390 -1 0 0 0 1 0 0 0 -1 bwheel.ldr
1 7 0 0 0 1 0 0 0 1 0 0 0 1 steer.ldr
1 7 0 0 0 1 0 0 0 1 0 0 0 1 cover.ldr
1 7 0 0 0 1 0 0 0 1 0 0 0 1 roof.ldr
1 7 0 0 0 1 0 0 0 1 0 0 0 1 fwheel.ldr
1 7 40 0 -420 -1 0 0 0 1 0 0 0 -1 fwheel.ldr
0
0 FILE chassis.ldr
0 CHASSIS
0 ROTATION CENTER 0 0 0 1 "Custom" 
0 ROTATION CONFIG 0 0
1 0 80.1205 -198.85 114.334 1 -0.0022451 0.00119663 0.0018839 0.337365 -0.941372 0.00170977 0.941371 0.337369 2780.dat
1 7 70.1845 -269.456 154.485 0.00119388 -0.00224331 -1 -0.941374 0.337359 -0.00188058 0.337362 0.941374 -0.00170895 3666.dat
1 7 70.1429 -202.242 104.903 0.00119392 -0.00224336 -1 -0.941374 0.337359 -0.0018807 0.337362 0.941373 -0.00170903 3895.dat
1 7 20.173 -214.45 100.66 1 -0.00224513 0.00120787 0.00189448 0.337361 -0.941373 0.00170602 0.941373 0.337365 3666.dat
1 7 20.155 -211.751 108.191 1 -0.00224513 0.00120781 0.00189443 0.337361 -0.941373 0.00170604 0.941373 0.337365 3701.dat
1 7 20.1011 -203.654 130.784 1 -0.00224513 0.00120781 0.00189443 0.337361 -0.941373 0.00170604 0.941373 0.337365 3666.dat
1 7 -29.8152 -269.645 154.314 0.00119348 -0.00224678 -1 -0.941372 0.337364 -0.00188145 0.337367 0.941372 -0.00171238 3666.dat
1 7 -29.8567 -202.432 104.732 0.00119348 -0.00224674 -1 -0.941372 0.337364 -0.00188149 0.337367 0.941372 -0.00171238 3895.dat
1 0 -39.8791 -199.077 114.129 1 -0.00225149 0.00119497 0.00188441 0.33732 -0.941388 0.00171643 0.941387 0.337324 2780.dat
1 7 90.0021 -104.363 80.1649 -0.00162867 -0.0019678 -1 -0.042367 0.9991 -0.00189703 0.999101 0.0423638 -0.00171057 3713.dat
1 0 20.0015 -104.826 80.4946 1 -0.00196782 -0.00162937 0.00189703 0.9991 -0.0423675 0.00171127 0.0423643 0.999101 3737.dat
1 7 50.0022 -104.439 80.0965 -0.00162867 -0.00196781 -1 -0.042367 0.9991 -0.00189704 0.999101 0.0423638 -0.00171057 3713.dat
1 7 -9.99757 -104.553 79.9938 0.00162872 -0.00196779 1 0.042367 0.9991 0.00189702 -0.999101 0.0423638 0.00171062 3713.dat
1 7 -49.9975 -104.629 79.9253 0.00162872 -0.00196779 1 0.042367 0.9991 0.00189702 -0.999101 0.0423638 0.00171062 3713.dat
1 7 50.7293 -163.051 -269.822 1 0 0 0 1 0 0 0 1 3062b.dat
1 14 20.7293 -139.051 -269.822 1 0 0 0 1 0 0 0 1 3710.dat
1 7 30.6834 -163.109 -269.917 1 0 0 0 1 0 0 0 1 3062b.dat
1 14 40.6919 -171.018 -239.826 -0.0017548 -0.00191383 -1 0.00175232 1 -0.00191691 1 -0.00175567 -0.00175144 3020.dat
1 7 40.624 -162.984 -209.857 1 0 0 0 1 0 0 0 1 3023.dat
1 7 20.624 -154.965 -209.84 1 0 0 0 1 0 0 0 1 3701.dat
1 7 0.60878 -163.004 -209.889 1 0 0 0 1 0 0 0 1 3023.dat
1 14 0.692068 -171.075 -239.878 -0.0017548 -0.00191383 -1 0.00175232 1 -0.00191691 1 -0.00175567 -0.00175144 3020.dat
1 7 10.6834 -163.109 -269.917 1 0 0 0 1 0 0 0 1 3062b.dat
1 7 -9.31661 -163.109 -269.917 1 0 0 0 1 0 0 0 1 3062b.dat
1 7 20.6088 -131.004 -209.889 1 0 0 0 1 0 0 0 1 3710.dat
1 7 50.6834 -131.109 -269.917 1 0 0 0 1 0 0 0 1 3062b.dat
1 14 20.668 -107.051 -269.878 1 0 0 0 1 0 0 0 1 3710.dat
1 7 30.6222 -131.109 -269.973 1 0 0 0 1 0 0 0 1 3062b.dat
1 7 10.6222 -131.109 -269.973 1 0 0 0 1 0 0 0 1 3062b.dat
1 7 -9.37783 -131.109 -269.973 1 0 0 0 1 0 0 0 1 3062b.dat
1 7 20.6222 -99.1087 -259.973 1 0 0 0 1 0 0 0 1 3709b.dat
1 7 20.5893 -91.0912 -239.987 1 0 0 0 1 0 0 0 1 3709b.dat
1 7 20.4687 -82.9862 -200.001 -0.0017548 -0.00191383 -1 0.00175232 1 -0.00191691 1 -0.00175568 -0.00175144 3795.dat
1 7 20.4161 -90.9336 -170.001 -0.0017548 -0.00191383 -1 0.00175232 1 -0.00191691 1 -0.00175568 -0.00175144 3021.dat
1 7 30.3391 -114.811 -99.9591 -0.0017548 -0.00191383 -1 0.00175232 1 -0.00191691 1 -0.00175568 -0.00175144 3895.dat
1 7 20.2843 -122.741 -59.9455 -0.0017548 -0.00191383 -1 0.00175232 1 -0.00191691 1 -0.00175568 -0.00175144 3020.dat
1 7 10.3392 -114.811 -99.9591 -0.0017548 -0.00191383 -1 0.00175232 1 -0.00191691 1 -0.00175568 -0.00175144 3895.dat
1 7 20.1088 -122.566 40.0542 -0.0017548 -0.00191383 -1 0.00175232 1 -0.00191691 1 -0.00175568 -0.00175144 3795.dat
1 7 20.0715 -130.513 70.0682 -0.0017548 -0.00191383 -1 0.00175232 1 -0.00191691 1 -0.00175568 -0.00175144 3021.dat
1 7 20.1066 -154.567 50.0506 1 0 0 0 1 0 0 0 1 3700.dat
1 7 20.0715 -154.532 70.0506 1 0 0 0 1 0 0 0 1 3700.dat
1 7 20.0364 -154.497 90.0506 1 0 0 0 1 0 0 0 1 3700.dat
1 7 30.0584 -114.511 60.0576 -0.0017548 -0.00191383 -1 0.00175232 1 -0.00191691 1 -0.00175568 -0.00175144 3701.dat
1 7 20.0827 -90.6006 19.9981 -0.0017548 -0.00191383 -1 0.00175232 1 -0.00191691 1 -0.00175568 -0.00175144 3795.dat
1 7 10.0585 -114.55 60.0226 -0.0017548 -0.00191383 -1 0.00175232 1 -0.00191691 1 -0.00175568 -0.00175144 3701.dat
1 7 20.2668 -130.742 -49.963 1 0 0 0 1 0 0 0 1 3023.dat
1 7 20.282 -154.723 -49.9314 1 0 0 0 1 0 0 0 1 3700.dat
1 7 10.2205 -162.6 20.1247 -0.0017548 -0.00191383 -1 0.00175232 1 -0.00191691 1 -0.00175568 -0.00175144 3460.dat
1 7 30.2204 -162.6 20.1247 -0.0017548 -0.00191383 -1 0.00175232 1 -0.00191691 1 -0.00175568 -0.00175144 3460.dat
1 0 40.4601 -104.913 -179.942 1 -0.00203504 0.00159817 0.00191576 0.167102 -0.985938 0.00173937 0.985938 0.167105 2780.dat
1 0 0.460249 -104.989 -180.012 1 -0.00203798 0.00159704 0.0019151 0.167082 -0.985941 0.00174249 0.985941 0.167085 2780.dat
1 7 20.2982 -324.716 148.675 1 -0.002239 0.00120759 0.00189215 0.337362 -0.941373 0.00170034 0.941372 0.337365 3894.dat
1 7 20.5322 -123.023 -209.977 1 0 0 0 1 0 0 0 1 4442.dat
1 7 20.471 -91.0229 -210.033 1 0 0 0 1 0 0 0 1 4442.dat
0
0 FILE susp.ldr
0 SUSP
0 ROTATION CENTER 0 0 0 1 "Custom" 
0 ROTATION CONFIG 0 0
1 0 -119.773 -172.302 14.22 0 -0.00251324 1 0.671547 0.740959 0.00193157 -0.740962 0.671545 0.00161134 3707.dat
1 0 -49.7717 -212.684 58.1162 1 -0.00259752 0 0.00184762 0.740978 -0.671527 0.00182937 0.671524 0.740981 3706.dat
1 7 0.225536 -212.351 58.8792 -0.00259733 0 -1 0.740978 0.671527 -0.00184741 0.671525 -0.74098 -0.00182928 32126.dat
1 1 -79.742 -131.836 -57.0776 1 -0.00260288 0 0.00199866 0.740978 -0.671526 0.00167068 0.671524 0.740981 3020.dat
1 4 -49.7628 -206.431 37.2624 0 -0.00260289 -1 -0.671527 0.740978 -0.00199867 0.74098 0.671525 -0.00167058 3703.dat
1 7 -79.813 -108.125 -35.5888 1 -0.00260288 0 0.00199866 0.740978 -0.671526 0.00167068 0.671524 0.740981 3709b.dat
1 7 -99.7628 -119.233 -59.1486 1 -0.00260288 0 0.00199866 0.740978 -0.671526 0.00167068 0.671524 0.740981 3700.dat
1 1 -99.7628 -132.663 -44.329 1 -0.00260288 0 0.00199866 0.740978 -0.671526 0.00167068 0.671524 0.740981 3701.dat
1 7 20.2512 -219.712 52.1841 0.00259314 1 0 -0.74098 0.0018448 -0.671525 -0.671522 0.00182592 0.740982 4274.dat
1 0 90.2253 -212.174 59.0269 1 -0.00258806 0 0.001841 0.740982 -0.671523 0.00182258 0.67152 0.740984 3706.dat
1 7 120.174 -107.734 -35.2474 1 -0.00259439 0 0.00199232 0.740963 -0.671543 0.00166504 0.671541 0.740966 3709b.dat
1 7 140.237 -118.761 -58.7407 1 -0.00259439 0 0.00199232 0.740963 -0.671543 0.00166504 0.671541 0.740966 3700.dat
1 1 120.256 -131.444 -56.7367 1 -0.00259439 0 0.00199232 0.740963 -0.671543 0.00166504 0.671541 0.740966 3020.dat
1 4 90.2365 -206.162 37.5015 0 -0.00259436 -1 -0.671543 0.740963 -0.00199229 0.740966 0.671541 -0.00166497 3703.dat
1 1 140.237 -132.192 -43.9214 1 -0.00259439 0 0.00199232 0.740963 -0.671543 0.00166504 0.671541 0.740966 3701.dat
1 0 80.2232 -292.787 147.935 1 -0.00223914 0.00125622 0.00193765 0.337182 -0.941438 0.00168443 0.941437 0.337186 2780.dat
1 0 100.223 -239.025 88.6917 1 -0.00224195 0.00129657 0.00197246 0.334862 -0.942265 0.00167834 0.942265 0.334865 2780.dat
1 4 110.153 -251.491 148.418 -0.00161141 -0.00201631 -1 -0.0381729 0.999269 -0.00195334 0.99927 0.0381696 -0.0016872 3702.dat
1 0 100.036 -243.476 208.287 1 -0.00216375 -0.0013925 0.00193387 0.988989 -0.147978 0.00169735 0.147975 0.98899 2780.dat
1 4 89.9438 -221.883 243.435 -0.00256355 0 -1 0.715145 0.698973 -0.00191439 0.698971 -0.715148 -0.00170893 3894.dat
1 0 99.8435 -186.414 263.828 1 -0.00256103 0 0.00190299 0.716921 -0.697152 0.00171659 0.69715 0.716923 2780.dat
1 7 109.96 -131.598 134.707 -0.00107915 -0.00231823 -1 -0.294935 0.955516 -0.00189682 0.955517 0.294932 -0.00171487 3702.dat
1 7 109.907 -184.024 223.18 -0.00107881 -0.00231818 -1 -0.294935 0.955516 -0.00189687 0.955517 0.294932 -0.00171453 3894.dat
1 7 19.9366 -99.9882 112.966 1 -0.00231646 -0.00107511 0.00189633 0.955516 -0.294934 0.00171049 0.29493 0.955517 4477.dat
1 7 -70.0401 -131.939 134.399 -0.00108504 -0.00231592 -1 -0.294932 0.955516 -0.00189288 0.955518 0.294929 -0.00171981 3702.dat
1 7 -70.093 -184.365 222.873 -0.00108504 -0.00231592 -1 -0.294932 0.955516 -0.00189288 0.955518 0.294929 -0.00171981 3894.dat
1 0 -60.1596 -186.588 264.06 1 -0.00232339 -0.00107517 0.00190174 0.955309 -0.295603 0.00171392 0.2956 0.95531 2780.dat
1 4 -50.0559 -222.165 243.27 -0.00255855 0 -1 0.715152 0.698967 -0.00191323 0.698965 -0.715154 -0.00170297 3894.dat
1 0 -59.9514 -243.929 207.638 1 -0.00232232 0.00109656 0.00193451 0.40031 -0.916378 0.00168916 0.916377 0.400313 2780.dat
1 4 -69.8373 -251.803 148.1 -0.00160136 -0.00201877 -1 -0.038136 0.999271 -0.00195623 0.999271 0.0381327 -0.00167718 3702.dat
1 0 -59.7766 -239.333 88.4197 1 -0.00224594 0.00129382 0.00197709 0.338164 -0.941085 0.0016761 0.941084 0.338168 2780.dat
1 4 19.818 -186.403 277.833 1 0 -0.0025446 0.00189377 0.69897 0.715149 0.00170289 -0.715151 0.698968 3894.dat
1 4 19.8184 -169.628 260.669 1 0 -0.0025446 0.00189377 0.69897 0.715149 0.00170289 -0.715151 0.698968 3460.dat
1 4 59.818 -191.919 283.622 1 0 -0.0025446 0.00189377 0.69897 0.715149 0.00170289 -0.715151 0.698968 3710.dat
1 4 -20.1816 -192.071 283.486 1 0 -0.0025446 0.00189377 0.69897 0.715149 0.00170289 -0.715151 0.698968 3710.dat
1 7 19.9149 -105.887 132.076 1 -0.00231608 -0.00107509 0.00189597 0.955516 -0.294934 0.00171036 0.29493 0.955517 4477.dat
1 0 160.227 -171.751 14.6949 0 -0.00250399 1 0.671543 0.740963 0.00192517 -0.740966 0.671541 0.00160454 3707.dat
1 0 -39.7766 -293.016 147.732 1 -0.00223082 0.00128231 0.00194119 0.326942 -0.945042 0.00168898 0.945042 0.326946 2780.dat
1 1 160.219 -153.619 -5.31113 0.00250359 1 0 -0.740966 0.00185507 -0.671543 -0.671543 0.00168133 0.740965 4266.dat
1 1 160.219 -187.196 31.7371 1 0.00250359 0 0.00185508 -0.740966 0.671543 0.00168133 -0.671543 -0.740965 4266.dat
1 1 -119.78 -154.17 -5.78595 0.00250359 1 0 -0.740966 0.00185507 -0.671543 -0.671543 0.00168133 0.740965 4266.dat
1 1 -119.78 -187.747 31.2623 1 0.00250359 0 0.00185508 -0.740966 0.671543 0.00168133 -0.671543 -0.740965 4266.dat
1 7 40.2253 -212.266 58.9358 0.002588 0 1 -0.740982 0.671523 0.00184124 -0.67152 -0.740984 0.00182219 4273b.dat
1 7 140.219 -212.083 59.1196 0 0.00259085 -1 0.671521 -0.740985 -0.00199446 -0.740985 -0.671521 -0.00165743 3651.dat
1 7 -99.7804 -212.555 58.7108 0 -0.00260038 1 0.671529 0.740978 0.0020057 -0.740978 0.671529 0.00165913 3651.dat
1 7 -119.78 -222.668 69.7922 1 -0.00251339 0 0.00193195 0.74096 -0.671547 0.00161104 0.671545 0.740962 4265a.dat
1 7 160.219 -222.117 70.2674 1 -0.00250392 0 0.00192532 0.740963 -0.671543 0.00160425 0.671541 0.740966 4265a.dat
0
0 FILE steer.ldr
0 STEER
0 ROTATION CENTER 0 0 0 1 "Custom" 
0 ROTATION CONFIG 0 0
1 7 19.6029 -180.328 106.95 -0.135048 -0.990838 0.00119552 0.334122 -0.0466755 -0.941373 0.932805 -0.126731 0.337365 3648a.dat
1 0 19.7271 -278.231 142.036 -0.00119489 -0.990838 -0.135048 0.941373 -0.046675 0.334122 -0.337365 -0.126731 0.932805 3708.dat
1 7 19.8052 -340.361 164.302 0.990838 0.135048 -0.00119463 0.0466747 -0.334122 0.941373 0.126731 -0.932805 -0.337364 3713.dat
1 7 19.8697 -391.195 182.519 0.990838 -0.00119487 -0.135048 0.0466751 0.941373 0.334122 0.126732 -0.337365 0.932805 6143.dat
1 7 19.8291 -359.189 171.049 0.990838 0.135048 -0.00119463 0.0466747 -0.334122 0.941373 0.126731 -0.932805 -0.337364 3713.dat
1 0 90 -144.305 -249.456 0 0 1 1 0 0 0 1 0 3705.dat
1 0 -50 -144.305 -249.456 0 0 1 1 0 0 0 1 0 3705.dat
1 7 20 -130.305 -250.005 1 0 0 0 1 0 0 0 1 3743.dat
1 7 20.2221 -145.136 0.0938892 1 0 0 0 1 0 0 0 1 3326b.dat
1 7 20.6247 -145.039 -229.906 1 0 0 0 1 0 0 0 1 3647.dat
1 0 20.4239 -145.381 -139.906 0.0017551 -0.0019137 1 -0.00175233 1 0.00191678 -1 -0.00175568 0.00175174 3708.dat
1 7 20.651 -145.065 -249.906 1 0 0 0 1 0 0 0 1 3647.dat
1 7 20.5457 -144.96 -189.906 1 0 0 0 1 0 0 0 1 3647.dat
1 0 20.0466 -144.96 100.094 0.0017551 -0.00191383 1 -0.00175229 1 0.00191691 -1 -0.00175565 0.00175174 3707.dat
1 7 20.0193 -144.434 110.093 1 0 0 0 1 0 0 0 1 3713.dat
1 7 19.9947 -144.397 136.093 -1 -0.00191691 0 -0.00191691 1 -0.00175564 0 -0.00175564 -1 3650c.dat
1 7 19.9385 -144.353 156.093 1 0 0 0 1 0 0 0 1 3713.dat
1 7 20 -122.305 -249.456 1 0 0 0 1 0 0 0 1 4442.dat
1 7 89.9394 -115.235 -209.447 -1 -0.00191383 0.00175487 -0.00191691 1 -0.00175232 -0.00175151 -0.00175567 -1 4261.dat
1 7 -50.0606 -115.235 -209.447 -1 -0.00191383 0.00175487 -0.00191691 1 -0.00175232 -0.00175151 -0.00175567 -1 4261.dat
1 7 20.179 -145.083 30.1027 0.00191386 1 -0.00175477 -1 0.00191694 0.00175196 0.00175532 0.00175141 1 3712.dat
1 7 20.2221 -145.198 -29.9061 -1 -0.00191678 0 -0.00191678 1 -0.00175569 0 -0.00175569 -1 3712.dat
0
0 FILE fwheel.ldr
0 FWHEEL
0 Name: C:\USERS\USER\DESKTOP\POLAR\FWHEEL.LDR
0 Author: LEGO Digital Designer 4.3
0 WORLD  -206.6259 -6.35103 -92.73423 0.98531 -0.04414729 -0.164969 -0.1018425 0.6235271 -0.7751396 0.1370837 0.780557 0.6098732
0 CENTRE  0 0 0
0 LOOKAT  -197 161 -282
0 ZOOM  50
0 ROTANGLE 0
0 ROTATION CENTER 0 0 0 1 "Custom" 
0 ROTATION CONFIG 0 0
1 0 120.514 -105.313 -209.801 1 -0.00181866 -0.0018532 0.00191675 0.998518 0.0543787 0.00175156 -0.0543821 0.998519 3706.dat
1 7 170.513 -104.728 -209.74 -0.00185276 0.000411474 -1 0.0543821 0.99852 0.00031011 0.998518 -0.0543815 -0.00187239 3713.dat
1 7 130.513 -104.793 -209.81 -0.00185274 -0.00181882 -1 0.0543837 0.998518 -0.00191689 0.998518 -0.0543871 -0.00175108 3713.dat
1 7 110.513 -104.832 -209.845 -0.00185274 -0.00181882 -1 0.0543837 0.998518 -0.00191689 0.998518 -0.0543871 -0.00175108 3713.dat
1 7 70.5131 -104.909 -209.915 0.00185273 -0.00181882 1 -0.0543838 0.998518 0.00191689 -0.998518 -0.0543871 0.00175107 3713.dat
0 Assembly 6
1 7 150.513 -104.753 -209.775 -0.00185265 -0.00154653 -1 0.0543823 0.998522 -0.00164499 0.998518 -0.0543853 -0.0017658 4266.dat
0 Assembly 6
1 256 150.513 -104.753 -209.775 -0.00185265 -0.00154653 -1 0.0543823 0.998522 -0.00164499 0.998518 -0.0543853 -0.0017658 4267.dat
0
0 FILE bwheel.ldr
0 BWHEEL
0 ROTATION CENTER 0 0 0 1 "Custom" 
0 ROTATION CONFIG 0 0
1 0 107.872 -139.72 194.833 1 -0.00187862 -0.00172499 0.00189048 1 0.00689878 0.00171198 -0.00690202 1 3707.dat
1 7 129.872 -139.679 194.871 -0.00172705 -0.00174595 -1 0.00691001 1 -0.00175784 1 -0.00691302 -0.00171494 3713.dat
0 Assembly 2
1 7 192.872 -139.645 194.979 1 0 0.00172711 0 -1 -0.0069096 0.00172577 0.00690975 -1 3739.dat
0 Assembly 2
1 256 162.872 -139.645 194.927 0.00172711 0 -1 -0.0069096 -1 0 -1 0.00690975 -0.00172577 3740.dat
1 7 67.8718 -139.796 194.764 -0.00172727 -0.00188153 -1 0.00690954 1 -0.00189343 1 -0.00691279 -0.00171423 3648a.dat
0
0 FILE sh_ads.ldr
0 SH_ADS
0 ROTATION CENTER 0 0 0 1 "Custom" 
0 ROTATION CONFIG 0 0
1 0 90.0437 -169.223 154.049 0.00249374 -0.000522762 1 -0.587453 0.809257 0.00188799 -0.809255 -0.587455 0.00171098 3705.dat
1 7 90.0647 -187.434 128.962 -1 0.00188832 -0.000613332 -0.00188842 -0.809258 0.587453 0.000612974 0.587454 0.809258 3651.dat
1 7 89.9244 -152.187 177.517 -1 0.000556842 0.00249384 -0.0010144 0.809258 -0.587452 -0.00234523 -0.587453 -0.809255 3651.dat
0
0 FILE roof.ldr
0 ROOF
0 ROTATION CENTER 0 0 0 1 "Custom" 
0 ROTATION CONFIG 0 0
1 1 80.856 -221.704 -277.517 1 0.00186605 -0.00175163 0.00183217 -0.0440714 0.999027 0.00178703 -0.999027 -0.0440747 3960.dat
1 14 80.841 -221.351 -269.525 1 0.00186605 -0.00175163 0.00183217 -0.0440714 0.999027 0.00178703 -0.999027 -0.0440747 3024.dat
1 7 20.8399 -231.011 -259.201 1 -0.00175162 -0.00186604 0.00183216 0.999027 0.0440711 0.00178702 -0.0440744 0.999027 3702.dat
1 14 -39.1597 -221.071 -269.761 1 0.00186605 -0.00175163 0.00183217 -0.0440714 0.999027 0.00178703 -0.999027 -0.0440747 3024.dat
1 1 -39.1437 -221.924 -277.731 1 0.00186605 -0.00175163 0.00183217 -0.0440714 0.999027 0.00178703 -0.999027 -0.0440747 3960.dat
1 14 -49.2013 -237.309 -229.025 -0.00182195 -0.00176715 -1 0.0440739 0.999027 -0.00184574 0.999027 -0.0440771 -0.00174229 3710.dat
1 14 -49.3248 -226.673 -169.436 -0.00182195 -0.00176714 -1 0.0440739 0.999027 -0.00184573 0.999027 -0.0440771 -0.00174229 3702.dat
1 14 -49.294 -204.459 -210.455 -0.00182195 -0.00176714 -1 0.0440739 0.999027 -0.00184573 0.999027 -0.0440771 -0.00174229 3666.dat
1 14 -49.3476 -233.797 -149.096 -0.00182195 -0.00176714 -1 0.0440739 0.999027 -0.00184573 0.999027 -0.0440771 -0.00174229 3710.dat
1 0 -39.4527 -214.032 -109.911 1 -0.00221058 0.00128018 0.00187233 0.293347 -0.956005 0.00173779 0.956004 0.29335 2780.dat
1 4 -29.4656 -221.777 -93.9507 0.00244554 0.000788056 1 -0.90978 0.415087 0.00189778 -0.415084 -0.909781 0.00173208 4276b.dat
1 14 -29.606 -163.869 -76.3239 0.00244594 0.000788081 1 -0.909779 0.415087 0.0018982 -0.415085 -0.909781 0.00173222 3702.dat
1 0 -19.5003 -196.09 -102.008 1 -0.00201226 0.00160173 0.00191544 0.167091 -0.98594 0.00171633 0.985939 0.167094 2780.dat
1 14 20.5881 -225.697 -120.284 1 -0.00256493 0.000316195 0.00191687 0.654088 -0.756416 0.00173333 0.756414 0.65409 3037.dat
1 14 20.5265 -209.999 -102.13 1 -0.00256493 0.000316194 0.00191687 0.654088 -0.756416 0.00173333 0.756414 0.65409 3700.dat
1 14 20.5207 -194.871 -115.212 1 -0.0025611 0.0003212 0.0019182 0.654108 -0.756398 0.00172711 0.756397 0.654111 3700.dat
1 14 50.5046 -156.994 -147.866 0.00032116 -0.00256103 -1 -0.756398 0.654108 -0.00191809 0.654111 0.756397 -0.00172707 3702.dat
1 14 -9.49548 -157.107 -147.968 0.000316095 -0.0025649 -1 -0.756416 0.654088 -0.0019168 0.65409 0.756414 -0.00173339 3702.dat
1 14 20.465 -194.301 -83.976 1 -0.00256493 0.000316194 0.00191687 0.654088 -0.756416 0.00173333 0.756414 0.65409 3710.dat
1 14 20.4593 -179.172 -97.058 1 -0.0025611 0.0003212 0.0019182 0.654108 -0.756398 0.00172711 0.756397 0.654111 3710.dat
1 0 60.4983 -195.815 -101.034 1 -0.00221149 0.00132431 0.00190679 0.288923 -0.957351 0.00173454 0.95735 0.288926 2780.dat
1 4 70.5346 -221.583 -93.7754 0.00244802 0.0007835 1 -0.909791 0.415063 0.00190187 -0.41506 -0.909793 0.00172897 4276b.dat
1 14 70.394 -163.674 -76.1501 0.00244829 0.000783662 1 -0.909791 0.415063 0.00190215 -0.41506 -0.909792 0.00172918 3702.dat
1 0 80.5487 -214.093 -110.134 1 -0.00220421 0.00128258 0.0018727 0.293315 -0.956014 0.00173105 0.956013 0.293318 2780.dat
1 14 90.7982 -237.053 -228.774 -0.00182309 -0.00178228 -1 0.044069 0.999027 -0.00186089 0.999027 -0.0440722 -0.00174277 3710.dat
1 14 90.6746 -226.417 -169.185 -0.00182332 -0.00178228 -1 0.044069 0.999027 -0.0018609 0.999027 -0.0440722 -0.00174301 3702.dat
1 14 90.7059 -204.203 -210.204 -0.00182332 -0.00178228 -1 0.044069 0.999027 -0.0018609 0.999027 -0.0440722 -0.00174301 3666.dat
1 14 90.6523 -233.528 -148.852 -0.00182332 -0.00178228 -1 0.044069 0.999027 -0.0018609 0.999027 -0.0440722 -0.00174301 3710.dat
1 0 100.584 -214.645 -129.647 1 -0.00222742 0.001269 0.00186471 0.292333 -0.956315 0.00175914 0.956314 0.292336 2780.dat
1 14 110.649 -300.518 -76.3731 0.00040762 -0.00254534 -1 -0.794675 0.607032 -0.00186899 0.607034 0.794674 -0.00177526 3895.dat
1 0 100.665 -373.777 -7.82167 1 -0.00194214 0.00172518 0.00190253 0.0953632 -0.995441 0.00176876 0.995441 0.0953665 2780.dat
1 14 90.6062 -395.521 49.1744 -0.00135238 -0.00224203 -1 -0.194312 0.980938 -0.00193653 0.980939 0.194309 -0.00176226 3702.dat
1 7 90.4756 -383.195 112.294 -0.00135238 -0.00224203 -1 -0.194312 0.980938 -0.00193653 0.980939 0.194309 -0.00176226 3023.dat
1 7 90.4577 -375.347 113.848 -0.00135238 -0.00224203 -1 -0.194312 0.980938 -0.00193653 0.980939 0.194309 -0.00176226 3023.dat
1 7 90.4397 -367.5 115.403 -0.00135238 -0.00224207 -1 -0.194312 0.980938 -0.00193655 0.980939 0.194309 -0.00176226 3700.dat
1 14 20.6287 -403.062 47.0962 1 -0.00224203 -0.00135228 0.00193654 0.980938 -0.194313 0.00176215 0.194309 0.980939 3035.dat
1 14 -49.3863 -395.527 48.4917 -0.00125611 -0.00194075 -1 -0.200209 0.979752 -0.00164997 0.979752 0.200207 -0.00161923 3702.dat
1 7 -49.5193 -383.524 112.853 -0.00125623 -0.00194078 -1 -0.200209 0.979752 -0.00164998 0.979752 0.200207 -0.00161935 3023.dat
1 7 -49.5348 -375.686 114.455 -0.00125622 -0.00194079 -1 -0.200209 0.979752 -0.00165 0.979752 0.200207 -0.00161935 3023.dat
1 7 -49.5503 -367.848 116.057 -0.00125623 -0.00194079 -1 -0.200209 0.979752 -0.00165 0.979752 0.200207 -0.00161935 3700.dat
1 0 -59.5641 -358.193 117.535 1 0 -0.0012634 0 0.94311 -0.332481 0.00125306 0.332481 0.943109 2780.dat
1 14 -69.6281 -340.396 131.191 -0.00237679 0.00127417 -1 0.98206 0.188559 -0.00209401 0.188556 -0.982061 -0.00169939 3702.dat
1 0 -59.4921 -397.277 110.031 1 -0.00213907 0.00273547 0.00293069 0.09733 -0.995248 0.00186266 0.99525 0.0973357 2780.dat
1 0 -59.7619 -279.904 132.051 1 -0.00226681 0.00137389 0.00204601 0.330582 -0.943775 0.00168517 0.943774 0.330586 2780.dat
1 0 100.417 -357.671 117.363 1 -0.00241907 -0.000999706 0.00194919 0.94313 -0.332418 0.001747 0.332415 0.943132 2780.dat
1 14 110.359 -339.995 131.146 -0.00225894 0.00131704 -1 0.980936 0.194321 -0.00196004 0.194317 -0.980937 -0.00173082 3702.dat
1 0 100.509 -397.302 109.004 1 -0.00241616 -0.00100011 0.00194631 0.94313 -0.332418 0.00174641 0.332415 0.943132 2780.dat
1 0 100.238 -279.59 132.322 1 -0.00226641 0.0012849 0.00197589 0.338313 -0.941032 0.00169807 0.941031 0.338317 2780.dat
1 0 -59.3412 -373.233 -7.53655 1 -0.00179971 0.001541 0.00170512 0.095066 -0.99547 0.00164506 0.995469 0.0950688 2780.dat
1 14 -69.3546 -300.669 -76.2027 0.00037205 -0.00239865 -1 -0.791375 0.611328 -0.00176074 0.611331 0.791374 -0.00167076 3895.dat
1 0 -59.4161 -214.95 -129.926 1 -0.00216249 0.00121948 0.00180301 0.294924 -0.955519 0.00170665 0.955518 0.294927 2780.dat
1 14 20.6546 -281.359 -100.843 1 -0.00254532 0.000407705 0.00186909 0.607032 -0.794675 0.00177522 0.794674 0.607035 4477.dat
1 0 80.6936 -217.327 -189.624 1 -0.00137222 0.00217044 0.00188692 -0.180607 -0.983554 0.00174165 0.983555 -0.180603 2780.dat
1 7 -69.7463 -105.337 -60.6248 0.00219027 0.00142573 1 -0.987352 0.15853 0.00193658 -0.158527 -0.987353 0.00175491 3713.dat
1 0 20.2534 -105.162 -60.4695 1 0.00139263 -0.00219086 0.00194238 0.158531 0.987352 0.00172233 -0.987353 0.158527 3737.dat
1 7 -9.74654 -105.22 -60.5212 0.00219012 0.00139255 1 -0.987352 0.158531 0.00194166 -0.158528 -0.987353 0.00172215 3713.dat
1 7 50.2533 -105.104 -60.4178 -0.00219024 0.00139271 -1 0.987352 0.158531 -0.00194181 0.158527 -0.987353 -0.00172227 3713.dat
1 7 110.253 -104.987 -60.3142 -0.00219009 0.00142567 -1 0.987352 0.15853 -0.00193647 0.158527 -0.987353 -0.00175476 3713.dat
1 0 -19.5336 -120.329 -166.585 1 -0.00207495 0.00154428 0.0019144 0.192258 -0.981343 0.00173933 0.981342 0.192262 2780.dat
1 7 20.5243 -256.734 -49.1577 1 -0.00256493 0.000316199 0.00191687 0.654088 -0.756417 0.00173333 0.756415 0.65409 3736.dat
1 0 20.5085 -218.914 -81.8623 -0.000315964 -0.00256489 1 0.756416 0.654088 0.00191663 -0.65409 0.756414 0.00173344 3706.dat
1 7 20.5072 -218.586 -81.4841 1 0.00256482 -0.000315766 0.00191647 -0.654087 0.756417 0.00173353 -0.756415 -0.65409 3713.dat
1 0 60.4661 -120.176 -166.445 1 -0.00205831 0.00153072 0.00189473 0.190459 -0.981693 0.00172909 0.981693 0.190462 2780.dat
1 0 -39.3066 -217.558 -189.833 1 -0.00231519 0.00105659 0.00185808 0.380517 -0.924772 0.00173898 0.924771 0.38052 2780.dat
1 7 20.4899 -176.983 -117.459 -1 -0.00256494 -0.000316102 -0.0019168 0.654087 0.756419 -0.00173339 0.756415 -0.654092 4265a.dat
0
0 FILE cover.ldr
0 cover
0 ROTATION CENTER 0 0 0 1 "Custom" 
0 ROTATION CONFIG 0 0
1 14 20.8044 -247.92 -220.604 0.999997 -0.00202637 -0.00153388 0.00185769 0.994685 -0.102951 0.00173435 0.102948 0.994685 3032.dat
1 4 70.7574 -241.928 -199.8 -0.00153395 -0.00202636 -0.999997 -0.10295 0.994685 -0.00185766 0.994685 0.102947 -0.00173441 3710.dat
1 4 -29.2423 -242.114 -199.973 -0.00153395 -0.00202636 -0.999997 -0.10295 0.994685 -0.00185768 0.994685 0.102947 -0.00173441 3710.dat
1 4 20.7268 -244.08 -179.993 -0.00153383 -0.00202635 -0.999997 -0.10295 0.994685 -0.00185767 0.994685 0.102947 -0.00173429 3020.dat
1 14 20.6817 -256.156 -141.029 0.999997 -0.00202634 -0.00153392 0.00185766 0.994685 -0.10295 0.00173438 0.102946 0.994685 3032.dat
1 4 70.6653 -248.105 -140.119 -0.00153359 -0.00202635 -0.999997 -0.10295 0.994685 -0.0018577 0.994685 0.102947 -0.00173406 4275a.dat
1 4 -29.3349 -248.3 -140.295 -0.00153359 -0.00202635 -0.999997 -0.10295 0.994685 -0.0018577 0.994685 0.102947 -0.00173406 4275a.dat
1 4 20.8837 -269.733 -242.968 -0.999998 -0.00185772 -9.57911e-005 -0.00185771 0.994685 0.102947 -9.59657e-005 0.102947 -0.994687 4599.dat
0
0
