0 FILE Main.ldr
0 Untitled
0 Name: Main.ldr
0 Author: MLCad
0 Unofficial Model
0 ROTATION CENTER 0 0 0 1 "Custom" 
0 ROTATION CONFIG 0 0
1 7 0 0 0 1 0 0 0 1 0 0 0 1 chassis.ldr
1 7 0 0 0 1 0 0 0 1 0 0 0 1 roof.ldr
1 7 0 0 0 1 0 0 0 1 0 0 0 1 flex.ldr
1 7 0 0 0 1 0 0 0 1 0 0 0 1 track.ldr
1 7 0 0 0 1 0 0 0 1 0 0 0 1 shovel.ldr
1 7 -300 0 0 1 0 0 0 1 0 0 0 1 track.ldr
0
0 FILE chassis.ldr
0 CHASSIS
0 ROTATION CENTER 0 0 0 1 "Custom" 
0 ROTATION CONFIG 0 0
1 0 -200 -57.2768 -40 -1 0 0 0 1 0 0 0 -1 2780.dat
1 7 -210 -67.2768 0 0 0 -1 0 1 0 1 0 0 3703.dat
1 0 -200 -57.2768 40 -1 0 0 0 1 0 0 0 -1 2780.dat
1 0 -140 -43.2768 -60 1 0 0 0 1 0 0 0 1 3795.dat
1 4 -40 -35.2768 -60 1 0 0 0 1 0 0 0 1 3034.dat
1 0 60 -43.2768 -60 1 0 0 0 1 0 0 0 1 3795.dat
1 0 40 -67.2768 -70 1 0 0 0 1 0 0 0 1 3701.dat
1 0 60 -91.2768 -70 1 0 0 0 1 0 0 0 1 3894.dat
1 0 60 -99.2768 -60 0 0 -1 0 1 0 1 0 0 3034.dat
1 4 50 -107.277 -100 0 0 -1 0 1 0 1 0 0 3710.dat
1 4 50 -115.277 -100 0 0 -1 0 1 0 1 0 0 3710.dat
1 4 40 -139.277 -100 0 0 -1 0 1 0 1 0 0 3001.dat
1 4 30 -163.277 -100 0 0 -1 0 1 0 1 0 0 3701.dat
1 4 -40 -171.277 -120 1 0 0 0 1 0 0 0 1 3034.dat
1 4 -110 -163.277 -100 0 0 -1 0 1 0 1 0 0 3701.dat
1 4 -120 -139.277 -100 0 0 -1 0 1 0 1 0 0 3001.dat
1 4 -130 -115.277 -100 0 0 -1 0 1 0 1 0 0 3710.dat
1 4 -130 -107.277 -100 0 0 -1 0 1 0 1 0 0 3710.dat
1 0 -140 -99.2768 -60 0 0 -1 0 1 0 1 0 0 3034.dat
1 0 -140 -91.2768 -70 1 0 0 0 1 0 0 0 1 3894.dat
1 0 -120 -67.2768 -70 1 0 0 0 1 0 0 0 1 3701.dat
1 7 90 -67.2768 0 0 0 -1 0 1 0 1 0 0 3703.dat
1 7 -170 -67.2768 0 0 0 -1 0 1 0 1 0 0 3703.dat
1 0 -40 -43.2766 70 1 0 0 0 1 0 0 0 1 3703.dat
1 0 -40 -67.2768 70 1 0 0 0 1 0 0 0 1 3702.dat
1 0 -40 -91.2768 70 1 0 0 0 1 0 0 0 1 3703.dat
1 0 60 -99.2768 100 0 0 1 0 1 0 -1 0 0 3738.dat
1 4 -40 -91.2768 100 1 0 0 0 1 0 0 0 1 3006.dat
1 4 50 -67.2768 100 0 0 1 0 1 0 -1 0 0 3701.dat
1 0 -140 -99.2768 100 0 0 1 0 1 0 -1 0 0 3738.dat
1 4 -40 -91.2768 140 1 0 0 0 1 0 0 0 1 3006.dat
1 4 -130 -67.2768 100 0 0 1 0 1 0 -1 0 0 3701.dat
1 4 -40 -123.277 170 1 0 0 0 1 0 0 0 1 3460.dat
1 4 -40 -115.277 170 1 0 0 0 1 0 0 0 1 3666.dat
1 4 -40 -107.277 170 1 0 0 0 1 0 0 0 1 3666.dat
1 7 -40 -99.2768 170 1 0 0 0 1 0 0 0 1 3666.dat
1 4 -40 -91.2768 180 1 0 0 0 1 0 0 0 1 3832.dat
1 0 40 -99.2768 200 1 0 0 0 1 0 0 0 1 3709b.dat
1 0 -40 -99.2768 200 1 0 0 0 1 0 0 0 1 3709b.dat
1 0 -120 -99.2768 200 1 0 0 0 1 0 0 0 1 3709b.dat
1 7 -190 -67.2768 0 0 0 -1 0 1 0 1 0 0 3894.dat
1 7 110 -67.2768 0 0 0 -1 0 1 0 1 0 0 3894.dat
1 0 -100 -153.277 -80 -1 0 0 0 1 0 0 0 -1 2780.dat
1 0 -180 -57.2768 -20 -1 0 0 0 1 0 0 0 -1 2780.dat
1 0 -180 -57.2768 20 -1 0 0 0 1 0 0 0 -1 2780.dat
1 0 120 -57.2768 40 -1 0 0 0 1 0 0 0 -1 2780.dat
1 7 130 -67.2768 0 0 0 -1 0 1 0 1 0 0 3703.dat
1 0 120 -57.2768 -40 -1 0 0 0 1 0 0 0 -1 2780.dat
1 7 100 -57.2768 -140 1 0 0 0 1 0 0 0 1 3749.dat
1 7 -180 -57.2768 140 -1 0 0 0 1 0 0 0 -1 3749.dat
1 7 -180 -57.2768 -140 -1 0 0 0 1 0 0 0 -1 3749.dat
1 7 100 -57.2768 140 1 0 0 0 1 0 0 0 1 3749.dat
1 0 100 -57.2768 -20 -1 0 0 0 1 0 0 0 -1 2780.dat
1 0 20 -153.277 -80 -1 0 0 0 1 0 0 0 -1 2780.dat
1 0 100 -57.2768 20 -1 0 0 0 1 0 0 0 -1 2780.dat
0 Assembly 2
0 Assembly 2
0 Assembly 2
0
0 FILE roof.ldr
0 ROOF
0 ROTATION CENTER 0 0 0 1 "Custom" 
0 ROTATION CONFIG 0 0
1 4 30 -123.277 40 0 0 1 0 1 0 -1 0 0 3023.dat
1 4 30 -131.277 40 0 0 1 0 1 0 -1 0 0 3023.dat
1 4 30 -155.277 40 0 0 1 0 1 0 -1 0 0 3700.dat
1 4 30 -115.277 20 0 0 1 0 1 0 -1 0 0 3703.dat
1 0 20 -105.277 -40 -1 0 0 0 1 0 0 0 -1 2780.dat
1 0 10 -105.277 -50 0 0 1 1 0 0 0 1 0 3700.dat
1 0 20 -105.277 40 -1 0 0 0 1 0 0 0 -1 2780.dat
1 4 10 -165.277 30 0 0 1 1 0 0 0 1 0 3895.dat
1 7 -70 -145.277 40 0 0 1 0 1 0 -1 0 0 3713.dat
1 0 -40 -145.277 40 1 0 0 0 1 0 0 0 1 3737.dat
1 7 -10 -145.277 40 0 0 -1 0 1 0 1 0 0 3713.dat
1 4 -30 -171.277 40 0 0 -1 0 1 0 1 0 0 3023.dat
1 4 -50 -171.277 40 0 0 -1 0 1 0 1 0 0 3023.dat
1 4 -40 -163.277 50 1 0 0 0 1 0 0 0 1 3023.dat
1 4 -40 -163.277 30 1 0 0 0 1 0 0 0 1 3023.dat
1 0 -30 -155.277 40 0 0 -1 0 1 0 1 0 0 3700.dat
1 0 -50 -155.277 40 0 0 -1 0 1 0 1 0 0 3700.dat
1 7 -70 -185.277 40 0 0 1 0 1 0 -1 0 0 3713.dat
1 0 -40 -185.277 40 1 0 0 0 1 0 0 0 1 3706.dat
1 7 -10 -185.277 40 0 0 -1 0 1 0 1 0 0 3713.dat
1 4 -90 -165.277 50 0 0 -1 1 0 0 0 -1 0 3895.dat
1 0 -100 -105.277 40 -1 0 0 0 1 0 0 0 -1 2780.dat
1 4 -110 -115.777 19.5 0 0 1 0 1 0 -1 0 0 3703.dat
1 4 -110 -123.277 40 0 0 1 0 1 0 -1 0 0 3023.dat
1 4 -110 -131.277 40 0 0 1 0 1 0 -1 0 0 3023.dat
1 4 -110 -155.277 40 0 0 1 0 1 0 -1 0 0 3700.dat
1 0 -100 -105.277 -40 -1 0 0 0 1 0 0 0 -1 2780.dat
1 0 -90 -105.277 -30 0 0 -1 1 0 0 0 -1 0 3700.dat
1 0 -80 -265.277 40 -1 0 0 0 1 0 0 0 -1 2780.dat
1 4 -40 -283.277 -40 1 0 0 0 1 0 0 0 1 3709b.dat
1 7 -70 -275.277 0 0 0 -1 0 1 0 1 0 0 3894.dat
1 4 -40 -283.277 0 1 0 0 0 1 0 0 0 1 3020.dat
1 7 -10 -275.277 0 0 0 -1 0 1 0 1 0 0 3894.dat
1 0 0 -265.277 -40 -1 0 0 0 1 0 0 0 -1 2780.dat
1 4 10 -212.13 -69.5882 0 0 1 0.941802 0.336169 0 -0.336169 0.941802 0 3702.dat
1 0 0 -265.277 40 -1 0 0 0 1 0 0 0 -1 2780.dat
1 0 -80 -265.277 -40 -1 0 0 0 1 0 0 0 -1 2780.dat
1 4 -90 -212.13 -69.5882 0 0 1 0.941802 0.336169 0 -0.336169 0.941802 0 3702.dat
0 Assembly 1
1 0 -40 -386.977 40 1 0 0 0 1 0 0 0 1 337.dat
1 383 -40 -371.6 40 0.8 0 0 0 1 0 0 0 0.8 108.dat
0 Assembly 1
1 4 -40 -290.277 40 1 0 0 0 1 0 0 0 1 128.dat
0 Assembly 1
1 4 -40 -281.277 40 1 0 0 0 1 0 0 0 1 127.dat
0 Assembly 1
1 4 -40 -199.277 40 1 0 0 0 1 0 0 0 1 4701.dat
0 Assembly 2
0 Assembly 2
0 Assembly 2
0 Assembly 3
0 Assembly 3
0 Assembly 3
0
0 FILE shovel.ldr
0 SHOVEL
0 ROTATION CENTER 0 0 0 1 "Custom" 
0 ROTATION CONFIG 0 0
1 7 10 -89.0817 -198.736 0 0 -1 -0.323984 0.946063 0 0.946063 0.323984 0 3895.dat
1 7 0 -47.2227 -290.103 1 0 0 0 0.922956 -0.384906 0 0.384906 0.922956 3673.dat
1 4 -70 -67.5675 -312.878 0 0 -1 1 0.00568587 0 0.0056858 -1 0 3710.dat
1 4 -70 -67.6129 -304.878 0 0 -1 1 0.00568587 0 0.0056858 -1 0 3710.dat
1 4 -70 -67.7494 -280.879 0 0 -1 1 0.00568587 0 0.0056858 -1 0 3701.dat
1 4 -40 -67.522 -320.878 1 0 0 0 0.00568573 1 0 -1 0.00568573 3456.dat
1 4 -180 -67.5675 -312.878 1 0 0 0 0.00568573 1 0 -1 0.00568573 3020.dat
1 4 100 -67.5674 -312.878 1 0 0 0 0.00568573 1 0 -1 0.00568573 3020.dat
1 4 120 -67.522 -320.878 0 0 -1 1 0.00568587 0 0.0056858 -1 0 3795.dat
1 4 -10 -67.5674 -312.878 0 0 -1 1 0.00568587 0 0.0056858 -1 0 3710.dat
1 4 -10 -67.6129 -304.878 0 0 -1 1 0.00568587 0 0.0056858 -1 0 3710.dat
1 4 -10 -67.7494 -280.879 0 0 -1 1 0.00568587 0 0.0056858 -1 0 3701.dat
1 4 -200 -67.522 -320.878 0 0 -1 1 0.00568587 0 0.0056858 -1 0 3795.dat
1 0 -40 -87.6925 -290.992 1 0 0 0 -0.354657 0.934996 0 -0.934996 -0.354657 3706.dat
1 0 -40 -105.796 -119.1 1 0 0 0 0.70491 0.709297 0 -0.709297 0.70491 3707.dat
1 7 -90 -88.985 -198.379 0 0 -1 -0.323984 0.946063 0 0.946063 0.323984 0 3895.dat
1 7 -80 -47.6929 -290.765 1 0 0 0 0.00568585 1 0 -1 0.00568585 3673.dat
1 7 -110 -65.7725 39.5 0 0 1 -1 0.00872649 0 -0.00872645 -1 0 3713.dat
1 0 -40 -65.7725 39.5 1 0 0 0 1 -0.0087209 0 0.0087209 1 3707.dat
1 7 -70 -65.2768 40.0044 0 0 1 0.00872673 1 0 -1 0.00872673 0 3713.dat
1 7 30 -65.2768 40.0043 0 0 -1 1 0.00872641 0 0.00872639 -1 0 3713.dat
1 7 -10 -65.2768 40.0044 0 0 -1 -0.00872673 1 0 1 0.00872673 0 3713.dat
1 7 -55 -87.8724 -290.96 0 0 -1 0.934996 -0.354658 0 -0.354658 -0.934996 0 4265a.dat
1 7 -25 -87.8724 -290.96 0 0 1 -0.934996 -0.354657 0 0.354657 -0.934996 0 4265a.dat
0 Assembly 2
1 0 -40 -87.4129 -290.218 -1 0 0 0 -0.105002 0.994472 0 0.994472 0.105002 337.dat
0 Assembly 2
1 14 -40 -94.4179 -223.874 -1 0 0 0 -0.105002 0.994472 0 0.994472 0.105002 128.dat
0 Assembly 2
1 14 -40 -95.3629 -214.924 -1 0 0 0 -0.105002 0.994472 0 0.994472 0.105002 127.dat
0 Assembly 2
1 14 -40 -103.973 -133.377 -1 0 0 0 -0.105002 0.994472 0 0.994472 0.105002 4701.dat
0 Assembly 5
1 0 -40 -47.9058 -101.472 -1 0 0 0 -0.121874 0.992584 0 0.992584 0.121874 337.dat
0 Assembly 5
1 14 -40 -52.4801 -64.217 -1 0 0 0 -0.121874 0.992584 0 0.992584 0.121874 128.dat
0 Assembly 5
1 14 -40 -53.5769 -55.2837 -1 0 0 0 -0.121874 0.992584 0 0.992584 0.121874 127.dat
0 Assembly 5
1 14 -40 -63.5706 26.1082 -1 0 0 0 -0.121874 0.992584 0 0.992584 0.121874 4701.dat
1 7 -80 -95.7236 -147.836 0 1 0 -0.323983 0 0.946063 0.946063 0 0.323983 4263.dat
1 7 0 -96.076 -147.482 0 -1 0 0.323983 0 0.946063 -0.946063 0 0.323983 4263.dat
1 7 -66 -77.0793 -110.418 0 -1 0 0.957206 0 -0.289403 0.289404 0 0.957206 4263.dat
1 7 -14 -77.0793 -110.418 0 1 0 -0.957206 0 -0.289403 -0.289404 0 0.957206 4263.dat
1 0 -40 -48.3631 -101.736 1 0 0 0 0.289403 0.957206 0 -0.957206 0.289404 3706.dat
1 7 10 -48.3631 -101.736 0 0 -1 0.957206 0.289403 0 0.289404 -0.957206 0 3713.dat
1 7 -90 -48.3631 -101.736 0 0 1 -0.957206 0.289403 0 -0.289404 -0.957206 0 3713.dat
0
0 FILE track.ldr
0 track
0 ROTATION CENTER 0 0 0 1 "Custom" 
0 ROTATION CONFIG 0 0
1 0 110 -107.222 -154.055 1 0 0 0 0.995239 -0.0974692 0 0.0974692 0.995239 3873.dat
1 0 110 -108.928 -138.123 1 0 0 0 0.980421 0.196912 0 -0.196912 0.980421 3873.dat
1 0 110 -105.716 -122.445 1 0 0 0 0.99725 0.0741051 0 -0.0741051 0.99725 3873.dat
1 0 110 -100.094 -168.415 1 0 0 0 0.900469 -0.434919 0 0.434919 0.900469 3873.dat
1 0 110 -104.55 -106.487 1 0 0 0 0.993588 0.113064 0 -0.113064 0.993588 3873.dat
1 0 110 -102.743 -90.5896 1 0 0 0 0.99326 0.115904 0 -0.115904 0.99326 3873.dat
1 0 110 -100.91 -74.6944 1 0 0 0 0.987021 0.160593 0 -0.160593 0.987021 3873.dat
1 0 110 -98.3409 -58.902 1 0 0 0 0.987021 0.160593 0 -0.160593 0.987021 3873.dat
1 0 110 -88.6324 -179.62 1 0 0 0 0.706377 -0.707836 0 0.707836 0.706377 3873.dat
1 0 110 -95.698 -43.116 1 0 0 0 0.998334 0.0576982 0 -0.0576982 0.998334 3873.dat
1 0 110 -94.882 -27.125 1 0 0 0 0.995508 0.0946766 0 -0.0946766 0.995508 3873.dat
1 0 110 -93.683 -11.876 1 0 0 0 0.999684 0.0251479 0 -0.0251479 0.999684 3873.dat
1 0 110 -93.295 4.119 1 0 0 0 0.99822 0.0596337 0 -0.0596337 0.99822 3873.dat
1 0 110 -93.8761 20.1084 1 0 0 0 0.99934 -0.036316 0 0.036316 0.99934 3873.dat
1 0 110 -94.433 36.0993 1 0 0 0 0.996425 -0.0844873 0 0.0844873 0.996425 3873.dat
1 0 110 -95.7849 52.0421 1 0 0 0 0.996424 -0.084488 0 0.084488 0.996424 3873.dat
1 0 110 -107.489 131.009 1 0 0 0 0.997466 -0.0711494 0 0.0711494 0.997466 3873.dat
1 0 110 -103.346 115.545 1 0 0 0 0.967399 -0.253256 0 0.253256 0.967399 3873.dat
1 0 110 -100.377 99.8223 1 0 0 0 0.982236 -0.187652 0 0.187652 0.982236 3873.dat
1 0 110 -108.784 146.982 1 0 0 0 0.970488 0.24115 0 -0.24115 0.970488 3873.dat
1 0 110 -98.7733 83.9009 1 0 0 0 0.994696 -0.102861 0 0.102861 0.994696 3873.dat
1 0 110 -97.1275 67.9858 1 0 0 0 0.994696 -0.102862 0 0.102862 0.994696 3873.dat
1 0 110 -74.2461 -186.681 1 0 0 0 0.449378 -0.893342 0 0.893342 0.449378 3873.dat
1 0 110 -105.087 162.582 1 0 0 0 0.82542 0.564519 0 -0.564519 0.82542 3873.dat
1 0 110 -96.1626 175.888 1 0 0 0 0.626159 0.779695 0 -0.779695 0.626159 3873.dat
1 0 110 -58.4016 -189.073 1 0 0 0 0.15857 -0.987348 0 0.987348 0.15857 3873.dat
1 0 110 -83.776 186.074 1 0 0 0 0.291086 0.956697 0 -0.956697 0.291086 3873.dat
1 0 110 -42.5539 -186.711 1 0 0 0 -0.138323 -0.990387 0 0.990387 -0.138323 3873.dat
1 0 110 -68.4904 190.887 1 0 0 0 -0.0200327 0.999799 0 -0.999799 -0.0200327 3873.dat
1 0 110 -28.2369 -179.511 1 0 0 0 -0.440602 -0.897703 0 0.897703 -0.440602 3873.dat
1 0 110 -52.4776 190.683 1 0 0 0 -0.251566 0.96784 0 -0.96784 -0.251566 3873.dat
1 0 110 -16.8321 -168.253 1 0 0 0 -0.695625 -0.718405 0 0.718405 -0.695625 3873.dat
1 0 110 -10.1776 -153.666 1 0 0 0 -0.905158 -0.425076 0 0.425076 -0.905158 3873.dat
1 0 110 -36.9281 186.803 1 0 0 0 -0.54322 0.83959 0 -0.83959 -0.54322 3873.dat
1 0 110 -8.84458 -9.72924 1 0 0 0 -1 0 0 0 -1 3873.dat
1 0 110 -8.88569 6.2707 1 0 0 0 -1 0 0 0 -1 3873.dat
1 0 110 -8.9268 22.2706 1 0 0 0 -1 0 0 0 -1 3873.dat
1 0 110 -8.96791 38.2706 1 0 0 0 -1 0 0 0 -1 3873.dat
1 0 110 -9.00902 54.2705 1 0 0 0 -1 0 0 0 -1 3873.dat
1 0 110 -9.05013 70.2705 1 0 0 0 -1 0 0 0 -1 3873.dat
1 0 110 -9.09124 86.2704 1 0 0 0 -1 0 0 0 -1 3873.dat
1 0 110 -9.13235 102.27 1 0 0 0 -1 0 0 0 -1 3873.dat
1 0 110 -9.17346 118.27 1 0 0 0 -1 0 0 0 -1 3873.dat
1 0 110 -9.21457 134.27 1 0 0 0 -1 0 0 0 -1 3873.dat
1 0 110 -23.3849 178.233 1 0 0 0 -0.784531 0.62009 0 -0.62009 -0.784531 3873.dat
1 0 110 -13.2752 165.773 1 0 0 0 -0.969854 0.243687 0 -0.243687 -0.969854 3873.dat
1 0 110 -9.25568 150.27 1 0 0 0 -1 0 0 0 -1 3873.dat
1 0 110 -8.45579 -137.732 1 0 0 0 -0.993105 -0.11723 0 0.11723 -0.993105 3873.dat
1 0 110 -8.55681 -121.729 1 0 0 0 -1 0 0 0 -1 3873.dat
1 0 110 -8.59792 -105.729 1 0 0 0 -1 0 0 0 -1 3873.dat
1 0 110 -8.63903 -89.729 1 0 0 0 -1 0 0 0 -1 3873.dat
1 0 110 -8.68014 -73.729 1 0 0 0 -1 0 0 0 -1 3873.dat
1 0 110 -8.72125 -57.7291 1 0 0 0 -1 0 0 0 -1 3873.dat
1 0 110 -8.76236 -41.7291 1 0 0 0 -1 0 0 0 -1 3873.dat
1 0 110 -8.80347 -25.7292 1 0 0 0 -1 0 0 0 -1 3873.dat
1 7 112.5 -57.2768 140 0 0 -1 0 1 0 1 0 0 3649.dat
1 7 111.75 -57.2768 -140 0 0 -1 0 1 0 1 0 0 3649.dat
0 
0
0 FILE flex.ldr
0 
0 ROTATION CENTER 0 0 0 1 "Custom" 
0 ROTATION CONFIG 0 0
0 MLCAD BTG flex4
1 7 -60 -105.6 59.2 1 0 0 0 0 1 0 -15 0 LS21.dat
0 MLCAD BTG flex5
1 7 -20 -105.6 59.2 1 0 0 0 0 1 0 -15 0 LS21.dat
0 MLCAD BTG flex4
1 7 -80 -105.8 -11.6 0 15 0 0 0 1 1 0 0 LS21.dat
0 MLCAD BTG flex4
1 7 -59.3 -143 -43.7 -0.182236 14.4527 0.196029 0 -2.99052 0.979925 0.983255 2.67866 0.0363319 LS21.dat
0 MLCAD BTG flex4
1 7 -44.2 -147.7 -17.4 0.976403 3.19199 0.0368043 -0.0332098 -0.30664 0.999239 0.21339 -14.6532 -0.0128933 LS21.dat
0 MLCAD BTG flex5
1 7 -33.5 -127.1 -8 -0.968361 -3.70144 -0.0372319 0.0332098 0.30664 -0.999239 0.247336 -14.5329 -0.011601 LS21.dat
0 MLCAD BTG flex5
1 7 -59.3 -132.4 -23.9 -0.258819 14.198 0.192575 0 2.99052 -0.979925 -0.965926 -3.80435 -0.0516002 LS21.dat
0 MLCAD BTG flex5
1 7 -35.1 -125.8 -30.8 -0.258819 14.198 0.192575 0 2.99052 -0.979925 -0.965926 -3.80435 -0.0516002 LS21.dat
0 MLCAD BTG flex4
1 7 -34.3 -148.5 -37.8 -0.241361 14.452 0.116102 -0.014298 -1.84735 0.992284 0.97033 3.56758 0.0435009 LS21.dat
0 MLCAD BTG flex5
1 7 -80 -105.8 11.5 0 15 0 0 0 1 1 0 0 LS21.dat
0 MLCAD BTG flex5
1 7 -15 -105.8 -11.6 0 15 0 0 0 1 1 0 0 LS21.dat
0 MLCAD BTG flex4
1 7 -15 -105.8 11.3 0 15 0 0 0 1 1 0 0 LS21.dat
1 7 -90 -105.277 26 1 0 0 0 0 1 0 -1 0 4694.dat
1 7 10 -105.277 -26 -1 0 0 0 0 1 0 1 0 4694.dat
1 7 -100 -107.277 26 1 0 0 0 0 1 0 -1 0 4713.dat
1 0 -90 -114.277 0 1 0 0 0 0 1 0 -1 0 4695.dat
1 7 20 -107.777 -25.5 -1 0 0 0 0 1 0 1 0 4713.dat
1 0 10 -114.777 0.500019 -1 0 0 0 0 1 0 1 0 4695.dat
1 7 -40 -115.277 80 1 0 0 0 1 0 0 0 1 4691.dat
1 7 -40 -113.277 80 1 0 0 0 1 0 0 0 1 4706.dat
1 7 -40 -97.2768 80 1 0 0 0 1 0 0 0 1 4692.dat
0 MLCAD BTG flex4
1 7 -39.5 -147.5 -39.8 -0.182236 -0.196029 -0.963516 -0.983255 0.0363319 0.178577 0 0.979925 -0.199368 4697a.dat
0 MLCAD BTG flex4
0 MLCAD FLEXHOSE 7 0 0 0 1 0 0 0 1 0 0 0 1  -74 -106 -11  -50 0 0 -44.5 -147 -40 50 -10 15 130 ls51.dat ls51.dat 0
0 MLCAD SKIP_BEGIN
1 7 -74 -106 -11 0.00355963 -0.999991 -0.00251013 0 0.00251015 -0.999997 0.999994 0.00355962 8.9352e-006 LS51.dat
1 7 -73.403 -106.001 -11.0021 0.0109854 -0.99991 -0.0077554 0 0.00775586 -0.99997 0.99994 0.010985 8.5201e-005 LS51.dat
1 7 -72.7954 -106.006 -11.0088 0.0189391 -0.999731 -0.0133869 0 0.0133894 -0.99991 0.999821 0.0189374 0.000253582 LS51.dat
1 7 -72.1774 -106.014 -11.0205 0.0274749 -0.999433 -0.0194437 0 0.019451 -0.999811 0.999622 0.0274697 0.000534415 LS51.dat
1 7 -71.549 -106.027 -11.0378 0.036654 -0.998991 -0.0259688 0 0.0259863 -0.999662 0.999328 0.0366416 0.0009525 LS51.dat
1 7 -70.9106 -106.043 -11.0612 0.046545 -0.998371 -0.0330106 0 0.0330464 -0.999454 0.998916 0.0465196 0.00153814 LS51.dat
1 7 -70.2627 -106.065 -11.0914 0.0572259 -0.997534 -0.0406222 0 0.0406889 -0.999172 0.998361 0.0571785 0.00232846 LS51.dat
1 7 -69.6056 -106.092 -11.129 0.0687846 -0.996434 -0.0488627 0 0.0489787 -0.9988 0.997632 0.068702 0.00336898 LS51.dat
1 7 -68.9401 -106.124 -11.1749 0.0813203 -0.995011 -0.0577965 0 0.0579886 -0.998317 0.996688 0.0811835 0.00471565 LS51.dat
1 7 -68.267 -106.164 -11.2299 0.0949454 -0.993192 -0.0674937 0 0.0678 -0.997699 0.995482 0.0947269 0.0064373 LS51.dat
1 7 -67.5872 -106.21 -11.2947 0.109786 -0.990888 -0.0780294 0 0.078504 -0.996914 0.993955 0.109447 0.00861865 LS51.dat
1 7 -66.902 -106.264 -11.3704 0.125985 -0.987988 -0.0894825 0 0.0902012 -0.995924 0.992032 0.125472 0.011364 LS51.dat
1 7 -66.2128 -106.327 -11.4579 0.143701 -0.984357 -0.101933 0 0.103002 -0.994681 0.989621 0.142937 0.0148015 LS51.dat
1 7 -65.5212 -106.399 -11.5583 0.163112 -0.979828 -0.11546 0 0.117027 -0.993129 0.986608 0.161991 0.0190885 LS51.dat
1 7 -64.8293 -106.482 -11.6727 0.184412 -0.974196 -0.130132 0 0.132403 -0.991196 0.982849 0.182789 0.0244167 LS51.dat
1 7 -64.1393 -106.576 -11.8022 0.207815 -0.967211 -0.146003 0 0.149262 -0.988798 0.978168 0.205487 0.0310187 LS51.dat
1 7 -63.4537 -106.682 -11.9478 0.233545 -0.95857 -0.163097 0 0.167735 -0.985832 0.972346 0.230237 0.0391738 LS51.dat
1 7 -62.7753 -106.8 -12.1108 0.26184 -0.947912 -0.181389 0 0.187946 -0.982179 0.965111 0.257174 0.0492118 LS51.dat
1 7 -62.1073 -106.933 -12.292 0.292934 -0.934813 -0.200783 0 0.209995 -0.977702 0.956133 0.286402 0.0615147 LS51.dat
1 7 -61.4529 -107.08 -12.4925 0.327043 -0.918784 -0.221084 0 0.233949 -0.972249 0.945009 0.317968 0.0765115 LS51.dat
1 7 -60.8158 -107.242 -12.713 0.36435 -0.899281 -0.241955 0 0.259814 -0.965659 0.931262 0.351838 0.0946633 LS51.dat
1 7 -60.1996 -107.42 -12.9541 0.404964 -0.875726 -0.262884 0 0.287515 -0.957776 0.914332 0.387865 0.116433 LS51.dat
1 7 -59.6079 -107.614 -13.2161 0.448887 -0.847542 -0.28315 0 0.316869 -0.948469 0.893589 0.425755 0.142238 LS51.dat
1 7 -59.0443 -107.825 -13.4993 0.495959 -0.814212 -0.301801 0 0.347558 -0.937658 0.868346 0.46504 0.172375 LS51.dat
1 7 -58.512 -108.052 -13.8033 0.545812 -0.775355 -0.31767 0 0.379122 -0.925347 0.837908 0.505065 0.20693 LS51.dat
1 7 -58.0141 -108.296 -14.1276 0.597816 -0.730811 -0.329439 0 0.41096 -0.911653 0.801633 0.545001 0.245679 LS51.dat
1 7 -57.5531 -108.555 -14.4714 0.651057 -0.680725 -0.335765 0 0.442361 -0.896837 0.759029 0.583892 0.288002 LS51.dat
1 7 -57.1309 -108.829 -14.8336 0.704341 -0.625598 -0.335455 0 0.472564 -0.881296 0.709862 0.620733 0.332847 LS51.dat
1 7 -56.7488 -109.118 -15.2127 0.756266 -0.566294 -0.327679 0 0.500835 -0.865543 0.654264 0.65458 0.378765 LS51.dat
1 7 -56.4074 -109.42 -15.6073 0.80534 -0.503977 -0.312146 0 0.526551 -0.850144 0.592813 0.684655 0.424052 LS51.dat
1 7 -56.1069 -109.734 -16.0155 0.850152 -0.440001 -0.289208 0 0.549264 -0.835649 0.526538 0.710428 0.466958 LS51.dat
1 7 -55.8468 -110.059 -16.4356 0.889544 -0.375765 -0.25983 0 0.568743 -0.822515 0.456849 0.731664 0.505922 LS51.dat
1 7 -55.6258 -110.393 -16.8658 0.922755 -0.31257 -0.225439 0 0.584969 -0.811056 0.385387 0.748406 0.539783 LS51.dat
1 7 -55.4427 -110.736 -17.3043 0.949477 -0.251515 -0.187706 0 0.598101 -0.80142 0.313836 0.76093 0.567884 LS51.dat
1 7 -55.2955 -111.086 -17.7494 0.96984 -0.193435 -0.148299 0 0.608429 -0.793608 0.243741 0.769673 0.590079 LS51.dat
1 7 -55.1824 -111.442 -18.1997 0.984323 -0.138894 -0.108701 0 0.616315 -0.7875 0.176373 0.775154 0.606653 LS51.dat
1 7 -55.101 -111.803 -18.6536 0.993633 -0.0882065 -0.0700949 0 0.622146 -0.782901 0.112666 0.777916 0.618185 LS51.dat
1 7 -55.0493 -112.168 -19.11 0.998583 -0.0414831 -0.0333268 0 0.626301 -0.779581 0.053212 0.778477 0.625414 LS51.dat
1 7 -55.0249 -112.536 -19.5677 0.999999 0.00132057 0.00106882 0 0.629124 -0.777305 -0.00169891 0.777303 0.629124 LS51.dat
1 7 -55.0257 -112.907 -20.0258 0.998646 0.040355 0.0328166 0 0.630919 -0.775849 -0.052014 0.774799 0.630065 LS51.dat
1 7 -55.0495 -113.279 -20.4835 0.995201 0.0758372 0.0618367 0 0.63194 -0.775018 -0.0978522 0.771298 0.628907 LS51.dat
1 7 -55.0944 -113.653 -20.9402 0.99023 0.10802 0.0881842 0 0.632397 -0.774644 -0.139444 0.767076 0.626219 LS51.dat
1 7 -55.1585 -114.028 -21.3951 0.984196 0.137168 0.111999 0 0.632462 -0.774591 -0.177085 0.762349 0.622466 LS51.dat
1 7 -55.24 -114.404 -21.848 0.977465 0.163547 0.13347 0 0.632269 -0.774749 -0.211097 0.75729 0.618021 LS51.dat
1 7 -55.3373 -114.78 -22.2984 0.970324 0.187409 0.152805 0 0.631926 -0.775029 -0.241809 0.752029 0.613173 LS51.dat
1 7 -55.4488 -115.156 -22.7462 0.96299 0.208988 0.170216 0 0.631516 -0.775363 -0.269536 0.746667 0.608144 LS51.dat
1 7 -55.5733 -115.533 -23.191 0.955628 0.228502 0.185908 0 0.631104 -0.775699 -0.294575 0.741279 0.6031 LS51.dat
1 7 -55.7095 -115.909 -23.6327 0.948359 0.246145 0.200069 0 0.630739 -0.775995 -0.317199 0.735922 0.598167 LS51.dat
1 7 -55.8562 -116.285 -24.0713 0.941272 0.262092 0.212875 0 0.630459 -0.776222 -0.33765 0.730636 0.593433 LS51.dat
1 7 -56.0124 -116.66 -24.5067 0.934429 0.276499 0.22448 0 0.630295 -0.776355 -0.35615 0.725449 0.588966 LS51.dat
1 7 -56.1771 -117.036 -24.9389 0.927875 0.289504 0.235022 0 0.630269 -0.776377 -0.372891 0.720381 0.584811 LS51.dat
1 7 -56.3495 -117.411 -25.3678 0.92164 0.301229 0.244623 0 0.630397 -0.776273 -0.388045 0.715444 0.581 LS51.dat
1 7 -56.5288 -117.786 -25.7936 0.915744 0.31178 0.253389 0 0.630694 -0.776031 -0.401762 0.710646 0.577555 LS51.dat
1 7 -56.7142 -118.161 -26.2163 0.910198 0.321251 0.261414 0 0.63117 -0.775644 -0.414173 0.70599 0.57449 LS51.dat
1 7 -56.9051 -118.537 -26.6359 0.905009 0.329723 0.268777 0 0.631834 -0.775104 -0.425392 0.701476 0.571815 LS51.dat
1 7 -57.101 -118.912 -27.0526 0.900179 0.337268 0.275549 0 0.632691 -0.774404 -0.435519 0.697103 0.569536 LS51.dat
1 7 -57.3012 -119.287 -27.4664 0.89571 0.343945 0.28179 0 0.63375 -0.773538 -0.444639 0.692866 0.567656 LS51.dat
1 7 -57.5052 -119.663 -27.8774 0.891599 0.349808 0.287551 0 0.635014 -0.7725 -0.452826 0.68876 0.566178 LS51.dat
1 7 -57.7126 -120.04 -28.2857 0.887845 0.354901 0.292877 0 0.636491 -0.771284 -0.460143 0.684781 0.565105 LS51.dat
1 7 -57.9229 -120.417 -28.6914 0.884446 0.359261 0.297804 0 0.638184 -0.769884 -0.466643 0.680921 0.564439 LS51.dat
1 7 -58.1356 -120.795 -29.0947 0.8814 0.362919 0.302365 0 0.640099 -0.768292 -0.472372 0.677172 0.564183 LS51.dat
1 7 -58.3505 -121.174 -29.4955 0.878706 0.3659 0.306584 0 0.642243 -0.766501 -0.477364 0.673529 0.564343 LS51.dat
1 7 -58.567 -121.554 -29.8942 0.876364 0.368222 0.310482 0 0.644622 -0.764501 -0.48165 0.669981 0.564924 LS51.dat
1 7 -58.7849 -121.935 -30.2906 0.874376 0.369898 0.314075 0 0.647243 -0.762283 -0.48525 0.666522 0.565934 LS51.dat
1 7 -59.0038 -122.318 -30.685 0.872743 0.370936 0.317372 0 0.650115 -0.759836 -0.488179 0.663142 0.567383 LS51.dat
1 7 -59.2233 -122.703 -31.0774 0.871472 0.37134 0.320381 0 0.653245 -0.757147 -0.490446 0.659832 0.569284 LS51.dat
1 7 -59.443 -123.09 -31.4679 0.870566 0.371106 0.323102 0 0.656643 -0.754201 -0.492051 0.656582 0.571651 LS51.dat
1 7 -59.6627 -123.478 -31.8566 0.870036 0.370226 0.325531 0 0.660321 -0.750983 -0.492988 0.653383 0.574503 LS51.dat
1 7 -59.8819 -123.869 -32.2435 0.869891 0.368688 0.327657 0 0.66429 -0.747475 -0.493244 0.650222 0.57786 LS51.dat
1 7 -60.1004 -124.263 -32.6287 0.870144 0.366472 0.329467 0 0.668563 -0.743656 -0.492798 0.647087 0.581746 LS51.dat
1 7 -60.3176 -124.659 -33.0123 0.87081 0.363554 0.330935 0 0.673154 -0.739503 -0.49162 0.643966 0.586189 LS51.dat
1 7 -60.5332 -125.059 -33.3942 0.871909 0.359902 0.332033 0 0.678078 -0.73499 -0.489668 0.640844 0.591222 LS51.dat
1 7 -60.7469 -125.461 -33.7746 0.873461 0.355476 0.33272 0 0.683352 -0.730089 -0.486894 0.637705 0.596881 LS51.dat
1 7 -60.958 -125.867 -34.1533 0.875492 0.350232 0.332944 0 0.688993 -0.724768 -0.483233 0.634529 0.603208 LS51.dat
1 7 -61.1662 -126.276 -34.5305 0.87803 0.344113 0.33264 0 0.69502 -0.71899 -0.478605 0.631295 0.610248 LS51.dat
1 7 -61.3709 -126.69 -34.906 0.881108 0.337055 0.331728 0 0.701452 -0.712716 -0.472915 0.62798 0.618055 LS51.dat
1 7 -61.5715 -127.107 -35.2798 0.884761 0.328982 0.330104 0 0.70831 -0.705902 -0.466045 0.624554 0.626685 LS51.dat
1 7 -61.7674 -127.529 -35.6518 0.88903 0.319806 0.327642 0 0.715613 -0.698497 -0.457848 0.620985 0.636201 LS51.dat
1 7 -61.958 -127.956 -36.0219 0.893958 0.309426 0.324184 0 0.72338 -0.69045 -0.448151 0.617233 0.646671 LS51.dat
1 7 -62.1425 -128.387 -36.39 0.899589 0.297725 0.31953 0 0.73163 -0.681702 -0.436737 0.613252 0.658166 LS51.dat
1 7 -62.3201 -128.823 -36.7557 0.90597 0.284567 0.313432 0 0.740376 -0.672193 -0.423342 0.608987 0.670759 LS51.dat
1 7 -62.4898 -129.265 -37.119 0.913143 0.2698 0.305579 0 0.74963 -0.661857 -0.40764 0.60437 0.684519 LS51.dat
1 7 -62.6508 -129.712 -37.4794 0.92114 0.253247 0.29558 0 0.759393 -0.650632 -0.389232 0.599324 0.699507 LS51.dat
1 7 -62.8017 -130.165 -37.8367 0.929977 0.234709 0.28294 0 0.769657 -0.638458 -0.367618 0.593751 0.715763 LS51.dat
1 7 -62.9415 -130.623 -38.1903 0.939633 0.213962 0.267039 0 0.780396 -0.625285 -0.342183 0.587539 0.733286 LS51.dat
1 7 -63.0688 -131.088 -38.5399 0.950029 0.190757 0.247097 0 0.791566 -0.611084 -0.312162 0.580548 0.75201 LS51.dat
1 7 -63.1822 -131.558 -38.8848 0.960983 0.164819 0.222139 0 0.803087 -0.595862 -0.276607 0.572613 0.771753 LS51.dat
1 7 -63.2799 -132.034 -39.2244 0.97215 0.135854 0.190965 0 0.814842 -0.579683 -0.234359 0.563539 0.792149 LS51.dat
1 7 -63.3603 -132.516 -39.5579 0.982922 0.103551 0.152125 0 0.826659 -0.562703 -0.184024 0.553093 0.812541 LS51.dat
1 7 -63.4214 -133.004 -39.8843 0.992283 0.0676024 0.103942 0 0.838296 -0.545215 -0.123992 0.541008 0.831827 LS51.dat
1 7 -63.4612 -133.498 -40.2027 0.998619 0.0277195 0.044619 0 0.849428 -0.527705 -0.0525283 0.526976 0.848255 LS51.dat
1 7 -63.4775 -133.996 -40.512 0.999489 -0.0163331 -0.0274804 0 0.859626 -0.510923 0.0319678 0.510662 0.859187 LS51.dat
1 7 -63.4679 -134.499 -40.8109 0.991455 -0.0646944 -0.113273 0 0.868352 -0.495949 0.130446 0.491711 0.860932 LS51.dat
1 7 -63.4301 -135.006 -41.098 0.970187 -0.117352 -0.212051 0 0.874952 -0.48421 0.242357 0.469775 0.848867 LS51.dat
1 7 -63.3617 -135.517 -41.372 0.931155 -0.174078 -0.320387 0 0.878677 -0.477417 0.364625 0.444549 0.818184 LS51.dat
1 7 -63.2602 -136.029 -41.6312 0.871156 -0.23437 -0.43146 0 0.878726 -0.477326 0.491006 0.415825 0.765508 LS51.dat
1 7 -63.1233 -136.542 -41.874 0.790263 -0.297406 -0.535756 0 0.874321 -0.485348 0.612768 0.383552 0.690944 LS51.dat
1 7 -62.949 -137.055 -42.0988 0.692872 -0.362045 -0.62358 0 0.864809 -0.5021 0.721061 0.347891 0.599202 LS51.dat
1 7 -62.7353 -137.565 -42.3041 0.586679 -0.426882 -0.688171 0 0.849783 -0.527132 0.80982 0.309257 0.49855 LS51.dat
1 7 -62.4809 -138.071 -42.4884 0.480019 -0.490367 -0.727408 0 0.829183 -0.558977 0.877258 0.268319 0.398023 LS51.dat
1 7 -62.1849 -138.572 -42.6504 0.379432 -0.550978 -0.743273 0 0.803348 -0.59551 0.92522 0.225955 0.304816 LS51.dat
1 7 -61.8469 -139.065 -42.789 0.288709 -0.607391 -0.740084 0 0.773 -0.634406 0.957417 0.183158 0.223172 LS51.dat
1 7 -61.4674 -139.548 -42.9035 0.209229 -0.65863 -0.722793 0 0.739153 -0.673537 0.977867 0.140924 0.154652 LS51.dat
1 7 -61.0473 -140.019 -42.9933 0.140799 -0.704133 -0.695969 0 0.702972 -0.711218 0.990038 0.100139 0.0989774 LS51.dat
1 7 -60.5885 -140.477 -43.0586 0.0824152 -0.743748 -0.66336 0 0.665624 -0.746287 0.996598 0.0615054 0.0548576 LS51.dat
1 7 -60.0934 -140.92 -43.0995 0.0327809 -0.777662 -0.627827 0 0.628165 -0.77808 0.999463 0.0255061 0.0205918 LS51.dat
1 7 -59.5648 -141.347 -43.1169 -0.00941622 -0.806303 -0.591428 0 0.591455 -0.806338 0.999956 -0.00759266 -0.00556926 LS51.dat
1 7 -59.0061 -141.757 -43.1116 -0.0453718 -0.830235 -0.555564 0 0.556137 -0.831091 0.99897 -0.0377081 -0.0252329 LS51.dat
1 7 -58.4209 -142.149 -43.085 -0.0761208 -0.850078 -0.521127 0 0.522643 -0.852551 0.997099 -0.0648969 -0.039784 LS51.dat
1 7 -57.813 -142.523 -43.0386 -0.102534 -0.866441 -0.488638 0 0.491227 -0.871032 0.994729 -0.0893106 -0.0503676 LS51.dat
1 7 -57.1863 -142.878 -42.974 -0.125335 -0.879889 -0.458353 0 0.461996 -0.886882 0.992115 -0.111157 -0.057904 LS51.dat
1 7 -56.5443 -143.215 -42.8929 -0.145116 -0.89092 -0.430352 0 0.434956 -0.900452 0.989415 -0.13067 -0.0631192 LS51.dat
1 7 -55.8906 -143.534 -42.797 -0.162368 -0.899964 -0.404601 0 0.410042 -0.912067 0.98673 -0.14809 -0.0665775 LS51.dat
1 7 -55.2284 -143.836 -42.6881 -0.177489 -0.907381 -0.380996 0 0.387143 -0.92202 0.984123 -0.163648 -0.0687136 LS51.dat
1 7 -54.5607 -144.121 -42.5677 -0.19081 -0.913469 -0.359397 0 0.366124 -0.930566 0.981627 -0.177561 -0.0698599 LS51.dat
1 7 -53.8902 -144.39 -42.4373 -0.202601 -0.918474 -0.339646 0 0.346838 -0.937925 0.979261 -0.190025 -0.0702699 LS51.dat
1 7 -53.2191 -144.643 -42.2985 -0.213088 -0.922594 -0.321581 0 0.32914 -0.944281 0.977033 -0.201215 -0.0701357 LS51.dat
1 7 -52.5497 -144.882 -42.1525 -0.222456 -0.925992 -0.305045 0 0.312885 -0.949791 0.974943 -0.211286 -0.069603 LS51.dat
1 7 -51.8835 -145.107 -42.0005 -0.23086 -0.928799 -0.289891 0 0.297939 -0.954585 0.972987 -0.220376 -0.0687822 LS51.dat
1 7 -51.2222 -145.319 -41.8436 -0.238431 -0.93112 -0.275981 0 0.284177 -0.958772 0.971159 -0.228601 -0.0677566 LS51.dat
1 7 -50.5669 -145.519 -41.6827 -0.245278 -0.933043 -0.263191 0 0.271484 -0.962443 0.969453 -0.236066 -0.0665892 LS51.dat
1 7 -49.9188 -145.708 -41.5187 -0.251493 -0.934636 -0.251409 0 0.259758 -0.965674 0.967859 -0.24286 -0.0653273 LS51.dat
1 7 -49.2786 -145.886 -41.3524 -0.257153 -0.935957 -0.240534 0 0.248905 -0.968528 0.966371 -0.24906 -0.0640067 LS51.dat
1 7 -48.647 -146.054 -41.1843 -0.262327 -0.937052 -0.230476 0 0.23884 -0.971059 0.964979 -0.254735 -0.0626542 LS51.dat
1 7 -48.0247 -146.212 -41.0151 -0.267069 -0.937958 -0.221155 0 0.22949 -0.973311 0.963677 -0.259942 -0.0612898 LS51.dat
1 7 -47.4119 -146.362 -40.8453 -0.27143 -0.938707 -0.212499 0 0.220787 -0.975322 0.962458 -0.264732 -0.0599284 LS51.dat
1 7 -46.809 -146.504 -40.6753 -0.275451 -0.939324 -0.204444 0 0.212672 -0.977124 0.961315 -0.26915 -0.0585807 LS51.dat
1 7 -46.2163 -146.638 -40.5054 -0.279169 -0.93983 -0.196936 0 0.20509 -0.978743 0.960242 -0.273235 -0.0572548 LS51.dat
1 7 -45.6339 -146.765 -40.3361 -0.282616 -0.940243 -0.189923 0 0.197994 -0.980203 0.959233 -0.277021 -0.0559563 LS51.dat
1 7 -45.0617 -146.886 -40.1675 -0.285818 -0.940578 -0.18336 0 0.191342 -0.981523 0.958284 -0.280537 -0.054689 LS51.dat
0 MLCAD SKIP_END
0 MLCAD BTG flex5
0 MLCAD FLEXHOSE 7 0 0 22.3 1 0 0 0 1 0 0 0 1  -74 -106 -11  -50 0 0 -44.5 -130 -52 50 10 -15 130 ls51.dat ls51.dat 0
0 MLCAD SKIP_BEGIN
1 7 -74 -106 11.3 0.00195686 -0.999995 -0.00255617 0 0.00255618 -0.999997 0.999998 0.00195685 5.00207e-006 LS51.dat
1 7 -73.4446 -106.001 11.2989 0.00604229 -0.999951 -0.0078807 0 0.00788084 -0.999969 0.999982 0.00604211 4.76184e-005 LS51.dat
1 7 -72.8785 -106.006 11.2955 0.0104256 -0.999854 -0.013573 0 0.0135737 -0.999908 0.999946 0.0104246 0.000141514 LS51.dat
1 7 -72.3016 -106.014 11.2895 0.0151388 -0.999692 -0.0196702 0 0.0196725 -0.999806 0.999885 0.0151359 0.000297818 LS51.dat
1 7 -71.714 -106.025 11.2806 0.0202187 -0.999452 -0.0262142 0 0.0262196 -0.999656 0.999796 0.0202117 0.000530126 LS51.dat
1 7 -71.1156 -106.041 11.2685 0.0257073 -0.999116 -0.0332523 0 0.0332633 -0.999447 0.99967 0.025693 0.000855107 LS51.dat
1 7 -70.5067 -106.061 11.2528 0.0316526 -0.998664 -0.0408378 0 0.0408583 -0.999165 0.999499 0.0316262 0.00129327 LS51.dat
1 7 -69.8874 -106.087 11.2332 0.0381104 -0.99807 -0.0490311 0 0.0490668 -0.998795 0.999274 0.0380645 0.00186995 LS51.dat
1 7 -69.2581 -106.118 11.2092 0.0451446 -0.997301 -0.0579007 0 0.0579598 -0.998319 0.99898 0.0450687 0.00261657 LS51.dat
1 7 -68.6191 -106.155 11.1803 0.0528297 -0.996318 -0.0675238 0 0.0676182 -0.997711 0.998604 0.0527087 0.00357225 LS51.dat
1 7 -67.9712 -106.199 11.1461 0.061252 -0.995071 -0.0779876 0 0.0781344 -0.996943 0.998122 0.0610647 0.00478588 LS51.dat
1 7 -67.3149 -106.25 11.1058 0.0705124 -0.993498 -0.0893905 0 0.0896136 -0.995977 0.997511 0.0702287 0.00631887 LS51.dat
1 7 -66.6512 -106.31 11.0589 0.0807289 -0.99152 -0.101842 0 0.102176 -0.994766 0.996736 0.0803064 0.00824855 LS51.dat
1 7 -65.9813 -106.379 11.0046 0.0920395 -0.989038 -0.115466 0 0.115958 -0.993254 0.995755 0.0914187 0.0106727 LS51.dat
1 7 -65.3065 -106.458 10.9422 0.104607 -0.985928 -0.130395 0 0.131114 -0.991367 0.994514 0.103704 0.0137154 LS51.dat
1 7 -64.6284 -106.548 10.8709 0.118622 -0.982032 -0.146774 0 0.147818 -0.989015 0.99294 0.117319 0.0175344 LS51.dat
1 7 -63.9491 -106.651 10.7898 0.134309 -0.977147 -0.164756 0 0.166263 -0.986082 0.99094 0.132439 0.0223305 LS51.dat
1 7 -63.2708 -106.766 10.6978 0.151932 -0.97102 -0.184492 0 0.186659 -0.982425 0.988391 0.149262 0.0283594 LS51.dat
1 7 -62.5961 -106.896 10.5941 0.171801 -0.963327 -0.20612 0 0.209231 -0.977866 0.985132 0.167999 0.0359461 LS51.dat
1 7 -61.9282 -107.041 10.4776 0.194277 -0.953663 -0.229748 0 0.23421 -0.972186 0.980947 0.188873 0.0455016 LS51.dat
1 7 -61.2705 -107.202 10.3474 0.219777 -0.941521 -0.255416 0 0.261817 -0.965117 0.97555 0.21211 0.0575413 LS51.dat
1 7 -60.6266 -107.381 10.2023 0.248774 -0.926278 -0.283054 0 0.292242 -0.956344 0.968561 0.237914 0.0727022 LS51.dat
1 7 -60.0008 -107.579 10.0416 0.281798 -0.907189 -0.312408 0 0.325603 -0.945507 0.959474 0.266441 0.0917541 LS51.dat
1 7 -59.3972 -107.795 9.8643 0.31941 -0.883383 -0.342945 0 0.361903 -0.932216 0.947616 0.297759 0.115596 LS51.dat
1 7 -58.8203 -108.032 9.6698 0.362177 -0.853901 -0.373739 0 0.400961 -0.916095 0.932109 0.331789 0.145219 LS51.dat
1 7 -58.2744 -108.288 9.4577 0.410593 -0.817762 -0.403335 0 0.442341 -0.896847 0.911819 0.368239 0.181622 LS51.dat
1 7 -57.7637 -108.564 9.2278 0.464971 -0.774087 -0.429641 0 0.485291 -0.874353 0.885326 0.406548 0.225646 LS51.dat
1 7 -57.2921 -108.86 8.9801 0.525265 -0.72228 -0.449898 0 0.528708 -0.848804 0.850939 0.445847 0.277712 LS51.dat
1 7 -56.8626 -109.174 8.715 0.590838 -0.662235 -0.460821 0 0.571178 -0.820826 0.80679 0.484975 0.337474 LS51.dat
1 7 -56.4777 -109.506 8.4331 0.660199 -0.594525 -0.458995 0 0.611105 -0.791549 0.75109 0.52258 0.403451 LS51.dat
1 7 -56.1392 -109.854 8.1355 0.73083 -0.520487 -0.441566 0 0.646927 -0.762552 0.68256 0.557296 0.472793 LS51.dat
1 7 -55.8476 -110.217 7.8234 0.799238 -0.442134 -0.407108 0 0.677367 -0.735645 0.601015 0.587955 0.541378 LS51.dat
1 7 -55.603 -110.592 7.498 0.861417 -0.361891 -0.356365 0 0.701645 -0.712526 0.507898 0.613782 0.604409 LS51.dat
1 7 -55.4042 -110.977 7.1609 0.91368 -0.282239 -0.292455 0 0.719563 -0.694427 0.406434 0.634484 0.65745 LS51.dat
1 7 -55.2497 -111.371 6.8136 0.95357 -0.205366 -0.220294 0 0.731456 -0.681889 0.301172 0.650229 0.697494 LS51.dat
1 7 -55.1373 -111.771 6.4576 0.9804 -0.13294 -0.145409 0 0.738043 -0.674754 0.19702 0.661528 0.723577 LS51.dat
1 7 -55.0643 -112.177 6.0943 0.995165 -0.0660337 -0.0727024 0 0.740241 -0.672341 0.0982145 0.669091 0.736662 LS51.dat
1 7 -55.0278 -112.585 5.7252 0.999971 -0.00517137 -0.00567265 0 0.739005 -0.6737 0.00767606 0.67368 0.738983 LS51.dat
1 7 -55.025 -112.995 5.3513 0.997324 0.0495571 0.0537521 0 0.735213 -0.677836 -0.0731108 0.676022 0.733246 LS51.dat
1 7 -55.0526 -113.406 4.9739 0.989602 0.0983621 0.104944 0 0.729617 -0.683855 -0.143835 0.676745 0.722031 LS51.dat
1 7 -55.1079 -113.815 4.5938 0.97877 0.141635 0.14815 0 0.72282 -0.691036 -0.204961 0.676365 0.707475 LS51.dat
1 7 -55.1879 -114.224 4.2118 0.966313 0.179858 0.184094 0 0.715287 -0.698831 -0.25737 0.675289 0.691191 LS51.dat
1 7 -55.2899 -114.63 3.8285 0.953276 0.21354 0.213695 0 0.707362 -0.706851 -0.302101 0.673824 0.674311 LS51.dat
1 7 -55.4116 -115.033 3.4446 0.940357 0.243178 0.237892 0 0.699295 -0.714833 -0.340188 0.672198 0.657587 LS51.dat
1 7 -55.5506 -115.432 3.0604 0.927997 0.269234 0.257555 0 0.691261 -0.722605 -0.372587 0.670576 0.641488 LS51.dat
1 7 -55.7048 -115.828 2.6763 0.916456 0.292125 0.273443 0 0.683377 -0.730066 -0.400135 0.669073 0.626285 LS51.dat
1 7 -55.8724 -116.22 2.2924 0.905874 0.312222 0.2862 0 0.67572 -0.737158 -0.423548 0.667772 0.612117 LS51.dat
1 7 -56.0517 -116.608 1.9091 0.89631 0.329848 0.29636 0 0.668338 -0.743858 -0.443428 0.666727 0.599038 LS51.dat
1 7 -56.241 -116.992 1.5263 0.887775 0.345282 0.304361 0 0.661255 -0.750161 -0.460278 0.665975 0.587045 LS51.dat
1 7 -56.4392 -117.371 1.1441 0.88025 0.358767 0.310559 0 0.654482 -0.756077 -0.474511 0.665537 0.576108 LS51.dat
1 7 -56.6448 -117.746 0.7627 0.873697 0.370507 0.315243 0 0.64802 -0.761623 -0.486471 0.665428 0.566173 LS51.dat
1 7 -56.8568 -118.117 0.3819 0.868071 0.38068 0.318646 0 0.641862 -0.76682 -0.496439 0.665655 0.557182 LS51.dat
1 7 -57.0743 -118.484 0.0016 0.863325 0.389433 0.320955 0 0.635997 -0.771692 -0.504649 0.66622 0.549072 LS51.dat
1 7 -57.2963 -118.847 -0.3781 0.859408 0.396896 0.322323 0 0.63041 -0.776262 -0.511291 0.667126 0.541779 LS51.dat
1 7 -57.5219 -119.205 -0.7574 0.856275 0.403174 0.32287 0 0.625086 -0.780556 -0.516521 0.66837 0.535245 LS51.dat
1 7 -57.7506 -119.559 -1.1365 0.853881 0.408357 0.322694 0 0.620007 -0.784596 -0.520468 0.669952 0.529412 LS51.dat
1 7 -57.9815 -119.91 -1.5153 0.852189 0.412521 0.321871 0 0.615156 -0.788405 -0.523235 0.67187 0.524229 LS51.dat
1 7 -58.2141 -120.257 -1.8942 0.851161 0.415727 0.320464 0 0.610517 -0.792003 -0.524905 0.674122 0.519648 LS51.dat
1 7 -58.4479 -120.6 -2.2732 0.850765 0.418025 0.318518 0 0.60607 -0.795411 -0.525546 0.676708 0.515624 LS51.dat
1 7 -58.6822 -120.94 -2.6526 0.850974 0.419455 0.31607 0 0.6018 -0.798647 -0.525208 0.679628 0.512117 LS51.dat
1 7 -58.9166 -121.276 -3.0324 0.851763 0.420047 0.313146 0 0.597689 -0.801728 -0.523928 0.682882 0.50909 LS51.dat
1 7 -59.1507 -121.609 -3.4129 0.853109 0.419823 0.309763 0 0.59372 -0.804671 -0.521732 0.686473 0.506508 LS51.dat
1 7 -59.3839 -121.939 -3.7943 0.854995 0.418796 0.305932 0 0.589877 -0.807493 -0.518637 0.690403 0.504342 LS51.dat
1 7 -59.6159 -122.266 -4.1767 0.857403 0.416971 0.301656 0 0.586141 -0.810209 -0.514646 0.694675 0.502559 LS51.dat
1 7 -59.8462 -122.59 -4.5604 0.860318 0.414348 0.296932 0 0.582497 -0.812833 -0.509758 0.699295 0.501133 LS51.dat
1 7 -60.0744 -122.911 -4.9456 0.863728 0.410917 0.291754 0 0.578926 -0.81538 -0.503958 0.704267 0.500034 LS51.dat
1 7 -60.3001 -123.228 -5.3324 0.867621 0.406664 0.286108 0 0.575409 -0.817866 -0.497225 0.709598 0.499237 LS51.dat
1 7 -60.5229 -123.544 -5.7211 0.871986 0.401564 0.279977 0 0.571928 -0.820303 -0.489531 0.715293 0.498714 LS51.dat
1 7 -60.7423 -123.856 -6.112 0.876811 0.395588 0.273337 0 0.568463 -0.822709 -0.480835 0.72136 0.498434 LS51.dat
1 7 -60.9579 -124.166 -6.5051 0.882084 0.388697 0.266162 0 0.564989 -0.825098 -0.471092 0.727806 0.498368 LS51.dat
1 7 -61.1692 -124.473 -6.9008 0.887793 0.380846 0.25842 0 0.561484 -0.827487 -0.460244 0.734637 0.498482 LS51.dat
1 7 -61.3758 -124.778 -7.2992 0.89392 0.37198 0.250075 0 0.557921 -0.829894 -0.448226 0.741859 0.498737 LS51.dat
1 7 -61.577 -125.08 -7.7006 0.900448 0.362036 0.241087 0 0.55427 -0.832337 -0.434963 0.749476 0.499092 LS51.dat
1 7 -61.7725 -125.379 -8.1052 0.907352 0.350941 0.231413 0 0.550498 -0.834836 -0.420371 0.757491 0.499496 LS51.dat
1 7 -61.9615 -125.675 -8.5133 0.914603 0.338612 0.221006 0 0.546567 -0.837416 -0.404354 0.765903 0.499891 LS51.dat
1 7 -62.1436 -125.969 -8.925 0.922161 0.324956 0.209817 0 0.542433 -0.840099 -0.386807 0.774706 0.500211 LS51.dat
1 7 -62.3179 -126.26 -9.3406 0.929978 0.309868 0.197795 0 0.538049 -0.842914 -0.367615 0.783891 0.500374 LS51.dat
1 7 -62.4838 -126.548 -9.7602 0.937993 0.293231 0.184891 0 0.533358 -0.84589 -0.346654 0.793439 0.500286 LS51.dat
1 7 -62.6404 -126.833 -10.1842 0.946128 0.274919 0.171058 0 0.528295 -0.849061 -0.323792 0.80332 0.499835 LS51.dat
1 7 -62.7871 -127.115 -10.6126 0.954288 0.254792 0.156256 0 0.522788 -0.852463 -0.298889 0.813495 0.49889 LS51.dat
