0 FILE Main.ldr
0 Untitled
0 Name: Main.ldr
0 Author:  marco
0 Unofficial Model
0 ROTATION CENTER 0 0 0 1 "Custom" 
0 ROTATION CONFIG 0 0
1 7 0 0 0 0 0 -1 0 1 0 1 0 0 chassis.ldr
1 7 0 0 0 0 0 -1 0 1 0 1 0 0 cockpit.ldr
1 7 0 0 0 0 0 -1 0 1 0 1 0 0 steer.ldr
1 7 0 0 0 0 0 -1 0 1 0 1 0 0 engine.ldr
1 7 0 0 0 0 0 -1 0 1 0 1 0 0 wheel.ldr
1 7 280 0 -296.9 0 0 1 0 1 0 -1 0 0 wheel.ldr
1 7 0 -1 312.3 0 0 -1 0 1 0 1 0 0 wheel.ldr
1 7 280 -1 15.8 0 0 1 0 1 0 -1 0 0 wheel.ldr
0
0 FILE chassis.ldr
0 CHASSIS
0 ROTATION CENTER 0 0 0 1 "Custom" 
0 ROTATION CONFIG 0 0
1 7 213.167 -20.5491 -79.9971 0.991155 0.132705 -0.000893322 -0.132708 0.991133 -0.00667201 0 0.00673155 1 4274.dat
1 36 221.096 -21.6107 -79.9971 0.132706 -0.991155 -0.000893342 0.991133 0.132709 -0.00667204 0.00673158 0 1 4073.dat
1 0 7.94321 29.1244 -190 0 0.132709 -0.991155 0 0.991155 0.132709 1 0 0 3623.dat
1 14 -195.596 16.0203 -169.998 0.991155 0.132709 0 -0.132709 0.991155 0 0 0 1 3623.dat
1 14 -184.623 22.6224 -169.999 0.991155 0.132709 0 -0.132709 0.991155 0 0 0 1 3700.dat
1 14 -181.438 46.4102 -169.999 0.991155 0.132709 0 -0.132709 0.991155 0 0 0 1 3710.dat
1 0 -180.376 54.3394 -169.999 0.991155 0.132709 0 -0.132709 0.991155 0 0 0 1 3023.dat
1 0 -40.5526 43.6894 -169.999 0.991155 0.132709 0 -0.132709 0.991155 0 0 0 1 3703.dat
1 0 101.394 48.8982 -139.999 0 0.132709 0.991155 0 0.991155 -0.132709 -1 0 0 3020.dat
1 0 102.456 56.8274 -100.001 0.991155 0.132709 0 -0.132709 0.991155 0 0 0 1 3022.dat
1 0 101.395 48.8983 -90.0004 0.991155 0.132709 0 -0.132709 0.991155 0 0 0 1 3023.dat
1 0 137.856 19.8022 -90 0.991155 0.132709 0 -0.132709 0.991155 0 0 0 1 3702.dat
1 0 180.687 38.2816 -90 0.991155 0.132709 0 -0.132709 0.991155 0 0 0 1 3023.dat
1 0 191.66 44.8837 -90.0009 0.991155 0.132709 0 -0.132709 0.991155 0 0 0 1 3623.dat
1 0 143.164 59.4484 -90 0.991155 0.132709 0 -0.132709 0.991155 0 0 0 1 3894.dat
1 0 156.617 9.21863 -100 0.991155 0.132709 0 -0.132709 0.991155 0 0 0 1 3020.dat
1 0 175.379 -1.36466 -90 0.991155 0.132709 0 -0.132709 0.991155 0 0 0 1 3023.dat
1 14 132.547 -19.8439 -90.0006 0.991155 0.132709 0 -0.132709 0.991155 0 0 0 1 3894.dat
1 0 115.909 6.598 -90 0.991155 0.132709 0 -0.132709 0.991155 0 0 0 1 3023.dat
1 14 171.132 -33.0815 -90 0.991155 0.132709 0 -0.132709 0.991155 0 0 0 1 3710.dat
1 0 135.732 3.94325 -140 0.991155 0.132709 0 -0.132709 0.991155 0 0 0 1 3035.dat
1 0 156.617 9.21818 -180 0.991155 0.132709 0 -0.132709 0.991155 0 0 0 1 3020.dat
1 0 137.855 19.8016 -190 0.991155 0.132709 0 -0.132709 0.991155 0 0 0 1 3702.dat
1 0 180.686 38.281 -190 0.991155 0.132709 0 -0.132709 0.991155 0 0 0 1 3023.dat
1 0 191.66 44.8831 -190.001 0.991155 0.132709 0 -0.132709 0.991155 0 0 0 1 3623.dat
1 0 143.164 59.4478 -190.001 0.991155 0.132709 0 -0.132709 0.991155 0 0 0 1 3894.dat
1 0 102.456 56.8269 -180.001 0.991155 0.132709 0 -0.132709 0.991155 0 0 0 1 3022.dat
1 0 101.394 48.8977 -190 0.991155 0.132709 0 -0.132709 0.991155 0 0 0 1 3023.dat
1 0 175.378 -1.36526 -190 0.991155 0.132709 0 -0.132709 0.991155 0 0 0 1 3023.dat
1 14 132.547 -19.8446 -190 0.991155 0.132709 0 -0.132709 0.991155 0 0 0 1 3894.dat
1 0 115.909 6.59731 -190 0.991155 0.132709 0 -0.132709 0.991155 0 0 0 1 3023.dat
1 14 171.131 -33.0822 -190 0.991155 0.132709 0 -0.132709 0.991155 0 0 0 1 3710.dat
1 0 63.1658 -10.5551 -140 0 0.132709 -0.991155 0 0.991155 0.132709 1 0 0 3702.dat
1 0 77.3244 19.835 -169.999 0.991155 0.132709 0 -0.132709 0.991155 0 0 0 1 3023.dat
1 0 107.059 15.8536 -140 0 0.132709 -0.991155 0 0.991155 0.132709 1 0 0 3666.dat
1 0 108.121 23.7833 -140 0 0.132709 0.991155 0 0.991155 -0.132709 -1 0 0 3700.dat
1 0 77.3248 19.8354 -110 0.991155 0.132709 0 -0.132709 0.991155 0 0 0 1 3023.dat
1 0 -40.5523 43.6898 -110 0.991155 0.132709 0 -0.132709 0.991155 0 0 0 1 3703.dat
1 0 37.6779 25.1431 -139.999 0 0.132709 -0.991155 0 0.991155 0.132709 1 0 0 3034.dat
1 14 -0.906653 38.3807 -210 0.991155 0.132709 0 -0.132709 0.991155 0 0 0 1 3894.dat
1 14 -0.906605 38.3807 -69.9996 0.991155 0.132709 0 -0.132709 0.991155 0 0 0 1 3894.dat
1 7 -101.083 43.7231 -109.999 -0.991155 0.132709 0 0.132709 0.991155 0 0 0 -1 3069b.dat
1 14 -130.818 47.7043 -109.999 0.991155 0.132709 0 -0.132709 0.991155 0 0 0 1 3024.dat
1 0 -180.376 54.3398 -109.999 0.991155 0.132709 0 -0.132709 0.991155 0 0 0 1 3023.dat
1 14 -181.437 46.4105 -109.999 0.991155 0.132709 0 -0.132709 0.991155 0 0 0 1 3710.dat
1 14 -184.622 22.6228 -109.999 0.991155 0.132709 0 -0.132709 0.991155 0 0 0 1 3700.dat
1 14 -195.596 16.0207 -109.998 0.991155 0.132709 0 -0.132709 0.991155 0 0 0 1 3623.dat
1 0 206.174 2.58258 -140 0 0.132709 -0.991155 0 0.991155 0.132709 1 0 0 3460.dat
1 14 205.113 -5.34666 -200.001 0 0.132709 -0.991155 0 0.991155 0.132709 1 0 0 3023.dat
1 14 201.928 -29.1344 -200.001 0 0.132709 -0.991155 0 0.991155 0.132709 1 0 0 3700.dat
1 14 207.236 10.5118 -140.001 0 0.132709 0.991155 0 0.991155 -0.132709 -1 0 0 3701.dat
1 0 210.421 34.2997 -140.001 0 0.132709 -0.991155 0 0.991155 0.132709 1 0 0 3666.dat
1 14 205.113 -5.34666 -80.0007 0 0.132709 -0.991155 0 0.991155 0.132709 1 0 0 3023.dat
1 14 201.928 -29.1336 -80.0007 0 0.132709 -0.991155 0 0.991155 0.132709 1 0 0 3700.dat
1 14 -130.818 47.7039 -169.999 0.991155 0.132709 0 -0.132709 0.991155 0 0 0 1 3024.dat
1 7 -101.084 43.7227 -169.999 -0.991155 0.132709 0 0.132709 0.991155 0 0 0 -1 3069b.dat
1 7 72.0158 -19.8113 -190 0.991155 0.132709 0 -0.132709 0.991155 0 0 0 1 3069b.dat
1 0 -7.63235 63.4965 -140 0 0.132709 0.991155 0 0.991155 -0.132709 -1 0 0 3460.dat
1 0 51.837 55.534 -140 0 0.132709 0.991155 0 0.991155 -0.132709 -1 0 0 3460.dat
1 14 -215.419 18.6746 -139.998 0 0.132709 -0.991155 0 0.991155 0.132709 1 0 0 3023.dat
1 14 -214.357 26.6036 -139.999 0 0.132709 -0.991155 0 0.991155 0.132709 1 0 0 3894.dat
1 14 -176.834 5.43686 -139.999 0 0.132709 -0.991155 0 0.991155 0.132709 1 0 0 3710.dat
1 7 72.0164 -19.8106 -90 0.991155 0.132709 0 -0.132709 0.991155 0 0 0 1 3069b.dat
1 0 7.94384 29.1251 -89.9989 0 0.132709 -0.991155 0 0.991155 0.132709 1 0 0 3623.dat
1 14 -226.392 12.0727 -139.998 0 0.132709 0.991155 0 0.991155 -0.132709 -1 0 0 2429.dat
1 14 -226.392 12.0724 -139.998 0 0.132709 0.991155 0 0.991155 -0.132709 -1 0 0 2430.dat
1 0 99.5369 35.0221 -80.0003 0 0.132709 0.991155 0 0.991155 -0.132709 -1 0 0 2780.dat
1 14 86.9712 16.5261 -70 -0.13271 0.991155 0 -0.991155 -0.13271 0 0 0 1 3702.dat
1 0 72.8359 -32.5318 -140.001 0 0.991155 0.132709 0 -0.132709 0.991155 1 0 0 3460.dat
1 14 87.3998 15.9634 -210 -0.132708 0.991155 0 -0.991155 -0.132708 0 0 0 1 3702.dat
1 0 89.3488 -44.833 -220 0 0.155672 0.987809 0 0.987809 -0.155672 -1 0 0 2780.dat
1 0 127.321 -149.297 -229.998 0 0.872551 -0.488523 0 0.488523 0.872551 1 0 0 2420.dat
1 0 80.5642 -49.4081 -229.998 0.488523 0.872551 0 -0.872551 0.488523 0 0 0 1 3895.dat
1 0 155.243 -133.664 -210 0 0.872551 -0.488523 0 0.488523 0.872551 1 0 0 3623.dat
1 0 134.303 -145.388 -140 0 0.872551 -0.488523 0 0.488523 0.872551 1 0 0 3702.dat
1 0 155.247 -133.662 -69.9986 0 0.872551 -0.488523 0 0.488523 0.872551 1 0 0 3623.dat
1 0 127.325 -149.295 -49.9983 -0.488523 0.872551 0 0.872551 0.488523 0 0 0 -1 2420.dat
1 0 80.5714 -49.404 -50 0.488523 0.872551 0 -0.872551 0.488523 0 0 0 1 3895.dat
1 0 89.3496 -44.8321 -60.0005 0 0.155675 0.987808 0 0.987808 -0.155675 -1 0 0 2780.dat
1 0 40.4375 42.7323 -220 0 0 1 0 1 0 -1 0 0 2780.dat
1 0 40.0675 42.9849 -60 0 0.101486 0.994837 0 0.994837 -0.101486 -1 0 0 2780.dat
1 0 70.1809 -52.3562 -140.001 0 0.991155 0.132709 0 -0.132709 0.991155 1 0 0 3460.dat
1 14 78.1101 -53.4179 -139.999 0 0.991155 -0.132709 0 -0.132709 -0.991155 -1 0 0 3894.dat
1 14 101.898 -56.6029 -140.001 0 0.991155 0.132709 0 -0.132709 0.991155 1 0 0 3460.dat
1 0 94.6572 -5.18682 -200.001 0 0.132709 0.991155 0 0.991155 -0.132709 -1 0 0 2780.dat
1 0 105.274 74.1056 -200.001 0 0.132709 0.991155 0 0.991155 -0.132709 -1 0 0 2780.dat
1 0 99.9655 34.4594 -200.001 0 0.132709 0.991155 0 0.991155 -0.132709 -1 0 0 2780.dat
1 0 104.845 74.6685 -80.0007 0 0.132709 0.991155 0 0.991155 -0.132709 -1 0 0 2780.dat
1 0 94.2285 -4.62429 -80 0 0.132709 0.991155 0 0.991155 -0.132709 -1 0 0 2780.dat
1 0 159.006 27.0595 -80 0 0.132709 0.991155 0 0.991155 -0.132709 -1 0 0 2780.dat
1 14 168.917 25.7324 -70.0006 0.132709 -0.991155 0 0.991155 0.132709 0 0 0 1 3894.dat
1 0 153.697 -12.5867 -80.0003 0 0.132709 0.991155 0 0.991155 -0.132709 -1 0 0 2780.dat
1 0 153.697 -12.5874 -200 0 0.132709 0.991155 0 0.991155 -0.132709 -1 0 0 2780.dat
1 14 168.917 25.7317 -210 0.132711 -0.991155 0 0.991155 0.132711 0 0 0 1 3894.dat
1 0 158.443 26.6296 -200 0 0.132709 0.991155 0 0.991155 -0.132709 -1 0 0 2780.dat
1 0 -177.987 72.1802 -179.999 0 0.132709 0.991155 0 0.991155 -0.132709 -1 0 0 2780.dat
1 0 -190.554 53.6842 -189.999 -0.132709 0.991155 0 -0.991155 -0.132709 0 0 0 1 3701.dat
1 0 -177.987 72.1808 -99.9989 0 0.13271 0.991155 0 0.991155 -0.13271 -1 0 0 2780.dat
1 0 -190.554 53.6848 -89.9988 -0.132709 0.991155 0 -0.991155 -0.132709 0 0 0 1 3701.dat
1 7 0.420276 48.2921 -230 -0.991155 0.132709 0 0.132709 0.991155 0 0 0 -1 3713.dat
1 0 0.421276 48.2932 -140 0 0.132709 0.991155 0 0.991155 -0.132709 -1 0 0 3737.dat
1 7 0.420242 48.2921 -50 -0.991155 0.132709 0 0.132709 0.991155 0 0 0 -1 3713.dat
1 7 213.166 -20.5498 -200.001 0.991155 0.132705 -0.000893322 -0.132708 0.991133 -0.00667201 0 0.00673155 1 4274.dat
1 36 221.095 -21.6115 -199.997 -0.132706 -0.991155 0.000897849 -0.991132 0.132709 0.00667968 -0.00673976 0 -1 4073.dat
1 0 79.7129 37.6756 -180 0 0.132709 0.991155 0 0.991155 -0.132709 -1 0 0 2780.dat
1 0 79.7134 37.6762 -99.9989 0 0.132709 0.991155 0 0.991155 -0.132709 -1 0 0 2780.dat
1 7 -150.641 50.3581 -139.999 0 0.132709 -0.991155 0 0.991155 0.132709 1 0 0 4442.dat
1 7 -146.395 82.0751 -139.999 0 0.132709 -0.991155 0 0.991155 0.132709 1 0 0 4442.dat
0
0 FILE cockpit.ldr
0 COCKPIT
0 ROTATION CENTER 0 0 0 1 "Custom" 
0 ROTATION CONFIG 0 0
1 14 -93.1648 -40.4025 -219.998 0 0.596234 -0.802811 0 0.802811 0.596234 1 0 0 3023.dat
1 14 -105.963 -40.8624 -179.998 0 0.596234 -0.802811 0 0.802811 0.596234 1 0 0 3020.dat
1 14 -93.1642 -40.4019 -179.998 -0.802811 0.596234 0 0.596234 0.802811 0 0 0 -1 3021.dat
1 14 -96.4231 -28.0176 -229.998 -0.802811 0.596234 0 0.596234 0.802811 0 0 0 -1 3700.dat
1 14 -82.1134 -8.75018 -199.998 0 0.596234 -0.802811 0 0.802811 0.596234 1 0 0 3709b.dat
1 0 -104.451 -22.055 -179.998 0 0.596234 -0.802811 0 0.802811 0.596234 1 0 0 3700.dat
1 14 -88.3947 -33.9798 -139.998 0 0.596234 -0.802811 0 0.802811 0.596234 1 0 0 3702.dat
1 14 -93.1646 -40.4023 -139.998 0 0.596234 -0.802811 0 0.802811 0.596234 1 0 0 3023.dat
1 14 -77.3436 -2.32769 -139.998 0 0.596234 -0.802811 0 0.802811 0.596234 1 0 0 3709b.dat
1 14 -64.5448 -1.86683 -139.998 0 0.596234 -0.802811 0 0.802811 0.596234 1 0 0 3700.dat
1 14 -50.2352 17.4006 -139.998 0 0.596234 -0.802811 0 0.802811 0.596234 1 0 0 3023.dat
1 14 -109.221 -28.4776 -109.998 0.802811 0.596234 0 -0.596234 0.802811 0 0 0 1 3623.dat
1 14 -105.962 -40.8617 -99.9984 0 0.596234 -0.802811 0 0.802811 0.596234 1 0 0 3020.dat
1 14 -112.478 -16.0919 -109.998 -0.802811 0.596234 0 0.596234 0.802811 0 0 0 -1 3700.dat
1 14 -90.1404 -2.78677 -109.998 0.802811 0.596234 0 -0.596234 0.802811 0 0 0 1 3024.dat
1 14 -74.0845 -14.7118 -99.9984 0 0.596234 -0.802811 0 0.802811 0.596234 1 0 0 3666.dat
1 14 -61.5215 35.7478 -139.998 0.802811 0.596234 0 -0.596234 0.802811 0 0 0 1 3021.dat
1 14 -40.6954 30.2456 -139.998 0 0.596234 -0.802811 0 0.802811 0.596234 1 0 0 3700.dat
1 14 -42.4421 61.4378 -139.998 0.802811 0.596234 0 -0.596234 0.802811 0 0 0 1 3021.dat
1 14 -64.7796 48.1328 -129.998 -0.802811 0.596234 0 0.596234 0.802811 0 0 0 -1 3700.dat
1 14 -64.7798 48.1326 -149.998 -0.802811 0.596234 0 0.596234 0.802811 0 0 0 -1 3700.dat
1 14 -93.1646 -40.4023 -69.9984 0 0.596234 -0.802811 0 0.802811 0.596234 1 0 0 3623.dat
1 0 -58.8172 56.1609 -119.998 0 0.15571 0.987803 0 0.987803 -0.15571 -1 0 0 2780.dat
1 0 -90.4607 -19.9895 -239.999 0 0.996535 -0.0831797 0 0.0831798 0.996535 1 0 0 2780.dat
1 0 -65.443 -63.5117 -249.998 0.497652 0.867377 0 -0.867377 0.497652 0 0 0 1 3705.dat
1 7 -40.5605 -106.881 -259.998 0 0.135581 0.990766 0 0.990766 -0.135581 -1 0 0 4274.dat
1 0 48.6034 -119.325 -249.997 0.990766 0.135581 0 -0.135581 0.990766 0 0 0 1 3707.dat
1 0 137.772 -131.528 -239.999 0 0.156856 0.987622 0 0.987622 -0.156856 -1 0 0 2780.dat
1 0 -26.705 32.3115 -139.998 0.802811 0.596233 0 -0.596233 0.802811 0 0 0 1 2780.dat
1 14 -42.526 -5.76336 -150 0.596229 0 0.802814 0.802814 0 -0.596229 0 1 0 3894.dat
1 0 -74.4043 -31.914 -139.999 0.802811 0.596233 0 -0.596233 0.802811 0 0 0 1 2780.dat
1 0 -50.5543 0.199083 -139.998 0.802811 0.596233 0 -0.596233 0.802811 0 0 0 1 2780.dat
1 0 -58.8174 56.1607 -159.998 0 0.132656 0.991162 0 0.991162 -0.132656 -1 0 0 2780.dat
1 0 -106.516 -8.06381 -119.999 0 -0.612417 -0.790534 0 -0.790534 0.612417 -1 0 0 2780.dat
1 0 -141.695 10.974 -129.999 0.881439 0.472297 0 -0.472297 0.881439 0 0 0 1 4519.dat
1 0 -183.599 31.5978 -139.999 0 0.132719 0.991154 0 0.991154 -0.132719 -1 0 0 3706.dat
1 7 -183.297 32.5341 -149.999 -0.991154 0.132719 0 0.132719 0.991154 0 0 0 -1 3713.dat
1 14 -96.4223 -28.0169 -49.9982 -0.802811 0.596234 0 0.596234 0.802811 0 0 0 -1 3700.dat
1 0 -90.4591 -19.9879 -39.9984 0 0.181584 -0.983375 0 0.983376 0.181584 1 0 0 2780.dat
1 0 -66.3072 -64.0071 -29.9982 0.497652 0.867377 0 -0.867377 0.497652 0 0 0 1 3705.dat
1 7 -41.4246 -107.376 -19.9982 0 -0.135581 -0.990766 0 0.990766 -0.135581 1 0 0 4274.dat
1 0 48.6066 -119.323 -29.9993 0.990766 0.135581 0 -0.135581 0.990766 0 0 0 1 3707.dat
1 0 137.776 -131.525 -39.9992 0 0.155653 0.987812 0 0.987812 -0.155653 -1 0 0 2780.dat
1 14 -81.8781 -58.7493 -179.998 0 0.596234 -0.802811 0 0.802811 0.596234 1 0 0 3069bp05.dat
1 7 -124.082 1.49888 -129.998 0 0.478134 -0.878287 0 0.878287 0.478134 1 0 0 3651.dat
1 7 -168.138 25.1429 -129.998 0.000623614 -0.472297 0.881439 0.00116295 -0.881438 -0.472297 1 0.0013196 0 3651.dat
1 7 -80.3079 -37.6972 -249.998 0 -0.867378 0.49765 0 -0.49765 -0.867378 1 0 0 3651.dat
1 7 117.969 -128.818 -249.999 0 -0.135578 -0.990767 0 -0.990767 0.135578 -1 0 0 3651.dat
1 7 117.97 -128.816 -29.9993 0 -0.135578 -0.990767 0 -0.990767 0.135578 -1 0 0 3651.dat
1 7 -80.7133 -37.245 -29.9983 0 -0.867378 0.49765 0 -0.49765 -0.867378 1 0 0 3651.dat
1 7 -20.747 -109.832 -29.9965 0 0.13558 0.990766 0 0.990766 -0.13558 -1 0 0 4273b.dat
1 7 -50.5102 -89.5307 -29.9982 0 0.867377 -0.497652 0 0.497652 0.867377 1 0 0 4273b.dat
1 7 -50.5135 -89.533 -249.998 0 -0.867377 -0.497652 0 -0.497652 0.867377 -1 0 0 4273b.dat
1 7 -20.7503 -109.835 -249.997 0 -0.135582 0.990766 0 -0.990766 -0.135582 1 0 0 4273b.dat
0
0 FILE steer.ldr
0 STEER
0 ROTATION CENTER 0 0 0 1 "Custom" 
0 ROTATION CONFIG 0 0
1 7 -148.319 68.2033 -219.999 0 0 -1 0 1 0 1 0 0 3673.dat
1 7 -113.119 29.1913 -159.999 0 0.132709 -0.991155 0 0.991155 0.132709 1 0 0 3743.dat
1 7 -109.988 52.9862 -209.499 0.132707 0 0.991155 0.991155 0 -0.132707 0 1 0 3749.dat
1 7 -109.988 52.9862 -69.9989 0.132707 0 0.991155 0.991155 0 -0.132707 0 1 0 3749.dat
1 7 -148.319 68.2033 -59.9989 0 0 -1 0 1 0 1 0 0 3673.dat
1 7 -130.608 9.8123 -180.111 0.134272 0.580917 -0.802811 0.180794 0.782189 0.596233 0.974313 -0.2252 0 4019.dat
1 0 -90.4679 -19.9994 -180.111 0.802811 0.580917 0.134274 -0.596233 0.782188 0.1808 0 -0.225207 0.974311 44294.dat
1 7 -38.2852 -58.7546 -180.111 0.134294 0.580913 -0.802811 0.180822 0.782183 0.596233 0.974304 -0.225236 0 4185.dat
1 7 -66.3836 -37.8864 -180.111 -0.134298 -0.580923 -0.802803 -0.180788 -0.782182 0.596245 -0.97431 0.225212 0 3713.dat
1 7 -114.552 -2.11238 -180.111 -0.134275 0.580911 0.802815 -0.180798 0.782192 -0.596228 -0.974311 -0.225206 0 3713.dat
1 7 -112.057 37.1205 -139.999 0 0.132709 -0.991155 0 0.991155 0.132709 1 0 0 4442.dat
1 7 -149.646 58.2918 -69.999 0 0.132709 0.991155 0 0.991155 -0.132709 -1 0 0 4261.dat
1 7 -149.646 58.2918 -209.999 0 0.132709 0.991155 0 0.991155 -0.132709 -1 0 0 4261.dat
0
0 FILE engine.ldr
0 ENGINE
0 ROTATION CENTER 0 0 0 1 "Custom" 
0 ROTATION CONFIG 0 0
1 7 164.207 66.7079 -170.001 -0.996628 -0.0820566 0 -0.0820566 0.996628 0 0 0 -1 3713.dat
1 0 164.206 66.7079 -140.001 0 -0.0820566 0.996628 0 0.996628 0.0820566 -1 0 0 3708.dat
1 7 164.206 66.7074 -140.001 0.996628 -0.0820564 0 0.0820564 0.996628 0 0 0 1 3648b.dat
1 7 164.206 66.7074 -250.001 -0.996628 -0.0820567 0 -0.0820567 0.996628 0 0 0 -1 3713.dat
1 7 164.206 66.7074 -30.0009 -0.996628 -0.0820567 0 -0.0820567 0.996628 0 0 0 -1 3713.dat
1 7 164.206 66.7074 -110.001 -0.996628 -0.0820566 0 -0.0820566 0.996628 0 0 0 -1 3713.dat
1 0 129.172 30.3004 -139.566 0.991155 -0.0654967 -0.115421 -0.132709 -0.489171 -0.862032 0 0.869725 -0.493536 3737.dat
1 7 188.641 22.3378 -139.566 0.0654975 -0.11542 -0.991155 0.489171 -0.862033 0.132709 -0.869725 -0.493536 0 3713.dat
1 7 129.172 30.3003 -139.566 -0.11542 -0.0654968 -0.991155 -0.862033 -0.489171 0.132709 -0.493536 0.869725 0 3713.dat
1 0 158.907 26.3191 -139.566 -0.0654968 -0.11542 0.991155 -0.489171 -0.862033 -0.132709 0.869725 -0.493536 0 4716.dat
1 7 223.332 17.693 -139.566 -0.0654968 -0.115421 0.991155 -0.489171 -0.862033 -0.132709 0.869725 -0.493536 0 4265a.dat
0
0 FILE wheel.ldr
0 wheel
0 ROTATION CENTER 0 0 0 1 "Custom" 
0 ROTATION CONFIG 0 0
1 0 -148.319 67.7033 -229.499 0.991155 0.132709 0 -0.132709 0.991155 0 0 0 1 2696.dat
1 7 -148.319 67.7033 -229.999 -0.132709 0.991155 0 -0.991155 -0.132709 0 0 0 1 2695.dat
0
0
