0 FILE Main.ldr
0 Untitled
0 Name: 8859_C
0 Author: marco
0 Unofficial Model
0 ROTATION CENTER 0 0 0 1 "Custom" 
0 ROTATION CONFIG 0 0
1 7 0 0 0 1 0 0 0 1 0 0 0 1 8859_C.ldr
1 7 0 0 0 1 0 0 0 1 0 0 0 1 8859_C steer.ldr
1 7 2.1 0 0 1 0 0 0 1 0 0 0 1 8859_C differential.ldr
0
0 FILE 8859_C.ldr
0 8859_C
0 ROTATION CENTER 0 0 0 1 "Custom" 
0 ROTATION CONFIG 0 0
1 0 20 -24 -130 1 0 0 0 1 0 0 0 1 3700.dat
1 0 20 -32 -130 1 0 0 0 1 0 0 0 1 3460.dat
1 0 -40 -40 -130 1 0 0 0 1 0 0 0 1 3710.dat
1 0 20 -64 -130 1 0 0 0 1 0 0 0 1 3894.dat
1 0 -20 -72 -130 1 0 0 0 1 0 0 0 1 3666.dat
1 0 20 -80 -130 1 0 0 0 1 0 0 0 1 3460.dat
1 0 80 -72 -130 1 0 0 0 1 0 0 0 1 3710.dat
1 0 -10 -104 -130 0 0 1 0 1 0 -1 0 0 3040b.dat
1 0 50 -104 -130 0 0 -1 0 1 0 1 0 0 3040b.dat
1 0 60 -40 -130 1 0 0 0 1 0 0 0 1 3666.dat
1 1 10 -104 -20 0 0 -1 0 1 0 1 0 0 3895.dat
1 0 20 -112 -100 1 0 0 0 1 0 0 0 1 3068.dat
1 1 30 -104 -20 0 0 -1 0 1 0 1 0 0 3895.dat
1 0 20 -112 -130 1 0 0 0 1 0 0 0 1 3710.dat
1 0 20 -120 -130 1 0 0 0 1 0 0 0 1 3710.dat
1 0 20 -144 -130 1 0 0 0 1 0 0 0 1 3700.dat
1 0 20 -128 -70 1 0 0 0 1 0 0 0 1 3004.dat
1 0 20 -136 -70 1 0 0 0 1 0 0 0 1 3023.dat
1 0 20 -160 -70 1 0 0 0 1 0 0 0 1 3700.dat
1 0 20 -184 -70 1 0 0 0 1 0 0 0 1 3700.dat
1 7 20 -54 -140 0 0 1 0 1 0 -1 0 0 2780.dat
1 0 29.5 -114.5 -150 0 -1 0 1 0 0 0 0 1 3895.dat
1 7 20 -134 -140 0 0 1 0 1 0 -1 0 0 2780.dat
1 7 20 -14 -140 0 0 1 0 1 0 -1 0 0 2780.dat
1 7 -9.99999 -94 80 0 0 1 0 1 0 -1 0 0 3713.dat
1 0 20 -94 79.9999 1 0 0 0 1 0 0 0 1 3737.dat
1 7 50 -94 80 0 0 -1 0 1 0 1 0 0 3713.dat
1 7 110 -94 80 0 0 -1 0 1 0 1 0 0 3713.dat
1 7 -70 -94 80 0 0 1 0 1 0 -1 0 0 3713.dat
1 1 -50 -151.539 59.1004 0 0 -1 0.873599 0.486646 0 0.486646 -0.873599 0 3895.dat
1 1 20 -207.848 36.8905 1 0 0 0 0.486646 0.873599 0 -0.873599 0.486646 3738.dat
1 1 90 -151.539 59.1005 0 0 -1 0.873599 0.486646 0 0.486646 -0.873599 0 3895.dat
1 0 20 -145.328 51.1337 1 0 0 0 0.993353 -0.115108 0 0.115108 0.993353 3707.dat
1 1 50 -116.529 22.2322 0 0 1 0.855419 0.517937 0 -0.517937 0.855419 0 3702.dat
1 0 20 -94 20 1 0 0 0 1 0 0 0 1 3707.dat
1 7 90 -94 20 0 0 -1 0 1 0 1 0 0 3713.dat
1 7 -50 -94 20 0 0 1 0 1 0 -1 0 0 3713.dat
1 1 70 -104 160 0 0 -1 0 1 0 1 0 0 3703.dat
1 7 80 -94 240 1 0 0 0 1 0 0 0 1 2780.dat
1 0 90 -74.5 249.5 0 0 -1 1 0 0 0 -1 0 3701.dat
1 1 20 -40 190 1 0 0 0 1 0 0 0 1 3666.dat
1 1 20 -64 190 1 0 0 0 1 0 0 0 1 3701.dat
1 0 20 -72 190 1 0 0 0 1 0 0 0 1 3666.dat
1 0 20 -80 190 1 0 0 0 1 0 0 0 1 3666.dat
1 1 -30 -104 160 0 0 -1 0 1 0 1 0 0 3703.dat
1 7 -40 -94 240 1 0 0 0 1 0 0 0 1 2780.dat
1 0 -50 -74.5 249.5 0 0 -1 1 0 0 0 -1 0 3701.dat
1 1 20 -40 290 1 0 0 0 1 0 0 0 1 3666.dat
1 1 20 -64 290 1 0 0 0 1 0 0 0 1 3701.dat
1 0 20 -72 290 1 0 0 0 1 0 0 0 1 3666.dat
1 0 20 -80 290 1 0 0 0 1 0 0 0 1 3666.dat
1 0 70 -64 240 0 0 -1 0 1 0 1 0 0 3702.dat
1 0 -30 -64 240 0 0 -1 0 1 0 1 0 0 3702.dat
1 1 -10 -116.529 22.2322 0 0 1 0.855419 0.517937 0 -0.517937 0.855419 0 3702.dat
0
0 FILE 8859_C differential.ldr
0 8859_C DIFFERENTIAL
0 ROTATION CENTER 0 0 0 1 "Custom" 
0 ROTATION CONFIG 0 0
1 0 108 -54 240 1 0 0 0 1 0 0 0 1 3707.dat
1 0 -72 -54.5 240 1 0 0 0 1 0 0 0 1 3707.dat
1 7 18.1107 -54.0124 240.5 0 0 -1 -1 0 0 0 1 0 73071.dat
1 7 18 -54 257.5 0.975213 0.221266 0 -0.221266 0.975213 0 0 0 1 4143.dat
1 7 2 -54 240 0 0 -1 0 1 0 1 0 0 4143.dat
1 7 36 -54 240 0 0 1 0 -1 0 1 0 0 4143.dat
0 Assembly 2
1 7 -94 -54.5 240 1 0 0 0 1 0 0 0 1 3739.dat
0 Assembly 2
1 256 -124 -54.5 240 0 0 -1 0 1 0 1 0 0 3740.dat
0 Assembly 4
1 7 128 -54 240 -1 0 0 0 1 0 0 0 -1 3739.dat
0 Assembly 4
1 256 158 -54 240 0 0 1 0 1 0 -1 0 0 3740.dat
0
0 FILE 8859_C steer.ldr
0 8859_C STEER
0 ROTATION CENTER 0 0 0 1 "Custom" 
0 ROTATION CONFIG 0 0
1 0 -100 -54 -130 1 0 0 0 1 0 0 0 1 3706.dat
1 7 -90 -54 -130 0 0 1 0 1 0 -1 0 0 3713.dat
1 7 -50 -54 -130 0 0 -1 0 1 0 1 0 0 3713.dat
1 7 -10 -132 -89.5547 0 0 -1 -1 0 0 0 1 0 4274.dat
1 7 20 -140 -89.5547 1 0 0 0 1 0 0 0 1 3743.dat
1 7 50 -132 -90.0547 0 0 -1 -1 0 0 0 1 0 4274.dat
1 0 110.5 -114 -90.0547 0 -1 0 1 0 0 0 0 1 3706.dat
1 7 109.5 -134 -90.0547 0 1 0 0 0 1 1 0 0 3713.dat
1 7 109.5 -102 -90.0547 0 1 0 0 0 1 1 0 0 3713.dat
1 7 -69.5 -134 -90.0547 0 1 0 0 0 1 1 0 0 3713.dat
1 0 -69.5 -114 -90.0547 0 1 0 -1 0 0 0 0 1 3706.dat
1 7 -69.5 -102 -90.0547 0 1 0 0 0 1 1 0 0 3713.dat
1 7 20 -218.144 54.7096 1 0 0 0 0.874552 -0.484932 0 0.484932 0.874552 3736.dat
1 0 20 -203.536 28.5064 0 0 1 0.486646 0.873599 0 -0.873599 0.486646 0 3705.dat
1 7 20 -174.5 -24 1 0 0 0 0.874553 -0.48493 0 0.48493 0.874553 3326b.dat
1 0 20 -174.5 -100 0 0 1 0 1 0 -1 0 0 3706.dat
1 7 20 -174 -94 -1 0 0 0 1 0 0 0 -1 3648b.dat
1 0 140 -54 -130 1 0 0 0 1 0 0 0 1 3706.dat
1 7 90 -54 -130 0 0 1 0 1 0 -1 0 0 3713.dat
1 7 130 -54 -130 0 0 -1 0 1 0 1 0 0 3713.dat
1 0 20 -132 -89.5547 -1 0 0 0 1 0 0 0 -1 4263.dat
1 0 79.5 -121 -90.0547 1 0 0 0 1 0 0 0 1 4263.dat
1 0 -39.5 -121 -90.0547 1 0 0 0 1 0 0 0 1 4263.dat
1 7 -70 -64 -130 1 0 0 0 1 0 0 0 1 4261.dat
1 7 110 -64 -130 1 0 0 0 1 0 0 0 1 4261.dat
0 Assembly 3
1 7 140 -54 -130 -1 0 0 0 1 0 0 0 -1 3739.dat
0 Assembly 3
1 256 170 -54 -130 0 0 1 0 1 0 -1 0 0 3740.dat
0 Assembly 5
1 7 -99 -54 -130 1 0 0 0 1 0 0 0 1 3739.dat
0 Assembly 5
1 256 -129 -54 -130 0 0 -1 0 1 0 1 0 0 3740.dat
1 7 20 -174.5 -54 -1 0 0 0 1 0 0 0 -1 3712.dat
1 7 20 -189.048 2.23659 0 1 0 -0.874553 0 -0.48493 -0.48493 0 0.874553 3712.dat
0 
0
0
