0   8859_D
0 Name: C:\USERS\USER\DESKTOP\8859_D.LDR
0 Author: LEGO Digital Designer 4.3

0 WORLD  -37.87423 -93.20898 -29.32952 0.414708 0.07244881 0.9070653 0.1206945 0.9836367 -0.1337465 -0.9019165 0.1649412 0.399178
0 CENTRE  0 0 0
0 LOOKAT  -104 24 102
0 ZOOM  56
0 ROTANGLE 0
1  7 10 -13.6756 -103.1719 1 0 0 0 0.2411125 -0.9704972 0 0.9704972 0.2411125 3713.dat
1  0 10 -3.970634 -105.583 0 0 1 0.9704973 0.2411124 0 -0.2411124 0.9704973 0 3705.dat
1  0 10 -52.4955 -93.52738 -1 0 0 0 -0.9704971 0.2411126 0 0.2411126 0.9704971 3705.dat
1  7 -40 -62.80628 -91.481 0 0 -1 -0.9704972 0.2411124 0 0.2411124 0.9704972 0 4274.dat
1  7 60 -62.80628 -91.481 0 0 -1 -0.9704972 0.2411124 0 0.2411124 0.9704972 0 4274.dat
1  7 30 44.55423 -117.6387 0 0 -1 -0.9704972 0.2411126 0 0.2411125 0.9704972 0 3713.dat
1  0 10 44.55425 -117.6387 1 0 0 0 0.2411126 -0.9704971 0 0.9704971 0.2411126 3706.dat
1  7 -10 44.55425 -117.6387 0 0 1 -0.9704973 -0.2411126 0 0.2411127 -0.9704973 0 3713.dat
1  7 15 44.55425 -117.6387 0 0 -1 0.2411126 0.9704973 0 0.9704972 -0.2411126 0 32123A.dat
1  0 -30 86.61008 -144.6813 0 1 0 -0.8411162 0 0.5408545 0.5408545 0 0.8411162 3705.dat
1  0 10 128.2749 -172.6299 1 0 0 0 0.02370215 1 0 -1 0.02370215 3706.dat
1  0 50 86.61002 -144.6815 0 1 0 -0.8411153 0 0.5408559 0.5408559 0 0.8411152 3705.dat
1  7 10 15.74354 -69.78008 1 0 0 0 0.9704973 0.2411122 0 -0.2411122 0.9704973 3713.dat
1  0 10 18.15464 -60.0751 0 0 1 0.2411107 -0.9704976 0 0.9704977 0.2411107 0 3705.dat
1  0 12.00036 30.21027 -11.55025 1 0 0 0 0.2411126 -0.9704971 0 0.9704971 0.2411126 3706.dat
1  7 30.00036 30.21027 -11.55025 0 0 -1 -0.9704972 0.2411126 0 0.2411125 0.9704972 0 3713.dat
1  7 -9.999644 30.21027 -11.55025 0 0 1 -0.9704973 -0.2411126 0 0.2411127 -0.9704973 0 3713.dat
1  0 50 79.22427 -3.086439 0 1 0 -0.9875731 0 -0.1571604 -0.1571604 0 0.9875731 3705.dat
1  0 10.00043 128.5609 3.792388 1 0 0 0 1 0.0111504 0 -0.0111504 1 3706.dat
1  0 -30 79.18227 -4.065288 0 1 0 -0.9875736 0 -0.1571579 -0.1571579 0 0.9875736 3705.dat
1  0 10 10.86078 -47.95901 1 0 0 0 0.9704973 0.2411119 0 -0.2411119 0.9704973 3700.dat
1  4 10.00031 6.94857 -26.37906 0 0 -1 0.2411126 0.9704973 0 0.9704972 -0.2411126 0 3021.dat
1  7 40 128.2749 -172.6299 1 0 0 0 0.02370279 1 0 -1 0.02369614 3739.dat
1  7 40.00043 128.5609 3.792388 1 0 0 0 1 0.01115091 0 -0.0111516 1 3739.dat
1  7 10 25.14428 -112.8164 1 0 0 0 0.2411129 -0.9704971 0 0.9704971 0.2411129 3651.dat
1  7 50 111.4526 -161.8127 1 0 0 0 0.5408578 -0.8411139 0 0.8411139 0.5408578 3651.dat
1  7 50 108.8094 0.6491802 1 0 0 0 -0.1571604 -0.9875728 0 0.9875727 -0.1571604 3651.dat
1  7 -29 108.8094 0.6491799 1 0 0 0 -0.1571604 -0.9875728 0 0.9875727 -0.1571604 3651.dat
1  7 -30 111.4526 -161.8127 1 0 0 0 0.5408578 -0.8411139 0 0.8411139 0.5408578 3651.dat
1  7 50 61.52645 -128.5206 1 0 0 0 -0.540856 0.8411152 0 -0.8411152 -0.540856 4273B.dat
1  7 -30 61.37659 -128.4557 -1 0 0 0 0.540854 0.8411166 0 0.8411166 -0.5408539 4273B.dat
1  7 74.4958 -49.2915 -80.63106 0 -0.707105 0.7071087 0.9704973 0.1704928 0.1704921 -0.2411126 0.686247 0.6862434 4273B.dat
1  7 40 -52.4955 -93.52738 0 0 -1 -0.9704973 0.2411127 0 0.2411126 0.9704973 0 4273B.dat
1  7 -20 -52.4955 -93.52738 0 0 1 -0.9704973 -0.2411125 0 0.2411126 -0.9704973 0 4273B.dat
1  7 -54.14211 -49.08564 -79.80244 0 -0.7071084 -0.7071053 0.9704973 -0.1704918 0.1704928 -0.2411126 -0.6862437 0.6862468 4273B.dat
1  7 10 -33.08556 -98.34964 1 0 0 0 -0.241113 0.970497 0 -0.970497 -0.241113 4273B.dat
1  7 50.00037 49.96173 -8.407043 1 0 0 0 0.1571603 0.9875731 0 -0.9875731 0.1571603 4273B.dat
1  7 -29 49.96174 -8.407081 -1 0 0 0 -0.1571584 0.9875734 0 0.9875734 0.1571585 4273B.dat
1  7 10 10.55664 -88.58418 0 1 0 -0.9704964 0 0.2411149 0.2411148 0 0.9704965 3651.dat
1  7 55 44.55425 -117.6387 0 0 -1 0.2411126 0.9704973 0 0.9704972 -0.2411126 0 4265A.dat
1  7 55.00036 30.21027 -11.55025 0 0 -1 0.2411126 0.9704973 0 0.9704972 -0.2411126 0 4265A.dat
1  7 -33.99965 30.21027 -11.55026 0 0 1 -0.2411126 0.970497 0 -0.9704971 -0.2411125 0 4265A.dat
1  7 -35 44.55425 -117.6387 0 0 1 -0.2411126 0.970497 0 -0.9704971 -0.2411125 0 4265A.dat
1  7 14 -52.4955 -93.52738 0 0 -1 0.2411126 0.9704973 0 0.9704972 -0.2411126 0 4265A.dat
1  7 15.00038 30.21029 -11.55025 0 0 -1 0.2411126 0.9704973 0 0.9704972 -0.2411126 0 4265A.dat
1  7 10.0003 25.38797 -30.96017 1 0 0 0 -0.9704974 -0.2411116 0 0.2411116 -0.9704974 4273B.dat

