0 FILE Main.ldr
0 Untitled
0 Name: Main.ldr
0 Author: MLCad
0 Unofficial Model
0 ROTATION CENTER 0 0 0 1 "Custom" 
0 ROTATION CONFIG 0 0
1 7 0 0 0 1 0 0 0 1 0 0 0 1 chassis.ldr
1 7 0 0 0 1 0 0 0 1 0 0 0 1 differential.ldr
1 7 0 0 0 1 0 0 0 1 0 0 0 1 suspension.ldr
1 7 0 0 0 1 0 0 0 1 0 0 0 1 windscreen.ldr
1 7 0 0 0 1 0 0 0 1 0 0 0 1 steer.ldr
1 7 0 0 0 1 0 0 0 1 0 0 0 1 seat.ldr
1 7 -160 0 0 1 0 0 0 1 0 0 0 1 seat.ldr
0
0 FILE chassis.ldr
0 CHASSIS
0 ROTATION CENTER 0 0 0 1 "Custom" 
0 ROTATION CONFIG 0 0
1 0 150.01 -213.699 139.484 0 0 1 0.931781 -0.363021 0 0.363021 0.931781 0 3705.dat
1 0 140.01 -167.11 157.635 -1 0 0 0 0.985102 0.171972 0 0.171972 -0.985102 2780.dat
1 7 130.01 -176.652 156.466 0 0 -1 -0.171972 0.985102 0 0.985102 0.171972 0 3701.dat
1 0 120.008 -170.243 177.888 -1 0 0 0 0.985102 0.171972 0 0.171972 -0.985102 2780.dat
1 7 -9.98987 -56.5759 -66.2009 0 0 -1 -0.171972 0.985102 0 0.985102 0.171972 0 3895.dat
1 7 -9.98983 -43.8201 -185.789 0 0 -1 -0.171972 0.985102 0 0.985102 0.171972 0 3710.dat
1 7 -9.98983 -51.7008 -187.165 0 0 -1 -0.171972 0.985102 0 0.985102 0.171972 0 3710.dat
1 0 20.0102 -54.1384 -126.683 1 0 0 0 0.985102 -0.171973 0 0.171973 0.985102 3020.dat
1 7 50.0102 -56.5758 -66.2008 0 0 -1 -0.171972 0.985102 0 0.985102 0.171972 0 3895.dat
1 7 50.0102 -43.8199 -185.789 0 0 -1 -0.171972 0.985102 0 0.985102 0.171972 0 3710.dat
1 7 50.0102 -51.7008 -187.165 0 0 -1 -0.171972 0.985102 0 0.985102 0.171972 0 3710.dat
1 0 50.0102 -59.2975 -97.1297 0 0 1 0.171972 0.985102 0 -0.985102 0.171972 0 3024.dat
1 0 50.0101 -65.4586 -108.356 0 0 -1 -0.171972 0.985102 0 0.985102 0.171972 0 3023.dat
1 0 50.0102 -90.8207 -102.633 1 0 0 0 0.985102 -0.171973 0 0.171973 0.985102 3005.dat
1 0 50.0102 -96.9818 -113.86 0 0 -1 -0.171972 0.985102 0 0.985102 0.171972 0 3023.dat
1 0 50.0102 -103.143 -125.086 0 0 -1 -0.171972 0.985102 0 0.985102 0.171972 0 2420.dat
1 0 50.0102 -128.505 -119.363 0 0 1 0.171972 0.985102 0 -0.985102 0.171972 0 3700.dat
1 7 10.0101 -60.2995 -137.91 1 0 0 0 0.985102 -0.171973 0 0.171973 0.985102 30039.dat
1 7 30.0101 -60.2994 -137.91 1 0 0 0 0.985102 -0.171973 0 0.171973 0.985102 30039.dat
1 0 -9.98988 -59.2976 -97.1297 0 0 1 0.171972 0.985102 0 -0.985102 0.171972 0 3024.dat
1 0 -9.98984 -65.4587 -108.357 0 0 -1 -0.171972 0.985102 0 0.985102 0.171972 0 3023.dat
1 0 -9.98984 -90.8208 -102.633 1 0 0 0 0.985102 -0.171973 0 0.171973 0.985102 3005.dat
1 0 -9.98984 -96.9819 -113.86 0 0 -1 -0.171972 0.985102 0 0.985102 0.171972 0 3023.dat
1 0 -9.98981 -103.143 -125.086 1 0 0 0 0.985102 -0.171973 0 0.171973 0.985102 2420.dat
1 0 -9.98979 -128.505 -119.363 0 0 -1 -0.171972 0.985102 0 0.985102 0.171972 0 3700.dat
1 7 20.0102 -113.028 -208.022 1 0 0 0 0.985102 -0.171973 0 0.171973 0.985102 3702.dat
1 7 50.0102 -89.3852 -203.894 0 0 1 0.171972 0.985102 0 -0.985102 0.171972 0 3024.dat
1 7 50.0102 -81.5043 -202.519 0 0 1 0.171972 0.985102 0 -0.985102 0.171972 0 3024.dat
1 7 -9.98979 -89.3852 -203.894 0 0 1 0.171972 0.985102 0 -0.985102 0.171972 0 3024.dat
1 7 -9.98979 -81.5044 -202.519 0 0 1 0.171972 0.985102 0 -0.985102 0.171972 0 3024.dat
1 0 50.0101 -68.4643 -230.696 0 0 -1 -0.171972 0.985102 0 0.985102 0.171972 0 3702.dat
1 0 -9.98983 -68.4644 -230.696 0 0 -1 -0.171972 0.985102 0 0.985102 0.171972 0 3702.dat
1 7 20.0102 -120.909 -209.398 1 0 0 0 0.985102 -0.171973 0 0.171973 0.985102 3460.dat
1 0 60.0102 -127.07 -220.624 1 0 0 0 0.985102 -0.171973 0 0.171973 0.985102 3022.dat
1 7 0.010225 -128.789 -210.773 1 0 0 0 0.985102 -0.171973 0 0.171973 0.985102 3710.dat
1 7 20.0103 -152.432 -214.901 1 0 0 0 0.985102 -0.171973 0 0.171973 0.985102 3702.dat
1 7 60.0102 -148.992 -234.603 1 0 0 0 0.985102 -0.171973 0 0.171973 0.985102 3700.dat
1 14 60.0102 -174.354 -228.879 1 0 0 0 0.985102 -0.171973 0 0.171973 0.985102 6143.dat
1 7 20.0101 -34.2196 -194.264 1 0 0 0 0.985102 -0.171973 0 0.171973 0.985102 3702.dat
1 4 20.0101 -10.5771 -190.137 -1 0 0 0 0.985102 0.171972 0 0.171972 -0.985102 3710.dat
1 0 20.0102 -126.786 -129.214 -1 0 0 0 0.985102 0.171972 0 0.171972 -0.985102 3700.dat
1 0 20.0103 -150.428 -133.341 1 0 0 0 0.985102 -0.171973 0 0.171973 0.985102 3010.dat
1 0 -39.9897 -158.309 -134.717 1 0 0 0 0.985102 -0.171973 0 0.171973 0.985102 3666.dat
1 0 80.0103 -158.309 -134.717 1 0 0 0 0.985102 -0.171973 0 0.171973 0.985102 3666.dat
1 0 -79.9897 -181.951 -138.844 1 0 0 0 0.985102 -0.171973 0 0.171973 0.985102 3004.dat
1 0 120.01 -181.951 -138.844 1 0 0 0 0.985102 -0.171973 0 0.171973 0.985102 3004.dat
1 4 -79.9896 -189.832 -140.22 1 0 0 0 0.985102 -0.171973 0 0.171973 0.985102 3023.dat
1 4 120.01 -189.832 -140.22 1 0 0 0 0.985102 -0.171973 0 0.171973 0.985102 3023.dat
1 7 20.0101 -73.0554 -18.3215 1 0 0 0 0.985102 -0.171973 0 0.171973 0.985102 3666.dat
1 0 20.0102 -87.3814 -122.335 1 0 0 0 0.985102 -0.171973 0 0.171973 0.985102 3701.dat
1 0 20.0102 -95.2622 -123.711 -1 0 0 0 0.985102 0.171972 0 0.171972 -0.985102 3023.dat
1 4 100.01 -182.519 -321.666 1 0 0 0 0.985102 -0.171973 0 0.171973 0.985102 3700.dat
1 4 110.01 -158.877 -317.538 1 0 0 0 0.985102 -0.171973 0 0.171973 0.985102 3623.dat
1 4 90.0103 -150.996 -316.162 -1 0 0 0 0.985102 0.171972 0 0.171972 -0.985102 3024.dat
1 7 90.0103 -143.115 -314.787 -1 0 0 0 0.985102 0.171972 0 0.171972 -0.985102 3024.dat
1 4 20.0102 -135.235 -313.411 1 0 0 0 0.985102 -0.171973 0 0.171973 0.985102 3702.dat
1 4 -59.9897 -182.519 -321.666 1 0 0 0 0.985102 -0.171973 0 0.171973 0.985102 3700.dat
1 4 -69.9896 -158.877 -317.538 1 0 0 0 0.985102 -0.171973 0 0.171973 0.985102 3623.dat
1 4 -49.9897 -150.996 -316.162 -1 0 0 0 0.985102 0.171972 0 0.171972 -0.985102 3024.dat
1 7 -49.9897 -143.115 -314.787 -1 0 0 0 0.985102 0.171972 0 0.171972 -0.985102 3024.dat
1 4 20.0103 -111.592 -309.284 1 0 0 0 0.985102 -0.171973 0 0.171973 0.985102 3666.dat
1 0 20.0102 -103.711 -307.908 1 0 0 0 0.985102 -0.171973 0 0.171973 0.985102 3666.dat
1 0 60.0102 -95.8304 -306.532 1 0 0 0 0.985102 -0.171973 0 0.171973 0.985102 3700.dat
1 0 -19.9898 -95.8304 -306.532 1 0 0 0 0.985102 -0.171973 0 0.171973 0.985102 3700.dat
1 0 60.0102 -72.1879 -302.405 1 0 0 0 0.985102 -0.171973 0 0.171973 0.985102 3023.dat
1 0 -19.9898 -72.188 -302.405 1 0 0 0 0.985102 -0.171973 0 0.171973 0.985102 3023.dat
1 4 20.0102 -64.3072 -301.029 1 0 0 0 0.985102 -0.171973 0 0.171973 0.985102 3460.dat
1 4 130.01 -201.436 -213.304 0 0 -1 -0.171972 0.985102 0 0.985102 0.171972 0 3895.dat
1 4 160.01 -205.878 -234.382 0 0 -1 -0.171972 0.985102 0 0.985102 0.171972 0 3033.dat
1 0 110.01 -214.043 -327.169 1 0 0 0 0.985102 -0.171973 0 0.171973 0.985102 4070.dat
1 4 130.01 -213.759 -235.758 0 0 -1 -0.171972 0.985102 0 0.985102 0.171972 0 4477.dat
1 4 130.01 -240.84 -220.183 0 0 -1 -0.171972 0.985102 0 0.985102 0.171972 0 3895.dat
1 4 60.0103 -229.804 -329.92 1 0 0 0 0.985102 -0.171973 0 0.171973 0.985102 3710.dat
1 0 20.0103 -221.923 -328.545 1 0 0 0 0.985102 -0.171973 0 0.171973 0.985102 4477.dat
1 4 -19.9897 -229.804 -329.92 1 0 0 0 0.985102 -0.171973 0 0.171973 0.985102 3710.dat
1 7 20.0104 -214.043 -327.169 1 0 0 0 0.985102 -0.171973 0 0.171973 0.985102 3894.dat
1 7 20.0103 -190.4 -323.041 1 0 0 0 0.985102 -0.171973 0 0.171973 0.985102 3460.dat
1 4 -89.9896 -201.437 -213.304 0 0 -1 -0.171972 0.985102 0 0.985102 0.171972 0 3895.dat
1 4 -119.99 -205.878 -234.382 0 0 -1 -0.171972 0.985102 0 0.985102 0.171972 0 3033.dat
1 0 -69.9896 -214.043 -327.169 1 0 0 0 0.985102 -0.171973 0 0.171973 0.985102 4070.dat
1 4 -89.9896 -213.759 -235.758 0 0 -1 -0.171972 0.985102 0 0.985102 0.171972 0 4477.dat
1 4 -89.9897 -240.84 -220.183 0 0 -1 -0.171972 0.985102 0 0.985102 0.171972 0 3895.dat
1 4 -79.9897 -234.963 -300.367 0 0 -1 -0.171972 0.985102 0 0.985102 0.171972 0 3020.dat
1 4 -79.9896 -255.6 -182.155 0 0 -1 -0.171972 0.985102 0 0.985102 0.171972 0 3034.dat
1 4 20.0103 -251.159 -161.077 1 0 0 0 0.985102 -0.171973 0 0.171973 0.985102 3832.dat
1 7 20.0104 -244.998 -149.85 1 0 0 0 0.985102 -0.171973 0 0.171973 0.985102 3894.dat
1 0 20.0103 -181.951 -138.844 1 0 0 0 0.985102 -0.171973 0 0.171973 0.985102 3004.dat
1 0 20.0103 -205.594 -142.971 1 0 0 0 0.985102 -0.171973 0 0.171973 0.985102 3700.dat
1 7 20.0104 -213.475 -144.347 1 0 0 0 0.985102 -0.171973 0 0.171973 0.985102 4477.dat
1 7 20.0104 -221.355 -145.723 1 0 0 0 0.985102 -0.171973 0 0.171973 0.985102 3460.dat
1 7 100.01 -244.998 -149.85 1 0 0 0 0.985102 -0.171973 0 0.171973 0.985102 3004.dat
1 7 -59.9896 -244.998 -149.85 1 0 0 0 0.985102 -0.171973 0 0.171973 0.985102 3004.dat
1 4 120.01 -255.6 -182.155 0 0 -1 -0.171972 0.985102 0 0.985102 0.171972 0 3034.dat
1 4 120.01 -234.963 -300.367 0 0 -1 -0.171972 0.985102 0 0.985102 0.171972 0 3020.dat
1 4 20.0103 -246.284 -282.041 -1 0 0 0 0.985102 0.171972 0 0.171972 -0.985102 3033.dat
1 4 20.0104 -266.92 -163.829 -1 0 0 0 0.985102 0.171972 0 0.171972 -0.985102 3033.dat
1 15 100.01 -190.557 -345.401 1 0 0 0 -0.171972 -0.985102 0 0.985102 -0.171972 4150.dat
1 0 100.01 -201.784 -339.24 1 0 0 0 -0.171972 -0.985102 0 0.985102 -0.171972 3023.dat
1 15 -59.9897 -190.557 -345.401 1 0 0 0 -0.171972 -0.985102 0 0.985102 -0.171972 4150.dat
1 0 -59.9897 -201.784 -339.24 1 0 0 0 -0.171972 -0.985102 0 0.985102 -0.171972 3023.dat
1 0 90.0103 -214.043 -327.169 1 0 0 0 0.985102 -0.171973 0 0.171973 0.985102 4070.dat
1 0 -49.9896 -214.043 -327.168 1 0 0 0 0.985102 -0.171973 0 0.171973 0.985102 4070.dat
1 4 20.0104 -259.039 -162.453 1 0 0 0 0.985102 -0.171973 0 0.171973 0.985102 3795.dat
1 4 -49.9897 -120.191 -260.028 0 0 -1 -0.171972 0.985102 0 0.985102 0.171972 0 3666.dat
1 4 90.0103 -120.191 -260.028 0 0 -1 -0.171972 0.985102 0 0.985102 0.171972 0 3666.dat
1 7 70.0101 -73.7732 32.3094 0 0 -1 -0.171972 0.985102 0 0.985102 0.171972 0 3894.dat
1 7 70.0101 -88.5328 70.3376 0 0 -1 -0.171972 0.985102 0 0.985102 0.171972 0 3023.dat
1 7 70.0101 -89.5348 29.5578 0 0 -1 -0.171972 0.985102 0 0.985102 0.171972 0 3666.dat
1 7 70.0101 -120.056 64.8345 0 0 1 0.171972 0.985102 0 -0.985102 0.171972 0 3700.dat
1 7 70.0102 -121.058 24.0547 0 0 -1 -0.171972 0.985102 0 0.985102 0.171972 0 3666.dat
1 7 90.0102 -135.818 62.0829 1 0 0 0 0.985102 -0.171973 0 0.171973 0.985102 3021.dat
1 7 70.0102 -152.581 18.5516 0 0 -1 -0.171972 0.985102 0 0.985102 0.171972 0 3894.dat
1 7 90.0102 -122.06 -16.7252 1 0 0 0 0.985102 -0.171973 0 0.171973 0.985102 3021.dat
1 7 110.01 -169.778 117.062 0 0 -1 -0.171972 0.985102 0 0.985102 0.171972 0 3703.dat
1 7 90.0102 -167.341 56.5799 1 0 0 0 0.985102 -0.171973 0 0.171973 0.985102 3021.dat
1 7 100.01 -163.184 -13.753 -1 0 0 0 0.985102 0.171972 0 0.171972 -0.985102 3710.dat
1 1 100.01 -179.663 34.1263 1 0 0 0 0.985102 -0.171973 0 0.171973 0.985102 3958.dat
1 4 100.01 -170.063 25.6511 -1 0 0 0 0.985102 0.171972 0 0.171972 -0.985102 3710.dat
1 4 100.01 -166.623 5.94901 -1 0 0 0 0.985102 0.171972 0 0.171972 -0.985102 3710.dat
1 4 100.01 -173.502 45.3531 -1 0 0 0 0.985102 0.171972 0 0.171972 -0.985102 3710.dat
1 7 110.01 -157.023 -2.52624 0 0 -1 -0.171972 0.985102 0 0.985102 0.171972 0 3710.dat
1 7 70.0102 -157.023 -2.52624 0 0 -1 -0.171972 0.985102 0 0.985102 0.171972 0 3710.dat
1 7 70.0101 -106.298 -13.9736 0 0 1 0.171972 0.985102 0 -0.985102 0.171972 0 3700.dat
1 4 100.01 -176.941 65.0551 -1 0 0 0 0.985102 0.171972 0 0.171972 -0.985102 3710.dat
1 1 50.0102 -182.385 3.19746 0 0 -1 -0.171972 0.985102 0 0.985102 0.171972 0 3623.dat
1 1 150.01 -182.385 3.1974 0 0 -1 -0.171972 0.985102 0 0.985102 0.171972 0 3623.dat
1 1 50.0102 -195.425 31.3747 0 0 -1 -0.171972 0.985102 0 0.985102 0.171972 0 3710.dat
1 1 150.01 -195.425 31.3747 0 0 -1 -0.171972 0.985102 0 0.985102 0.171972 0 3710.dat
1 1 50.0102 -198.864 51.0768 0 0 -1 -0.171972 0.985102 0 0.985102 0.171972 0 4531.dat
1 1 150.01 -198.864 51.0767 0 0 -1 -0.171972 0.985102 0 0.985102 0.171972 0 4531.dat
1 4 -129.99 -256.901 243.97 0 0 -1 -0.171972 0.985102 0 0.985102 0.171972 0 3023.dat
1 4 -129.99 -264.782 242.594 0 0 -1 -0.171972 0.985102 0 0.985102 0.171972 0 3023.dat
1 7 -29.9899 -73.7732 32.3094 0 0 -1 -0.171972 0.985102 0 0.985102 0.171972 0 3894.dat
1 7 -29.9899 -88.5329 70.3377 0 0 -1 -0.171972 0.985102 0 0.985102 0.171972 0 3023.dat
1 7 -29.9899 -89.5349 29.5578 0 0 -1 -0.171972 0.985102 0 0.985102 0.171972 0 3666.dat
1 7 -29.9899 -120.056 64.8346 0 0 1 0.171972 0.985102 0 -0.985102 0.171972 0 3700.dat
1 7 -29.9899 -121.058 24.0547 0 0 -1 -0.171972 0.985102 0 0.985102 0.171972 0 3666.dat
1 7 -29.9899 -106.298 -13.9735 0 0 1 0.171972 0.985102 0 -0.985102 0.171972 0 3700.dat
1 7 -49.9898 -122.06 -16.7251 1 0 0 0 0.985102 -0.171973 0 0.171973 0.985102 3021.dat
1 7 -69.9898 -169.779 117.062 0 0 -1 -0.171972 0.985102 0 0.985102 0.171972 0 3703.dat
1 7 -49.9898 -135.818 62.083 1 0 0 0 0.985102 -0.171973 0 0.171973 0.985102 3021.dat
1 7 -29.9898 -152.581 18.5516 0 0 -1 -0.171972 0.985102 0 0.985102 0.171972 0 3894.dat
1 7 -49.9898 -167.341 56.5799 1 0 0 0 0.985102 -0.171973 0 0.171973 0.985102 3021.dat
1 4 -59.9898 -173.502 45.3531 -1 0 0 0 0.985102 0.171972 0 0.171972 -0.985102 3710.dat
1 7 -29.9898 -157.023 -2.52621 0 0 -1 -0.171972 0.985102 0 0.985102 0.171972 0 3710.dat
1 7 -69.9898 -157.023 -2.52612 0 0 -1 -0.171972 0.985102 0 0.985102 0.171972 0 3710.dat
1 4 -59.9898 -176.942 65.0551 -1 0 0 0 0.985102 0.171972 0 0.171972 -0.985102 3710.dat
1 7 -59.9898 -163.184 -13.753 -1 0 0 0 0.985102 0.171972 0 0.171972 -0.985102 3710.dat
1 1 -59.9898 -179.663 34.1264 1 0 0 0 0.985102 -0.171973 0 0.171973 0.985102 3958.dat
1 4 -59.9898 -166.623 5.94906 -1 0 0 0 0.985102 0.171972 0 0.171972 -0.985102 3710.dat
1 4 -59.9898 -170.063 25.6511 -1 0 0 0 0.985102 0.171972 0 0.171972 -0.985102 3710.dat
1 1 -9.98975 -198.864 51.0768 0 0 -1 -0.171972 0.985102 0 0.985102 0.171972 0 4531.dat
1 1 -109.99 -198.864 51.0769 0 0 -1 -0.171972 0.985102 0 0.985102 0.171972 0 4531.dat
1 1 -9.98972 -182.385 3.19751 0 0 -1 -0.171972 0.985102 0 0.985102 0.171972 0 3623.dat
1 1 -109.99 -182.385 3.19753 0 0 -1 -0.171972 0.985102 0 0.985102 0.171972 0 3623.dat
1 1 -109.99 -195.425 31.3748 0 0 -1 -0.171972 0.985102 0 0.985102 0.171972 0 3710.dat
1 1 -9.9897 -195.425 31.3748 0 0 -1 -0.171972 0.985102 0 0.985102 0.171972 0 3710.dat
1 4 20.0103 -290.144 248.318 1 0 0 0 0.985102 -0.171973 0 0.171973 0.985102 3703.dat
1 4 20.0102 -296.305 237.091 1 0 0 0 0.985102 -0.171973 0 0.171973 0.985102 4282.dat
1 4 170.01 -256.901 243.97 0 0 -1 -0.171972 0.985102 0 0.985102 0.171972 0 3023.dat
1 4 170.01 -264.782 242.594 0 0 -1 -0.171972 0.985102 0 0.985102 0.171972 0 3023.dat
1 7 -59.9898 -171.932 268.954 1 0 0 0 0.985102 -0.171973 0 0.171973 0.985102 3700.dat
1 7 -49.9897 -195.574 264.827 1 0 0 0 0.985102 -0.171973 0 0.171973 0.985102 3005.dat
1 7 20.0103 -203.455 263.451 1 0 0 0 0.985102 -0.171973 0 0.171973 0.985102 4477.dat
1 7 -69.9898 -227.098 259.324 1 0 0 0 0.985102 -0.171973 0 0.171973 0.985102 3005.dat
1 7 110.01 -227.098 259.324 1 0 0 0 0.985102 -0.171973 0 0.171973 0.985102 3005.dat
1 7 90.0101 -195.574 264.827 1 0 0 0 0.985102 -0.171973 0 0.171973 0.985102 3005.dat
1 7 100.01 -171.932 268.954 1 0 0 0 0.985102 -0.171973 0 0.171973 0.985102 3700.dat
1 4 20.0102 -250.74 255.197 1 0 0 0 0.985102 -0.171973 0 0.171973 0.985102 3703.dat
1 0 130.028 -208.789 -113.082 1 0.00152416 0.00137756 -0.00126325 0.984963 -0.172763 -0.00162017 0.17276 0.984962 3705.dat
1 4 149.993 -179.927 -59.5986 -0.000576327 0 -1 0.613238 0.789898 -0.000355422 0.789898 -0.613238 -0.000453697 3702.dat
1 4 170.043 -223.203 -102.563 1 0 -0.000575642 0.00035521 0.789897 0.61324 0.000452988 -0.61324 0.789896 3021.dat
1 4 170.02 -198.674 -70.9673 1 0 -0.000575642 0.00035521 0.789897 0.61324 0.000452988 -0.61324 0.789896 3021.dat
1 4 150.09 -236.199 -67.0768 0 0.0020493 -1 0.611326 0.791377 0.00161889 0.791379 -0.611325 -0.00125646 3701.dat
1 4 150.033 -217.334 -81.8392 0 0.00204938 -1 0.611326 0.791377 0.00161911 0.791379 -0.611325 -0.0012563 3710.dat
1 0 159.997 -159.935 -50.421 -1 0 0 0 0.985102 0.171972 0 0.171972 -0.985102 2780.dat
1 4 169.997 -181.007 6.99496 0 0 -1 -0.189138 0.981951 0 0.981951 0.189138 0 3702.dat
1 0 179.997 -182.537 67.8119 -1 0 0 0 0.98195 0.189138 0 0.189138 -0.98195 2780.dat
1 4 189.997 -222.949 75.9884 0 0 -1 -0.902778 0.430107 0 0.430107 0.902778 0 3894.dat
1 0 179.997 -255.035 102.577 -1 0 0 0 0.985102 0.171972 0 0.171972 -0.985102 2780.dat
1 4 170.01 -274.666 159.659 0 0 -1 -0.171972 0.985102 0 0.985102 0.171972 0 3702.dat
1 0 140.11 -216.067 -57.3562 -1 0 0 0 0.985102 0.171972 0 0.171972 -0.985102 2780.dat
1 0 110.007 -230.704 -108.737 0 0.0020555 -1 -0.791378 0.611325 0.00126039 0.611327 0.791377 0.00162375 3701.dat
1 0 20.0568 -231.933 -77.0623 1 0.00205592 0 -0.00126003 0.611324 -0.791379 -0.00162455 0.791378 0.611325 3832.dat
1 0 60.026 -254.569 -90.0372 -1 0.00126213 0.000619972 0.0012622 0.611325 0.791378 0.000619815 0.791378 -0.611326 3701.dat
1 0 100.073 -227.144 -70.8609 1 0.00205592 0 -0.00126003 0.611324 -0.79138 -0.00162455 0.791378 0.611325 3020.dat
1 0 130.089 -206.463 -76.805 0 0.00205554 -1 -0.791378 0.611326 0.00126036 0.611327 0.791377 0.00162385 3701.dat
1 0 20.0727 -227.043 -70.7313 1 0.00205592 0 -0.00126003 0.611324 -0.791379 -0.00162455 0.791378 0.611325 3020.dat
1 0 -59.927 -226.942 -70.6016 1 0.00205592 0 -0.00126003 0.611324 -0.79138 -0.00162455 0.791378 0.611325 3020.dat
1 0 -19.974 -254.468 -89.9073 -1 0.00126199 0.000619904 0.00126206 0.611325 0.791378 0.000619747 0.791378 -0.611326 3701.dat
1 0 -69.9931 -230.664 -108.136 0 0.00205544 -1 -0.791378 0.611325 0.00126034 0.611327 0.791377 0.00162375 3701.dat
1 0 -89.9103 -206.186 -76.4485 0 0.00205547 -1 -0.791378 0.611325 0.00126037 0.611327 0.791377 0.00162375 3701.dat
1 0 -99.9436 -216.59 -58.1907 -1 0 0 0 0.985102 0.171972 0 0.171972 -0.985102 2780.dat
1 0 140.11 -184.516 -81.1096 -1 0 0 0 0.985102 0.171972 0 0.171972 -0.985102 2780.dat
1 0 -89.9896 -208.789 -113.083 1 0.00152417 0.00137757 -0.00126326 0.984962 -0.172764 -0.00162018 0.172762 0.984962 3705.dat
1 4 -109.932 -236.752 -67.854 -0.000576394 0 -1 0.613238 0.789898 -0.000355425 0.789898 -0.613239 -0.000453785 3701.dat
1 4 -109.932 -217.794 -82.5717 -0.000576434 0 -1 0.613239 0.789898 -0.000355573 0.789898 -0.613239 -0.000453724 3710.dat
1 4 -129.921 -223.747 -103.285 1 0 -0.000575642 0.00035521 0.789897 0.61324 0.000452988 -0.61324 0.789896 3021.dat
1 4 -129.944 -199.217 -71.6887 1 0 -0.000575642 0.00035521 0.789897 0.61324 0.000452988 -0.61324 0.789896 3021.dat
1 4 -110.007 -179.598 -59.1773 -0.000576455 0 -1 0.613238 0.789898 -0.000355603 0.789898 -0.613239 -0.000453724 3702.dat
1 0 -119.914 -159.64 -49.886 -1 0 0 0 0.985102 0.171972 0 0.171972 -0.985102 2780.dat
1 4 -129.914 -180.709 7.53441 0 0 -1 -0.189138 0.981951 0 0.981951 0.189138 0 3702.dat
1 0 -139.914 -182.239 68.3514 -1 0 0 0 0.981951 0.189138 0 0.189138 -0.981951 2780.dat
1 4 -149.989 -222.689 76.0486 0 0 -1 -0.902778 0.430107 0 0.430107 0.902778 0 3894.dat
1 0 -139.989 -254.775 102.638 -1 0 0 0 0.985102 0.171972 0 0.171972 -0.985102 2780.dat
1 4 -129.99 -274.667 159.659 0 0 -1 -0.171972 0.985102 0 0.985102 0.171972 0 3702.dat
1 0 -99.8908 -184.173 -81.4864 -1 0 0 0 0.985102 0.171972 0 0.171972 -0.985102 2780.dat
1 7 170.01 -135.851 -19.134 0 0 -1 -0.17025 0.985401 0 0.985401 0.17025 0 3713.dat
1 0 120.01 -135.851 -19.1328 1 0 0 0 0.985259 -0.171072 0 0.171072 0.985259 3706.dat
1 7 130.01 -135.852 -19.1344 0 0 -1 -0.169351 0.985556 0 0.985556 0.169351 0 3713.dat
1 7 90.0101 -135.852 -19.1344 0 0 -1 -0.169351 0.985556 0 0.985556 0.169351 0 3713.dat
1 0 20.0103 -22.6526 -202.396 0 0 1 0.171722 0.985145 0 -0.985146 0.171722 0 2780.dat
1 0 30.0103 -80.044 -222.566 0 -1 0 0.985102 0 -0.171972 0.171972 0 0.985102 3702.dat
1 0 40.0102 -68.9318 -169.87 -1 0 0 0 0.985102 0.171972 0 0.171972 -0.985102 2780.dat
1 7 30.0101 -47.51 -176.282 0 0 -1 -0.985102 -0.171972 0 -0.171972 0.985102 0 3701.dat
1 0 40.0102 -30.1062 -162.585 -1 0 0 0 0.985102 0.171972 0 0.171972 -0.985102 2780.dat
1 0 -19.9898 -57.0434 -5.37499 -1 0 0 0 0.985102 0.171972 0 0.171972 -0.985102 2780.dat
1 0 -79.9896 -170.246 177.888 -1 0 0 0 0.985102 0.171972 0 0.171972 -0.985102 2780.dat
1 7 -89.9897 -176.658 156.466 0 0 -1 -0.171972 0.985102 0 0.985102 0.171972 0 3701.dat
1 0 -99.9897 -166.807 158.186 -1 0 0 0 0.985102 0.171972 0 0.171972 -0.985102 2780.dat
1 0 -109.99 -213.828 139.794 0 0 1 0.934189 -0.356779 0 0.356778 0.934189 0 3705.dat
1 0 -119.99 -257.937 121.974 -1 0 0 0 0.934189 0.356779 0 0.356779 -0.934189 2780.dat
1 0 -79.9896 -163.367 138.483 -1 0 0 0 0.985102 0.171972 0 0.171972 -0.985102 2780.dat
1 0 120.01 -163.367 138.483 -1 0 0 0 0.985102 0.171972 0 0.171972 -0.985102 2780.dat
1 0 20.0105 -236.863 -138.279 0 0 1 0.171722 0.985145 0 -0.985146 0.171722 0 2780.dat
1 7 10.0105 -140.07 -111.23 0 1 0 -0.985102 0 -0.171972 -0.171972 0 0.985102 3895.dat
1 0 20.0105 -197.459 -131.4 0 0 1 0.171722 0.985145 0 -0.985146 0.171722 0 2780.dat
1 0 20.0102 -79.2501 -110.764 0 0 1 0.171972 0.985102 0 -0.985102 0.171972 0 2780.dat
1 0 60.0102 -39.846 -103.885 -1 0 0 0 0.985102 0.171972 0 0.171972 -0.985102 2780.dat
1 7 70.0102 -80.9698 -100.913 0 0 -1 0.985102 0.171972 0 0.171972 -0.985102 0 3894.dat
1 0 60.0103 -118.654 -117.643 -1 0 0 0 0.985102 0.171972 0 0.171972 -0.985102 2780.dat
1 0 -19.9898 -39.8461 -103.885 -1 0 0 0 0.985102 0.171972 0 0.171972 -0.985102 2780.dat
1 7 -29.9897 -80.9699 -100.913 0 0 -1 0.985102 0.171972 0 0.171972 -0.985102 0 3894.dat
1 0 -19.9897 -119.061 -118.222 -1 0 0 0 0.985102 0.171972 0 0.171972 -0.985102 2780.dat
1 0 -79.9896 -135.851 -19.1327 1 0 0 0 0.985102 -0.17197 0 0.17197 0.985102 3706.dat
1 7 -49.9896 -135.837 -19.1306 0 0 1 0.173694 0.9848 0 -0.9848 0.173694 0 3713.dat
1 7 -89.9899 -135.837 -19.1298 0 0 1 0.173693 0.9848 0 -0.9848 0.173693 0 3713.dat
1 7 -129.99 -135.837 -19.1302 0 0 1 0.173695 0.9848 0 -0.9848 0.173695 0 3713.dat
1 0 18.0103 -139.291 0.569313 1 0 0 0 0.985102 -0.171971 0 0.171971 0.985102 3737.dat
1 7 -49.9896 -139.266 0.573608 0 0 1 0.17025 0.985401 0 -0.985401 0.17025 0 3713.dat
1 7 90.0104 -139.266 0.573608 0 0 -1 -0.173694 0.9848 0 0.9848 0.173694 0 3713.dat
1 7 10.0305 -98.1445 -2.39853 0.000506962 0 1 0.985102 -0.171972 -0.000499301 0.171972 0.985102 0 3894.dat
1 0 20.0305 -100.438 7.85892 -1 0 0 0 0.985102 0.171972 0 0.171972 -0.985102 2780.dat
1 7 30.0305 -98.1445 -2.39853 0.000506962 0 1 0.985102 -0.171972 -0.000499301 0.171972 0.985102 0 3894.dat
1 0 18.0104 -146.17 39.9734 1 0 0 0 0.985102 -0.171971 0 0.171971 0.985102 3737.dat
1 7 90.0105 -146.145 39.9777 0 0 -1 -0.173694 0.9848 0 0.9848 0.173694 0 3713.dat
1 7 -49.9895 -146.145 39.9777 0 0 1 0.17025 0.985401 0 -0.985401 0.17025 0 3713.dat
1 0 30.0103 -180.112 61.7978 0 0 1 0.843504 0.537123 0 -0.537123 0.843504 0 4519.dat
1 4 30.0029 -215.539 84.357 1 0 0 0 0.843503 0.537124 0 -0.537124 0.843503 4589.dat
1 1 9.50468 -198.932 73.1937 1 0 0 0 0.843503 0.537124 0 -0.537124 0.843503 4589.dat
1 0 100.01 -242.605 266.768 0 0 1 0.171722 0.985145 0 -0.985146 0.171722 0 2780.dat
1 4 110.01 -204.916 283.499 0 -1 0 -0.985102 0 0.171972 -0.171972 0 -0.985102 3894.dat
1 0 100.01 -163.797 280.526 0 0 1 0.171722 0.985145 0 -0.985146 0.171722 0 2780.dat
1 0 -19.9897 -125.384 -311.691 0 0 1 0.171972 0.985102 0 -0.985102 0.171972 0 4519.dat
1 0 -20.4897 -161.841 -338.358 0 1 0 0.985102 0 0.171972 0.171972 0 -0.985102 4519.dat
1 0 -19.9896 -202.472 -335.3 0 0 -1 -0.171972 0.985102 0 0.985102 0.171972 0 2780.dat
1 0 60.0103 -125.384 -311.691 0 0 1 0.171972 0.985102 0 -0.985102 0.171972 0 4519.dat
1 0 59.5103 -161.841 -338.358 0 1 0 0.985102 0 0.171972 0.171972 0 -0.985102 4519.dat
1 0 60.0104 -202.472 -335.3 0 0 -1 -0.171972 0.985102 0 0.985102 0.171972 0 2780.dat
1 0 20.0103 -123.664 -321.542 0 0 -1 -0.171972 0.985102 0 0.985102 0.171972 0 2780.dat
1 0 19.5103 -161.841 -338.358 0 1 0 0.985102 0 0.171972 0.171972 0 -0.985102 4519.dat
1 0 20.0104 -202.472 -335.3 0 0 -1 -0.171972 0.985102 0 0.985102 0.171972 0 2780.dat
1 0 90.0102 -67.0288 -331.958 0 0 -1 -0.171972 0.985102 0 0.985102 0.171972 0 3710.dat
1 0 90.0102 -94.1106 -316.383 0 0 -1 -0.171972 0.985102 0 0.985102 0.171972 0 3701.dat
1 0 90.0103 -98.552 -337.461 0 0 -1 -0.171972 0.985102 0 0.985102 0.171972 0 3710.dat
1 0 100.01 -87.6992 -294.961 -1 0 0 0 0.985102 0.171972 0 0.171972 -0.985102 2780.dat
1 0 110.01 -66.2774 -301.373 0 0 -1 -0.985102 -0.171972 0 -0.171972 0.985102 0 3701.dat
1 7 130.01 -48.2952 -288.081 0 0 -1 -0.173943 0.984756 0 0.984756 0.173943 0 3713.dat
1 0 20.0102 -48.295 -288.082 1 0 0 0 0.985102 -0.171973 0 0.171973 0.985102 3708.dat
1 7 -89.9898 -48.2948 -288.082 0 0 1 0.170001 0.985444 0 -0.985444 0.170001 0 3713.dat
1 0 -69.9897 -66.2773 -301.373 0 0 -1 -0.985102 -0.171972 0 -0.171972 0.985102 0 3701.dat
1 0 -59.9897 -88.2778 -294.555 -1 0 0 0 0.985102 0.171972 0 0.171972 -0.985102 2780.dat
1 0 -49.9898 -67.0289 -331.958 0 0 -1 -0.171972 0.985102 0 0.985102 0.171972 0 3710.dat
1 0 -49.9897 -94.1108 -316.383 0 0 -1 -0.171972 0.985102 0 0.985102 0.171972 0 3701.dat
1 0 -49.9897 -98.5522 -337.461 0 0 -1 -0.171972 0.985102 0 0.985102 0.171972 0 3710.dat
1 0 -99.9897 -85.5123 -365.638 1 0 0 0 0.985102 -0.171973 0 0.171973 0.985102 3702.dat
1 0 20.0102 -61.8698 -361.511 1 0 0 0 0.985102 -0.171973 0 0.171973 0.985102 3666.dat
1 0 20.0102 -85.5122 -365.638 1 0 0 0 0.985102 -0.171973 0 0.171973 0.985102 3701.dat
1 0 -9.98973 -93.393 -367.014 1 0 0 0 0.985102 -0.171973 0 0.171973 0.985102 3623.dat
1 0 50.0103 -93.3929 -367.014 1 0 0 0 0.985102 -0.171973 0 0.171973 0.985102 3623.dat
1 0 140.01 -85.5121 -365.638 1 0 0 0 0.985102 -0.171973 0 0.171973 0.985102 3702.dat
1 0 18.0104 -149.609 59.6754 1 0 0 0 0.985102 -0.171971 0 0.171971 0.985102 3737.dat
1 7 90.0105 -149.584 59.6797 0 0 -1 -0.173694 0.9848 0 0.9848 0.173694 0 3713.dat
1 7 -49.9895 -149.584 59.6797 0 0 1 0.17025 0.985401 0 -0.985401 0.17025 0 3713.dat
1 7 -9.98974 -111.9 76.4096 0 0 -1 0.985102 0.171972 0 0.171972 -0.985102 0 3894.dat
1 0 -19.9898 -70.8011 73.4331 -1 0 0 0 0.985102 0.171972 0 0.171972 -0.985102 2780.dat
1 7 50.0102 -111.9 76.4096 0 0 -1 0.985102 0.171972 0 0.171972 -0.985102 0 3894.dat
1 0 60.0101 -71.2076 72.8546 -1 0 0 0 0.985102 0.171972 0 0.171972 -0.985102 2780.dat
1 0 -119.99 -282.009 259.889 0 0 1 0.171722 0.985145 0 -0.985146 0.171722 0 2780.dat
1 4 -129.989 -264.024 273.18 0 1 0 -0.985102 0 -0.171972 -0.171972 0 0.985102 3701.dat
1 0 -119.99 -242.605 266.768 0 0 1 0.171722 0.985145 0 -0.985146 0.171722 0 2780.dat
1 0 160.01 -282.009 259.889 0 0 1 0.171722 0.985145 0 -0.985146 0.171722 0 2780.dat
1 4 170.01 -264.022 273.18 0 -1 0 -0.985102 0 0.171972 -0.171972 0 -0.985102 3701.dat
1 0 160.01 -242.605 266.768 0 0 1 0.171722 0.985145 0 -0.985146 0.171722 0 2780.dat
1 0 60.0102 -57.0433 -5.37494 -1 0 0 0 0.985102 0.171972 0 0.171972 -0.985102 2780.dat
1 0 -59.9896 -163.797 280.526 0 0 1 0.171722 0.985145 0 -0.985146 0.171722 0 2780.dat
1 4 -69.9896 -204.918 283.498 0 1 0 -0.985102 0 -0.171972 -0.171972 0 0.985102 3894.dat
1 0 -59.9896 -242.605 266.768 0 0 1 0.171722 0.985145 0 -0.985146 0.171722 0 2780.dat
1 0 -19.9897 -87.6992 -294.961 0 0 -1 -0.171972 0.985102 0 0.985102 0.171972 0 2780.dat
1 0 0.0101736 -29.5278 -162.991 -1 0 0 0 0.985102 0.171972 0 0.171972 -0.985102 2780.dat
1 7 10.0101 -47.5101 -176.282 0 0 -1 -0.985102 -0.171972 0 -0.171972 0.985102 0 3701.dat
1 0 0.0102213 -68.9318 -169.87 -1 0 0 0 0.985102 0.171972 0 0.171972 -0.985102 2780.dat
1 0 60.0101 -63.9221 34.0291 -1 0 0 0 0.985102 0.171972 0 0.171972 -0.985102 2780.dat
1 0 -19.9898 -63.9222 34.0291 -1 0 0 0 0.985102 0.171972 0 0.171972 -0.985102 2780.dat
1 0 60.0103 -87.6991 -294.961 0 0 -1 -0.171972 0.985102 0 0.985102 0.171972 0 2780.dat
1 0 160.01 -257.937 121.974 -1 0 0 0 0.931781 0.363022 0 0.363022 -0.931781 2780.dat
1 7 -19.9896 -181.05 -341.712 0 -1 0 0.171971 0 0.985101 -0.985101 0 0.171972 3651.dat
1 7 20.0104 -181.05 -341.712 0 -1 0 0.171971 0 0.985101 -0.985101 0 0.171972 3651.dat
1 7 60.5103 -181.543 -341.798 0 -1 0 0.171971 0 0.985101 -0.985101 0 0.171972 3651.dat
1 7 20.0103 -141.646 -334.832 0 1 0 0.171972 0 -0.985102 -0.985102 0 -0.171972 3651.dat
1 7 150.01 -185.437 150.926 -1 0 0 0 0.363021 -0.931781 0 -0.931781 -0.363021 3651.dat
1 7 -109.99 -185.442 150.925 -1 0 0 0 0.363021 -0.931781 0 -0.931781 -0.363021 3651.dat
1 7 150.01 -239.301 129.235 1 0 0 0 0.363018 0.931782 0 -0.931781 0.363019 3651.dat
1 7 -109.99 -239.301 129.235 1 0 0 0 0.363018 0.931782 0 -0.931781 0.363019 3651.dat
1 7 9.50468 -163.505 50.6346 -1 0 0 0 -0.537121 -0.843505 0 -0.843505 0.537121 3651.dat
1 7 30.0104 -163.015 50.7201 -1 0 0 0 -0.537121 -0.843505 0 -0.843505 0.537121 3651.dat
1 0 9.99878 -171.524 55.7405 0 -1 0 -0.843504 0 -0.537122 0.537122 0 -0.843504 3704.dat
1 7 -54.9722 -208.555 -112.782 -0.00137628 0.00152506 1 0.173648 0.984807 -0.00126293 -0.984809 0.173646 -0.00162019 4265a.dat
1 7 95.0277 -208.744 -113.025 0.00137636 0.00152508 -1 -0.173648 0.984807 0.00126292 0.984807 0.173646 0.00162028 4265a.dat
1 7 165.028 -208.833 -113.138 -0.00137627 0.0015251 1 0.173648 0.984807 -0.00126296 -0.984809 0.173646 -0.0016202 4265a.dat
1 7 -124.972 -208.467 -112.668 0.00137637 0.00152508 -1 -0.173648 0.984807 0.00126292 0.984807 0.173646 0.00162028 4265a.dat
1 7 -19.9897 -121.084 -336.319 1 0 0 0 0.985102 -0.171971 0 0.171971 0.985102 4265a.dat
1 7 60.0103 -121.084 -336.319 1 0 0 0 0.985102 -0.171971 0 0.171971 0.985102 4265a.dat
1 7 -19.9897 -141.646 -334.833 0 1 0 0.171972 0 -0.985102 -0.985102 0 -0.171972 4273b.dat
1 7 60.0103 -141.646 -334.833 0 1 0 0.171972 0 -0.985102 -0.985102 0 -0.171972 4273b.dat
1 7 -19.9898 -128.823 -291.989 -1 -0.0020007 0 -0.0019709 0.9851 0.171972 -0.000344021 0.171972 -0.985102 3713.dat
1 0 43.0103 -68.9924 -237.603 0 0 -1 -0.171972 0.985103 0 0.985102 0.171972 0 3702.dat
1 7 60.0102 -128.823 -291.989 -1 -0.0020007 0 -0.0019709 0.9851 0.171972 -0.000344021 0.171972 -0.985102 3713.dat
0
0 FILE steer.ldr
0 STEER
0 ROTATION CENTER 0 0 0 1 "Custom" 
0 ROTATION CONFIG 0 0
1 0 -39.9898 -24.3685 -192.544 0 0 1 0.171972 0.985102 0 -0.985102 0.171972 0 4519.dat
1 0 -99.9898 -24.3686 -192.544 0 0.0025933 1 0.171972 0.985099 -0.00255466 -0.985102 0.171971 -0.000445964 3706.dat
1 7 -99.9898 -32.9672 -143.289 -1 -0.00147265 0 -0.00147263 0.985101 0.171972 0 0.171972 -0.985102 3713.dat
1 7 -99.9898 -15.77 -241.799 1 0.00200067 0 -0.00197077 0.985099 -0.171974 -0.000344544 0.171974 0.985101 3713.dat
1 1 -109.99 -63.7726 -199.423 0 1 0 -0.985102 0 -0.171972 -0.171972 0 0.985102 3894.dat
1 7 -39.9898 -111.775 -157.047 -1 0 0 0 0.985102 0.171972 0 0.171972 -0.985102 3713.dat
1 0 -39.9898 -103.177 -206.302 0 0 1 0.171972 0.985102 0 -0.985102 0.171972 0 3706.dat
1 7 -39.9898 -94.5782 -255.557 1 0 0 0 0.985101 -0.171975 0 0.171975 0.985101 3713.dat
1 0 -99.9894 -103.177 -206.302 0 0.000895462 1 0.171972 0.985101 -0.000882117 -0.985102 0.171972 0 4519.dat
1 0 -73.2471 -54.8645 -228.322 -0.796468 0.604681 0 -0.595672 -0.784602 -0.171972 -0.103988 -0.13697 0.985102 731.dat
1 7 -99.9898 -19.0374 -223.083 0.796468 0.604681 0 0.595672 -0.784602 0.171972 0.103988 -0.13697 -0.985102 4255.dat
1 0 -73.2471 -65.1828 -169.216 -0.796468 0.604681 0 -0.595672 -0.784602 -0.171972 -0.103988 -0.13697 0.985102 731.dat
1 7 -99.9898 -29.8717 -161.021 0.796468 0.604681 0 0.595672 -0.784602 0.171972 0.103988 -0.13697 -0.985102 4255.dat
1 7 -30 -75.1471 -140.501 0 -0.999543 0.0348995 0.985101 -0.0060022 -0.171867 0.171972 0.0343822 0.984502 2736.dat
1 0 -30 -86.9684 -142.565 0 0.0435928 -0.999658 0.173471 -0.983902 -0.0429475 -0.984839 -0.173308 -0.00753114 32005.dat
1 7 -128.373 -79.8192 -142.018 0 -0.999238 -0.0523359 0.985101 0.00900294 -0.171736 0.171972 -0.0515713 0.983752 2736.dat
1 0 20 -68.2514 -139.298 1 0 0 0 0.985102 -0.171973 0 0.171973 0.985102 3710.dat
1 7 20 -91.8938 -143.425 1 0 0 0 0.985102 -0.171973 0 0.171973 0.985102 3743.dat
1 0 20 -84.013 -142.049 1 0 0 0 0.985102 -0.171973 0 0.171973 0.985102 3710.dat
1 7 169.445 -78.6396 -140.588 0 -1 0 0.985102 0 -0.171972 0.171972 0 0.985102 2736.dat
1 0 69.4453 -87.882 -142.201 0 -0.0261769 1 -0.171972 -0.984764 -0.0257886 0.985102 -0.171913 -0.00450199 32005.dat
1 7 69.4453 -76.0608 -140.137 0 -1 0 0.985102 0 -0.171972 0.171972 0 0.985102 2736.dat
1 7 60.0103 -151.672 -164.012 0 -1 0 0.985102 0 -0.171972 0.171972 0 0.985102 3326b.dat
1 0 60.0104 -141.354 -223.118 0 0 1 0.171972 0.985102 0 -0.985102 0.171972 0 3705.dat
1 7 60.0104 -136.194 -252.671 1 0 0 0 0.985102 -0.17197 0 0.17197 0.985102 4019.dat
1 7 59.9977 -211.197 -113.606 0 -1 0 -0.641392 0 0.767213 -0.767213 0 -0.641392 3326b.dat
1 0 60.0268 -271.059 -63.9481 -1 0 0 0 0.767208 -0.641398 0 -0.641398 -0.767208 2741.dat
1 0 60.0268 -250.344 -81.2657 0 0 1 0.767211 0.641395 0 -0.641395 0.767211 0 4519.dat
1 0 113.29 -65.6918 -169.304 0.796162 -0.605083 0 -0.596069 -0.784301 0.171972 -0.104057 -0.136917 -0.985102 731.dat
1 0 80.0106 -24.881 -192.634 0 0.000895496 1 0.171972 0.985101 -0.000882171 -0.985102 0.171972 0 4519.dat
1 7 140.01 -32.982 -143.292 -1 -0.00147265 0 -0.00147263 0.985101 0.171972 0 0.171972 -0.985102 3713.dat
1 0 140.01 -24.3834 -192.547 0 0.00259332 1 0.171972 0.985099 -0.0025547 -0.985102 0.171971 -0.000445848 3706.dat
1 7 140.01 -15.7848 -241.802 1 0.00200066 0 -0.00197077 0.9851 -0.171974 -0.000344542 0.171973 0.985101 3713.dat
1 0 112.781 -55.0103 -228.347 0.796162 -0.605083 0 -0.596069 -0.784301 0.171972 -0.104057 -0.136917 -0.985102 731.dat
1 7 140.01 -19.0522 -223.085 -0.796162 -0.605084 0 0.596069 -0.784301 -0.171972 0.104057 -0.136918 0.985102 4255.dat
1 0 80.0102 -103.669 -206.388 0 0.00200067 1 0.171972 0.9851 -0.00197087 -0.985102 0.171972 -0.00034406 3706.dat
1 0 140.011 -103.192 -206.305 0 0.000895481 1 0.171972 0.985101 -0.000882157 -0.985102 0.171972 0 4519.dat
1 7 80.0102 -112.268 -157.133 -1 0.00197074 0 0.00197075 0.9851 0.171972 0 0.171972 -0.985102 3713.dat
1 7 80.0102 -95.0706 -255.643 1 0.00200065 0 -0.00197076 0.9851 -0.171973 -0.000344541 0.171973 0.985102 3713.dat
1 1 150.011 -63.7875 -199.426 0 -1 0 0.985102 0 -0.171972 0.171972 0 0.985102 3894.dat
1 0 20.0102 -107.906 -179.212 0 0 1 0.171972 0.985102 0 -0.985102 0.171972 0 3707.dat
1 7 20.0101 -106.702 -186.108 1 0 0 0 0.985102 -0.171971 0 0.171971 0.985102 3713.dat
1 7 20.0103 -96.3838 -245.214 1 0 0 0 0.985102 -0.171971 0 0.171971 0.985102 4019.dat
1 7 19.93 -146.027 -193.48 -0.987 -0.16072 0 -0.158325 0.972295 0.171973 -0.0276451 0.169737 -0.985102 3713.dat
1 0 19.9301 -140.867 -223.033 0 -0.160472 0.98704 0.171972 0.972335 0.158082 -0.985102 0.169743 0.027597 3705.dat
1 7 19.9301 -135.708 -252.586 0.98704 -0.160472 0 0.158081 0.972336 -0.171971 0.0275965 0.169743 0.985102 4019.dat
1 7 140.01 -29.5425 -162.994 -0.796162 -0.605084 0 0.596069 -0.784301 -0.171972 0.104057 -0.136918 0.985102 4255.dat
1 0 20 -76.1322 -140.673 1 0 0 0 0.985102 -0.171973 0 0.171973 0.985102 4262.dat
1 1 130.01 -103.669 -206.388 0 0 -1 -0.171972 0.985101 0 0.985102 0.171972 0 32195a.dat
1 1 130.011 -24.881 -192.634 0 0 -1 0.171972 -0.985102 0 -0.985102 -0.171972 0 32195a.dat
1 1 -89.9899 -103.177 -206.302 0 0 1 0.171972 0.985102 0 -0.985102 0.171972 0 32195a.dat
1 1 -89.9898 -24.3685 -192.544 0 0 1 -0.171972 -0.985102 0 0.985102 -0.171972 0 32195a.dat
1 15 -149.214 -64.3734 -201.421 -0.0523359 0 0.999238 -0.171736 -0.985101 -0.00900294 0.983752 -0.171972 0.0515713 2737.dat
1 15 191.875 -64.2764 -199.604 0.0261769 0 -1 -0.171913 0.985102 -0.00450199 0.984764 0.171972 0.0257886 2737.dat
1 7 140.011 -99.0643 -229.947 -1 0.000895456 0 0.00090836 0.985101 0.171947 0 0.171973 -0.985107 4265a.dat
1 7 80.0106 -20.5817 -217.261 -1 0.000895456 0 0.00090836 0.985101 0.171947 0 0.171973 -0.985107 4265a.dat
1 7 20.0102 -114.441 -141.778 -1 0 0 0 0.985102 0.171971 0 0.171971 -0.985102 4265a.dat
1 7 140.011 -107.491 -181.677 1 0.000895439 0 -0.000882071 0.985101 -0.171972 0 0.171972 0.985102 4265a.dat
1 7 80.0106 -29.1803 -168.006 1 0.00089545 0 -0.000882081 0.985101 -0.171974 0 0.171974 0.985101 4265a.dat
1 7 -39.9898 -28.6679 -167.917 1 0 0 0 0.985101 -0.171974 0 0.171974 0.985101 4265a.dat
1 7 -99.9894 -107.476 -181.674 1 0.000895453 0 -0.000882084 0.985101 -0.171975 0 0.171975 0.985101 4265a.dat
1 7 -99.9893 -98.8774 -230.93 -1 0.000895456 0 0.000908345 0.985101 0.171948 0 0.171974 -0.985106 4265a.dat
1 7 -39.9898 -20.0693 -217.172 -1 0 0 0 0.985101 0.171975 0 0.171975 -0.985101 4265a.dat
1 0 221.866 -64.1414 -200.378 -0.999657 0 -0.0261786 -0.00450166 0.985101 0.171972 0.0257869 0.171972 -0.985102 3706.dat
1 0 -179.176 -64.1035 -202.967 0.99863 0 -0.0523539 -0.00899745 0.985101 -0.171795 0.0515399 0.171972 0.984089 3706.dat
1 7 -129.243 -64.5534 -200.39 -0.0523359 0 -0.999238 -0.171736 0.985101 0.00900294 0.983752 0.171972 -0.0515713 3713.dat
1 7 -169.192 -64.1934 -202.452 0.0523359 0 0.999238 0.171736 0.985101 -0.00900294 -0.983752 0.171972 0.0515713 3713.dat
1 7 171.881 -64.3664 -199.089 -0.0261769 0 1 0.171913 0.985101 0.00450198 -0.984764 0.171972 -0.0257885 3713.dat
1 7 211.871 -64.1864 -200.12 0.0261768 0 -1 -0.171913 0.985101 -0.00450195 0.984764 0.171972 0.0257884 3713.dat
1 7 20.0102 -112.893 -150.644 1 0 0 0 0.985101 -0.171972 0 0.171972 0.985102 4143.dat
1 0 59.9977 -182.197 -138.162 0 0 1 0.763138 0.646236 0 -0.646236 0.763138 0 3704.dat
1 7 60.0103 -146.513 -193.565 0 -1 0 -0.985102 0 0.171972 -0.171972 0 -0.985102 3712.dat
1 7 60.0103 -174.566 -144.625 1 0 0 0 0.646235 -0.763138 0 0.763138 0.646235 3712.dat
1 7 59.8078 -188.156 -132.867 1 0 -0.0063296 0.00485614 -0.641392 0.767198 -0.00405976 -0.767213 -0.641379 3712.dat
1 7 59.9977 -234.213 -94.3637 0 -1 0 0.641392 0 -0.767213 0.767213 0 0.641392 3712.dat
0 Assembly 1
1 7 271.864 -63.9163 -201.667 1 0 0.0261768 0.004502 0.985101 -0.171913 -0.0257884 0.171972 0.984764 3739.dat
0 Assembly 1
1 256 241.864 -64.0513 -200.894 0.0261768 0 -1 -0.171913 0.985101 -0.004502 0.984764 0.171972 0.0257884 3740.dat
0 Assembly 2
1 7 -229.123 -63.6534 -205.546 -0.999238 0 0.0523359 0.00900294 0.985101 0.171736 -0.0515713 0.171972 -0.983752 3739.dat
0 Assembly 2
1 256 -199.154 -63.9235 -203.999 0.0523359 0 0.999238 0.171736 0.985101 -0.00900294 -0.983752 0.171972 0.0515713 3740.dat
0
0 FILE seat.ldr
0 seat
0 ROTATION CENTER 0 0 0 1 "Custom" 
0 ROTATION CONFIG 0 0
1 1 150.01 -230.204 84.2699 0 0 1 0.97361 0.228221 0 -0.228221 0.97361 0 4275a.dat
1 1 100.01 -286.795 105.752 0 0 -1 -0.973609 0.228221 0 0.228221 0.973609 0 3036.dat
1 1 50.0102 -308.093 102.528 0 0 -1 -0.973609 0.228221 0 0.228221 0.973609 0 3666.dat
1 1 50.0102 -230.204 84.27 0 0 1 0.97361 0.228221 0 -0.228221 0.97361 0 4275a.dat
1 1 150.01 -251.502 81.0455 0 0 -1 -0.973609 0.228221 0 0.228221 0.973609 0 3710.dat
1 1 50.0102 -251.502 81.0455 0 0 -1 -0.97361 0.228221 0 0.228221 0.97361 0 3710.dat
1 1 150.01 -308.093 102.528 0 0 -1 -0.973609 0.228221 0 0.228221 0.973609 0 3666.dat
0
0 FILE windscreen.ldr
0 WINDSCREEN
0 ROTATION CENTER 0 0 0 1 "Custom" 
0 ROTATION CONFIG 0 0
1 0 19.9723 -402.265 -111.743 1 0 0 0 0.984484 0.175474 0 -0.175474 0.984484 3708.dat
1 0 -110.026 -333.767 -123.438 0 0 1 0.984484 0.175476 0 -0.175475 0.984484 0 3707.dat
1 0 -99.9897 -245.155 -139.239 -1 0 0 0 1 0.0155965 0 0.0155965 -1 2780.dat
1 0 20.0009 -284.704 -133.215 1 0 0 0 0.984484 0.175475 0 -0.175475 0.984484 3708.dat
1 0 149.971 -333.758 -123.457 0 0 1 0.984484 0.175476 0 -0.175476 0.984484 0 3707.dat
1 0 140.01 -245.154 -139.25 -1 0 0 0 0.985102 0.171972 0 0.171972 -0.985102 2780.dat
1 7 150.01 -264.844 -135.74 -1 0 0 0 -0.175476 -0.984484 0 -0.984483 0.175476 3651.dat
1 7 -109.99 -264.845 -135.73 -1 0 0 0 -0.175476 -0.984484 0 -0.984483 0.175476 3651.dat
1 7 129.971 -283.549 -132.406 0 0 -1 -0.984484 0.175475 0 0.175475 0.984484 0 4273b.dat
