0 FILE 8868 - main.ldr
0 main
0 Name: 8868 - main.ldr
0 Author: Philippe Hurbain [Philo]
0 !LICENSE Redistributable under CCAL version 2.0 : see CAreadme.txt

0 !LDCAD GROUP_DEF [topLevel=true] [LID=0] [GID=C8HIeI3meRE] [name=Group 1] [center=0 0 0]
0 !LDCAD GROUP_DEF [topLevel=true] [LID=1] [GID=9pA6WN47E25] [name=Group 2] [center=0 0 0]
1 0 50 -110 450 1 0 0 0 1 0 0 0 1 4477.dat
1 0 50 -110 390 1 0 0 0 1 0 0 0 1 4477.dat
1 0 50 -110 20 1 0 0 0 1 0 0 0 1 3032.dat
1 0 10 -110 -110 1 0 0 0 1 0 0 0 1 3023.dat
1 14 50 -127.12 333.122 1 0 0 0 0.349 -0.937 0 0.937 0.349 2793.dat
1 0 50 -168.946 220.65 1 0 0 0 0.349 -0.937 0 0.937 0.349 2795.dat
1 0 50 -191.5 160 1 0 0 0 0.349 -0.937 0 0.937 0.349 2796.dat
1 0 90 -110 -110 1 0 0 0 1 0 0 0 1 3023.dat
1 0 50 -110 -260 1 0 0 0 1 0 0 0 1 3032.dat
0 STEP
1 0 10 -118 -280 1 0 0 0 1 0 0 0 1 3176.dat
1 7 50 -118 -250 1 0 0 0 1 0 0 0 1 2719.dat
1 0 20 -118 -230 0 0 -1 0 1 0 1 0 0 2420.dat
1 0 10 -118 -60 0 0 -1 0 1 0 1 0 0 3795.dat
1 0 -30 -118 390 1 0 0 0 1 0 0 0 1 3023.dat
1 0 -20 -118 450 1 0 0 0 1 0 0 0 1 3623.dat
1 0 90 -118 -280 1 0 0 0 1 0 0 0 1 3176.dat
1 0 80 -118 -230 1 0 0 0 1 0 0 0 1 2420.dat
1 0 90 -118 -60 0 0 -1 0 1 0 1 0 0 3795.dat
1 7 50 -118 10 1 0 0 0 1 0 0 0 1 2719.dat
1 0 0 -118 40 0 0 1 0 1 0 -1 0 0 3023.dat
1 0 100 -118 40 0 0 1 0 1 0 -1 0 0 3023.dat
1 0 130 -118 390 1 0 0 0 1 0 0 0 1 3023.dat
1 0 120 -118 450 1 0 0 0 1 0 0 0 1 3623.dat
1 0 50 -118 420 1 0 0 0 1 0 0 0 1 3031.dat
0 STEP
1 16 0 -142 0 1 0 0 0 1 0 0 0 1 8868 - chassisright.ldr
1 7 50 -126 400 0 0 1 0 1 0 -1 0 0 3022.dat
0 STEP
1 7 20 -142 360 1 0 0 0 1 0 0 0 1 8868 - cylinder1.ldr
1 7 20 -132 130 0 0 1 -1 0 0 0 -1 0 3700.dat
1 7 20 -132 186 1 0 0 0 0 1 0 -1 0 8868 - 4694c01-f1.dat
1 7 20 -132 194 0 0 -1 1 0 0 0 -1 0 3023.dat
1 7 20 -132 202 0 0 -1 1 0 0 0 -1 0 3023.dat
1 0 10 -132 210 -1 0 0 0 0 -1 0 -1 0 2444.dat
1 15 50 -142 -250 -1 0 0 0 1 0 0 0 -1 3700.dat
1 15 50 -142 10 -1 0 0 0 1 0 0 0 -1 3700.dat
0 STEP
1 0 100 -142 0 1 0 0 0 1 0 0 0 1 8868 - chassisleft.ldr
1 7 50 -222 -140 -1 0 0 0 1 0 0 0 -1 4694.dat
1 7 60 -222 -138 -1 0 0 0 1 0 0 0 -1 4713.dat
1 0 50 -196 -131 -1 0 0 0 0.919 0.395 0 0.395 -0.919 4695.dat
1 256 50 -142 400 -1 0 0 0 1 0 0 0 -1 8868 - elecCable2Brick-1.ldr
0 STEP
1 7 50 -142 450 -1 0 0 0 1 0 0 0 -1 8868 - motorpump.ldr
1 375 50 -126 160 0 0 1 1 0 0 0 1 0 8868 - pneumaticHoseLQ-3.ldr
1 7 84 -117 160 -0.292 -0.956 0 0.956 -0.292 0 0 0 1 4697a.dat
1 375 84 -126 136 1 0 0 0 -1 0 0 0 -1 8868 - pneumaticHoseLQ-4.ldr
1 256 50 -132 171 0 0 1 -1 0 0 0 -1 0 8868 - pneumaticHoseLQ-5.ldr
1 0 50 -150 -140 -1 0 0 0 1 0 0 0 -1 3795.dat
1 7 20 -171.5 160 -1 0 0 0 0 1 0 1 0 4273b.dat
0 STEP
1 14 210 -172 -100 1 0 0 0 0.531 -0.848 0 0.848 0.531 8868 - 2793c01-f1.dat
1 14 -110 -172 -100 1 0 0 0 0.531 -0.848 0 0.848 0.531 8868 - 2793c01-f1.dat
1 256 90 -374 -10 0 0 1 0 -1 0 1 0 0 8868 - pneumaticHoseLQ-6.ldr
1 256 90 -366 110 0 0 1 0 -1 0 1 0 0 8868 - pneumaticHoseLQ-7.ldr
1 7 20 -153 -106 0 0 -1 0.731 -0.682 0 -0.682 -0.731 0 4697a.dat
1 7 70 -153 -106 0 0 -1 -1 0 0 0 1 0 4697a.dat
1 256 114 -358 54 -1 0 0 0 -1 0 0 0 1 8868 - pneumaticHoseLQ-8.ldr
1 256 50 -132 149 0 0 1 0 -1 0 1 0 0 8868 - pneumaticHoseLQ-9.ldr
1 256 90 -358 80 0 0 -1 0 1 0 1 0 0 8868 - pneumaticHoseLQ-10.ldr
1 0 50 -150 -390 1 0 0 0 1 0 0 0 1 3460.dat
1 0 50 -150 -360 1 0 0 0 1 0 0 0 1 3738.dat
1 15 90 -150 -300 0 0 1 0 1 0 -1 0 0 3709b.dat
1 15 10 -150 -300 0 0 1 0 1 0 -1 0 0 3709b.dat
1 7 50 -150 -250 -1 0 0 0 1 0 0 0 -1 3666.dat
1 0 50 -158 -140 -1 0 0 0 1 0 0 0 -1 3795.dat
1 7 -90 -172 -100 1 0 0 0 0 -1 0 1 0 3673.dat
1 7 190 -172 -100 1 0 0 0 0 -1 0 1 0 3673.dat
1 7 80 -150 -220 0 0 -1 0 1 0 1 0 0 3069b.dat
1 7 20 -150 -220 0 0 -1 0 1 0 1 0 0 3069b.dat
1 7 100 -150 60 0 0 -1 0 1 0 1 0 0 3069b.dat
1 7 0 -150 60 0 0 -1 0 1 0 1 0 0 3069b.dat
1 7 200 -235.673 -201.714 -1 0 0 0 0.531 0.848 0 0.848 -0.531 3749.dat
1 7 -100 -235.673 -201.714 1 0 0 0 0.531 -0.848 0 0.848 0.531 3749.dat
1 0 40 -191.5 160 1 0 0 0 1 0 0 0 1 2780.dat
1 7 120 -172 430 0 -1 0 -1 0 0 0 0 -1 3894.dat
1 7 -20 -172 430 0 1 0 -1 0 0 0 0 1 3894.dat
1 0 120 -166 290 1 0 0 0 1 0 0 0 1 3040b.dat
1 0 120 -166 310 -1 0 0 0 1 0 0 0 -1 3040b.dat
1 0 -20 -166 310 -1 0 0 0 1 0 0 0 -1 3040b.dat
1 0 -20 -166 290 1 0 0 0 1 0 0 0 1 3040b.dat
1 0 50 -150 -190 -1 0 0 0 1 0 0 0 -1 3710.dat
1 375 84 -126 184 1 0 0 0 1 0 0 0 1 8868 - pneumaticHoseLQ-11.ldr
0 STEP
1 7 140 -130 -250 0 0 -1 0 1 0 1 0 0 8868 - wheelaxle.ldr
1 7 -40 -130 -250 0 0 -1 0 1 0 1 0 0 8868 - wheelaxle.ldr
1 7 -40 -130 10 0 0 -1 0 1 0 1 0 0 8868 - wheelaxle.ldr
1 7 140 -130 10 0 0 -1 0 1 0 1 0 0 8868 - wheelaxle.ldr
1 7 140 -128 -250 0 -1 0 0 0 -1 1 0 0 3713.dat
1 7 140 -128 10 0 -1 0 0 0 -1 1 0 0 3713.dat
1 7 -40 -128 10 0 -1 0 0 0 -1 1 0 0 3713.dat
1 7 -40 -128 -250 0 -1 0 0 0 -1 1 0 0 3713.dat
1 0 50 -230 -140 0 0 1 0 1 0 -1 0 0 3794a.dat
1 7 10 -158 -250 1 0 0 0 1 0 0 0 1 3023.dat
1 7 90 -158 -250 1 0 0 0 1 0 0 0 1 3023.dat
1 0 50 -166 -150 1 0 0 0 1 0 0 0 1 3794a.dat
1 0 50 -166 -130 1 0 0 0 1 0 0 0 1 3794a.dat
1 7 100 -166 30 1 0 0 0 1 0 0 0 1 3005.dat
1 7 50 -150 10 1 0 0 0 1 0 0 0 1 3666.dat
1 0 -20 -190 290 -1 0 0 0 1 0 0 0 -1 3040b.dat
1 0 120 -190 290 -1 0 0 0 1 0 0 0 -1 3040b.dat
1 7 100 -172 270 0 0 1 -1 0 0 0 -1 0 3894.dat
1 7 0 -172 270 0 0 1 -1 0 0 0 -1 0 3894.dat
0 STEP
1 15 140 -148 -250 1 0 0 0 1 0 0 0 1 32006.dat
1 7 50 -166 -250 1 0 0 0 1 0 0 0 1 2719.dat
1 15 140 -148 10 1 0 0 0 1 0 0 0 1 32006.dat
1 15 -40 -148 10 1 0 0 0 1 0 0 0 1 32006.dat
1 15 -40 -148 -250 1 0 0 0 1 0 0 0 1 32006.dat
1 7 140 -148 70 0 0 1 1 0 0 0 1 0 3749.dat
1 7 -40 -148 70 0 0 1 1 0 0 0 1 0 3749.dat
1 7 90 -158 10 1 0 0 0 1 0 0 0 1 3023.dat
1 7 10 -158 10 1 0 0 0 1 0 0 0 1 3023.dat
1 0 140 -198 290 1 0 0 0 1 0 0 0 1 3623.dat
1 0 -40 -198 290 1 0 0 0 1 0 0 0 1 3623.dat
0 STEP
1 0 100 -174 -280 0 0 -1 0 1 0 1 0 0 3660.dat
1 0 0 -174 -280 0 0 1 0 1 0 -1 0 0 3660.dat
1 0 10 -174 -310 1 0 0 0 1 0 0 0 1 3039.dat
1 0 90 -174 -310 1 0 0 0 1 0 0 0 1 3039.dat
1 14 -20 -174 -250 1 0 0 0 1 0 0 0 1 3623.dat
1 14 120 -174 -250 1 0 0 0 1 0 0 0 1 3623.dat
1 7 140 -148 -210 0 0 -1 -1 0 0 0 1 0 3749.dat
1 7 -40 -148 -210 0 0 -1 -1 0 0 0 1 0 3749.dat
1 7 100 -156 -210 1 0 0 0 1 0 0 0 1 2711.dat
1 7 0 -156 -210 1 0 0 0 1 0 0 0 1 2711.dat
1 0 50 -164 -210 1 0 0 0 1 0 0 0 1 3460.dat
1 7 90 -172 -210 1 0 0 0 1 0 0 0 1 3743.dat
1 7 -40 -161 -210 1 0 0 0 0 1 0 -1 0 4265a.dat
1 7 140 -161 -210 1 0 0 0 0 1 0 -1 0 4265a.dat
1 7 50 -166 10 1 0 0 0 1 0 0 0 1 2719.dat
1 7 50 -158 70 1 0 0 0 1 0 0 0 1 2719.dat
1 7 90 -166 70 1 0 0 0 1 0 0 0 1 3710.dat
1 7 90 -174 70 1 0 0 0 1 0 0 0 1 3743.dat
1 0 120 -192 -30 0 0 1 1 0 0 0 1 0 3702.dat
1 0 -20 -192 -30 0 0 1 1 0 0 0 1 0 3702.dat
1 0 50 -212 260 -1 0 0 0 0 1 0 1 0 3708.dat
1 7 140 -212 260 0 0 1 0 -1 0 1 0 0 3713.dat
1 7 -40 -212 260 0 0 -1 0 1 0 1 0 0 3713.dat
1 0 50 -182 -300 1 0 0 0 1 0 0 0 1 3795.dat
1 0 -20 -182 -270 0 0 1 0 1 0 -1 0 0 2420.dat
1 0 120 -182 -270 -1 0 0 0 1 0 0 0 -1 2420.dat
1 0 50 -190 -300 -1 0 0 0 1 0 0 0 -1 3176.dat
1 7 50 -222 370 1 0 0 0 1 0 0 0 1 3010.dat
1 0 50 -222 290 1 0 0 0 1 0 0 0 1 2730.dat
1 0 140 -174 10 -1 0 0 0 1 0 0 0 -1 2420.dat
1 0 -40 -174 10 0 0 1 0 1 0 -1 0 0 2420.dat
1 0 100 -174 20 0 0 1 0 1 0 -1 0 0 3023.dat
1 14 50 -198 -250 -1 0 0 0 1 0 0 0 -1 2730.dat
1 14 50 -206 -250 -1 0 0 0 1 0 0 0 -1 3023.dat
1 14 50 -214 -250 -1 0 0 0 1 0 0 0 -1 3023.dat
0 STEP
1 0 40 -214 -280 0 0 -1 0 1 0 1 0 0 3700.dat
1 0 60 -214 -280 0 0 -1 0 1 0 1 0 0 3700.dat
1 0 70 -204 -280 1 0 0 0 1 0 0 0 1 2780.dat
1 0 30 -204 -280 1 0 0 0 1 0 0 0 1 2780.dat
1 0 50 -198 10 1 0 0 0 1 0 0 0 1 2730.dat
1 0 50 -198 -190 1 0 0 0 1 0 0 0 1 2730.dat
1 0 90 -188 -180 0 1 0 0 0 -1 -1 0 0 3705.dat
1 7 90 -188 -210 0 1 0 1 0 0 0 0 -1 3647.dat
1 7 90 -188 -170 1 0 0 0 1 0 0 0 1 3648a.dat
1 7 90 -188 -120 1 0 0 0 1 0 0 0 1 3712c01.dat
1 0 90 -188 0 0 1 0 0 0 -1 -1 0 0 3737.dat
1 7 90 -188 70 0 1 0 1 0 0 0 0 -1 3647.dat
1 7 90 -188 50 0 1 0 1 0 0 0 0 -1 3647.dat
1 0 90 -198 30 -1 0 0 0 1 0 0 0 -1 3700.dat
1 0 90 -222 10 -1 0 0 0 1 0 0 0 -1 3039.dat
1 0 140 -198 -10 1 0 0 0 1 0 0 0 1 8868 - 3665a.dat
1 0 -40 -198 -10 1 0 0 0 1 0 0 0 1 8868 - 3665a.dat
1 7 160 -222 360 0 0 1 0 1 0 -1 0 0 3703.dat
1 7 -60 -222 360 0 0 1 0 1 0 -1 0 0 3703.dat
1 0 150 -212 220 1 0 0 0 0.997 0.08 0 -0.08 0.997 2780.dat
1 0 -50 -212 220 1 0 0 0 0.997 0.08 0 -0.08 0.997 2780.dat
1 0 -70 -212 500 1 0 0 0 1 0 0 0 1 2780.dat
1 0 170 -212 500 1 0 0 0 1 0 0 0 1 2780.dat
1 0 -70 -212 420 1 0 0 0 1 0 0 0 1 2780.dat
1 0 170 -212 420 1 0 0 0 1 0 0 0 1 2780.dat
0 STEP
1 7 -30 -222 500 1 0 0 0 1 0 0 0 1 3022.dat
1 7 -30 -230 500 1 0 0 0 1 0 0 0 1 3709b.dat
1 7 90 -230 500 1 0 0 0 1 0 0 0 1 3738.dat
1 7 70 -222 510 1 0 0 0 1 0 0 0 1 3460.dat
1 7 70 -222 490 1 0 0 0 1 0 0 0 1 3460.dat
1 0 90 -230 450 1 0 0 0 1 0 0 0 1 3460.dat
1 0 90 -230 290 1 0 0 0 1 0 0 0 1 3460.dat
1 0 110 -230 370 1 0 0 0 1 0 0 0 1 3666.dat
1 0 -10 -230 370 1 0 0 0 1 0 0 0 1 3666.dat
1 0 -30 -230 450 1 0 0 0 1 0 0 0 1 3710.dat
1 0 -30 -230 290 1 0 0 0 1 0 0 0 1 3710.dat
1 7 50 -211.966 -110.64 1 0 0 0 0.912 -0.411 0 0.411 0.912 8868 - lever.ldr
1 0 50 -230 -190 1 0 0 0 1 0 0 0 1 3700.dat
1 0 50 -220 -190 0 0 -1 0 -1 0 -1 0 0 4519.dat
1 7 50 -220 -170 0 -1 0 1 0 0 0 0 1 4019.dat
1 7 50 -220 -203 0 -1 0 1 0 0 0 0 1 4143.dat
1 14 40 -238 -250 1 0 0 0 1 0 0 0 1 4286.dat
1 14 60 -238 -250 1 0 0 0 1 0 0 0 1 4286.dat
1 0 50 -206 -190 1 0 0 0 1 0 0 0 1 3023.dat
1 14 50 -238 -190 1 0 0 0 1 0 0 0 1 3023.dat
0 STEP
1 7 -40 -115.156 319.077 -1 0 0 0 0.964 -0.265 0 -0.265 -0.964 8868 - rearwheelbeam1.ldr
1 7 140 -115.156 319.077 -1 0 0 0 0.964 -0.265 0 -0.265 -0.964 8868 - rearwheelbeam2.ldr
1 7 -75 -80 10 0 0 -1 1 0 0 0 -1 0 4265a.dat
1 7 -75 -80 -250 0 0 -1 1 0 0 0 -1 0 4265a.dat
1 7 175 -80 10 0 0 1 1 0 0 0 1 0 4265a.dat
1 7 175 -80 -250 0 0 1 1 0 0 0 1 0 4265a.dat
1 0 120 -142 -380 0 0 1 0 1 0 -1 0 0 3700.dat
1 0 -20 -142 -380 0 0 1 0 1 0 -1 0 0 3700.dat
1 0 -30 -132 -380 1 0 0 0 1 0 0 0 1 2780.dat
1 0 130 -132 -380 1 0 0 0 0.968 -0.252 0 0.252 0.968 2780.dat
0 STEP
1 15 -40 -118 510 0 0 -1 0 1 0 1 0 0 3623.dat
1 15 140 -118 510 0 0 -1 0 1 0 1 0 0 3623.dat
1 15 50 -142 528 -1 0 0 0 1 0 0 0 -1 8868 - rearbumper.ldr
1 0 110 -118 -380 1 0 0 0 1 0 0 0 1 3176.dat
1 0 -10 -118 -380 1 0 0 0 1 0 0 0 1 3176.dat
1 14 50 -246 -220 0 0 1 0 1 0 -1 0 0 3709b.dat
1 0 50 -326 -220 0 1 0 1 0 0 0 0 -1 3737.dat
1 7 50 -235 -220 0 -1 0 0 0 -1 1 0 0 4143.dat
1 14 50 -254 -190 1 0 0 0 1 0 0 0 1 3023.dat
1 14 50 -262 -190 1 0 0 0 1 0 0 0 1 3023.dat
1 14 50 -238 -140 1 0 0 0 1 0 0 0 1 3795.dat
1 14 0 -262 -140 0 0 1 0 1 0 -1 0 0 3700.dat
1 14 40 -262 -140 0 0 1 0 1 0 -1 0 0 3700.dat
1 14 60 -262 -140 0 0 1 0 1 0 -1 0 0 3700.dat
1 14 100 -262 -140 0 0 1 0 1 0 -1 0 0 3700.dat
1 0 50 -252 -140 -1 0 0 0 1 0 0 0 -1 3707.dat
1 7 20 -252 -140 0 0 -1 -1 0 0 0 1 0 3713.dat
1 7 80 -252 -140 0 0 1 -1 0 0 0 -1 0 3713.dat
1 14 140 -222 0 0 0 1 0 1 0 -1 0 0 3700.dat
1 14 -40 -222 0 0 0 1 0 1 0 -1 0 0 3700.dat
1 7 160 -238 500 0 0 1 0 1 0 -1 0 0 3023.dat
1 7 -60 -238 500 0 0 1 0 1 0 -1 0 0 3023.dat
1 7 160 -262 500 0 0 1 0 1 0 -1 0 0 3700.dat
1 7 -60 -262 500 0 0 1 0 1 0 -1 0 0 3700.dat
1 0 170 -252 500 1 0 0 0 1 0 0 0 1 2780.dat
1 0 -70 -252 500 1 0 0 0 1 0 0 0 1 2780.dat
1 0 50 -76.121 370.555 1 0 0 0 0.964 0.265 0 -0.265 0.964 3832.dat
0 STEP
1 14 140 -222 -140 0 0 1 0 1 0 -1 0 0 3895.dat
1 14 -40 -222 -140 0 0 1 0 1 0 -1 0 0 3895.dat
1 0 130 -212 -140 1 0 0 0 1 0 0 0 1 2780.dat
1 0 -30 -212 -140 1 0 0 0 1 0 0 0 1 2780.dat
1 0 150 -212 -60 1 0 0 0 1 0 0 0 1 2780.dat
1 0 150 -212 -100 1 0 0 0 1 0 0 0 1 2780.dat
1 0 -50 -212 -60 1 0 0 0 1 0 0 0 1 2780.dat
1 0 -50 -212 -100 1 0 0 0 1 0 0 0 1 2780.dat
1 14 120 -192 -150 0 0 1 1 0 0 0 1 0 3702.dat
1 14 -20 -192 -150 0 0 1 1 0 0 0 1 0 3702.dat
1 0 50 -132 -140 -1 0 0 0 0 1 0 1 0 3737.dat
1 7 140 -132 -140 0 0 1 1 0 0 0 1 0 3713.dat
1 7 -40 -132 -140 0 0 -1 -1 0 0 0 1 0 3713.dat
1 7 180 -212 510 0 0 1 -1 0 0 0 -1 0 3700.dat
1 7 180 -222 518 0 0 1 -1 0 0 0 -1 0 3623.dat
1 7 180 -232 486 0 0 1 -1 0 0 0 -1 0 3710.dat
1 7 180 -312 510 0 0 1 -1 0 0 0 -1 0 3702.dat
1 7 -80 -212 510 0 0 1 -1 0 0 0 -1 0 3700.dat
1 7 -80 -222 518 0 0 1 -1 0 0 0 -1 0 3623.dat
1 7 -80 -232 486 0 0 1 -1 0 0 0 -1 0 3710.dat
1 7 -80 -312 510 0 0 1 -1 0 0 0 -1 0 3702.dat
0 STEP
1 0 -70 -372 500 1 0 0 0 1 0 0 0 1 2780.dat
1 0 170 -372 500 1 0 0 0 1 0 0 0 1 2780.dat
1 7 50 -246 -10 1 0 0 0 1 0 0 0 1 8868 - batterysupport.ldr
1 7 -5 -252 -20 0 0 1 -1 0 0 0 -1 0 4265a.dat
1 7 105 -252 -20 0 0 -1 1 0 0 0 -1 0 4265a.dat
1 256 -90 -258 -150 0 0 1 0 1 0 -1 0 0 8868 - pneumaticHoseLQ-12.ldr
1 256 170 -270 -150 0 0 -1 0 1 0 1 0 0 8868 - pneumaticHoseLQ-13.ldr
1 7 11.872 -240.929 -233 -0.49 0.239 -0.839 -0.754 0.368 0.545 0.438 0.899 0 4697a.dat
1 7 87.571 -243.479 -233 0.438 0 -0.899 -0.899 0 -0.438 0 1 0 4697a.dat
1 256 46 -278 -150 0 0 -1 0 -1 0 -1 0 0 8868 - pneumaticHoseLQ-14.ldr
0 STEP
1 15 50 -252 61 -1 0 0 0 0 1 0 1 0 8868 - tank.ldr
1 0 170 -270 -20 0 0 -1 0 1 0 1 0 0 3020.dat
1 0 -70 -270 -20 0 0 -1 0 1 0 1 0 0 3020.dat
1 4 110 -182 -290 1 0 0 0 1 0 0 0 1 2717.dat
1 4 -10 -182 -290 1 0 0 0 1 0 0 0 1 2717.dat
1 14 140 -168.197 -399.744 0 0 1 0.968 -0.252 0 0.252 0.968 0 3894.dat
1 14 -40 -168.197 -399.744 0 0 1 0.968 -0.252 0 0.252 0.968 0 3894.dat
1 0 -50 -209.426 -400.131 1 0 0 0 0.968 -0.252 0 0.252 0.968 2780.dat
1 0 150 -209.426 -400.131 1 0 0 0 0.968 -0.252 0 0.252 0.968 2780.dat
1 7 -60 -382 400 0 0 1 0 1 0 -1 0 0 3895.dat
1 7 160 -382 400 0 0 1 0 1 0 -1 0 0 3895.dat
1 0 170 -372 300 1 0 0 0 1 -0.017 0 0.017 1 2780.dat
1 0 170 -372 340 1 0 0 0 1 0 0 0 1 2780.dat
1 7 180 -229.889 411.056 1 0 0 0 -0.447 -0.894 0 0.894 -0.447 3651.dat
1 0 180 -292.498 379.751 0 0 -1 -0.894 -0.447 0 -0.447 0.894 0 3707.dat
1 7 180 -355.108 348.446 -1 0 0 0 -0.447 0.894 0 0.894 0.447 3651.dat
1 0 -70 -372 340 1 0 0 0 1 0 0 0 1 2780.dat
1 0 -70 -372 300 1 0 0 0 1 0 0 0 1 2780.dat
1 7 -80 -229.889 411.056 1 0 0 0 -0.447 -0.894 0 0.894 -0.447 3651.dat
1 0 -80 -292.498 379.751 0 0 -1 -0.894 -0.447 0 -0.447 0.894 0 3707.dat
1 7 -80 -355.108 348.446 -1 0 0 0 -0.447 0.894 0 0.894 0.447 3651.dat
1 7 140 -325.098 136.881 0 0 1 -0.761 0.648 0 -0.648 -0.761 0 3703.dat
1 7 -40 -325.098 136.881 0 0 1 -0.761 0.648 0 -0.648 -0.761 0 3703.dat
1 0 -50 -425.158 38.551 1 0 0 0 1 0 0 0 1 2780.dat
1 0 -50 -272.958 168.151 1 0 0 0 1 0 0 0 1 2780.dat
1 0 160 -272 -110 -1 0 0 0 0 1 0 1 0 8868 - cabinside2.ldr
1 0 -60 -272 -110 -1 0 0 0 0 1 0 1 0 8868 - cabinside1.ldr
1 0 190 -272 -100 0 -1 0 -1 0 -0.042 0.042 0 -1 32006.dat
1 0 -90 -272 -100 0 1 0 1.001 0 -0.031 -0.031 0 -1.001 32006.dat
1 14 -40 -166.183 -407.486 0 0 1 0.968 -0.252 0 0.252 0.968 0 3023.dat
1 14 140 -166.183 -407.486 0 0 1 0.968 -0.252 0 0.252 0.968 0 3023.dat
1 7 175 -272 -100 0 0 1 -1.001 -0.03 0 0.03 -1.001 0 4265a.dat
1 7 -75 -272 -100 0 0 -1 1 -0.031 0 -0.031 -1 0 4265a.dat
1 0 170 -294 -50 -1 0 0 0 1 0 0 0 -1 3004.dat
1 0 170 -294 10 -1 0 0 0 1 0 0 0 -1 3004.dat
1 0 -70 -294 -50 -1 0 0 0 1 0 0 0 -1 3004.dat
1 0 -70 -294 10 -1 0 0 0 1 0 0 0 -1 3004.dat
1 0 -10 -294 10 -1 0 0 0 1 0 0 0 -1 3004.dat
1 0 50 -294 10 -1 0 0 0 1 0 0 0 -1 3004.dat
1 0 110 -294 10 -1 0 0 0 1 0 0 0 -1 3004.dat
1 0 50 -353.126 123.533 -1 0 0 0 0.648 -0.762 0 -0.762 -0.648 4477.dat
1 0 50 -292.236 175.374 -1 0 0 0 0.648 -0.762 0 -0.762 -0.648 4477.dat
1 0 150 -425.158 38.551 1 0 0 0 1 0 0 0 1 2780.dat
1 0 150 -272.958 168.151 1 0 0 0 1 0 0 0 1 2780.dat
1 0 50 -231.356 227.214 -1 0 0 0 0.648 -0.762 0 -0.762 -0.648 4477.dat
0 STEP
1 14 50 -164.17 -415.229 -1 0 0 0 -0.252 0.968 0 0.968 0.252 2445.dat
1 0 210 -286.198 -199.569 0 0 1 -0.042 1 0 -1 -0.042 0 3895.dat
1 7 200 -274.52 -159.993 -1 0 0 0 1 -0.042 0 -0.042 -1 3749.dat
1 0 195 -275.991 -199.997 0 -1 0 -0.037 0 1 -1 0 -0.037 2905.dat
1 7 200 -277.88 -239.984 -1 0 0 0 1 -0.042 0 -0.042 -1 3749.dat
1 7 225 -272 -100 0 0 1 -1 -0.042 0 0.042 -1 0 4265a.dat
1 0 -110 -286.198 -199.569 0 0 1 -0.042 1 0 -1 -0.042 0 3895.dat
1 7 -100 -273.857 -160.017 1 0 0 0 -1 -0.029 0 0.029 -1 3749.dat
1 7 -125 -272 -100 0 0 -1 1.001 -0.031 0 -0.031 -1.001 0 4265a.dat
1 7 -100 -277.883 -239.971 1 0 0 0 -1 -0.029 0 0.029 -1 3749.dat
1 0 -95 -275.638 -200.011 0 -1 0 -0.045 0 1 -1 0 -0.045 2905.dat
1 14 160 -352 -126 0 0 1 1 0 0 0 1 0 3023.dat
1 14 -60 -352 -126 0 0 1 1 0 0 0 1 0 3023.dat
1 14 -60 -352 -150 0 0 1 1 0 0 0 1 0 3700.dat
1 14 160 -352 -150 0 0 1 1 0 0 0 1 0 3700.dat
1 0 -50 -352 -140 1 0 0 0 1 0 0 0 1 2780.dat
1 0 150 -352 -140 1 0 0 0 1 0 0 0 1 2780.dat
1 14 40 -270 -160 0 0 1 0 1 0 -1 0 0 3710.dat
1 14 60 -270 -160 0 0 1 0 1 0 -1 0 0 3710.dat
1 7 160 -433.791 138.005 0 0 1 -0.014 1 0 -1 -0.014 0 3895.dat
1 0 170 -422.391 237.865 1 0 0 0 1 0.014 0 -0.014 1 2780.dat
1 7 160 -341.359 210.775 0 0 1 0.777 0.63 0 -0.63 0.777 0 2730.dat
1 0 170 -397.195 268.932 1 0 0 0 1 -0.017 0 0.017 1 2780.dat
1 0 170 -366.125 243.736 1 0 0 0 0.996 -0.087 0 0.087 0.996 2780.dat
1 0 -70 -422.391 237.865 1 0 0 0 1 0.014 0 -0.014 1 2780.dat
1 7 -60 -433.791 138.005 0 0 1 -0.014 1 0 -1 -0.014 0 3895.dat
1 0 -50 -272.958 168.151 1 0 0 0 1 0 0 0 1 2780.dat
1 7 -60 -341.359 210.775 0 0 1 0.777 0.63 0 -0.63 0.777 0 2730.dat
1 0 -70 -366.125 243.736 1 0 0 0 0.996 -0.087 0 0.087 0.996 2780.dat
1 0 -70 -397.195 268.932 1 0 0 0 1 -0.017 0 0.017 1 2780.dat
1 0 50 -342 -20 0 0 -1 0 1 0 1 0 0 2846.dat
1 14 50 -342 -20 0 0 -1 0 1 0 1 0 0 2847.dat
1 4 50 -342 -20 0 0 -1 0 1 0 1 0 0 2849.dat
0 STEP
1 14 -40 -362 -180 0 0 1 0 1 0 -1 0 0 2730.dat
1 14 140 -362 -180 0 0 -1 0 1 0 1 0 0 2730.dat
1 0 190 -352 -100 1 0 0 0 1 0 0 0 1 3707.dat
1 0 -90 -352 -100 -1 0 0 0 0.026 1 0 1 -0.026 3707.dat
1 7 -20 -352 -100 0 0 -1 0.999 -0.039 0 -0.039 -0.999 0 3713.dat
1 7 120 -352 -100 0 0 -1 1 0 0 0 -1 0 3713.dat
1 15 -50 -162.161 -422.97 0 0 -1 -0.968 -0.252 0 -0.252 0.968 0 4150p01.dat
1 15 -10 -162.161 -422.97 0 0 -1 -0.968 -0.252 0 -0.252 0.968 0 4150p01.dat
1 15 110 -162.161 -422.97 0 0 -1 -0.968 -0.252 0 -0.252 0.968 0 4150p01.dat
1 15 150 -162.161 -422.97 0 0 -1 -0.968 -0.252 0 -0.252 0.968 0 4150p01.dat
1 0 -50 -352 -259.949 1 0 0 0 1 0 0 0 1 2780.dat
1 0 150 -352 -259.962 1 0 0 0 0.701 -0.713 0 0.713 0.701 2780.dat
1 7 185 -235.673 -201.714 0 0 -1 0.848 -0.532 0 -0.532 -0.848 0 4265a.dat
1 7 -85 -235.673 -201.714 0 0 1 0.533 -0.847 0 0.847 0.533 0 4265a.dat
1 7 180 -404.962 275.231 0 0 1 -0.63 0.777 0 -0.777 -0.63 0 3894.dat
1 7 180 -386.322 260.114 0 0 1 -0.63 0.777 0 -0.777 -0.63 0 3023.dat
1 7 180 -380.108 255.075 0 0 1 -0.63 0.777 0 -0.777 -0.63 0 3023.dat
1 7 180 -373.895 250.036 0 0 1 -0.63 0.777 0 -0.777 -0.63 0 3700.dat
1 7 -80 -404.962 275.231 0 0 1 -0.63 0.777 0 -0.777 -0.63 0 3894.dat
1 7 -80 -386.322 260.114 0 0 1 -0.63 0.777 0 -0.777 -0.63 0 3023.dat
1 7 -80 -380.108 255.075 0 0 1 -0.63 0.777 0 -0.777 -0.63 0 3023.dat
1 7 -80 -373.895 250.036 0 0 1 -0.63 0.777 0 -0.777 -0.63 0 3700.dat
1 256 87.571 -243.479 -209 1 0 0 0 1 0 0 0 1 8868 - pneumaticHoseLQ-15.ldr
0 STEP
1 14 160 -287.721 -337.175 0 0 1 0.713 0.701 0 -0.701 0.713 0 3895.dat
1 14 -60 -287.721 -337.175 0 0 1 0.713 0.701 0 -0.701 0.713 0 3895.dat
1 14 120 -370 -100 1 0 0 0 1 0 0 0 1 3021.dat
1 14 -20 -370 -100 1 0 0 0 1 0 0 0 1 3021.dat
1 14 50 -362 -100 1 0 0 0 1 0 0 0 1 3795.dat
1 14 50 -370 -100 1 0 0 0 1 0 0 0 1 3020.dat
1 0 210 -280.402 -299.945 -1 0 0 0 0.96 0.278 0 0.278 -0.96 4519.dat
1 0 225 -241.972 -288.805 0 -1 0 -0.278 0 -0.961 0.96 0 -0.279 2905.dat
1 0 195 -241.972 -288.805 0 -1 0 -0.278 0 -0.961 0.96 0 -0.279 2905.dat
1 0 210 -241.972 -288.805 -1 0 0 0 0.96 0.278 0 0.278 -0.96 4519.dat
1 0 210 -218.17 -406.832 0 0 -1 -0.278 0.96 0 0.96 0.278 0 3895.dat
1 0 210 -230.839 -327.211 1 0 0 0 0.96 -0.278 0 0.278 0.96 3704.dat
1 7 235 -280.402 -299.945 0 0 1 -0.278 -0.96 0 0.96 -0.278 0 4265a.dat
1 7 235 -241.972 -288.805 0 0 1 -0.962 0.276 0 -0.276 -0.961 0 4265a.dat
1 7 200 -197.428 -442.466 -1 0 0 0 -0.998 0.06 0 0.06 0.998 3749.dat
1 0 190 -197.428 -442.466 0 -1 0 -0.06 0 0.998 -0.998 0 -0.06 32006.dat
1 0 -110 -280.402 -299.945 -1 0 0 0 0.96 0.278 0 0.278 -0.96 4519.dat
1 0 -95 -241.972 -288.805 0 -1 0 -0.278 0 -0.961 0.96 0 -0.279 2905.dat
1 0 -125 -241.972 -288.805 0 -1 0 -0.278 0 -0.961 0.96 0 -0.279 2905.dat
1 0 -110 -241.972 -288.805 -1 0 0 0 0.96 0.278 0 0.278 -0.96 4519.dat
1 0 -110 -218.17 -406.832 0 0 -1 -0.278 0.96 0 0.96 0.278 0 3895.dat
1 0 -110 -230.839 -327.211 1 0 0 0 0.96 -0.278 0 0.278 0.96 3704.dat
1 7 -135 -280.402 -299.945 0 0 -1 -0.278 0.96 0 0.96 0.278 0 4265a.dat
1 7 -85 -241.972 -288.805 0 0 1 -0.962 0.276 0 -0.276 -0.961 0 4265a.dat
1 7 -100 -197.428 -442.466 1 0 0 0 -0.998 -0.06 0 0.06 -0.998 3749.dat
1 0 -90 -197.428 -442.466 0 1 0 0.06 0 0.998 0.998 0 -0.06 32006.dat
1 7 185 -241.972 -288.805 0 0 -1 0.961 0.281 0 0.282 -0.96 0 4265a.dat
1 7 -135 -241.972 -288.805 0 0 -1 0.961 0.281 0 0.282 -0.96 0 4265a.dat
1 14 50 -378 -90 1 0 0 0 1 0 0 0 1 3666.dat
0 STEP
1 0 220 -253.105 -250.399 1 0 0 0 0.961 -0.277 0 0.277 0.961 3705.dat
1 0 240 -316.402 -172.338 0 0 -1 -0.549 0.836 0 0.836 0.549 0 3895.dat
1 7 255 -253.105 -250.399 0 0 1 -0.962 0.276 0 -0.276 -0.961 0 4265a.dat
1 0 -120 -253.105 -250.399 1 0 0 0 0.961 -0.277 0 0.277 0.961 3705.dat
1 0 -140 -316.402 -172.338 0 0 -1 -0.549 0.836 0 0.836 0.549 0 3895.dat
1 7 -155 -253.105 -250.399 0 0 -1 0.962 0.276 0 0.276 -0.961 0 4265a.dat
1 14 50 -370 -250 1 0 0 0 1 0 0 0 1 4477.dat
1 14 50 -362 -250 1 0 0 0 1 0 0 0 1 3460.dat
1 7 50 -152.521 -514.398 1 0 0 0 0.147 -0.989 0 0.989 0.147 8868 - armfront.ldr
1 7 185 -280.402 -299.945 0 0 -1 0.278 -0.96 0 -0.96 -0.278 0 4265a.dat
1 7 -85 -280.402 -299.945 0 0 1 -0.278 -0.96 0 0.96 -0.278 0 4265a.dat
1 7 255 -352 -100 0 0 1 -1.002 -0.005 0 0.005 -1 0 4265a.dat
1 7 -155 -352 -100 0 0 -1 0.033 1 0 1.001 -0.033 0 4265a.dat
0 STEP
1 7 50.332 -124.445 -534.749 0.011 0 1 0.989 0.147 -0.011 -0.147 0.989 0.002 8868 - claw.ldr
1 7 60 -173.774 -521.347 0 -1 0 -0.147 0 0.989 -0.989 0 -0.147 3701.dat
1 7 230 -180.723 -500.094 0 0 1 -0.989 -0.147 0 0.147 -0.989 0 3713.dat
1 7 -130 -180.723 -500.094 0 0 -1 -0.989 0.147 0 0.147 0.989 0 3713.dat
1 0 50 -378 -180 0 0 1 0 1 0 -1 0 0 3738.dat
1 7 50 -387 -220 0 -1 0 0 0 -1 1 0 0 4265a.dat
0 STEP
1 7 89.766 -191.218 -538.984 -0.707 -0.707 0.011 -0.096 0.112 0.989 -0.701 0.698 -0.147 4265a.dat
1 7 9.624 -190.361 -539.101 0.707 0.707 0.011 0.096 -0.112 0.989 0.701 -0.698 -0.147 4265a.dat
1 7 103.804 -185.343 -525.549 -0.011 0.707 0.707 -0.989 -0.112 0.096 0.147 -0.698 0.701 4273b.dat
1 7 -4.474 -184.171 -525.724 -0.011 0.707 -0.707 -0.989 0.096 0.112 0.147 0.701 0.698 4273b.dat
1 0 110.875 -184.379 -518.544 0.707 -0.707 -0.011 0.096 0.112 -0.989 0.701 0.698 0.147 3704.dat
1 0 -11.533 -182.066 -518.888 -0.707 -0.011 0.707 0.112 -0.989 0.096 0.698 0.147 0.701 3704.dat
1 7 117.945 -183.415 -511.538 0.011 0.707 -0.707 0.989 -0.112 -0.096 -0.147 -0.698 -0.701 4273b.dat
1 7 -18.604 -180.949 -511.905 0.011 0.707 0.707 0.989 0.096 -0.112 -0.147 0.701 -0.698 4273b.dat
1 0 131.748 -212.149 -492.968 0.011 0.707 0.707 0.989 0.096 -0.112 -0.147 0.701 -0.698 3705.dat
1 7 132.13 -177.532 -498.116 -0.707 0.707 -0.011 -0.096 -0.112 -0.989 -0.701 -0.698 0.147 4265a.dat
1 0 -32.975 -199.486 -494.851 0.011 0.707 0.707 0.989 0.096 -0.112 -0.147 0.701 -0.698 4519.dat
1 7 -32.702 -174.76 -498.528 -0.707 0.707 -0.011 -0.096 -0.112 -0.989 -0.701 -0.698 0.147 4265a.dat
1 14 145.897 -209.831 -493.124 -0.011 1 0.001 -0.989 -0.011 0.147 0.147 0.001 0.989 2793.dat
1 0 25.904 -208.519 -493.221 -0.011 1 0.001 -0.989 -0.011 0.147 0.147 0.001 0.989 2795.dat
1 0 -33.095 -208.366 -493.233 -0.011 1 0.001 -0.989 -0.011 0.147 0.147 0.001 0.989 2796.dat
1 7 -32.909 -193.552 -495.733 -0.707 0.707 -0.011 -0.096 -0.112 -0.989 -0.701 -0.698 0.147 4265a.dat
1 7 131.496 -234.898 -489.585 -0.707 0.707 -0.011 -0.096 -0.112 -0.989 -0.701 -0.698 0.147 4265a.dat
1 7 -33.238 -223.224 -491.321 -0.707 0.707 -0.011 -0.096 -0.112 -0.989 -0.701 -0.698 0.147 4265a.dat
1 7 50 -395 -220 0 -1 0 0 0 1 -1 0 0 4143.dat
1 15 50 -407 -220 0 0 1 0 1 0 -1 0 0 4032a.dat
0 STEP
1 46 50 -431 -220 0 0 1 0 1 0 -1 0 0 6143.dat
1 15 50 -439 -220 0 0 1 0 1 0 -1 0 0 4150.dat
1 7 -20 -421.602 65.209 -1 0 0 0 0.648 -0.761 0 -0.761 -0.648 3021.dat
1 7 120 -421.602 65.209 -1 0 0 0 0.648 -0.761 0 -0.761 -0.648 3021.dat
1 7 50 -408.808 65.601 -1 0 0 0 0.648 -0.761 0 -0.761 -0.648 3460.dat
1 7 50 -424.028 52.641 -1 0 0 0 0.648 -0.761 0 -0.761 -0.648 3460.dat
1 7 50 -421.602 65.209 -1 0 0 0 0.648 -0.761 0 -0.761 -0.648 3709b.dat
1 15 190 -80 -250 0 0 1 -1 0 0 0 -1 0 4266.dat
1 15 190 -80 10 0 0 1 -1 0 0 0 -1 0 4266.dat
1 15 -90 -80 10 0 0 -1 1 0 0 0 -1 0 4266.dat
1 15 -90 -80 -250 0 0 -1 1 0 0 0 -1 0 4266.dat
1 15 -100 -79.016 412.827 0 0 -1 0.964 -0.265 0 -0.265 -0.964 0 4266.dat
1 15 200 -79.016 412.827 0 0 1 -0.964 -0.265 0 0.265 -0.964 0 4266.dat
1 0 190 -80 -250 0 0 1 -1 0 0 0 -1 0 4267.dat
1 0 190 -80 10 0 0 1 -1 0 0 0 -1 0 4267.dat
1 0 -90 -80 10 0 0 1 -1 0 0 0 -1 0 4267.dat
1 0 -90 -80 -250 0 0 1 -1 0 0 0 -1 0 4267.dat
1 0 -100 -79.016 412.827 0 0 -1 0.964 -0.265 0 -0.265 -0.964 0 4267.dat
1 0 200 -79.016 412.827 0 0 -1 0.964 -0.265 0 -0.265 -0.964 0 4267.dat
0 FILE 8868 - cylinder1.ldr
0 cylinder1
0 Name: 8868 - cylinder1.ldr
0 Author: Philippe Hurbain [Philo]
0 !LICENSE Redistributable under CCAL version 2.0 : see CAreadme.txt

1 0 0 0 0 0 0 1 0 1 0 -1 0 0 3702.dat
1 0 10 10 -40 -1 0 0 0 1 0 0 0 -1 2780.dat
1 0 50 10 -40 -1 0 0 0 1 0 0 0 -1 2780.dat
1 0 30 10 0 -1 0 0 0 1 0 0 0 -1 3707.dat
1 0 60 0 0 0 0 1 0 1 0 -1 0 0 3702.dat
1 7 75 10 0 0 0 1 1 0 0 0 1 0 4265a.dat
1 7 -15 10 0 0 0 -1 1 0 0 0 -1 0 4265a.dat
0 STEP
1 15 80 41.784 -24.286 0 1 0 -0.607 0 -0.795 -0.795 0 0.607 32006.dat
1 15 -20 41.784 -24.286 0 -1 0 0.607 0 -0.795 0.795 0 0.607 32006.dat
1 7 90 41.784 -24.286 -1 0 0 0 0.607 0.795 0 0.795 -0.607 3749.dat
1 7 -30 41.784 -24.286 1 0 0 0 -0.607 0.795 0 -0.795 -0.607 3749.dat
1 256 30 -53.138 -122.641 1 0 0 0 -0.866 0.5 0 -0.5 -0.866 8868 - pneumaticHoseLQ-1.ldr
1 256 30 30 -74.641 1 0 0 0 -0.866 0.5 0 -0.5 -0.866 8868 - pneumaticHoseLQ-2.ldr
0 FILE 8868 - pneumaticHoseLQ-1.ldr
0 pneumaticHoseLQ-1
0 Name: 8868 - pneumaticHoseLQ-1.ldr
0 Author: LDCad
0 !LICENSE Redistributable under CCAL version 2.0 : see CAreadme.txt

0 !CATEGORY technic
0 !KEYWORDS flexible, pneumatic

0 !LDCAD CONTENT [type=path] [addFallBack=default] [looped=false] [displayKind=mm] [curveStep=0] [displayLenCor=0]
0 !LDCAD PATH_POINT [type=bezier] [posOri=0 -47.530826 52.010942 1 0 0 0 0.637401 0.770475 0 -0.770475 0.637401] [prevCPDist=25] [nextCPDist=43.5] [cirR=20] [cirDir=xyCW] [prevYRoll=0] [nextYRoll=0]
0 !LDCAD PATH_POINT [type=bezier] [posOri=-26 54.66937 230.981969 0.000013 0 -0.999978 0.866019 -0.500022 0.000011 -0.500011 -0.866038 -0.000006] [prevCPDist=25] [nextCPDist=43.5] [cirR=20] [cirDir=xyCW] [prevYRoll=0] [nextYRoll=0]
0 !LDCAD PATH_POINT [type=bezier] [posOri=-60 159.900732 297.238607 -0.998607 0.052336 -0.000013 -0.026157 -0.499337 -0.866019 -0.04533 -0.864851 0.50001] [prevCPDist=25] [nextCPDist=25] [cirR=20] [cirDir=xyCW] [prevYRoll=0] [nextYRoll=0]
0 !LDCAD PATH_POINT [type=bezier] [posOri=-30 179.901612 331.879788 0 -1 0 -0.866012 0 -0.500022 0.500022 0 -0.866012] [prevCPDist=32.5] [nextCPDist=25] [cirR=20] [cirDir=xyCW] [prevYRoll=0] [nextYRoll=0]

0 !LDCAD PATH_SKIN [donCol=16] [donOri=1 0 0 0 1 0 0 0 1] [donPart=166.dat] [donYSize=400%] [donCen=absCen] [donCenYOfs=0] [donFinScale=segMerge] [donFinScale=segMerge] [donPlace=refsStat] [donYAlign=0] [donInline=false] [segSize=65%] [segSizeTol=5%] [segsCnt=0] [segsGrp=0] [segsMaxMerge=0] [segsMrgAng=0] [segsMrgRollAng=0] [segsEdgeDelKind=keepFirstLeft]

0 !LDCAD PATH_CAP [group=start] [color=16] [posOri=0 -47.531 52.011 1 0 0 0 0.637 0.77 0 -0.77 0.637] [part=165.dat] [extraLen=8mm] [inlineRef=false]
0 !LDCAD PATH_CAP [group=end] [color=16] [posOri=-30 179.902 331.88 0 1 0 -0.866 0 0.5 0.5 0 0.866] [part=165.dat] [extraLen=8mm] [inlineRef=false]

0 !LDCAD GENERATED [generator=LDCad 1.6 Alpha 4]
0 //This is the fallback LDraw content for above PATH configuration.
0 // Do not edit, any changes will be lost upon regeneration.
0 // The path is approx 162.94 mm (407.35) and exists out of 91 segments.

0 //Some general hints about the document.
0 UNOFFICIAL PART
0 BFC CERTIFY CCW

0 //Start cap reference(s)
1 16 0 -47.531 52.011 1 0 0 0 0.637 0.77 0 -0.77 0.637 165.dat

0 //End cap reference(s)
1 16 -30 179.902 331.88 0 1 0 -0.866 0 0.5 0.5 0 0.866 165.dat

0 //Segments
1 16 -0.043189 -49.435494 54.755157 0.999916 0.051642 0.000546 -0.00782 2.277462 0.821511 0.010309 -3.281331 0.570192 166.dat
1 16 -0.156805 -50.514787 57.223964 0.999318 0.145971 -0.005255 -0.01116 1.736402 0.900511 0.035191 -3.594473 0.434801 166.dat
1 16 -0.324089 -51.237423 59.814294 0.998307 0.228651 -0.010341 -0.007409 1.204284 0.953444 0.057693 -3.801849 0.301393 166.dat
1 16 -0.5306 -51.67289 62.463003 0.997195 0.291685 -0.016428 0.002308 0.756537 0.981899 0.07481 -3.91142 0.188691 166.dat
1 16 -0.777671 -51.786233 65.143628 0.995842 0.352355 -0.022774 0.016524 0.283387 0.997344 0.08959 -3.968901 0.06919 166.dat
1 16 -1.022456 -51.707138 67.571681 0.994686 0.390674 -0.032168 0.033362 -0.042365 0.999387 0.0974 -3.9752 -0.013812 166.dat
1 16 -1.284737 -51.464666 69.986498 0.99352 0.419124 -0.043703 0.051769 -0.301315 0.995806 0.101187 -3.961083 -0.080374 166.dat
1 16 -1.588649 -51.049804 72.627111 0.992153 0.445208 -0.056662 0.072009 -0.554809 0.987686 0.102211 -3.930727 -0.145826 166.dat
1 16 -1.905177 -50.501124 75.241276 0.99061 0.465373 -0.071553 0.093079 -0.764309 0.977101 0.100143 -3.893057 -0.200384 166.dat
1 16 -2.231159 -49.845974 77.829245 0.988808 0.480613 -0.088219 0.114554 -0.932507 0.965599 0.095583 -3.854358 -0.244613 166.dat
1 16 -2.534169 -49.16489 80.152108 0.986637 0.492967 -0.106385 0.136505 -1.076854 0.953254 0.088961 -3.814971 -0.282823 166.dat
1 16 -2.843465 -48.404862 82.449668 0.984021 0.502883 -0.125912 0.158763 -1.19939 0.940554 0.080602 -3.776931 -0.315444 166.dat
1 16 -3.188905 -47.507291 84.961146 0.980876 0.511154 -0.146658 0.181349 -1.307195 0.927375 0.070676 -3.739866 -0.34419 166.dat
1 16 -3.538799 -46.547584 87.448887 0.97713 0.518086 -0.168512 0.204193 -1.402512 0.9138 0.059352 -3.704211 -0.369558 166.dat
1 16 -3.892449 -45.532628 89.914109 0.972717 0.523917 -0.191364 0.227231 -1.487132 0.899871 0.046782 -3.67023 -0.391933 166.dat
1 16 -4.570212 -43.463177 94.505238 0.967272 0.877268 -0.216008 0.251962 -2.657472 0.879691 0.030002 -5.96533 -0.423656 166.dat
1 16 -5.26233 -41.232126 99.070892 0.954617 0.887592 -0.265632 0.297834 -2.836799 0.852022 0.000411 -5.880618 -0.451107 166.dat
1 16 -5.994842 -38.758833 103.790328 0.938316 0.896466 -0.317888 0.344137 -3.010672 0.820244 -0.033652 -5.79216 -0.47555 166.dat
1 16 -6.697848 -36.294776 108.232689 0.918335 0.902563 -0.371346 0.389623 -3.149629 0.787215 -0.069674 -5.716829 -0.492336 166.dat
1 16 -7.404127 -33.739442 112.622704 0.894602 0.90678 -0.425146 0.433853 -3.264184 0.752571 -0.107045 -5.651528 -0.50288 166.dat
1 16 -8.477998 -29.729323 119.190975 0.866561 1.268857 -0.479564 0.476528 -4.725959 0.712816 -0.148299 -7.771497 -0.511772 166.dat
1 16 -9.56091 -25.544385 125.704614 0.818795 1.271883 -0.557131 0.535657 -4.898587 0.654643 -0.206509 -7.663355 -0.510929 166.dat
1 16 -11.009962 -19.763893 134.300119 0.763971 1.631784 -0.630202 0.587993 -6.498056 0.591519 -0.26573 -9.687155 -0.502942 166.dat
1 16 -12.427812 -13.92475 142.612248 0.685015 1.628482 -0.715289 0.64645 -6.691245 0.509279 -0.335942 -9.555298 -0.478535 166.dat
1 16 -14.201627 -6.390453 152.930069 0.60228 1.977196 -0.786342 0.690918 -8.382813 0.42716 -0.399863 -11.506467 -0.446319 166.dat
1 16 -15.965736 1.345509 163.159151 0.501241 1.959577 -0.854499 0.730011 -8.578103 0.332992 -0.464588 -11.364676 -0.398682 166.dat
1 16 -18.058996 10.83783 175.344652 0.407098 2.280098 -0.903445 0.753514 -10.323657 0.249037 -0.516225 -13.270937 -0.348952 166.dat
1 16 -20.787815 23.79727 191.537012 0.307202 2.893019 -0.942644 0.767834 -13.718898 0.164467 -0.56219 -17.156266 -0.29047 166.dat
1 16 -24.240849 41.737866 213.655924 0.196936 3.609677 -0.972975 0.776358 -18.719801 0.079666 -0.598735 -23.085988 -0.216731 166.dat
1 16 -25.040335 46.499791 219.648251 0.079817 0.966525 -0.991238 0.785139 -5.68761 -0.002534 -0.614154 -7.145472 -0.132062 166.dat
1 16 -25.510904 49.643947 223.732413 0.052425 0.611846 -0.994298 0.792949 -4.013464 -0.015075 -0.607029 -5.189862 -0.105563 166.dat
1 16 -25.708962 51.126675 225.718594 0.034836 0.328522 -0.996003 0.800581 -2.392112 -0.021447 -0.59821 -3.182218 -0.086703 166.dat
1 16 -25.869623 52.544976 227.696743 0.025727 0.280786 -0.997195 0.809928 -2.341513 -0.020423 -0.585964 -3.224145 -0.072012 166.dat
1 16 -25.993409 54.046634 229.924522 0.01631 0.202815 -0.998577 0.82573 -2.252383 -0.015183 -0.563829 -3.29276 -0.051121 166.dat
1 16 -26.016539 55.424425 232.235156 0.006873 0.06727 -0.999835 0.852658 -2.08701 -0.002938 -0.522424 -3.405363 -0.01795 166.dat
1 16 -26.089626 56.880784 234.494373 -0.002941 0.10051 -0.999679 0.842859 -2.148668 -0.016018 -0.538127 -3.365971 -0.019626 166.dat
1 16 -26.229752 58.307605 236.46867 -0.021474 0.202272 -0.998486 0.816755 -2.29724 -0.046731 -0.576586 -3.261658 -0.029008 166.dat
1 16 -26.439302 59.830708 238.364037 -0.039564 0.305144 -0.996293 0.787632 -2.441371 -0.078139 -0.614875 -3.14694 -0.035986 166.dat
1 16 -26.7304 61.589183 240.378539 -0.057194 0.407602 -0.993135 0.755688 -2.57911 -0.109856 -0.65243 -3.023026 -0.040182 166.dat
1 16 -27.082285 63.425083 242.312392 -0.07488 0.500286 -0.989297 0.72383 -2.69858 -0.14031 -0.685903 -2.902415 -0.040068 166.dat
1 16 -27.495891 65.336431 244.159166 -0.092277 0.592155 -0.984637 0.689452 -2.812003 -0.170596 -0.71843 -2.77464 -0.037245 166.dat
1 16 -27.913373 67.119551 245.770831 -0.110923 0.66443 -0.979811 0.659322 -2.897587 -0.197781 -0.743633 -2.668175 -0.029206 166.dat
1 16 -28.37187 68.948958 247.318394 -0.130432 0.727571 -0.974583 0.630453 -2.969614 -0.223312 -0.765191 -2.570733 -0.017866 166.dat
1 16 -28.920706 71.01268 248.953483 -0.149325 0.798184 -0.968388 0.59663 -3.046991 -0.249392 -0.788502 -2.456702 -0.005314 166.dat
1 16 -29.505083 73.113273 250.52792 -0.169804 0.854449 -0.961984 0.566471 -3.10613 -0.272891 -0.806398 -2.361887 0.010868 166.dat
1 16 -30.12837 75.252771 252.033732 -0.190322 0.91193 -0.954809 0.533916 -3.164115 -0.295815 -0.823839 -2.261282 0.028866 166.dat
1 16 -30.783016 77.422196 253.482105 -0.212125 0.960644 -0.94719 0.503356 -3.211225 -0.316833 -0.837637 -2.172978 0.049476 166.dat
1 16 -31.402415 79.413459 254.747573 -0.235047 1.003071 -0.938987 0.474025 -3.250654 -0.336279 -0.848559 -2.093737 0.072242 166.dat
1 16 -32.04391 81.424287 255.970419 -0.259405 1.037766 -0.93017 0.446869 -3.281726 -0.354078 -0.856164 -2.027302 0.09702 166.dat
1 16 -32.772334 83.659241 257.276768 -0.283937 1.073405 -0.920419 0.41795 -3.312499 -0.371031 -0.862959 -1.957495 0.123145 166.dat
1 16 -33.524579 85.913753 258.535181 -0.308731 1.108832 -0.909743 0.387839 -3.341866 -0.386885 -0.868485 -1.886547 0.150627 166.dat
1 16 -34.992848 90.210122 260.816226 -0.332808 1.895574 -0.898042 0.353992 -5.56499 -0.401738 -0.87403 -2.975669 0.179242 166.dat
1 16 -36.540225 94.594458 262.98076 -0.386903 1.974987 -0.872047 0.299714 -5.623675 -0.426324 -0.872054 -2.809026 0.240378 166.dat
1 16 -38.211931 99.225292 265.145834 -0.442501 2.040721 -0.841589 0.246572 -5.668505 -0.446232 -0.862203 -2.668412 0.304309 166.dat
1 16 -40.700332 105.960337 268.116214 -0.497291 2.934148 -0.806613 0.191594 -7.956116 -0.461268 -0.846164 -3.525881 0.369604 166.dat
1 16 -44.064211 114.858413 271.822909 -0.579931 3.872267 -0.745383 0.118475 -10.26118 -0.47643 -0.806005 -4.294433 0.466282 166.dat
1 16 -48.383319 126.117068 276.400859 -0.683276 4.807972 -0.649024 0.035148 -12.544354 -0.486848 -0.729313 -5.109034 0.584592 166.dat
1 16 -51.021105 132.995123 279.287781 -0.790862 3.062632 -0.513153 -0.04783 -7.986244 -0.49142 -0.610123 -3.343805 0.70369 166.dat
1 16 -52.719782 137.465981 281.265859 -0.841804 2.166037 -0.428139 -0.08557 -5.69573 -0.495452 -0.532957 -2.506763 0.755793 166.dat
1 16 -54.36107 141.854631 283.35078 -0.871815 2.117062 -0.369741 -0.101609 -5.647091 -0.505151 -0.479181 -2.654303 0.779817 166.dat
1 16 -55.211582 144.171347 284.533201 -0.897017 1.249203 -0.312352 -0.116067 -3.389577 -0.516236 -0.426484 -1.704961 0.797456 166.dat
1 16 -56.026347 146.426829 285.750269 -0.909673 1.217917 -0.282019 -0.117901 -3.358124 -0.528556 -0.398238 -1.787824 0.800683 166.dat
1 16 -56.740671 148.447058 286.91605 -0.921729 1.18002 -0.251299 -0.118042 -3.319065 -0.543767 -0.369434 -1.883612 0.800728 166.dat
1 16 -57.423684 150.433763 288.15626 -0.933113 1.135223 -0.220308 -0.116783 -3.271458 -0.56182 -0.340091 -1.991348 0.797385 166.dat
1 16 -58.131146 152.573071 289.625092 -0.945342 1.067459 -0.186862 -0.109639 -3.196384 -0.589652 -0.307094 -2.14483 0.785744 166.dat
1 16 -58.774485 154.636788 291.226316 -0.957619 0.977609 -0.151892 -0.098563 -3.091481 -0.625567 -0.27065 -2.333166 0.765242 166.dat
1 16 -59.328294 156.587995 292.994556 -0.970143 0.853116 -0.11494 -0.082127 -2.936781 -0.672865 -0.228206 -2.569854 0.730781 166.dat
1 16 -59.762838 158.377917 294.957431 -0.9821 0.686343 -0.077191 -0.061411 -2.71424 -0.731118 -0.178069 -2.849293 0.67787 166.dat
1 16 -60.014505 159.793122 296.933492 -0.9922 0.470367 -0.040921 -0.038479 -2.402848 -0.797925 -0.118572 -3.156218 0.601366 166.dat
1 16 -60.118347 160.974781 299.073278 -0.997957 0.251346 -0.011064 -0.023063 -2.062495 -0.856083 -0.059579 -3.411682 0.51672 166.dat
1 16 -60.466788 164.94626 305.97739 -0.998926 0.414756 0.010396 -0.031595 -4.587623 -0.865715 -0.033904 -7.944969 0.500428 166.dat
1 16 -60.509375 166.213011 308.171439 -0.996113 0.087591 0.085308 -0.08482 -1.996859 -0.861924 0.023745 -3.458542 0.49981 166.dat
1 16 -60.497469 167.432701 310.283929 -0.993077 0.009428 0.11744 -0.102878 -1.997335 -0.859886 0.056692 -3.459364 0.496793 166.dat
1 16 -60.400415 168.776573 312.611497 -0.987427 -0.114171 0.155471 -0.120579 -1.996527 -0.857701 0.10222 -3.457959 0.490079 166.dat
1 16 -60.182626 170.117055 314.93319 -0.977069 -0.282635 0.200824 -0.1397 -1.992339 -0.855407 0.160687 -3.450701 0.477439 166.dat
1 16 -59.79038 171.447928 317.23824 -0.957697 -0.52409 0.256132 -0.160374 -1.980081 -0.853563 0.23895 -3.429467 0.453682 166.dat
1 16 -59.244719 172.63765 319.298815 -0.924831 -0.815673 0.320923 -0.187448 -1.955265 -0.851629 0.330984 -3.386481 0.41441 166.dat
1 16 -58.455253 173.793799 321.301241 -0.871734 -1.164284 0.393863 -0.223763 -1.910627 -0.849208 0.435902 -3.309166 0.351736 166.dat
1 16 -57.273993 175.004328 323.397847 -0.780754 -1.640219 0.470978 -0.271522 -1.821206 -0.847592 0.56276 -3.154287 0.244471 166.dat
1 16 -55.705426 176.101127 325.297474 -0.644884 -2.196904 0.530712 -0.337968 -1.668157 -0.843435 0.685494 -2.889204 0.083434 166.dat
1 16 -53.794583 177.053052 326.94618 -0.487279 -2.7152 0.548213 -0.421487 -1.465001 -0.829364 0.764793 -2.53734 -0.107785 166.dat
1 16 -51.589385 177.830945 328.293468 -0.330985 -3.167839 0.511414 -0.511586 -1.216743 -0.80343 0.792924 -2.107361 -0.304888 166.dat
1 16 -49.40747 178.385236 329.253481 -0.209906 -3.488305 0.439722 -0.593431 -0.973221 -0.767125 0.777032 -1.685587 -0.46708 166.dat
1 16 -47.125491 178.824389 330.014079 -0.134265 -3.670605 0.370945 -0.657937 -0.787952 -0.72678 0.741007 -1.364707 -0.578092 166.dat
