0 FILE Advent 2012.ldr
0 Advent 2012
0 Name: Advent 2012.ldr
0 Author: LDraw
0 Unofficial Model
0 ROTATION CENTER 0 0 0 1 "Custom" 
0 ROTATION CONFIG 0 0
1 0 -1010 0 510 0 0 1 0 1 0 -1 0 0 Day 1.ldr
1 0 -510 32 570 0 0 1 0 1 0 -1 0 0 Day 13.ldr
1 0 -510 79.5 470 0 0 1 0 1 0 -1 0 0 Day 14.ldr
1 0 -270 23.5 270 0 0 1 0 1 0 -1 0 0 Day 23.ldr
1 0 -270 -8.5 110 0 0 1 0 1 0 -1 0 0 Day 24.ldr
1 0 -510 -8 410 0 0 1 0 1 0 -1 0 0 Day 15.ldr
1 0 -514 -8 56 0 0 1 0 1 0 -1 0 0 Day 18.ldr
1 0 -590 -8 240 0 0 1 0 1 0 -1 0 0 Day 16.ldr
1 0 -270 -8 730 0 0 1 0 1 0 -1 0 0 Day 19.ldr
1 0 -270 -40 580 0 0 1 0 1 0 -1 0 0 Day 20.ldr
1 0 -320 -40 300 0 0 1 0 1 0 -1 0 0 Day 22.ldr
1 0 -590 32 150 0 0 1 0 1 0 -1 0 0 Day 17.ldr
1 0 -750 -8 610 0 0 1 0 1 0 -1 0 0 Day 7.ldr
1 0 -730 0 440 0 0 1 0 1 0 -1 0 0 Day 8.ldr
1 0 -1000 -8 380 0 0 1 0 1 0 -1 0 0 Day 2.ldr
1 0 -1000 16 230 0 0 1 0 1 0 -1 0 0 Day 3.ldr
1 0 -730 -8 350 0 0 1 0 1 0 -1 0 0 Day 9.ldr
1 0 -740 8 210 1 0 0 0 1 0 0 0 1 Day 10.ldr
1 0 -740 32 100 1 0 0 0 1 0 0 0 1 Day 11.ldr
1 0 -740 -8 -10 0 0 1 0 1 0 -1 0 0 Day 12.ldr
1 0 -990 36 70 1 0 0 0 1 0 0 0 1 Day 5.ldr
1 0 -990 8 0 0 0 1 0 1 0 -1 0 0 Day 6.ldr
1 0 -1030 -24 70 0 0 1 0 1 0 -1 0 0 Day 4.ldr
0
0 FILE Day 1.ldr
0 Day 1
0 Name: Day 1.ldr
0 Author: LDraw
0 Unofficial Model
0 ROTATION CENTER 0 0 0 1 "Custom" 
0 ROTATION CONFIG 0 0
1 1 10 8 0 1 0 0 0 1 0 0 0 1 3176.dat
1 71 10 16 -30 1 0 0 0 1 0 0 0 1 4081b.dat
1 72 10 16 0 1 0 0 0 1 0 0 0 1 41854.dat
1 1 10 0 10 -1 0 0 0 1 0 0 0 -1 2436b.dat
1 1 10 0 -10 -1 0 0 0 1 0 0 0 -1 3794a.dat
1 72 10 10 32 -1 0 0 0 0 -1 0 -1 0 3794a.dat
1 14 10 10 49 -1 0 0 0 1 0 0 0 -1 32123a.dat
1 1 10 10 40 -1 0 0 0 0 -1 0 -1 0 3957a.dat
1 1 -20 10 24 0 0 1 -1 0 0 0 -1 0 54200.dat
1 1 40 10 24 0 0 -1 1 0 0 0 -1 0 54200.dat
1 47 10 -8 -10 -1 0 0 0 1 0 0 0 -1 4073.dat
1 47 0 -8 10 -1 0 0 0 1 0 0 0 -1 4073.dat
1 47 20 -8 10 -1 0 0 0 1 0 0 0 -1 4073.dat
0
0 FILE Day 2.ldr
0 Day 2
0 Name: Day 2.ldr
0 Author: LDraw
0 Unofficial Model
0 ROTATION CENTER 0 0 0 1 "Custom" 
0 ROTATION CONFIG 0 0
1 19 0 0 0 1 0 0 0 1 0 0 0 1 30371.dat
1 308 0 0 0 1 0 0 0 1 0 0 0 1 973.dat
1 28 0 32 0 1 0 0 0 1 0 0 0 1 3815.dat
1 92 -15.552 9 0 0.985 -0.17 0 0.17 0.985 0 0 0 1 3818.dat
1 92 15.552 9 0 0.985 0.17 0 -0.17 0.985 0 0 0 1 3819.dat
1 92 -23.8634 26.5956 -10.321 0.985 -0.12019 0.12019 0.17 0.696395 -0.696395 0 0.707 0.707 3820.dat
1 92 23.8634 26.5956 -10.321 0.985 0.12019 -0.12019 -0.17 0.696395 -0.696395 0 0.707 0.707 3820.dat
1 28 0 44 0 1 0 0 0 1 0 0 0 1 3816.dat
1 28 0 44 0 1 0 0 0 1 0 0 0 1 3817.dat
0
0 FILE Day 3.ldr
0 Day 3
0 Name: Day 3.ldr
0 Author: LDraw
0 Unofficial Model
0 ROTATION CENTER 0 0 0 1 "Custom" 
0 ROTATION CONFIG 0 0
1 71 -40 40 0 0 0 1 0 1 0 -1 0 0 3176.dat
1 80 -70 -50.5 0 0.707107 0 0.707107 0 1 0 -0.707107 0 0.707107 4497.dat
1 52 -69.7107 -19 0 0.707107 0 0.707107 0 1 0 -0.707107 0 0.707107 2586ps1.dat
1 71 -40 10 0 1 0 0 0 0.848048 -0.529919 0 0.529919 0.848048 3673.dat
1 308 -30 -3.781 3.182 -1 0 0 0 0.848048 0.529919 0 0.529919 -0.848048 88289.dat
1 43 -30 -24.133 -9.536 -1 0 0 0 0.848048 0.529919 0 0.529919 -0.848048 3062b.dat
1 72 -50 32 0 0 0 1 0 1 0 -1 0 0 32530.dat
1 70 -70 40 0 0 0 1 0 -1 0 1 0 0 3062b.dat
0
0 FILE Day 4.ldr
0 Day 4
0 Name: Day 4.ldr
0 Author: LDraw
0 Unofficial Model
0 ROTATION CENTER 0 0 0 1 "Custom" 
0 ROTATION CONFIG 0 0
1 71 -50 32 0 1 0 0 0 1 0 0 0 1 41770.dat
1 71 -90 32 0 1 0 0 0 1 0 0 0 1 41769.dat
1 71 -70 24 20 1 0 0 0 1 0 0 0 1 48183.dat
1 71 -70 0 50 1 0 0 0 1 0 0 0 1 2555.dat
1 72 -70 16 30 1 0 0 0 1 0 0 0 1 3794a.dat
1 72 -70 34 72 1 0 0 0 0 1 0 -1 0 3794a.dat
1 43 -70 34 80 1 0 0 0 0 1 0 -1 0 4073.dat
1 43 -100 34 72 1 0 0 0 0 1 0 -1 0 4073.dat
1 43 -40 34 72 1 0 0 0 0 1 0 -1 0 4073.dat
1 72 -70 32 50 1 0 0 0 1 0 0 0 1 3710.dat
1 71 -70 24 50 -1 0 0 0 1 0 0 0 -1 2436b.dat
1 72 -70 40 20 0 0 -1 0 1 0 1 0 0 3020.dat
1 72 -70 16 50 1 0 0 0 1 0 0 0 1 3794a.dat
1 72 -70 8 50 1 0 0 0 1 0 0 0 1 4073.dat
0
0 FILE Day 5.ldr
0 Day 5
0 Name: Day 5.ldr
0 Author: LDraw
0 Unofficial Model
0 ROTATION CENTER 0 0 0 1 "Custom" 
0 ROTATION CONFIG 0 0
1 0 0 8 0 0 0 1 0 1 0 -1 0 0 4595.dat
1 70 -10 0 0 1 0 0 0 1 0 0 0 1 3623.dat
1 70 -30 0 0 0 0 1 0 1 0 -1 0 0 54200.dat
1 70 -10 0 0 0 0 -1 0 1 0 1 0 0 54200.dat
1 70 20 18 0 0 -1 0 0 0 1 -1 0 0 54200.dat
1 70 -36 18 0 0 -1 0 0 0 1 -1 0 0 3024.dat
1 70 -44 18 0 0 -1 0 0 0 1 -1 0 0 4073.dat
1 70 0 18 18 1 0 0 0 0 1 0 -1 0 3069b.dat
1 70 0 18 -18 -1 0 0 0 0 1 0 1 0 3069b.dat
0
0 FILE Day 6.ldr
0 Day 6
0 Name: Day 6.ldr
0 Author: LDraw
0 Unofficial Model
0 ROTATION CENTER 0 0 0 1 "Custom" 
0 ROTATION CONFIG 0 0
1 19 20 48 0 1 0 0 0 1 0 0 0 1 30376.dat
1 19 36 -24 0 1 0 0 0 1 0 0 0 1 30377.dat
1 19 4 -24 0 1 0 0 0 1 0 0 0 1 59230.dat
1 19 20 -24 0 1 0 0 0 1 0 0 0 1 30378.dat
1 320 20 8 0 1 0 0 0 1 0 0 0 1 30375.dat
0
0 FILE Day 7.ldr
0 Day 7
0 Name: Day 7.ldr
0 Author: LDraw
0 Unofficial Model
0 ROTATION CENTER 0 0 0 1 "Custom" 
0 ROTATION CONFIG 0 0
1 14 10 24 0 1 0 0 0 1 0 0 0 1 3623.dat
1 14 10 0 0 1 0 0 0 1 0 0 0 1 3070b.dat
1 14 -30 18 28 1 0 0 0 0 1 0 -1 0 4589.dat
1 71 -30 18 -28 -1 0 0 0 0 1 0 1 0 4589.dat
1 14 50 18 28 1 0 0 0 0 1 0 -1 0 4589.dat
1 71 50 18 -28 -1 0 0 0 0 1 0 1 0 4589.dat
1 71 -10 16 0 0 0 1 0 1 0 -1 0 0 4081b.dat
1 71 30 16 0 0 0 -1 0 1 0 1 0 0 4081b.dat
1 71 10 14 -10 -1 0 0 0 0 1 0 1 0 4070.dat
1 71 10 14 -10 -1 0 0 0 0 1 0 1 0 54200.dat
1 40 10 8 24 1 0 0 0 1 0 0 0 1 54200.dat
1 14 10 14 14 -1 0 0 0 0 1 0 1 0 4070.dat
1 14 10 14 38 -1 0 0 0 0 1 0 1 0 60897.dat
1 14 10 -6 34 -1 0 0 0 0 1 0 1 0 30374.dat
0
0 FILE Day 8.ldr
0 Day 8
0 Name: Day 8.ldr
0 Author: LDraw
0 Unofficial Model
0 ROTATION CENTER 0 0 0 1 "Custom" 
0 ROTATION CONFIG 0 0
1 71 -20 8 0 1 0 0 0 1 0 0 0 1 4600.dat
1 70 -20 0 0 1 0 0 0 1 0 0 0 1 87580.dat
1 70 -52 13 -10 0 1 0 -1 0 0 0 0 1 93273.dat
1 70 -20 -8 0 1 0 0 0 1 0 0 0 1 54200.dat
1 70 -20 -8 20 -1 0 0 0 1 0 0 0 -1 54200.dat
1 72 -20 -8 10 0 0 1 0 1 0 -1 0 0 3023.dat
1 72 -52 13 20 0 1 0 -1 0 0 0 0 1 60897.dat
1 70 12 13 -10 0 -1 0 1 0 0 0 0 1 93273.dat
1 72 12 13 20 0 -1 0 1 0 0 0 0 1 60897.dat
0
0 FILE Day 9.ldr
0 Day 9
0 Name: Day 9.ldr
0 Author: LDraw
0 Unofficial Model
0 ROTATION CENTER 0 0 0 1 "Custom" 
0 ROTATION CONFIG 0 0
1 71 0 -24 0 1 0 0 0 1 0 0 0 1 57900.dat
1 78 0 -24 0 1 0 0 0 1 0 0 0 1 3626bp01.dat
1 72 0 0 0 1 0 0 0 1 0 0 0 1 973.dat
1 0 0 32 0 1 0 0 0 1 0 0 0 1 3815.dat
1 72 -15.552 9 0 0.985 -0.17 0 0.17 0.985 0 0 0 1 3818.dat
1 72 15.552 9 0 0.985 0.17 0 -0.17 0.985 0 0 0 1 3819.dat
1 0 -23.8634 26.5956 -10.321 0.985 -0.12019 0.12019 0.17 0.696395 -0.696395 0 0.707 0.707 3820.dat
1 0 23.8634 26.5956 -10.321 0.985 0.12019 -0.12019 -0.17 0.696395 -0.696395 0 0.707 0.707 3820.dat
1 72 0 44 0 1 0 0 0 1 0 0 0 1 3816.dat
1 72 0 44 0 1 0 0 0 1 0 0 0 1 3817.dat
0
0 FILE Day 10.ldr
0 Day 10
0 Name: Day 10.ldr
0 Author: LDraw
0 Unofficial Model
0 ROTATION CENTER 0 0 0 1 "Custom" 
0 ROTATION CONFIG 0 0
1 72 -10 8 0 1 0 0 0 1 0 0 0 1 3022.dat
1 72 -40 8 0 0 0 1 0 1 0 -1 0 0 88072.dat
1 72 -80 -3 0 0 0 1 0 -1 0 1 0 0 3024.dat
1 72 -80 9 0 0 0 1 0 -1 0 1 0 0 30162.dat
1 72 -20 -24 0 0 0 1 0 1 0 -1 0 0 3069b.dat
1 71 0 -16 0 0 0 1 0 1 0 -1 0 0 3004.dat
1 71 0 16 -10 0 0 1 0 1 0 -1 0 0 64644.dat
1 71 0 16 10 0 0 1 0 1 0 -1 0 0 64644.dat
1 71 -40 16 10 0 0 1 0 1 0 -1 0 0 64644.dat
1 71 -40 16 -10 0 0 1 0 1 0 -1 0 0 64644.dat
1 71 -30 -16 10 1 0 0 0 1 0 0 0 1 3004.dat
1 71 -30 -16 -10 1 0 0 0 1 0 0 0 1 3004.dat
1 71 -80 5 0 0 0 -1 0 -1 0 -1 0 0 60897.dat
0
0 FILE Day 11.ldr
0 Day 11
0 Name: Day 11.ldr
0 Author: LDraw
0 Unofficial Model
0 ROTATION CENTER 0 0 0 1 "Custom" 
0 ROTATION CONFIG 0 0
1 71 -20 24 0 0 0 -1 0 1 0 1 0 0 2540.dat
1 0 0 26 0 0 -0.258819 -0.965926 0 -0.965926 0.258819 -1 0 0 30377.dat
1 71 2 -15 0 0 -0.382683 0.92388 0 0.92388 0.382683 -1 0 0 30031.dat
1 71 -40 -6 0 1 0 0 0 1 0 0 0 1 61184.dat
1 72 -20 16 0 0 0 -1 0 1 0 1 0 0 32530.dat
1 0 -30 -6 0 0 -1 0 0 0 -1 1 0 0 43898.dat
0
0 FILE Day 12.ldr
0 Day 12
0 Name: Day 12.ldr
0 Author: LDraw
0 Unofficial Model
0 ROTATION CENTER 0 0 0 1 "Custom" 
0 ROTATION CONFIG 0 0
1 19 0 -26 0 1 0 0 0 1 0 0 0 1 30171.dat
1 78 0 -26 0 1 0 0 0 1 0 0 0 1 3626bp01.dat
1 15 0 0 0 1 0 0 0 1 0 0 0 1 2524.dat
1 15 0 -18 0 1 0 0 0 0.92388 0.382683 0 -0.382683 0.92388 30170.dat
1 19 0 0 0 1 0 0 0 1 0 0 0 1 973.dat
1 28 0 32 0 1 0 0 0 1 0 0 0 1 3815.dat
1 19 -15.552 9 0 0.985 -0.17 0 0.17 0.985 0 0 0 1 3818.dat
1 19 15.552 9 0 0.985 0.17 0 -0.17 0.985 0 0 0 1 3819.dat
1 15 -23.8634 26.5956 -10.321 0.985 -0.12019 0.12019 0.17 0.696395 -0.696395 0 0.707 0.707 3820.dat
1 15 23.8634 26.5956 -10.321 0.985 0.12019 -0.12019 -0.17 0.696395 -0.696395 0 0.707 0.707 3820.dat
1 28 0 44 0 1 0 0 0 1 0 0 0 1 3816.dat
1 28 0 44 0 1 0 0 0 1 0 0 0 1 3817.dat
0
0 FILE Day 13.ldr
0 Day 13
0 Name: Day 13.ldr
0 Author: LDraw
0 Unofficial Model
0 ROTATION CENTER 0 0 0 1 "Custom" 
0 ROTATION CONFIG 0 0
1 72 -80 24 0 1 0 0 0 1 0 0 0 1 60897.dat
1 72 -60 24 0 1 0 0 0 1 0 0 0 1 60897.dat
1 72 -70 8 0 1 0 0 0 1 0 0 0 1 3794a.dat
1 72 -70 0 0 1 0 0 0 1 0 0 0 1 3022.dat
1 72 -70 -56 0 1 0 0 0 1 0 0 0 1 3068b.dat
1 72 -60 -38 -24 1 0 0 0 0 -1 0 1 0 3070b.dat
1 72 -80 -38 -24 1 0 0 0 0 -1 0 1 0 4073.dat
1 71 -60 -24 0 0 0 -1 0 1 0 1 0 0 3004.dat
1 71 -80 16 0 0 0 -1 0 1 0 1 0 0 4073.dat
1 71 -60 16 0 0 0 -1 0 1 0 1 0 0 4073.dat
1 71 -80 -24 0 0 0 -1 0 1 0 1 0 0 3004.dat
1 71 -70 -48 10 -1 0 0 0 1 0 0 0 -1 3004.dat
1 71 -80 -48 -10 1 0 0 0 1 0 0 0 1 4070.dat
1 71 -60 -48 -10 1 0 0 0 1 0 0 0 1 4070.dat
0
0 FILE Day 14.ldr
0 Day 14
0 Name: Day 14.ldr
0 Author: LDraw
0 Unofficial Model
0 ROTATION CENTER 0 0 0 1 "Custom" 
0 ROTATION CONFIG 0 0
1 72 -60 -25.854 25.854 -1 0 0 0 0 1 0 1 0 60897.dat
1 72 -70 -25.854 -6.146 -1 0 0 0 0 1 0 1 0 4865b.dat
1 0 -60 -32.026 -6.172 -1 0 0 0 0.976296 -0.21644 0 -0.21644 -0.976296 58247.dat
1 0 -80.5 -46.953 -25.073 -1 0 0 0 0.976296 -0.21644 0 -0.21644 -0.976296 57899.dat
1 72 -80 -25.854 25.854 -1 0 0 0 0 1 0 1 0 60897.dat
1 71 -70 -25.854 17.854 1 0 0 0 0 -1 0 1 0 63868.dat
1 36 -40 -15.854 19.854 1 0 0 0 -1 0 0 0 -1 30374.dat
1 80 -40 -92.854 19.854 1 0 0 0 -1 0 0 0 -1 577b.dat
1 36 -40 -15.854 35.854 1 0 0 0 -1 0 0 0 -1 30374.dat
1 71 -70 -25.854 33.854 1 0 0 0 0 -1 0 1 0 63868.dat
0
0 FILE Day 15.ldr
0 Day 15
0 Name: Day 15.ldr
0 Author: LDraw
0 Unofficial Model
0 ROTATION CENTER 0 0 0 1 "Custom" 
0 ROTATION CONFIG 0 0
1 15 0 -24 0 1 0 0 0 1 0 0 0 1 44360.dat
1 0 0 -24 0 1 0 0 0 1 0 0 0 1 3626b.dat
1 15 0 0 0 1 0 0 0 1 0 0 0 1 973.dat
1 71 0 32 0 1 0 0 0 1 0 0 0 1 3815.dat
1 15 -15.552 9 0 0.985 -0.17 0 0.17 0.985 0 0 0 1 3818.dat
1 15 15.552 9 0 0.985 0.17 0 -0.17 0.985 0 0 0 1 3819.dat
1 15 -23.8634 26.5956 -10.321 0.985 -0.12019 0.12019 0.17 0.696395 -0.696395 0 0.707 0.707 3820.dat
1 15 23.8634 26.5956 -10.321 0.985 0.12019 -0.12019 -0.17 0.696395 -0.696395 0 0.707 0.707 3820.dat
1 15 0 44 0 1 0 0 0 1 0 0 0 1 3816.dat
1 15 0 44 0 1 0 0 0 1 0 0 0 1 3817.dat
0
0 FILE Day 16.ldr
0 Day 16
0 Name: Day 16.ldr
0 Author: LDraw
0 Unofficial Model
0 ROTATION CENTER 0 0 0 1 "Custom" 
0 ROTATION CONFIG 0 0
1 71 -30 8 0 1 0 0 0 1 0 0 0 1 61678.dat
1 71 -60 18 122 1 0 0 0 0 1 0 -1 0 30374.dat
1 71 -60 18 98 1 0 0 0 0 1 0 -1 0 4589.dat
1 71 -60 18 42 -1 0 0 0 0 1 0 1 0 4589.dat
1 71 0 18 122 1 0 0 0 0 1 0 -1 0 30374.dat
1 71 0 18 98 1 0 0 0 0 1 0 -1 0 4589.dat
1 71 0 18 42 -1 0 0 0 0 1 0 1 0 4589.dat
1 72 -30 24 10 1 0 0 0 1 0 0 0 1 3024.dat
1 72 -40 24 60 0 0 -1 0 1 0 1 0 0 3710.dat
1 72 -20 24 60 0 0 -1 0 1 0 1 0 0 3710.dat
1 72 -20 16 70 0 0 -1 0 1 0 1 0 0 6019.dat
1 72 -40 16 70 0 0 1 0 1 0 -1 0 0 6019.dat
1 71 -30 16 30 1 0 0 0 1 0 0 0 1 3794a.dat
1 71 -30 16 50 1 0 0 0 1 0 0 0 1 3794a.dat
1 40 -30 16 50 1 0 0 0 1 0 0 0 1 54200.dat
1 71 -40 16 70 0 0 1 0 1 0 -1 0 0 54200.dat
1 71 -20 16 70 0 0 -1 0 1 0 1 0 0 54200.dat
1 71 -30 0 90 -1 0 0 0 1 0 0 0 -1 3048.dat
0
0 FILE Day 17.ldr
0 Day 17
0 Name: Day 17.ldr
0 Author: LDraw
0 Unofficial Model
0 ROTATION CENTER 0 0 0 1 "Custom" 
0 ROTATION CONFIG 0 0
1 2 0 -16 32 -1 0 0 0 0 1 0 1 0 3004.dat
1 2 30 -24 59 -1 0 0 0 1 0 0 0 -1 3070b.dat
1 2 -30 -24 59 -1 0 0 0 1 0 0 0 -1 3070b.dat
1 2 10 -16 8 -1 0 0 0 0 1 0 1 0 4070.dat
1 2 -10 -16 8 -1 0 0 0 0 1 0 1 0 4070.dat
1 2 0 -16 0 -1 0 0 0 0 1 0 1 0 3023.dat
1 2 0 -16 71 1 0 0 0 0 1 0 -1 0 2540.dat
1 2 10 -16 0 0 0 -1 -1 0 0 0 1 0 54200.dat
1 2 -10 -16 0 0 0 1 1 0 0 0 1 0 54200.dat
1 40 10 -22 18 1 0 0 0 1 0 0 0 1 54200.dat
1 40 -10 -22 18 1 0 0 0 1 0 0 0 1 54200.dat
1 72 30 -16 59 0 0 1 0 1 0 -1 0 0 4081b.dat
1 72 -30 -16 59 0 0 -1 0 1 0 1 0 0 4081b.dat
1 72 0 -36 68 0 0 -1 1 0 0 0 -1 0 48729.dat
0
0 FILE Day 18.ldr
0 Day 18
0 Name: Day 18.ldr
0 Author: LDraw
0 Unofficial Model
0 ROTATION CENTER 0 0 0 1 "Custom" 
0 ROTATION CONFIG 0 0
1 15 0 -24 0 1 0 0 0 1 0 0 0 1 30171.dat
1 78 0 -24 0 1 0 0 0 1 0 0 0 1 3626bp01.dat
1 0 0 0 0 1 0 0 0 1 0 0 0 1 973.dat
1 0 0 -21 4 1 0 0 0 0.707107 0.707107 0 -0.707107 0.707107 2447.dat
1 71 0 32 0 1 0 0 0 1 0 0 0 1 3815.dat
1 379 -15.552 9 0 0.985 -0.17 0 0.17 0.985 0 0 0 1 3818.dat
1 379 15.552 9 0 0.985 0.17 0 -0.17 0.985 0 0 0 1 3819.dat
1 78 -23.8634 26.5956 -10.321 0.985 -0.12019 0.12019 0.17 0.696395 -0.696395 0 0.707 0.707 3820.dat
1 78 23.8634 26.5956 -10.321 0.985 0.12019 -0.12019 -0.17 0.696395 -0.696395 0 0.707 0.707 3820.dat
1 71 0 44 0 1 0 0 0 1 0 0 0 1 3816.dat
1 71 0 44 0 1 0 0 0 1 0 0 0 1 3817.dat
0
0 FILE Day 19.ldr
0 Day 19
0 Name: Day 19.ldr
0 Author: LDraw
0 Unofficial Model
0 ROTATION CENTER 0 0 0 1 "Custom" 
0 ROTATION CONFIG 0 0
1 19 30 40 0 0 0 -1 0 1 0 1 0 0 3623.dat
1 0 30 16 10 0 0 -1 0 1 0 1 0 0 52107.dat
1 28 30 32 -30 0 0 -1 0 1 0 1 0 0 3023.dat
1 28 30 16 -30 0 0 -1 0 1 0 1 0 0 3023.dat
1 71 30 8 -20 -1 0 0 0 1 0 0 0 -1 4592.dat
1 0 30 8 -20 -1 0 0 0 1 0 0 0 -1 4593.dat
1 28 48 26 10 0 -1 0 0 0 -1 1 0 0 3023.dat
1 19 64 26 -20 0 -1 0 1 0 0 0 0 1 50950.dat
1 19 48 26 20 0 -1 0 -1 0 0 0 0 -1 54200.dat
1 28 12 26 10 0 1 0 0 0 1 1 0 0 3023.dat
1 19 -4 26 -20 0 1 0 -1 0 0 0 0 1 50950.dat
1 19 12 26 20 0 1 0 1 0 0 0 0 -1 54200.dat
1 19 30 16 -40 1 0 0 0 1 0 0 0 1 54200.dat
1 19 30 -32 0 -1 0 0 0 1 0 0 0 -1 60481.dat
1 43 30 24 -40 0 0 -1 0 1 0 1 0 0 4073.dat
1 43 30 24 -20 0 0 -1 0 1 0 1 0 0 4073.dat
0
0 FILE Day 20.ldr
0 Day 20
0 Name: Day 20.ldr
0 Author: LDraw
0 Unofficial Model
0 ROTATION CENTER 0 0 0 1 "Custom" 
0 ROTATION CONFIG 0 0
1 72 0 32 0 0 0 -1 0 1 0 1 0 0 3710.dat
1 71 0 40 -20 -1 0 0 0 1 0 0 0 -1 4595.dat
1 72 26 60 -10 0 -1 0 -1 0 0 0 0 -1 43722.dat
1 72 -26 60 -10 0 1 0 1 0 0 0 0 -1 43723.dat
1 40 0 32 10 1 0 0 0 1 0 0 0 1 54200.dat
1 72 0 32 30 -1 0 0 0 1 0 0 0 -1 54200.dat
1 72 0 50 -40 -1 0 0 0 0 1 0 1 0 54200.dat
1 72 0 50 16 1 0 0 0 0 -1 0 1 0 3040b.dat
1 80 18 50 -30 0 -1 0 1 0 0 0 0 1 49668.dat
1 80 -18 50 -30 0 1 0 -1 0 0 0 0 1 49668.dat
1 19 18 50 -10 0 -1 0 0 0 -1 1 0 0 3024.dat
1 19 -18 50 -10 0 1 0 0 0 1 1 0 0 3024.dat
1 70 18 50 10 0 -1 0 0 0 -1 1 0 0 3024.dat
1 70 -18 50 10 0 1 0 0 0 1 1 0 0 3024.dat
0
0 FILE Day 21.ldr
0 Day 21
0 Name: Day 21.ldr
0 Author: LDraw
0 Unofficial Model
0
0 FILE Day 22.ldr
0 Day 22
0 Name: Day 22.ldr
0 Author: LDraw
0 Unofficial Model
0 ROTATION CENTER 0 0 0 1 "Custom" 
0 ROTATION CONFIG 0 0
1 71 -50 -2 42 1 0 0 0 1 0 0 0 1 4740.dat
1 71 -50 24 0 1 0 0 0 0 -1 0 1 0 3005.dat
1 71 -50 24 32 1 0 0 0 0 -1 0 1 0 3700.dat
1 1 -50 14 42 0 0 -1 -1 0 0 0 1 0 4274.dat
1 72 -50 24 0 1 0 0 0 0 -1 0 1 0 54200.dat
1 71 -80 20 58 0 0 1 0 1 0 -1 0 0 54200.dat
1 71 -80 28 58 0 0 1 0 -1 0 1 0 0 54200.dat
1 71 -20 20 58 0 0 -1 0 1 0 1 0 0 54200.dat
1 71 -20 28 58 0 0 -1 0 -1 0 -1 0 0 54200.dat
1 72 -50 24 24 1 0 0 0 0 -1 0 1 0 3794a.dat
1 72 -60 24 56 0 0 1 1 0 0 0 1 0 4081b.dat
1 72 -40 24 56 0 0 -1 -1 0 0 0 1 0 4081b.dat
1 33 -50 24 64 -1 0 0 0 0 1 0 1 0 3023.dat
1 36 -50 6 42 1 0 0 0 1 0 0 0 1 4740.dat
0
0 FILE Day 23.ldr
0 Day 23
0 Name: Day 23.ldr
0 Author: LDraw
0 Unofficial Model
0 ROTATION CENTER 0 0 0 1 "Custom" 
0 ROTATION CONFIG 0 0
1 15 20 -48 0 1 0 0 0 1 0 0 0 1 30367bps3.dat
1 15 20 -14 0 1 0 0 0 1 0 0 0 1 30361dps5.dat
1 15 0 -14 0 0 0 -1 0 1 0 1 0 0 30362.dat
1 15 40 -14 0 0 0 1 0 1 0 -1 0 0 30362.dat
1 0 20 -56 0 1 0 0 0 1 0 0 0 1 4073.dat
1 15 20 34 0 1 0 0 0 1 0 0 0 1 60474.dat
1 15 20 26 0 1 0 0 0 1 0 0 0 1 87580.dat
1 0 20 -56 0 1 0 0 0 1 0 0 0 1 3878.dat
0
0 FILE Day 24.ldr
0 Day 24
0 Name: Day 24.ldr
0 Author: LDraw
0 Unofficial Model
0 ROTATION CENTER 0 0 0 1 "Custom" 
0 ROTATION CONFIG 0 0
1 4 0 -24 0 1 0 0 0 1 0 0 0 1 30287p01.dat
1 0 0 -26 0 1 0 0 0 1 0 0 0 1 3626bps8.dat
1 4 0 -2 0 1 0 0 0 1 0 0 0 1 522.dat
1 4 0 0 0 1 0 0 0 1 0 0 0 1 973.dat
1 4 0 32 0 1 0 0 0 1 0 0 0 1 3815.dat
1 4 -15.552 9 0 0.985 -0.17 0 0.17 0.985 0 0 0 1 3818.dat
1 4 15.552 9 0 0.985 0.17 0 -0.17 0.985 0 0 0 1 3819.dat
1 0 -23.8634 26.5956 -10.321 0.985 -0.12019 0.12019 0.17 0.696395 -0.696395 0 0.707 0.707 3820.dat
1 0 23.8634 26.5956 -10.321 0.985 0.12019 -0.12019 -0.17 0.696395 -0.696395 0 0.707 0.707 3820.dat
1 72 -23.8951 26.7794 -26.9666 0.14567 -0.0874983 -0.985 -0.844031 0.506976 -0.17 0.514696 0.856884 0 3837.dat
1 15 22.6701 27.6818 -26.963 0.985 0.0874983 -0.14567 -0.17 0.506976 -0.844031 0 0.856884 0.514696 4073.dat
1 4 0 44 0 1 0 0 0 1 0 0 0 1 3816.dat
1 4 0 44 0 1 0 0 0 1 0 0 0 1 3817.dat
0
0
