0 FILE Advent 2014.ldr
0 Advent 2014
0 Name: Advent 2014.ldr
0 Author: LDraw
0 Unofficial Model
0 ROTATION CENTER 0 0 0 1 "Custom" 
0 ROTATION CONFIG 0 0
1 0 -1050 8 630 1 0 0 0 1 0 0 0 1 Day 1.ldr
1 0 -1050 0 500 0 0 1 0 1 0 -1 0 0 Day 2.ldr
1 0 -1030 24 410 -1 0 0 0 1 0 0 0 -1 Day 3.ldr
1 0 -1040 0 260 0 0 1 0 1 0 -1 0 0 Day 4.ldr
1 0 -1060 32 110 0 0 1 0 1 0 -1 0 0 Day 5.ldr
1 0 -800 16 660 1 0 0 0 1 0 0 0 1 Day 7.ldr
1 0 -820 0 540 0 0 1 0 1 0 -1 0 0 Day 8.ldr
1 0 -495 0 649 0 0 1 0 1 0 -1 0 0 Day 13.ldr
1 0 -100 56 80 0 0 1 0 1 0 -1 0 0 Day 23.ldr
1 0 -90 0 -10 0 0 1 0 1 0 -1 0 0 Day 24.ldr
1 0 -520 24 540 -1 0 0 0 1 0 0 0 -1 Day 14.ldr
1 0 -540 16 380 0 0 1 0 1 0 -1 0 0 Day 15.ldr
1 0 -500 0 290 0 0 1 0 1 0 -1 0 0 Day 16.ldr
1 0 -510 48 110 0 0 1 0 1 0 -1 0 0 Day 17.ldr
1 0 -500 0 40 0 0 1 0 1 0 -1 0 0 Day 18.ldr
1 0 -60 0 730 1 0 0 0 1 0 0 0 1 Day 19.ldr
1 0 -80 0 570 1 0 0 0 1 0 0 0 1 Day 20.ldr
1 0 -70 0 470 0 0 1 0 1 0 -1 0 0 Day 21.ldr
1 0 -90 38 260 0 0 1 0 1 0 -1 0 0 Day 22.ldr
1 0 -840 24 420 0 0 1 0 1 0 -1 0 0 Day 9.ldr
1 0 -830 -24 270 0 0 1 0 1 0 -1 0 0 Day 10.ldr
1 0 -810 0 160 0 0 1 0 1 0 -1 0 0 Day 11.ldr
1 0 -840 40 40 1 0 0 0 1 0 0 0 1 Day 12.ldr
1 0 -1040 16 -60 0 0 1 0 1 0 -1 0 0 Day 6.ldr
0
0 FILE Day 1.ldr
0 Day 1
0 Name: Day 1.ldr
0 Author: LDraw
0 Unofficial Model
0 ROTATION CENTER 0 0 0 1 "Custom" 
0 ROTATION CONFIG 0 0
1 1 50 0 0 0 0 1 0 1 0 -1 0 0 2555.dat
1 1 10 8 0 0 0 -1 0 1 0 1 0 0 4287.dat
1 1 -36 38 10 0 1 0 1 0 0 0 0 -1 6091.dat
1 1 -36 38 -10 0 1 0 -1 0 0 0 0 1 6091.dat
1 1 -10 16 0 0 0 -1 0 1 0 1 0 0 3024.dat
1 72 -4 38 30 0 1 0 1 0 0 0 0 -1 3024.dat
1 72 -4 38 -30 0 1 0 1 0 0 0 0 -1 3024.dat
1 272 -10 24 0 0 0 -1 0 1 0 1 0 0 3794b.dat
1 272 10 32 0 0 0 -1 0 1 0 1 0 0 3794b.dat
1 71 -10 32 0 0 0 1 0 1 0 -1 0 0 99206.dat
1 72 30 0 0 0 0 1 0 1 0 -1 0 0 3839b.dat
1 72 -36 38 0 0 1 0 0 0 1 1 0 0 2412b.dat
1 72 0 16 0 0 0 1 0 1 0 -1 0 0 11477.dat
1 0 56 -6 0 0 -1 0 0 0 1 -1 0 0 30374.dat
0
0 FILE Day 2.ldr
0 Day 2
0 Name: Day 2.ldr
0 Author: LDraw
0 Unofficial Model
0 ROTATION CENTER 0 0 0 1 "Custom" 
0 ROTATION CONFIG 0 0
1 148 -10 8 0 1 0 0 0 1 0 0 0 1 41889.dat
1 148 -20 72 0 1 0 0 0 1 0 0 0 1 42687.dat
1 148 -34 -40 0 1 0 0 0 1 0 0 0 1 41890.dat
1 148 16 -40 0 -1 0 0 0 1 0 0 0 -1 41890.dat
0
0 FILE Day 3.ldr
0 Day 3
0 Name: Day 3.ldr
0 Author: LDraw
0 Unofficial Model
0 ROTATION CENTER 0 0 0 1 "Custom" 
0 ROTATION CONFIG 0 0
1 47 20 40 0 1 0 0 0 1 0 0 0 1 4740.dat
1 71 20 8 0 0 0 1 0 1 0 -1 0 0 2540.dat
0 MLCAD BTG Group name
1 72 -5.806 -9.243 0 0 -0.92388 -0.382683 0 0.382683 -0.92388 1 0 0 6019.dat
0 MLCAD BTG Group name
1 72 31.149 -24.55 0 0 -0.92388 -0.382683 0 0.382683 -0.92388 1 0 0 3062b.dat
0 MLCAD BTG Group name
1 71 -13.197 -6.181 0 0 -0.92388 -0.382683 0 0.382683 -0.92388 1 0 0 3005.dat
0 MLCAD BTG Group name
1 71 68.104 -39.858 0 0.92388 0 -0.382683 -0.382683 0 -0.92388 0 1 0 61184.dat
0 MLCAD BTG Group name
1 4 1.585 -12.304 0 0 -0.92388 -0.382683 0 0.382683 -0.92388 1 0 0 4073.dat
0 MLCAD BTG Group name
1 14 8.976 -15.366 0 0 -0.92388 -0.382683 0 0.382683 -0.92388 1 0 0 4073.dat
0 GROUP 6 Group name
1 0 20 16 0 0.707107 0 0.707107 0 1 0 -0.707107 0 0.707107 4733.dat
1 71 7.272 26 12.728 0 0.707107 0.707107 -1 0 0 0 -0.707107 0.707107 2555.dat
1 72 10.1 26 24.042 -0.350878 -0.707107 0.613909 -0.868199 0 -0.496217 0.350878 -0.707107 -0.613909 30229.dat
1 71 32.728 26 12.728 0 -0.707107 0.707107 -1 0 0 0 -0.707107 -0.707107 2555.dat
1 72 44.042 26 9.9 0.350878 -0.707107 -0.613909 -0.868199 0 -0.496217 0.350878 0.707107 -0.613909 30229.dat
1 71 32.728 26 -12.728 0 -0.707107 -0.707107 -1 0 0 0 0.707107 -0.707107 2555.dat
1 72 29.9 26 -24.042 0.350878 0.707107 -0.613909 -0.868199 0 -0.496217 -0.350878 0.707107 0.613909 30229.dat
1 71 7.272 26 -12.728 0 0.707107 -0.707107 -1 0 0 0 0.707107 0.707107 2555.dat
1 72 -4.042 26 -9.9 -0.350878 0.707107 0.613909 -0.868199 0 -0.496217 -0.350878 -0.707107 0.613909 30229.dat
0
0 FILE Day 4.ldr
0 Day 4
0 Name: Day 4.ldr
0 Author: LDraw
0 Unofficial Model
0 ROTATION CENTER 0 0 0 1 "Custom" 
0 ROTATION CONFIG 0 0
1 4 0 -24 0 1 0 0 0 1 0 0 0 1 10164.dat
1 78 0 -24 0 1 0 0 0 1 0 0 0 1 3626bp01.dat
1 15 0 0 0 1 0 0 0 1 0 0 0 1 973psu.dat
1 0 0 32 0 1 0 0 0 1 0 0 0 1 3815.dat
1 15 -15.552 9 0 0.985 -0.130228 -0.109274 0.17 0.754554 0.633146 0 -0.642788 0.766044 3818.dat
1 15 15.552 9 0 0.985 0.17 0 -0.17 0.985 0 0 0 1 3819.dat
1 0 -21.9894 15.7375 -19.9657 0.985 -0.169328 0.0148142 0.17 0.981104 -0.0858354 0 0.0871426 0.996044 3820.dat
1 0 23.8634 26.5956 -10.321 0.985 0.12019 -0.12019 -0.17 0.696395 -0.696395 0 0.707 0.707 3820.dat
1 4 -20.8197 8.96028 -52.7151 0.985 -0.160663 0.0553471 0.17 0.930898 -0.320687 0 0.325571 0.945074 3899.dat
1 15 0 44 0 1 0 0 0 1 0 0 0 1 3816.dat
1 15 0 44 0 1 0 0 0 1 0 0 0 1 3817.dat
0
0 FILE Day 5.ldr
0 Day 5
0 Name: Day 5.ldr
0 Author: LDraw
0 Unofficial Model
0 ROTATION CENTER 0 0 0 1 "Custom" 
0 ROTATION CONFIG 0 0
1 72 -20 32 0 0 0 -1 0 1 0 1 0 0 41769.dat
1 72 0 0 0 0 0 -1 0 1 0 1 0 0 4589.dat
1 15 1 -2 0 0.707107 0 0.707107 0 1 0 -0.707107 0 0.707107 11217.dat
1 0 -50 -31.545 -20.244 1 0 0 0 -0.212178 -0.977231 0 0.977231 -0.212178 57899.dat
1 0 -30 -31.582 -6.276 1 0 0 0 -0.212178 -0.977231 0 0.977231 -0.212178 58247.dat
1 72 -50 0 0 1 0 0 0 1 0 0 0 1 4085d.dat
1 72 -30 0 0 1 0 0 0 1 0 0 0 1 4085d.dat
1 36 -40 -8 0 1 0 0 0 1 0 0 0 1 3023.dat
1 71 0 24 0 -1 0 0 0 1 0 0 0 -1 3794b.dat
1 71 -40 8 0 1 0 0 0 1 0 0 0 1 2877.dat
1 71 -40 -8 0 1 0 0 0 1 0 0 0 1 85984.dat
0
0 FILE Day 6.ldr
0 Day 6
0 Name: Day 6.ldr
0 Author: LDraw
0 Unofficial Model
0 ROTATION CENTER 0 0 0 1 "Custom" 
0 ROTATION CONFIG 0 0
1 71 -40 16 0 1 0 0 0 1 0 0 0 1 4600.dat
1 72 -40 8 -10 1 0 0 0 1 0 0 0 1 3069b.dat
1 72 -40 8 20 1 0 0 0 1 0 0 0 1 11477.dat
1 272 -40 0 30 1 0 0 0 1 0 0 0 1 3024.dat
1 1 -40 8 10 1 0 0 0 1 0 0 0 1 3794b.dat
1 72 -71 21 20 0 1 0 -1 0 0 0 0 1 4085d.dat
1 272 -71 21 -10 0 1 0 -1 0 0 0 0 1 93273.dat
1 72 -9 21 20 0 -1 0 1 0 0 0 0 1 4085d.dat
1 272 -9 21 -10 0 -1 0 1 0 0 0 0 1 93273.dat
0
0 FILE Day 7.ldr
0 Day 7
0 Name: Day 7.ldr
0 Author: LDraw
0 Unofficial Model
0 ROTATION CENTER 0 0 0 1 "Custom" 
0 ROTATION CONFIG 0 0
1 47 -10 48 0 1 0 0 0 1 0 0 0 1 4740.dat
1 47 -10 40 0 1 0 0 0 1 0 0 0 1 4073.dat
1 72 -10 16 0 0 0 1 0 1 0 -1 0 0 4733.dat
1 0 0 6 0 0 -1 0 0 0 1 -1 0 0 4070.dat
1 0 -10 6 0 -1 0 0 0 1 0 0 0 -1 92738.dat
1 0 14 6 0 0 -0.382683 0.92388 0 0.92388 0.382683 -1 0 0 30031.dat
1 72 8 6 0 0 -1 0 1 0 0 0 0 1 2555.dat
1 15 8 26 0 0 -1 0 1 0 0 0 0 1 4073.dat
1 15 16 26 0 0 -1 0 1 0 0 0 0 1 4073.dat
1 15 24 26 0 0 -1 0 1 0 0 0 0 1 4073.dat
1 15 -27 6 -23 0 0.382683 0.92388 -1 0 0 0 -0.92388 0.382683 15391c02.dat
1 0 -10 26 -18 1 0 0 0 0 -1 0 1 0 4592.dat
1 0 -10 26 -18 1 0 0 0 -0.763232 -0.646124 0 0.646124 -0.763232 4593.dat
1 0 -10 26 18 -1 0 0 0 0 -1 0 -1 0 4592.dat
1 0 -10 26 18 -1 0 0 0 -0.763232 -0.646124 0 -0.646124 0.763232 4593.dat
1 0 -28 26 0 0 1 0 0 0 -1 -1 0 0 4592.dat
1 0 -28 26 0 0 0.646124 -0.763232 0 -0.763232 -0.646124 -1 0 0 4593.dat
0
0 FILE Day 8.ldr
0 Day 8
0 Name: Day 8.ldr
0 Author: LDraw
0 Unofficial Model
0 ROTATION CENTER 0 0 0 1 "Custom" 
0 ROTATION CONFIG 0 0
1 15 0 -24 0 1 0 0 0 1 0 0 0 1 44360.dat
1 0 0 -24 0 1 0 0 0 1 0 0 0 1 3626bp01.dat
1 15 0 0 0 1 0 0 0 1 0 0 0 1 973.dat
1 71 0 32 0 1 0 0 0 1 0 0 0 1 3815.dat
1 15 -15.552 9 0 0.985 -0.17 0 0.17 0.985 0 0 0 1 3818.dat
1 15 15.552 9 0 0.985 0.17 0 -0.17 0.985 0 0 0 1 3819.dat
1 71 -23.8634 26.5956 -10.321 0.985 -0.12019 0.12019 0.17 0.696395 -0.696395 0 0.707 0.707 3820.dat
1 71 23.8634 26.5956 -10.321 0.985 0.12019 -0.12019 -0.17 0.696395 -0.696395 0 0.707 0.707 3820.dat
1 15 0 44 0 1 0 0 0 1 0 0 0 1 3816.dat
1 15 0 44 0 1 0 0 0 1 0 0 0 1 3817.dat
0
0 FILE Day 9.ldr
0 Day 9
0 Name: Day 9.ldr
0 Author: LDraw
0 Unofficial Model
0 ROTATION CENTER 0 0 0 1 "Custom" 
0 ROTATION CONFIG 0 0
1 14 10 16 10 1 0 0 0 1 0 0 0 1 41770.dat
1 14 -30 16 10 1 0 0 0 1 0 0 0 1 41769.dat
1 14 -10 8 -20 1 0 0 0 1 0 0 0 1 3794b.dat
1 14 -10 0 -30 0 0 -1 0 1 0 1 0 0 3069b.dat
1 14 -10 2 53 -1 0 0 0 0 -1 0 -1 0 54200.dat
1 40 -10 0 20 1 0 0 0 1 0 0 0 1 54200.dat
1 14 -10 0 20 0 0 -1 0 1 0 1 0 0 3623.dat
1 71 -10 8 0 1 0 0 0 1 0 0 0 1 3794b.dat
1 71 -10 -8 40 -1 0 0 0 1 0 0 0 -1 42446.dat
1 0 -10 8 20 1 0 0 0 1 0 0 0 1 3794b.dat
1 72 -10 8 40 1 0 0 0 1 0 0 0 1 3794b.dat
1 72 -10 8 -40 1 0 0 0 1 0 0 0 1 3024.dat
1 72 -10 -8 40 1 0 0 0 1 0 0 0 1 3024.dat
0
0 FILE Day 10.ldr
0 Day 10
0 Name: Day 10.ldr
0 Author: LDraw
0 Unofficial Model
0 ROTATION CENTER 0 0 0 1 "Custom" 
0 ROTATION CONFIG 0 0
1 0 15 36 20 0 1 0 0 0 -1 -1 0 0 4032b.dat
1 0 7 56 20 0 1 0 0 0 -1 -1 0 0 51739.dat
1 0 7 16 20 0 1 0 0 0 1 1 0 0 51739.dat
1 72 -1 36 30 0 1 0 -1 0 0 0 0 1 88072.dat
1 72 -17 36 0 1 0 0 0 0 -1 0 1 0 4733.dat
1 72 -17 36 24 1 0 0 0 0 -1 0 1 0 4073.dat
1 47 -17 36 -8 1 0 0 0 0 -1 0 1 0 98138.dat
1 0 -49 36 20 0 -1 0 0 0 1 -1 0 0 4032b.dat
1 0 -41 16 20 0 -1 0 0 0 1 -1 0 0 51739.dat
1 0 -41 56 20 0 -1 0 0 0 -1 1 0 0 51739.dat
1 72 -33 36 30 0 -1 0 1 0 0 0 0 1 88072.dat
0
0 FILE Day 11.ldr
0 Day 11
0 Name: Day 11.ldr
0 Author: LDraw
0 Unofficial Model
0 ROTATION CENTER 0 0 0 1 "Custom" 
0 ROTATION CONFIG 0 0
1 0 0 -24 0 1 0 0 0 1 0 0 0 1 87556.dat
1 78 0 -24 0 1 0 0 0 1 0 0 0 1 3626bp01.dat
1 0 0 0 0 1 0 0 0 1 0 0 0 1 973.dat
1 0 0 32 0 1 0 0 0 1 0 0 0 1 3815.dat
1 0 -15.552 9 0 0.985 -0.17 0 0.17 0.985 0 0 0 1 3818.dat
1 0 15.552 9 0 0.985 0.17 0 -0.17 0.985 0 0 0 1 3819.dat
1 0 -23.8634 26.5956 -10.321 0.985 -0.12019 0.12019 0.17 0.696395 -0.696395 0 0.707 0.707 3820.dat
1 0 23.8634 26.5956 -10.321 0.985 0.12019 -0.12019 -0.17 0.696395 -0.696395 0 0.707 0.707 3820.dat
1 0 0 44 0 1 0 0 0 1 0 0 0 1 3816.dat
1 0 0 44 0 1 0 0 0 1 0 0 0 1 3817.dat
0
0 FILE Day 12.ldr
0 Day 12
0 Name: Day 12.ldr
0 Author: LDraw
0 Unofficial Model
0 ROTATION CENTER 0 0 0 1 "Custom" 
0 ROTATION CONFIG 0 0
1 320 -10 16 0 0 0 1 0 1 0 -1 0 0 3176.dat
1 19 -10 0 0 0 0 1 0 1 0 -1 0 0 3176.dat
1 47 0 0 10 0 0 1 0 1 0 -1 0 0 54200.dat
1 47 0 0 -10 0 0 1 0 1 0 -1 0 0 54200.dat
1 19 10 8 0 0 0 1 0 1 0 -1 0 0 3022.dat
1 19 40 0 0 0 0 -1 0 1 0 1 0 0 2540.dat
1 19 68 10 30 0 -1 0 0 0 -1 1 0 0 4589.dat
1 19 86 -18 0 0 -1 0 0 0 -1 1 0 0 4589.dat
1 71 62 -18 0 0 -1 0 0 0 -1 1 0 0 61252.dat
1 19 68 10 -30 0 -1 0 0 0 -1 1 0 0 4589.dat
1 72 40 8 -10 1 0 0 0 1 0 0 0 1 4081b.dat
1 72 54 -18 0 0 -1 0 1 0 0 0 0 1 4073.dat
1 72 40 8 10 -1 0 0 0 1 0 0 0 -1 4081b.dat
1 320 30 16 0 0 0 1 0 1 0 -1 0 0 3022.dat
1 71 -30 8 0 0 0 1 0 1 0 -1 0 0 4032b.dat
0
0 FILE Day 13.ldr
0 Day 13
0 Name: Day 13.ldr
0 Author: LDraw
0 Unofficial Model
0 ROTATION CENTER 0 0 0 1 "Custom" 
0 ROTATION CONFIG 0 0
1 19 0 -24 0 1 0 0 0 1 0 0 0 1 92746.dat
1 78 0 -24 0 1 0 0 0 1 0 0 0 1 3626bp01.dat
1 15 0 0 0 1 0 0 0 1 0 0 0 1 973.dat
1 15 0 32 0 1 0 0 0 1 0 0 0 1 3815.dat
1 15 -15.552 9 0 0.985 -0.17 0 0.17 0.985 0 0 0 1 3818.dat
1 15 15.552 9 0 0.985 0.17 0 -0.17 0.985 0 0 0 1 3819.dat
1 78 -23.8634 26.5956 -10.321 0.985 -0.12019 0.12019 0.17 0.696395 -0.696395 0 0.707 0.707 3820.dat
1 78 23.8634 26.5956 -10.321 0.985 0.12019 -0.12019 -0.17 0.696395 -0.696395 0 0.707 0.707 3820.dat
1 15 0 44 0 1 0 0 0 1 0 0 0 1 3816.dat
1 15 0 44 0 1 0 0 0 1 0 0 0 1 3817.dat
0
0 FILE Day 14.ldr
0 Day 14
0 Name: Day 14.ldr
0 Author: LDraw
0 Unofficial Model
0 ROTATION CENTER 0 0 0 1 "Custom" 
0 ROTATION CONFIG 0 0
1 72 -20 40 0 1 0 0 0 1 0 0 0 1 4740.dat
1 15 -20 16 0 1 0 0 0 1 0 0 0 1 4733.dat
1 15 -20 -32 0 1 0 0 0 1 0 0 0 1 3062b.dat
1 15 -20 2 18 1 0 0 0 0 1 0 -1 0 2555.dat
1 15 -2 2 0 0 -1 0 0 0 1 -1 0 0 2555.dat
1 15 -20 2 -18 -1 0 0 0 0 1 0 1 0 2555.dat
1 72 -15.758 -78 4.242 -0.707107 0.707107 0 0 0 1 0.707107 0.707107 0 2555.dat
1 19 -44 -40 0 0 0 -1 0 1 0 1 0 0 30374.dat
1 19 -20 -40 24 1 0 0 0 1 0 0 0 1 30374.dat
1 19 4 -40 0 0 0 1 0 1 0 -1 0 0 30374.dat
1 19 -20 -40 -24 -1 0 0 0 1 0 0 0 -1 30374.dat
1 19 -20 -88 0 -0.707107 0 -0.707107 0 1 0 0.707107 0 -0.707107 30374.dat
1 15 -38 2 0 0 1 0 0 0 1 1 0 0 2555.dat
1 72 -20 -8 0 -1 0 0 0 1 0 0 0 -1 4733.dat
0
0 FILE Day 15.ldr
0 Day 15
0 Name: Day 15.ldr
0 Author: LDraw
0 Unofficial Model
0 ROTATION CENTER 0 0 0 1 "Custom" 
0 ROTATION CONFIG 0 0
1 15 -40 16 0 1 0 0 0 1 0 0 0 1 43722.dat
1 15 0 16 0 1 0 0 0 1 0 0 0 1 43723.dat
1 15 -20 8 0 1 0 0 0 1 0 0 0 1 3794b.dat
1 40 -20 8 0 1 0 0 0 1 0 0 0 1 54200.dat
1 40 -20 8 20 -1 0 0 0 1 0 0 0 -1 54200.dat
1 15 -20 8 20 1 0 0 0 1 0 0 0 1 3794b.dat
1 25 -20 0 40 1 0 0 0 1 0 0 0 1 3794b.dat
1 19 -20 8 40 1 0 0 0 1 0 0 0 1 3023.dat
1 71 -40 16 40 -1 0 0 0 1 0 0 0 -1 99780.dat
1 72 -50 14 62 -1 0 0 0 0 -1 0 -1 0 4073.dat
1 72 10 14 62 -1 0 0 0 0 -1 0 -1 0 4073.dat
1 71 10 3 50 -1 0 0 0 0 -1 0 -1 0 30374.dat
1 71 -50 3 50 -1 0 0 0 0 -1 0 -1 0 30374.dat
1 0 -20 14 62 -1 0 0 0 0 -1 0 -1 0 2412b.dat
1 71 0 16 40 -1 0 0 0 1 0 0 0 -1 99780.dat
1 72 -20 24 20 0 0 1 0 1 0 -1 0 0 3021.dat
1 72 10 8 40 1 0 0 0 1 0 0 0 1 2555.dat
1 72 -50 8 40 1 0 0 0 1 0 0 0 1 2555.dat
1 72 -20 -4 40 -1 0 0 0 1 0 0 0 -1 30162.dat
0
0 FILE Day 16.ldr
0 Day 16
0 Name: Day 16.ldr
0 Author: LDraw
0 Unofficial Model
0 ROTATION CENTER 0 0 0 1 "Custom" 
0 ROTATION CONFIG 0 0
1 15 0 -24 0 1 0 0 0 1 0 0 0 1 30370ps3.dat
1 78 0 -24 0 1 0 0 0 1 0 0 0 1 3626bp01.dat
1 25 0 0 0 1 0 0 0 1 0 0 0 1 973pr8.dat
1 71 0 32 0 1 0 0 0 1 0 0 0 1 3815.dat
1 25 -15.552 9 0 0.985 -0.17 0 0.17 0.985 0 0 0 1 3818.dat
1 25 15.552 9 0 0.985 0.17 0 -0.17 0.985 0 0 0 1 3819.dat
1 15 -23.8634 26.5956 -10.321 0.985 -0.12019 0.12019 0.17 0.696395 -0.696395 0 0.707 0.707 3820.dat
1 15 23.8634 26.5956 -10.321 0.985 0.12019 -0.12019 -0.17 0.696395 -0.696395 0 0.707 0.707 3820.dat
1 25 0 44 0 1 0 0 0 1 0 0 0 1 3816.dat
1 25 0 44 0 1 0 0 0 1 0 0 0 1 3817.dat
0
0 FILE Day 17.ldr
0 Day 17
0 Name: Day 17.ldr
0 Author: LDraw
0 Unofficial Model
0 ROTATION CENTER 0 0 0 1 "Custom" 
0 ROTATION CONFIG 0 0
1 71 -90 16 0 0 0 -1 0 1 0 1 0 0 3021.dat
1 71 -70 -16 10 0 0 -1 0 1 0 1 0 0 30367b.dat
1 71 -70 -24 10 0 0 -1 0 1 0 1 0 0 4740.dat
1 15 -70 -16 10 0.92388 0 -0.382683 0 1 0 0.382683 0 0.92388 15391c02.dat
1 71 -50 16 0 0 0 -1 0 1 0 1 0 0 3021.dat
1 72 -70 8 10 0 0 -1 0 1 0 1 0 0 3022.dat
1 72 -40 8 10 0 0 -1 0 1 0 1 0 0 3794b.dat
1 15 -100 8 0 0 0 -1 0 1 0 1 0 0 4073.dat
1 15 -100 0 0 0 0 -1 0 1 0 1 0 0 4073.dat
1 15 -100 -8 0 0 0 -1 0 1 0 1 0 0 4073.dat
1 15 -100 16 -20 1 0 0 0 1 0 0 0 1 54200.dat
1 15 -40 16 -20 0 0 -1 0 1 0 1 0 0 54200.dat
1 15 -60 -8 -20 0 0 1 0 1 0 -1 0 0 3040b.dat
1 0 -40 8 10 0 0 1 0 1 0 -1 0 0 92738.dat
0
0 FILE Day 18.ldr
0 Day 18
0 Name: Day 18.ldr
0 Author: LDraw
0 Unofficial Model
0 ROTATION CENTER 0 0 0 1 "Custom" 
0 ROTATION CONFIG 0 0
1 72 0 -24 0 1 0 0 0 1 0 0 0 1 99930.dat
1 78 0 -24 0 1 0 0 0 1 0 0 0 1 3626bp01.dat
1 28 0 0 0 1 0 0 0 1 0 0 0 1 973.dat
1 28 0 32 0 1 0 0 0 1 0 0 0 1 3815.dat
1 28 -15.552 9 0 0.985 -0.17 0 0.17 0.985 0 0 0 1 3818.dat
1 28 15.552 9 0 0.985 0.17 0 -0.17 0.985 0 0 0 1 3819.dat
1 15 -23.8634 26.5956 -10.321 0.985 -0.12019 0.12019 0.17 0.696395 -0.696395 0 0.707 0.707 3820.dat
1 15 23.8634 26.5956 -10.321 0.985 0.12019 -0.12019 -0.17 0.696395 -0.696395 0 0.707 0.707 3820.dat
1 28 0 44 0 1 0 0 0 1 0 0 0 1 3816.dat
1 28 0 44 0 1 0 0 0 1 0 0 0 1 3817.dat
0
0 FILE Day 19.ldr
0 Day 19
0 Name: Day 19.ldr
0 Author: LDraw
0 Unofficial Model
0 ROTATION CENTER 0 0 0 1 "Custom" 
0 ROTATION CONFIG 0 0
1 0 0 0 0 0 0 1 0 1 0 -1 0 0 99781.dat
1 0 10 16 0 0 0 -1 0 1 0 1 0 0 3176.dat
1 0 20 -16 0 1 0 0 0 1 0 0 0 1 92738.dat
1 72 20 0 10 -1 0 0 0 1 0 0 0 -1 4081b.dat
1 72 20 0 -10 1 0 0 0 1 0 0 0 1 4081b.dat
1 70 0 -8 0 1 0 0 0 1 0 0 0 1 3021.dat
1 70 10 8 0 1 0 0 0 1 0 0 0 1 3022.dat
1 70 20 -16 0 0 0 -1 0 1 0 1 0 0 3794b.dat
1 4 42 -8 0 0 -1 0 -1 0 0 0 0 -1 3794b.dat
1 15 50 -8 0 0 -1 0 -1 0 0 0 0 -1 3024.dat
1 28 20 -16 0 0 0 1 0 1 0 -1 0 0 92590.dat
1 70 -38 10 10 0 1 0 0 0 -1 -1 0 0 4589.dat
1 70 -38 10 -10 0 1 0 0 0 -1 -1 0 0 4589.dat
1 70 -88 5.758 14.242 0 0 1 0.707107 -0.707107 0 0.707107 0.707107 0 2555.dat
1 70 -88 5.758 -14.242 0 0 1 -0.707107 -0.707107 0 0.707107 -0.707107 0 2555.dat
1 0 -15 10 -10 0 -1 0 -0.707107 0 -0.707107 0.707107 0 -0.707107 30374.dat
1 0 -15 10 10 0 -1 0 0 0 1 -1 0 0 30374.dat
0
0 FILE Day 20.ldr
0 Day 20
0 Name: Day 20.ldr
0 Author: LDraw
0 Unofficial Model
0 ROTATION CENTER 0 0 0 1 "Custom" 
0 ROTATION CONFIG 0 0
1 15 0 -16 0 0 0 -1 0 1 0 1 0 0 99781.dat
1 15 -30 -6 -30 0 1 0 0.707107 0 0.707107 0.707107 0 -0.707107 44676.dat
1 15 -30 -6 30 0 1 0 -0.707107 0 0.707107 0.707107 0 0.707107 44676.dat
1 41 22 -6 0 0 -1 0 0 0 -1 1 0 0 2412b.dat
1 0 -10 -8 -10 1 0 0 0 1 0 0 0 1 2540.dat
1 0 -10 -8 10 -1 0 0 0 1 0 0 0 -1 2540.dat
1 15 -20 -16 0 0 0 1 0 1 0 -1 0 0 2540.dat
1 15 -59.243 -8.194 0 0 0.382683 -0.92388 0 0.92388 0.382683 1 0 0 61252.dat
1 40 -59.243 -8.194 0 0 0.382683 0.92388 0 0.92388 -0.382683 -1 0 0 54200.dat
1 15 -20 -24 0 0 0 1 0 1 0 -1 0 0 44661.dat
1 15 -10 0 0 0 0 1 0 1 0 -1 0 0 2654.dat
0
0 FILE Day 21.ldr
0 Day 21
0 Name: Day 21.ldr
0 Author: LDraw
0 Unofficial Model
0 ROTATION CENTER 0 0 0 1 "Custom" 
0 ROTATION CONFIG 0 0
1 72 18 24 0 -1 0 0 0 0 1 0 1 0 4073.dat
1 72 46 24 0 -1 0 0 0 0 1 0 1 0 4073.dat
1 72 74 24 0 -1 0 0 0 0 1 0 1 0 4073.dat
1 72 28 24 -14 0 1 0 0 0 -1 -1 0 0 4073.dat
1 72 64 24 -14 0 -1 0 0 0 1 -1 0 0 4073.dat
1 57 74 24 48 1 0 0 0 0 1 0 -1 0 4073.dat
1 57 18 24 48 1 0 0 0 0 1 0 -1 0 4073.dat
1 15 18 24 -32 -1 0 0 0 0 1 0 1 0 4073.dat
1 15 74 24 -32 -1 0 0 0 0 1 0 1 0 4073.dat
1 15 46 10 -38 -1 0 0 0 1 0 0 0 -1 4073.dat
1 71 46 24 -24 0 0 -1 -1 0 0 0 1 0 47905.dat
1 71 74 24 8 -0.707107 0 0.707107 0.707107 0 0.707107 0 1 0 577b.dat
1 71 18 24 8 -0.707107 0 0.707107 0.707107 0 0.707107 0 1 0 577b.dat
1 14 18 24 -24 0 0 1 1 0 0 0 1 0 4070.dat
1 14 74 24 -24 0 0 -1 -1 0 0 0 1 0 4070.dat
1 14 46 24 -48 -1 0 0 0 0 1 0 1 0 4070.dat
1 14 46 24 -80 -1 0 0 0 0 1 0 1 0 3024.dat
1 15 46 24 -72 -1 0 0 0 0 1 0 1 0 4070.dat
1 15 46 24 -80 1 0 0 0 0 -1 0 1 0 54200.dat
1 40 46 18 -62 1 0 0 0 1 0 0 0 1 54200.dat
0
0 FILE Day 22.ldr
0 Day 22
0 Name: Day 22.ldr
0 Author: LDraw
0 Unofficial Model
0 ROTATION CENTER 0 0 0 1 "Custom" 
0 ROTATION CONFIG 0 0
1 288 -20 -14 0 1 0 0 0 1 0 0 0 1 30361dps1.dat
1 288 0 -14 0 0 0 1 0 1 0 -1 0 0 30362.dat
1 288 -40 -14 0 0 0 -1 0 1 0 1 0 0 30362.dat
1 288 -20 -72 0 1 0 0 0 1 0 0 0 1 3942b.dat
1 46 -20 -88 0 1 0 0 0 1 0 0 0 1 4073.dat
1 47 -20 -96 0 0.707107 0 -0.707107 0 1 0 0.707107 0 0.707107 3024.dat
1 47 -20 -80 0 0.707107 0 -0.707107 0 1 0 0.707107 0 0.707107 3024.dat
0
0 FILE Day 23.ldr
0 Day 23
0 Name: Day 23.ldr
0 Author: LDraw
0 Unofficial Model
0 ROTATION CENTER 0 0 0 1 "Custom" 
0 ROTATION CONFIG 0 0
1 72 -60 8 0 1 0 0 0 1 0 0 0 1 3022.dat
1 72 -20 8 0 1 0 0 0 1 0 0 0 1 3022.dat
1 72 -60 -56 0 1 0 0 0 1 0 0 0 1 3022.dat
1 47 -70 -64 -10 1 0 0 0 1 0 0 0 1 3024.dat
1 47 -70 -80 -10 1 0 0 0 1 0 0 0 1 3024.dat
1 33 -70 -72 -10 1 0 0 0 1 0 0 0 1 4073.dat
1 72 -20 -56 0 1 0 0 0 1 0 0 0 1 3022.dat
1 72 -40 -48 10 1 0 0 0 1 0 0 0 1 3710.dat
1 0 -40 0 -10 1 0 0 0 1 0 0 0 1 92593.dat
1 0 -40 0 10 1 0 0 0 1 0 0 0 1 2412b.dat
1 15 -40 -70 -4 1 0 0 0 0 -1 0 1 0 2412b.dat
1 0 -10 -16 10 0 0 1 0 1 0 -1 0 0 4070.dat
1 0 -70 -16 10 0 0 -1 0 1 0 1 0 0 4070.dat
1 57 -64 -6 10 0 -1 0 0 0 -1 1 0 0 64647.dat
1 43 -90 -72 10 0 0 -1 0 -1 0 -1 0 0 577bc01.dat
1 36 10 -72 10 0 0 -1 0 -1 0 -1 0 0 577bc01.dat
1 71 -50 -80 10 1 0 0 0 1 0 0 0 1 4070.dat
1 71 -30 -80 10 1 0 0 0 1 0 0 0 1 4070.dat
1 0 -70 -40 10 0 0 -1 0 1 0 1 0 0 3005.dat
1 0 -10 -40 10 0 0 -1 0 1 0 1 0 0 3005.dat
1 0 -10 -64 10 0 0 -1 0 1 0 1 0 0 4085d.dat
1 0 -10 -64 10 0 0 -1 0 1 0 1 0 0 54200.dat
1 0 -70 -64 10 0 0 1 0 1 0 -1 0 0 54200.dat
1 0 -70 -64 10 0 0 1 0 1 0 -1 0 0 4085d.dat
0
0 FILE Day 24.ldr
0 Day 24
0 Name: Day 24.ldr
0 Author: LDraw
0 Unofficial Model
0 ROTATION CENTER 0 0 0 1 "Custom" 
0 ROTATION CONFIG 0 0
1 0 0 -26 0 1 0 0 0 1 0 0 0 1 30368.dat
1 71 0 -26 0 1 0 0 0 1 0 0 0 1 3626bps7.dat
1 4 0 -2 0 1 0 0 0 1 0 0 0 1 522.dat
1 4 0 0 0 1 0 0 0 1 0 0 0 1 973pra.dat
1 0 0 32 0 1 0 0 0 1 0 0 0 1 3815.dat
1 84 33 72 -20 -0.382683 0 0.92388 0 1 0 -0.92388 0 -0.382683 10169.dat
1 4 -15.552 9 0 0.985 -0.17 0 0.17 0.985 0 0 0 1 3818.dat
1 4 15.552 9 0 0.985 0.17 0 -0.17 0.985 0 0 0 1 3819.dat
1 15 -23.8634 26.5956 -10.321 0.985 -0.12019 0.12019 0.17 0.696395 -0.696395 0 0.707 0.707 3820.dat
1 15 23.8634 26.5956 -10.321 0.985 0.12019 -0.12019 -0.17 0.696395 -0.696395 0 0.707 0.707 3820.dat
1 0 0 44 0 1 0 0 0 1 0 0 0 1 3816.dat
1 0 0 44 0 1 0 0 0 1 0 0 0 1 3817.dat
0 
0
0
