0 FILE Ahsokas JSF and Vulture.ldr
0 Ahsokas JSF and Vulture
0 Name: Ahsokas JSF and Vulture.ldr
0 Author: LDraw
0 Unofficial Model
0 ROTATION CENTER 0 0 0 1 "Custom" 
0 ROTATION CONFIG 0 0
1 0 -480.383 -8 206.941 0 0 1 0 1 0 -1 0 0 Ahsoka Tano.ldr
1 0 -501.383 32 20.941 0 0 1 0 1 0 -1 0 0 Astromech.ldr
1 0 -386.383 88 582.941 0 0 1 0 1 0 -1 0 0 Buzz Droid.ldr
1 0 -484.383 88 396.941 0 0 1 0 1 0 -1 0 0 Buzz Droid.ldr
1 0 -6722.24 -18041.7 -70.059 -0.92388 0.382683 0 0.382683 0.92388 0 0 0 -1 Part 3.ldr
1 0 -148.721 -356.365 439.662 0.997103 0.0205981 0.0732233 0.0205981 0.853553 -0.520598 -0.0732233 0.520598 0.850656 Part 1.ldr
0
0 FILE Ahsoka Tano.ldr
0 Ahsoka Tano
0 Name: Ahsoka Tano.ldr
0 Author: LDraw
0 Unofficial Model
0 ROTATION CENTER 0 0 0 1 "Custom" 
0 ROTATION CONFIG 0 0
1 15 0 -24 0 1 0 0 0 1 0 0 0 1 93249.dat
1 25 0 -24 0 1 0 0 0 1 0 0 0 1 3626bp01.dat
1 25 0 0 0 1 0 0 0 1 0 0 0 1 973.dat
1 70 0 32 0 1 0 0 0 1 0 0 0 1 3815.dat
1 25 -15.552 9 0 0.985 -0.17 0 0.17 0.985 0 0 0 1 3818.dat
1 25 15.552 9 0 0.985 0.17 0 -0.17 0.985 0 0 0 1 3819.dat
1 70 -23.8634 26.5956 -10.321 0.985 -0.12019 0.12019 0.17 0.696395 -0.696395 0 0.707 0.707 3820.dat
1 70 23.8634 26.5956 -10.321 0.985 0.12019 -0.12019 -0.17 0.696395 -0.696395 0 0.707 0.707 3820.dat
1 42 -23.1951 22.7236 -33.8217 0.985 -0.0874983 0.14567 0.17 0.506976 -0.844031 0 0.856884 0.514696 577bc01.dat
1 70 0 44 0 1 0 0 0 1 0 0 0 1 3816.dat
1 70 0 44 0 1 0 0 0 1 0 0 0 1 3817.dat
0
0 FILE Astromech.ldr
0 Astromech
0 Name: Astromech.ldr
0 Author: LDraw
0 Unofficial Model
0 ROTATION CENTER 0 0 0 1 "Custom" 
0 ROTATION CONFIG 0 0
1 320 -60 -16 0 0 0 -1 0 1 0 1 0 0 30362.dat
1 320 -20 -16 0 0 0 1 0 1 0 -1 0 0 30362.dat
1 320 -40 -16 0 1 0 0 0 1 0 0 0 1 30361dps4.dat
1 15 -40 -50 0 1 0 0 0 1 0 0 0 1 30367bps7.dat
0
0 FILE Buzz Droid.ldr
0 Buzz Droid
0 Name: Buzz Droid.ldr
0 Author: LDraw
0 Unofficial Model
0 ROTATION CENTER 0 0 0 1 "Custom" 
0 ROTATION CONFIG 0 0
0 MLCAD BTG Group name
1 72 -4.862 -123.409 14.872 0 0.833886 0.551937 -0.350207 0.516984 -0.781078 -0.936672 -0.193292 0.292033 30367b.dat
0 MLCAD BTG Group name
1 72 85 -123.593 14.938 0 -0.829038 0.559193 -0.350207 0.52378 0.776536 -0.936672 -0.195833 -0.290335 30367b.dat
0 MLCAD BTG Group name
1 71 40 -89.434 21.131 1 0 0 0 0.350207 -0.936672 0 0.936672 0.350207 2540.dat
0 MLCAD BTG Group name
1 71 40 -92.675 -16.092 -1 0 0 0 -0.350207 -0.936672 0 -0.936672 0.350207 60897.dat
0 MLCAD BTG Group name
1 71 40.167 -95.491 4.432 0 -0.551937 0.833886 -0.350207 0.781078 0.516984 -0.936672 -0.292033 -0.193292 32015.dat
0 MLCAD BTG Group name
1 4 15.15 -111.002 10.233 0.833886 -0.551937 0 0.516984 0.781078 0.350207 -0.193292 -0.292033 0.936672 32062.dat
0 MLCAD BTG Group name
1 4 65.318 -110.919 10.202 0.829038 0.559193 0 -0.52378 0.776536 0.350207 0.195833 -0.290335 0.936672 32062.dat
0 MLCAD BTG Group name
1 72 40 -92.235 13.638 1 0 0 0 0.350207 -0.936672 0 0.936672 0.350207 3794a.dat
0 MLCAD BTG Group name
1 72 40 -99.24 -5.097 0 0 -1 0.936672 -0.350207 0 -0.350207 -0.936672 0 3794a.dat
0 MLCAD BTG Group name
1 72 40 -67.36 -51.18 1 0 0 0 -0.700909 -0.71325 0 0.71325 -0.700909 30194.dat
0 GROUP 10 Group name
1 72 40 -32.273 15.801 1 0 0 0 1 0 0 0 1 30376.dat
1 36 40 -111.5 -9.199 1 0 0 0 -0.350207 0.936672 0 -0.936672 -0.350207 4073.dat
1 36 40 -95.567 -23.697 1 0 0 0 -0.350207 0.936672 0 -0.936672 -0.350207 4073.dat
0
0 FILE Part 1.ldr
0 Part 1
0 Name: Part 1.ldr
0 Author: LDraw
0 Unofficial Model
0 ROTATION CENTER 0 0 0 1 "Custom" 
0 ROTATION CONFIG 0 0
1 0 -20 8 0 1 0 0 0 1 0 0 0 1 3034.dat
1 0 -20 -48 60 -1 0 0 0 1 0 0 0 -1 3022.dat
1 272 -20 -56 100 -1 0 0 0 1 0 0 0 -1 47753.dat
1 272 -20 -56 20 1 0 0 0 1 0 0 0 1 47753.dat
1 0 -60 -16 -60 1 0 0 0 1 0 0 0 1 4150.dat
1 0 20 -16 -60 1 0 0 0 1 0 0 0 1 4150.dat
1 0 -36 -22 70 1 0 0 0 0.48481 0.87462 0 -0.87462 0.48481 30377.dat
1 0 -90 10 -76 0 -0.275637 0.961262 0 0.961262 0.275637 -1 0 0 30377.dat
1 0 -90 10 -44 0 -0.275637 0.961262 0 0.961262 0.275637 -1 0 0 30377.dat
1 0 -90 -6 -44 0 -0.275637 0.961262 0 -0.961262 -0.275637 1 0 0 30377.dat
1 0 -90 -6 -76 0 -0.275637 0.961262 0 -0.961262 -0.275637 1 0 0 30377.dat
1 0 50 10 -44 0 0.275637 -0.961262 0 0.961262 0.275637 1 0 0 30377.dat
1 0 50 10 -76 0 0.275637 -0.961262 0 0.961262 0.275637 1 0 0 30377.dat
1 0 50 -6 -76 0 0.275637 -0.961262 0 -0.961262 -0.275637 -1 0 0 30377.dat
1 0 50 -6 -44 0 0.275637 -0.961262 0 -0.961262 -0.275637 -1 0 0 30377.dat
1 0 -4 -22 70 1 0 0 0 0.48481 0.87462 0 -0.87462 0.48481 30377.dat
1 0 -50 -8 -60 0 0 -1 0 1 0 1 0 0 30364.dat
1 0 10 -8 -60 0 0 -1 0 1 0 1 0 0 30364.dat
1 0 -70 -8 -60 0 0 1 0 1 0 -1 0 0 2540.dat
1 0 -70 8 -60 0 0 1 0 1 0 -1 0 0 2540.dat
1 0 30 -8 -60 0 0 -1 0 1 0 1 0 0 2540.dat
1 0 30 8 -60 0 0 -1 0 1 0 1 0 0 2540.dat
1 72 -20 16 0 1 0 0 0 1 0 0 0 1 3020.dat
1 72 -20 -40 60 0 0 1 0 1 0 -1 0 0 3020.dat
1 72 -20 0 10 1 0 0 0 1 0 0 0 1 3023.dat
1 72 -20 -16 -10 1 0 0 0 1 0 0 0 1 3747b.dat
1 72 106 -60 -90 0 -1 0 0 0 -1 1 0 0 Part 2.ldr
1 72 106 63 -30 0 -1 0 0 0 1 -1 0 0 Part 2.ldr
1 72 -146 -60 -30 0 1 0 0 0 -1 -1 0 0 Part 2.ldr
1 72 -146 63 -90 0 1 0 0 0 1 1 0 0 Part 2.ldr
1 19 -20 -24 10 -1 0 0 0 1 0 0 0 -1 30236.dat
1 72 -100 -16 10 1 0 0 0 1 0 0 0 1 32000.dat
1 72 60 -16 10 1 0 0 0 1 0 0 0 1 32000.dat
1 71 70 -6 0 0 0 1 0 1 0 -1 0 0 61184.dat
1 71 -110 -6 0 0 0 1 0 1 0 -1 0 0 61184.dat
1 36 -110 -6 -24 0 0 1 1 0 0 0 1 0 4589.dat
1 36 70 -6 -24 0 0 1 1 0 0 0 1 0 4589.dat
1 72 -50 -32 20 0 0 -1 0 1 0 1 0 0 3710.dat
1 72 10 -32 20 0 0 -1 0 1 0 1 0 0 3710.dat
1 72 -70 0 -60 0 0 -1 0 1 0 1 0 0 3023.dat
1 72 30 0 -60 0 0 -1 0 1 0 1 0 0 3023.dat
0 MLCAD BTG Group name
1 72 -20 -24 110 1 0 0 0 1 0 0 0 1 3023.dat
1 72 -60 16 -60 0 0 -1 0 1 0 1 0 0 2654.dat
1 72 20 16 -60 0 0 -1 0 1 0 1 0 0 2654.dat
0 MLCAD BTG Group name
1 0 -20 -24 90 1 0 0 0 1 0 0 0 1 2540.dat
0 MLCAD BTG Group name
1 72 -20 -16 100 1 0 0 0 1 0 0 0 1 2654.dat
0 MLCAD BTG Group name
1 0 -20 -32 100 1 0 0 0 1 0 0 0 1 3680.dat
0 MLCAD BTG Group name
1 71 -20 -32 100 1 0 0 0 1 0 0 0 1 3679.dat
0 GROUP 5 Group name
1 72 70 -16 10 0 0 -1 0 1 0 1 0 0 54200.dat
1 72 -110 -16 10 0 0 1 0 1 0 -1 0 0 54200.dat
1 272 -90 -16 -10 1 0 0 0 1 0 0 0 1 3062b.dat
1 272 50 -16 -10 1 0 0 0 1 0 0 0 1 3062b.dat
1 272 30 -24 30 0 0 -1 0 1 0 1 0 0 2450.dat
1 272 20 -24 -40 1 0 0 0 1 0 0 0 1 30565.dat
1 272 -60 -24 -40 0 0 1 0 1 0 -1 0 0 30565.dat
1 272 -20 -32 0 0 0 1 0 1 0 -1 0 0 3068b.dat
1 272 -80 -32 0 0 0 1 0 1 0 -1 0 0 3068b.dat
1 272 40 -32 0 0 0 1 0 1 0 -1 0 0 3068b.dat
1 272 -70 -24 30 -1 0 0 0 1 0 0 0 -1 2450.dat
1 72 -50 -8 0 0 0 -1 0 1 0 1 0 0 3023.dat
1 72 -50 -16 0 0 0 -1 0 1 0 1 0 0 3023.dat
1 72 10 -8 0 0 0 -1 0 1 0 1 0 0 3023.dat
1 72 10 -16 0 0 0 -1 0 1 0 1 0 0 3023.dat
1 71 -50 0 0 0 0 1 0 1 0 -1 0 0 44302.dat
1 71 10 0 0 0 0 1 0 1 0 -1 0 0 44302.dat
1 71 30 -16 0 0 0 1 0 1 0 -1 0 0 3004.dat
1 71 -70 -16 0 0 0 1 0 1 0 -1 0 0 3004.dat
0
0 FILE Part 2.ldr
0 Part 2
0 Name: Part 2.ldr
0 Author: LDraw
0 Unofficial Model
0 ROTATION CENTER 0 0 0 1 "Custom" 
0 ROTATION CONFIG 0 0
1 72 30 40 0 1 0 0 0 1 0 0 0 1 3710.dat
1 72 30 0 -20 1 0 0 0 1 0 0 0 1 6636.dat
1 272 30 8 -20 -1 0 0 0 1 0 0 0 -1 30382.dat
1 0 30 32 0 1 0 0 0 1 0 0 0 1 2540.dat
1 72 0 32 -10 0 0 -1 0 1 0 1 0 0 3023.dat
1 72 60 32 -10 0 0 -1 0 1 0 1 0 0 3023.dat
1 72 60 24 -20 0 0 -1 0 1 0 1 0 0 4073.dat
1 72 0 24 -20 0 0 -1 0 1 0 1 0 0 4073.dat
0
0 FILE Part 3.ldr
0 Part 3
0 Name: Part 3.ldr
0 Author: LDraw
0 Unofficial Model
0 ROTATION CENTER 0 0 0 1 "Custom" 
0 ROTATION CONFIG 0 0
1 71 980 19000 80 0 0 -1 0 1 0 1 0 0 3035.dat
1 71 980 18968 0 0 0 -1 0 1 0 1 0 0 3035.dat
1 71 1010 18960 20 0 0 -1 0 1 0 1 0 0 44568.dat
1 71 950 18960 20 0 0 1 0 1 0 -1 0 0 44568.dat
1 4 950 18960 -140 0 0 1 0 1 0 -1 0 0 60479.dat
1 4 972.476 18881.6 -160 0.92388 0.382683 0 -0.382683 0.92388 0 0 0 1 Part 6.ldr
1 4 1061.43 18912.2 -160 0.92388 -0.382683 0 0.382683 0.92388 0 0 0 1 Part 5.ldr
1 4 1010 18960 -140 0 0 1 0 1 0 -1 0 0 60479.dat
1 0 980 18952 -60 0 0 1 0 1 0 -1 0 0 3022.dat
1 71 980 18944 -70 0 0 1 0 1 0 -1 0 0 3021.dat
1 0 980 18952 140 0 0 -1 0 1 0 1 0 0 3022.dat
1 71 980 18944 150 0 0 -1 0 1 0 1 0 0 3021.dat
1 320 940 18928 110 0 0 -1 0 1 0 1 0 0 3021.dat
1 320 1030 18896 120 0 0 -1 0 1 0 1 0 0 6191.dat
1 320 1010 18912 40 0 0 -1 0 1 0 1 0 0 3037.dat
1 320 950 18912 40 0 0 1 0 1 0 -1 0 0 3037.dat
1 320 990 18912 -50 1 0 0 0 1 0 0 0 1 42061.dat
1 320 970 18912 -50 1 0 0 0 1 0 0 0 1 42060.dat
1 15 950 18912 -20 0 0 1 0 1 0 -1 0 0 3039.dat
1 15 1010 18912 -20 0 0 -1 0 1 0 1 0 0 3039.dat
1 320 930 18896 120 0 0 1 0 1 0 -1 0 0 6191.dat
1 0 980 18912 50 -1 0 0 0 1 0 0 0 -1 3039pc5.dat
1 320 1020 18928 110 0 0 -1 0 1 0 1 0 0 3021.dat
1 0 980 18936 -120 0 0 1 0 1 0 -1 0 0 3034.dat
1 72 950 18976 100 0 0 -1 0 1 0 1 0 0 3009.dat
1 72 950 18920 130 0 0 -1 0 1 0 1 0 0 4073.dat
1 72 950 18912 130 0 0 -1 0 1 0 1 0 0 4073.dat
1 72 1010 18920 130 0 0 -1 0 1 0 1 0 0 4073.dat
1 72 1010 18912 130 0 0 -1 0 1 0 1 0 0 4073.dat
1 72 1010 18904 150 -1 0 0 0 1 0 0 0 -1 2420.dat
1 72 950 18904 150 0 0 1 0 1 0 -1 0 0 2420.dat
1 72 950 18936 -40 0 0 -1 0 1 0 1 0 0 3008.dat
1 72 1010 18936 -40 0 0 -1 0 1 0 1 0 0 3008.dat
1 72 950 18976 10 1 0 0 0 1 0 0 0 1 3665.dat
1 72 1010 18976 10 1 0 0 0 1 0 0 0 1 3665.dat
1 0 1010 18976 30 0 0 -1 0 1 0 1 0 0 60477.dat
1 0 950 18976 30 0 0 1 0 1 0 -1 0 0 60477.dat
1 72 1010 18976 100 0 0 -1 0 1 0 1 0 0 3009.dat
1 72 980 18968 140 -1 0 0 0 1 0 0 0 -1 3020.dat
1 72 980 18960 100 -1 0 0 0 1 0 0 0 -1 3031.dat
1 72 980 18944 -220 0 0 1 0 1 0 -1 0 0 3020.dat
1 72 980 18952 -210 -1 0 0 0 1 0 0 0 -1 3710.dat
1 72 980 18936 150 -1 0 0 0 1 0 0 0 -1 3710.dat
1 72 1010 18952 -160 0 0 1 0 1 0 -1 0 0 3710.dat
1 72 950 18952 -160 0 0 1 0 1 0 -1 0 0 3710.dat
1 320 950 18944 -160 0 0 1 0 1 0 -1 0 0 3710.dat
1 320 980 18904 50 1 0 0 0 1 0 0 0 1 3710.dat
1 40 980 18904 100 1 0 0 0 1 0 0 0 1 41883.dat
1 320 950 18904 70 1 0 0 0 1 0 0 0 1 3024.dat
1 320 1010 18904 70 1 0 0 0 1 0 0 0 1 3024.dat
1 320 970 18936 -240 0 0 1 0 1 0 -1 0 0 3710.dat
1 320 990 18936 -240 0 0 1 0 1 0 -1 0 0 3710.dat
1 320 980 18936 -290 1 0 0 0 1 0 0 0 1 3794a.dat
1 320 980 18936 -320 1 0 0 0 1 0 0 0 1 3068b.dat
1 15 980 18904 -100 1 0 0 0 1 0 0 0 1 3068b.dat
1 15 980 18904 -60 1 0 0 0 1 0 0 0 1 43719.dat
1 15 980 18928 -290 1 0 0 0 1 0 0 0 1 3070b.dat
1 15 950 18904 20 0 0 -1 0 1 0 1 0 0 3069b.dat
1 15 1010 18904 20 0 0 -1 0 1 0 1 0 0 3069b.dat
1 320 1010 18944 -160 0 0 1 0 1 0 -1 0 0 3710.dat
1 320 1010 18936 -180 0 0 1 0 1 0 -1 0 0 3666.dat
1 320 950 18936 -180 0 0 1 0 1 0 -1 0 0 3666.dat
1 320 950 18944 -240 0 0 1 0 1 0 -1 0 0 3710.dat
1 320 1010 18944 -240 0 0 1 0 1 0 -1 0 0 3710.dat
1 320 970 18944 -300 0 0 1 0 1 0 -1 0 0 3710.dat
1 320 990 18944 -300 0 0 1 0 1 0 -1 0 0 3710.dat
1 320 1010 18952 -280 1 0 0 0 1 0 0 0 1 54384.dat
1 320 950 18952 -280 1 0 0 0 1 0 0 0 1 54383.dat
1 72 980 18960 -50 -1 0 0 0 1 0 0 0 -1 3023.dat
1 72 980 18960 50 -1 0 0 0 1 0 0 0 -1 3023.dat
1 15 980 18936 50 -1 0 0 0 1 0 0 0 -1 3010.dat
1 15 980 18912 150 -1 0 0 0 1 0 0 0 -1 30237.dat
1 0 980 18856 170 -1 0 0 0 1 0 0 0 -1 30374.dat
1 71 950 18912 180 0 0 1 0 1 0 -1 0 0 6232.dat
1 71 1010 18912 180 0 0 1 0 1 0 -1 0 0 6232.dat
1 15 1010 18936 100 0 0 1 0 1 0 -1 0 0 3010.dat
1 15 950 18936 100 0 0 1 0 1 0 -1 0 0 3010.dat
1 15 950 18912 150 1 0 0 0 1 0 0 0 1 6541.dat
1 15 1010 18912 150 1 0 0 0 1 0 0 0 1 6541.dat
1 15 980 18944 150 -1 0 0 0 1 0 0 0 -1 4855.dat
1 4 980 18960 -70 1 0 0 0 1 0 0 0 1 60471.dat
1 320 980 18968 110 -1 0 0 0 1 0 0 0 -1 3710.dat
1 0 1000 18968 90 1 0 0 0 1 0 0 0 1 44302.dat
1 0 960 18968 90 -1 0 0 0 1 0 0 0 -1 44302.dat
1 0 980 18950 -120 0 0 -1 0 1 0 1 0 0 30386.dat
1 72 980 18957.9 -170.774 0 0 -1 0.382683 0.92388 0 0.92388 -0.382683 0 44300.dat
1 0 898.457 18972.2 90 0.92388 0.382683 0 -0.382683 0.92388 0 0 0 1 30386.dat
1 72 854.567 18999 90 1 0 0 0 1 0 0 0 1 44300.dat
1 0 1061.54 18972.2 90 -0.92388 -0.382683 0 -0.382683 0.92388 0 0 0 -1 30386.dat
1 72 1105.43 18999 90 -1 0 0 0 1 0 0 0 -1 44300.dat
1 15 970 18992 80 0 0 -1 0 1 0 1 0 0 4162.dat
1 15 970 18960 0 0 0 -1 0 1 0 1 0 0 2431.dat
1 15 990 18960 0 0 0 -1 0 1 0 1 0 0 2431.dat
1 15 980 18936 170 -1 0 0 0 1 0 0 0 -1 2431.dat
1 15 980 18840 170 1 0 0 0 1 0 0 0 1 2525.dat
1 15 950 18912 240 -1 0 0 0 1 0 0 0 -1 41768.dat
1 15 1010 18912 240 -1 0 0 0 1 0 0 0 -1 41769.dat
1 15 1000 18888 180 -1 0 0 0 1 0 0 0 -1 41747.dat
1 15 960 18888 180 -1 0 0 0 1 0 0 0 -1 41748.dat
1 15 990 18992 80 0 0 -1 0 1 0 1 0 0 4162.dat
1 15 980 18960 100 0 0 -1 0 1 0 1 0 0 Part 4.ldr
0
0 FILE Part 4.ldr
0 Part 4
0 Name: Part 4.ldr
0 Author: LDraw
0 Unofficial Model
0 ROTATION CENTER 0 0 0 1 "Custom" 
0 ROTATION CONFIG 0 0
1 0 -40 24 0 1 0 0 0 1 0 0 0 1 3034.dat
1 0 -140 24 0 0 0 -1 0 1 0 1 0 0 3034.dat
1 72 20 16 10 1 0 0 0 1 0 0 0 1 6636.dat
1 320 -140 16 60 1 0 0 0 1 0 0 0 1 3068b.dat
1 320 -140 16 -60 1 0 0 0 1 0 0 0 1 3068b.dat
1 72 20 16 -10 1 0 0 0 1 0 0 0 1 6636.dat
1 72 -100 16 10 1 0 0 0 1 0 0 0 1 6636.dat
1 72 -120 32 0 1 0 0 0 1 0 0 0 1 2654.dat
1 72 -100 16 -10 1 0 0 0 1 0 0 0 1 6636.dat
1 0 60 24 0 0 0 -1 0 1 0 1 0 0 3176.dat
0
0 FILE Part 5.ldr
0 Part 5
0 Name: Part 5.ldr
0 Author: LDraw
0 Unofficial Model
0 ROTATION CENTER 0 0 0 1 "Custom" 
0 ROTATION CONFIG 0 0
1 320 10 40 0 1 0 0 0 1 0 0 0 1 54384.dat
1 320 40 40 180 1 0 0 0 1 0 0 0 1 30355.dat
1 15 80 32 210 1 0 0 0 1 0 0 0 1 43723.dat
1 15 40 32 170 1 0 0 0 1 0 0 0 1 43723.dat
1 15 20 32 110 -1 0 0 0 1 0 0 0 -1 43723.dat
1 15 10 32 60 0 0 1 0 1 0 -1 0 0 30383.dat
1 0 10 26 40 -1 0 0 0 1 0 0 0 -1 30553.dat
1 0 20 56 60 0 0 1 0 1 0 -1 0 0 2817.dat
1 15 80 32 270 -1 0 0 0 1 0 0 0 -1 43722.dat
1 72 0 48 -20 1 0 0 0 1 0 0 0 1 41770.dat
1 72 30 48 60 0 0 -1 0 1 0 1 0 0 3023.dat
1 72 40 48 180 0 0 -1 0 1 0 1 0 0 3020.dat
1 72 50 32 280 0 0 -1 0 1 0 1 0 0 2412b.dat
1 72 30 32 280 0 0 -1 0 1 0 1 0 0 2412b.dat
1 15 10 32 280 0 0 -1 0 1 0 1 0 0 3069b.dat
1 15 50 32 240 0 0 -1 0 1 0 1 0 0 3069b.dat
1 15 40 32 210 -1 0 0 0 1 0 0 0 -1 3069b.dat
1 320 20 32 240 -1 0 0 0 1 0 0 0 -1 3068b.dat
1 71 10 48 120 0 0 -1 0 1 0 1 0 0 4477.dat
1 71 40 48 310 0 0 -1 0 1 0 1 0 0 54384.dat
1 71 20 56 180 0 0 -1 0 1 0 1 0 0 44570.dat
1 71 20 80 300 -1 0 0 0 1 0 0 0 -1 u9017.dat
1 71 20 66 40 0 0 1 0 1 0 -1 0 0 61184.dat
1 43 20 66 16 0 0 1 1 0 0 0 1 0 4589.dat
1 36 -10 56 290 0 0 -1 0 1 0 1 0 0 4073.dat
0
0 FILE Part 6.ldr
0 Part 6
0 Name: Part 6.ldr
0 Author: LDraw
0 Unofficial Model
0 ROTATION CENTER 0 0 0 1 "Custom" 
0 ROTATION CONFIG 0 0
1 320 -90 40 0 1 0 0 0 1 0 0 0 1 54383.dat
1 320 -120 40 180 1 0 0 0 1 0 0 0 1 30356.dat
1 15 -160 32 270 -1 0 0 0 1 0 0 0 -1 43723.dat
1 15 -120 32 170 1 0 0 0 1 0 0 0 1 43722.dat
1 15 -100 24 140 1 0 0 0 1 0 0 0 1 4150ps6.dat
1 15 -100 32 110 -1 0 0 0 1 0 0 0 -1 43722.dat
1 15 -90 32 60 0 0 1 0 1 0 -1 0 0 30383.dat
1 0 -90 26 40 -1 0 0 0 1 0 0 0 -1 30553.dat
1 0 -100 56 60 0 0 1 0 1 0 -1 0 0 2817.dat
1 15 -160 32 210 1 0 0 0 1 0 0 0 1 43722.dat
1 72 -80 48 -20 1 0 0 0 1 0 0 0 1 41769.dat
1 72 -110 48 60 0 0 -1 0 1 0 1 0 0 3023.dat
1 72 -120 48 180 0 0 -1 0 1 0 1 0 0 3020.dat
1 72 -110 32 280 0 0 -1 0 1 0 1 0 0 2412b.dat
1 72 -130 32 280 0 0 -1 0 1 0 1 0 0 2412b.dat
1 15 -90 32 280 0 0 -1 0 1 0 1 0 0 3069b.dat
1 15 -130 32 240 0 0 -1 0 1 0 1 0 0 3069b.dat
1 15 -120 32 210 -1 0 0 0 1 0 0 0 -1 3069b.dat
1 320 -100 32 240 -1 0 0 0 1 0 0 0 -1 3068b.dat
1 71 -90 48 120 0 0 -1 0 1 0 1 0 0 4477.dat
1 71 -120 48 310 0 0 1 0 1 0 -1 0 0 54383.dat
1 71 -100 56 180 0 0 1 0 1 0 -1 0 0 44570.dat
1 71 -100 80 300 -1 0 0 0 1 0 0 0 -1 u9017.dat
1 71 -100 66 40 0 0 1 0 1 0 -1 0 0 61184.dat
1 43 -100 66 16 0 0 1 1 0 0 0 1 0 4589.dat
1 36 -70 56 290 0 0 -1 0 1 0 1 0 0 4073.dat
0
0
