0 FILE AT-TE.ldr
0 AT-TE
0 Name: AT-TE.ldr
0 Author: R Paluczak
0 Unofficial Model
0 ROTATION CENTER 0 0 0 1 "Custom" 
0 ROTATION CONFIG 0 0
1 0 0 40 0 1 0 0 0 1 0 0 0 1 Part 1.ldr
1 0 -450 200 -180 1 0 0 0 1 0 0 0 1 Clone Trooper.ldr
1 0 -540 184 -190 1 0 0 0 1 0 0 0 1 Battle Droid.ldr
1 0 -630 184 -200 1 0 0 0 1 0 0 0 1 Battle Droid Commander.ldr
1 0 -320 200 -170 1 0 0 0 1 0 0 0 1 Mace Windu.ldr
1 0 -230 200 -220 1 0 0 0 1 0 0 0 1 Coleman Trebor.ldr
1 0 -50 -96 50 1 0 0 0 1 0 0 0 1 Part 20.ldr
1 0 150 -120 50 1 0 0 0 1 0 0 0 1 Part 23.ldr
1 0 206.633 6 -123.347 0 -0.19509 -0.980785 -1 0 0 0 0.980785 -0.19509 Part 14.ldr
1 0 206.633 6 223.347 0 -0.19509 0.980785 -1 0 0 0 -0.980785 -0.19509 Part 13.ldr
1 0 -106.828 6 -124.327 0 0.19509 -0.980785 -1 0 0 0 0.980785 0.19509 Part 18.ldr
1 0 -106.633 6 223.347 0 0.19509 0.980785 -1 0 0 0 -0.980785 0.19509 Part 19.ldr
1 0 39 64.428 -146.371 0 1 0 -0.707107 0 0.707107 0.707107 0 0.707107 Part 10.ldr
1 0 39 64.428 243.629 0 1 0 -0.707107 0 -0.707107 -0.707107 0 0.707107 Part 11.ldr
1 0 -213 241 -40 0 0 -1 0 1 0 1 0 0 Part 5.ldr
1 0 29 224 -224 -1 0 0 0 1 0 0 0 -1 Part 5.ldr
1 0 29 224 321 -1 0 0 0 1 0 0 0 -1 Part 5.ldr
1 0 -264.29 -50.06 120 0 0.558469 -0.829525 0 0.829525 0.558469 1 0 0 Part 2.ldr
1 0 -263.915 -49.648 -20 0 0.558469 -0.829525 0 0.829525 0.558469 1 0 0 Part 3.ldr
1 0 -167.265 145.551 -80 0 0.829525 0.558469 0 0.558469 -0.829525 -1 0 0 Part 6.ldr
1 0 307 241 140 0 0 1 0 1 0 -1 0 0 Part 5.ldr
1 0 307 241 -80 0 0 1 0 1 0 -1 0 0 Part 5.ldr
1 0 261.265 145.551 180 0 -0.829525 -0.558469 0 0.558469 -0.829525 1 0 0 Part 6.ldr
1 0 261.333 145.583 0 0 -0.829525 -0.558469 0 0.558469 -0.829525 1 0 0 Part 7.ldr
1 0 -213 241 180 0 0 -1 0 1 0 1 0 0 Part 5.ldr
1 0 -167.333 145.583 100 0 0.829525 0.558469 0 0.558469 -0.829525 -1 0 0 Part 7.ldr
0
0 FILE Clone Trooper.ldr
0 Clone Trooper
0 Name: Clone Trooper.ldr
0 Author: R Paluczak
0 Unofficial Model
0 ROTATION CENTER 0 0 0 1 "Custom" 
0 ROTATION CONFIG 0 0
1 15 0 -24 0 1 0 0 0 1 0 0 0 1 30408p01.dat
1 78 0 -24 0 1 0 0 0 1 0 0 0 1 3626bp01.dat
1 15 0 0 0 1 0 0 0 1 0 0 0 1 973psu.dat
1 0 0 32 0 1 0 0 0 1 0 0 0 1 3815.dat
1 14 -15.552 9 0 0.985 -0.165643 -0.0382417 0.166733 0.897427 0.407409 -0.0331654 -0.407868 0.91242 3818.dat
1 14 15.552 9 0 0.985 0.17 0 -0.17 0.985 0 0 0 1 3819.dat
1 0 -23.387 20.765 -16.897 0.985 -0.144146 0.0900727 0.166733 0.92252 -0.346443 -0.0331654 0.356719 0.933443 3820.dat
1 0 23.8634 26.5956 -10.321 0.985 0.12019 -0.12019 -0.17 0.696395 -0.696395 0 0.707 0.707 3820.dat
1 0 -21.837 7.663 -36.736 0.985 -0.118024 0.122254 0.166733 0.811005 -0.559299 -0.0331654 0.571911 0.819114 57899.dat
1 0 -28.956 34.985 -106.304 -0.0934546 0.755733 0.647528 0.359909 0.631721 -0.685413 -0.927824 0.168928 -0.331098 32054.dat
1 15 0 44 0 1 0 0 0 1 0 0 0 1 3816.dat
1 15 0 44 0 1 0 0 0 1 0 0 0 1 3817.dat
0
0 FILE Battle Droid.ldr
0 Battle Droid
0 Name: Battle Droid.ldr
0 Author: R Paluczak
0 Unofficial Model
0 ROTATION CENTER 0 0 0 1 "Custom" 
0 ROTATION CONFIG 0 0
1 484 0 8 0 1 0 0 0 1 0 0 0 1 30378.dat
1 484 0 40 0 1 0 0 0 1 0 0 0 1 30375.dat
1 484 -16 8 0 1 0 0 0 1 0 0 0 1 59230.dat
1 484 16 8 0 1 0 0 0 1 0 0 0 1 30377.dat
1 484 0 78 0 1 0 0 0 1 0 0 0 1 30376.dat
1 0 -16 48 0 1 0 0 0 0 -1 0 1 0 58247.dat
0
0 FILE Battle Droid Commander.ldr
0 Battle Droid Commander
0 Name: Battle Droid Commander.ldr
0 Author: R Paluczak
0 Unofficial Model
0 ROTATION CENTER 0 0 0 1 "Custom" 
0 ROTATION CONFIG 0 0
1 484 0 8 0 1 0 0 0 1 0 0 0 1 30378ps1.dat
1 484 0 40 0 1 0 0 0 1 0 0 0 1 30375.dat
1 484 -16 8 0 1 0 0 0 1 0 0 0 1 59230.dat
1 484 16 8 0 1 0 0 0 1 0 0 0 1 30377.dat
1 484 0 78 0 1 0 0 0 1 0 0 0 1 30376.dat
1 0 -16 48 0 1 0 0 0 0 -1 0 1 0 58247.dat
0
0 FILE Part 1.ldr
0 Part 1
0 Name: Part 1.ldr
0 Author: R Paluczak
0 Unofficial Model
0 ROTATION CENTER 0 0 0 1 "Custom" 
0 ROTATION CONFIG 0 0
1 0 50 16 0 1 0 0 0 1 0 0 0 1 3702.dat
1 0 -120 26 -50 0 -1 0 1 0 0 0 0 1 32523.dat
1 0 220 26 -50 0 -1 0 1 0 0 0 0 1 32523.dat
1 72 200 26 -70 0 0 1 1 0 0 0 1 0 42003.dat
1 72 -100 26 -70 0 0 1 1 0 0 0 1 0 42003.dat
1 72 -90 16 20 1 0 0 0 1 0 0 0 1 32018.dat
1 72 -260 16 50 0 0 1 0 1 0 -1 0 0 2877.dat
1 72 290 -16 100 1 0 0 0 1 0 0 0 1 2877.dat
1 72 290 -16 0 -1 0 0 0 1 0 0 0 -1 2877.dat
1 71 260 -16 0 -1 0 0 0 1 0 0 0 -1 60475.dat
1 71 260 -16 100 1 0 0 0 1 0 0 0 1 60475.dat
1 71 -210 16 40 1 0 0 0 1 0 0 0 1 3700.dat
1 71 -10 16 40 1 0 0 0 1 0 0 0 1 3700.dat
1 71 110 16 40 1 0 0 0 1 0 0 0 1 3700.dat
1 71 310 16 40 1 0 0 0 1 0 0 0 1 3700.dat
1 71 -190 16 -30 1 0 0 0 1 0 0 0 1 40344.dat
1 71 50 -64 80 1 0 0 0 1 0 0 0 1 32333.dat
1 71 50 -54 100 0 -1 0 0 0 -1 1 0 0 32184.dat
1 71 50 -54 0 0 -1 0 0 0 -1 1 0 0 32184.dat
1 71 50 -25.929 -68.071 0 -1 0 -0.707107 0 -0.707107 0.707107 0 -0.707107 32184.dat
1 4 30 -33 -61 0 -1 0 -0.707107 0 -0.707107 0.707107 0 -0.707107 32062.dat
1 4 70 -33 -61 0 -1 0 -0.707107 0 -0.707107 0.707107 0 -0.707107 32062.dat
1 71 50 -25.929 168.929 0 1 0 -0.707107 0 -0.707107 -0.707107 0 0.707107 32184.dat
1 4 70 -33 161.858 0 1 0 -0.707107 0 -0.707107 -0.707107 0 0.707107 32062.dat
1 4 30 -33 161.858 0 1 0 -0.707107 0 -0.707107 -0.707107 0 0.707107 32062.dat
1 71 50 -64 20 1 0 0 0 1 0 0 0 1 32333.dat
1 71 -10 -112 0 0 0 1 0 1 0 -1 0 0 30249.dat
1 71 -20 -128 50 0 0 1 0 1 0 -1 0 0 6636.dat
1 71 120 -128 50 0 0 1 0 1 0 -1 0 0 6636.dat
1 71 -10 -112 100 0 0 1 0 1 0 -1 0 0 30249.dat
1 71 110 -112 100 0 0 -1 0 1 0 1 0 0 30249.dat
1 71 130 -8 50 0 0 -1 0 1 0 1 0 0 98138.dat
1 71 130 -16 50 0 0 -1 0 1 0 1 0 0 98138.dat
1 71 110 -112 0 0 0 -1 0 1 0 1 0 0 30249.dat
1 71 50 -120 50 0 0 -1 0 1 0 1 0 0 64799.dat
1 72 50 -120 50 -1 0 0 0 1 0 0 0 -1 92107.dat
1 72 50 -144 90 0 0 -1 0 1 0 1 0 0 6232.dat
1 72 50 -144 10 0 0 1 0 1 0 -1 0 0 6232.dat
1 0 20 -144 90 0 0 1 0 1 0 -1 0 0 76385.dat
1 0 80 -144 90 0 0 1 0 1 0 -1 0 0 76385.dat
1 0 50 -152 100 1 0 0 0 1 0 0 0 1 3743.dat
1 0 50 -152 0 1 0 0 0 1 0 0 0 1 3743.dat
1 0 -270 -176 40 1 0 0 0 1 0 0 0 1 3743.dat
1 0 -270 -176 60 1 0 0 0 1 0 0 0 1 3743.dat
1 0 50 -54 -20 1 0 0 0 0 -1 0 1 0 40490.dat
1 0 0 -76.6 60 -1 0 0 0 0 1 0 1 0 Part 8.ldr
1 0 50 -54 120 1 0 0 0 0 -1 0 1 0 40490.dat
1 0 80 -144 10 0 0 -1 0 1 0 1 0 0 76385.dat
1 0 20 -144 10 0 0 -1 0 1 0 1 0 0 76385.dat
1 0 20 -128 50 0 0 -1 0 1 0 1 0 0 32028.dat
1 0 80 -128 50 0 0 1 0 1 0 -1 0 0 32028.dat
1 0 50 -112 20 1 0 0 0 1 0 0 0 1 3245a.dat
1 0 -200 -64 50 0 0 -1 0 1 0 1 0 0 3245a.dat
1 0 50 -112 80 1 0 0 0 1 0 0 0 1 3245a.dat
1 71 -230 -8 -60 1 0 0 0 1 0 0 0 1 11211.dat
1 71 -230 -8 160 -1 0 0 0 1 0 0 0 -1 11211.dat
1 71 330 -8 -60 1 0 0 0 1 0 0 0 1 11211.dat
1 71 340 -8 140 1 0 0 0 1 0 0 0 1 3040b.dat
1 71 340 -8 -40 -1 0 0 0 1 0 0 0 -1 3040b.dat
1 71 320 8 50 -1 0 0 0 1 0 0 0 -1 93273.dat
1 71 348 50 50 0 0.131391 -0.991331 0 0.991331 0.131391 1 0 0 6020.dat
1 71 366 30 40 0 -1 0 0 0 1 -1 0 0 6091.dat
1 71 366 30 60 0 -1 0 0 0 1 -1 0 0 6091.dat
1 71 -240 -8 140 1 0 0 0 1 0 0 0 1 3040b.dat
1 71 -230 -40 160 1 0 0 0 1 0 0 0 1 4865b.dat
1 71 330 -40 160 1 0 0 0 1 0 0 0 1 4865b.dat
1 71 330 -40 -60 -1 0 0 0 1 0 0 0 -1 4865b.dat
1 71 -230 -40 -60 -1 0 0 0 1 0 0 0 -1 4865b.dat
1 71 -240 -8 -40 -1 0 0 0 1 0 0 0 -1 3040b.dat
1 71 330 -8 160 -1 0 0 0 1 0 0 0 -1 11211.dat
1 71 290 16 -30 1 0 0 0 1 0 0 0 1 40344.dat
1 72 190 16 20 1 0 0 0 1 0 0 0 1 32018.dat
1 72 290 8 50 0 0 -1 0 1 0 1 0 0 3032.dat
1 72 320 0 50 0 0 -1 0 1 0 1 0 0 44728.dat
1 72 290 40 50 0 0 -1 0 1 0 1 0 0 3032.dat
1 72 -10 40 50 0 0 -1 0 1 0 1 0 0 3020.dat
1 72 50 0 10 -1 0 0 0 1 0 0 0 -1 3020.dat
1 72 50 0 90 -1 0 0 0 1 0 0 0 -1 3020.dat
1 72 110 40 50 0 0 -1 0 1 0 1 0 0 3020.dat
1 72 210 8 50 0 0 -1 0 1 0 1 0 0 3032.dat
1 72 130 8 50 0 0 -1 0 1 0 1 0 0 3032.dat
1 72 130 0 50 0 0 -1 0 1 0 1 0 0 61780.dat
1 72 -30 8 50 0 0 -1 0 1 0 1 0 0 3032.dat
1 72 -230 -8 -78 1 0 0 0 0 -1 0 1 0 51739.dat
1 71 -230 2 -86 1 0 0 0 0 -1 0 1 0 2412b.dat
1 72 -230 -8 178 -1 0 0 0 0 -1 0 -1 0 51739.dat
1 72 330 -8 -78 1 0 0 0 0 -1 0 1 0 51739.dat
1 72 330 -8 178 -1 0 0 0 0 -1 0 -1 0 51739.dat
1 71 -230 2 186 -1 0 0 0 0 -1 0 -1 0 2412b.dat
1 0 30 -54 50 0 0 -1 0 1 0 1 0 0 3707.dat
1 0 30 -54 140 -1 0 0 0 -1 0 0 0 1 32192.dat
1 0 70 -54 140 -1 0 0 0 -1 0 0 0 1 32192.dat
1 0 70 -54 -40 1 0 0 0 -1 0 0 0 -1 32192.dat
1 0 30 -54 -40 1 0 0 0 -1 0 0 0 -1 32192.dat
1 0 70 -54 50 0 0 -1 0 1 0 1 0 0 3707.dat
1 72 340 -16 -60 0 0 -1 0 1 0 1 0 0 2420.dat
1 72 340 -16 160 -1 0 0 0 1 0 0 0 -1 2420.dat
1 72 -240 -16 160 0 0 1 0 1 0 -1 0 0 2420.dat
1 72 -240 -16 -60 1 0 0 0 1 0 0 0 1 2420.dat
1 320 -180 8 10 0 0 -1 0 1 0 1 0 0 3023.dat
1 36 -280 8 80 0 0 -1 0 1 0 1 0 0 4073.dat
1 36 300 -24 0 0 0 -1 0 1 0 1 0 0 98138.dat
1 36 300 -24 100 0 0 -1 0 1 0 1 0 0 98138.dat
1 15 270 -48 0 1 0 0 0 1 0 0 0 1 2432.dat
1 15 270 -48 100 -1 0 0 0 1 0 0 0 -1 2432.dat
1 36 -280 8 20 0 0 -1 0 1 0 1 0 0 4073.dat
1 320 -180 8 90 0 0 -1 0 1 0 1 0 0 3023.dat
1 320 342 30 50 0 -1 0 0 0 -1 1 0 0 3023.dat
1 72 350 30 50 0 -1 0 0 0 -1 1 0 0 2540.dat
1 72 366 30 50 0 -1 0 0 0 -1 1 0 0 2412b.dat
1 320 -270 -72 80 -1 0 0 0 1 0 0 0 -1 3023.dat
1 320 -270 -72 20 -1 0 0 0 1 0 0 0 -1 3023.dat
1 320 -320 -64 80 0 0 -1 0 1 0 1 0 0 3005.dat
1 320 -320 -64 20 0 0 -1 0 1 0 1 0 0 3005.dat
1 320 -160 -120 50 0 0 -1 0 1 0 1 0 0 3710.dat
1 320 -270 -168 50 0 0 -1 0 1 0 1 0 0 3020.dat
1 320 -310 -168 50 0 0 -1 0 1 0 1 0 0 3020.dat
1 320 -290 -152 20 -1 0 0 0 1 0 0 0 -1 3710.dat
1 320 -290 -160 20 -1 0 0 0 1 0 0 0 -1 3710.dat
1 320 -290 -152 80 -1 0 0 0 1 0 0 0 -1 3710.dat
1 320 -290 -160 80 -1 0 0 0 1 0 0 0 -1 3710.dat
1 320 20 8 10 0 0 -1 0 1 0 1 0 0 3023.dat
1 320 20 8 90 0 0 -1 0 1 0 1 0 0 3023.dat
1 320 80 8 10 0 0 -1 0 1 0 1 0 0 3023.dat
1 320 130 -48 50 0 0 -1 0 1 0 1 0 0 3068b.dat
1 320 80 8 90 0 0 -1 0 1 0 1 0 0 3023.dat
1 72 -230 8 50 0 0 -1 0 1 0 1 0 0 3032.dat
1 72 -230 40 50 0 0 -1 0 1 0 1 0 0 3032.dat
1 4 -210 48 50 -1 0 0 0 1 0 0 0 -1 2817.dat
1 0 -260 16 100 0 0 -1 0 1 0 1 0 0 4589.dat
1 0 -260 16 0 0 0 -1 0 1 0 1 0 0 4589.dat
1 1 -10 26 20 0 0 -1 0 1 0 1 0 0 6558.dat
1 1 -210 26 20 0 0 -1 0 1 0 1 0 0 6558.dat
1 1 -120 26 -50 -1 0 0 0 1 0 0 0 -1 6558.dat
1 1 220 26 -50 1 0 0 0 1 0 0 0 1 6558.dat
1 1 110 26 20 0 0 -1 0 1 0 1 0 0 6558.dat
1 1 310 26 20 0 0 -1 0 1 0 1 0 0 6558.dat
1 0 50 26 -10 0 0 -1 0 1 0 1 0 0 2780.dat
1 0 -180 -22 50 0 -1 0 0 0 -1 1 0 0 40490.dat
1 0 -146 -80 50 0 -1 0 0 0 -1 1 0 0 50950.dat
1 0 -190 58 50 -1 0 0 0 1 0 0 0 -1 2780.dat
1 71 -170 -82 50 1 0 0 0 1 0 0 0 1 4274.dat
1 71 -170 -62 50 1 0 0 0 1 0 0 0 1 4274.dat
1 0 -130 26 -30 -1 0 0 0 1 0 0 0 -1 2780.dat
1 0 230 26 -30 -1 0 0 0 1 0 0 0 -1 2780.dat
1 0 210 26 -70 -1 0 0 0 1 0 0 0 -1 2780.dat
1 0 -110 26 -70 -1 0 0 0 1 0 0 0 -1 2780.dat
1 0 30 26 10 0 0 -1 0 1 0 1 0 0 2780.dat
1 0 -190 26 10 0 0 -1 0 1 0 1 0 0 2780.dat
1 0 290 26 10 0 0 -1 0 1 0 1 0 0 2780.dat
1 0 70 26 10 0 0 -1 0 1 0 1 0 0 2780.dat
1 0 50 16 100 -1 0 0 0 1 0 0 0 -1 3702.dat
1 0 220 26 150 0 1 0 1 0 0 0 0 -1 32523.dat
1 0 -120 26 150 0 1 0 1 0 0 0 0 -1 32523.dat
1 72 -100 26 170 0 0 -1 1 0 0 0 -1 0 42003.dat
1 72 200 26 170 0 0 -1 1 0 0 0 -1 0 42003.dat
1 72 190 16 80 -1 0 0 0 1 0 0 0 -1 32018.dat
1 71 310 16 60 -1 0 0 0 1 0 0 0 -1 3700.dat
1 71 110 16 60 -1 0 0 0 1 0 0 0 -1 3700.dat
1 71 -10 16 60 -1 0 0 0 1 0 0 0 -1 3700.dat
1 71 -210 16 60 -1 0 0 0 1 0 0 0 -1 3700.dat
1 71 290 16 130 -1 0 0 0 1 0 0 0 -1 40344.dat
1 71 -190 16 130 -1 0 0 0 1 0 0 0 -1 40344.dat
1 1 -100 16 190 0 1 0 1 0 0 0 0 -1 43093.dat
1 1 -100 16 -90 0 1 0 1 0 0 0 0 -1 43093.dat
1 1 200 16 190 0 1 0 1 0 0 0 0 -1 43093.dat
1 1 200 16 -90 0 1 0 1 0 0 0 0 -1 43093.dat
1 72 -90 16 80 -1 0 0 0 1 0 0 0 -1 32018.dat
1 72 -200 -112 80 -1 0 0 0 1 0 0 0 -1 6541.dat
1 72 -200 -112 20 -1 0 0 0 1 0 0 0 -1 6541.dat
1 72 -260 16 80 0 0 1 0 1 0 -1 0 0 4287.dat
1 72 -260 16 20 0 0 1 0 1 0 -1 0 0 4287.dat
1 72 -300 -8 20 0 0 1 0 1 0 -1 0 0 87087.dat
1 72 -230 -16 20 1 0 0 0 1 0 0 0 1 3009.dat
1 72 -230 -16 80 1 0 0 0 1 0 0 0 1 3009.dat
1 71 -310 -16 80 1 0 0 0 1 0 0 0 1 3023.dat
1 71 -310 -16 20 1 0 0 0 1 0 0 0 1 3023.dat
1 71 -290 -40 80 1 0 0 0 1 0 0 0 1 2653.dat
1 71 -290 -40 20 -1 0 0 0 1 0 0 0 -1 2653.dat
1 71 -310 -72 20 1 0 0 0 1 0 0 0 1 61252.dat
1 71 -310 -72 80 -1 0 0 0 1 0 0 0 -1 61252.dat
1 71 -310 -72 80 -1 0 0 0 1 0 0 0 -1 3023.dat
1 71 -310 -72 20 -1 0 0 0 1 0 0 0 -1 3023.dat
1 71 -240 -168 50 0 0 -1 0 1 0 1 0 0 2653.dat
1 71 -220 -168 50 0 0 -1 0 1 0 1 0 0 3297.dat
1 71 -190 -40 20 -1 0 0 0 1 0 0 0 -1 3004.dat
1 71 -180 -112 20 0 0 -1 0 1 0 1 0 0 2449.dat
1 71 -180 -112 80 0 0 -1 0 1 0 1 0 0 2449.dat
1 71 -190 -40 80 -1 0 0 0 1 0 0 0 -1 3004.dat
1 0 -270 -64 80 -1 0 0 0 1 0 0 0 -1 3010.dat
1 0 -270 -64 20 -1 0 0 0 1 0 0 0 -1 3010.dat
1 0 -200 -88 50 0 0 1 0 1 0 -1 0 0 3010.dat
1 4 -210 -64 80 -1 0 0 0 1 0 0 0 -1 3660.dat
1 4 -210 -64 20 1 0 0 0 1 0 0 0 1 3660.dat
1 4 -200 -112 50 0 0 -1 0 1 0 1 0 0 2458.dat
1 71 -230 -40 50 0 0 1 0 1 0 -1 0 0 3001.dat
1 71 -190 -136 50 0 0 1 0 1 0 -1 0 0 3001.dat
1 71 -180 -152 50 0 0 -1 0 1 0 1 0 0 6081.dat
1 71 -220 -144 30 1 0 0 0 1 0 0 0 1 3021.dat
1 71 -220 -144 70 1 0 0 0 1 0 0 0 1 3021.dat
1 71 -230 -136 80 1 0 0 0 1 0 0 0 1 2362b.dat
1 71 -230 -136 20 -1 0 0 0 1 0 0 0 -1 2362b.dat
1 71 -270 -144 80 1 0 0 0 1 0 0 0 1 2362b.dat
1 71 -270 -144 20 -1 0 0 0 1 0 0 0 -1 2362b.dat
1 47 -310 -144 80 1 0 0 0 1 0 0 0 1 2362b.dat
1 47 -310 -144 20 -1 0 0 0 1 0 0 0 -1 2362b.dat
1 47 -298 -8 30 0 0 1 0 1 0 -1 0 0 Part 4.ldr
1 71 -200 -16 50 0 0 1 0 1 0 -1 0 0 3700.dat
1 72 -240 -16 50 0 0 1 0 1 0 -1 0 0 32064b.dat
1 72 -250 -6 50 -1 0 0 0 1 0 0 0 -1 32209.dat
1 14 -225 -6 50 0 0 1 0 1 0 -1 0 0 32123b.dat
1 72 -300 -8 80 0 0 1 0 1 0 -1 0 0 87087.dat
1 72 -318 2 80 0 1 0 0 0 -1 -1 0 0 3070b.dat
1 72 -318 2 20 0 1 0 0 0 -1 -1 0 0 3070b.dat
1 1 110 26 80 0 0 1 0 1 0 -1 0 0 6558.dat
1 1 310 26 80 0 0 1 0 1 0 -1 0 0 6558.dat
1 1 220 26 150 1 0 0 0 1 0 0 0 1 6558.dat
1 1 -120 26 150 -1 0 0 0 1 0 0 0 -1 6558.dat
1 1 -10 26 80 0 0 1 0 1 0 -1 0 0 6558.dat
1 1 -210 26 80 0 0 1 0 1 0 -1 0 0 6558.dat
1 0 50 26 110 0 0 1 0 1 0 -1 0 0 2780.dat
1 0 30 -14 70 0 0 1 0 1 0 -1 0 0 2780.dat
1 0 30 -14 30 0 0 1 0 1 0 -1 0 0 2780.dat
1 0 70 -14 70 0 0 1 0 1 0 -1 0 0 2780.dat
1 0 70 -14 30 0 0 1 0 1 0 -1 0 0 2780.dat
1 4 30 -14 50 0 0 1 0 1 0 -1 0 0 62462.dat
1 4 70 -14 50 0 0 1 0 1 0 -1 0 0 62462.dat
1 4 30 -54 50 0 0 1 0 1 0 -1 0 0 62462.dat
1 4 70 -54 50 0 0 1 0 1 0 -1 0 0 62462.dat
1 0 230 26 130 1 0 0 0 1 0 0 0 1 2780.dat
1 0 -130 26 130 1 0 0 0 1 0 0 0 1 2780.dat
1 0 -110 26 170 1 0 0 0 1 0 0 0 1 2780.dat
1 0 210 26 170 1 0 0 0 1 0 0 0 1 2780.dat
1 0 70 26 90 0 0 1 0 1 0 -1 0 0 2780.dat
1 0 290 26 90 0 0 1 0 1 0 -1 0 0 2780.dat
1 0 -190 26 90 0 0 1 0 1 0 -1 0 0 2780.dat
1 0 30 26 90 0 0 1 0 1 0 -1 0 0 2780.dat
0 
0 
0 MLCAD BTG Group name
1 71 -420.454 26.46 -30.818 0.999994 0 -0.00349065 0 1 0 0.00349065 0 0.999994 4274.dat
0 MLCAD BTG Group name
1 72 -294.454 26.46 -30.372 0 0.999994 -0.00349065 -1 0 0 0 0.00349065 0.999994 44359.dat
0 MLCAD BTG Group name
1 72 -294.454 26.46 -30.372 0 -0.999994 -0.00349065 1 0 0 0 -0.00349065 0.999994 44359.dat
0 MLCAD BTG Group name
1 71 -323.455 26.46 -30.487 -0.999994 0 -0.00349065 0 -1 0 -0.00349065 0 0.999994 4274.dat
0 MLCAD BTG Group name
1 0 -347.455 26.46 -30.576 0 0.999994 -0.00349065 -1 0 0 0 0.00349065 0.999994 4589.dat
1 71 -265.842 26.46 -29.991 0 1 0 0 0 1 1 0 0 44358.dat
1 71 -257.914 26.46 -30.001 0 1 0 0 0 1 1 0 0 2476b.dat
0 MLCAD BTG Group name
1 72 -416.459 26.46 -30.802 0 -0.999994 -0.00349065 1 0 0 0 -0.00349065 0.999994 63965.dat
0 GROUP 6 Group name
1 71 -420.454 26.46 129.182 0.999994 0 -0.00349065 0 1 0 0.00349065 0 0.999994 4274.dat
1 72 -294.454 26.46 129.628 0 0.999994 -0.00349065 -1 0 0 0 0.00349065 0.999994 44359.dat
1 72 -294.454 26.46 129.628 0 -0.999994 -0.00349065 1 0 0 0 -0.00349065 0.999994 44359.dat
1 71 -323.455 26.46 129.513 -0.999994 0 -0.00349065 0 -1 0 -0.00349065 0 0.999994 4274.dat
1 0 -347.455 26.46 129.424 0 0.999994 -0.00349065 -1 0 0 0 0.00349065 0.999994 4589.dat
1 71 -265.842 26.46 130.009 0 1 0 0 0 1 1 0 0 44358.dat
1 71 -257.914 26.46 129.999 0 1 0 0 0 1 1 0 0 2476b.dat
1 72 -416.459 26.46 129.198 0 -0.999994 -0.00349065 1 0 0 0 -0.00349065 0.999994 63965.dat
0
0 FILE Part 2.ldr
0 Part 2
0 Name: Part 2.ldr
0 Author: R Paluczak
0 Unofficial Model
0 ROTATION CENTER 0 0 0 1 "Custom" 
0 ROTATION CONFIG 0 0
1 71 0 8 0 1 0 0 0 1 0 0 0 1 50305.dat
0 MLCAD BTG Group name
1 71 10 -104.612 108.173 0 -1 0 0.512792 0 0.858513 -0.858513 0 0.512792 4274.dat
1 0 -20 16 -40 0 0 -1 0 1 0 1 0 0 3701.dat
1 0 -30 26 -60 1 0 0 0 1 0 0 0 1 2780.dat
1 0 -10 16 30 -1 0 0 0 1 0 0 0 -1 3747b.dat
1 71 0 0 20 1 0 0 0 1 0 0 0 1 3021.dat
0 MLCAD BTG Group name
1 72 10 -40 0 1 0 0 0 0.512792 0.858513 0 -0.858513 0.512792 44359.dat
0 MLCAD BTG Group name
1 72 10 -40 0 -1 0 0 0 -0.512792 0.858513 0 0.858513 0.512792 44359.dat
0 MLCAD BTG Group name
1 71 10 -54.873 24.897 0 1 0 -0.512792 0 0.858513 0.858513 0 0.512792 4274.dat
0 MLCAD BTG Group name
1 0 10 -67.18 45.502 1 0 0 0 0.512792 0.858513 0 -0.858513 0.512792 4589.dat
1 71 0 0 -20 0 0 -1 0 1 0 1 0 0 43722.dat
1 71 10 -8 0 0 0 -1 0 1 0 1 0 0 44358.dat
1 72 -20 8 -60 1 0 0 0 1 0 0 0 1 61409.dat
0 MLCAD BTG Group name
1 72 10 -102.559 104.739 -1 0 0 0 -0.512792 0.858513 0 0.858513 0.512792 63965.dat
0 GROUP 6 Group name
1 320 -10 0 60 1 0 0 0 1 0 0 0 1 3068b.dat
1 320 20 0 60 0 0 -1 0 1 0 1 0 0 3069b.dat
0
0 FILE Part 3.ldr
0 Part 3
0 Name: Part 3.ldr
0 Author: R Paluczak
0 Unofficial Model
0 ROTATION CENTER 0 0 0 1 "Custom" 
0 ROTATION CONFIG 0 0
1 71 0 8 0 1 0 0 0 1 0 0 0 1 50304.dat
1 71 -10 -104.612 108.173 0 -1 0 0.512792 0 0.858513 -0.858513 0 0.512792 4274.dat
1 0 20 16 -40 0 0 -1 0 1 0 1 0 0 3701.dat
1 0 30 26 -60 1 0 0 0 1 0 0 0 1 2780.dat
1 0 10 16 30 -1 0 0 0 1 0 0 0 -1 3747b.dat
1 71 0 0 20 1 0 0 0 1 0 0 0 1 3021.dat
1 72 -10 -40 0 1 0 0 0 0.512792 0.858513 0 -0.858513 0.512792 44359.dat
1 72 -10 -40 0 -1 0 0 0 -0.512792 0.858513 0 0.858513 0.512792 44359.dat
1 71 -10 -54.873 24.897 0 1 0 -0.512792 0 0.858513 0.858513 0 0.512792 4274.dat
1 0 -10 -67.18 45.502 1 0 0 0 0.512792 0.858513 0 -0.858513 0.512792 4589.dat
1 71 0 0 -20 0 0 1 0 1 0 -1 0 0 43723.dat
1 71 -10 -8 0 0 0 -1 0 1 0 1 0 0 44358.dat
1 72 20 8 -60 1 0 0 0 1 0 0 0 1 61409.dat
1 72 -10 -102.559 104.739 -1 0 0 0 -0.512792 0.858513 0 0.858513 0.512792 63965.dat
1 320 10 0 60 1 0 0 0 1 0 0 0 1 3068b.dat
1 320 -20 0 60 0 0 -1 0 1 0 1 0 0 3069b.dat
0
0 FILE Part 4.ldr
0 Part 4
0 Name: Part 4.ldr
0 Author: R Paluczak
0 Unofficial Model
0 ROTATION CENTER 0 0 0 1 "Custom" 
0 ROTATION CONFIG 0 0
1 72 -20 16 0 1 0 0 0 1 0 0 0 1 3003.dat
1 71 -20 8 -30 0 0 -1 0 1 0 1 0 0 3021.dat
1 71 -20 -16 10 0 0 -1 0 1 0 1 0 0 3021.dat
1 71 -20 -32 10 0 0 -1 0 1 0 1 0 0 3021.dat
1 70 -20 -40 20 1 0 0 0 1 0 0 0 1 4079.dat
1 71 -30 -40 -10 1 0 0 0 1 0 0 0 1 4592c01.dat
1 71 -10 -40 -10 1 0 0 0 1 0 0 0 1 4592c01.dat
1 71 -10 -32 -10 1 0 0 0 1 0 0 0 1 6091.dat
1 320 -10 -168 -49 -1 0 0 0 1 0 0 0 -1 54200.dat
1 320 -30 -168 -49 -1 0 0 0 1 0 0 0 -1 54200.dat
1 71 -30 -32 -10 1 0 0 0 1 0 0 0 1 6091.dat
1 0 -10 -24 20 0 0 -1 0 1 0 1 0 0 32028.dat
1 0 -30 -24 20 0 0 1 0 1 0 -1 0 0 32028.dat
1 71 -20 -8 -10 -1 0 0 0 1 0 0 0 -1 3023.dat
1 71 -20 0 -10 -1 0 0 0 1 0 0 0 -1 3023.dat
1 72 -20 -8 10 1 0 0 0 1 0 0 0 1 32064b.dat
1 72 -20 0 -30 1 0 0 0 1 0 0 0 1 2431.dat
1 72 -20 -168 -49 1 0 0 0 1 0 0 0 1 99780.dat
1 320 -20 -150 -40 1 0 0 0 0 -1 0 1 0 3710.dat
1 320 -20 -170 -71 1 0 0 0 0 -1 0 1 0 3069b.dat
1 320 -50 -20 -56 0 0 -1 -1 0 0 0 1 0 3710.dat
1 320 10 -20 -56 0 0 -1 -1 0 0 0 1 0 3710.dat
1 72 10 -10 -64 -1 0 0 0 0 1 0 1 0 2555.dat
1 72 -50 -10 -64 -1 0 0 0 0 1 0 1 0 2555.dat
1 72 -20 -28 -70 -1 0 0 0 -1 0 0 0 1 62113.dat
1 320 10 -120 -56 0 0 -1 -1 0 0 0 1 0 92593.dat
1 320 -50 -120 -56 0 0 -1 -1 0 0 0 1 0 92593.dat
1 320 -20 -150 -64 -1 0 0 0 0 1 0 1 0 92593.dat
1 320 -20 30 -56 -1 0 0 0 0 1 0 1 0 92593.dat
1 320 -50 -70 -56 0 0 -1 -1 0 0 0 1 0 3070b.dat
1 320 10 -70 -56 0 0 -1 -1 0 0 0 1 0 3070b.dat
1 320 -50 -60 -48 0 0 -1 -1 0 0 0 1 0 4477.dat
1 320 10 -60 -48 0 0 -1 -1 0 0 0 1 0 4477.dat
1 72 -20 30 -32 -1 0 0 0 0 1 0 1 0 3710.dat
1 71 0 30 -40 -1 0 0 0 0 1 0 1 0 99781.dat
1 71 -40 30 -40 -1 0 0 0 0 1 0 1 0 99781.dat
1 72 -50 8 -30 -1 0 0 0 1 0 0 0 -1 3024.dat
1 72 10 8 -30 -1 0 0 0 1 0 0 0 -1 3024.dat
1 72 -20 30 -48 -1 0 0 0 0 1 0 1 0 99780.dat
1 47 -20 -64 -50 -1 0 0 0 1 0 0 0 -1 2362b.dat
1 47 -20 -136 -50 -1 0 0 0 1 0 0 0 -1 2362b.dat
1 320 -10 -160 -51 1 0 0 0 1 0 0 0 1 4070.dat
1 320 -30 -160 -51 1 0 0 0 1 0 0 0 1 4070.dat
0
0 FILE Mace Windu.ldr
0 Mace Windu
0 Name: Mace Windu.ldr
0 Author: R Paluczak
0 Unofficial Model
0 ROTATION CENTER 0 0 0 1 "Custom" 
0 ROTATION CONFIG 0 0
1 70 0 -24 0 1 0 0 0 1 0 0 0 1 3626bp01.dat
1 28 0 0 0 1 0 0 0 1 0 0 0 1 973pr3.dat
1 28 0 32 0 1 0 0 0 1 0 0 0 1 3815.dat
1 28 -15.552 9 0 0.985 -0.17 0 0.17 0.985 0 0 0 1 3818.dat
1 28 15.552 9 0 0.985 0.17 0 -0.17 0.985 0 0 0 1 3819.dat
1 70 -23.8634 26.5956 -10.321 0.985 -0.12019 0.12019 0.17 0.696395 -0.696395 0 0.707 0.707 3820.dat
1 70 23.8634 26.5956 -10.321 0.985 0.12019 -0.12019 -0.17 0.696395 -0.696395 0 0.707 0.707 3820.dat
1 52 -23.1951 22.7236 -33.8217 0.985 -0.0874983 0.14567 0.17 0.506976 -0.844031 0 0.856884 0.514696 577c01.dat
1 15 0 44 0 1 0 0 0 1 0 0 0 1 3816.dat
1 15 0 44 0 1 0 0 0 1 0 0 0 1 3817.dat
0
0 FILE Coleman Trebor.ldr
0 Coleman Trebor
0 Name: Coleman Trebor.ldr
0 Author: R Paluczak
0 Unofficial Model
0 ROTATION CENTER 0 0 0 1 "Custom" 
0 ROTATION CONFIG 0 0
1 378 0 -24 0 1 0 0 0 1 0 0 0 1 3626bp01.dat
1 19 0 0 0 1 0 0 0 1 0 0 0 1 973pr3.dat
1 19 0 32 0 1 0 0 0 1 0 0 0 1 3815.dat
1 19 -15.552 9 0 0.985 -0.17 0 0.17 0.985 0 0 0 1 3818.dat
1 19 15.552 9 0 0.985 0.17 0 -0.17 0.985 0 0 0 1 3819.dat
1 378 -23.8634 26.5956 -10.321 0.985 -0.12019 0.12019 0.17 0.696395 -0.696395 0 0.707 0.707 3820.dat
1 378 23.8634 26.5956 -10.321 0.985 0.12019 -0.12019 -0.17 0.696395 -0.696395 0 0.707 0.707 3820.dat
1 35 -23.1951 22.7236 -33.8217 0.985 -0.0874983 0.14567 0.17 0.506976 -0.844031 0 0.856884 0.514696 577c01.dat
1 19 0 44 0 1 0 0 0 1 0 0 0 1 3816.dat
1 19 0 44 0 1 0 0 0 1 0 0 0 1 3817.dat
0
0 FILE Part 5.ldr
0 Part 5
0 Name: Part 5.ldr
0 Author: R Paluczak
0 Unofficial Model
0 ROTATION CENTER 0 0 0 1 "Custom" 
0 ROTATION CONFIG 0 0
1 71 -20 24 0 1 0 0 0 1 0 0 0 1 30303.dat
1 72 -20 0 50 -1 0 0 0 1 0 0 0 -1 3039.dat
1 72 -20 0 -50 1 0 0 0 1 0 0 0 1 3039.dat
1 72 -20 -24 0 1 0 0 0 1 0 0 0 1 4032b.dat
1 72 30 0 0 0 0 -1 0 1 0 1 0 0 3039.dat
1 72 -70 0 0 0 0 1 0 1 0 -1 0 0 3039.dat
1 0 -20 -8 0 0 0 -1 0 1 0 1 0 0 6143.dat
1 71 -20 -16 0 0 0 -1 0 1 0 1 0 0 45729.dat
1 71 -20 -12 0 0 0 -1 -1 0 0 0 1 0 4519.dat
1 72 -20 -54 0 1 0 0 0 0 -1 0 1 0 32013.dat
0
0 FILE Part 6.ldr
0 Part 6
0 Name: Part 6.ldr
0 Author: R Paluczak
0 Unofficial Model
0 ROTATION CENTER 0 0 0 1 "Custom" 
0 ROTATION CONFIG 0 0
1 71 -20 8 0 1 0 0 0 1 0 0 0 1 4287.dat
1 71 -20 -56 0 1 0 0 0 1 0 0 0 1 4286.dat
1 71 -20 8 20 -1 0 0 0 1 0 0 0 -1 3665.dat
1 71 -20 -56 20 -1 0 0 0 1 0 0 0 -1 3040b.dat
1 72 -20 -24 -30 0 0 1 0 1 0 -1 0 0 32000.dat
1 72 -20 -24 30 0 0 1 0 1 0 -1 0 0 32000.dat
1 72 10 -14 -40 0 -1 0 0 0 1 -1 0 0 43898.dat
1 72 6 -46 64 0 -1 0 0 0 1 -1 0 0 30065.dat
1 71 -20 0 -40 1 0 0 0 1 0 0 0 1 4073.dat
1 71 -20 0 10 0 0 -1 0 1 0 1 0 0 3710.dat
1 71 -40 -14 -60 0 1 0 -1 0 0 0 0 1 6629.dat
1 0 -30 -14 -20 -1 0 0 0 -1 0 0 0 1 2780.dat
1 1 -10 -14 -40 1 0 0 0 -1 0 0 0 -1 4274.dat
1 0 -30 -14 20 -1 0 0 0 -1 0 0 0 1 2780.dat
1 4 -50 -62 76 -1 0 0 0 -0.599722 -0.800208 0 -0.800208 0.599722 32062.dat
1 72 -50.05 -45.9723 63.9842 -1 0 0 0 -0.599722 -0.800208 0 -0.800208 0.599722 32209.dat
1 0 -65 -45.997 64.008 0 1 0 -0.599722 0 -0.800208 -0.800208 0 0.599722 41677.dat
1 0 -55 -45.997 64.008 0 1 0 -0.599722 0 -0.800208 -0.800208 0 0.599722 41677.dat
1 19 -30 -14 -60 -1 0 0 0 -1 0 0 0 1 3749.dat
1 71 -20 -32 -40 1 0 0 0 1 0 0 0 1 4073.dat
1 71 -20 -32 10 0 0 -1 0 1 0 1 0 0 3710.dat
1 71 -2 -14 -40 0 0 -1 -1 0 0 0 1 0 4697b.dat
0
0 FILE Part 7.ldr
0 Part 7
0 Name: Part 7.ldr
0 Author: R Paluczak
0 Unofficial Model
0 ROTATION CENTER 0 0 0 1 "Custom" 
0 ROTATION CONFIG 0 0
1 71 -60 8 0 1 0 0 0 1 0 0 0 1 4287.dat
1 71 -60 -56 0 1 0 0 0 1 0 0 0 1 4286.dat
1 71 -60 8 20 -1 0 0 0 1 0 0 0 -1 3665.dat
1 71 -60 -56 20 -1 0 0 0 1 0 0 0 -1 3040b.dat
1 72 -60 -24 -30 0 0 1 0 1 0 -1 0 0 32000.dat
1 72 -60 -24 30 0 0 1 0 1 0 -1 0 0 32000.dat
1 72 -92 -14 -40 0 1 0 0 0 1 1 0 0 43898.dat
1 72 -86.1 -46 63.968 0 1 0 0 0 1 1 0 0 30065.dat
1 71 -60 0 -40 1 0 0 0 1 0 0 0 1 4073.dat
1 71 -60 0 10 0 0 -1 0 1 0 1 0 0 3710.dat
1 71 -40 -14 -60 0 1 0 -1 0 0 0 0 1 6629.dat
1 0 -50 -14 -20 -1 0 0 0 -1 0 0 0 1 2780.dat
1 1 -70 -14 -40 -1 0 0 0 -1 0 0 0 1 4274.dat
1 0 -50 -14 20 -1 0 0 0 -1 0 0 0 1 2780.dat
1 4 -30 -62 76 -1 0 0 0 -0.599722 -0.800208 0 -0.800208 0.599722 32062.dat
1 72 -30.05 -45.972 63.984 1 0 0 0 -0.599722 -0.800208 0 0.800208 -0.599722 32209.dat
1 0 -25 -45.997 64.008 0 1 0 -0.599722 0 -0.800208 -0.800208 0 0.599722 41677.dat
1 0 -15 -45.997 64.008 0 1 0 -0.599722 0 -0.800208 -0.800208 0 0.599722 41677.dat
1 19 -50 -14 -60 1 0 0 0 -1 0 0 0 -1 3749.dat
1 71 -60 -32 -40 1 0 0 0 1 0 0 0 1 4073.dat
1 71 -60 -32 10 0 0 -1 0 1 0 1 0 0 3710.dat
1 71 -78 -14 -40 0 0 1 1 0 0 0 1 0 4697b.dat
0
0 FILE Part 8.ldr
0 Part 8
0 Name: Part 8.ldr
0 Author: R Paluczak
0 Unofficial Model
0 ROTATION CENTER 0 0 0 1 "Custom" 
0 ROTATION CONFIG 0 0
1 0 -50 0 10 1 0 0 0 1 0 0 0 1 32525.dat
1 71 -50 -20 90 1 0 0 0 1 0 0 0 1 60484.dat
1 0 -50 -10 110 0 1 0 -1 0 0 0 0 1 2780.dat
1 0 -50 -10 90 0 1 0 -1 0 0 0 0 1 2780.dat
1 0 -50 -10 70 0 1 0 -1 0 0 0 0 1 2780.dat
1 0 -50 -10 -70 0 1 0 -1 0 0 0 0 1 2780.dat
1 1 -50 -30 -90 0 1 0 -1 0 0 0 0 1 43093.dat
1 1 -50 10 -90 0 -1 0 1 0 0 0 0 1 43093.dat
1 0 -50 -20 -10 1 0 0 0 1 0 0 0 1 40490.dat
1 0 -50 -50 -90 1 0 0 0 0 1 0 -1 0 59443.dat
1 0 -50 30 -90 1 0 0 0 0 1 0 -1 0 59443.dat
0
0 FILE Part 9.ldr
0 Part 9
0 Name: Part 9.ldr
0 Author: R Paluczak
0 Unofficial Model
0 
0 ROTATION CENTER 0 0 0 1 "Custom" 
0 ROTATION CONFIG 0 0
1 4 -50 40 0 1 0 0 0 1 0 0 0 1 32062.dat
1 4 -50 40 20 1 0 0 0 1 0 0 0 1 32062.dat
1 71 -35 40 0 0 -1 0 1 0 0 0 0 1 41677.dat
1 71 -65 40 0 0 -1 0 1 0 0 0 0 1 41677.dat
1 0 -50 40 20 1 0 0 0 0 -1 0 1 0 6536.dat
0
0 FILE Part 10.ldr
0 Part 10
0 Name: Part 10.ldr
0 Author: R Paluczak
0 Unofficial Model
0 ROTATION CENTER 0 0 0 1 "Custom" 
0 ROTATION CONFIG 0 0
1 71 -10 24 0 1 0 0 0 1 0 0 0 1 3460.dat
1 71 -10 -8 0 1 0 0 0 1 0 0 0 1 3460.dat
1 71 0 -32 0 0 0 -1 0 1 0 1 0 0 4286.dat
1 71 -20 -32 0 0 0 1 0 1 0 -1 0 0 4286.dat
1 71 -20 32 0 0 0 1 0 1 0 -1 0 0 4287.dat
1 71 0 32 0 0 0 -1 0 1 0 1 0 0 4287.dat
1 72 -10 0 0 1 0 0 0 1 0 0 0 1 3895.dat
1 72 -130 60 -20 0 0 1 1 0 0 0 1 0 Part 9.ldr
1 72 -110 10 -30 1 0 0 0 0 -1 0 1 0 43898.dat
1 0 90 10 10 0 0 1 0 1 0 -1 0 0 2780.dat
1 0 70 10 -34 0 0 1 1 0 0 0 1 0 6143.dat
1 71 70 10 -43 0 0 1 1 0 0 0 1 0 44375p01.dat
1 71 70 10 -51 0 0 1 1 0 0 0 1 0 4150.dat
1 1 -110 10 -10 0 0 1 0 1 0 -1 0 0 4274.dat
1 1 70 10 -10 0 0 1 0 1 0 -1 0 0 3749.dat
1 71 -90 10 10 0 0 1 0 1 0 -1 0 0 3673.dat
1 71 -110 10 -18 0 1 0 -1 0 0 0 0 1 4697b.dat
0
0 FILE Part 11.ldr
0 Part 11
0 Name: Part 11.ldr
0 Author: R Paluczak
0 Unofficial Model
0 ROTATION CENTER 0 0 0 1 "Custom" 
0 ROTATION CONFIG 0 0
1 71 -10 24 0 1 0 0 0 1 0 0 0 1 3460.dat
1 71 -10 -8 0 1 0 0 0 1 0 0 0 1 3460.dat
1 71 0 -32 0 0 0 -1 0 1 0 1 0 0 4286.dat
1 71 -20 -32 0 0 0 1 0 1 0 -1 0 0 4286.dat
1 71 -20 32 0 0 0 1 0 1 0 -1 0 0 4287.dat
1 71 0 32 0 0 0 -1 0 1 0 1 0 0 4287.dat
1 72 -10 0 0 1 0 0 0 1 0 0 0 1 3895.dat
1 72 -130 60 -60 0 0 1 1 0 0 0 1 0 Part 9.ldr
1 72 -110 10 31 -1 0 0 0 0 -1 0 -1 0 43898.dat
1 0 90 10 -10 0 0 1 0 1 0 -1 0 0 2780.dat
1 0 70 10 34 0 0 -1 1 0 0 0 -1 0 6143.dat
1 71 70 10 43 0 0 -1 1 0 0 0 -1 0 44375p01.dat
1 71 70 10 51 0 0 -1 1 0 0 0 -1 0 4150.dat
1 1 -110 10 10 0 0 -1 0 1 0 1 0 0 4274.dat
1 1 70 10 10 0 0 -1 0 1 0 1 0 0 3749.dat
1 71 -90 10 -10 0 0 1 0 1 0 -1 0 0 3673.dat
1 71 -110 10 18 0 1 0 -1 0 0 0 0 1 4697b.dat
0
0 FILE Part 12.ldr
0 Part 12
0 Name: Part 12.ldr
0 Author: R Paluczak
0 Unofficial Model
0 ROTATION CENTER 0 0 0 1 "Custom" 
0 ROTATION CONFIG 0 0
1 15 -40 16 0 1 0 0 0 1 0 0 0 1 3034.dat
1 71 -90 -8 10 0 0 1 0 1 0 -1 0 0 3040b.dat
1 71 10 0 -20 0 0 1 0 1 0 -1 0 0 44301.dat
1 71 30 0 -20 0 0 1 0 1 0 -1 0 0 44301.dat
1 71 -40 -8 0 1 0 0 0 1 0 0 0 1 3001.dat
1 71 -100 -16 0 -1 0 0 0 1 0 0 0 -1 6106.dat
1 71 20 -24 30 -1 0 0 0 1 0 0 0 -1 6636.dat
1 71 -40 -24 -20 0 0 1 0 1 0 -1 0 0 87079.dat
1 71 90 -16 0 1 0 0 0 1 0 0 0 1 54384.dat
1 71 -150 -8 -30 -1 0 0 0 1 0 0 0 -1 2450.dat
1 71 20 -16 40 -1 0 0 0 1 0 0 0 -1 3020.dat
1 72 -30 -16 0 0 0 1 0 1 0 -1 0 0 3666.dat
1 72 20 -16 -20 1 0 0 0 1 0 0 0 1 6179.dat
1 0 40 -8 0 1 0 0 0 1 0 0 0 1 3031.dat
1 320 20 0 10 1 0 0 0 1 0 0 0 1 3023.dat
1 72 -100 -8 -10 1 0 0 0 1 0 0 0 1 3039.dat
1 72 20 8 0 0 0 -1 0 1 0 1 0 0 3022.dat
0
0 FILE Part 13.ldr
0 Part 13
0 Name: Part 13.ldr
0 Author: R Paluczak
0 Unofficial Model
0 ROTATION CENTER 0 0 0 1 "Custom" 
0 ROTATION CONFIG 0 0
1 4 -30 24 0 1 0 0 0 1 0 0 0 1 2817.dat
1 0 -30 16 10 1 0 0 0 1 0 0 0 1 44302.dat
1 0 -30 16 -10 1 0 0 0 1 0 0 0 1 44302.dat
1 0 36.769 51.94 20 0 -0.707107 0.707107 0 0.707107 0.707107 -1 0 0 Part 12.ldr
1 72 -40 8 0 0 0 1 0 1 0 -1 0 0 2419.dat
0
0 FILE Part 14.ldr
0 Part 14
0 Name: Part 14.ldr
0 Author: R Paluczak
0 Unofficial Model
0 ROTATION CENTER 0 0 0 1 "Custom" 
0 ROTATION CONFIG 0 0
1 4 -30 24 0 1 0 0 0 1 0 0 0 1 2817.dat
1 0 -30 16 10 1 0 0 0 1 0 0 0 1 44302.dat
1 0 -30 16 -10 1 0 0 0 1 0 0 0 1 44302.dat
1 0 36.769 51.94 160 0 -0.707107 0.707107 0 0.707107 0.707107 -1 0 0 Part 15.ldr
1 72 -40 8 0 0 0 1 0 1 0 -1 0 0 2419.dat
0
0 FILE Part 15.ldr
0 Part 15
0 Name: Part 15.ldr
0 Author: R Paluczak
0 Unofficial Model
0 ROTATION CENTER 0 0 0 1 "Custom" 
0 ROTATION CONFIG 0 0
1 15 220 16 0 1 0 0 0 1 0 0 0 1 3034.dat
1 71 270 -8 10 0 0 -1 0 1 0 1 0 0 3040b.dat
1 71 150 0 -20 0 0 1 0 1 0 -1 0 0 44301.dat
1 71 170 0 -20 0 0 1 0 1 0 -1 0 0 44301.dat
1 71 220 -8 0 1 0 0 0 1 0 0 0 1 3001.dat
1 71 280 -16 0 0 0 -1 0 1 0 1 0 0 6106.dat
1 71 160 -24 30 -1 0 0 0 1 0 0 0 -1 6636.dat
1 71 220 -24 -20 0 0 1 0 1 0 -1 0 0 87079.dat
1 71 90 -16 0 1 0 0 0 1 0 0 0 1 54383.dat
1 71 330 -8 -30 0 0 -1 0 1 0 1 0 0 2450.dat
1 71 160 -16 40 -1 0 0 0 1 0 0 0 -1 3020.dat
1 72 210 -16 0 0 0 1 0 1 0 -1 0 0 3666.dat
1 72 160 -16 -20 1 0 0 0 1 0 0 0 1 6179.dat
1 0 140 -8 0 1 0 0 0 1 0 0 0 1 3031.dat
1 320 160 0 10 1 0 0 0 1 0 0 0 1 3023.dat
1 72 280 -8 -10 1 0 0 0 1 0 0 0 1 3039.dat
1 72 160 8 0 0 0 -1 0 1 0 1 0 0 3022.dat
0
0 FILE Part 16.ldr
0 Part 16
0 Name: Part 16.ldr
0 Author: R Paluczak
0 Unofficial Model
0 ROTATION CENTER 0 0 0 1 "Custom" 
0 ROTATION CONFIG 0 0
1 15 -40 16 0 1 0 0 0 1 0 0 0 1 3034.dat
1 71 -90 -8 10 0 0 1 0 1 0 -1 0 0 3040b.dat
1 71 10 0 -20 0 0 1 0 1 0 -1 0 0 44301.dat
1 71 30 0 -20 0 0 1 0 1 0 -1 0 0 44301.dat
1 71 -40 -8 0 1 0 0 0 1 0 0 0 1 3001.dat
1 71 -100 -16 0 -1 0 0 0 1 0 0 0 -1 6106.dat
1 71 -80 -24 20 -1 0 0 0 1 0 0 0 -1 4150ps6.dat
1 71 20 -24 30 -1 0 0 0 1 0 0 0 -1 6636.dat
1 71 -40 -24 -20 0 0 1 0 1 0 -1 0 0 87079.dat
1 71 90 -16 0 1 0 0 0 1 0 0 0 1 54384.dat
1 71 -150 -8 -30 -1 0 0 0 1 0 0 0 -1 2450.dat
1 71 20 -16 40 -1 0 0 0 1 0 0 0 -1 3020.dat
1 72 -30 -16 0 0 0 1 0 1 0 -1 0 0 3666.dat
1 72 20 -16 -20 1 0 0 0 1 0 0 0 1 6179.dat
1 0 40 -8 0 1 0 0 0 1 0 0 0 1 3031.dat
1 320 20 0 10 1 0 0 0 1 0 0 0 1 3023.dat
1 72 -100 -8 -10 1 0 0 0 1 0 0 0 1 3039.dat
1 72 20 8 0 0 0 -1 0 1 0 1 0 0 3022.dat
0
0 FILE Part 17.ldr
0 Part 17
0 Name: Part 17.ldr
0 Author: R Paluczak
0 Unofficial Model
0 ROTATION CENTER 0 0 0 1 "Custom" 
0 ROTATION CONFIG 0 0
1 15 220 16 0 1 0 0 0 1 0 0 0 1 3034.dat
1 71 270 -8 10 0 0 -1 0 1 0 1 0 0 3040b.dat
1 71 150 0 -20 0 0 1 0 1 0 -1 0 0 44301.dat
1 71 170 0 -20 0 0 1 0 1 0 -1 0 0 44301.dat
1 71 220 -8 0 1 0 0 0 1 0 0 0 1 3001.dat
1 71 280 -16 0 0 0 -1 0 1 0 1 0 0 6106.dat
1 71 160 -24 30 -1 0 0 0 1 0 0 0 -1 6636.dat
1 71 220 -24 -20 0 0 1 0 1 0 -1 0 0 87079.dat
1 71 90 -16 0 1 0 0 0 1 0 0 0 1 54383.dat
1 71 330 -8 -30 0 0 -1 0 1 0 1 0 0 2450.dat
1 71 160 -16 40 -1 0 0 0 1 0 0 0 -1 3020.dat
1 72 210 -16 0 0 0 1 0 1 0 -1 0 0 3666.dat
1 72 160 -16 -20 1 0 0 0 1 0 0 0 1 6179.dat
1 0 140 -8 0 1 0 0 0 1 0 0 0 1 3031.dat
1 320 160 0 10 1 0 0 0 1 0 0 0 1 3023.dat
1 72 280 -8 -10 1 0 0 0 1 0 0 0 1 3039.dat
1 72 160 8 0 0 0 -1 0 1 0 1 0 0 3022.dat
1 71 260 -24 20 -1 0 0 0 1 0 0 0 -1 4150ps6.dat
0
0 FILE Part 18.ldr
0 Part 18
0 Name: Part 18.ldr
0 Author: R Paluczak
0 Unofficial Model
0 ROTATION CENTER 0 0 0 1 "Custom" 
0 ROTATION CONFIG 0 0
1 4 -30 24 0 1 0 0 0 1 0 0 0 1 2817.dat
1 0 -30 16 10 1 0 0 0 1 0 0 0 1 44302.dat
1 0 -30 16 -10 1 0 0 0 1 0 0 0 1 44302.dat
1 0 36.769 51.94 20 0 -0.707107 0.707107 0 0.707107 0.707107 -1 0 0 Part 16.ldr
1 72 -40 8 0 0 0 1 0 1 0 -1 0 0 2419.dat
0
0 FILE Part 19.ldr
0 Part 19
0 Name: Part 19.ldr
0 Author: R Paluczak
0 Unofficial Model
0 ROTATION CENTER 0 0 0 1 "Custom" 
0 ROTATION CONFIG 0 0
1 4 -30 24 0 1 0 0 0 1 0 0 0 1 2817.dat
1 0 -30 16 10 1 0 0 0 1 0 0 0 1 44302.dat
1 0 -30 16 -10 1 0 0 0 1 0 0 0 1 44302.dat
1 0 36.769 51.94 160 0 -0.707107 0.707107 0 0.707107 0.707107 -1 0 0 Part 17.ldr
1 72 -40 8 0 0 0 1 0 1 0 -1 0 0 2419.dat
0
0 FILE Part 20.ldr
0 Part 20
0 Name: Part 20.ldr
0 Author: R Paluczak
0 Unofficial Model
0 ROTATION CENTER 0 0 0 1 "Custom" 
0 ROTATION CONFIG 0 0
1 71 -20 0 0 1 0 0 0 1 0 0 0 1 3035.dat
1 72 -40 8 0 1 0 0 0 1 0 0 0 1 3958.dat
1 71 -60 -24 20 1 0 0 0 1 0 0 0 1 3001.dat
1 0 -60 -32 0 1 0 0 0 1 0 0 0 1 61485.dat
1 0 -90 -80 0 1 0 0 0 1 0 0 0 1 Part 21.ldr
1 71 50 -16 -50 0 0 1 0 1 0 -1 0 0 50955.dat
1 71 50 -16 50 0 0 1 0 1 0 -1 0 0 50956.dat
1 71 50 -32 0 0 0 1 0 1 0 -1 0 0 52031.dat
1 71 -60 -24 -20 1 0 0 0 1 0 0 0 1 3001.dat
1 72 50 -24 0 0 0 -1 0 1 0 1 0 0 2877.dat
1 72 -20 16 -50 1 0 0 0 1 0 0 0 1 2877.dat
1 72 -20 16 50 -1 0 0 0 1 0 0 0 -1 2877.dat
1 71 -20 16 -30 -1 0 0 0 1 0 0 0 -1 2653.dat
1 71 -80 50 60 1 0 0 0 -1 0 0 0 -1 Part 22.ldr
1 71 -20 40 -40 -1 0 0 0 1 0 0 0 -1 2654.dat
1 71 -20 40 40 -1 0 0 0 1 0 0 0 -1 2654.dat
1 71 -20 16 30 1 0 0 0 1 0 0 0 1 2653.dat
1 72 -10 -16 20 0 0 -1 0 1 0 1 0 0 47457.dat
1 72 -10 -16 -20 0 0 -1 0 1 0 1 0 0 47457.dat
1 72 40 -8 30 -1 0 0 0 1 0 0 0 -1 3023.dat
1 320 40 -16 30 -1 0 0 0 1 0 0 0 -1 3023.dat
1 320 10 16 0 0 0 1 0 1 0 -1 0 0 3023.dat
1 72 40 -8 -30 -1 0 0 0 1 0 0 0 -1 3023.dat
1 320 40 -16 -30 -1 0 0 0 1 0 0 0 -1 3023.dat
1 0 40 -24 -30 1 0 0 0 1 0 0 0 1 44302.dat
1 0 40 -24 30 1 0 0 0 1 0 0 0 1 44302.dat
0
0 FILE Part 21.ldr
0 Part 21
0 Name: Part 21.ldr
0 Author: R Paluczak
0 Unofficial Model
0 ROTATION CENTER 0 0 0 1 "Custom" 
0 ROTATION CONFIG 0 0
1 72 70 16 0 1 0 0 0 1 0 0 0 1 3034.dat
1 72 30 24 0 1 0 0 0 1 0 0 0 1 87081.dat
1 71 10 8 0 1 0 0 0 1 0 0 0 1 3022.dat
1 71 30 -24 0 1 0 0 0 1 0 0 0 1 3022.dat
1 71 60 2 -50 -1 0 0 0 1 0 0 0 -1 61184.dat
1 71 -20 2 40 1 0 0 0 0 1 0 -1 0 4740.dat
1 36 -20 2 32 1 0 0 0 0 1 0 -1 0 4073.dat
1 71 -20 2 -40 -1 0 0 0 0 1 0 1 0 4740.dat
1 36 -20 2 -32 -1 0 0 0 0 1 0 1 0 4073.dat
1 36 52 2 -50 0 1 0 0 0 1 1 0 0 4073.dat
1 0 28 2 -50 0 1 0 0 0 1 1 0 0 4589.dat
1 71 60 2 50 -1 0 0 0 1 0 0 0 -1 61184.dat
1 36 52 2 50 0 1 0 0 0 1 1 0 0 4073.dat
1 0 28 2 50 0 1 0 0 0 1 1 0 0 4589.dat
1 71 70 -8 -10 1 0 0 0 1 0 0 0 1 3700.dat
1 71 70 2 -50 -1 0 0 0 1 0 0 0 -1 32013.dat
1 71 70 2 50 1 0 0 0 1 0 0 0 1 32013.dat
1 1 70 2 -20 0 0 1 0 1 0 -1 0 0 43093.dat
1 1 70 2 20 0 0 -1 0 1 0 1 0 0 43093.dat
1 71 70 -8 10 1 0 0 0 1 0 0 0 1 3700.dat
1 71 80 24 0 0 0 -1 0 1 0 1 0 0 3660.dat
1 71 100 8 0 0 0 -1 0 1 0 1 0 0 3023.dat
1 320 20 0 0 0 0 -1 0 1 0 1 0 0 3023.dat
1 71 130 -16 0 0 0 1 0 1 0 -1 0 0 47755.dat
1 71 100 -40 0 0 0 1 0 1 0 -1 0 0 3048.dat
1 71 20 -64 0 0 0 -1 0 1 0 1 0 0 3048.dat
1 71 0 -64 0 0 0 -1 0 1 0 1 0 0 3049b.dat
1 71 20 -40 0 0 0 -1 0 1 0 1 0 0 6069.dat
1 72 0 -40 0 0 0 1 0 1 0 -1 0 0 47759.dat
1 71 160 -24 0 0 0 1 0 1 0 -1 0 0 2412b.dat
1 42 100 -8 10 0 0 -1 0 1 0 1 0 0 4073.dat
1 42 100 -8 -10 0 0 -1 0 1 0 1 0 0 4073.dat
1 15 40 -8 0 0 0 -1 0 1 0 1 0 0 3004.dat
1 0 130 8 0 0 0 -1 0 1 0 1 0 0 3068b.dat
1 0 50 -16 0 1 0 0 0 1 0 0 0 1 3795.dat
1 0 30 2 24 1 0 0 0 0 1 0 -1 0 85984.dat
1 0 30 2 -24 -1 0 0 0 0 1 0 1 0 85984.dat
1 0 0 0 0 0 0 1 0 1 0 -1 0 0 60471.dat
1 0 -30 2 0 0 0 -1 0 1 0 1 0 0 30552.dat
1 0 -170 2 0 0 0 -1 0 1 0 1 0 0 59443.dat
1 0 -210 2 0 0 0 -1 0 1 0 1 0 0 59443.dat
1 4 -190 2 0 -1 0 0 0 1 0 0 0 -1 32062.dat
1 0 -250 2 0 0 0 -1 0 1 0 1 0 0 59443.dat
1 4 -230 2 0 -1 0 0 0 1 0 0 0 -1 32062.dat
1 4 -70 -18 0 -1 0 0 0 1 0 0 0 -1 32062.dat
1 0 -290 2 0 0 0 -1 0 1 0 1 0 0 59443.dat
1 4 -270 2 0 -1 0 0 0 1 0 0 0 -1 32062.dat
1 0 -330 2 0 -1 0 0 0 1 0 0 0 -1 3705.dat
1 0 -380 2 0 -1 0 0 0 0 1 0 1 0 32054.dat
1 320 -130 2 0 -1 0 0 0 -1 0 0 0 1 62462.dat
1 71 -100 2 0 -1 0 0 0 1 0 0 0 -1 44294.dat
1 71 -55 2 0 0 1 0 0 0 -1 -1 0 0 41677.dat
1 71 -65 2 0 0 1 0 0 0 -1 -1 0 0 41677.dat
1 71 -96 -18 0 0 1 0 0 0 -1 -1 0 0 4589.dat
1 71 -75 2 0 0 0 -1 0 -1 0 -1 0 0 32123b.dat
1 71 -85 2 0 0 0 -1 0 -1 0 -1 0 0 32123b.dat
1 71 -95 2 0 0 0 -1 0 -1 0 -1 0 0 32123b.dat
1 71 -105 2 0 0 0 -1 0 -1 0 -1 0 0 32123b.dat
1 0 10 -8 -10 1 0 0 0 1 0 0 0 1 2436a.dat
1 0 10 -8 10 -1 0 0 0 1 0 0 0 -1 2436a.dat
0
0 FILE Part 22.ldr
0 Part 22
0 Name: Part 22.ldr
0 Author: R Paluczak
0 Unofficial Model
0 ROTATION CENTER 0 0 0 1 "Custom" 
0 ROTATION CONFIG 0 0
1 71 60 2 50 -1 0 0 0 1 0 0 0 -1 61184.dat
1 72 70 -8 60 0 0 -1 0 1 0 1 0 0 32000.dat
1 0 70 16 60 0 0 1 0 1 0 -1 0 0 3839b.dat
1 320 70 24 60 0 0 1 0 1 0 -1 0 0 3023.dat
1 72 70 -32 60 0 0 -1 0 1 0 1 0 0 32000.dat
1 42 52 -22 50 0 1 0 0 0 1 1 0 0 4073.dat
1 0 28 2 50 0 1 0 0 0 1 1 0 0 4589.dat
1 71 60 2 70 -1 0 0 0 1 0 0 0 -1 61184.dat
1 42 52 -22 70 0 1 0 0 0 1 1 0 0 4073.dat
1 0 28 2 70 0 1 0 0 0 1 1 0 0 4589.dat
1 71 60 -22 50 -1 0 0 0 1 0 0 0 -1 61184.dat
1 43 52 2 50 0 1 0 0 0 1 1 0 0 4073.dat
1 0 28 -22 50 0 1 0 0 0 1 1 0 0 4589.dat
1 71 60 -22 70 -1 0 0 0 1 0 0 0 -1 61184.dat
1 43 52 2 70 0 1 0 0 0 1 1 0 0 4073.dat
1 0 28 -22 70 0 1 0 0 0 1 1 0 0 4589.dat
0
0 FILE Part 23.ldr
0 Part 23
0 Name: Part 23.ldr
0 Author: R Paluczak
0 Unofficial Model
0 ROTATION CENTER 0 0 0 1 "Custom" 
0 ROTATION CONFIG 0 0
1 72 40 32 0 1 0 0 0 1 0 0 0 1 3958.dat
1 72 -40 16 -30 1 0 0 0 1 0 0 0 1 3023.dat
1 72 -40 16 30 1 0 0 0 1 0 0 0 1 3023.dat
1 320 -40 8 -30 1 0 0 0 1 0 0 0 1 3023.dat
1 320 -40 8 30 1 0 0 0 1 0 0 0 1 3023.dat
1 0 -40 0 30 -1 0 0 0 1 0 0 0 -1 44302.dat
1 0 -40 0 -30 -1 0 0 0 1 0 0 0 -1 44302.dat
1 71 -50 8 50 0 0 -1 0 1 0 1 0 0 50955.dat
1 71 -50 8 -50 0 0 -1 0 1 0 1 0 0 50956.dat
1 71 -50 -8 0 0 0 -1 0 1 0 1 0 0 52031.dat
1 72 10 8 -20 0 0 1 0 1 0 -1 0 0 47457.dat
1 72 10 8 20 0 0 1 0 1 0 -1 0 0 47457.dat
1 72 -50 0 0 0 0 1 0 1 0 -1 0 0 2877.dat
1 71 40 24 20 1 0 0 0 1 0 0 0 1 3832.dat
1 71 160 8 40 0 0 -1 0 1 0 1 0 0 Part 24.ldr
1 71 40 24 -20 1 0 0 0 1 0 0 0 1 3832.dat
0
0 FILE Part 24.ldr
0 Part 24
0 Name: Part 24.ldr
0 Author: R Paluczak
0 Unofficial Model
0 ROTATION CENTER 0 0 0 1 "Custom" 
0 ROTATION CONFIG 0 0
1 72 -40 57.523 -0.688 1 0 0 0 0.856718 -0.515786 0 0.515786 0.856718 3032.dat
1 72 -90 42 60 0 1 0 0.856718 0 0.515786 0.515786 0 -0.856718 32526.dat
1 72 -40 129.666 -73.979 1 0 0 0 0.856718 -0.515786 0 0.515786 0.856718 3020.dat
