0 FILE Battle of Saleucami.ldr
0 Battle of Saleucami
0 Name: Battle of Saleucami.ldr
0 Author: LDraw
0 Unofficial Model
0 ROTATION CENTER 0 0 0 1 "Custom" 
0 ROTATION CONFIG 0 0
1 0 -147.094 -24 -334.592 -0.382683 0 0.92388 0 1 0 -0.92388 0 -0.382683 Part 1.ldr
1 0 -358.722 32 -452.742 -1 0 0 0 1 0 0 0 -1 Part 2.ldr
1 0 -330.732 0 27.99 -0.707107 0 -0.707107 0 1 0 0.707107 0 -0.707107 Part 5.ldr
1 0 -428.722 -16 -152.742 1 0 0 0 1 0 0 0 1 Clone.ldr
0
0 FILE Clone.ldr
0 Clone
0 Name: Clone.ldr
0 Author: LDraw
0 Unofficial Model
0 ROTATION CENTER 0 0 0 1 "Custom" 
0 ROTATION CONFIG 0 0
1 15 0 -24 0 1 0 0 0 1 0 0 0 1 11217.dat
1 78 0 -24 0 1 0 0 0 1 0 0 0 1 3626bp01.dat
1 15 0 0 0 1 0 0 0 1 0 0 0 1 973.dat
1 0 0 32 0 1 0 0 0 1 0 0 0 1 3815.dat
1 15 -15.552 9 0 0.985 -0.17 0 0.17 0.985 0 0 0 1 3818.dat
1 320 15.552 9 0 0.985 0.17 0 -0.17 0.985 0 0 0 1 3819.dat
1 0 -23.8634 26.5956 -10.321 0.985 -0.12019 0.12019 0.17 0.696395 -0.696395 0 0.707 0.707 3820.dat
1 0 23.8634 26.5956 -10.321 0.985 0.12019 -0.12019 -0.17 0.696395 -0.696395 0 0.707 0.707 3820.dat
1 0 -24.6826 31.3422 -19.2547 0.985 -0.0874983 0.14567 0.17 0.506976 -0.844031 0 0.856884 0.514696 58247.dat
1 15 0 44 0 1 0 0 0 1 0 0 0 1 3816.dat
1 15 0 44 0 1 0 0 0 1 0 0 0 1 3817.dat
0
0 FILE Battle Droid.ldr
0 Battle Droid
0 Name: Battle Droid.ldr
0 Author: LDraw
0 Unofficial Model
0 ROTATION CENTER 0 0 0 1 "Custom" 
0 ROTATION CONFIG 0 0
1 19 -10 24 0 1 0 0 0 1 0 0 0 1 30375.dat
1 19 -10 64 0 1 0 0 0 1 0 0 0 1 30376.dat
1 72 -10 72 -10 1 0 0 0 1 0 0 0 1 3022.dat
1 28 -10 64 -20 1 0 0 0 1 0 0 0 1 3069b.dat
1 19 7 -8 0 1 0 0 0 1 0 0 0 1 30377.dat
1 19 -27 -8 0 1 0 0 0 0.382683 0.92388 0 -0.92388 0.382683 59230.dat
1 19 -10 -8 0 1 0 0 0 1 0 0 0 1 30378.dat
1 0 -27 7.307 -36.955 1 0 0 0 0.92388 -0.382683 0 0.382683 0.92388 58247.dat
0
0 FILE Super Battle Droid.ldr
0 Super Battle Droid
0 Name: Super Battle Droid.ldr
0 Author: LDraw
0 Unofficial Model
0 ROTATION CENTER 0 0 0 1 "Custom" 
0 ROTATION CONFIG 0 0
1 72 -10 72 -10 1 0 0 0 1 0 0 0 1 3022.dat
1 28 -10 64 -20 1 0 0 0 1 0 0 0 1 3069b.dat
1 148 -10 8 0 1 0 0 0 1 0 0 0 1 41889.dat
1 148 -20 72 0 1 0 0 0 1 0 0 0 1 42687.dat
1 148 -33 -40 0 1 0 0 0 0 1 0 -1 0 41890.dat
1 148 13 -40 0 -1 0 0 0 1 0 0 0 -1 41890.dat
0
0 FILE Part 1.ldr
0 Part 1
0 Name: Part 1.ldr
0 Author: LDraw
0 Unofficial Model
0 ROTATION CENTER 0 0 0 1 "Custom" 
0 ROTATION CONFIG 0 0
1 72 -10 72 -10 1 0 0 0 1 0 0 0 1 3022.dat
1 28 -10 64 -20 1 0 0 0 1 0 0 0 1 3069b.dat
1 1 -10 -48 -34 0 0 -1 -1 0 0 0 1 0 3069b.dat
1 1 -10 -78 -18 -1 0 0 0 0 1 0 1 0 54200.dat
1 1 -10 2 -34 1 0 0 0 0 -1 0 1 0 50950.dat
1 71 -10 64 0 1 0 0 0 1 0 0 0 1 3794b.dat
1 47 -10 40 0 1 0 0 0 1 0 0 0 1 3062b.dat
1 47 -10 32 0 1 0 0 0 1 0 0 0 1 3957a.dat
1 72 -10 -48 0 1 0 0 0 1 0 0 0 1 4733.dat
1 72 -10 -88 0 1 0 0 0 1 0 0 0 1 4733.dat
1 71 -10 -56 0 1 0 0 0 1 0 0 0 1 4073.dat
1 71 -10 -96 0 0 0 -1 0 1 0 1 0 0 2555.dat
1 71 -36 -98 -100 -0.707107 0 -0.707107 -0.707107 0 0.707107 0 1 0 577b.dat
1 71 16 -98 -100 -0.707107 0 -0.707107 -0.707107 0 0.707107 0 1 0 577b.dat
1 19 -10 -101 26 1 0 0 0 1 0 0 0 1 30375.dat
1 19 -10 -61.548 19.398 1 0 0 0 0.986286 0.165048 0 -0.165048 0.986286 30376.dat
1 19 -10 -101 26 1 0 0 0 0.986286 0.165048 0 -0.165048 0.986286 Her.dat
1 19 7 -133 26 1 0 0 0 0.92388 0.382683 0 -0.382683 0.92388 30377.dat
1 19 -26 -133 26 1 0 0 0 0.92388 0.382683 0 -0.382683 0.92388 30377.dat
1 19 -10 -133 26 1 0 0 0 1 0 0 0 1 30378.dat
1 0 -10 -104 -20 -1 0 0 0 1 0 0 0 -1 2540.dat
1 72 -10 -104 -40 1 0 0 0 1 0 0 0 1 3839b.dat
1 1 -10 -104 -30 1 0 0 0 1 0 0 0 1 30602.dat
1 71 -30 -38 0 0 1 0 1 0 0 0 0 -1 4697b.dat
1 272 -10 -48 -18 0 0 -1 -1 0 0 0 1 0 3710.dat
1 272 -30 -38 -20 0 0 -1 -1 0 0 0 1 0 44676.dat
1 71 10 -38 0 0 -1 0 -1 0 0 0 0 -1 4697b.dat
1 0 14 -78 0 0 -1 0 -1 0 0 0 0 -1 4349.dat
1 0 -36 -78 0 0 1 0 1 0 0 0 0 -1 4349.dat
1 272 10 -38 -20 0 0 1 1 0 0 0 1 0 44676.dat
1 1 -10 -48 -26 0 0 -1 -1 0 0 0 1 0 3023.dat
1 71 -10 -64 0 1 0 0 0 1 0 0 0 1 4073.dat
0
0 FILE Part 2.ldr
0 Part 2
0 Name: Part 2.ldr
0 Author: LDraw
0 Unofficial Model
0 ROTATION CENTER 0 0 0 1 "Custom" 
0 ROTATION CONFIG 0 0
1 72 20 16 0 1 0 0 0 1 0 0 0 1 3032.dat
1 72 -18.352 0 -92.263 0.92388 0 0.382683 0 1 0 -0.382683 0 0.92388 Part 3.ldr
1 72 -18.071 0 92.57 0.92388 0 -0.382683 0 1 0 0.382683 0 0.92388 Part 4.ldr
1 72 60 -12 0 0 -1 0 0 0 1 -1 0 0 50745.dat
1 0 -30 16 0 0 0 1 0 1 0 -1 0 0 85984.dat
1 71 -40 8 40 -1 0 0 0 1 0 0 0 -1 2429.dat
1 71 -40 8 -40 1 0 0 0 1 0 0 0 1 2430.dat
1 71 60 8 -30 1 0 0 0 1 0 0 0 1 3069b.dat
1 71 68 -12 0 0 -1 0 0 0 1 -1 0 0 88930.dat
1 71 68 -12 -30 0 -1 0 1 0 0 0 0 1 3004.dat
1 71 68 -12 30 0 -1 0 1 0 0 0 0 1 3004.dat
1 71 40 8 0 0 0 -1 0 1 0 1 0 0 3956.dat
1 71 60 8 30 1 0 0 0 1 0 0 0 1 3069b.dat
1 71 30 -16 -30 0 0 1 0 1 0 -1 0 0 4286.dat
1 71 30 -16 30 0 0 1 0 1 0 -1 0 0 4286.dat
1 28 20 8 -30 1 0 0 0 1 0 0 0 1 3023.dat
1 28 20 8 30 1 0 0 0 1 0 0 0 1 3023.dat
1 28 0 8 0 1 0 0 0 1 0 0 0 1 3068b.dat
1 28 -10 -72 10 0 0 -1 0 1 0 1 0 0 Battle Droid.ldr
0
0 FILE Part 3.ldr
0 Part 3
0 Name: Part 3.ldr
0 Author: LDraw
0 Unofficial Model
0 ROTATION CENTER 0 0 0 1 "Custom" 
0 ROTATION CONFIG 0 0
1 72 20 16 0 1 0 0 0 1 0 0 0 1 3032.dat
1 72 50 -32 -30 1 0 0 0 1 0 0 0 1 3062b.dat
1 0 -30 16 0 0 0 1 0 1 0 -1 0 0 85984.dat
1 0 30 16 0 0 0 -1 0 1 0 1 0 0 85984.dat
1 28 0 8 0 0 0 -1 0 1 0 1 0 0 3068b.dat
1 28 20 8 30 -1 0 0 0 1 0 0 0 -1 3023.dat
1 28 -10 -72 10 0 0 -1 0 1 0 1 0 0 Super Battle Droid.ldr
1 71 -40 8 40 -1 0 0 0 1 0 0 0 -1 2429.dat
1 71 -30 -8 -30 0 0 -1 0 1 0 1 0 0 4286.dat
1 71 -30 -16 30 0 0 -1 0 1 0 1 0 0 4286.dat
1 71 50 -8 -30 -1 0 0 0 1 0 0 0 -1 4286.dat
1 71 70 16 -10 1 0 0 0 1 0 0 0 1 54200.dat
1 71 70 16 30 -1 0 0 0 1 0 0 0 -1 54200.dat
1 330 50 -32 -30 0.92388 0 0.382683 0 1 0 -0.382683 0 0.92388 15279.dat
1 330 70 16 10 -0.92388 0 -0.382683 0 1 0 0.382683 0 -0.92388 15279.dat
1 330 30 8 30 -1 0 0 0 1 0 0 0 -1 15279.dat
0
0 FILE Part 4.ldr
0 Part 4
0 Name: Part 4.ldr
0 Author: LDraw
0 Unofficial Model
0 ROTATION CENTER 0 0 0 1 "Custom" 
0 ROTATION CONFIG 0 0
1 72 -20 16 40 0 0 -1 0 1 0 1 0 0 3034.dat
1 72 -60 16 80 0 0 -1 0 1 0 1 0 0 3020.dat
1 0 -70 16 80 0 0 1 0 1 0 -1 0 0 85984.dat
1 0 -40 16 50 1 0 0 0 1 0 0 0 1 85984.dat
1 0 -10 8 80 0 0 -1 0 1 0 1 0 0 2540.dat
1 0 15 -19 80 0 -1 0 1 0 0 0 0 1 63868.dat
1 28 23 -19 80 0 -1 0 0 0 1 -1 0 0 30239.dat
1 28 -40 8 80 0 0 -1 0 1 0 1 0 0 3068b.dat
1 28 -50 -72 90 0 0 -1 0 1 0 1 0 0 Super Battle Droid.ldr
1 330 -30 -24 -10 -0.382683 0 -0.92388 0 1 0 0.92388 0 -0.382683 2423.dat
1 330 -30 -16 -20 1 0 0 0 1 0 0 0 1 11477.dat
1 330 31 -29 80 0 -1 0 -0.707107 0 0.707107 -0.707107 0 -0.707107 2423.dat
1 330 23 -19 80 0 -1 0 0 0 -1 1 0 0 11477.dat
1 28 -10 8 40 0 0 -1 0 1 0 1 0 0 3023.dat
1 28 -20 8 -10 -1 0 0 0 1 0 0 0 -1 3023.dat
1 71 -40 8 -40 1 0 0 0 1 0 0 0 1 2430.dat
1 71 -10 -8 110 0 0 1 0 1 0 -1 0 0 4286.dat
1 71 -10 -16 90 1 0 0 0 1 0 0 0 1 4286.dat
1 71 -30 -16 -20 0 0 -1 0 1 0 1 0 0 3039.dat
0
0 FILE Part 5.ldr
0 Part 5
0 Name: Part 5.ldr
0 Author: LDraw
0 Unofficial Model
0 ROTATION CENTER 0 0 0 1 "Custom" 
0 ROTATION CONFIG 0 0
1 71 -60 16 0 1 0 0 0 1 0 0 0 1 2445.dat
1 71 40 32 0 0 0 -1 0 1 0 1 0 0 3176.dat
1 47 -160 32 0 0 0 -1 0 1 0 1 0 0 2654.dat
1 71 -140 24 -10 1 0 0 0 1 0 0 0 1 88072.dat
1 71 -140 24 10 -1 0 0 0 1 0 0 0 -1 88072.dat
1 71 100 -6 0 0 0 1 0 1 0 -1 0 0 32073.dat
1 72 100 -6 25 0 0 1 1 0 0 0 1 0 41677.dat
1 72 100 -6 -25 0 0 1 1 0 0 0 1 0 41677.dat
1 15 100 16 0 1 0 0 0 1 0 0 0 1 3020.dat
1 15 60 24 0 1 0 0 0 1 0 0 0 1 3020.dat
1 15 -140.383 16 -30.924 -0.92388 -0.382683 0 0 0 -1 0.382683 -0.92388 0 Part 8.ldr
1 15 -140 16 30 -0.92388 -0.382683 0 0 0 1 -0.382683 0.92388 0 Part 8.ldr
1 15 -180 24 0 1 0 0 0 1 0 0 0 1 3022.dat
1 15 -190 24 0 0 0 1 0 1 0 -1 0 0 85984.dat
1 15 -40 -8 10 1 0 0 0 1 0 0 0 1 4865b.dat
1 15 -70 8 0 0 0 -1 0 1 0 1 0 0 3794b.dat
1 15 90 -32 0 0 0 -1 0 1 0 1 0 0 3794b.dat
1 15 -70 -16 0 0 0 -1 0 1 0 1 0 0 6541.dat
1 15 0 0 0 0 0 -1 0 1 0 1 0 0 11477.dat
1 15 110 -48 0 0 0 -1 0 1 0 1 0 0 50950.dat
1 15 -100 -16 0 0 0 1 0 1 0 -1 0 0 11477.dat
1 15 -70 -32 0 0 0 1 0 1 0 -1 0 0 3024.dat
1 15 -150 -24 0 1 0 0 0 1 0 0 0 1 63864.dat
1 15 -90 -16 0 0 0 -1 0 1 0 1 0 0 6541.dat
1 36 -140 -16 0 0 0 1 0 1 0 -1 0 0 15400c01.dat
1 15 -110 8 0 0 0 -1 0 1 0 1 0 0 3794b.dat
1 15 -150 8 0 0 0 -1 0 1 0 1 0 0 3794b.dat
1 320 -90 8 0 0 0 -1 0 1 0 1 0 0 3794b.dat
1 320 -130 8 0 0 0 -1 0 1 0 1 0 0 3794b.dat
1 320 130 0 0 0 0 -1 0 1 0 1 0 0 3794b.dat
1 320 10 0 0 0 0 -1 0 1 0 1 0 0 3794b.dat
1 320 -10 -8 0 0 0 -1 0 1 0 1 0 0 3794b.dat
1 15 -170 8 0 0 0 -1 0 1 0 1 0 0 3794b.dat
1 15 -40 -8 -10 -1 0 0 0 1 0 0 0 -1 4865b.dat
1 15 100 -16 -10 -1 0 0 0 1 0 0 0 -1 32064b.dat
1 15 98 4 40 0 1 0 -1 0 0 0 0 1 Part 7.ldr
1 15 98 4 -40 0 1 0 -1 0 0 0 0 1 Part 6.ldr
1 15 100 -16 10 -1 0 0 0 1 0 0 0 -1 32064b.dat
1 72 80 8 10 1 0 0 0 1 0 0 0 1 3666.dat
1 72 80 8 -10 1 0 0 0 1 0 0 0 1 3666.dat
1 72 -10 0 0 0 0 -1 0 1 0 1 0 0 3023.dat
1 320 110 -24 0 0 0 -1 0 1 0 1 0 0 3794b.dat
1 72 90 -24 0 0 0 -1 0 1 0 1 0 0 3023.dat
1 72 70 -24 0 0 0 1 0 1 0 -1 0 0 2432.dat
1 72 -80 -24 0 -1 0 0 0 1 0 0 0 -1 3023.dat
1 15 160 0 0 -1 0 0 0 1 0 0 0 -1 3023.dat
1 0 0 8 0 0 0 -1 0 1 0 1 0 0 4600.dat
1 0 12 -25 -15 -1 0 0 0 0 -1 0 -1 0 4599b.dat
1 0 12 -25 15 1 0 0 0 0 -1 0 1 0 4599b.dat
1 0 0 13 -27 0 0 -1 0 -1 0 -1 0 0 30377.dat
1 0 0 13 27 0 0 -1 0 -1 0 -1 0 0 30377.dat
1 0 130 -24 0 0 0 -1 0 1 0 1 0 0 4286.dat
0 
0
0 FILE Part 6.ldr
0 Part 6
0 Name: Part 6.ldr
0 Author: LDraw
0 Unofficial Model
0 ROTATION CENTER 0 0 0 1 "Custom" 
0 ROTATION CONFIG 0 0
1 15 10 -8 0 1 0 0 0 1 0 0 0 1 32064b.dat
1 15 10 16 0 1 0 0 0 1 0 0 0 1 48336.dat
1 15 11 17.617 -20.924 0 0 1 -0.92388 -0.382683 0 0.382683 -0.92388 0 Part 8.ldr
1 15 20 24 0 0 0 1 0 1 0 -1 0 0 3665.dat
1 15 0 -16 0 0 0 1 0 1 0 -1 0 0 3024.dat
1 71 20 -16 0 0 0 -1 0 1 0 1 0 0 4085c.dat
1 72 10 -16 0 0 0 -1 0 1 0 1 0 0 61409.dat
1 0 40 8 1 -1 0 0 0 0.438371 0.898794 0 0.898794 -0.438371 30088.dat
0
0 FILE Part 7.ldr
0 Part 7
0 Name: Part 7.ldr
0 Author: LDraw
0 Unofficial Model
0 ROTATION CENTER 0 0 0 1 "Custom" 
0 ROTATION CONFIG 0 0
1 15 10 -8 0 1 0 0 0 1 0 0 0 1 32064b.dat
1 15 10 16 0 -1 0 0 0 1 0 0 0 -1 48336.dat
1 15 20 24 0 0 0 1 0 1 0 -1 0 0 3665.dat
1 15 0 -16 0 0 0 1 0 1 0 -1 0 0 3024.dat
1 71 20 -16 0 0 0 -1 0 1 0 1 0 0 4085c.dat
1 72 10 -16 0 0 0 -1 0 1 0 1 0 0 61409.dat
1 0 40 8 1 1 0 0 0 0.438371 0.898794 0 -0.898794 0.438371 30088.dat
1 15 11 17.617 20.924 0 0 -1 -0.92388 -0.382683 0 -0.382683 0.92388 0 Part 8.ldr
0
0 FILE Part 8.ldr
0 Part 8
0 Name: Part 8.ldr
0 Author: LDraw
0 Unofficial Model
0 ROTATION CENTER 0 0 0 1 "Custom" 
0 ROTATION CONFIG 0 0
1 15 0 16 0 1 0 0 0 1 0 0 0 1 99774.dat
1 71 0 5 0 1 0 0 0 1 0 0 0 1 2555.dat
0 
0
0
