0 FILE Battle of Naboo.ldr
0 Battle of Naboo
0 Name: Battle of Naboo.ldr
0 Author: LDraw
0 Unofficial Model
0 ROTATION CENTER 0 0 0 1 "Custom" 
0 ROTATION CONFIG 0 0
1 0 90 40 124 -0.382683 0 -0.92388 0 1 0 0.92388 0 -0.382683 Part 1.ldr
1 0 -164 11 -189 0 0 1 0 1 0 -1 0 0 Pilot Droid.ldr
1 0 -164 11 -129 0 0 1 0 1 0 -1 0 0 Pilot Droid.ldr
1 0 -14 11 -386 0 0 1 0 1 0 -1 0 0 Battle Droid.ldr
1 0 -14 11 -326 0 0 1 0 1 0 -1 0 0 Battle Droid.ldr
1 0 -14 11 -266 0 0 1 0 1 0 -1 0 0 Battle Droid.ldr
1 0 -14 11 -206 0 0 1 0 1 0 -1 0 0 Battle Droid.ldr
1 0 -164 11 -436 0 0 1 0 1 0 -1 0 0 Battle Droid.ldr
1 0 -164 11 -376 0 0 1 0 1 0 -1 0 0 Battle Droid.ldr
1 0 -164 11 -316 0 0 1 0 1 0 -1 0 0 Battle Droid.ldr
1 0 -164 11 -256 0 0 1 0 1 0 -1 0 0 Battle Droid.ldr
1 0 -154 11 124 0 0 1 0 1 0 -1 0 0 Gungan Soldier.ldr
1 0 -154 11 14 0 0 1 0 1 0 -1 0 0 Jar-Jar Binks.ldr
0
0 FILE Battle Droid.ldr
0 Battle Droid
0 Name: Battle Droid.ldr
0 Author: LDraw
0 Unofficial Model
0 ROTATION CENTER 0 0 0 1 "Custom" 
0 ROTATION CONFIG 0 0
1 19 -4 -8 0 1 0 0 0 1 0 0 0 1 30377.dat
1 19 -36 -8 0 1 0 0 0 0.92388 0.382683 0 -0.382683 0.92388 59230.dat
1 0 -36 29.879 -15.69 1 0 0 0 0.382683 -0.92388 0 0.92388 0.382683 58247.dat
1 19 -20 -8 0 1 0 0 0 1 0 0 0 1 30378.dat
1 19 -20 24 0 1 0 0 0 1 0 0 0 1 30375.dat
1 19 -20 64 0 1 0 0 0 1 0 0 0 1 30376.dat
0
0 FILE Pilot Droid.ldr
0 Pilot Droid
0 Name: Pilot Droid.ldr
0 Author: LDraw
0 Unofficial Model
0 ROTATION CENTER 0 0 0 1 "Custom" 
0 ROTATION CONFIG 0 0
1 19 -4 -8 0 1 0 0 0 1 0 0 0 1 30377.dat
1 19 -36 -8 0 1 0 0 0 1 0 0 0 1 30377.dat
1 19 -20 -8 0 1 0 0 0 1 0 0 0 1 30378.dat
1 1 -20 24 0 1 0 0 0 1 0 0 0 1 30375.dat
1 19 -20 64 0 1 0 0 0 1 0 0 0 1 30376.dat
0
0 FILE Gungan Soldier.ldr
0 Gungan Soldier
0 Name: Gungan Soldier.ldr
0 Author: LDraw
0 Unofficial Model
0 ROTATION CENTER 0 0 0 1 "Custom" 
0 ROTATION CONFIG 0 0
1 19 0 0 0 1 0 0 0 1 0 0 0 1 30371.dat
1 308 0 0 0 1 0 0 0 1 0 0 0 1 973.dat
1 28 0 32 0 1 0 0 0 1 0 0 0 1 3815.dat
1 92 -15.552 9 0 0.985 -0.17 0 0.17 0.985 0 0 0 1 3818.dat
1 92 15.552 9 0 0.985 0.17 0 -0.17 0.985 0 0 0 1 3819.dat
1 92 -23.8634 26.5956 -10.321 0.985 -0.12019 0.12019 0.17 0.696395 -0.696395 0 0.707 0.707 3820.dat
1 71 -23.215 19.512 -40.321 0.957784 0.0481767 0.281915 -0.214093 -0.532411 0.818276 0.189574 -0.844676 -0.500209 3957a.dat
1 43 -22.0294 15.2771 -46.5268 0.957784 0.0481767 0.281915 -0.214093 -0.532411 0.818276 0.189574 -0.844676 -0.500209 3062b.dat
1 92 23.8634 26.5956 -10.321 0.985 0.12019 -0.12019 -0.17 0.696395 -0.696395 0 0.707 0.707 3820.dat
1 52 28.7976 31.6762 -17.5409 0.0874983 0.14567 -0.985 0.506976 0.844031 0.17 0.856884 -0.514696 0 92747p01.dat
1 28 0 44 0 1 0 0 0 1 0 0 0 1 3816.dat
1 28 0 44 0 1 0 0 0 1 0 0 0 1 3817.dat
0
0 FILE Jar-Jar Binks.ldr
0 Jar-Jar Binks
0 Name: Jar-Jar Binks.ldr
0 Author: LDraw
0 Unofficial Model
0 ROTATION CENTER 0 0 0 1 "Custom" 
0 ROTATION CONFIG 0 0
1 19 0 0 0 1 0 0 0 1 0 0 0 1 30371.dat
1 28 0 0 0 1 0 0 0 1 0 0 0 1 973pr6.dat
1 72 0 32 0 1 0 0 0 1 0 0 0 1 3815.dat
1 71 43.773 25.722 -19.522 -0.0855085 0.151136 0.984808 -0.484943 0.857133 -0.173648 -0.870356 -0.492424 0 48336.dat
1 43 41 10 1 -0.0855085 0.151136 0.984808 -0.484943 0.857133 -0.173648 -0.870356 -0.492424 0 3062b.dat
1 92 -15.552 9 0 0.985 -0.17 0 0.17 0.985 0 0 0 1 3818.dat
1 92 15.552 9 0 0.985 0.17 0 -0.17 0.985 0 0 0 1 3819.dat
1 92 -23.8634 26.5956 -10.321 0.985 -0.12019 0.12019 0.17 0.696395 -0.696395 0 0.707 0.707 3820.dat
1 43 -20.89 20.305 -40.063 0.985 -0.12019 0.12019 0.164207 0.489681 -0.855651 0.0439992 0.86315 0.502669 3062b.dat
1 92 23.8634 26.5956 -10.321 0.985 0.12019 -0.12019 -0.17 0.696395 -0.696395 0 0.707 0.707 3820.dat
1 72 0 44 0 1 0 0 0 1 0 0 0 1 3816.dat
1 72 0 44 0 1 0 0 0 1 0 0 0 1 3817.dat
0
0 FILE Part 1.ldr
0 Part 1
0 Name: Part 1.ldr
0 Author: LDraw
0 Unofficial Model
0 ROTATION CENTER 0 0 0 1 "Custom" 
0 ROTATION CONFIG 0 0
1 72 40 24 0 0 0 -1 0 1 0 1 0 0 3795.dat
1 72 -160 8 0 0 0 -1 0 1 0 1 0 0 3795.dat
1 72 -170 -24 0 0 0 1 0 1 0 -1 0 0 3298.dat
1 72 -410 -24 0 0 0 1 0 1 0 -1 0 0 3937.dat
1 0 40 16 -20 0 0 -1 0 1 0 1 0 0 4032b.dat
1 0 40 16 20 0 0 -1 0 1 0 1 0 0 4032b.dat
1 72 -340 24 0 0 0 -1 0 1 0 1 0 0 3020.dat
1 72 -320 -16 0 0 0 -1 0 1 0 1 0 0 3020.dat
0 MLCAD BTG Group name
1 72 -429.799 -19.657 0 -0.707107 0.707107 0 0.707107 0.707107 0 0 0 -1 3020.dat
0 MLCAD BTG Group name
1 72 -443.941 -5.514 10 0 0.707107 0.707107 0 0.707107 -0.707107 -1 0 0 61409.dat
0 MLCAD BTG Group name
1 72 -443.941 -5.514 -10 0 0.707107 0.707107 0 0.707107 -0.707107 -1 0 0 61409.dat
0 MLCAD BTG Group name
1 28 -412.828 -59.254 0 0 0.707107 -0.707107 0 0.707107 0.707107 1 0 0 47753.dat
1 0 -190 24 0 0 0 -1 0 1 0 1 0 0 3023.dat
1 0 -190 8 0 0 0 -1 0 1 0 1 0 0 3023.dat
1 72 -260 24 0 -1 0 0 0 1 0 0 0 -1 3795.dat
1 72 -300 8 0 -1 0 0 0 1 0 0 0 -1 3832.dat
0 MLCAD BTG Group name
1 0 -417.071 -21.071 0 0 0.707107 0.707107 0 0.707107 -0.707107 -1 0 0 6134.dat
0 GROUP 5 Group name
1 72 -390 -32 0 0 0 1 0 1 0 -1 0 0 2412b.dat
1 72 -290 -8 30 -1 0 0 0 1 0 0 0 -1 4070.dat
1 72 -270 -8 30 -1 0 0 0 1 0 0 0 -1 4070.dat
1 72 -270 -8 -30 1 0 0 0 1 0 0 0 1 4070.dat
1 72 -290 -8 -30 1 0 0 0 1 0 0 0 1 4070.dat
1 72 -330 -8 30 -1 0 0 0 1 0 0 0 -1 4070.dat
1 72 -330 -8 -30 1 0 0 0 1 0 0 0 1 4070.dat
1 72 -390 -24 10 -1 0 0 0 1 0 0 0 -1 4070.dat
1 72 -390 -24 -10 1 0 0 0 1 0 0 0 1 4070.dat
1 72 -310 0 -30 1 0 0 0 1 0 0 0 1 4081b.dat
1 72 -310 0 30 -1 0 0 0 1 0 0 0 -1 4081b.dat
1 72 -40 8 -50 -1 0 0 0 1 0 0 0 -1 3666.dat
1 72 -40 8 50 -1 0 0 0 1 0 0 0 -1 3666.dat
1 72 -240 -16 30 -1 0 0 0 1 0 0 0 -1 3666.dat
1 72 -240 -16 -30 -1 0 0 0 1 0 0 0 -1 3666.dat
1 72 -140 24 0 0 0 -1 0 1 0 1 0 0 3032.dat
1 72 28 40 -50 0 0 -1 0 1 0 1 0 0 6120.dat
1 72 28 40 50 0 0 -1 0 1 0 1 0 0 6120.dat
1 72 -108 40 50 0 0 1 0 1 0 -1 0 0 6120.dat
1 72 -108 40 -50 0 0 1 0 1 0 -1 0 0 6120.dat
1 72 -328 40 -30 0 0 1 0 1 0 -1 0 0 6120.dat
1 72 -328 40 30 0 0 1 0 1 0 -1 0 0 6120.dat
1 70 -120 8 -40 0 0 -1 0 1 0 1 0 0 3022.dat
1 70 -200 0 0 0 0 -1 0 1 0 1 0 0 3022.dat
1 70 -220 -8 -30 -1 0 0 0 1 0 0 0 -1 3010.dat
1 70 -220 -8 30 -1 0 0 0 1 0 0 0 -1 3010.dat
1 70 -120 8 40 0 0 -1 0 1 0 1 0 0 3022.dat
1 70 -190 -24 30 -1 0 0 0 1 0 0 0 -1 3623.dat
1 70 -120 -24 50 -1 0 0 0 1 0 0 0 -1 3666.dat
1 70 -120 -24 -50 -1 0 0 0 1 0 0 0 -1 3666.dat
1 70 -190 -24 -30 -1 0 0 0 1 0 0 0 -1 3623.dat
1 70 -300 -24 -30 -1 0 0 0 1 0 0 0 -1 2431.dat
1 70 0 -24 -50 -1 0 0 0 1 0 0 0 -1 6636.dat
1 70 0 -24 50 -1 0 0 0 1 0 0 0 -1 6636.dat
1 70 -170 -32 0 0 0 1 0 1 0 -1 0 0 6636.dat
1 70 -330 -80 0 0 0 1 0 1 0 -1 0 0 30044.dat
1 70 -310 -80 0 0 0 1 0 1 0 -1 0 0 30044.dat
1 70 -300 -24 30 -1 0 0 0 1 0 0 0 -1 2431.dat
1 70 -240 -48 30 -1 0 0 0 1 0 0 0 -1 2432.dat
1 70 -240 -48 -30 1 0 0 0 1 0 0 0 1 2432.dat
1 70 40 8 -40 0 0 -1 0 1 0 1 0 0 3022.dat
1 70 40 8 40 0 0 -1 0 1 0 1 0 0 3022.dat
1 28 -120 8 0 0 0 -1 0 1 0 1 0 0 3068b.dat
1 28 -170 -16 -30 0 0 -1 0 1 0 1 0 0 3040b.dat
1 28 -170 -16 30 0 0 -1 0 1 0 1 0 0 3040b.dat
1 28 -210 -48 -30 0 0 -1 0 1 0 1 0 0 3040b.dat
1 28 -210 -48 30 0 0 -1 0 1 0 1 0 0 3040b.dat
1 28 -90 -16 50 -1 0 0 0 1 0 0 0 -1 3040b.dat
1 28 -90 -16 -50 1 0 0 0 1 0 0 0 1 3040b.dat
1 28 -30 -16 50 -1 0 0 0 1 0 0 0 -1 3040b.dat
1 28 -30 -16 -50 1 0 0 0 1 0 0 0 1 3040b.dat
1 28 -160 -16 -50 0 0 1 0 1 0 -1 0 0 41748.dat
1 28 -160 -16 50 0 0 1 0 1 0 -1 0 0 41747.dat
1 28 40 -16 50 0 0 -1 0 1 0 1 0 0 41748.dat
1 28 0 -6 -84 0 0 -1 -1 0 0 0 1 0 30367b.dat
1 1 0 -6 -60 0 0 -1 0 -1 0 -1 0 0 43093.dat
1 28 0 -6 84 0 0 1 -1 0 0 0 -1 0 30367b.dat
1 1 0 -6 60 0 0 1 0 -1 0 1 0 0 43093.dat
1 28 -60 -6 -84 0 0 -1 -1 0 0 0 1 0 30367b.dat
1 1 -60 -6 -60 0 0 -1 0 -1 0 -1 0 0 43093.dat
1 28 -60 -6 84 0 0 1 -1 0 0 0 -1 0 30367b.dat
1 1 -60 -6 60 0 0 1 0 -1 0 1 0 0 43093.dat
1 28 -120 -6 -84 0 0 -1 -1 0 0 0 1 0 30367b.dat
1 28 -412 14 -70 0 -1 0 -1 0 0 0 0 -1 30367b.dat
1 47 -436 14 -70 0 -1 0 -1 0 0 0 0 -1 2654.dat
1 72 -400 2 -30 -1 0 0 0 0 -1 0 -1 0 30377.dat
1 1 -120 -6 -60 0 0 -1 0 -1 0 -1 0 0 43093.dat
1 28 -120 -6 84 0 0 1 -1 0 0 0 -1 0 30367b.dat
1 1 -120 -6 60 0 0 1 0 -1 0 1 0 0 43093.dat
1 28 40 -16 -50 0 0 -1 0 1 0 1 0 0 41747.dat
1 28 -290 2 -60 0 0 -1 -1 0 0 0 1 0 3040b.dat
1 28 -330 2 -60 0 0 1 1 0 0 0 1 0 3040b.dat
1 28 -290 2 60 0 0 -1 1 0 0 0 -1 0 3040b.dat
1 28 -330 2 60 0 0 1 -1 0 0 0 -1 0 3040b.dat
1 28 -380 16 -20 0 0 1 0 1 0 -1 0 0 41770.dat
1 28 -380 16 20 0 0 1 0 1 0 -1 0 0 41769.dat
1 28 40 8 0 0 0 -1 0 1 0 1 0 0 3068b.dat
1 71 -60 16 50 -1 0 0 0 1 0 0 0 -1 60479.dat
1 71 -60 16 -50 -1 0 0 0 1 0 0 0 -1 60479.dat
1 71 -120 -16 -50 -1 0 0 0 1 0 0 0 -1 3700.dat
1 71 -120 -16 50 -1 0 0 0 1 0 0 0 -1 3700.dat
1 71 -60 -16 -50 -1 0 0 0 1 0 0 0 -1 3700.dat
1 71 -60 -16 50 -1 0 0 0 1 0 0 0 -1 3700.dat
1 71 0 -16 -50 -1 0 0 0 1 0 0 0 -1 3700.dat
1 71 0 -16 50 -1 0 0 0 1 0 0 0 -1 3700.dat
1 71 -310 8 -30 -1 0 0 0 1 0 0 0 -1 4073.dat
1 71 -310 8 30 -1 0 0 0 1 0 0 0 -1 4073.dat
1 71 -310 -8 -30 -1 0 0 0 1 0 0 0 -1 4073.dat
1 71 -310 -8 30 -1 0 0 0 1 0 0 0 -1 4073.dat
1 71 -220 16 0 -1 0 0 0 1 0 0 0 -1 3029.dat
1 71 -410 8 0 0 0 1 0 1 0 -1 0 0 60470a.dat
1 80 -430 10 -15 0 1 0 1 0 0 0 0 -1 53451.dat
1 80 -430 10 15 0 1 0 -1 0 0 0 0 1 53451.dat
1 71 -170 0 0 0 0 -1 0 1 0 1 0 0 88072.dat
1 71 -400 0 10 -1 0 0 0 1 0 0 0 -1 2540.dat
1 71 -400 0 -10 1 0 0 0 1 0 0 0 1 2540.dat
1 71 -388 14 -70 0 -1 0 1 0 0 0 0 1 4599b.dat
1 71 -330 32 0 0 0 1 0 1 0 -1 0 0 3710.dat
1 71 -390 -14 -24 0.382683 0 0.92388 0.92388 0 -0.382683 0 1 0 4592.dat
1 0 -390 -14 -24 0.382683 -0.92388 0 0.92388 0.382683 0 0 0 1 4593.dat
1 71 -390 -14 24 -0.382683 0 0.92388 -0.92388 0 -0.382683 0 -1 0 4592.dat
1 0 -390 -14 24 -0.382683 -0.92388 0 -0.92388 0.382683 0 0 0 -1 4593.dat
1 71 -110 32 0 0 0 1 0 1 0 -1 0 0 3666.dat
1 71 30 32 0 0 0 1 0 1 0 -1 0 0 3666.dat
1 71 -50 -32 0 1 0 0 0 1 0 0 0 1 Part 2.ldr
0
0 FILE Part 2.ldr
0 Part 2
0 Name: Part 2.ldr
0 Author: LDraw
0 Unofficial Model
0 ROTATION CENTER 0 0 0 1 "Custom" 
0 ROTATION CONFIG 0 0
1 72 10 32 0 1 0 0 0 1 0 0 0 1 3832.dat
1 72 10 -72 0 1 0 0 0 1 0 0 0 1 3832.dat
1 72 10 -88 0 1 0 0 0 1 0 0 0 1 3035.dat
1 72 10 16 0 1 0 0 0 1 0 0 0 1 3035.dat
1 72 -110 -40 0 0 1 0 -1 0 0 0 0 1 3960.dat
1 72 -80 -96 0 0 0 -1 0 1 0 1 0 0 2412b.dat
1 72 100 -96 0 0 0 -1 0 1 0 1 0 0 2412b.dat
1 71 100 8 0 0 0 -1 0 1 0 1 0 0 30237.dat
1 71 -80 8 0 0 0 1 0 1 0 -1 0 0 30237.dat
1 71 -60 -80 0 0 0 1 0 1 0 -1 0 0 3710.dat
1 71 -50 8 -20 0 0 1 0 1 0 -1 0 0 87580.dat
1 71 30 8 -20 0 0 1 0 1 0 -1 0 0 87580.dat
1 71 -10 8 20 0 0 1 0 1 0 -1 0 0 87580.dat
1 71 70 8 20 0 0 1 0 1 0 -1 0 0 87580.dat
1 71 -50 -96 -20 0 0 1 0 1 0 -1 0 0 87580.dat
1 71 30 -96 -20 0 0 1 0 1 0 -1 0 0 87580.dat
1 71 -10 -96 20 0 0 1 0 1 0 -1 0 0 87580.dat
1 71 70 -96 20 0 0 1 0 1 0 -1 0 0 87580.dat
1 71 80 -80 0 0 0 1 0 1 0 -1 0 0 3710.dat
1 71 -60 24 0 0 0 1 0 1 0 -1 0 0 3710.dat
1 71 80 24 0 0 0 1 0 1 0 -1 0 0 3710.dat
1 71 -80 -64 0 0 0 1 0 1 0 -1 0 0 3700.dat
1 71 100 -64 0 0 0 1 0 1 0 -1 0 0 3700.dat
1 71 -80 -40 -30 1 0 0 0 1 0 0 0 1 60475a.dat
1 71 -80 -40 30 -1 0 0 0 1 0 0 0 -1 60475a.dat
1 71 100 -40 -30 1 0 0 0 1 0 0 0 1 60475a.dat
1 71 100 -40 30 -1 0 0 0 1 0 0 0 -1 60475a.dat
1 71 -80 -64 -30 1 0 0 0 1 0 0 0 1 60475a.dat
1 71 -80 -90 -50 1 0 0 0 1 0 0 0 1 30374.dat
1 71 -80 -90 50 1 0 0 0 1 0 0 0 1 30374.dat
1 72 130 -40 0 0 -1 0 -1 0 0 0 0 -1 3960.dat
1 71 100 -90 50 -1 0 0 0 1 0 0 0 -1 30374.dat
1 71 100 -90 -50 -1 0 0 0 1 0 0 0 -1 30374.dat
1 71 -80 -96 -10 1 0 0 0 1 0 0 0 1 6091.dat
1 71 -80 -96 10 -1 0 0 0 1 0 0 0 -1 6091.dat
1 71 100 -96 -10 1 0 0 0 1 0 0 0 1 6091.dat
1 71 100 -96 10 -1 0 0 0 1 0 0 0 -1 6091.dat
1 71 -80 -64 30 -1 0 0 0 1 0 0 0 -1 60475a.dat
1 71 100 -64 -30 1 0 0 0 1 0 0 0 1 60475a.dat
1 71 100 -64 30 -1 0 0 0 1 0 0 0 -1 60475a.dat
1 0 -80 -24 0 0 0 1 0 1 0 -1 0 0 3023.dat
1 0 100 -24 0 0 0 1 0 1 0 -1 0 0 3023.dat
1 71 -80 -32 0 0 0 1 0 1 0 -1 0 0 3023.dat
1 71 100 -32 0 0 0 1 0 1 0 -1 0 0 3023.dat
1 71 -80 -40 0 0 0 1 0 1 0 -1 0 0 44728.dat
1 71 100 -40 0 0 0 -1 0 1 0 1 0 0 44728.dat
1 71 -80 -80 0 0 0 1 0 1 0 -1 0 0 44728.dat
1 71 100 -80 0 0 0 -1 0 1 0 1 0 0 44728.dat
1 71 -80 -16 10 -1 0 0 0 1 0 0 0 -1 3665.dat
1 71 -80 -16 -10 1 0 0 0 1 0 0 0 1 3665.dat
1 71 100 -16 10 -1 0 0 0 1 0 0 0 -1 3665.dat
1 71 100 -16 -10 1 0 0 0 1 0 0 0 1 3665.dat
0
0
