0 Main
0 Name: 1793-1 - Space Station Zenon.mpd
0 Author: LTRON
1 0 -240 -8 -160 -1 0 0 0 1 0 0 0 -1 3680.dat
1 0 -270 -72 -70 0 0 1 0 1 0 -1 0 0 4460.dat
1 7 -140 -24 -70 -1 0 0 0 1 0 0 0 -1 3004.dat
1 0 -100 -24 -60 -1 0 0 0 1 0 0 0 -1 3003.dat
1 7 -100 -24 -20 -1 0 0 0 1 0 0 0 -1 3003.dat
1 0 -60 -24 -20 -1 0 0 0 1 0 0 0 -1 3003.dat
1 7 -50 -24 20 0 0 -1 0 1 0 1 0 0 3004.dat
1 1 -140 -24 20 0 0 -1 0 1 0 1 0 0 3003.dat
1 1 -180 -24 60 0 0 -1 0 1 0 1 0 0 3003.dat
1 0 -210 -24 70 0 0 -1 0 1 0 1 0 0 3005.dat
1 0 -190 -24 90 0 0 -1 0 1 0 1 0 0 3005.dat
1 0 -50 -72 150 -1 0 0 0 1 0 0 0 -1 4460.dat
1 0 40 -8 120 0 0 -1 0 1 0 1 0 0 3680.dat
1 7 -270 -72 0 0 0 1 0 1 0 -1 0 0 3684.dat
1 7 -120 -72 150 -1 0 0 0 1 0 0 0 -1 3684.dat
1 1 -210 -72 90 -1 0 0 0 1 0 0 0 -1 3685.dat
1 0 -190 -48 70 0 0 -1 0 1 0 1 0 0 2357.dat
1 7 -170 -48 50 0 0 -1 0 1 0 1 0 0 2357.dat
1 0 -150 -48 30 0 0 1 0 1 0 -1 0 0 2357.dat
1 7 -120 -48 0 0 0 1 0 1 0 -1 0 0 3003.dat
1 0 -190 -72 90 0 0 -1 0 1 0 1 0 0 3005.dat
1 0 -210 -72 70 0 0 -1 0 1 0 1 0 0 3005.dat
1 1 -180 -56 60 0 0 -1 0 1 0 1 0 0 3022.dat
1 1 -140 -56 20 0 0 -1 0 1 0 1 0 0 3022.dat
1 0 -120 -48 -50 0 0 -1 0 1 0 1 0 0 3002.dat
1 0 -70 -48 0 -1 0 0 0 1 0 0 0 -1 3002.dat
1 7 -150 -48 -70 -1 0 0 0 1 0 0 0 -1 3005.dat
1 7 -50 -48 30 -1 0 0 0 1 0 0 0 -1 3005.dat
1 0 -210 -72 20 0 0 -1 0 1 0 1 0 0 4215.dat
1 0 -140 -72 90 1 0 0 0 1 0 0 0 1 4215.dat
1 7 -200 -72 -70 -1 0 0 0 1 0 0 0 -1 4215.dat
1 7 -50 -72 80 0 0 1 0 1 0 -1 0 0 4215.dat
1 0 -140 -72 -40 0 0 1 0 1 0 -1 0 0 3001.dat
1 0 -80 -72 20 -1 0 0 0 1 0 0 0 -1 3001.dat
1 7 -240 -80 10 -1 0 0 0 1 0 0 0 -1 2431.dat
1 7 -210 -80 60 0 0 -1 0 1 0 1 0 0 2431.dat
1 7 -130 -80 120 0 0 -1 0 1 0 1 0 0 2431.dat
1 7 -150 -80 90 0 0 -1 0 1 0 1 0 0 3070.dat
1 7 -180 -80 90 1 0 0 0 1 0 0 0 1 3069.dat
1 0 -200 -80 -10 -1 0 0 0 1 0 0 0 -1 4162.dat
1 0 -200 -80 -70 -1 0 0 0 1 0 0 0 -1 4162.dat
1 0 -50 -80 80 0 0 -1 0 1 0 1 0 0 4162.dat
1 0 -110 -80 80 0 0 -1 0 1 0 1 0 0 4162.dat
1 0 -140 -80 -40 0 0 -1 0 1 0 1 0 0 3068.dat
1 0 -80 -80 20 0 0 -1 0 1 0 1 0 0 3068.dat
1 0 -160 -80 40 0 0 -1 0 1 0 1 0 0 3403.dat
1 7 40 -8 120 -0.342 0 -0.9397 0 1 0 0.9397 0 -0.342 3679.dat
1 1 30.603 -16 116.58 -0.342 0 -0.9397 0 1 0 0.9397 0 -0.342 3794.dat
1 1 49.397 -16 123.42 -0.342 0 -0.9397 0 1 0 0.9397 0 -0.342 3794.dat
1 7 30.603 -40 116.58 -0.342 0 -0.9397 0 1 0 0.9397 0 -0.342 3062.dat
1 7 49.397 -40 123.42 -0.342 0 -0.9397 0 1 0 0.9397 0 -0.342 3062.dat
1 0 40 -64 120 0.9397 0 -0.342 0 1 0 0.342 0 0.9397 3937.dat
1 7 41.1696 -63.397 116.7862 -0.9397 -0.116964 0.321377 0 0.9397 0.342 -0.342 0.321377 -0.883036 3938.dat
1 0 42.1054 -70.9146 114.2152 -0.9397 -0.116964 0.321377 0 0.9397 0.342 -0.342 0.321377 -0.883036 3184.dat
1 7 47.1906 -82.5298 100.2428 0.9397 -0.116964 -0.321377 0 0.9397 -0.342 0.342 0.321377 0.883036 4590.dat
1 33 57.5233 -90.0474 101.0918 0.9397 -0.116964 -0.321377 0 0.9397 -0.342 0.342 0.321377 0.883036 6141.dat
1 0 16.7215 -93.4674 96.2421 0.9397 -0.116964 -0.321377 0 0.9397 -0.342 0.342 0.321377 0.883036 6141.dat
1 42 17.6572 -100.985 93.6711 0.9397 -0.116964 -0.321377 0 0.9397 -0.342 0.342 0.321377 0.883036 4740.dat
1 0 60.3304 -112.6002 93.3787 0.974469 -0.116964 0.191537 0.171 0.9397 -0.296172 -0.145346 0.321377 0.935709 4588.dat
1 33 63.1375 -135.153 85.6657 0.9397 -0.116964 -0.321377 0 0.9397 -0.342 0.342 0.321377 0.883036 4589.dat
1 7 -240 -8 -160 0.9397 0 0.342 0 1 0 -0.342 0 0.9397 3679.dat
1 1 -236.58 -16 -150.603 0.9397 0 0.342 0 1 0 -0.342 0 0.9397 3794.dat
1 1 -243.42 -16 -169.397 0.9397 0 0.342 0 1 0 -0.342 0 0.9397 3794.dat
1 7 -236.58 -40 -150.603 0.9397 0 0.342 0 1 0 -0.342 0 0.9397 3062.dat
1 7 -243.42 -40 -169.397 0.9397 0 0.342 0 1 0 -0.342 0 0.9397 3062.dat
1 0 -240 -64 -160 -0.342 0 0.9397 0 1 0 -0.9397 0 -0.342 3937.dat
1 0 -244.3775 -71.3862 -158.4068 0.342 0.243194 -0.907656 0 0.9659 0.2588 0.9397 -0.08851 0.330338 3184.dat
1 7 -257.3452 -84.2526 -153.6873 -0.342 0.243194 0.907656 0 0.9659 -0.2588 -0.9397 -0.08851 -0.330338 4590.dat
1 33 -262.7107 -91.9798 -162.3762 -0.342 0.243194 0.907656 0 0.9659 -0.2588 -0.9397 -0.08851 -0.330338 6141.dat
1 0 -239.9542 -94.5678 -128.0916 -0.342 0.243194 0.907656 0 0.9659 -0.2588 -0.9397 -0.08851 -0.330338 6141.dat
1 42 -245.7908 -117.7494 -125.9674 -0.342 0.243194 0.907656 0 0.9659 -0.2588 -0.9397 -0.08851 -0.330338 4589.dat
1 0 -268.5474 -115.1614 -160.252 0.399976 0.243194 0.883632 -0.182997 0.9659 -0.182997 -0.898044 -0.08851 0.43088 4588.dat
1 42 -274.3841 -138.343 -158.1278 -0.342 0.243194 0.907656 0 0.9659 -0.2588 -0.9397 -0.08851 -0.330338 4589.dat
1 7 -242.4319 -63.659 -159.1149 -0.342 0.243194 0.907656 0 0.9659 -0.2588 -0.9397 -0.08851 -0.330338 3938.dat
1 0 -160 -80 40 0.9659 0 -0.2588 0 1 0 0.2588 0 0.9659 3404.dat
1 1 -147.753 -88 32.929 0.2588 0 0.9659 0 1 0 -0.9659 0 0.2588 2420.dat
1 7 -184.494 -88 54.142 -0.9659 0 0.2588 0 1 0 -0.2588 0 -0.9659 2401.dat
1 0 -245.545 -112 -65.74 -0.2588 0 -0.9659 0 1 0 0.9659 0 -0.2588 3010.dat
1 0 -111.196 -112 166.953 0.9659 0 -0.2588 0 1 0 0.2588 0 0.9659 3010.dat
1 7 -192.074 -88 -72.118 0.9659 0 -0.2588 0 1 0 0.2588 0 0.9659 3795.dat
1 7 -78.938 -88 123.834 0.2588 0 0.9659 0 1 0 -0.9659 0 0.2588 3795.dat
1 7 -148.955 -96 -39.86 0.2588 0 0.9659 0 1 0 -0.9659 0 0.2588 3069.dat
1 7 -85.316 -96 70.363 -0.9659 0 0.2588 0 1 0 -0.2588 0 -0.9659 3069.dat
1 0 -223.639 -112 -70.223 -0.2588 0 -0.9659 0 1 0 0.9659 0 -0.2588 3038.dat
1 0 -96.361 -112 150.223 0.9659 0 -0.2588 0 1 0 0.2588 0 0.9659 3038.dat
1 0 -242.957 -184 -75.399 0.2588 0 0.9659 0 1 0 -0.9659 0 0.2588 2449.dat
1 0 -101.537 -184 169.541 -0.9659 0 0.2588 0 1 0 -0.2588 0 -0.9659 2449.dat
1 7 -223.639 -184 -70.223 -0.9659 0 0.2588 0 1 0 -0.2588 0 -0.9659 4460.dat
1 7 -96.361 -184 150.223 0.2588 0 0.9659 0 1 0 -0.9659 0 0.2588 4460.dat
1 7 -237.781 -184 -94.717 0.2588 0 0.9659 0 1 0 -0.9659 0 0.2588 2449.dat
1 7 -82.219 -184 174.717 -0.9659 0 0.2588 0 1 0 -0.2588 0 -0.9659 2449.dat
1 0 -218.463 -184 -89.541 -0.2588 0 -0.9659 0 1 0 0.9659 0 -0.2588 2449.dat
1 0 -77.043 -184 155.399 0.9659 0 -0.2588 0 1 0 0.2588 0 0.9659 2449.dat
1 0 -135.506 -96 25.858 0.9659 0 -0.2588 0 1 0 0.2588 0 0.9659 3680.dat
1 0 -230.71 -192 -82.47 0.9659 0 -0.2588 0 1 0 0.2588 0 0.9659 3020.dat
1 0 -89.29 -192 162.47 0.2588 0 0.9659 0 1 0 -0.9659 0 0.2588 3020.dat
1 0 -242.957 -264 -75.399 0.2588 0 0.9659 0 1 0 -0.9659 0 0.2588 2449.dat
1 7 -223.639 -264 -70.223 -0.2588 0 -0.9659 0 1 0 0.9659 0 -0.2588 2449.dat
1 7 -237.781 -264 -94.717 0.2588 0 0.9659 0 1 0 -0.9659 0 0.2588 2449.dat
1 0 -218.463 -264 -89.541 -0.2588 0 -0.9659 0 1 0 0.9659 0 -0.2588 2449.dat
1 0 -101.537 -264 169.541 -0.9659 0 0.2588 0 1 0 -0.2588 0 -0.9659 2449.dat
1 7 -96.361 -264 150.223 0.9659 0 -0.2588 0 1 0 0.2588 0 0.9659 2449.dat
1 7 -82.219 -264 174.717 -0.9659 0 0.2588 0 1 0 -0.2588 0 -0.9659 2449.dat
1 0 -77.043 -264 155.399 0.9659 0 -0.2588 0 1 0 0.2588 0 0.9659 2449.dat
1 0 -230.71 -272 -82.47 0.9659 0 -0.2588 0 1 0 0.2588 0 0.9659 3020.dat
1 0 -89.29 -272 162.47 0.2588 0 0.9659 0 1 0 -0.9659 0 0.2588 3020.dat
1 0 -250.028 -280 -87.646 0.2588 0 0.9659 0 1 0 -0.9659 0 0.2588 3680.dat
1 0 -101.537 -296 169.541 -0.9659 0 0.2588 0 1 0 -0.2588 0 -0.9659 3040.dat
1 42 -101.537 -320 169.541 -0.9659 0 0.2588 0 1 0 -0.2588 0 -0.9659 4589.dat
1 33 -98.765 -376 4.645 -0.9659 0 0.2588 0 1 0 -0.2588 0 -0.9659 2409.dat
1 7 -135.506 -96 25.858 0.779867 0 0.625897 0 1 0 -0.625897 0 0.779867 3679.dat
1 0 -143.3047 -112 32.117 0.625897 0 -0.779867 0 1 0 0.779867 0 0.625897 4531.dat
1 0 -127.7073 -112 19.599 0.625897 0 -0.779867 0 1 0 0.779867 0 0.625897 4531.dat
1 1 -142.0164 -119.6276 33.7221 0.604554 -0.161982 -0.779867 0.2588 0.9659 0 0.753274 -0.20183 0.625897 4275.dat
1 1 -126.4191 -119.6276 21.2042 0.604554 -0.161982 -0.779867 0.2588 0.9659 0 0.753274 -0.20183 0.625897 4275.dat
1 7 -145.013 -132.5308 14.0123 0.604554 -0.161982 -0.779867 0.2588 0.9659 0 0.753274 -0.20183 0.625897 3020.dat
1 0 -159.2621 -163.4764 -3.742 -0.779867 -0.161982 -0.604554 0 0.9659 -0.2588 0.625897 -0.20183 -0.753274 3039.dat
1 0 -125.5805 -132.494 38.2251 0.779867 -0.161982 0.604554 0 0.9659 0.2588 -0.625897 -0.20183 0.753274 4598.dat
1 7 -136.3757 -145.3972 24.7743 0.779867 -0.161982 0.604554 0 0.9659 0.2588 -0.625897 -0.20183 0.753274 3023.dat
1 7 -124.2847 -140.2212 39.8398 0.779867 -0.161982 0.604554 0 0.9659 0.2588 -0.625897 -0.20183 0.753274 3069.dat
1 7 -97.748 -151.6366 72.9044 0.779867 0.604554 0.161982 0 0.2588 -0.9659 -0.625897 0.753274 0.20183 4590.dat
1 42 -109.8513 -157.1548 105.752 0.779867 0.604554 0.161982 0 0.2588 -0.9659 -0.625897 0.753274 0.20183 6141.dat
1 42 -63.0593 -157.1548 68.1982 0.779867 0.604554 0.161982 0 0.2588 -0.9659 -0.625897 0.753274 0.20183 6141.dat
1 14 -104.3825 -213.1087 64.6379 0.957586 -0.276812 0.079498 0.227783 0.896851 0.379095 -0.176268 -0.344908 0.921885 2446.dat
1 33 -104.3825 -213.1087 64.6379 0.957586 -0.276812 0.079498 0.227783 0.896851 0.379095 -0.176268 -0.344908 0.921885 2447.dat
1 14 -104.3825 -213.1087 64.6379 0.957586 -0.276812 0.079498 0.227783 0.896851 0.379095 -0.176268 -0.344908 0.921885 3626.dat
1 1 -111.8561 -188.8938 55.3258 0.779867 -0.276812 0.561337 0 0.896851 0.442265 -0.625897 -0.344908 0.699425 3838.dat
1 8 -111.8561 -188.8938 55.3258 0.779867 -0.276812 0.561337 0 0.896851 0.442265 -0.625897 -0.344908 0.699425 973.dat
1 42 -79.447 -400 9.821 -0.9659 0 0.2588 0 1 0 -0.2588 0 -0.9659 4589.dat
1 0 -79.447 -408 9.821 -0.9659 0 0.2588 0 1 0 -0.2588 0 -0.9659 3957.dat
1 42 -93.589 -384 -14.673 -0.9659 0 0.2588 0 1 0 -0.2588 0 -0.9659 2569.dat
1 7 -250.028 -280 -87.646 0.819121 0 0.573523 0 1 0 -0.573523 0 0.819121 3679.dat
1 7 -241.8368 -288 -93.3812 -0.573523 0 0.819121 0 1 0 -0.819121 0 -0.573523 3023.dat
1 7 -258.2192 -288 -81.9108 -0.573523 0 0.819121 0 1 0 -0.819121 0 -0.573523 4276.dat
1 0 -250.028 -296 -87.646 -0.573523 0 0.819121 0 1 0 -0.819121 0 -0.573523 3022.dat
1 0 -270.9721 -312.977 -100.1248 0.819121 0.553966 0.148428 0 0.2588 -0.9659 -0.573523 0.791189 0.211989 2923.dat
1 0 -282.0097 -321.0436 -115.8891 -0.819121 0.439334 -0.368626 0 0.64274 0.766026 0.573523 0.627468 -0.526482 2923.dat
1 0 -290.6988 -331.3943 -128.299 0.819121 0.538912 0.196146 0 0.342002 -0.939652 -0.573523 0.769689 0.280141 2923.dat
1 0 -308.5257 -350.0066 -153.76 0.196165 0.538889 0.819121 0.939612 -0.342035 0 0.280168 0.769656 -0.573523 2433.dat
1 42 -312.8369 -347.2703 -159.9172 0.196165 0.538889 0.819121 0.939612 -0.342035 0 0.280168 0.769656 -0.573523 4740.dat
1 42 -317.1479 -344.5341 -166.0745 0.196165 0.538889 0.819121 0.939612 -0.342035 0 0.280168 0.769656 -0.573523 4740.dat
1 0 -330.0813 -336.3252 -184.5462 0.196165 0.538889 0.819121 0.939612 -0.342035 0 0.280168 0.769656 -0.573523 4589.dat
1 42 -247.572 -320 -101.5724 0.819121 0 0.573523 0 1 0 -0.573523 0 0.819121 4589.dat
1 0 -74.271 -400 -9.497 -0.9659 0 0.2588 0 1 0 -0.2588 0 -0.9659 4589.dat
1 7 -74.271 -424 -9.497 -0.9659 0 0.2588 0 1 0 -0.2588 0 -0.9659 4589.dat
1 42 -74.271 -432 -9.497 -0.9659 0 0.2588 0 1 0 -0.2588 0 -0.9659 2569.dat
1 0 -280 -16 -90 -1 0 0 0 1 0 0 0 -1 4531.dat
1 0 -280 -16 -230 -1 0 0 0 1 0 0 0 -1 4531.dat
1 0 -30 -16 160 0 0 -1 0 1 0 1 0 0 4531.dat
1 0 110 -16 160 0 0 -1 0 1 0 1 0 0 4531.dat
1 7 -293.78 -37.5512 -90 -0.6428 0.766 0 0.766 0.6428 0 0 0 -1 4275.dat
1 0 -305.736 -60.6384 -90 0 0.766 -0.6428 0 0.6428 0.766 1 0 0 3665.dat
1 8 -416.04 -153.2016 -160 0 0.766 0.6428 0 0.6428 -0.766 -1 0 0 6083.dat
1 0 -305.736 -60.6384 -230 0 0.766 -0.6428 0 0.6428 0.766 1 0 0 3665.dat
1 7 -293.78 -37.5512 -230 -0.6428 0.766 0 0.766 0.6428 0 0 0 -1 4275.dat
1 0 -336.076 -99.1528 -90 0.6428 0.766 0 -0.766 0.6428 0 0 0 1 3004.dat
1 7 110 -16 160 0 0 -1 0 1 0 1 0 0 4275.dat
1 0 110 -40 150 1 0 0 0 1 0 0 0 1 3665.dat
1 8 40 -184 150 -1 0 0 0 1 0 0 0 -1 6083.dat
1 0 -30 -40 150 1 0 0 0 1 0 0 0 1 3665.dat
1 7 -30 -16 160 0 0 -1 0 1 0 1 0 0 4275.dat
1 0 -30 -88 140 0 0 1 0 1 0 -1 0 0 3004.dat
