0 Main
0 Name: 3667-1 - Bakery.mpd
0 Author: LTRON
1 14 -200 -168 100 0 0 1 0 1 0 -1 0 0 3890.dat
1 14 -120 -168 60 1 0 0 0 1 0 0 0 1 4071.dat
1 16 -72 -84 45.5 1 0 0 0 1 0 0 0 1 4072.dat
1 14 0 -168 60 1 0 0 0 1 0 0 0 1 3890.dat
1 14 80 -168 100 0 0 -1 0 1 0 1 0 0 3890.dat
1 14 -60 -176 100 1 0 0 0 1 0 0 0 1 3027.dat
1 14 20 -200 130 0 0 1 0 1 0 -1 0 0 3002.dat
1 14 20 -200 70 0 0 1 0 1 0 -1 0 0 3002.dat
1 14 -30 -200 60 -1 0 0 0 1 0 0 0 -1 3002.dat
1 14 -90 -200 60 -1 0 0 0 1 0 0 0 -1 3002.dat
1 14 -140 -200 70 0 0 -1 0 1 0 1 0 0 3002.dat
1 14 -140 -200 130 0 0 -1 0 1 0 1 0 0 3002.dat
1 14 10 -224 60 -1 0 0 0 1 0 0 0 -1 3002.dat
1 14 -130 -224 60 -1 0 0 0 1 0 0 0 -1 3002.dat
1 14 20 -224 100 -1 0 0 0 1 0 0 0 -1 3003.dat
1 14 20 -224 140 -1 0 0 0 1 0 0 0 -1 3003.dat
1 14 -140 -224 100 -1 0 0 0 1 0 0 0 -1 3003.dat
1 14 -140 -224 140 -1 0 0 0 1 0 0 0 -1 3003.dat
1 14 -60 -224 60 -1 0 0 0 1 0 0 0 -1 3001.dat
1 14 20 -248 130 0 0 1 0 1 0 -1 0 0 3002.dat
1 14 20 -248 70 0 0 1 0 1 0 -1 0 0 3002.dat
1 14 -30 -248 60 -1 0 0 0 1 0 0 0 -1 3002.dat
1 14 -90 -248 60 -1 0 0 0 1 0 0 0 -1 3002.dat
1 14 -140 -248 70 0 0 1 0 1 0 -1 0 0 3002.dat
1 14 -140 -248 130 0 0 1 0 1 0 -1 0 0 3002.dat
1 14 -60 -256 100 -1 0 0 0 1 0 0 0 -1 3033.dat
1 14 80 -176 100 1 0 0 0 1 0 0 0 1 787.dat
1 14 -200 -176 100 1 0 0 0 1 0 0 0 1 787.dat
1 14 0 -256 140 0 0 -1 0 1 0 1 0 0 787.dat
1 14 0 -256 60 0 0 -1 0 1 0 1 0 0 787.dat
1 14 -120 -256 140 0 0 1 0 1 0 -1 0 0 787.dat
1 1 -100 -296 60 0 0 1 0 1 0 -1 0 0 790.dat
1 14 -120 -256 60 0 0 1 0 1 0 -1 0 0 787.dat
1 4 230 -24 80 0 0 1 0 1 0 -1 0 0 3004.dat
1 4 130 -24 80 0 0 1 0 1 0 -1 0 0 3004.dat
1 4 180 -32 80 -1 0 0 0 1 0 0 0 -1 3795.dat
1 4 230 -56 80 0 0 1 0 1 0 -1 0 0 3004.dat
1 4 130 -56 80 0 0 1 0 1 0 -1 0 0 3004.dat
1 4 180 -64 80 -1 0 0 0 1 0 0 0 -1 3795.dat
1 4 230 -88 80 0 0 1 0 1 0 -1 0 0 3004.dat
1 4 130 -88 80 0 0 1 0 1 0 -1 0 0 3004.dat
1 1 210 -170 0 -1 0 0 0 1 0 0 0 -1 958.dat
1 1 210 0 0 -1 0 0 0 1 0 0 0 -1 957.dat
1 19 197 -68 85 -0.2588 0 0.9659 0 1 0 -0.9659 0 -0.2588 4342.dat
1 366 -51 -134 37 0.8572 0 -0.515 0.1506 0.9563 0.2506 0.4925 -0.2924 0.8197 4332.dat
1 7 -203 -124 36 1 0 0 0 0.9848 0.1736 0 -0.1736 0.9848 556.dat
