0 Main
0 Name: 6245 - Harbor Sentry.mpd
0 Author: LTRON
1 0 0 -24 40 0 0 1 0 1 0 -1 0 0 3403.dat
1 0 0 -24 40 0.707 0 0.707 0 1 0 -0.707 0 0.707 3404.dat
1 7 -30 -8 -40 0 0 1 0 1 0 -1 0 0 3023.dat
1 7 0 -8 -80 0 0 1 0 1 0 -1 0 0 3022.dat
1 7 30 -8 -40 0 0 1 0 1 0 -1 0 0 3023.dat
1 7 0 -16 -40 -1 0 0 0 1 0 0 0 -1 3020.dat
1 0 -10 -32 -70 -1 0 0 0 1 0 0 0 -1 3062.dat
1 0 -10 -32 -90 -1 0 0 0 1 0 0 0 -1 3062.dat
1 0 10 -32 -90 -1 0 0 0 1 0 0 0 -1 3062.dat
1 0 10 -32 -70 -1 0 0 0 1 0 0 0 -1 3062.dat
1 0 -10 -56 -70 -1 0 0 0 1 0 0 0 -1 3062.dat
1 0 10 -56 -90 -1 0 0 0 1 0 0 0 -1 3062.dat
1 6 0 -32 40 -0.707 0 0.707 0 1 0 -0.707 0 -0.707 2527.dat
1 8 -21.213 -60 61.213 -0.707 -0.183 0.683 0 0.966 0.259 -0.707 0.183 -0.683 2533.dat
1 0 0 -88 110 1 0 0 0 -1 0 0 0 -1 3957.dat
1 15 0 -36 110 -1 0 0 0 -1 0 0 0 1 2335.dat
1 8 -14.142 -46 11.716 -0.707 0 0.707 0 1 0 -0.707 0 -0.707 2530.dat
