0 
0 Name: New Model.ldr
0 Author: 
1 14 -100 -168 -140 1 0 0 0 1 0 0 0 1 3890.dat
1 4 -40 -8 -60 1 0 0 0 1 0 0 0 1 u516.dat
1 4 -40 -64 -60 0 0 -1 0 1 0 1 0 0 3032.dat
1 4 -60 -88 -110 -1 0 0 0 1 0 0 0 -1 3004.dat
1 4 -60 -88 -10 -1 0 0 0 1 0 0 0 -1 3004.dat
1 4 -60 -112 -110 -1 0 0 0 1 0 0 0 -1 3004.dat
1 4 -60 -112 -10 -1 0 0 0 1 0 0 0 -1 3004.dat
1 4 -60 -120 -60 0 0 1 0 1 0 -1 0 0 3795.dat
1 4 -40 -128 -60 0 0 -1 0 1 0 1 0 0 3032.dat
1 14 -60 -168 60 0 0 -1 0 1 0 1 0 0 4071.dat
1 4 -45 -84 108 0 0 -1 0 1 0 1 0 0 4072.dat
1 14 -100 -168 140 -1 0 0 0 1 0 0 0 -1 3890.dat
1 4 -40 -168 -60 -1 0 0 0 1 0 0 0 -1 4238.dat
1 14 -100 -176 0 0 0 1 0 1 0 -1 0 0 3027.dat
1 4 -100 -344 120 -1 0 0 0 1 0 0 0 -1 3890.dat
1 4 -100 -344 -80 1 0 0 0 1 0 0 0 1 3890.dat
1 4 -60 -368 -80 1 0 0 0 1 0 0 0 1 3003.dat
1 4 -60 -368 120 1 0 0 0 1 0 0 0 1 3003.dat
1 4 -120 -368 -80 1 0 0 0 1 0 0 0 1 3001.dat
1 4 -120 -368 120 1 0 0 0 1 0 0 0 1 3001.dat
1 14 -100 -420 78 -0.866 0 -0.5 0.5 0 -0.866 0 -1 0 4750.dat
1 14 -100 -420 -38 0.866 0 -0.5 -0.5 0 -0.866 0 1 0 4750.dat
1 14 -100 -176 -140 0 0 -1 0 1 0 1 0 0 787.dat
1 14 -100 -200 150 -1 0 0 0 1 0 0 0 -1 3633.dat
1 0 -50 -184 150 -1 0 0 0 1 0 0 0 -1 3957.dat
1 0 -150 -184 150 -1 0 0 0 1 0 0 0 -1 3957.dat
1 1 -50 -263 150 1 0 0 0 1 0 0 0 1 4495.dat
1 2 -150 -263 150 1 0 0 0 1 0 0 0 1 4495.dat
1 14 -10 -88 -50 0.866 0 0.5 0 1 0 -0.5 0 0.866 6264.dat
1 84 -17.041 -451.689 20 0 -0.5 -0.866 0 0.866 -0.5 1 0 0 u9107.dat
1 15 -32.041 -425.708 20 0 -0.5 -0.866 0 0.866 -0.5 1 0 0 u9102.dat
1 14 -19.041 -448.225 43 0 0.966 0.259 0 -0.259 0.966 1 0 0 u9101.dat
1 14 -19.041 -448.225 -3 0 0.966 -0.259 0 -0.259 -0.966 -1 0 0 u9101.dat
1 0 -32.041 -425.708 10 0 0.866 -0.5 0 0.5 0.866 1 0 0 u9100.dat
1 0 -32.041 -425.708 30 0 0.866 -0.5 0 0.5 0.866 1 0 0 u9100.dat
1 4 -32.041 -425.708 20 0 -0.5 -0.866 0 0.866 -0.5 1 0 0 u9103.dat
1 0 3.923 -480 80 0 -0.5 -0.866 0 0.866 -0.5 1 0 0 6562.dat
1 1 -30 -88 -90 -0.5 0 0.866 0 1 0 -0.866 0 -0.5 6264.dat
1 4 -10 -12 -230 0 0 -1 0 1 0 1 0 0 3741.dat
