0 Main
0 Name: 926 - Command Centre.mpd
0 Author: LTRON
1 1 -260 -48 -80 -1 0 0 0 1 0 0 0 -1 3479.dat
1 1 -260 -48 -180 1 0 0 0 1 0 0 0 1 3479.dat
1 1 -120 -48 -80 -1 0 0 0 1 0 0 0 -1 3479.dat
1 1 20 -48 -80 -1 0 0 0 1 0 0 0 -1 3479.dat
1 1 20 -48 -180 1 0 0 0 1 0 0 0 1 3479.dat
1 1 -140 -24 -230 -1 0 0 0 1 0 0 0 -1 3660.dat
1 1 -100 -24 -230 -1 0 0 0 1 0 0 0 -1 3660.dat
1 1 -150 -24 -250 1 0 0 0 1 0 0 0 1 3040.dat
1 1 -90 -24 -250 1 0 0 0 1 0 0 0 1 3040.dat
1 1 -150 -48 -230 1 0 0 0 1 0 0 0 1 3040.dat
1 1 -90 -48 -230 1 0 0 0 1 0 0 0 1 3040.dat
1 1 -140 -48 -210 -1 0 0 0 1 0 0 0 -1 3660.dat
1 1 -100 -48 -210 -1 0 0 0 1 0 0 0 -1 3660.dat
1 1 -120 -56 -140 -1 0 0 0 1 0 0 0 -1 3027.dat
1 1 -200 -56 -70 -1 0 0 0 1 0 0 0 -1 3460.dat
1 1 -40 -56 -70 -1 0 0 0 1 0 0 0 -1 3460.dat
1 1 -270 -80 -140 0 0 -1 0 1 0 1 0 0 3009.dat
1 1 30 -80 -140 0 0 -1 0 1 0 1 0 0 3009.dat
1 1 -230 -80 -80 1 0 0 0 1 0 0 0 1 3002.dat
1 1 -170 -80 -80 1 0 0 0 1 0 0 0 1 3002.dat
1 1 -70 -80 -80 1 0 0 0 1 0 0 0 1 3002.dat
1 1 -10 -80 -80 1 0 0 0 1 0 0 0 1 3002.dat
1 1 -150 -72 -210 1 0 0 0 1 0 0 0 1 3040.dat
1 1 -120 -80 -90 1 0 0 0 1 0 0 0 1 3004.dat
1 1 -120 -80 -70 -1 0 0 0 1 0 0 0 -1 3660.dat
1 1 -90 -72 -210 1 0 0 0 1 0 0 0 1 3040.dat
1 1 -270 -80 -70 -1 0 0 0 1 0 0 0 -1 3665.dat
1 1 30 -80 -70 -1 0 0 0 1 0 0 0 -1 3665.dat
1 7 -200 -64 -160 -1 0 0 0 1 0 0 0 -1 3680.dat
1 7 -40 -64 -160 -1 0 0 0 1 0 0 0 -1 3680.dat
1 1 -270 -104 -120 0 0 -1 0 1 0 1 0 0 3008.dat
1 1 30 -104 -120 0 0 -1 0 1 0 1 0 0 3008.dat
1 1 -120 -104 -70 0 0 -1 0 1 0 1 0 0 3002.dat
1 1 -80 -104 -70 1 0 0 0 1 0 0 0 1 3039.dat
1 1 -40 -104 -70 1 0 0 0 1 0 0 0 1 3039.dat
1 1 0 -104 -70 1 0 0 0 1 0 0 0 1 3039.dat
1 1 -120 -128 -70 0 0 1 0 1 0 -1 0 0 3002.dat
1 46 -270 -128 -120 0 0 1 0 1 0 -1 0 0 3066.dat
1 46 -40 -128 -70 -1 0 0 0 1 0 0 0 -1 3067.dat
1 1 -270 -128 -60 0 0 1 0 1 0 -1 0 0 3004.dat
1 1 -270 -128 -180 0 0 1 0 1 0 -1 0 0 3004.dat
1 1 30 -128 -120 0 0 -1 0 1 0 1 0 0 3008.dat
1 1 30 -152 -180 0 0 -1 0 1 0 1 0 0 3004.dat
1 1 30 -152 -140 0 0 1 0 1 0 -1 0 0 3004.dat
1 1 30 -152 -80 0 0 1 0 1 0 -1 0 0 3010.dat
1 46 -40 -152 -70 -1 0 0 0 1 0 0 0 -1 3067.dat
1 1 -120 -152 -60 -1 0 0 0 1 0 0 0 -1 3003.dat
1 1 -120 -152 -90 1 0 0 0 1 0 0 0 1 3004.dat
1 1 -270 -152 -60 0 0 1 0 1 0 -1 0 0 3004.dat
1 1 -270 -152 -180 0 0 1 0 1 0 -1 0 0 3004.dat
1 46 -270 -152 -120 0 0 1 0 1 0 -1 0 0 3066.dat
1 1 30 -160 -140 0 0 1 0 1 0 -1 0 0 3666.dat
1 1 30 -168 -140 0 0 1 0 1 0 -1 0 0 3666.dat
1 1 30 -176 -60 0 0 1 0 1 0 -1 0 0 3004.dat
1 46 -40 -176 -70 -1 0 0 0 1 0 0 0 -1 3067.dat
1 1 -120 -176 -70 0 0 -1 0 1 0 1 0 0 3002.dat
1 1 -270 -176 -60 0 0 -1 0 1 0 1 0 0 3004.dat
1 1 -270 -176 -180 0 0 -1 0 1 0 1 0 0 3004.dat
1 1 290 -24 -140 0 0 -1 0 1 0 1 0 0 3009.dat
1 1 290 -48 -100 0 0 -1 0 1 0 1 0 0 3004.dat
1 1 290 -48 -180 0 0 -1 0 1 0 1 0 0 3004.dat
1 1 290 -72 -100 0 0 -1 0 1 0 1 0 0 3004.dat
1 1 290 -72 -180 0 0 -1 0 1 0 1 0 0 3004.dat
1 1 290 -96 -100 0 0 -1 0 1 0 1 0 0 3004.dat
1 1 290 -96 -180 0 0 -1 0 1 0 1 0 0 3004.dat
1 1 290 -120 -100 0 0 -1 0 1 0 1 0 0 3004.dat
1 1 290 -120 -180 0 0 -1 0 1 0 1 0 0 3004.dat
1 1 290 -144 -100 0 0 -1 0 1 0 1 0 0 3004.dat
1 1 290 -144 -180 0 0 -1 0 1 0 1 0 0 3004.dat
1 1 290 -168 -140 0 0 -1 0 1 0 1 0 0 3009.dat
1 46 -270 -176 -120 0 0 -1 0 1 0 1 0 0 3066.dat
1 1 -80 -200 -70 1 0 0 0 1 0 0 0 1 3660.dat
1 1 -40 -200 -70 1 0 0 0 1 0 0 0 1 3660.dat
1 1 0 -200 -70 1 0 0 0 1 0 0 0 1 3660.dat
1 1 160 -176 -140 1 0 0 0 1 0 0 0 1 3456.dat
1 7 160 -200 -170 -1 0 0 0 1 0 0 0 -1 3937.dat
1 1 -200 -200 -90 1 0 0 0 1 0 0 0 1 3754.dat
1 1 -270 -200 -120 0 0 1 0 1 0 -1 0 0 3008.dat
1 1 30 -200 -120 0 0 1 0 1 0 -1 0 0 3008.dat
1 1 -120 -200 -70 0 0 1 0 1 0 -1 0 0 3002.dat
1 1 -120 -208 -50 -1 0 0 0 1 0 0 0 -1 3023.dat
1 46 -200 -208 -120 -1 0 0 0 1 0 0 0 -1 3036.dat
1 46 -40 -208 -120 -1 0 0 0 1 0 0 0 -1 3036.dat
1 7 -270 -224 -50 -1 0 0 0 1 0 0 0 -1 3144.dat
1 7 30 -208 -50 -1 0 0 0 1 0 0 0 -1 3957.dat
1 1 -120 -224 -190 -1 0 0 0 1 0 0 0 -1 3703.dat
1 36 -270 -248 -190 -1 0 0 0 1 0 0 0 -1 3062.dat
1 36 30 -248 -190 -1 0 0 0 1 0 0 0 -1 3062.dat
1 7 270 -200 -110 -1 0 0 0 1 0 0 0 -1 3144.dat
1 1 -120 -232 -60 -1 0 0 0 1 0 0 0 -1 3003.dat
1 1 -120 -256 -50 -1 0 0 0 1 0 0 0 -1 3004.dat
1 1 -120 -256 -70 1 0 0 0 1 0 0 0 1 3004.dat
1 1 -120 -280 -60 1 0 0 0 1 0 0 0 1 3003.dat
1 1 -120 -288 -60 1 0 0 0 1 0 0 0 1 3680.dat
1 7 -40 -64 -160 0.707 0 0.707 0 1 0 -0.707 0 0.707 3679.dat
1 7 -40 -72 -160 -0.707 0 0.707 0 1 0 -0.707 0 -0.707 3020.dat
1 47 -18.79 -120 -138.79 0.707 0 0.707 0 1 0 -0.707 0 0.707 3678.dat
1 7 -200 -64 -160 0.707 0 -0.707 0 1 0 0.707 0 0.707 3679.dat
1 7 -200 -72 -160 0.707 0 0.707 0 1 0 -0.707 0 0.707 3020.dat
1 47 -221.21 -120 -138.79 0.707 0 -0.707 0 1 0 0.707 0 0.707 3678.dat
1 7 160 -198.66 -165 -1 0 0 0 0.866 -0.5 0 -0.5 -0.866 3938.dat
1 7 160 -219.444 -153 0.707 0 0.707 -0.3535 0.866 0.3535 -0.612262 -0.5 0.612262 3959.dat
1 7 143.029 -227.9295 -167.6969 0.707 -0.707 0 -0.3535 -0.3535 0.866 -0.612262 -0.612262 -0.5 3960.dat
1 34 131.716 -233.586 -177.4939 0.707 -0.707 0 -0.3535 -0.3535 0.866 -0.612262 -0.612262 -0.5 3062.dat
1 7 160 -205.588 -161 -1 0 0 0 0.866 -0.5 0 -0.5 -0.866 3794.dat
1 7 -120 -288 -60 0.707 0 0.707 0 1 0 -0.707 0 0.707 3679.dat
1 7 -127.07 -296 -52.93 -0.707 0 0.707 0 1 0 -0.707 0 -0.707 3794.dat
1 7 -112.93 -296 -67.07 -0.707 0 0.707 0 1 0 -0.707 0 -0.707 3794.dat
1 7 -120 -320 -60 0.707 0 0.707 0 1 0 -0.707 0 0.707 3937.dat
1 7 -123.535 -318.66 -63.535 -0.707 0.3535 -0.612262 0 0.866 0.5 0.707 0.3535 -0.612262 3938.dat
1 7 -120.2404 -330.588 -60.2404 0.707 0.3535 0.612262 0 0.866 -0.5 -0.707 0.3535 0.612262 3956.dat
1 7 -139.5556 -337.908 -79.5556 0.707 0.612262 -0.3535 0 -0.5 -0.866 -0.707 0.612262 -0.3535 3941.dat
1 7 -124.8613 -349.908 -64.8613 0.707 0.612262 -0.3535 0 -0.5 -0.866 -0.707 0.612262 -0.3535 3941.dat
1 7 -145.8168 -321.248 -85.8168 0.707 0.612262 -0.3535 0 -0.5 -0.866 -0.707 0.612262 -0.3535 3839.dat
1 7 -152.8868 -338.568 -92.8868 -0.707 0.612262 0.3535 0 -0.5 0.866 0.707 0.612262 0.3535 3839.dat
1 7 -110.167 -361.908 -50.167 -0.707 0.612262 0.3535 0 -0.5 0.866 0.707 0.612262 0.3535 3961.dat
1 7 -105.269 -365.908 -45.2689 -0.707 0.612262 0.3535 0 -0.5 0.866 0.707 0.612262 0.3535 3940.dat
