0 
0 Name: New Model.ldr
0 Author: 
1 19 -280 0 -130 0.707 0 -0.707 0 1 0 0.707 0 0.707 3034.dat
1 19 -287.07 -8 -122.93 0.707 0 -0.707 0 1 0 0.707 0 0.707 3460.dat
1 19 -294.14 -8 -158.28 -0.707 0 0.707 0 1 0 -0.707 0 -0.707 30357.dat
1 26 -251.72 -8 -130 0.707 0 -0.707 0 1 0 0.707 0 0.707 87079.dat
1 322 -209.3 0 -144.14 0.707 0 -0.707 0 1 0 0.707 0 0.707 30565.dat
1 322 -265.86 0 -200.7 0.707 0 0.707 0 1 0 -0.707 0 0.707 30565.dat
1 19 -230.51 -8 -151.21 0.707 0 -0.707 0 1 0 0.707 0 0.707 2431.dat
1 19 -216.37 -8 -94.65 0.707 0 0.707 0 1 0 -0.707 0 0.707 3023.dat
1 71 -322.42 -32 -158.28 0.707 0 -0.707 0 1 0 0.707 0 0.707 4490.dat
1 71 -223.44 -32 -87.58 0.707 0 0.707 0 1 0 -0.707 0 0.707 4490.dat
1 70 -272.93 -32 -108.79 0.707 0 -0.707 0 1 0 0.707 0 0.707 3701.dat
1 28 -287.07 -22 -94.65 0.707 0 0.707 0 1 0 -0.707 0 0.707 6587.dat
1 71 -301.21 -22 -80.51 0 0.707 0.707 -1 0 0 0 -0.707 0.707 32474.dat
1 71 -209.3 -8 -158.28 0.707 0 -0.707 0 1 0 0.707 0 0.707 98138.dat
1 71 -223.44 -8 -186.56 0.707 0 -0.707 0 1 0 0.707 0 0.707 14769.dat
1 322 -301.21 -16 -179.49 -0.707 0 -0.707 0 1 0 0.707 0 -0.707 3069.dat
1 71 -308.28 -32 -172.42 0.707 0 -0.707 0 1 0 0.707 0 0.707 4490.dat
1 72 -280 -32 -172.42 0.707 0 -0.707 0 1 0 0.707 0 0.707 3040.dat
1 322 -272.93 0 -207.77 0.707 0 -0.707 0 1 0 0.707 0 0.707 11477.dat
1 70 -287.07 -56 -122.93 0.707 0 -0.707 0 1 0 0.707 0 0.707 3008.dat
1 30 -251.72 -40 -130 0.707 0 -0.707 0 1 0 0.707 0 0.707 3795.dat
1 26 -272.93 -64 -108.79 0.707 0 -0.707 0 1 0 0.707 0 0.707 3666.dat
1 0 -329.49 -64 -165.35 -0.707 0 0.707 0 1 0 -0.707 0 -0.707 63868.dat
1 15 -287.07 -40 -165.35 -0.707 0 -0.707 0 1 0 0.707 0 -0.707 85984.dat
1 85 -216.37 -48 -94.65 -0.707 0 -0.707 0 1 0 0.707 0 -0.707 3023.dat
1 288 -265.86 -48 -144.14 0.707 0 -0.707 0 1 0 0.707 0 0.707 14769.dat
1 288 -237.58 -48 -115.86 0.707 0 -0.707 0 1 0 0.707 0 0.707 14769.dat
1 320 -322.42 -88 -158.28 -0.707 0 -0.707 0 1 0 0.707 0 -0.707 4286.dat
1 70 -336.56 -136 -172.42 -0.707 0 -0.707 0 1 0 0.707 0 -0.707 13965.dat
1 47 -280 -88 -115.86 0.707 0 -0.707 0 1 0 0.707 0 0.707 3062.dat
1 43 -280 -92 -115.86 0.707 0 -0.707 0 1 0 0.707 0 0.707 30153.dat
1 43 -251.72 -88 -87.58 0.707 0 -0.707 0 1 0 0.707 0 0.707 3626.dat
1 26 -251.72 -96 -87.58 -0.707 0 -0.707 0 1 0 0.707 0 -0.707 33291.dat
1 26 -251.72 -106 -87.58 0.866075 0 -0.499849 0 1 0 0.499849 0 0.866075 22667.dat
1 70 -322.42 -112 -158.28 -0.707 0 -0.707 0 1 0 0.707 0 -0.707 3005.dat
1 308 -308.28 -80 -172.42 0.707 0 0.707 0 1 0 -0.707 0 0.707 60481.dat
1 70 -329.49 -136 -165.35 -0.707 0 0.707 0 1 0 -0.707 0 -0.707 3004.dat
1 19 -308.28 -88 -172.42 0.707 0 -0.707 0 1 0 0.707 0 0.707 60897.dat
1 70 -308.28 -160 -172.42 0.707 0 0.707 0 1 0 -0.707 0 0.707 13965.dat
1 70 -322.42 -144 -158.28 -0.707 0 0.707 0 1 0 -0.707 0 -0.707 2420.dat
1 19 -357.77 -144 -193.63 0.707 0 -0.707 0 1 0 0.707 0 0.707 88072.dat
1 70 -343.63 -152 -179.49 0.707 0 -0.707 0 1 0 0.707 0 0.707 3710.dat
1 70 -308.28 -168 -172.42 0.707 0 -0.707 0 1 0 0.707 0 0.707 3005.dat
1 1 -294.14 -168 -158.28 0.707 0 -0.707 0 1 0 0.707 0 0.707 6141.dat
1 85 -280 -168 -144.14 -0.707 0 -0.707 0 1 0 0.707 0 -0.707 2417.dat
1 31 -280 -176 -200.7 -0.999698 0 0 0 1 0 0 0 -0.999698 33291.dat
1 31 -308.28 -176 -115.86 -0.999698 0 0 0 1 0 0 0 -0.999698 33291.dat
1 43 -251.72 -172 -172.42 -0.999698 0 0 0 1 0 0 0 -0.999698 30153.dat
1 31 -343.63 -152 -207.77 0.866075 0 -0.499849 0 1 0 0.499849 0 0.866075 2423.dat
1 26 -350.9496 -160 -235.0864 0.258762 0 -0.965762 0 1 0 0.965762 0 0.258762 33291.dat
1 43 -313.6341 -156 -259.7239 -0.965762 0 -0.258762 0 1 0 0.258762 0 -0.965762 30153.dat
1 70 -294.14 -176 -158.28 0.707 0 -0.707 0 1 0 0.707 0 0.707 3623.dat
1 297 -353.528 -45 -189.388 -0.707 -0.183113 -0.682962 0 0.966 -0.259 0.707 -0.183113 -0.682962 95344.dat
1 70 -353.528 -24 -189.388 -0.707 0 -0.707 0 1 0 0.707 0 -0.707 95343.dat
1 43 -353.528 -48 -189.388 -0.707 0 -0.707 0 1 0 0.707 0 -0.707 6141.dat
1 5 -216.37 -48 -94.65 -0.707 0 0.707 0 1 0 -0.707 0 -0.707 93092.dat
1 5 -296.261 -88 -184.439 0.707 0 0.707 0 1 0 -0.707 0 0.707 3852.dat
1 297 -238.287 -15 -143.433 0 0.707 -0.707 -1 0 0 0 0.707 0.707 33009.dat
1 15 -252.427 -19 -129.293 0.707 0 -0.707 0 1 0 0.707 0 0.707 3069.dat
