0 Main
0 Name: 6987-1 - Message Intercept Base.mpd
0 Author: LTRON
1 0 -100 -240 20 -1 0 0 0 1 0 0 0 -1 2681.dat
1 0 20 -240 20 -1 0 0 0 1 0 0 0 -1 2681.dat
1 0 -180 -120 -220 0 0 1 0 1 0 -1 0 0 4476.dat
1 0 -180 -120 -60 0 0 1 0 1 0 -1 0 0 4476.dat
1 0 -180 -120 100 0 0 1 0 1 0 -1 0 0 4476.dat
1 0 100 -120 100 0 0 -1 0 1 0 1 0 0 4476.dat
1 0 100 -120 -60 0 0 -1 0 1 0 1 0 0 4476.dat
1 0 100 -120 -220 0 0 -1 0 1 0 1 0 0 4476.dat
1 0 -40 -120 -300 -1 0 0 0 1 0 0 0 -1 4476.dat
1 0 320 -120 220 -1 0 0 0 1 0 0 0 -1 4476.dat
1 0 240 -120 220 -1 0 0 0 1 0 0 0 -1 4476.dat
1 0 240 -120 60 1 0 0 0 1 0 0 0 1 4476.dat
1 14 -180 -128 -220 1 0 0 0 1 0 0 0 1 3022.dat
1 0 -180 -136 -220 1 0 0 0 1 0 0 0 1 3022.dat
1 14 -180 -128 -60 1 0 0 0 1 0 0 0 1 3022.dat
1 0 -180 -136 -60 1 0 0 0 1 0 0 0 1 3022.dat
1 14 -180 -128 100 1 0 0 0 1 0 0 0 1 3022.dat
1 0 -180 -136 100 1 0 0 0 1 0 0 0 1 3022.dat
1 14 100 -128 100 1 0 0 0 1 0 0 0 1 3022.dat
1 0 100 -136 100 1 0 0 0 1 0 0 0 1 3022.dat
1 14 100 -128 -60 1 0 0 0 1 0 0 0 1 3022.dat
1 0 100 -136 -60 1 0 0 0 1 0 0 0 1 3022.dat
1 14 100 -128 -220 1 0 0 0 1 0 0 0 1 3022.dat
1 0 100 -136 -220 1 0 0 0 1 0 0 0 1 3022.dat
1 14 -40 -128 -300 1 0 0 0 1 0 0 0 1 3022.dat
1 0 -40 -136 -300 1 0 0 0 1 0 0 0 1 3022.dat
1 14 240 -128 60 1 0 0 0 1 0 0 0 1 3022.dat
1 14 240 -128 220 1 0 0 0 1 0 0 0 1 3022.dat
1 14 320 -128 220 1 0 0 0 1 0 0 0 1 3022.dat
1 0 320 -152 220 1 0 0 0 1 0 0 0 1 3003.dat
1 0 240 -152 220 1 0 0 0 1 0 0 0 1 3003.dat
1 0 110 -160 90 0 0 -1 0 1 0 1 0 0 3665.dat
1 0 110 -160 -210 0 0 -1 0 1 0 1 0 0 3665.dat
1 0 -190 -160 -210 0 0 1 0 1 0 -1 0 0 3665.dat
1 0 -190 -160 90 0 0 1 0 1 0 -1 0 0 3665.dat
1 0 -190 -160 -60 0 0 1 0 1 0 -1 0 0 3660.dat
1 0 110 -160 -60 0 0 -1 0 1 0 1 0 0 3660.dat
1 0 110 -152 -230 0.707107 0 -0.707107 0 1 0 0.707107 0 0.707107 4735.dat
1 0 138.284 -157 -258.284 1 0 0 0 0 1 0 -1 0 3959.dat
1 36 138.285 -157 -270.285 1 0 0 0 0 1 0 -1 0 4740.dat
1 0 -190 -152 -230 0.707107 0 0.707107 0 1 0 -0.707107 0 0.707107 4735.dat
1 0 -218.284 -157 -258.284 1 0 0 0 0 1 0 -1 0 3959.dat
1 36 -218.285 -157 -270.285 1 0 0 0 0 1 0 -1 0 4740.dat
1 0 75.858 -152 -258.284 0.707107 0 -0.707107 0 1 0 0.707107 0 0.707107 4590.dat
1 36 47.574 -136 -272.427 0.707107 0 -0.707107 0 1 0 0.707107 0 0.707107 4740.dat
1 0 -155.858 -152 -258.284 0.707107 0 0.707107 0 1 0 -0.707107 0 0.707107 4590.dat
1 36 -127.573 -136 -272.425 -0.707107 0 -0.707107 0 1 0 0.707107 0 -0.707107 4740.dat
1 0 -180 -160 -230 -1 0 0 0 1 0 0 0 -1 3023.dat
1 0 100 -160 -230 -1 0 0 0 1 0 0 0 -1 3023.dat
1 0 90 -160 -60 0 0 1 0 1 0 -1 0 0 2465.dat
1 0 -170 -160 -60 0 0 1 0 1 0 -1 0 0 2465.dat
1 0 -40 -160 110 -1 0 0 0 1 0 0 0 -1 2465.dat
1 0 240 -176 220 -1 0 0 0 1 0 0 0 -1 3003.dat
1 0 320 -160 220 -1 0 0 0 1 0 0 0 -1 3022.dat
1 0 350 -160 210 1 0 0 0 1 0 0 0 1 2420.dat
1 0 310 -184 220 0 0 -1 0 1 0 1 0 0 3004.dat
1 0 340 -184 240 0 0 -1 0 1 0 1 0 0 3831.dat
1 0 340 -184 240 0 0 1 0 1 0 -1 0 0 3830.dat
1 0 370 -184 210 0 0 -1 0 1 0 1 0 0 3665.dat
1 0 380 -192 220 0 0 -1 0 1 0 1 0 0 3936.dat
1 0 240 -176 60 1 0 0 0 1 0 0 0 1 4345.dat
1 0 240 -176 60 1 0 0 0 1 0 0 0 1 4346.dat
1 0 -40 -184 110 1 0 0 0 1 0 0 0 1 3004.dat
1 0 100 -184 100 1 0 0 0 1 0 0 0 1 3003.dat
1 0 -180 -184 100 1 0 0 0 1 0 0 0 1 3003.dat
1 0 100 -184 -50 1 0 0 0 1 0 0 0 1 3004.dat
1 0 -180 -184 -50 1 0 0 0 1 0 0 0 1 3004.dat
1 0 -40 -184 -70 1 0 0 0 1 0 0 0 1 2465.dat
1 0 -40 -184 -210 1 0 0 0 1 0 0 0 1 2465.dat
1 0 -40 -184 -230 1 0 0 0 1 0 0 0 1 2465.dat
1 0 130 -184 -210 0 0 -1 0 1 0 1 0 0 4287.dat
1 0 130 -184 90 0 0 -1 0 1 0 1 0 0 4287.dat
1 0 -210 -184 90 0 0 1 0 1 0 -1 0 0 4287.dat
1 0 -210 -184 -210 0 0 1 0 1 0 -1 0 0 4287.dat
1 0 130 -184 -60 0 0 -1 0 1 0 1 0 0 3747.dat
1 0 -210 -184 -60 0 0 1 0 1 0 -1 0 0 3747.dat
1 0 -170 -184 20 0 0 1 0 1 0 -1 0 0 3747.dat
1 0 -170 -184 -140 0 0 1 0 1 0 -1 0 0 3747.dat
1 0 90 -184 -140 0 0 -1 0 1 0 1 0 0 3747.dat
1 0 90 -184 20 0 0 -1 0 1 0 1 0 0 3747.dat
1 0 -40 -160 -300 0 0 -1 0 1 0 1 0 0 3003.dat
1 0 -30 -184 -300 0 0 -1 0 1 0 1 0 0 3747.dat
1 0 -50 -184 -300 0 0 1 0 1 0 -1 0 0 3747.dat
1 0 60 -184 110 -1 0 0 0 1 0 0 0 -1 3660.dat
1 0 -140 -184 110 -1 0 0 0 1 0 0 0 -1 3660.dat
1 0 -40 -192 120 -1 0 0 0 1 0 0 0 -1 4282.dat
1 0 -40 -192 -280 0 0 -1 0 1 0 1 0 0 3795.dat
1 14 20 -192 -140 0 0 -1 0 1 0 1 0 0 3035.dat
1 14 -100 -192 -140 0 0 -1 0 1 0 1 0 0 3035.dat
1 0 240 -184 140 0 0 -1 0 1 0 1 0 0 3832.dat
1 0 -40 -192 -140 0 0 -1 0 1 0 1 0 0 3034.dat
1 0 80 -192 -240 1 0 0 0 1 0 0 0 1 2401.dat
1 0 -160 -192 -240 0 0 1 0 1 0 -1 0 0 2401.dat
1 0 120 -192 -60 0 0 1 0 1 0 -1 0 0 3036.dat
1 0 -200 -192 -20 0 0 1 0 1 0 -1 0 0 3028.dat
1 0 160 -192 60 1 0 0 0 1 0 0 0 1 3030.dat
1 0 280 -192 220 1 0 0 0 1 0 0 0 1 3032.dat
1 0 -50 -200 120 0 0 -1 0 1 0 1 0 0 4590.dat
1 0 -30 -200 120 0 0 1 0 1 0 -1 0 0 4590.dat
1 0 -40 -208 90 1 0 0 0 1 0 0 0 1 3623.dat
1 0 -40 -208 150 1 0 0 0 1 0 0 0 1 3710.dat
1 0 -40 -216 150 1 0 0 0 1 0 0 0 1 3710.dat
1 0 120 -216 110 1 0 0 0 1 0 0 0 1 3039.dat
1 0 90 -216 130 -1 0 0 0 1 0 0 0 -1 3665.dat
1 0 110 -216 130 -1 0 0 0 1 0 0 0 -1 3005.dat
1 0 -190 -216 110 1 0 0 0 1 0 0 0 1 3040.dat
1 0 -170 -216 130 -1 0 0 0 1 0 0 0 -1 3665.dat
1 0 -200 -216 130 -1 0 0 0 1 0 0 0 -1 3004.dat
1 0 250 -192 170 -1 0 0 0 1 0 0 0 -1 3623.dat
1 0 230 -192 110 -1 0 0 0 1 0 0 0 -1 3623.dat
1 0 240 -192 140 -1 0 0 0 1 0 0 0 -1 3020.dat
1 0 170 -216 10 -1 0 0 0 1 0 0 0 -1 3040.dat
1 0 170 -216 -30 0 0 -1 0 1 0 1 0 0 3622.dat
1 0 -250 -216 20 0 0 -1 0 1 0 1 0 0 3008.dat
1 0 -250 -216 -80 0 0 1 0 1 0 -1 0 0 3937.dat
1 0 -250 -216 -120 0 0 1 0 1 0 -1 0 0 3937.dat
1 0 -250 -216 -160 0 0 1 0 1 0 -1 0 0 3937.dat
1 0 170 -216 -160 0 0 -1 0 1 0 1 0 0 3937.dat
1 0 170 -216 -120 0 0 -1 0 1 0 1 0 0 3937.dat
1 0 170 -216 -80 0 0 -1 0 1 0 1 0 0 3937.dat
1 14 -40 -200 -280 0 0 -1 0 1 0 1 0 0 3068.dat
1 0 -40 -200 -240 0 0 -1 0 1 0 1 0 0 3068.dat
1 14 -40 -200 -200 0 0 -1 0 1 0 1 0 0 3068.dat
1 0 -40 -200 -160 0 0 -1 0 1 0 1 0 0 3068.dat
1 0 -40 -224 150 1 0 0 0 1 0 0 0 1 2342.dat
1 0 40 -240 150 1 0 0 0 1 0 0 0 1 4873.dat
1 0 -120 -240 150 1 0 0 0 1 0 0 0 1 4873.dat
1 0 -190 -240 130 1 0 0 0 1 0 0 0 1 3040.dat
1 0 120 -240 130 1 0 0 0 1 0 0 0 1 3039.dat
1 0 170 -240 -40 0 0 1 0 1 0 -1 0 0 3039.dat
1 0 -250 -240 -40 0 0 -1 0 1 0 1 0 0 3039.dat
1 0 170 -240 -10 -1 0 0 0 1 0 0 0 -1 3040.dat
1 0 -250 -240 60 0 0 -1 0 1 0 1 0 0 3004.dat
1 0 -250 -240 10 0 0 -1 0 1 0 1 0 0 3622.dat
1 0 -10 -200 -180 0 0 -1 0 1 0 1 0 0 3710.dat
1 0 -70 -200 -180 0 0 -1 0 1 0 1 0 0 3710.dat
1 36 -170 -240 130 0 0 -1 0 1 0 1 0 0 3062.dat
1 36 90 -240 130 0 0 -1 0 1 0 1 0 0 3062.dat
1 0 -22 -248 150 0 -1 0 -0.382683 0 -0.92388 0.92388 0 -0.382683 4592.dat
1 14 -22 -248 150 0 -0.707107 -0.707107 -0.382683 0.653281 -0.653281 0.92388 0.270598 -0.270598 4593.dat
1 0 -58 -248 150 0 1 0 0.382683 0 -0.92388 -0.92388 0 -0.382683 4592.dat
1 14 -58 -248 150 0 0.707107 0.707107 0.382683 0.653281 -0.653281 -0.92388 0.270598 -0.270598 4593.dat
1 0 110 -264 130 1 0 0 0 1 0 0 0 1 3622.dat
1 0 -180 -264 130 1 0 0 0 1 0 0 0 1 3004.dat
1 0 -250 -248 50 0 0 1 0 1 0 -1 0 0 3623.dat
1 0 -250 -248 -20 0 0 1 0 1 0 -1 0 0 3710.dat
1 0 170 -248 -30 0 0 1 0 1 0 -1 0 0 3623.dat
1 14 -10 -224 -180 0 0 1 0 1 0 -1 0 0 3633.dat
1 14 -70 -224 -180 0 0 -1 0 1 0 1 0 0 3633.dat
1 0 110 -272 130 1 0 0 0 1 0 0 0 1 3623.dat
1 0 -180 -272 130 1 0 0 0 1 0 0 0 1 3023.dat
1 0 170 -272 -10 1 0 0 0 1 0 0 0 1 3005.dat
1 0 -250 -272 60 0 0 1 0 1 0 -1 0 0 3004.dat
1 0 -250 -272 10 0 0 1 0 1 0 -1 0 0 3622.dat
1 0 -100 -240 -70 -1 0 0 0 1 0 0 0 -1 4083.dat
1 0 20 -240 -70 -1 0 0 0 1 0 0 0 -1 4083.dat
1 14 20 -248 -70 1 0 0 0 1 0 0 0 1 3069.dat
1 14 -100 -248 -70 1 0 0 0 1 0 0 0 1 3069.dat
1 14 170 -280 -10 1 0 0 0 1 0 0 0 1 3024.dat
1 14 130 -280 130 1 0 0 0 1 0 0 0 1 3024.dat
1 14 100 -280 130 1 0 0 0 1 0 0 0 1 3023.dat
1 14 -180 -280 130 1 0 0 0 1 0 0 0 1 3023.dat
1 14 -250 -280 70 0 0 -1 0 1 0 1 0 0 4085.dat
1 14 -250 -280 50 0 0 -1 0 1 0 1 0 0 4085.dat
1 14 -250 -280 30 0 0 -1 0 1 0 1 0 0 4085.dat
1 14 -250 -280 10 0 0 -1 0 1 0 1 0 0 4085.dat
1 14 -250 -280 -10 0 0 -1 0 1 0 1 0 0 4085.dat
1 0 -230 -285 70 -1 0 0 0 1 0 0 0 -1 4006.dat
1 0 -230 -276 50 -1 0 0 0 1 0 0 0 -1 3962.dat
1 0 -250 -288 0 0 0 -1 0 1 0 1 0 0 3023.dat
1 0 -250 -288 50 0 0 -1 0 1 0 1 0 0 3623.dat
1 0 -180 -288 130 1 0 0 0 1 0 0 0 1 3023.dat
1 0 110 -288 130 1 0 0 0 1 0 0 0 1 3623.dat
1 0 170 -304 -10 -1 0 0 0 1 0 0 0 -1 3665.dat
1 0 170 -312 -10 -1 0 0 0 1 0 0 0 -1 3024.dat
1 36 170 -320 -10 -1 0 0 0 1 0 0 0 -1 3024.dat
1 0 -230 -336 110 -1 0 0 0 1 0 0 0 -1 2345.dat
1 0 -250 -312 60 0 0 -1 0 1 0 1 0 0 3004.dat
1 0 -250 -312 10 0 0 -1 0 1 0 1 0 0 3622.dat
1 0 -190 -312 130 1 0 0 0 1 0 0 0 1 3665.dat
1 36 -170 -312 130 1 0 0 0 1 0 0 0 1 3062.dat
1 36 90 -312 130 1 0 0 0 1 0 0 0 1 3062.dat
1 0 120 -312 130 1 0 0 0 1 0 0 0 1 3660.dat
1 0 210 -328 90 -1 0 0 0 1 0 0 0 -1 2467.dat
1 46 200 -328 30 1 0 0 0 1 0 0 0 1 2466.dat
1 0 240 -328 30 1 0 0 0 1 0 0 0 1 2466.dat
1 0 170 -328 10 -1 0 0 0 1 0 0 0 -1 3665.dat
1 46 170 -320 -40 0 0 1 0 1 0 -1 0 0 2362.dat
1 46 -250 -320 -40 0 0 -1 0 1 0 1 0 0 2362.dat
1 0 -250 -336 60 0 0 -1 0 1 0 1 0 0 3010.dat
1 0 -250 -320 0 0 0 -1 0 1 0 1 0 0 3023.dat
1 0 -190 -336 130 -1 0 0 0 1 0 0 0 -1 3622.dat
1 0 -190 -336 110 1 0 0 0 1 0 0 0 1 3665.dat
1 0 -220 -336 90 1 0 0 0 1 0 0 0 1 3660.dat
1 0 120 -336 110 1 0 0 0 1 0 0 0 1 3660.dat
1 0 110 -336 130 1 0 0 0 1 0 0 0 1 3622.dat
1 0 200 -336 60 1 0 0 0 1 0 0 0 1 3032.dat
1 0 -40 -264 30 1 0 0 0 1 0 0 0 1 3008.dat
1 0 -40 -264 10 1 0 0 0 1 0 0 0 1 3008.dat
1 0 -40 -288 40 1 0 0 0 1 0 0 0 1 3003.dat
1 0 -90 -336 20 0 0 1 0 1 0 -1 0 0 3684.dat
1 0 10 -336 20 0 0 -1 0 1 0 1 0 0 3684.dat
1 0 -40 -296 40 0 0 -1 0 1 0 1 0 0 3022.dat
1 0 -40 -304 50 -1 0 0 0 1 0 0 0 -1 4175.dat
1 0 -40 -304 30 -1 0 0 0 1 0 0 0 -1 3023.dat
1 0 -40 -328 40 -1 0 0 0 1 0 0 0 -1 3003.dat
1 0 -40 -336 40 -1 0 0 0 1 0 0 0 -1 3022.dat
1 0 -40 -344 10 -1 0 0 0 1 0 0 0 -1 3666.dat
1 0 -40 -344 40 -1 0 0 0 1 0 0 0 -1 3795.dat
1 0 -40 -352 20 -1 0 0 0 1 0 0 0 -1 3022.dat
1 0 -40 -352 50 -1 0 0 0 1 0 0 0 -1 4175.dat
1 0 -10 -352 20 0 0 1 0 1 0 -1 0 0 3710.dat
1 0 -70 -352 20 0 0 1 0 1 0 -1 0 0 3710.dat
1 0 10 -368 30 0 0 1 0 1 0 -1 0 0 3622.dat
1 0 -90 -368 30 0 0 1 0 1 0 -1 0 0 3622.dat
1 36 -90 -392 50 0 0 1 0 1 0 -1 0 0 3062.dat
1 36 10 -392 50 0 0 1 0 1 0 -1 0 0 3062.dat
1 0 10 -392 30 0 0 1 0 1 0 -1 0 0 3040.dat
1 0 -90 -392 30 0 0 -1 0 1 0 1 0 0 3040.dat
1 0 -250 -344 -20 0 0 -1 0 1 0 1 0 0 3010.dat
1 0 -230 -344 50 1 0 0 0 1 0 0 0 1 2450.dat
1 0 -180 -344 100 0 0 -1 0 1 0 1 0 0 3935.dat
1 0 170 -328 -30 0 0 -1 0 1 0 1 0 0 3623.dat
1 0 170 -336 -20 0 0 -1 0 1 0 1 0 0 3710.dat
1 0 170 -344 -20 0 0 -1 0 1 0 1 0 0 3710.dat
1 0 150 -344 50 0 0 1 0 1 0 -1 0 0 2450.dat
1 0 100 -344 100 0 0 1 0 1 0 -1 0 0 3936.dat
1 0 240 -328 250 -1 0 0 0 1 0 0 0 -1 2466.dat
1 0 280 -328 250 -1 0 0 0 1 0 0 0 -1 2466.dat
1 0 320 -328 250 -1 0 0 0 1 0 0 0 -1 2466.dat
1 0 270 -328 190 1 0 0 0 1 0 0 0 1 2467.dat
1 0 130 -368 70 -1 0 0 0 1 0 0 0 -1 3040.dat
1 0 -210 -368 70 -1 0 0 0 1 0 0 0 -1 3040.dat
1 0 -250 -368 10 0 0 -1 0 1 0 1 0 0 3622.dat
1 0 170 -368 10 0 0 -1 0 1 0 1 0 0 3622.dat
1 0 -40 -400 0 1 0 0 0 1 0 0 0 1 2426.dat
1 0 -40 -400 0 1 0 0 0 1 0 0 0 1 u9068.dat
1 7 -120 -382 0 0 0 1 0 1 0 -1 0 0 3712.dat
1 0 -260 -382 0 -1 0 0 0 1 0 0 0 -1 3708.dat
1 14 -392 -382 0 0 1 0 0 0 1 1 0 0 3942.dat
1 0 -250 -392 0 0 0 1 0 1 0 -1 0 0 3700.dat
1 0 -250 -416 0 0 0 1 0 1 0 -1 0 0 3004.dat
1 0 -250 -416 -30 1 0 0 0 1 0 0 0 1 4460.dat
1 0 -230 -488 50 1 0 0 0 1 0 0 0 1 2345.dat
1 0 10 -400 30 0 0 -1 0 1 0 1 0 0 3623.dat
1 0 -90 -400 30 0 0 -1 0 1 0 1 0 0 3623.dat
1 0 170 -392 0 0 0 -1 0 1 0 1 0 0 3004.dat
1 0 170 -416 0 0 0 -1 0 1 0 1 0 0 3004.dat
1 0 170 -416 -30 1 0 0 0 1 0 0 0 1 4460.dat
1 0 150 -488 50 0 0 1 0 1 0 -1 0 0 2345.dat
1 0 210 -336 110 0 0 1 0 1 0 -1 0 0 3024.dat
1 0 240 -336 140 1 0 0 0 1 0 0 0 1 3020.dat
1 0 270 -336 170 1 0 0 0 1 0 0 0 1 3024.dat
1 0 280 -336 220 1 0 0 0 1 0 0 0 1 3032.dat
1 0 270 -192 90 0 0 1 0 1 0 -1 0 0 3623.dat
1 0 270 -192 40 0 0 1 0 1 0 -1 0 0 3023.dat
1 46 270 -328 100 0 0 -1 0 1 0 1 0 0 2466.dat
1 0 270 -328 60 0 0 -1 0 1 0 1 0 0 2466.dat
1 46 270 -328 30 1 0 0 0 1 0 0 0 1 2468.dat
1 36 270 -336 110 1 0 0 0 1 0 0 0 1 3024.dat
1 0 270 -336 60 0 0 1 0 1 0 -1 0 0 4625.dat
1 0 240 -344 60 0 0 1 0 1 0 -1 0 0 4213.dat
1 0 210 -192 190 0 0 -1 0 1 0 1 0 0 3623.dat
1 0 210 -192 240 0 0 -1 0 1 0 1 0 0 3023.dat
1 46 210 -328 180 0 0 1 0 1 0 -1 0 0 2466.dat
1 0 210 -328 220 0 0 1 0 1 0 -1 0 0 2466.dat
1 46 210 -328 250 -1 0 0 0 1 0 0 0 -1 2468.dat
1 36 210 -336 170 -1 0 0 0 1 0 0 0 -1 3024.dat
1 0 210 -336 220 0 0 -1 0 1 0 1 0 0 4625.dat
1 0 240 -344 220 0 0 -1 0 1 0 1 0 0 4213.dat
1 0 270 -344 150 0 0 1 0 1 0 -1 0 0 3623.dat
1 0 210 -344 130 0 0 1 0 1 0 -1 0 0 3623.dat
1 0 240 -344 140 0 0 1 0 1 0 -1 0 0 3020.dat
1 0 170 -440 10 0 0 1 0 1 0 -1 0 0 3005.dat
1 0 170 -464 10 0 0 1 0 1 0 -1 0 0 3005.dat
1 0 160 -488 70 1 0 0 0 1 0 0 0 1 3004.dat
1 0 -240 -488 70 1 0 0 0 1 0 0 0 1 3004.dat
1 0 -250 -440 10 1 0 0 0 1 0 0 0 1 3005.dat
1 0 -250 -464 10 1 0 0 0 1 0 0 0 1 3005.dat
1 0 10 -472 50 -1 0 0 0 1 0 0 0 -1 2449.dat
1 0 -90 -472 50 -1 0 0 0 1 0 0 0 -1 2449.dat
1 46 -40 -472 10 -1 0 0 0 1 0 0 0 -1 4215.dat
1 0 -250 -488 20 0 0 1 0 1 0 -1 0 0 3660.dat
1 0 -250 -488 -10 1 0 0 0 1 0 0 0 1 4460.dat
1 0 170 -488 -10 1 0 0 0 1 0 0 0 1 4460.dat
1 0 170 -488 20 0 0 -1 0 1 0 1 0 0 3660.dat
1 0 150 -512 70 0 0 -1 0 1 0 1 0 0 3040.dat
1 0 -230 -512 70 0 0 1 0 1 0 -1 0 0 3040.dat
1 0 130 -560 70 0 0 -1 0 1 0 1 0 0 2339.dat
1 0 -210 -560 70 0 0 1 0 1 0 -1 0 0 2339.dat
1 46 -40 -480 40 -1 0 0 0 1 0 0 0 -1 3032.dat
1 0 240 -352 140 0 0 1 0 1 0 -1 0 0 3795.dat
1 0 -90 -552 70 0 0 1 0 1 0 -1 0 0 2449.dat
1 0 10 -552 70 0 0 -1 0 1 0 1 0 0 2449.dat
1 0 -70 -552 70 0 0 -1 0 1 0 1 0 0 4460.dat
1 0 -10 -552 70 0 0 1 0 1 0 -1 0 0 4460.dat
1 0 130 -536 70 0 0 -1 0 1 0 1 0 0 3040.dat
1 0 -210 -536 70 0 0 1 0 1 0 -1 0 0 3040.dat
1 0 180 -496 30 1 0 0 0 1 0 0 0 1 3069.dat
1 0 -260 -496 30 -1 0 0 0 1 0 0 0 -1 3069.dat
1 0 190 -496 -10 1 0 0 0 1 0 0 0 1 2450.dat
1 0 -270 -496 -10 0 0 1 0 1 0 -1 0 0 2450.dat
1 0 240 -370 100 0 0 1 0 1 0 -1 0 0 752.dat
1 0 240 -370 180 0 0 1 0 1 0 -1 0 0 752.dat
1 0 110 -578 70 1 0 0 0 1 0 0 0 1 752.dat
1 0 30 -578 70 1 0 0 0 1 0 0 0 1 752.dat
1 0 -190 -578 70 -1 0 0 0 1 0 0 0 -1 752.dat
1 0 -110 -578 70 -1 0 0 0 1 0 0 0 -1 752.dat
1 0 -130 -560 70 -1 0 0 0 1 0 0 0 -1 3623.dat
1 0 50 -560 70 -1 0 0 0 1 0 0 0 -1 3623.dat
1 0 -80 -560 70 -1 0 0 0 1 0 0 0 -1 3794.dat
1 0 0 -560 70 -1 0 0 0 1 0 0 0 -1 3794.dat
1 36 0 -584 70 -1 0 0 0 1 0 0 0 -1 3062.dat
1 36 -80 -584 70 -1 0 0 0 1 0 0 0 -1 3062.dat
1 0 110 -560 70 0 0 -1 0 1 0 1 0 0 3040.dat
1 0 -190 -560 70 0 0 1 0 1 0 -1 0 0 3040.dat
1 0 173.827 -215.239 -160 0 -0.382683 0.92388 0 0.92388 0.382683 -1 0 0 3938.dat
1 0 173.827 -215.239 -120 0 -0.382683 0.92388 0 0.92388 0.382683 -1 0 0 3938.dat
1 0 173.827 -215.239 -80 0 -0.382683 0.92388 0 0.92388 0.382683 -1 0 0 3938.dat
1 0 127.0345 -520.3726 -120 0 -0.382683 -0.92388 0 0.92388 -0.382683 1 0 0 2408.dat
1 0 111.6184 -535.4173 -120 0 -0.382683 0.92388 0 0.92388 0.382683 -1 0 0 2436.dat
1 0 145.4577 -538.7189 -70 -0.92388 -0.382683 0 -0.382683 0.92388 0 0 0 -1 3937.dat
1 0 141.6309 -529.4801 -60 -0.92388 0 0.382683 -0.382683 0 -0.92388 0 -1 0 3938.dat
1 0 137.804 -520.2413 -52 -0.92388 0 0.382683 -0.382683 0 -0.92388 0 -1 0 3680.dat
1 14 95.1198 -553.0751 -120 0 0.92388 -0.382683 0 0.382683 0.92388 1 0 0 2419.dat
1 0 106.3377 -559.2524 -120 0.382683 0.92388 0 -0.92388 0.382683 0 0 0 1 4229.dat
1 36 130.3586 -549.3027 -232 0.382683 0 0.92388 -0.92388 0 0.382683 0 -1 0 3957.dat
1 36 130.3586 -549.3027 -240 0.382683 0 0.92388 -0.92388 0 0.382683 0 -1 0 4740.dat
1 0 -253.866 -215.24 -80 0 0.382683 -0.92388 0 0.92388 0.382683 1 0 0 3938.dat
1 0 -253.866 -215.24 -120 0 0.382683 -0.92388 0 0.92388 0.382683 1 0 0 3938.dat
1 0 -253.866 -215.24 -160 0 0.382683 -0.92388 0 0.92388 0.382683 1 0 0 3938.dat
1 0 -207.0735 -520.3736 -120 0 0.382683 0.92388 0 0.92388 -0.382683 -1 0 0 2408.dat
1 0 -191.6574 -535.4183 -120 0 0.382683 -0.92388 0 0.92388 0.382683 1 0 0 2436.dat
1 0 -225.4967 -538.7199 -70 -0.92388 0.382683 0 0.382683 0.92388 0 0 0 -1 3937.dat
1 0 -221.6699 -529.4811 -60 -0.92388 0 -0.382683 0.382683 0 -0.92388 0 -1 0 3938.dat
1 0 -217.843 -520.2423 -52 -0.92388 0 -0.382683 0.382683 0 -0.92388 0 -1 0 3680.dat
1 14 -175.1588 -553.0761 -120 0 -0.92388 0.382683 0 0.382683 0.92388 -1 0 0 2419.dat
1 0 -186.3767 -559.2535 -120 0.382683 -0.92388 0 0.92388 0.382683 0 0 0 1 4229.dat
1 36 -210.3976 -549.3037 -232 0.382683 0 -0.92388 0.92388 0 0.382683 0 -1 0 3957.dat
1 36 -210.3976 -549.3037 -240 0.382683 0 -0.92388 0.92388 0 0.382683 0 -1 0 4740.dat
1 0 19.7297 -445.019 -36 -0.843391 0 -0.5373 0.5373 0 -0.843391 0 -1 0 3680.dat
1 7 137.8045 -520.241 -52 -0.843391 0 -0.5373 0.5373 0 -0.843391 0 -1 0 3679.dat
1 0 137.8045 -520.241 -44 -0.843391 0 -0.5373 0.5373 0 -0.843391 0 -1 0 4282.dat
1 36 269.6861 -592.4021 -36 -0.843391 0 -0.5373 0.5373 0 -0.843391 0 -1 0 3024.dat
1 36 134.7436 -506.4341 -36 -0.843391 0 -0.5373 0.5373 0 -0.843391 0 -1 0 3024.dat
1 0 269.6861 -592.4021 -12 0.5373 0 -0.843391 0.843391 0 0.5373 0 -1 0 4070.dat
1 0 134.7436 -506.4341 -12 0.5373 0 -0.843391 0.843391 0 0.5373 0 -1 0 4070.dat
1 0 261.2522 -587.0291 -22 -0.5373 -0.843391 0 -0.843391 0.5373 0 0 0 -1 4737.dat
1 36 335.4706 -634.3115 -22 0 0.843391 0.5373 0 -0.5373 0.843391 1 0 0 3957.dat
1 36 342.2177 -638.6099 -22 0 0.843391 0.5373 0 -0.5373 0.843391 1 0 0 4740.dat
1 14 255.8792 -595.463 -52 0.843391 0 0.5373 -0.5373 0 0.843391 0 -1 0 3960.dat
1 36 255.8792 -595.463 -68 0.843391 0 0.5373 -0.5373 0 0.843391 0 -1 0 4740.dat
1 0 -100.2733 -445.02 -36 0.843391 0 -0.5373 0.5373 0 0.843391 0 -1 0 3680.dat
1 7 -218.348 -520.242 -52 0.843391 0 -0.5373 0.5373 0 0.843391 0 -1 0 3679.dat
1 0 -218.348 -520.242 -44 0.843391 0 -0.5373 0.5373 0 0.843391 0 -1 0 4282.dat
1 36 -350.2296 -592.4031 -36 0.843391 0 -0.5373 0.5373 0 0.843391 0 -1 0 3024.dat
1 36 -215.2871 -506.4351 -36 0.843391 0 -0.5373 0.5373 0 0.843391 0 -1 0 3024.dat
1 0 -350.2296 -592.4031 -12 0.5373 0 0.843391 -0.843391 0 0.5373 0 -1 0 4070.dat
1 0 -215.2871 -506.4351 -12 0.5373 0 0.843391 -0.843391 0 0.5373 0 -1 0 4070.dat
1 0 -341.7957 -587.0301 -22 0 0.843391 -0.5373 0 0.5373 0.843391 1 0 0 4737.dat
1 36 -416.0142 -634.3125 -22 0 -0.843391 0.5373 0 -0.5373 -0.843391 1 0 0 3957.dat
1 36 -422.7613 -638.6109 -22 0 -0.843391 0.5373 0 -0.5373 -0.843391 1 0 0 4740.dat
1 14 -336.4227 -595.464 -52 -0.843391 0 0.5373 -0.5373 0 -0.843391 0 -1 0 3960.dat
1 36 -336.4227 -595.464 -68 -0.843391 0 0.5373 -0.5373 0 -0.843391 0 -1 0 4740.dat
1 14 -40 -345.017 -6 0 0 -1 1 0 0 0 -1 0 2428.dat
1 0 -40 -185.017 -20 0 0 1 -1 0 0 0 -1 0 3710.dat
1 0 -40 -245.017 -20 -1 0 0 0 0 -1 0 -1 0 3021.dat
1 0 -60 -245.017 -12 0 0 -1 1 0 0 0 -1 0 3023.dat
1 0 -20 -245.017 -12 0 0 -1 1 0 0 0 -1 0 3023.dat
1 0 -40 -515.017 -20 0 0 -1 1 0 0 0 -1 0 3623.dat
1 0 -40 -475.017 -20 1 0 0 0 0 1 0 -1 0 3794.dat
1 0 -40 -455.017 -20 1 0 0 0 0 1 0 -1 0 3794.dat
1 0 -40 -435.017 -20 1 0 0 0 0 1 0 -1 0 3794.dat
1 0 -40 -415.017 -20 1 0 0 0 0 1 0 -1 0 3794.dat
1 0 -40 -475.017 -28 1 0 0 0 0 1 0 -1 0 3023.dat
1 0 -40 -415.017 -28 1 0 0 0 0 1 0 -1 0 3023.dat
1 0 -40 -445.017 -28 1 0 0 0 0 1 0 -1 0 3034.dat
1 0 -40 -445.017 -36 0 0 1 -1 0 0 0 -1 0 3020.dat
1 7 -100 -445.017 -36 0 0 1 -1 0 0 0 -1 0 3679.dat
1 7 20 -445.017 -36 0 0 1 -1 0 0 0 -1 0 3679.dat
1 0 340 -8 -10 1 0 0 0 1 0 0 0 1 4162.dat
1 0 340 -24 50 1 0 0 0 1 0 0 0 1 3009.dat
1 0 340 -24 -110 1 0 0 0 1 0 0 0 1 3009.dat
1 0 340 -24 110 1 0 0 0 1 0 0 0 1 3009.dat
1 0 340 -8 170 1 0 0 0 1 0 0 0 1 4162.dat
1 0 500 -8 170 1 0 0 0 1 0 0 0 1 4162.dat
1 0 500 -8 -10 1 0 0 0 1 0 0 0 1 4162.dat
1 0 620 -8 170 1 0 0 0 1 0 0 0 1 2431.dat
1 0 620 -8 -10 1 0 0 0 1 0 0 0 1 2431.dat
1 0 680 -8 170 1 0 0 0 1 0 0 0 1 3069.dat
1 0 680 -8 -10 1 0 0 0 1 0 0 0 1 3069.dat
1 0 710 -24 -10 0 0 -1 0 1 0 1 0 0 3040.dat
1 0 710 -24 170 0 0 -1 0 1 0 1 0 0 3040.dat
1 0 680 -24 -30 -1 0 0 0 1 0 0 0 -1 3633.dat
1 14 600 -24 -30 -1 0 0 0 1 0 0 0 -1 3633.dat
1 0 520 -24 -30 -1 0 0 0 1 0 0 0 -1 3633.dat
1 14 440 -24 -30 -1 0 0 0 1 0 0 0 -1 3633.dat
1 14 440 -24 190 1 0 0 0 1 0 0 0 1 3633.dat
1 0 520 -24 190 1 0 0 0 1 0 0 0 1 3633.dat
1 14 600 -24 190 1 0 0 0 1 0 0 0 1 3633.dat
1 0 680 -24 190 1 0 0 0 1 0 0 0 1 3633.dat
1 0 340 -72 80 0 0 1 0 1 0 -1 0 0 2426.dat
1 0 340 -32 -110 1 0 0 0 1 0 0 0 1 3666.dat
1 0 340 -40 -110 1 0 0 0 1 0 0 0 1 3666.dat
1 0 340 -64 -110 1 0 0 0 1 0 0 0 1 3700.dat
1 0 370 -64 -110 0 0 -1 0 1 0 1 0 0 3040.dat
1 0 310 -64 -110 0 0 1 0 1 0 -1 0 0 3040.dat
1 0 340 -72 -110 1 0 0 0 1 0 0 0 1 3710.dat
1 0 340 -72 80 0 0 1 0 1 0 -1 0 0 u9068.dat
1 0 340 -54 -40 0 0 1 0 1 0 -1 0 0 3737.dat
1 14 340 -54 -168 0 0 1 1 0 0 0 1 0 3942.dat
1 0 550 -8 80 0 0 1 0 1 0 -1 0 0 3832.dat
1 0 650 -8 80 0 0 1 0 1 0 -1 0 0 3832.dat
1 0 540 -16 80 0 0 1 0 1 0 -1 0 0 3794.dat
1 0 560 -16 80 0 0 1 0 1 0 -1 0 0 3794.dat
1 0 640 -16 80 0 0 1 0 1 0 -1 0 0 3794.dat
1 0 660 -16 80 0 0 1 0 1 0 -1 0 0 3794.dat
1 0 610 -24 80 1 0 0 0 1 0 0 0 1 3460.dat
1 36 680 -48 80 1 0 0 0 1 0 0 0 1 3062.dat
1 14 470 -38 80 1 0 0 0 1 0 0 0 1 2428.dat
1 0 650 -128 60 1 0 0 0 1 0 0 0 1 4476.dat
1 0 550 -128 60 1 0 0 0 1 0 0 0 1 4476.dat
1 0 550 -128 180 1 0 0 0 1 0 0 0 1 4476.dat
1 0 650 -128 180 1 0 0 0 1 0 0 0 1 4476.dat
1 0 650 -152 60 1 0 0 0 1 0 0 0 1 3003.dat
1 0 550 -152 60 1 0 0 0 1 0 0 0 1 3003.dat
1 0 650 -152 170 -1 0 0 0 1 0 0 0 -1 3039.dat
1 0 550 -152 170 -1 0 0 0 1 0 0 0 -1 3039.dat
1 0 560 -176 170 0 0 -1 0 1 0 1 0 0 4287.dat
1 0 540 -176 120 0 0 -1 0 1 0 1 0 0 3009.dat
1 0 590 -176 50 1 0 0 0 1 0 0 0 1 3009.dat
1 0 660 -176 120 0 0 1 0 1 0 -1 0 0 3009.dat
1 0 640 -176 120 0 0 1 0 1 0 -1 0 0 3009.dat
1 0 660 -176 50 0 0 1 0 1 0 -1 0 0 3005.dat
1 0 630 -184 140 0 0 1 0 1 0 -1 0 0 3031.dat
1 0 570 -184 80 0 0 1 0 1 0 -1 0 0 2401.dat
1 46 660 -320 170 0 0 -1 0 1 0 1 0 0 2468.dat
1 0 660 -320 140 0 0 -1 0 1 0 1 0 0 2466.dat
1 0 630 -320 170 -1 0 0 0 1 0 0 0 -1 2466.dat
1 0 650 -192 0 -1 0 0 0 1 0 0 0 -1 3022.dat
1 0 650 -200 0 -1 0 0 0 1 0 0 0 -1 3022.dat
1 0 480 -208 160 0 0 1 0 1 0 -1 0 0 3004.dat
1 0 600 -304 110 0 0 1 0 1 0 -1 0 0 2453.dat
1 0 600 -312 110 0 0 1 0 1 0 -1 0 0 3024.dat
1 0 600 -320 110 0 0 1 0 1 0 -1 0 0 3024.dat
1 0 630 -328 140 0 0 1 0 1 0 -1 0 0 3031.dat
1 0 650 -180 -20 1 0 0 0 0 1 0 -1 0 3956.dat
1 14 650 -216 10 -1 0 0 0 1 0 0 0 -1 3069.dat
1 36 660 -336 170 -1 0 0 0 1 0 0 0 -1 3024.dat
1 0 660 -360 170 -1 0 0 0 1 0 0 0 -1 4733.dat
1 14 660 -368 170 -1 0 0 0 1 0 0 0 -1 3070.dat
1 14 660 -350 152 -1 0 0 0 0 1 0 1 0 4592.dat
1 0 660 -350 153 -1 0 0 0 0.92388 0.382683 0 0.382683 -0.92388 4593.dat
1 14 642 -350 170 0 1 0 0 0 1 1 0 0 4592.dat
1 0 643 -350 170 0 0.382683 -0.92388 0 0.92388 0.382683 1 0 0 4593.dat
1 0 660 -464 140 0 0 -1 0 1 0 1 0 0 2466.dat
1 0 630 -464 170 -1 0 0 0 1 0 0 0 -1 2466.dat
1 0 610 -336 120 -1 0 0 0 1 0 0 0 -1 3680.dat
1 7 610 -336 120 -0.382683 0 -0.92388 0 1 0 0.92388 0 -0.382683 3679.dat
1 14 600.7612 -344 116.1732 -0.382683 0 -0.92388 0 1 0 0.92388 0 -0.382683 4598.dat
1 0 602.6089 -424 116.9385 -0.026176 0 -0.999657 0 1 0 0.999657 0 -0.026176 2446.dat
1 0 597.2848 -421.229 116.7991 -0.026176 0.818871 -0.573379 0 0.573576 0.819152 0.999657 0.021442 -0.015014 2447.dat
1 14 602.6089 -424 116.9385 -0.026176 0 -0.999657 0 1 0 0.999657 0 -0.026176 3626.dat
1 0 602.6089 -397 116.9385 -0.382683 0 -0.92388 0 1 0 0.92388 0 -0.382683 3838.dat
1 0 602.6089 -397 116.9385 -0.382683 0 -0.92388 0 1 0 0.92388 0 -0.382683 973.dat
1 46 640 -472 150 0 0 1 0 1 0 -1 0 0 2409.dat
1 0 660 -496 170 0.707107 0 -0.707107 0 1 0 0.707107 0 0.707107 4733.dat
1 36 660 -504 170 -0.707107 0 0.707107 0 1 0 -0.707107 0 -0.707107 3957.dat
1 36 647.272 -486 182.728 0 0.707107 -0.707107 1 0 0 0 -0.707107 -0.707107 3957.dat
1 36 672.728 -486 182.728 0 -0.707107 -0.707107 1 0 0 0 -0.707107 0.707107 3957.dat
1 36 672.728 -486 157.272 0 -0.707107 0.707107 1 0 0 0 0.707107 0.707107 3957.dat
1 36 647.272 -486 157.272 0 0.707107 0.707107 1 0 0 0 0.707107 -0.707107 3957.dat
1 0 650 -180 -28 1 0 0 0 0 1 0 -1 0 3961.dat
1 36 650 -180 -36 1 0 0 0 0 1 0 -1 0 4740.dat
1 65 30 -578 70 1 0 0 0 -1 0 0 0 -1 755.dat
1 65 110 -578 70 1 0 0 0 -1 0 0 0 -1 755.dat
1 65 30.3875 -584.948 70 0.9962 0.0868 0 0.0868 -0.9962 0 0 0 1 756.dat
1 65 30.7568 -587.606 70 0.9912 0.1323 0 0.1323 -0.9912 0 0 0 1 756.dat
1 65 31.2516 -590.246 70 0.9839 0.1788 0 0.1788 -0.9839 0 0 0 1 756.dat
1 65 31.8749 -592.86 70 0.974 0.2264 0 0.2264 -0.974 0 0 0 1 756.dat
1 65 32.6297 -595.441 70 0.9614 0.2751 0 0.2751 -0.9614 0 0 0 1 756.dat
1 65 33.5188 -597.979 70 0.9458 0.3249 0 0.3249 -0.9458 0 0 0 1 756.dat
1 65 34.5446 -600.465 70 0.9268 0.3756 0 0.3756 -0.9268 0 0 0 1 756.dat
1 65 35.7093 -602.889 70 0.9042 0.4272 0 0.4272 -0.9042 0 0 0 1 756.dat
1 65 37.0142 -605.24 70 0.8776 0.4794 0 0.4794 -0.8776 0 0 0 1 756.dat
1 65 38.4605 -607.505 70 0.8466 0.5322 0 0.5322 -0.8466 0 0 0 1 756.dat
1 65 40.0566 -609.685 70 0.8111 0.585 0 0.585 -0.8111 0 0 0 1 756.dat
1 65 41.7824 -611.74 70 0.7708 0.6371 0 0.6371 -0.7708 0 0 0 1 756.dat
1 65 43.6442 -613.671 70 0.7254 0.6883 0 0.6883 -0.7254 0 0 0 1 756.dat
1 65 45.6487 -615.475 70 0.6749 0.7379 0 0.7379 -0.6749 0 0 0 1 756.dat
1 65 47.778 -617.128 70 0.6197 0.7849 0 0.7849 -0.6197 0 0 0 1 756.dat
1 65 50.0103 -618.608 70 0.56 0.8285 0 0.8285 -0.56 0 0 0 1 756.dat
1 65 52.3611 -619.926 70 0.4965 0.8681 0 0.8681 -0.4965 0 0 0 1 756.dat
1 65 54.7908 -621.056 70 0.4299 0.9029 0 0.9029 -0.4299 0 0 0 1 756.dat
1 65 57.3147 -622.01 70 0.3613 0.9325 0 0.9325 -0.3613 0 0 0 1 756.dat
1 65 59.8882 -622.771 70 0.2919 0.9565 0 0.9565 -0.2919 0 0 0 1 756.dat
1 65 62.5117 -623.347 70 0.2227 0.9749 0 0.9749 -0.2227 0 0 0 1 756.dat
1 65 65.1703 -623.74 70 0.1544 0.988 0 0.988 -0.1544 0 0 0 1 756.dat
1 65 67.866 -623.96 70 0.0883 0.9961 0 0.9961 -0.0883 0 0 0 1 756.dat
1 65 70.5517 -624.008 70 0.0253 0.9997 0 0.9997 -0.0253 0 0 0 1 756.dat
1 65 73.235 -623.917 70 -0.0276 0.9996 0 0.9996 0.0276 0 0 0 1 756.dat
1 65 75.9098 -623.694 70 -0.0771 0.997 0 0.997 0.0771 0 0 0 1 756.dat
1 65 78.5778 -623.328 70 -0.1299 0.9915 0 0.9915 0.1299 0 0 0 1 756.dat
1 65 81.2103 -622.81 70 -0.1863 0.9825 0 0.9825 0.1863 0 0 0 1 756.dat
1 65 83.8244 -622.129 70 -0.2458 0.9693 0 0.9693 0.2458 0 0 0 1 756.dat
1 65 86.373 -621.282 70 -0.308 0.9514 0 0.9514 0.308 0 0 0 1 756.dat
1 65 88.8549 -620.262 70 -0.3727 0.928 0 0.928 0.3727 0 0 0 1 756.dat
1 65 91.2669 -619.059 70 -0.4389 0.8985 0 0.8985 0.4389 0 0 0 1 756.dat
1 65 93.5764 -617.679 70 -0.5055 0.8628 0 0.8628 0.5055 0 0 0 1 756.dat
1 65 95.7666 -616.124 70 -0.5713 0.8208 0 0.8208 0.5713 0 0 0 1 756.dat
1 65 97.8218 -614.402 70 -0.635 0.7725 0 0.7725 0.635 0 0 0 1 756.dat
1 65 99.7408 -612.51 70 -0.6954 0.7186 0 0.7186 0.6954 0 0 0 1 756.dat
1 65 101.501 -610.471 70 -0.751 0.6603 0 0.6603 0.751 0 0 0 1 756.dat
1 65 103.083 -608.31 70 -0.8011 0.5986 0 0.5986 0.8011 0 0 0 1 756.dat
1 65 104.506 -606.019 70 -0.845 0.5348 0 0.5348 0.845 0 0 0 1 756.dat
1 65 105.748 -603.638 70 -0.8825 0.4703 0 0.4703 0.8825 0 0 0 1 756.dat
1 65 106.82 -601.171 70 -0.9138 0.4061 0 0.4061 0.9138 0 0 0 1 756.dat
1 65 107.726 -598.633 70 -0.9392 0.3434 0 0.3434 0.9392 0 0 0 1 756.dat
1 65 108.465 -596.054 70 -0.9591 0.2829 0 0.2829 0.9591 0 0 0 1 756.dat
1 65 109.05 -593.433 70 -0.9744 0.2248 0 0.2248 0.9744 0 0 0 1 756.dat
1 65 109.492 -590.767 70 -0.9855 0.1696 0 0.1696 0.9855 0 0 0 1 756.dat
1 65 109.792 -588.098 70 -0.9931 0.1176 0 0.1176 0.9931 0 0 0 1 756.dat
1 65 109.96 -585.422 70 -0.9976 0.0687 0 0.0687 0.9976 0 0 0 1 756.dat
1 65 110.006 -582.73 70 -0.9998 0.0223 0 0.0223 0.9998 0 0 0 1 756.dat
1 65 -190 -578 70 1 0 0 0 -1 0 0 0 -1 755.dat
1 65 -110 -578 70 1 0 0 0 -1 0 0 0 -1 755.dat
1 65 -189.613 -584.948 70 0.9962 0.0868 0 0.0868 -0.9962 0 0 0 1 756.dat
1 65 -189.243 -587.606 70 0.9912 0.1323 0 0.1323 -0.9912 0 0 0 1 756.dat
1 65 -188.748 -590.246 70 0.9839 0.1788 0 0.1788 -0.9839 0 0 0 1 756.dat
1 65 -188.125 -592.86 70 0.974 0.2264 0 0.2264 -0.974 0 0 0 1 756.dat
1 65 -187.37 -595.441 70 0.9614 0.2751 0 0.2751 -0.9614 0 0 0 1 756.dat
1 65 -186.481 -597.979 70 0.9458 0.3249 0 0.3249 -0.9458 0 0 0 1 756.dat
1 65 -185.455 -600.465 70 0.9268 0.3756 0 0.3756 -0.9268 0 0 0 1 756.dat
1 65 -184.291 -602.889 70 0.9042 0.4272 0 0.4272 -0.9042 0 0 0 1 756.dat
1 65 -182.986 -605.24 70 0.8776 0.4794 0 0.4794 -0.8776 0 0 0 1 756.dat
1 65 -181.54 -607.505 70 0.8466 0.5322 0 0.5322 -0.8466 0 0 0 1 756.dat
1 65 -179.943 -609.685 70 0.8111 0.585 0 0.585 -0.8111 0 0 0 1 756.dat
1 65 -178.218 -611.74 70 0.7708 0.6371 0 0.6371 -0.7708 0 0 0 1 756.dat
1 65 -176.356 -613.671 70 0.7254 0.6883 0 0.6883 -0.7254 0 0 0 1 756.dat
1 65 -174.351 -615.475 70 0.6749 0.7379 0 0.7379 -0.6749 0 0 0 1 756.dat
1 65 -172.222 -617.128 70 0.6197 0.7849 0 0.7849 -0.6197 0 0 0 1 756.dat
1 65 -169.99 -618.608 70 0.56 0.8285 0 0.8285 -0.56 0 0 0 1 756.dat
1 65 -167.639 -619.926 70 0.4965 0.8681 0 0.8681 -0.4965 0 0 0 1 756.dat
1 65 -165.209 -621.056 70 0.4299 0.9029 0 0.9029 -0.4299 0 0 0 1 756.dat
1 65 -162.685 -622.01 70 0.3613 0.9325 0 0.9325 -0.3613 0 0 0 1 756.dat
1 65 -160.112 -622.771 70 0.2919 0.9565 0 0.9565 -0.2919 0 0 0 1 756.dat
1 65 -157.488 -623.347 70 0.2227 0.9749 0 0.9749 -0.2227 0 0 0 1 756.dat
1 65 -154.83 -623.74 70 0.1544 0.988 0 0.988 -0.1544 0 0 0 1 756.dat
1 65 -152.134 -623.96 70 0.0883 0.9961 0 0.9961 -0.0883 0 0 0 1 756.dat
1 65 -149.448 -624.008 70 0.0253 0.9997 0 0.9997 -0.0253 0 0 0 1 756.dat
1 65 -146.765 -623.917 70 -0.0276 0.9996 0 0.9996 0.0276 0 0 0 1 756.dat
1 65 -144.09 -623.694 70 -0.0771 0.997 0 0.997 0.0771 0 0 0 1 756.dat
1 65 -141.422 -623.328 70 -0.1299 0.9915 0 0.9915 0.1299 0 0 0 1 756.dat
1 65 -138.79 -622.81 70 -0.1863 0.9825 0 0.9825 0.1863 0 0 0 1 756.dat
1 65 -136.176 -622.129 70 -0.2458 0.9693 0 0.9693 0.2458 0 0 0 1 756.dat
1 65 -133.627 -621.282 70 -0.308 0.9514 0 0.9514 0.308 0 0 0 1 756.dat
1 65 -131.145 -620.262 70 -0.3727 0.928 0 0.928 0.3727 0 0 0 1 756.dat
1 65 -128.733 -619.059 70 -0.4389 0.8985 0 0.8985 0.4389 0 0 0 1 756.dat
1 65 -126.424 -617.679 70 -0.5055 0.8628 0 0.8628 0.5055 0 0 0 1 756.dat
1 65 -124.233 -616.124 70 -0.5713 0.8208 0 0.8208 0.5713 0 0 0 1 756.dat
1 65 -122.178 -614.402 70 -0.635 0.7725 0 0.7725 0.635 0 0 0 1 756.dat
1 65 -120.259 -612.51 70 -0.6954 0.7186 0 0.7186 0.6954 0 0 0 1 756.dat
1 65 -118.499 -610.471 70 -0.751 0.6603 0 0.6603 0.751 0 0 0 1 756.dat
1 65 -116.917 -608.31 70 -0.8011 0.5986 0 0.5986 0.8011 0 0 0 1 756.dat
1 65 -115.494 -606.019 70 -0.845 0.5348 0 0.5348 0.845 0 0 0 1 756.dat
1 65 -114.252 -603.638 70 -0.8825 0.4703 0 0.4703 0.8825 0 0 0 1 756.dat
1 65 -113.18 -601.171 70 -0.9138 0.4061 0 0.4061 0.9138 0 0 0 1 756.dat
1 65 -112.274 -598.633 70 -0.9392 0.3434 0 0.3434 0.9392 0 0 0 1 756.dat
1 65 -111.535 -596.054 70 -0.9591 0.2829 0 0.2829 0.9591 0 0 0 1 756.dat
1 65 -110.95 -593.433 70 -0.9744 0.2248 0 0.2248 0.9744 0 0 0 1 756.dat
1 65 -110.508 -590.767 70 -0.9855 0.1696 0 0.1696 0.9855 0 0 0 1 756.dat
1 65 -110.208 -588.098 70 -0.9931 0.1176 0 0.1176 0.9931 0 0 0 1 756.dat
1 65 -110.04 -585.422 70 -0.9976 0.0687 0 0.0687 0.9976 0 0 0 1 756.dat
1 65 -109.994 -582.73 70 -0.9998 0.0223 0 0.0223 0.9998 0 0 0 1 756.dat
1 65 240 -370 180 0 0 -1 0 -1 0 -1 0 0 755.dat
1 65 240 -370 100 0 0 -1 0 -1 0 -1 0 0 755.dat
1 65 240 -376.948 179.613 0 0 1 0.0868 -0.9962 0 -0.9962 -0.0868 0 756.dat
1 65 240 -379.606 179.243 0 0 1 0.1323 -0.9912 0 -0.9912 -0.1323 0 756.dat
1 65 240 -382.246 178.748 0 0 1 0.1788 -0.9839 0 -0.9839 -0.1788 0 756.dat
1 65 240 -384.86 178.125 0 0 1 0.2264 -0.974 0 -0.974 -0.2264 0 756.dat
1 65 240 -387.441 177.37 0 0 1 0.2751 -0.9614 0 -0.9614 -0.2751 0 756.dat
1 65 240 -389.979 176.481 0 0 1 0.3249 -0.9458 0 -0.9458 -0.3249 0 756.dat
1 65 240 -392.465 175.455 0 0 1 0.3756 -0.9268 0 -0.9268 -0.3756 0 756.dat
1 65 240 -394.889 174.291 0 0 1 0.4272 -0.9042 0 -0.9042 -0.4272 0 756.dat
1 65 240 -397.24 172.986 0 0 1 0.4794 -0.8776 0 -0.8776 -0.4794 0 756.dat
1 65 240 -399.505 171.54 0 0 1 0.5322 -0.8466 0 -0.8466 -0.5322 0 756.dat
1 65 240 -401.685 169.943 0 0 1 0.585 -0.8111 0 -0.8111 -0.585 0 756.dat
1 65 240 -403.74 168.218 0 0 1 0.6371 -0.7708 0 -0.7708 -0.6371 0 756.dat
1 65 240 -405.671 166.356 0 0 1 0.6883 -0.7254 0 -0.7254 -0.6883 0 756.dat
1 65 240 -407.475 164.351 0 0 1 0.7379 -0.6749 0 -0.6749 -0.7379 0 756.dat
1 65 240 -409.128 162.222 0 0 1 0.7849 -0.6197 0 -0.6197 -0.7849 0 756.dat
1 65 240 -410.608 159.99 0 0 1 0.8285 -0.56 0 -0.56 -0.8285 0 756.dat
1 65 240 -411.926 157.639 0 0 1 0.8681 -0.4965 0 -0.4965 -0.8681 0 756.dat
1 65 240 -413.056 155.209 0 0 1 0.9029 -0.4299 0 -0.4299 -0.9029 0 756.dat
1 65 240 -414.01 152.685 0 0 1 0.9325 -0.3613 0 -0.3613 -0.9325 0 756.dat
1 65 240 -414.771 150.112 0 0 1 0.9565 -0.2919 0 -0.2919 -0.9565 0 756.dat
1 65 240 -415.347 147.488 0 0 1 0.9749 -0.2227 0 -0.2227 -0.9749 0 756.dat
1 65 240 -415.74 144.83 0 0 1 0.988 -0.1544 0 -0.1544 -0.988 0 756.dat
1 65 240 -415.96 142.134 0 0 1 0.9961 -0.0883 0 -0.0883 -0.9961 0 756.dat
1 65 240 -416.008 139.448 0 0 1 0.9997 -0.0253 0 -0.0253 -0.9997 0 756.dat
1 65 240 -415.917 136.765 0 0 1 0.9996 0.0276 0 0.0276 -0.9996 0 756.dat
1 65 240 -415.694 134.09 0 0 1 0.997 0.0771 0 0.0771 -0.997 0 756.dat
1 65 240 -415.328 131.422 0 0 1 0.9915 0.1299 0 0.1299 -0.9915 0 756.dat
1 65 240 -414.81 128.79 0 0 1 0.9825 0.1863 0 0.1863 -0.9825 0 756.dat
1 65 240 -414.129 126.176 0 0 1 0.9693 0.2458 0 0.2458 -0.9693 0 756.dat
1 65 240 -413.282 123.627 0 0 1 0.9514 0.308 0 0.308 -0.9514 0 756.dat
1 65 240 -412.262 121.145 0 0 1 0.928 0.3727 0 0.3727 -0.928 0 756.dat
1 65 240 -411.059 118.733 0 0 1 0.8985 0.4389 0 0.4389 -0.8985 0 756.dat
1 65 240 -409.679 116.424 0 0 1 0.8628 0.5055 0 0.5055 -0.8628 0 756.dat
1 65 240 -408.124 114.233 0 0 1 0.8208 0.5713 0 0.5713 -0.8208 0 756.dat
1 65 240 -406.402 112.178 0 0 1 0.7725 0.635 0 0.635 -0.7725 0 756.dat
1 65 240 -404.51 110.259 0 0 1 0.7186 0.6954 0 0.6954 -0.7186 0 756.dat
1 65 240 -402.471 108.499 0 0 1 0.6603 0.751 0 0.751 -0.6603 0 756.dat
1 65 240 -400.31 106.917 0 0 1 0.5986 0.8011 0 0.8011 -0.5986 0 756.dat
1 65 240 -398.019 105.494 0 0 1 0.5348 0.845 0 0.845 -0.5348 0 756.dat
1 65 240 -395.638 104.252 0 0 1 0.4703 0.8825 0 0.8825 -0.4703 0 756.dat
1 65 240 -393.171 103.18 0 0 1 0.4061 0.9138 0 0.9138 -0.4061 0 756.dat
1 65 240 -390.633 102.274 0 0 1 0.3434 0.9392 0 0.9392 -0.3434 0 756.dat
1 65 240 -388.055 101.535 0 0 1 0.2829 0.9591 0 0.9591 -0.2829 0 756.dat
1 65 240 -385.434 100.95 0 0 1 0.2248 0.9744 0 0.9744 -0.2248 0 756.dat
1 65 240 -382.767 100.508 0 0 1 0.1696 0.9855 0 0.9855 -0.1696 0 756.dat
1 65 240 -380.098 100.208 0 0 1 0.1176 0.9931 0 0.9931 -0.1176 0 756.dat
1 65 240 -377.422 100.04 0 0 1 0.0687 0.9976 0 0.9976 -0.0687 0 756.dat
1 65 240 -374.73 99.994 0 0 1 0.0223 0.9998 0 0.9998 -0.0223 0 756.dat
1 0 -40 -208 -180 1 0 0 0 1 0 0 0 1 3022.dat
1 0 -40 -208 -280 1 0 0 0 1 0 0 0 1 3022.dat
1 0 -40 -232 -290 1 0 0 0 1 0 0 0 1 3747.dat
1 0 -40 -232 -170 -1 0 0 0 1 0 0 0 -1 3660.dat
1 0 -40 -240 -220 1 0 0 0 1 0 0 0 1 4732.dat
1 0 -40 -224 -210 1 0 0 0 1 0 0 0 1 3023.dat
1 0 -40 -240 -330 1 0 0 0 1 0 0 0 1 3023.dat
1 14 -30 -240 -310 0 0 -1 0 1 0 1 0 0 4081.dat
1 14 -50 -240 -310 0 0 1 0 1 0 -1 0 0 4081.dat
1 0 -40 -264 -150 -1 0 0 0 1 0 0 0 -1 3660.dat
1 0 -40 -288 -130 -1 0 0 0 1 0 0 0 -1 3660.dat
1 0 -30 -288 -150 0 0 -1 0 1 0 1 0 0 4070.dat
1 0 -50 -288 -150 0 0 1 0 1 0 -1 0 0 4070.dat
1 0 -40 -240 -240 0 0 1 0 1 0 -1 0 0 4871.dat
1 0 -40 -248 -330 -1 0 0 0 1 0 0 0 -1 2412.dat
1 0 -40 -248 -300 -1 0 0 0 1 0 0 0 -1 3022.dat
1 0 -10 -238 -282 -1 0 0 0 0 -1 0 -1 0 3062.dat
1 0 -70 -238 -282 -1 0 0 0 0 -1 0 -1 0 3062.dat
1 14 -10 -238 -392 -1 0 0 0 0 -1 0 -1 0 3957.dat
1 14 -70 -238 -392 -1 0 0 0 0 -1 0 -1 0 3957.dat
1 0 -10 -238 -400 -1 0 0 0 0 -1 0 -1 0 6141.dat
1 0 -70 -238 -400 -1 0 0 0 0 -1 0 -1 0 6141.dat
1 0 -10 -278 -150 0 -1 0 -1 0 0 0 0 -1 4349.dat
1 0 -70 -278 -150 0 1 0 1 0 0 0 0 -1 4349.dat
1 36 -10 -278 -128 0 0 1 1 0 0 0 1 0 3062.dat
1 36 -70 -278 -128 0 0 1 1 0 0 0 1 0 3062.dat
1 14 -70 -248 -240 0 0 -1 0 1 0 1 0 0 3069.dat
1 14 -10 -248 -240 0 0 -1 0 1 0 1 0 0 3069.dat
1 0 -40 -288 -170 1 0 0 0 1 0 0 0 1 4864.dat
1 0 -30 -248 -270 0.92388 0 0.382683 0 1 0 -0.382683 0 0.92388 4592.dat
1 14 -30 -248 -270 0.92388 -0.270598 0.270598 0 0.707107 0.707107 -0.382683 -0.653281 0.653281 4593.dat
1 0 -50 -248 -270 0.92388 0 -0.382683 0 1 0 0.382683 0 0.92388 4592.dat
1 14 -50 -248 -270 0.92388 0.270598 -0.270598 0 0.707107 0.707107 0.382683 -0.653281 0.653281 4593.dat
1 0 -40 -272 -310 -1 0 0 0 1 0 0 0 -1 3937.dat
1 14 -40 -296 -140 0 0 -1 0 1 0 1 0 0 3020.dat
1 0 -40 -304 -100 1 0 0 0 1 0 0 0 1 4859.dat
1 0 -50 -304 -140 0 0 1 0 1 0 -1 0 0 2452.dat
1 0 -30 -304 -140 0 0 -1 0 1 0 1 0 0 2452.dat
1 0 -40 -304 -170 1 0 0 0 1 0 0 0 1 3069.dat
1 0 -40 -312 -130 0 0 1 0 1 0 -1 0 0 3021.dat
1 0 19.247 -292.215 -140 -0.92388 -0.382683 0 -0.382683 0.92388 0 0 0 -1 4276.dat
1 0 77.7413 -276.6451 -130 0 -0.382683 -0.92388 0 0.92388 -0.382683 1 0 0 3933.dat
1 0 19.247 -292.215 -160 0.92388 -0.382683 0 0.382683 0.92388 0 0 0 1 4596.dat
1 14 56.2022 -276.9077 -140 0.92388 -0.382683 0 0.382683 0.92388 0 0 0 1 4596.dat
1 0 25.4243 -280.9971 -140 0 -0.382683 0.92388 0 0.92388 0.382683 -1 0 0 2420.dat
1 0 139.3514 -242.4662 -160 0 -0.382683 0.92388 0 0.92388 0.382683 -1 0 0 4740.dat
1 36 18.4816 -290.3672 -230 0.382683 0 0.92388 -0.92388 0 0.382683 0 -1 0 6141.dat
1 0 -99.2474 -292.215 -140 0.92388 0.382683 0 -0.382683 0.92388 0 0 0 1 4276.dat
1 0 -157.7417 -276.645 -130 0 0.382683 0.92388 0 0.92388 -0.382683 -1 0 0 3934.dat
1 0 -99.2474 -292.215 -160 0.92388 0.382683 0 -0.382683 0.92388 0 0 0 1 4596.dat
1 14 -136.2026 -276.9077 -140 0.92388 0.382683 0 -0.382683 0.92388 0 0 0 1 4596.dat
1 0 -105.4247 -280.9971 -140 -0.92388 0.382683 0 0.382683 0.92388 0 0 0 -1 2420.dat
1 0 -219.3518 -242.4662 -160 0 0.382683 0.92388 0 0.92388 -0.382683 -1 0 0 4740.dat
1 36 -98.482 -290.3672 -230 -0.382683 0 0.92388 -0.92388 0 -0.382683 0 -1 0 6141.dat
1 0 -40 -360 -100 1 0 0 0 1 0 0 0 1 3479.dat
1 0 -40 -368 -100 -1 0 0 0 1 0 0 0 -1 3068.dat
1 0 -40 -268.184 -302.143 1 0 0 0 0.618408 0.785857 0 -0.785857 0.618408 3938.dat
1 46 -40 -320.8532 -170.5301 1 0 0 0 0.618408 0.785857 0 -0.785857 0.618408 2448.dat
1 0 -40 -325.8005 -164.2433 -1 0 0 0 0.618408 -0.785857 0 -0.785857 -0.618408 4590.dat
1 0 60 -291 -250 0.866025 0 -0.5 0 1 0 0.5 0 0.866025 2446.dat
1 0 57.337 -288.229 -245.3876 0.866025 0.409576 -0.286788 0 0.573576 0.819152 0.5 -0.709406 0.496731 2447.dat
1 14 60 -291 -250 0.866025 0 -0.5 0 1 0 0.5 0 0.866025 3626.dat
1 0 60 -264 -250 1 0 0 0 1 0 0 0 1 3838.dat
1 0 60 -264 -250 1 0 0 0 1 0 0 0 1 973.dat
