0 
0 Name: New Model.ldr
0 Author: 
1 1 -250 -32 0 0.852028 0 0.52344 0 1 0 -0.52344 0 0.852028 4854.dat
1 0 -250 -24 0 0.852028 0 0.52344 0 1 0 -0.52344 0 0.852028 3068.dat
1 0 -224.4392 -8 -15.7032 0.52344 0 -0.852028 0 1 0 0.852028 0 0.52344 4590.dat
1 0 -275.5609 -8 15.7032 -0.52344 0 0.852028 0 1 0 -0.852028 0 -0.52344 4590.dat
1 1 -224.4392 -40 -15.7032 -0.52344 0 0.852028 0 1 0 -0.852028 0 -0.52344 3004.dat
1 1 -275.5609 -40 15.7032 -0.52344 0 0.852028 0 1 0 -0.852028 0 -0.52344 3004.dat
1 0 -265.7032 -40 -25.5608 -0.852028 0 -0.52344 0 1 0 0.52344 0 -0.852028 2431.dat
1 0 -208.736 -40 9.8576 -0.852028 0 -0.52344 0 1 0 0.52344 0 -0.852028 3024.dat
1 0 -259.8576 -40 41.264 -0.852028 0 -0.52344 0 1 0 0.52344 0 -0.852028 3024.dat
1 0 -234.2968 -40 25.5608 -0.852028 0 -0.52344 0 1 0 0.52344 0 -0.852028 4623.dat
1 1 -234.2968 -112 25.5608 -0.852028 0 -0.52344 0 1 0 0.52344 0 -0.852028 4033.dat
1 36 -234.5585 -112 25.1348 -0.852028 0 -0.52344 0 1 0 0.52344 0 -0.852028 3855.dat
1 0 -275.5609 -112 15.7032 0.52344 0 -0.852028 0 1 0 0.852028 0 0.52344 2362.dat
1 0 -224.4392 -112 -15.7032 -0.52344 0 0.852028 0 1 0 -0.852028 0 -0.52344 2362.dat
1 0 -234.2968 -120 25.5608 -0.852028 0 -0.52344 0 1 0 0.52344 0 -0.852028 4623.dat
1 0 -270.3264 -120 24.2235 0.52344 0 -0.852028 0 1 0 0.852028 0 0.52344 3623.dat
1 0 -219.2048 -120 -7.1829 0.52344 0 -0.852028 0 1 0 0.852028 0 0.52344 3623.dat
1 1 -275.5609 -128 15.7032 0.52344 0 -0.852028 0 1 0 0.852028 0 0.52344 3069.dat
1 1 -224.4392 -128 -15.7032 0.52344 0 -0.852028 0 1 0 0.852028 0 0.52344 3069.dat
1 1 -234.2968 -128 25.5608 0.852028 0 0.52344 0 1 0 -0.52344 0 0.852028 4625.dat
1 1 -250 -152 0 0.852028 0 0.52344 0 1 0 -0.52344 0 0.852028 4857.dat
1 0 -250 -160 0 0.852028 0 0.52344 0 1 0 -0.52344 0 0.852028 3068.dat
1 1 -224.4392 -144 -15.7032 0.52344 0 -0.852028 0 1 0 0.852028 0 0.52344 3023.dat
1 1 -224.4392 -136 -15.7032 0.52344 0 -0.852028 0 1 0 0.852028 0 0.52344 3023.dat
1 1 -275.5609 -144 15.7032 0.52344 0 -0.852028 0 1 0 0.852028 0 0.52344 3023.dat
1 1 -275.5609 -136 15.7032 0.52344 0 -0.852028 0 1 0 0.852028 0 0.52344 3023.dat
1 0 -265.7032 -128 -25.5608 -0.852028 0 -0.52344 0 1 0 0.52344 0 -0.852028 4873.dat
1 36 -308.3046 -104 0.6112 -0.852028 0 -0.52344 0 1 0 0.52344 0 -0.852028 6141.dat
1 36 -223.1018 -104 -51.7328 -0.852028 0 -0.52344 0 1 0 0.52344 0 -0.852028 6141.dat
1 36 -291.264 -48 -9.8576 -0.852028 0 -0.52344 0 1 0 0.52344 0 -0.852028 3957.dat
1 36 -274.2235 -48 -20.3264 -0.852028 0 -0.52344 0 1 0 0.52344 0 -0.852028 3957.dat
1 36 -257.1829 -48 -30.7952 -0.852028 0 -0.52344 0 1 0 0.52344 0 -0.852028 3957.dat
1 36 -240.1424 -48 -41.264 -0.852028 0 -0.52344 0 1 0 0.52344 0 -0.852028 3957.dat
1 0 -245.8125 -104 6.8162 0.953351 0 0.301767 0 1 0 -0.301767 0 0.953351 2446.dat
1 0 -244.4256 -102.096 11.1978 0.953351 -0.213382 0.213382 0 0.707107 0.707107 -0.301767 -0.674121 0.674121 2447.dat
1 14 -245.8125 -104 6.8162 0.953351 0 0.301767 0 1 0 -0.301767 0 0.953351 3626.dat
1 0 -245.8125 -77 6.8162 0.852028 0 0.52344 0 1 0 -0.52344 0 0.852028 3838.dat
1 0 -245.8125 -77 6.8162 0.852028 0 0.52344 0 1 0 -0.52344 0 0.852028 973.dat
