0 Main
0 Name: 6034-1 - Black Monarch's Ghost.mpd
0 Author: LTRON
1 8 237 -168 324 0 0 -1 0 1 0 1 0 0 2546.dat
1 0 287 -144 324 1 0 0 0 1 0 0 0 1 3307.dat
1 0 236 -96 324 1 0 0 0 1 0 0 0 1 3005.dat
1 7 237 -144 344 1 0 0 0 1 0 0 0 1 3005.dat
1 7 337 -144 344 1 0 0 0 1 0 0 0 1 3005.dat
1 0 337 -72 324 1 0 0 0 1 0 0 0 1 3581.dat
1 0 237 -72 324 1 0 0 0 1 0 0 0 1 3581.dat
1 0 287 -168 384 1 0 0 0 1 0 0 0 1 3004.dat
1 7 287 -144 384 1 0 0 0 1 0 0 0 1 3004.dat
1 0 237 -168 324 1 0 0 0 1 0 0 0 1 2357.dat
1 0 337 -168 324 0 0 -1 0 1 0 1 0 0 2357.dat
1 6 337 -144 311 -0.707107 0 0.707107 0 1 0 -0.707107 0 -0.707107 2554.dat
1 6 237 -144 311 -0.707107 0 -0.707107 0 1 0 0.707107 0 -0.707107 2554.dat
1 15 282.843 -32 332.843 1 0 0 0 1 0 0 0 1 3004.dat
1 15 282.843 -40 332.843 1 0 0 0 1 0 0 0 1 3023.dat
1 1 356 -232 324 0.707107 0 0.707107 0 1 0 -0.707107 0 0.707107 4495.dat
1 8 356 -96 324 1 0 0 0 0 1 0 -1 0 3849.dat
1 0 257 -144 364 -1 0 0 0 1 0 0 0 -1 2345.dat
1 0 317 -144 364 0 0 -1 0 1 0 1 0 0 2345.dat
1 0 337 -80 324 1 0 0 0 1 0 0 0 1 3024.dat
1 0 337 -96 324 1 0 0 0 1 0 0 0 1 3024.dat
1 0 337 -88 324 0 0 -1 0 1 0 1 0 0 4085.dat
1 2 286 0 354 1 0 0 0 1 0 0 0 1 3958.dat
1 7 286 -24 384 -1 0 0 0 1 0 0 0 -1 3039.dat
1 7 236 -24 334 0 0 1 0 1 0 -1 0 0 3700.dat
1 7 337 -24 334 0 0 1 0 1 0 -1 0 0 3700.dat
1 7 224 -14 334 1 0 0 0 1 0 0 0 1 3673.dat
1 7 286 -8 324 1 0 0 0 1 0 0 0 1 2431.dat
