0 Main
0 Name: 3683-1 - Amusement Park.mpd
0 Author: LTRON
1 1 300 -172 60 0 0 1 0 1 0 -1 0 0 3890.dat
1 1 499 -172 60 0 0 -1 0 1 0 1 0 0 3890.dat
1 14 290 -52 -60 0 0 1 0 1 0 -1 0 0 2040.dat
1 14 509 -52 -60 0 0 1 0 1 0 -1 0 0 2040.dat
1 14 300 -172 -60 0 0 1 0 1 0 -1 0 0 2145.dat
1 14 499 -172 -60 0 0 -1 0 1 0 1 0 0 2145.dat
1 1 400 -180 80 1 0 0 0 1 0 0 0 1 3029.dat
1 1 400 -180 -80 1 0 0 0 1 0 0 0 1 3029.dat
1 1 400 -180 0 1 0 0 0 1 0 0 0 1 3029.dat
1 14 300 -204 100 1 0 0 0 1 0 0 0 1 3003.dat
1 14 500 -204 100 1 0 0 0 1 0 0 0 1 3003.dat
1 14 300 -204 40 0 0 -1 0 1 0 1 0 0 3001.dat
1 14 500 -204 40 0 0 -1 0 1 0 1 0 0 3001.dat
1 1 300 -372 60 0 0 1 0 1 0 -1 0 0 3890.dat
1 1 500 -372 60 0 0 -1 0 1 0 1 0 0 3890.dat
1 14 300 -396 100 1 0 0 0 1 0 0 0 1 3003.dat
1 14 300 -396 40 0 0 -1 0 1 0 1 0 0 3001.dat
1 14 500 -396 100 1 0 0 0 1 0 0 0 1 3003.dat
1 14 500 -396 40 0 0 -1 0 1 0 1 0 0 3001.dat
1 14 458 -447 60 0 -1 0 0 0 -1 1 0 0 4750.dat
1 14 342 -447 60 0 1 0 0 0 -1 -1 0 0 4750.dat
1 4 240 -4 -130 0 0 1 0 1 0 -1 0 0 2046.dat
1 4 870 -4 -60 0 0 -1 0 1 0 1 0 0 4876.dat
1 15 340 -228 -110 -1 0 0 0 1 0 0 0 -1 2040.dat
1 15 460 -228 -110 -1 0 0 0 1 0 0 0 -1 2040.dat
1 14 559 -52 -130 -1 0 0 0 1 0 0 0 -1 2040.dat
1 14 559 -52 -230 -1 0 0 0 1 0 0 0 -1 2040.dat
1 14 519 -28 -180 0 0 -1 0 1 0 1 0 0 3001.dat
1 14 599 -172 -180 0 0 -1 0 1 0 1 0 0 2145.dat
1 1 599 -180 -180 0 0 -1 0 1 0 1 0 0 3795.dat
1 14 609 -228 -180 0 0 -1 0 1 0 1 0 0 u608.dat
1 4 -280 -12 -100 1 0 0 0 1 0 0 0 1 u516.dat
1 1 -280 -36 -100 1 0 0 0 1 0 0 0 1 3003.dat
1 1 -280 -60 -100 1 0 0 0 1 0 0 0 1 3003.dat
1 15 -260 -188 -100 0 0 -1 0 1 0 1 0 0 2145.dat
1 15 -300 -188 -100 0 0 1 0 1 0 -1 0 0 2145.dat
1 4 -280 -228 -100 1 0 0 0 1 0 0 0 1 4238.dat
1 15 -220 -76 -60 0 0 -1 0 1 0 1 0 0 3068.dat
1 4 -60 -28 -190 1 0 0 0 1 0 0 0 1 3010.dat
1 4 -30 -28 -120 0 0 -1 0 1 0 1 0 0 3009.dat
1 4 -60 -28 -50 1 0 0 0 1 0 0 0 1 3010.dat
1 4 -60 -36 -120 0 0 -1 0 1 0 1 0 0 3035.dat
1 4 0 -28 -160 0 0 -1 0 1 0 1 0 0 3003.dat
1 4 0 -52 -160 0 0 -1 0 1 0 1 0 0 3003.dat
1 4 -60 -60 -160 0 0 -1 0 1 0 1 0 0 3403.dat
1 15 -80 -44 -100 0 0 -1 0 1 0 1 0 0 3068.dat
1 15 -80 -44 -60 0 0 -1 0 1 0 1 0 0 3068.dat
1 15 -40 -44 -100 0 0 -1 0 1 0 1 0 0 3068.dat
1 15 -40 -44 -60 0 0 -1 0 1 0 1 0 0 3068.dat
1 15 -60 -76 -160 -0.707 0 -0.707 0 1 0 0.707 0 -0.707 3960.dat
1 15 0 -60 -160 0 0 -1 0 1 0 1 0 0 3068.dat
1 14 0 -36 180 0.866 0 0.5 0 1 0 -0.5 0 0.866 4750.dat
1 1 -40 -44 110.72 0.866 0 0.5 0 1 0 -0.5 0 0.866 3031.dat
1 4 69.28 -44 140 0.866 0 0.5 0 1 0 -0.5 0 0.866 3031.dat
1 14 -69.28 -44 220 0.866 0 0.5 0 1 0 -0.5 0 0.866 3031.dat
1 1 40 -84 249.28 -0.5 0 0.866 0 1 0 -0.866 0 -0.5 4461.dat
1 4 -69.28 -44 220 -0.5 0 0.866 0 1 0 -0.866 0 -0.5 4424.dat
1 1 -40 -68 110.72 -0.5 0 0.866 0 1 0 -0.866 0 -0.5 3941.dat
1 1 -40 -76 110.72 -0.5 0 0.866 0 1 0 -0.866 0 -0.5 u9204.dat
1 4 54.28 -68 114.02 0.866 0 0.5 0 1 0 -0.5 0 0.866 3004.dat
1 4 54.28 -92 114.02 0.866 0 0.5 0 1 0 -0.5 0 0.866 3004.dat
1 4 54.28 -116 114.02 0.866 0 0.5 0 1 0 -0.5 0 0.866 3700.dat
1 4 69.28 -106 140 0 -0.5 0.866 -1 0 0 0 -0.866 -0.5 4790.dat
1 2 -170 -28 -170 0.866 0 0.5 0 1 0 -0.5 0 0.866 4727.dat
1 2 130 -28 -190 -0.259 0 -0.966 0 1 0 0.966 0 -0.259 4727.dat
1 2 110 -28 -10 -0.259 0 -0.966 0 1 0 0.966 0 -0.259 4727.dat
1 15 -280 -40 140 0 0 -1 0 1 0 1 0 0 2041.dat
1 15 383.837 -32 -384.488 -0.259 0 -0.966 0 1 0 0.966 0 -0.259 3004.dat
1 15 480.437 -32 -358.588 -0.259 0 -0.966 0 1 0 0.966 0 -0.259 3004.dat
1 15 432.137 -40 -371.538 -0.966 0 0.259 0 1 0 -0.259 0 -0.966 3795.dat
1 450 420 -242.981 -91 0.985 0.015 0.173 0.087 0.82 -0.566 -0.15 0.572 0.806 u9105.dat
1 4 420 -217 -76 1 0 0 0 0.866 -0.5 0 0.5 0.866 u9102.dat
1 4 443 -239.517 -89 1 0 0 0 -0.174 0.985 0 -0.985 -0.174 u9101.dat
1 4 397 -239.517 -89 -1 0 0 0 0.996 -0.087 0 -0.087 -0.996 u9101.dat
1 14 410 -217 -76 1 0 0 0 1 0 0 0 1 u9100.dat
1 14 430 -217 -76 1 0 0 0 1 0 0 0 1 u9100.dat
1 4 420 -217 -76 1 0 0 0 1 0 0 0 1 u9103.dat
1 15 435.763 -79 -385.062 -0.454076 -0.013468 0.89075 0.039 0.999 0.035 -0.890043 0.050232 -0.452851 u9140.dat
1 14 435.763 -49 -385.062 -0.966 0 0.259 0 1 0 -0.259 0 -0.966 u9102.dat
1 15 413.5382 -75 -391.0208 -0.966 -0.248899 0.071484 0 0.276 0.961 -0.259 0.928326 -0.266616 u9101.dat
1 15 457.981 -75 -379.105 0.966 -0.24346 -0.088578 0 0.342 -0.94 0.259 0.90804 0.330372 u9101.dat
1 15 445.423 -49 -382.472 -0.966 -0.259 0 0 0 1 -0.259 0.966 0 u9100.dat
1 15 426.0982 -49 -387.6533 -0.966 -0.259 0 0 0 1 -0.259 0.966 0 u9100.dat
1 4 435.763 -49 -385.062 -0.966 0 0.259 0 1 0 -0.259 0 -0.966 u9103.dat
1 462 161.385 -70.886 -60 0.64 0.087 0.763 -0.056 0.996 -0.067 -0.766 0 0.643 u589.dat
1 4 164 -41 -60 0 0.087 0.996 0 0.996 -0.087 -1 0 0 u9102.dat
1 4 161.734 -66.901 -83 0 -0.656 0.755 0 0.755 0.656 -1 0 0 u9101.dat
1 4 161.734 -66.901 -37 0 -0.719 -0.695 0 0.695 -0.719 1 0 0 u9101.dat
1 1 164 -41 -50 0 -0.719 0.695 0 0.695 0.719 -1 0 0 u9100.dat
1 1 164 -41 -70 0 0 1 0 1 0 -1 0 0 u9100.dat
1 4 164 -41 -60 0 0 1 0 1 0 -1 0 0 u9103.dat
1 27 -36.536 -143 108.72 0.374408 0 0.927456 0 1 0 -0.927456 0 0.374408 u9153.dat
1 0 -36.536 -113 108.72 -0.5 0 0.866 0 1 0 -0.866 0 -0.5 u9102.dat
1 0 -48.036 -139 88.802 -0.5 -0.60187 0.622654 0 0.719 0.695 -0.866 0.3475 -0.3595 u9101.dat
1 0 -25.036 -139 128.638 0.5 0 -0.866 0 1 0 0.866 0 0.5 u9101.dat
1 27 -31.536 -113 117.38 -0.5 0 0.866 0 1 0 -0.866 0 -0.5 u9100.dat
1 27 -41.536 -113 100.06 -0.5 0 0.866 0 1 0 -0.866 0 -0.5 u9100.dat
1 4 -36.536 -113 108.72 -0.5 0 0.866 0 1 0 -0.866 0 -0.5 u9103.dat
