0 Main
0 Name: 5980-1 - Squidman's Pits_43jDF8K.mpd
0 Author: LTRON
1 0 -280 -8 270 1 0 0 0 1 0 0 0 1 43898.dat
1 27 -280 -32 270 1 0 0 0 1 0 0 0 1 3941.dat
1 0 -290 -40 280 1 0 0 0 1 0 0 0 1 6141.dat
1 0 -270 -40 280 1 0 0 0 1 0 0 0 1 6141.dat
1 0 -290 -40 260 1 0 0 0 1 0 0 0 1 6141.dat
1 0 -270 -40 260 0 0 -1 0 1 0 1 0 0 6019.dat
1 27 -280 -64 270 1 0 0 0 1 0 0 0 1 30367.dat
1 0 -280 -88 270 1 0 0 0 1 0 0 0 1 4589.dat
1 0 260 -8 250 0 0 1 0 1 0 -1 0 0 3938.dat
1 14 140 -152 260 1 0 0 0 1 0 0 0 1 3941.dat
1 14 140 -176 260 1 0 0 0 1 0 0 0 1 3941.dat
1 14 140 -184 260 1 0 0 0 1 0 0 0 1 4150.dat
1 14 140 -152 220 1 0 0 0 1 0 0 0 1 3941.dat
1 14 140 -176 220 1 0 0 0 1 0 0 0 1 3941.dat
1 14 140 -184 220 1 0 0 0 1 0 0 0 1 4150.dat
1 4 -160 -16 400 1 0 0 0 1 0 0 0 1 3003.dat
1 4 160 -16 400 1 0 0 0 1 0 0 0 1 3003.dat
1 4 -160 -16 200 1 0 0 0 1 0 0 0 1 3003.dat
1 4 160 -16 200 1 0 0 0 1 0 0 0 1 3003.dat
1 4 -160 -40 400 1 0 0 0 1 0 0 0 1 3003.dat
1 0 -60 -40 400 1 0 0 0 1 0 0 0 1 3940.dat
1 0 60 -40 400 1 0 0 0 1 0 0 0 1 3940.dat
1 4 160 -40 400 1 0 0 0 1 0 0 0 1 3003.dat
1 4 -160 -40 200 1 0 0 0 1 0 0 0 1 3003.dat
1 0 -60 -40 200 1 0 0 0 1 0 0 0 1 3940.dat
1 0 60 -40 200 1 0 0 0 1 0 0 0 1 3940.dat
1 4 160 -40 200 1 0 0 0 1 0 0 0 1 3003.dat
1 4 -160 -64 400 1 0 0 0 1 0 0 0 1 3003.dat
1 4 160 -64 400 1 0 0 0 1 0 0 0 1 3003.dat
1 4 -160 -64 200 1 0 0 0 1 0 0 0 1 3003.dat
1 4 160 -64 200 1 0 0 0 1 0 0 0 1 3003.dat
1 4 -160 -88 400 1 0 0 0 1 0 0 0 1 3003.dat
1 0 -60 -88 400 1 0 0 0 1 0 0 0 1 3940.dat
1 0 60 -88 400 1 0 0 0 1 0 0 0 1 3940.dat
1 4 160 -88 400 1 0 0 0 1 0 0 0 1 3003.dat
1 4 -160 -88 200 1 0 0 0 1 0 0 0 1 3003.dat
1 0 -60 -88 200 1 0 0 0 1 0 0 0 1 3940.dat
1 0 60 -88 200 1 0 0 0 1 0 0 0 1 3940.dat
1 4 160 -88 200 1 0 0 0 1 0 0 0 1 3003.dat
1 7 -120 -96 300 0 0 1 0 1 0 -1 0 0 3028.dat
1 7 0 -96 300 0 0 1 0 1 0 -1 0 0 3028.dat
1 7 120 -96 300 0 0 1 0 1 0 -1 0 0 3028.dat
1 7 0 -96 290 0 0 1 0 1 0 -1 0 0 40234.dat
1 19 -52 -102 340 0 -1 0 -1 0 0 0 0 -1 44676.dat
1 19 -116 -102 290 0 -0.707107 0.707107 -1 0 0 0 -0.707107 -0.707107 44676.dat
1 0 -20 -114.173 359.761 1 0 0 0 0.976107 -0.217292 0 0.217292 0.976107 55296.dat
1 0 0 -104 190 1 0 0 0 1 0 0 0 1 60479.dat
1 7 140 -104 190 1 0 0 0 1 0 0 0 1 3023.dat
1 0 170 -104 190 1 0 0 0 1 0 0 0 1 6141.dat
1 0 -90 -104 410 -1 0 0 0 1 0 0 0 -1 54200.dat
1 0 90 -104 410 -1 0 0 0 1 0 0 0 -1 54200.dat
1 7 -60 -112 190 1 0 0 0 1 0 0 0 1 3023.dat
1 8 160 -120 410 1 0 0 0 1 0 0 0 1 2877.dat
1 4 -140 -120 380 1 0 0 0 1 0 0 0 1 3001.dat
1 7 170 -120 340 0 0 -1 0 1 0 1 0 0 30414.dat
1 7 170 -120 290 1 0 0 0 1 0 0 0 1 4589.dat
1 7 160 -120 270 1 0 0 0 1 0 0 0 1 2458.dat
1 6 130 -120 260 0 0 1 0 1 0 -1 0 0 30237.dat
1 6 130 -120 220 0 0 1 0 1 0 -1 0 0 30237.dat
1 7 160 -120 210 -1 0 0 0 1 0 0 0 -1 2458.dat
1 7 -60 -120 190 1 0 0 0 1 0 0 0 1 3023.dat
1 7 188 -110 340 0 -1 0 0 0 1 -1 0 0 3743.dat
1 0 110 -112 220 -1 0 0 0 1 0 0 0 -1 55297.dat
1 7 -140 -168 390 1 0 0 0 1 0 0 0 1 4864.dat
1 7 -110 -168 380 0 0 1 0 1 0 -1 0 0 4864.dat
1 0 150 -128 270 1 0 0 0 1 0 0 0 1 3070.dat
1 0 130 -128 240 0 0 1 0 1 0 -1 0 0 2431.dat
1 0 150 -128 210 1 0 0 0 1 0 0 0 1 3070.dat
1 0 -100 -128 190 1 0 0 0 1 0 0 0 1 3700.dat
1 1 -30 -128 190 1 0 0 0 1 0 0 0 1 3062.dat
1 27 -10 -128 190 1 0 0 0 1 0 0 0 1 3062.dat
1 15 10 -128 190 1 0 0 0 1 0 0 0 1 3062.dat
1 0 50 -128 190 0 0 1 0 1 0 -1 0 0 3040.dat
1 6 80 -128 190 1 0 0 0 1 0 0 0 1 2877.dat
1 7 120 -128 190 1 0 0 0 1 0 0 0 1 2458.dat
1 6 160 -128 190 1 0 0 0 1 0 0 0 1 2877.dat
1 1 -100 -118 190 0 0 1 0 1 0 -1 0 0 32556.dat
1 334 -130 -136 380 1 0 0 0 1 0 0 0 1 3069.dat
1 14 -110 -136 190 0 0 -1 0 1 0 1 0 0 4592.dat
1 14 50 -136 190 1 0 0 0 1 0 0 0 1 6141.dat
1 6 120 -136 190 1 0 0 0 1 0 0 0 1 3666.dat
1 4 -120 -144 410 1 0 0 0 1 0 0 0 1 3245a.dat
1 4 120 -144 410 1 0 0 0 1 0 0 0 1 3245a.dat
1 8 160 -144 410 1 0 0 0 1 0 0 0 1 2877.dat
1 14 -170 -144 390 1 0 0 0 1 0 0 0 1 3062.dat
1 334 -130 -144 380 1 0 0 0 1 0 0 0 1 3069.dat
1 6 170 -144 360 0 0 -1 0 1 0 1 0 0 2877.dat
1 7 170 -144 300 0 0 -1 0 1 0 1 0 0 2653.dat
1 7 170 -144 210 1 0 0 0 1 0 0 0 1 4589.dat
1 4 -70 -144 190 0 0 -1 0 1 0 1 0 0 50950.dat
1 0 100 -144 190 1 0 0 0 1 0 0 0 1 6636.dat
1 0 170 -144 190 1 0 0 0 1 0 0 0 1 6141.dat
1 334 -130 -152 380 1 0 0 0 1 0 0 0 1 3069.dat
1 0 170 -152 280 0 0 1 0 1 0 -1 0 0 4477.dat
1 0 -30 -152 190 1 0 0 0 1 0 0 0 1 4599.dat
1 0 -10 -152 190 1 0 0 0 1 0 0 0 1 4599.dat
1 0 10 -152 190 1 0 0 0 1 0 0 0 1 4599.dat
1 0 170 -160 210 1 0 0 0 1 0 0 0 1 6141.dat
1 0 170 -160 190 1 0 0 0 1 0 0 0 1 6141.dat
1 0 -130 -168 410 0 0 1 0 1 0 -1 0 0 6541.dat
1 0 -110 -168 410 0 0 1 0 1 0 -1 0 0 6541.dat
1 0 110 -168 410 0 0 1 0 1 0 -1 0 0 6541.dat
1 6 140 -168 410 1 0 0 0 1 0 0 0 1 30237.dat
1 4 170 -168 410 0 0 -1 0 1 0 1 0 0 2921.dat
1 14 -170 -168 390 1 0 0 0 1 0 0 0 1 3062.dat
1 14 -170 -168 370 0 0 1 0 1 0 -1 0 0 3189.dat
1 7 100 -158 410 1 0 0 0 1 0 0 0 1 3673.dat
1 8 140 -162 390 0 0 1 0 1 0 -1 0 0 30194.dat
1 8 170 -176 240 0 0 1 0 1 0 -1 0 0 2877.dat
1 6 170 -184 240 0 0 1 0 1 0 -1 0 0 3023.dat
1 4 170 -192 410 0 0 -1 0 1 0 1 0 0 2921.dat
1 4 -140 -192 400 1 0 0 0 1 0 0 0 1 3001.dat
1 7 -140 -192 370 1 0 0 0 1 0 0 0 1 30414.dat
1 7 170 -192 240 0 0 1 0 1 0 -1 0 0 3023.dat
1 0 -140 -152 352 1 0 0 0 0 -1 0 1 0 6179.dat
1 14 -120 -192 370 0 0 -1 0 1 0 1 0 0 61409.dat
1 0 170 -182 210 0 1 0 0 0 -1 -1 0 0 4349.dat
1 0 170 -182 190 0 1 0 0 0 -1 -1 0 0 4349.dat
1 0 -160 -216 410 1 0 0 0 1 0 0 0 1 3298.dat
1 8 -120 -216 410 1 0 0 0 1 0 0 0 1 30236.dat
1 4 120 -216 410 1 0 0 0 1 0 0 0 1 3245a.dat
1 4 170 -216 410 0 0 -1 0 1 0 1 0 0 2921.dat
1 6 170 -216 390 1 0 0 0 1 0 0 0 1 2453.dat
1 0 170 -216 240 0 0 1 0 1 0 -1 0 0 30136.dat
1 7 190 -180 410 0 1 0 1 0 0 0 0 -1 6020.dat
1 0 -120 -206 390 1 0 0 0 -0.939693 0.34202 0 -0.34202 -0.939693 30377.dat
1 7 -104 -206 390 0 1 0 -1 0 0 0 0 1 4589.dat
1 0 170 -232 230 1 0 0 0 1 0 0 0 1 6091.dat
1 7 170 -232 230 0 0 -1 0 1 0 1 0 0 6019.dat
1 80 190 -230 230 0 1 0 0 0 -1 -1 0 0 62700.dat
1 80 -100 -246.044 388.855 1 0 0 0 0 -1 0 1 0 62700.dat
1 0 -150 -240 410 0 0 1 0 1 0 -1 0 0 3040.dat
1 0 20 -240 410 1 0 0 0 1 0 0 0 1 2465.dat
1 6 170 -240 320 0 0 1 0 1 0 -1 0 0 3008.dat
1 0 170 -248 230 1 0 0 0 1 0 0 0 1 6005.dat
1 7 -140 -248 410 1 0 0 0 1 0 0 0 1 2412.dat
1 4 -40 -248 410 -1 0 0 0 1 0 0 0 -1 88072.dat
1 0 170 -248 320 0 0 1 0 1 0 -1 0 0 4477.dat
1 4 -70 -264 410 0 0 1 0 1 0 -1 0 0 50950.dat
1 4 -10 -264 410 0 0 -1 0 1 0 1 0 0 50950.dat
1 7 60 -264 410 1 0 0 0 1 0 0 0 1 3937.dat
1 7 100 -264 410 1 0 0 0 1 0 0 0 1 3937.dat
1 7 140 -264 410 1 0 0 0 1 0 0 0 1 3937.dat
1 7 170 -272 330 1 0 0 0 1 0 0 0 1 4589.dat
1 7 170 -272 270 1 0 0 0 1 0 0 0 1 4589.dat
1 57 170 -278 330 0 -1 0 0 0 -1 1 0 0 6126.dat
1 57 170 -278 270 0 -1 0 0 0 -1 1 0 0 6126.dat
1 7 160 -120 240 0 0 1 0 1 0 -1 0 0 2817.dat
1 4 160 -128 240 0 0 -1 0 1 0 1 0 0 3176.dat
1 4 -136.96 -133.32 210 -0.383 0 0.924 0.924 0 0.383 0 1 0 32316.dat
1 0 -173.92 -148.64 220 0 -0.383 0.924 0 0.924 0.383 -1 0 0 3673.dat
1 4 -210.87 -163.935 230 -0.383 0 0.924 0.924 0 0.383 0 1 0 32316.dat
1 0 -247.83 -179.255 240 0 -0.383 0.924 0 0.924 0.383 -1 0 0 3673.dat
1 14 -247.821 -197.229 260 0 0 1 0 1 0 -1 0 0 30094.dat
1 7 -247.821 -189.229 260 0 0 1 0 1 0 -1 0 0 2817.dat
1 4 0 -128 410 1 0 0 0 1 0 0 0 1 4477.dat
1 4 0 -136 410 1 0 0 0 1 0 0 0 1 4477.dat
1 14 -90 -144 410 1 0 0 0 1 0 0 0 1 6141.dat
1 14 90 -144 410 1 0 0 0 1 0 0 0 1 6141.dat
1 0 0 -160 410 1 0 0 0 1 0 0 0 1 3008.dat
1 0 -90 -168 410 0 0 1 0 1 0 -1 0 0 6541.dat
1 4 -70 -168 410 1 0 0 0 1 0 0 0 1 4085.dat
1 4 -50 -168 410 -1 0 0 0 1 0 0 0 -1 4085.dat
1 4 -30 -168 410 1 0 0 0 1 0 0 0 1 4085.dat
1 4 -10 -168 410 -1 0 0 0 1 0 0 0 -1 4085.dat
1 4 10 -168 410 1 0 0 0 1 0 0 0 1 4085.dat
1 4 30 -168 410 -1 0 0 0 1 0 0 0 -1 4085.dat
1 4 50 -168 410 1 0 0 0 1 0 0 0 1 4085.dat
1 4 70 -168 410 -1 0 0 0 1 0 0 0 -1 4085.dat
1 0 90 -168 410 0 0 1 0 1 0 -1 0 0 6541.dat
1 0 -50 -172 442 1 0 0 0 0 -1 0 1 0 60849.dat
1 0 -10 -172 442 1 0 0 0 0 -1 0 1 0 60849.dat
1 0 30 -150 430 -0.707107 0 -0.707107 -0.707107 0 0.707107 0 1 0 85940.dat
1 7 70 -172 430 -1 0 0 0 0 1 0 1 0 3959.dat
1 0 -70 -164 390 1 0 0 0 1 0 0 0 1 55298.dat
1 0 -30 -164 390 1 0 0 0 1 0 0 0 1 55300.dat
1 0 10 -164 390 1 0 0 0 1 0 0 0 1 55299.dat
1 0 50 -164 390 1 0 0 0 1 0 0 0 1 55295.dat
1 8 -130 -158 410 1 0 0 0 1 0 0 0 1 6587.dat
1 46 -50 -136 430 1 0 0 0 -1 0 0 0 -1 4589.dat
1 46 -10 -136 430 1 0 0 0 -1 0 0 0 -1 4589.dat
1 46 70 -136 430 1 0 0 0 -1 0 0 0 -1 4589.dat
1 14 -160 -158 410 0 0 1 0 1 0 -1 0 0 59443.dat
1 7 -210 -158 410 0 1 0 -1 0 0 0 0 1 6553.dat
1 4 0 -192 410 1 0 0 0 1 0 0 0 1 6111.dat
1 0 -90 -192 410 -1 0 0 0 1 0 0 0 -1 54200.dat
1 0 90 -192 410 -1 0 0 0 1 0 0 0 -1 54200.dat
1 0 60 -254 400 1 0 0 0 0 -1 0 1 0 3938.dat
1 0 100 -254 400 1 0 0 0 0 -1 0 1 0 3938.dat
1 0 140 -254 400 1 0 0 0 0 -1 0 1 0 3938.dat
1 47 100 -164 184 -1 0 0 0 0 1 0 1 0 2572.dat
1 6 80 -154 176 1 0 0 0 0 -1 0 1 0 2431.dat
1 7 140 -154 160 -1 0 0 0 0 1 0 1 0 4865.dat
1 0 190 -276 410 1 0 0 0 1 0 0 0 1 40244.dat
1 7 190 -212 410 0 -1 0 1 0 0 0 0 1 4274.dat
1 1 190 -340 410 0 1 0 -1 0 0 0 0 1 3749.dat
1 8 190 -360 410 1 0 0 0 0 1 0 -1 0 30552.dat
1 8 190 -398.28 438.28 0 1 0 -0.707 0 0.707 0.707 0 0.707 6587.dat
1 0 190 -425.146 465.146 1 0 0 0 0.707 0.707 0 -0.707 0.707 2569.dat
1 14 190 -414.541 454.541 1 0 0 0 0.707 -0.707 0 0.707 0.707 32123.dat
1 4 190 -405.35 445.35 1 0 0 0 -0.707 -0.707 0 0.707 -0.707 4285.dat
1 7 190 -398.28 438.28 1 0 0 0 0.707 -0.707 0 0.707 0.707 3713.dat
1 0 190 -377.07 417.07 1 0 0 0 0.707 -0.707 0 0.707 0.707 30553.dat
1 0 -40 -268 430 0.707 -0.707 0 0 0 1 -0.707 -0.707 0 30553.dat
1 0 -40 -298 430 0.707107 0.707107 0 0 0 -1 -0.707107 0.707107 0 30554.dat
1 0 -51 -331.556 419 0.707107 0.5 -0.5 0 -0.707107 -0.707107 -0.707107 0.5 -0.5 41532.dat
1 7 -62 -361.254 408 0.5 -0.5 -0.707 0.707 0.707 0 0.5 -0.5 0.707 2817.dat
1 8 -0.44 -354.184 356.44 0.707 -0.5 0.5 0 0.707 0.707 -0.707 -0.5 0.5 61406.dat
1 8 -113.56 -354.184 469.56 0.707 -0.5 0.5 0 0.707 0.707 -0.707 -0.5 0.5 61406.dat
1 6 -63 -373.98 407 -0.707 -0.5 -0.5 0 0.707 -0.707 0.707 -0.5 -0.5 3023.dat
1 4 -53 -359.84 417 -0.707 -0.5 -0.5 0 0.707 -0.707 0.707 -0.5 -0.5 4477.dat
1 0 -64 -386.706 406 0.707 -0.5 0.5 0 0.707 0.707 -0.707 -0.5 0.5 6180.dat
1 14 3.56 -359.84 360.44 0.5 -0.5 -0.707 0.707 0.707 0 0.5 -0.5 0.707 61409.dat
1 14 -109.56 -359.84 473.56 -0.5 -0.5 0.707 -0.707 0.707 0 -0.5 -0.5 -0.707 61409.dat
1 14 -87 -368.324 383 -0.707 0.5 -0.5 0 0.707 0.707 0.707 0.5 -0.5 43857.dat
1 0 -87 -354.184 383 0.5 0.707 -0.5 0.707 0 0.707 0.5 -0.707 -0.5 3673.dat
1 0 -77 -368.324 393 0.5 0.707 -0.5 0.707 0 0.707 0.5 -0.707 -0.5 3673.dat
1 4 -82 -347.114 388 -0.5 -0.5 -0.707 0.707 -0.707 0 -0.5 -0.5 0.707 32316.dat
1 7 -58.72 -354.184 354.72 -0.5 -0.5 0.707 -0.707 0.707 0 -0.5 -0.5 -0.707 61184.dat
1 16 -70.72 -371.152 342.72 0.707 0.5 0.5 0 0.707 -0.707 -0.707 0.5 0.5 4589.dat
1 7 -72.86 -354.184 368.86 -0.5 -0.5 0.707 -0.707 0.707 0 -0.5 -0.5 -0.707 61184.dat
1 16 -84.86 -371.152 356.86 0.707 0.5 0.5 0 0.707 -0.707 -0.707 0.5 0.5 4589.dat
1 7 -101.14 -354.184 397.14 -0.5 -0.5 0.707 -0.707 0.707 0 -0.5 -0.5 -0.707 61184.dat
1 16 -113.14 -371.152 385.14 0.707 0.5 0.5 0 0.707 -0.707 -0.707 0.5 0.5 4589.dat
1 7 -115.28 -354.184 411.28 -0.5 -0.5 0.707 -0.707 0.707 0 -0.5 -0.5 -0.707 61184.dat
1 16 -127.28 -371.152 399.28 0.707 0.5 0.5 0 0.707 -0.707 -0.707 0.5 0.5 4589.dat
