0 Main
0 Name: 6378-1 - Shell Service Station.mpd
0 Author: LTRON
1 15 -210 -24 260 0 0 1 0 1 0 -1 0 0 3009.dat
1 4 -190 -24 260 0 0 1 0 1 0 -1 0 0 3010.dat
1 14 -40 -24 260 0 0 1 0 1 0 -1 0 0 3001.dat
1 15 90 -24 310 1 0 0 0 1 0 0 0 1 3005.dat
1 15 90 -24 190 0 0 1 0 1 0 -1 0 0 3622.dat
1 0 60 -24 210 1 0 0 0 1 0 0 0 1 3004.dat
1 15 0 -8 -40 1 0 0 0 1 0 0 0 1 3035.dat
1 15 -120 -8 -40 0 0 1 0 1 0 -1 0 0 4859.dat
1 15 120 -8 -40 0 0 -1 0 1 0 1 0 0 4859.dat
1 15 190 -8 -250 1 0 0 0 1 0 0 0 1 6141.dat
1 15 130 -8 -250 1 0 0 0 1 0 0 0 1 6141.dat
1 15 190 -8 -290 1 0 0 0 1 0 0 0 1 6141.dat
1 15 130 -8 -290 1 0 0 0 1 0 0 0 1 6141.dat
1 14 290 -24 -230 1 0 0 0 1 0 0 0 1 3062.dat
1 14 -290 -24 -230 1 0 0 0 1 0 0 0 1 3062.dat
1 0 0 -8 -280 1 0 0 0 1 0 0 0 1 3022.dat
1 14 -170 -8 -280 1 0 0 0 1 0 0 0 1 3021.dat
1 15 270 -24 240 0 0 1 0 1 0 -1 0 0 3008.dat
1 14 -40 -48 260 0 0 1 0 1 0 -1 0 0 3001.dat
1 15 90 -48 310 1 0 0 0 1 0 0 0 1 3005.dat
1 15 90 -48 190 0 0 1 0 1 0 -1 0 0 3622.dat
1 7 -190 -32 290 0 0 1 0 1 0 -1 0 0 4592.dat
1 7 -190 -32 250 0 0 1 0 1 0 -1 0 0 4592.dat
1 0 -90 -16 -40 1 0 0 0 1 0 0 0 1 3021.dat
1 0 90 -16 -40 1 0 0 0 1 0 0 0 1 3021.dat
1 4 290 -32 -230 1 0 0 0 1 0 0 0 1 6141.dat
1 4 -290 -32 -230 1 0 0 0 1 0 0 0 1 6141.dat
1 1 130 -16 -270 0 0 1 0 1 0 -1 0 0 3623.dat
1 1 190 -16 -270 0 0 1 0 1 0 -1 0 0 3623.dat
1 14 -170 -16 -280 1 0 0 0 1 0 0 0 1 3021.dat
1 15 0 -56 -280 -1 0 0 0 1 0 0 0 -1 4345.dat
1 15 0 -56 -280 -1 0 0 0 1 0 0 0 -1 4346.dat
1 15 -210 -48 260 0 0 1 0 1 0 -1 0 0 3009.dat
1 0 60 -48 210 1 0 0 0 1 0 0 0 1 3004.dat
1 15 270 -48 240 0 0 1 0 1 0 -1 0 0 3008.dat
1 0 -50 -72 250 0 0 -1 0 1 0 1 0 0 3040.dat
1 15 90 -56 190 0 0 1 0 1 0 -1 0 0 3623.dat
1 15 90 -64 190 0 0 -1 0 1 0 1 0 0 4085.dat
1 15 90 -64 170 0 0 1 0 1 0 -1 0 0 4085.dat
1 15 90 -64 210 0 0 -1 0 1 0 1 0 0 4085.dat
1 14 110 -24 -40 1 0 0 0 1 0 0 0 1 3021.dat
1 14 -110 -24 -40 1 0 0 0 1 0 0 0 1 3021.dat
1 14 -60 -24 -40 1 0 0 0 1 0 0 0 1 3022.dat
1 14 60 -24 -40 1 0 0 0 1 0 0 0 1 3022.dat
1 1 160 -64 -250 -1 0 0 0 1 0 0 0 -1 4083.dat
1 1 160 -64 -290 -1 0 0 0 1 0 0 0 -1 4083.dat
1 4 -170 -24 -280 1 0 0 0 1 0 0 0 1 3021.dat
1 0 -290 -40 -230 1 0 0 0 1 0 0 0 1 6141.dat
1 0 290 -40 -230 1 0 0 0 1 0 0 0 1 6141.dat
1 7 -20 -32 -280 0 1 0 0 0 -1 -1 0 0 004695b.dat
1 7 20 -32 -280 0 -1 0 0 0 -1 1 0 0 004695b.dat
1 15 90 -72 310 1 0 0 0 1 0 0 0 1 3005.dat
1 15 -210 -72 260 0 0 1 0 1 0 -1 0 0 3009.dat
1 15 270 -72 240 0 0 1 0 1 0 -1 0 0 3008.dat
1 15 90 -72 190 0 0 1 0 1 0 -1 0 0 3623.dat
1 0 110 -80 210 1 0 0 0 1 0 0 0 1 4522.dat
1 0 110 -72 190 0 0 1 0 1 0 -1 0 0 4006.dat
1 1 190 0 260 0 0 1 0 1 0 -1 0 0 4629.dat
1 14 -120 -32 -40 1 0 0 0 1 0 0 0 1 3022.dat
1 14 -70 -32 -40 1 0 0 0 1 0 0 0 1 3021.dat
1 14 120 -32 -40 1 0 0 0 1 0 0 0 1 3022.dat
1 14 70 -32 -40 1 0 0 0 1 0 0 0 1 3021.dat
1 15 -170 -48 -270 -1 0 0 0 1 0 0 0 -1 4070.dat
1 0 290 -48 -230 1 0 0 0 1 0 0 0 1 6141.dat
1 0 -290 -48 -230 1 0 0 0 1 0 0 0 1 6141.dat
1 0 60 -72 210 1 0 0 0 1 0 0 0 1 3004.dat
1 0 60 -96 210 1 0 0 0 1 0 0 0 1 3004.dat
1 15 90 -96 310 1 0 0 0 1 0 0 0 1 3005.dat
1 15 90 -96 190 0 0 1 0 1 0 -1 0 0 3622.dat
1 15 -210 -96 260 0 0 1 0 1 0 -1 0 0 3009.dat
1 15 270 -96 240 0 0 1 0 1 0 -1 0 0 3008.dat
1 4 60 -40 -40 1 0 0 0 1 0 0 0 1 3022.dat
1 4 -60 -40 -40 1 0 0 0 1 0 0 0 1 3022.dat
1 4 -110 -40 -40 1 0 0 0 1 0 0 0 1 3021.dat
1 4 110 -40 -40 1 0 0 0 1 0 0 0 1 3021.dat
1 15 -170 -48 -290 1 0 0 0 1 0 0 0 1 3005.dat
1 15 -190 -48 -280 0 0 1 0 1 0 -1 0 0 3004.dat
1 15 -150 -48 -280 0 0 1 0 1 0 -1 0 0 3004.dat
1 15 90 -120 190 0 0 1 0 1 0 -1 0 0 3622.dat
1 15 90 -120 310 1 0 0 0 1 0 0 0 1 3005.dat
1 0 60 -120 210 1 0 0 0 1 0 0 0 1 3004.dat
1 0 -50 -120 210 0 0 -1 0 1 0 1 0 0 4343.dat
1 7 0 -120 210 1 0 0 0 1 0 0 0 1 4347.dat
1 7 -160 -120 210 1 0 0 0 1 0 0 0 1 4347.dat
1 15 -210 -120 300 0 0 1 0 1 0 -1 0 0 3004.dat
1 15 270 -120 300 0 0 1 0 1 0 -1 0 0 3004.dat
1 15 -210 -120 220 0 0 1 0 1 0 -1 0 0 3004.dat
1 15 270 -120 170 0 0 1 0 1 0 -1 0 0 3005.dat
1 15 270 -120 230 0 0 1 0 1 0 -1 0 0 3005.dat
1 15 -210 -120 260 0 0 1 0 1 0 -1 0 0 3937.dat
1 15 -220 -110 260 0 1 0 0 0 -1 -1 0 0 3938.dat
1 15 270 -120 260 0 0 -1 0 1 0 1 0 0 3937.dat
1 15 280 -110 260 0 -1 0 0 0 -1 1 0 0 3938.dat
1 15 270 -120 200 0 0 -1 0 1 0 1 0 0 3937.dat
1 15 280 -110 200 0 -1 0 0 0 -1 1 0 0 3938.dat
1 7 10 -56 -40 0 0 1 0 1 0 -1 0 0 4083.dat
1 6 10 -56 -30 1 0 0 0 1 0 0 0 1 3852.dat
1 15 -50 -48 -40 0 0 1 0 1 0 -1 0 0 3069.dat
1 15 50 -48 -40 0 0 1 0 1 0 -1 0 0 3069.dat
1 15 -120 -48 -40 1 0 0 0 1 0 0 0 1 3068.dat
1 15 120 -48 -40 1 0 0 0 1 0 0 0 1 3068.dat
1 15 70 -48 -50 1 0 0 0 1 0 0 0 1 4081.dat
1 15 -70 -48 -50 1 0 0 0 1 0 0 0 1 4081.dat
1 15 -70 -48 -30 -1 0 0 0 1 0 0 0 -1 4081.dat
1 15 70 -48 -30 -1 0 0 0 1 0 0 0 -1 4081.dat
1 7 -90 -64 -40 1 0 0 0 1 0 0 0 1 3044.dat
1 7 90 -64 -40 1 0 0 0 1 0 0 0 1 3044.dat
1 15 -190 -56 -280 0 0 1 0 1 0 -1 0 0 3794.dat
1 15 -150 -56 -280 0 0 1 0 1 0 -1 0 0 3794.dat
1 15 -170 -56 -280 0 0 1 0 1 0 -1 0 0 3069.dat
1 15 270 -144 240 0 0 1 0 1 0 -1 0 0 3008.dat
1 15 -210 -144 260 0 0 1 0 1 0 -1 0 0 3009.dat
1 15 90 -144 240 0 0 1 0 1 0 -1 0 0 3008.dat
1 7 -100 -128 210 1 0 0 0 1 0 0 0 1 4477.dat
1 7 40 -128 210 1 0 0 0 1 0 0 0 1 3710.dat
1 4 70 -48 170 -1 0 0 0 1 0 0 0 -1 3062.dat
1 4 70 -72 170 1 0 0 0 1 0 0 0 1 4599.dat
1 14 -150 -24 190 1 0 0 0 1 0 0 0 1 3062.dat
1 14 -150 -24 170 1 0 0 0 1 0 0 0 1 3062.dat
1 14 -130 -24 190 1 0 0 0 1 0 0 0 1 3062.dat
1 15 -70 -72 -40 0 0 1 0 1 0 -1 0 0 3004.dat
1 15 -70 -96 -40 0 0 1 0 1 0 -1 0 0 3004.dat
1 15 -70 -120 -40 0 0 1 0 1 0 -1 0 0 3004.dat
1 15 70 -72 -40 0 0 1 0 1 0 -1 0 0 3004.dat
1 15 70 -96 -40 0 0 1 0 1 0 -1 0 0 3004.dat
1 15 70 -120 -40 0 0 1 0 1 0 -1 0 0 3004.dat
1 15 -190 -80 -280 0 0 1 0 1 0 -1 0 0 3005.dat
1 15 -150 -80 -280 0 0 1 0 1 0 -1 0 0 3005.dat
1 0 20 -152 210 1 0 0 0 1 0 0 0 1 3009.dat
1 0 -120 -152 210 1 0 0 0 1 0 0 0 1 3008.dat
1 15 -200 -152 260 0 0 1 0 1 0 -1 0 0 3020.dat
1 15 80 -152 260 0 0 1 0 1 0 -1 0 0 3020.dat
1 15 -210 -152 310 0 0 1 0 1 0 -1 0 0 3024.dat
1 15 -210 -152 210 0 0 1 0 1 0 -1 0 0 3024.dat
1 15 90 -168 310 0 0 1 0 1 0 -1 0 0 3005.dat
1 15 270 -168 240 0 0 1 0 1 0 -1 0 0 3008.dat
1 0 70 -128 -40 0 0 1 0 1 0 -1 0 0 4590.dat
1 0 -70 -128 -40 0 0 -1 0 1 0 1 0 0 4590.dat
1 7 88 -46 -10 0 -1 0 -0.5 0 -0.866 0.866 0 -0.5 4210.dat
1 7 -92 -46 -10 0 1 0 0.5 0 -0.866 -0.866 0 -0.5 4210.dat
1 7 -92 -46 -70 0 1 0 -0.5 0 -0.866 -0.866 0 0.5 4210.dat
1 7 88 -46 -70 0 -1 0 0.5 0 -0.866 0.866 0 0.5 4210.dat
1 15 -150 -88 -280 0 0 -1 0 1 0 1 0 0 4085.dat
1 15 -190 -88 -280 0 0 1 0 1 0 -1 0 0 3024.dat
1 7 -228 -100 260 0 1 0 0 0 -1 -1 0 0 3068.dat
1 15 -210 -160 260 0 0 1 0 1 0 -1 0 0 3666.dat
1 15 90 -160 260 0 0 1 0 1 0 -1 0 0 3710.dat
1 15 90 -168 260 0 0 1 0 1 0 -1 0 0 3710.dat
1 15 90 -168 190 0 0 1 0 1 0 -1 0 0 3622.dat
1 15 260 -176 210 0 0 1 0 1 0 -1 0 0 3021.dat
1 15 270 -176 170 0 0 1 0 1 0 -1 0 0 3024.dat
1 15 270 -176 290 0 0 -1 0 1 0 1 0 0 2420.dat
1 7 270 -176 260 0 0 -1 0 1 0 1 0 0 4175.dat
1 7 288 -100 260 0 -1 0 0 0 -1 1 0 0 3068.dat
1 7 288 -100 200 0 -1 0 0 0 -1 1 0 0 3068.dat
1 15 150 -136 -40 0 0 1 0 1 0 -1 0 0 3023.dat
1 15 -150 -136 -40 0 0 1 0 1 0 -1 0 0 3023.dat
1 15 100 -136 -40 1 0 0 0 1 0 0 0 1 3020.dat
1 15 -100 -136 -40 1 0 0 0 1 0 0 0 1 3020.dat
1 15 -170 -112 -280 1 0 0 0 1 0 0 0 1 3622.dat
1 16 -130 -98 -278 1 0 0 0 -1 0 0 0 -1 752.dat
1 16 -130 -98 -278 1 0 0 0 1 0 0 0 1 755.dat
1 16 -170 -38 -246 1 0 0 0 0 1 0 -1 0 752.dat
1 16 -170 -38 -246 1 0 0 0 0 -1 0 1 0 755.dat
1 16 -130.0269 -92.2483 -277.9423 0.999882 0.015363 -0.000169 0.01536 -0.99934 0.032904 0.000337 -0.032903 -0.999458 754.dat
1 16 -130.1129 -89.752 -277.7589 0.999096 0.042478 -0.001622 0.04245 -0.994986 0.090554 0.002233 -0.090541 -0.99589 754.dat
1 16 -130.2674 -87.2742 -277.4309 0.997544 0.069897 -0.004609 0.069807 -0.98648 0.14827 0.005817 -0.148228 -0.988936 754.dat
1 16 -130.4961 -84.8281 -276.9482 0.994891 0.100488 -0.009682 0.100251 -0.972127 0.211942 0.011885 -0.21183 -0.977234 754.dat
1 16 -130.7954 -82.4226 -276.3199 0.991698 0.127599 -0.015924 0.127186 -0.955083 0.267656 0.018944 -0.267459 -0.963383 754.dat
1 16 -131.1682 -80.0717 -275.5425 0.987145 0.157914 -0.024653 0.157173 -0.931137 0.329059 0.029008 -0.328704 -0.943987 754.dat
1 16 -131.6128 -77.7856 -274.6219 0.981968 0.185849 -0.034637 0.184734 -0.904392 0.38464 0.04016 -0.384102 -0.922417 754.dat
1 16 -132.1244 -75.571 -273.5704 0.976188 0.212038 -0.045801 0.210529 -0.875135 0.435679 0.052298 -0.434947 -0.898936 754.dat
1 16 -132.6968 -73.4309 -272.4024 0.970147 0.235588 -0.057561 0.23377 -0.845255 0.480517 0.06455 -0.479628 -0.875094 754.dat
1 16 -133.3293 -71.373 -271.1229 0.963081 0.259666 -0.07106 0.257444 -0.811124 0.525167 0.07873 -0.524072 -0.848027 754.dat
1 16 -134.0165 -69.3978 -269.7444 0.956105 0.280583 -0.084477 0.278182 -0.778554 0.562556 0.092074 -0.561362 -0.822432 754.dat
1 16 -134.7515 -67.5008 -268.283 0.949305 0.298803 -0.097658 0.296512 -0.747931 0.593868 0.104408 -0.592719 -0.798613 754.dat
1 16 -135.5345 -65.6881 -266.7415 0.94126 0.318345 -0.112636 0.316023 -0.712895 0.626027 0.118995 -0.62485 -0.771623 754.dat
1 16 -136.3607 -63.9556 -265.1314 0.933812 0.334616 -0.126598 0.332721 -0.682195 0.651081 0.131498 -0.650109 -0.748376 754.dat
1 16 -137.2262 -62.2991 -263.463 0.926105 0.350029 -0.140742 0.348739 -0.651974 0.673284 0.143909 -0.672614 -0.725865 754.dat
1 16 -138.1286 -60.7164 -261.7432 0.918236 0.36451 -0.154838 0.364031 -0.622884 0.692458 0.155962 -0.692205 -0.704647 754.dat
1 16 -139.0647 -59.2017 -259.9806 0.910623 0.377426 -0.168273 0.378085 -0.596603 0.707896 0.166786 -0.708248 -0.68598 754.dat
1 16 -140.0339 -57.7547 -258.1795 0.902224 0.390843 -0.1823 0.39257 -0.569279 0.722364 0.178551 -0.7233 -0.667051 754.dat
1 16 -141.0345 -56.3706 -256.3462 0.894108 0.402937 -0.195481 0.406008 -0.545057 0.733533 0.18902 -0.735224 -0.650935 754.dat
1 16 -142.0637 -55.043 -254.487 0.886186 0.414057 -0.207921 0.41864 -0.523272 0.742245 0.198532 -0.744811 -0.637057 754.dat
1 16 -143 -53.8905 -252.7526 0.873103 0.432459 -0.225102 0.436978 -0.489405 0.754675 0.2162 -0.757273 -0.616275 756.dat
1 16 -144.9201 -51.8076 -249.4876 0.858453 -0.450516 0.245142 0.458194 0.458856 -0.761255 0.230473 0.765824 0.60033 754.dat
1 16 -146.0585 -50.6713 -247.5655 0.848592 -0.462666 0.256575 0.471249 0.440624 -0.764052 0.240448 0.769279 0.591941 754.dat
1 16 -147.2276 -49.5797 -245.636 0.838143 -0.475301 0.267591 0.484563 0.423584 -0.76536 0.250429 0.771145 0.585338 754.dat
1 16 -148.4292 -48.5301 -243.703 0.826775 -0.488836 0.278358 0.498524 0.407465 -0.765144 0.260609 0.77137 0.580579 754.dat
1 16 -149.6654 -47.5202 -241.7708 0.814263 -0.50348 0.288935 0.513441 0.392426 -0.763138 0.27084 0.769746 0.578046 754.dat
1 16 -150.9396 -46.5471 -239.8443 0.800124 -0.519678 0.299561 0.529928 0.378436 -0.758922 0.28103 0.765978 0.578187 754.dat
1 16 -152.2576 -45.6092 -237.9299 0.781665 -0.540142 0.311844 0.551206 0.364306 -0.750635 0.291843 0.758635 0.582495 754.dat
1 16 -153.6261 -44.7039 -236.0354 0.763225 -0.559659 0.322908 0.572444 0.353916 -0.739629 0.299658 0.74935 0.590491 754.dat
1 16 -155.0483 -43.8248 -234.1686 0.737195 -0.585509 0.337227 0.602358 0.343379 -0.720594 0.306118 0.73435 0.605824 754.dat
1 16 -156.5423 -42.9712 -232.3468 0.697979 -0.620697 0.357156 0.647511 0.333996 -0.684964 0.305866 0.709353 0.635031 754.dat
1 16 -158.1304 -42.1387 -230.5967 0.642887 -0.663668 0.382414 0.709521 0.327888 -0.623754 0.288577 0.672335 0.681681 754.dat
1 16 -159.8424 -41.3192 -228.9644 0.540522 -0.728776 0.420383 0.813417 0.325037 -0.482394 0.214917 0.602691 0.768488 754.dat
1 16 -161.7357 -40.504 -227.5564 0.355245 -0.820613 0.447654 0.934288 0.327127 -0.141753 -0.030116 0.468595 0.8829 754.dat
1 16 -163.871 -39.6905 -226.6472 0.178194 -0.938656 0.29525 0.751378 0.32354 0.575111 -0.635356 0.119363 0.762938 754.dat
1 16 -166.0926 -38.9576 -226.8516 0.605041 -0.795059 0.042509 0.234892 0.229257 0.944599 -0.760757 -0.561536 0.325463 754.dat
1 16 -167.8131 -38.4756 -228.4866 0.890008 -0.455918 -0.004999 0.06326 0.112619 0.991622 -0.451536 -0.882868 0.129073 754.dat
1 16 -168.806 -38.2361 -230.7559 0.965606 -0.259934 -0.00621 0.021642 0.056551 0.998165 -0.259106 -0.963969 0.060232 754.dat
1 16 -169.3747 -38.1149 -233.1895 0.988636 -0.150289 -0.003627 0.008137 0.029401 0.999535 -0.150112 -0.988205 0.03029 754.dat
1 16 -169.7061 -38.0511 -235.6718 0.995929 -0.090126 -0.001759 0.003243 0.01632 0.999862 -0.090084 -0.995797 0.016546 754.dat
1 16 -169.8963 -38.0171 -238.17 0.999084 -0.042792 -0.000594 0.000901 0.007148 0.999974 -0.042786 -0.999058 0.00718 754.dat
1 16 -169.9787 -38.0034 -240.4608 0.999905 -0.013809 -0.0001 0.00013 0.002182 0.999998 -0.013808 -0.999902 0.002184 754.dat
1 0 -60 -160 260 1 0 0 0 1 0 0 0 1 3456.dat
1 15 100 -176 240 0 0 1 0 1 0 -1 0 0 3795.dat
1 15 90 -176 170 0 0 1 0 1 0 -1 0 0 3024.dat
1 15 90 -176 310 0 0 1 0 1 0 -1 0 0 3024.dat
1 15 -70 -144 -40 0 0 1 0 1 0 -1 0 0 3069.dat
1 15 70 -144 -40 0 0 1 0 1 0 -1 0 0 3069.dat
1 15 -140 -144 -40 1 0 0 0 1 0 0 0 1 3068.dat
1 15 140 -144 -40 1 0 0 0 1 0 0 0 1 3068.dat
1 7 140 -128 -40 -1 0 0 0 1 0 0 0 -1 3941.dat
1 7 -140 -128 -40 -1 0 0 0 1 0 0 0 -1 3941.dat
1 15 -100 -144 -50 -1 0 0 0 1 0 0 0 -1 3069.dat
1 15 100 -144 -50 -1 0 0 0 1 0 0 0 -1 3069.dat
1 15 110 -144 -30 1 0 0 0 1 0 0 0 1 3070.dat
1 15 -110 -144 -30 1 0 0 0 1 0 0 0 1 3070.dat
1 15 270 -184 240 0 0 1 0 1 0 -1 0 0 3460.dat
1 15 90 -184 240 0 0 1 0 1 0 -1 0 0 3460.dat
1 0 180 -184 200 -1 0 0 0 1 0 0 0 -1 3035.dat
1 0 180 -176 170 -1 0 0 0 1 0 0 0 -1 3008.dat
1 0 180 -184 280 -1 0 0 0 1 0 0 0 -1 3035.dat
1 0 90 -160 -30 1 0 0 0 1 0 0 0 1 3005.dat
1 0 90 -184 -30 1 0 0 0 1 0 0 0 1 3005.dat
1 0 90 -208 -30 1 0 0 0 1 0 0 0 1 3005.dat
1 0 -90 -160 -30 1 0 0 0 1 0 0 0 1 3005.dat
1 0 -90 -184 -30 1 0 0 0 1 0 0 0 1 3005.dat
1 0 -90 -208 -30 1 0 0 0 1 0 0 0 1 3005.dat
1 7 230 -208 290 -1 0 0 0 1 0 0 0 -1 3062.dat
1 7 190 -208 290 -1 0 0 0 1 0 0 0 -1 3062.dat
1 15 60 -184 240 1 0 0 0 1 0 0 0 1 3003.dat
1 15 -60 -184 240 1 0 0 0 1 0 0 0 1 3003.dat
1 15 -60 -232 240 1 0 0 0 1 0 0 0 1 3003.dat
1 15 60 -232 240 1 0 0 0 1 0 0 0 1 3003.dat
1 15 -60 -208 240 1 0 0 0 1 0 0 0 1 3003.dat
1 15 60 -208 240 1 0 0 0 1 0 0 0 1 3003.dat
1 0 0 -232 -30 1 0 0 0 1 0 0 0 1 6111.dat
1 4 0 -240 220 1 0 0 0 1 0 0 0 1 3456.dat
1 4 0 -240 100 1 0 0 0 1 0 0 0 1 3456.dat
1 4 0 -240 -20 1 0 0 0 1 0 0 0 1 3456.dat
1 4 -130 -264 -10 0 0 1 0 1 0 -1 0 0 4070.dat
1 4 -130 -264 90 0 0 1 0 1 0 -1 0 0 4070.dat
1 4 130 -264 90 0 0 -1 0 1 0 1 0 0 4070.dat
1 4 130 -264 -10 0 0 -1 0 1 0 1 0 0 4070.dat
1 4 144.6 -264.4 40 0 -1 0 0 0 -1 1 0 0 3034.dat
1 4 -144.6 -264.4 40 0 1 0 0 0 -1 -1 0 0 3034.dat
1 14 130 -232 20 0 0 1 0 1 0 -1 0 0 3460.dat
1 14 130 -232 180 0 0 1 0 1 0 -1 0 0 3460.dat
1 14 -130 -232 20 0 0 1 0 1 0 -1 0 0 3460.dat
1 14 -130 -232 180 0 0 1 0 1 0 -1 0 0 3460.dat
1 14 -40 -232 270 1 0 0 0 1 0 0 0 1 4477.dat
1 14 40 -232 -70 1 0 0 0 1 0 0 0 1 4477.dat
1 14 100 -232 270 1 0 0 0 1 0 0 0 1 3710.dat
1 14 -100 -232 -70 1 0 0 0 1 0 0 0 1 3710.dat
1 15 10 -264 -50 0 0 1 0 1 0 -1 0 0 3622.dat
1 14 80 -224 -70 1 0 0 0 1 0 0 0 1 3710.dat
1 14 -80 -224 270 1 0 0 0 1 0 0 0 1 3710.dat
1 14 -40 -224 -70 1 0 0 0 1 0 0 0 1 3460.dat
1 14 40 -224 270 1 0 0 0 1 0 0 0 1 3460.dat
1 14 -130 -224 200 0 0 1 0 1 0 -1 0 0 3460.dat
1 14 -130 -224 20 0 0 1 0 1 0 -1 0 0 4477.dat
1 14 130 -224 180 0 0 1 0 1 0 -1 0 0 4477.dat
1 14 130 -224 0 0 0 1 0 1 0 -1 0 0 3460.dat
1 15 10 -288 -50 0 0 1 0 1 0 -1 0 0 3622.dat
1 15 -152.601 -264.4 60 0 1 0 0 0 -1 -1 0 0 3068.dat
1 15 -152.603 -264.4 100 0 1 0 0 0 -1 -1 0 0 3068.dat
1 15 -152.597 -264.4 -20 0 1 0 0 0 -1 -1 0 0 3068.dat
1 15 -152.599 -264.4 20 0 1 0 0 0 -1 -1 0 0 3068.dat
1 15 152.6 -264.4 20 0 -1 0 0 0 -1 1 0 0 3068.dat
1 15 152.6 -264.4 -20 0 -1 0 0 0 -1 1 0 0 3068.dat
1 15 152.6 -264.4 100 0 -1 0 0 0 -1 1 0 0 3068.dat
1 15 152.6 -264.4 60 0 -1 0 0 0 -1 1 0 0 3068.dat
1 7 -228 -100 260 0 1 0 0 0 -1 -1 0 0 004695b.dat
1 7 160 -43 -270 0 -0.259 1 0 1 0.259 -1 0 0 4624.dat
1 0 160 -43 -270 0 -0.259 1 0 1 0.259 -1 0 0 3641.dat
1 7 180 -43 -270 0 -0.259 1 0 1 0.259 -1 0 0 4624.dat
1 0 180 -43 -270 0 -0.259 1 0 1 0.259 -1 0 0 3641.dat
1 7 140 -43 -270 0 -0.259 1 0 1 0.259 -1 0 0 4624.dat
1 0 140 -43 -270 0 -0.259 1 0 1 0.259 -1 0 0 3641.dat
