0 Main
0 Name: 7715 - Push-Along Passenger Steam Train.mpd
0 Author: LTRON
1 7 0 0 0 -0.707107 0 -0.707107 0 1 0 0.707107 0 -0.707107 3020.dat
1 0 14.1421 0 42.4264 -0.707107 0 -0.707107 0 1 0 0.707107 0 -0.707107 3795.dat
1 0 141.4214 0 169.7057 -0.707107 0 -0.707107 0 1 0 0.707107 0 -0.707107 3795.dat
1 0 49.4975 -24 7.0711 0.707107 0 -0.707107 0 1 0 0.707107 0 0.707107 3004.dat
1 0 7.0711 -24 49.4975 0.707107 0 -0.707107 0 1 0 0.707107 0 0.707107 3004.dat
1 0 21.2132 -24 21.2132 0.707107 0 -0.707107 0 1 0 0.707107 0 0.707107 3002.dat
1 0 155.5635 -24 155.5635 0.707107 0 0.707107 0 1 0 -0.707107 0 0.707107 3001.dat
1 0 120.2082 -24 190.9189 -0.707107 0 0.707107 0 1 0 -0.707107 0 -0.707107 3298.dat
1 0 -7.0711 -24 63.6396 -0.707107 0 0.707107 0 1 0 -0.707107 0 -0.707107 3298.dat
1 0 134.3503 -48 176.7767 -0.707107 0 0.707107 0 1 0 -0.707107 0 -0.707107 3039.dat
1 0 7.0711 -48 49.4975 -0.707107 0 0.707107 0 1 0 -0.707107 0 -0.707107 3039.dat
1 0 35.3554 -48 21.2132 0.707107 0 0.707107 0 1 0 -0.707107 0 0.707107 3002.dat
1 0 162.6346 -48 148.4925 0.707107 0 0.707107 0 1 0 -0.707107 0 0.707107 3002.dat
1 7 7.0711 -32 7.0711 0.707107 0 0.707107 0 1 0 -0.707107 0 0.707107 3710.dat
1 7 98.995 -56 98.995 -0.707107 0 0.707107 0 1 0 -0.707107 0 -0.707107 3028.dat
1 0 162.6346 -104 162.6346 -0.707107 0 -0.707107 0 1 0 0.707107 0 -0.707107 4083.dat
1 15 162.6346 -128 162.6346 -0.707107 0 -0.707107 0 1 0 0.707107 0 -0.707107 3010.dat
1 15 162.6346 -152 162.6346 -0.707107 0 -0.707107 0 1 0 0.707107 0 -0.707107 3010.dat
1 15 162.6346 -176 162.6346 -0.707107 0 -0.707107 0 1 0 0.707107 0 -0.707107 3010.dat
1 8 -931.4323 0 -518.137 -0.845057 0 0.569157 0 1 0 -0.569157 0 -0.845057 4166.dat
1 8 -1005.6022 0 -380.0658 -0.923879 0 0.382683 0 1 0 -0.382683 0 -0.923879 4166.dat
1 7 -889.8311 -16 -490.33 -0.55557 0 -0.845057 0 1 0 0.831469 0 -0.569157 3230b.dat
1 7 -972.9783 -16 -545.8873 -0.55557 0 -0.845057 0 1 0 0.831469 0 -0.569157 3229b.dat
1 8 -1051.4418 0 -229.2038 -0.980786 0 0.195091 0 1 0 -0.195091 0 -0.980786 4166.dat
1 8 -1067.1643 0 -73.2747 -1 0 0.000001 0 1 0 -0.000001 0 -1 4166.dat
1 7 -1002.4166 -16 -219.4641 -0.195091 0 -0.980786 0 1 0 0.980786 0 -0.195091 3230b.dat
1 7 -1100.4818 -16 -238.957 -0.195091 0 -0.980786 0 1 0 0.980786 0 -0.195091 3229b.dat
1 8 -1051.2423 0 83.4563 -0.980786 0 -0.195091 0 1 0 0.195091 0 -0.980786 4166.dat
1 8 -1006.0971 0 233.532 -0.92388 0 -0.382683 0 1 0 0.382683 0 -0.92388 4166.dat
1 7 -1002.2031 -16 73.701 0.195091 0 -0.980786 0 1 0 0.980786 0 0.195091 3230b.dat
1 7 -1100.2816 -16 93.2115 0.195091 0 -0.980786 0 1 0 0.980786 0 0.195091 3229b.dat
1 8 -931.8353 0 372.6213 -0.831469 0 -0.569157 0 1 0 0.55557 0 -0.845057 4166.dat
1 8 -832.6947 0 493.9991 -0.707107 0 -0.707107 0 1 0 0.707107 0 -0.707107 4166.dat
1 7 -890.2624 -16 344.844 0.55557 0 -0.831469 0 1 0 0.831469 0 0.55557 3230b.dat
1 7 -973.4083 -16 400.4014 0.55557 0 -0.831469 0 1 0 0.831469 0 0.55557 3229b.dat
1 8 -710.776 0 593.3964 -0.55557 0 -0.845057 0 1 0 0.831469 0 -0.569157 4166.dat
1 8 -572.6851 0 667.579 -0.382683 0 -0.923879 0 1 0 0.923879 0 -0.382683 4166.dat
1 7 -682.9825 -16 551.8369 0.831469 0 -0.55557 0 1 0 0.55557 0 0.831469 3230b.dat
1 7 -738.5399 -16 634.9842 0.831469 0 -0.55557 0 1 0 0.55557 0 0.831469 3229b.dat
1 8 -421.8536 0 713.4503 -0.195091 0 -0.980786 0 1 0 0.980786 0 -0.195091 4166.dat
1 8 -265.9286 0 729.1688 -0.000001 0 -1 0 1 0 1 0 -0.000001 4166.dat
1 7 -412.1004 -16 664.4104 0.980786 0 -0.195091 0 1 0 0.195091 0 0.980786 3230b.dat
1 7 -431.5854 -16 762.5116 0.980786 0 -0.195091 0 1 0 0.195091 0 0.980786 3229b.dat
1 8 -109.1955 0 713.2489 0.195091 0 -0.980786 0 1 0 0.980786 0 0.195091 4166.dat
1 8 40.8823 0 668.1058 0.382683 0 -0.92388 0 1 0 0.92388 0 0.382683 4166.dat
1 7 -118.9479 -16 664.2125 0.980786 0 0.195091 0 1 0 -0.195091 0 0.980786 3230b.dat
1 7 -99.4431 -16 762.2853 0.980786 0 0.195091 0 1 0 -0.195091 0 0.980786 3229b.dat
1 8 179.9716 0 593.844 0.55557 0 -0.831469 0 1 0 0.831469 0 0.55557 4166.dat
1 8 301.3466 0 494.7005 0.707107 0 -0.707107 0 1 0 0.707107 0 0.707107 4166.dat
1 7 152.1929 -16 552.2696 0.845057 0 0.55557 0 1 0 -0.569157 0 0.831469 3230b.dat
1 7 207.7517 -16 635.4169 0.845057 0 0.55557 0 1 0 -0.569157 0 0.831469 3229b.dat
1 8 401.0395 0 373.3701 0.831469 0 -0.55557 0 1 0 0.55557 0 0.831469 4166.dat
1 8 475.234 0 235.3237 0.923879 0 -0.382683 0 1 0 0.382683 0 0.923879 4166.dat
1 7 359.4658 -16 345.5907 0.569157 0 0.831469 0 1 0 -0.845057 0 0.55557 3230b.dat
1 7 442.6138 -16 401.1488 0.569157 0 0.831469 0 1 0 -0.845057 0 0.55557 3229b.dat
1 8 521.0745 0 84.464 0.980786 0 -0.195091 0 1 0 0.195091 0 0.980786 4166.dat
1 8 536.77 0 -71.4935 1 0 -0.000001 0 1 0 0.000001 0 1 4166.dat
1 7 472.0726 -16 74.6768 0.195091 0 0.980786 0 1 0 -0.980786 0 0.195091 3230b.dat
1 7 570.1137 -16 94.2135 0.195091 0 0.980786 0 1 0 -0.980786 0 0.195091 3229b.dat
1 8 520.8722 0 -228.2004 0.980786 0 0.195091 0 1 0 -0.195091 0 0.980786 4166.dat
1 8 475.7276 0 -378.274 0.923879 0 0.382683 0 1 0 -0.382683 0 0.923879 4166.dat
1 7 471.8386 -16 -218.4395 -0.195091 0 0.980786 0 1 0 -0.980786 0 -0.195091 3230b.dat
1 7 569.9136 -16 -237.955 -0.195091 0 0.980786 0 1 0 -0.980786 0 -0.195091 3229b.dat
1 8 401.4326 0 -517.398 0.845057 0 0.55557 0 1 0 -0.569157 0 0.831469 4166.dat
1 8 302.3266 0 -638.7411 0.707107 0 0.707107 0 1 0 -0.707107 0 0.707107 4166.dat
1 7 359.8943 -16 -489.5861 -0.569157 0 0.845057 0 1 0 -0.845057 0 -0.569157 3230b.dat
1 7 443.0402 -16 -545.1435 -0.569157 0 0.845057 0 1 0 -0.845057 0 -0.569157 3229b.dat
1 8 180.3938 0 -738.1526 0.569157 0 0.831469 0 1 0 -0.845057 0 0.55557 4166.dat
1 8 42.3502 0 -812.35 0.382683 0 0.923879 0 1 0 -0.923879 0 0.382683 4166.dat
1 7 152.6151 -16 -696.5782 -0.845057 0 0.569157 0 1 0 -0.569157 0 -0.845057 3230b.dat
1 7 208.1732 -16 -779.7277 -0.845057 0 0.569157 0 1 0 -0.569157 0 -0.845057 3229b.dat
1 8 -108.5118 0 -858.1896 0.195091 0 0.980786 0 1 0 -0.980786 0 0.195091 4166.dat
1 8 -264.4126 0 -873.9404 0.000001 0 1 0 1 0 -1 0 0.000001 4166.dat
1 7 -118.2656 -16 -809.1503 -0.980786 0 0.195091 0 1 0 -0.195091 0 -0.980786 3230b.dat
1 7 -98.7586 -16 -907.2296 -0.980786 0 0.195091 0 1 0 -0.195091 0 -0.980786 3229b.dat
1 8 -421.1704 0 -857.9902 -0.195091 0 0.980786 0 1 0 -0.980786 0 -0.195091 4166.dat
1 8 -571.2476 0 -812.845 -0.382683 0 0.923879 0 1 0 -0.923879 0 -0.382683 4166.dat
1 7 -411.4166 -16 -808.9509 -0.980786 0 -0.195091 0 1 0 0.195091 0 -0.980786 3230b.dat
1 7 -430.9271 -16 -907.0295 -0.980786 0 -0.195091 0 1 0 0.195091 0 -0.980786 3229b.dat
1 8 -710.3171 0 -738.603 -0.569157 0 0.845057 0 1 0 -0.845057 0 -0.569157 4166.dat
1 8 -831.7443 0 -639.4128 -0.707107 0 0.707107 0 1 0 -0.707107 0 -0.707107 4166.dat
1 7 -682.5596 -16 -697.0103 -0.831469 0 -0.569157 0 1 0 0.55557 0 -0.845057 3230b.dat
1 7 -738.117 -16 -780.1561 -0.831469 0 -0.569157 0 1 0 0.55557 0 -0.845057 3229b.dat
