0 Main
0 Name: 5985-1 - Space Police Central.mpd
0 Author: LTRON
1 8 300 4 500 -1 0 0 0 1 0 0 0 -1 51595.dat
1 1 260 -4 640 0 0 -1 0 1 0 1 0 0 4079.dat
1 1 380 -4 640 0 0 1 0 1 0 -1 0 0 4079.dat
1 1 260 -4 600 0 0 -1 0 1 0 1 0 0 4079.dat
1 1 380 -4 600 0 0 1 0 1 0 -1 0 0 4079.dat
1 15 260 -4 540 1 0 0 0 1 0 0 0 1 60474.dat
1 15 380 -4 540 1 0 0 0 1 0 0 0 1 60474.dat
1 7 150 -20 620 0 0 1 0 1 0 -1 0 0 32064.dat
1 7 150 -20 580 0 0 1 0 1 0 -1 0 0 32064.dat
1 1 200 -20 600 0 0 1 0 1 0 -1 0 0 3001.dat
1 1 320 -20 600 1 0 0 0 1 0 0 0 1 3941.dat
1 18 132 -10 620 1 0 0 0 1 0 0 0 1 6587.dat
1 18 132 -10 580 1 0 0 0 1 0 0 0 1 6587.dat
1 1 170 -20 600 0 0 1 0 1 0 -1 0 0 3701.dat
1 1 180 -28 600 1 0 0 0 1 0 0 0 1 3031.dat
1 1 320 -28 600 0 0 1 0 1 0 -1 0 0 87079.dat
1 4 200 -36 610 1 0 0 0 1 0 0 0 1 3023.dat
1 4 190 -56 610 0 0 1 1 0 0 0 1 0 62462.dat
1 47 210 -60 610 0.707107 0 0.707107 0 1 0 -0.707107 0 0.707107 3899.dat
1 4 200 -76 610 1 0 0 0 -1 0 0 0 -1 3023.dat
1 15 160 -116 650 -1 0 0 0 1 0 0 0 -1 88393.dat
1 15 440 -116 650 -1 0 0 0 1 0 0 0 -1 88393.dat
1 15 450 -116 620 0 0 -1 0 1 0 1 0 0 88393.dat
1 15 450 -116 580 0 0 -1 0 1 0 1 0 0 88393.dat
1 15 160 -116 550 1 0 0 0 1 0 0 0 1 88393.dat
1 15 200 -116 550 1 0 0 0 1 0 0 0 1 88393.dat
1 15 320 -116 550 1 0 0 0 1 0 0 0 1 88393.dat
1 15 440 -116 550 1 0 0 0 1 0 0 0 1 88393.dat
1 7 300 -124 600 1 0 0 0 1 0 0 0 1 3027.dat
1 33 260 -124 540 1 0 0 0 1 0 0 0 1 85941.dat
1 33 380 -124 540 1 0 0 0 1 0 0 0 1 85941.dat
1 15 230 -132 650 0 0 1 0 1 0 -1 0 0 2555.dat
1 15 450 -132 650 0 0 1 0 1 0 -1 0 0 2555.dat
1 15 180 -132 550 1 0 0 0 1 0 0 0 1 2540.dat
1 15 260 -132 540 1 0 0 0 1 0 0 0 1 60474.dat
1 15 380 -132 540 1 0 0 0 1 0 0 0 1 60474.dat
1 7 180 -130 530 -1 0 0 0 0.366144 0.930558 0 0.930558 -0.366144 6020.dat
1 8 250 -140 510 1 0 0 0 1 0 0 0 1 6141.dat
1 8 270 -140 510 1 0 0 0 1 0 0 0 1 6141.dat
1 8 370 -140 510 1 0 0 0 1 0 0 0 1 6141.dat
1 8 390 -140 510 1 0 0 0 1 0 0 0 1 6141.dat
1 0 260 -148 590 -1 0 0 0 1 0 0 0 -1 3937.dat
1 0 380 -148 590 -1 0 0 0 1 0 0 0 -1 3937.dat
1 1 260 -148 590 -1 0 0 0 1 0 0 0 -1 6134.dat
1 0 260 -156 540 0 0 -1 0 1 0 1 0 0 3795.dat
1 7 260 -164 580 1 0 0 0 1 0 0 0 1 41862.dat
1 7 260 -164 540 1 0 0 0 1 0 0 0 1 3068.dat
1 7 260 -164 500 1 0 0 0 1 0 0 0 1 41862.dat
1 15 260 -188 590 1 0 0 0 1 0 0 0 1 4865.dat
1 36 260 -172 490 1 0 0 0 1 0 0 0 1 3069.dat
1 1 380 -148 590 -1 0 0 0 1 0 0 0 -1 6134.dat
1 0 380 -156 540 0 0 -1 0 1 0 1 0 0 3795.dat
1 7 380 -164 580 1 0 0 0 1 0 0 0 1 41862.dat
1 7 380 -164 540 1 0 0 0 1 0 0 0 1 3068.dat
1 7 380 -164 500 1 0 0 0 1 0 0 0 1 41862.dat
1 15 380 -188 590 1 0 0 0 1 0 0 0 1 4865.dat
1 36 380 -172 490 1 0 0 0 1 0 0 0 1 3069.dat
1 15 340 -218 650 1 0 0 0 0 -1 0 1 0 6046.dat
1 15 360 -298 650 0 -1 0 0 0 -1 1 0 0 2335.dat
1 7 260 -278 650 1 0 0 0 -0.819152 0.573576 0 -0.573576 -0.819152 30377.dat
1 7 420 -278 650 1 0 0 0 -0.819152 0.573576 0 -0.573576 -0.819152 30377.dat
1 36 300 -316.381 638.029 0 -1 0 0 0 -1 1 0 0 30374.dat
1 36 460 -316.381 638.029 0 -1 0 0 0 -1 1 0 0 30374.dat
1 7 -120 -4 810 1 0 0 0 1 0 0 0 1 6636.dat
1 7 0 -4 810 1 0 0 0 1 0 0 0 1 6636.dat
1 7 -250 -4 780 0 0 1 0 1 0 -1 0 0 3069.dat
1 7 -200 -4 780 0 0 1 0 1 0 -1 0 0 3956.dat
1 15 -420 -20 770 -1 0 0 0 1 0 0 0 -1 4865.dat
1 15 -340 -20 770 -1 0 0 0 1 0 0 0 -1 4865.dat
1 7 40 -4 570 1 0 0 0 1 0 0 0 1 6636.dat
1 1 -60 -4 550 1 0 0 0 1 0 0 0 1 4162.dat
1 7 -250 -4 540 0 0 1 0 1 0 -1 0 0 3069.dat
1 7 -200 -4 540 0 0 1 0 1 0 -1 0 0 3956.dat
1 7 120 -4 540 0 0 1 0 1 0 -1 0 0 3956.dat
1 15 -160 -4 520 0 0 1 0 1 0 -1 0 0 87079.dat
1 15 40 -4 520 0 0 1 0 1 0 -1 0 0 87079.dat
1 15 -490 -4 410 1 0 0 0 1 0 0 0 1 2555.dat
1 15 -490 -4 190 1 0 0 0 1 0 0 0 1 2555.dat
1 15 -28 -14 540 0 1 0 0 0 1 1 0 0 88393.dat
1 15 -220 -14 660 0 1 0 0 0 1 1 0 0 4217.dat
1 15 -196 -14 540 0 1 0 0 0 1 1 0 0 4216.dat
1 15 -148 -14 540 0 1 0 0 0 1 1 0 0 88393.dat
1 15 -172 -14 540 0 1 0 0 0 1 1 0 0 4216.dat
1 15 120 -20 760 0 0 1 0 1 0 -1 0 0 3001.dat
1 15 120 -20 680 0 0 1 0 1 0 -1 0 0 3001.dat
1 15 -60 -20 620 -1 0 0 0 1 0 0 0 -1 4515.dat
1 7 110 -20 620 0 0 1 0 1 0 -1 0 0 32064.dat
1 1 130 -20 600 0 0 1 0 1 0 -1 0 0 3701.dat
1 7 110 -20 580 0 0 1 0 1 0 -1 0 0 32064.dat
1 15 -60 -20 460 1 0 0 0 1 0 0 0 1 4515.dat
1 14 -170 -44 720 0 0 1 0 1 0 -1 0 0 4083.dat
1 0 -170 -55 730 0 0 1 0 1 0 -1 0 0 4006.dat
1 0 -170 -60 710 0 0 1 0 1 0 -1 0 0 4522.dat
1 7 -230 -68 810 0 0 1 0 1 0 -1 0 0 4460.dat
1 7 -210 -68 810 0 0 -1 0 1 0 1 0 0 4460.dat
1 7 90 -68 810 0 0 1 0 1 0 -1 0 0 4460.dat
1 7 110 -68 810 0 0 -1 0 1 0 1 0 0 4460.dat
1 15 110 -68 780 0 0 -1 0 1 0 1 0 0 3678.dat
1 15 110 -68 740 0 0 -1 0 1 0 1 0 0 3678.dat
1 15 110 -68 700 0 0 -1 0 1 0 1 0 0 3678.dat
1 15 110 -68 660 0 0 -1 0 1 0 1 0 0 3678.dat
1 15 110 -68 620 0 0 -1 0 1 0 1 0 0 3678.dat
1 15 110 -68 580 0 0 -1 0 1 0 1 0 0 3678.dat
1 15 -230 -68 510 0 0 1 0 1 0 -1 0 0 3685.dat
1 15 -210 -68 510 1 0 0 0 1 0 0 0 1 3685.dat
1 15 90 -68 510 0 0 1 0 1 0 -1 0 0 3685.dat
1 15 110 -68 510 1 0 0 0 1 0 0 0 1 3685.dat
1 15 -450 -68 500 0 0 1 0 1 0 -1 0 0 3684.dat
1 15 -310 -68 500 0 0 -1 0 1 0 1 0 0 3684.dat
1 15 -450 -68 300 0 0 1 0 1 0 -1 0 0 3684.dat
1 15 -310 -68 300 0 0 -1 0 1 0 1 0 0 3684.dat
1 15 -380 -76 500 1 0 0 0 1 0 0 0 1 3034.dat
1 15 -380 -76 300 1 0 0 0 1 0 0 0 1 3034.dat
1 7 -440 -84 400 0 0 1 0 1 0 -1 0 0 2445.dat
1 7 -320 -84 400 0 0 1 0 1 0 -1 0 0 2445.dat
1 8 -380 -92 480 1 0 0 0 1 0 0 0 1 3035.dat
1 8 -380 -92 360 1 0 0 0 1 0 0 0 1 4151.dat
1 15 -420 -100 510 -1 0 0 0 1 0 0 0 -1 2540.dat
1 15 -340 -100 510 -1 0 0 0 1 0 0 0 -1 2540.dat
1 0 -450 -100 500 0 0 1 0 1 0 -1 0 0 3023.dat
1 0 -310 -100 500 0 0 1 0 1 0 -1 0 0 3023.dat
1 15 -440 -100 460 1 0 0 0 1 0 0 0 1 87079.dat
1 0 -380 -100 460 0 0 1 0 1 0 -1 0 0 3795.dat
1 15 -320 -100 460 1 0 0 0 1 0 0 0 1 87079.dat
1 36 -440 -100 430 1 0 0 0 1 0 0 0 1 3069.dat
1 36 -320 -100 430 1 0 0 0 1 0 0 0 1 3069.dat
1 15 -450 -100 360 0 0 1 0 1 0 -1 0 0 2540.dat
1 8 -450 -100 290 1 0 0 0 1 0 0 0 1 4085.dat
1 8 -430 -100 290 1 0 0 0 1 0 0 0 1 4085.dat
1 15 -380 -100 290 1 0 0 0 1 0 0 0 1 2540.dat
1 7 -450 -96 270 0 0 1 1 0 0 0 1 0 61482.dat
1 7 -430 -96 270 0 0 1 1 0 0 0 1 0 61482.dat
1 7 -470 -98 360 0 -0.258819 0.965926 0 -0.965926 -0.258819 1 0 0 30377.dat
1 7 -380 -98 270 -1 0 0 0 0.685399 0.728168 0 0.728168 -0.685399 6020.dat
1 15 -440 -108 290 1 0 0 0 1 0 0 0 1 2412.dat
1 15 -236 -104 780 0 1 0 -1 0 0 0 0 1 3832.dat
1 15 -236 -104 540 0 1 0 -1 0 0 0 0 1 3832.dat
1 15 100 -104 540 0 1 0 -1 0 0 0 0 1 3832.dat
1 15 -260 -14 780 0 1 0 0 0 1 1 0 0 30363.dat
1 15 -260 -14 540 0 1 0 0 0 1 1 0 0 30363.dat
1 15 108 -14 540 0 1 0 0 0 1 1 0 0 3747.dat
1 7 132 -14 550 0 1 0 -1 0 0 0 0 1 6141.dat
1 7 132 -14 530 0 1 0 -1 0 0 0 0 1 6141.dat
1 7 -228 -124 780 0 1 0 -1 0 0 0 0 1 3034.dat
1 7 -228 -124 540 0 1 0 -1 0 0 0 0 1 3034.dat
1 7 92 -124 540 0 1 0 -1 0 0 0 0 1 3034.dat
1 14 -220 -104 790 0 1 0 -1 0 0 0 0 1 3004.dat
1 15 -220 -194 660 0 1 0 0 0 -1 -1 0 0 4217.dat
1 7 -52 -204 540 0 1 0 0 0 -1 -1 0 0 6056.dat
1 14 -196 -104 790 0 1 0 -1 0 0 0 0 1 4477.dat
1 7 -196 -204 540 0 1 0 0 0 -1 -1 0 0 6056.dat
1 0 -380 -124 510 1 0 0 0 1 0 0 0 1 3702.dat
1 15 -380 -124 420 1 0 0 0 1 0 0 0 1 3003.dat
1 15 -380 -124 480 0 0 -1 0 1 0 1 0 0 6232.dat
1 7 -380 -130 480 0 -1 0 1 0 0 0 0 1 4519.dat
1 15 -390 -148 510 0 0 1 0 1 0 -1 0 0 4286.dat
1 15 -370 -148 510 0 0 -1 0 1 0 1 0 0 4286.dat
1 15 -380 -148 430 1 0 0 0 1 0 0 0 1 3039.dat
1 15 100 -188 810 -1 0 0 0 1 0 0 0 -1 88393.dat
1 15 110 -188 740 0 0 1 0 1 0 -1 0 0 3754.dat
1 15 110 -188 620 0 0 1 0 1 0 -1 0 0 3754.dat
1 15 -220 -188 510 1 0 0 0 1 0 0 0 1 88393.dat
1 15 100 -188 510 1 0 0 0 1 0 0 0 1 88393.dat
1 0 -230 -212 810 1 0 0 0 1 0 0 0 1 3005.dat
1 0 -60 -212 810 1 0 0 0 1 0 0 0 1 2465.dat
1 0 110 -212 790 0 0 1 0 1 0 -1 0 0 3622.dat
1 0 110 -212 740 0 0 1 0 1 0 -1 0 0 3660.dat
1 0 110 -212 660 0 0 1 0 1 0 -1 0 0 3009.dat
1 0 110 -212 580 0 0 1 0 1 0 -1 0 0 3660.dat
1 0 -230 -212 510 1 0 0 0 1 0 0 0 1 3005.dat
1 0 -60 -212 510 1 0 0 0 1 0 0 0 1 2465.dat
1 0 110 -212 510 1 0 0 0 1 0 0 0 1 3005.dat
1 7 -230 -220 810 1 0 0 0 1 0 0 0 1 6141.dat
1 7 110 -220 810 1 0 0 0 1 0 0 0 1 6141.dat
1 7 -230 -220 510 1 0 0 0 1 0 0 0 1 6141.dat
1 15 -180 -236 510 1 0 0 0 1 0 0 0 1 4865.dat
1 15 60 -236 510 1 0 0 0 1 0 0 0 1 4865.dat
1 7 110 -220 510 1 0 0 0 1 0 0 0 1 6141.dat
1 0 -210 -236 660 0 0 1 0 1 0 -1 0 0 2465.dat
1 0 -110 -236 660 0 0 1 0 1 0 -1 0 0 2465.dat
1 0 -10 -236 660 0 0 1 0 1 0 -1 0 0 2465.dat
1 0 90 -236 660 0 0 1 0 1 0 -1 0 0 2465.dat
1 7 -140 -236 510 1 0 0 0 1 0 0 0 1 30526.dat
1 7 20 -236 510 1 0 0 0 1 0 0 0 1 30526.dat
1 15 -70 -226 490 0 0 -1 -1 0 0 0 1 0 64392.dat
1 15 -50 -226 490 0 0 1 1 0 0 0 1 0 64682.dat
1 1 -90 -216 410 0 1 0 -1 0 0 0 0 1 4274.dat
1 1 -30 -216 410 0 1 0 -1 0 0 0 0 1 4274.dat
1 33 -90 -211 410 1 0 0 0 1 0 0 0 1 58176.dat
1 36 -30 -211 410 1 0 0 0 1 0 0 0 1 58176.dat
1 15 -210 -252 810 0 0 1 0 1 0 -1 0 0 6091.dat
1 15 90 -252 810 0 0 -1 0 1 0 1 0 0 6091.dat
1 7 -60 -244 740 1 0 0 0 1 0 0 0 1 3027.dat
1 7 -60 -244 660 1 0 0 0 1 0 0 0 1 4282.dat
1 7 -60 -244 580 1 0 0 0 1 0 0 0 1 3027.dat
1 15 -210 -252 510 0 0 1 0 1 0 -1 0 0 6091.dat
1 15 -130 -244 510 1 0 0 0 1 0 0 0 1 63864.dat
1 15 10 -244 510 1 0 0 0 1 0 0 0 1 63864.dat
1 15 90 -252 510 0 0 -1 0 1 0 1 0 0 6091.dat
1 15 90 -252 620 0 0 -1 0 1 0 1 0 0 2540.dat
1 36 -210 -252 520 0 0 1 0 1 0 -1 0 0 3069.dat
1 33 90 -252 520 0 0 1 0 1 0 -1 0 0 3069.dat
1 7 110 -250 620 0 -0.936145 0.351613 0 0.351613 0.936145 -1 0 0 6020.dat
1 15 -210 -268 800 0 0 -1 0 1 0 1 0 0 4216.dat
1 15 90 -268 800 0 0 1 0 1 0 -1 0 0 4216.dat
1 15 -190 -268 770 0 0 1 0 1 0 -1 0 0 3622.dat
1 15 60 -268 770 0 0 1 0 1 0 -1 0 0 3002.dat
1 15 -120 -268 740 0 0 1 0 1 0 -1 0 0 48092.dat
1 15 0 -268 740 1 0 0 0 1 0 0 0 1 48092.dat
1 15 -90 -268 680 1 0 0 0 1 0 0 0 1 3002.dat
1 15 -30 -268 680 1 0 0 0 1 0 0 0 1 3002.dat
1 15 -140 -268 600 0 0 1 0 1 0 -1 0 0 48092.dat
1 15 20 -268 600 1 0 0 0 1 0 0 0 1 48092.dat
1 15 -120 -268 540 0 0 1 0 1 0 -1 0 0 62712.dat
1 15 0 -268 540 0 0 1 0 1 0 -1 0 0 62712.dat
1 1 -60 -268 530 1 0 0 0 1 0 0 0 1 3010.dat
1 0 -190 -276 550 1 0 0 0 1 0 0 0 1 3957.dat
1 0 70 -276 550 1 0 0 0 1 0 0 0 1 3957.dat
1 8 -130 -276 530 1 0 0 0 1 0 0 0 1 3623.dat
1 1 -80 -276 530 1 0 0 0 1 0 0 0 1 44728.dat
1 1 -40 -276 530 1 0 0 0 1 0 0 0 1 44728.dat
1 8 10 -276 530 1 0 0 0 1 0 0 0 1 3623.dat
1 15 -60 -256 508 1 0 0 0 0 -1 0 1 0 87079.dat
1 8 -90 -284 530 -1 0 0 0 1 0 0 0 -1 4085.dat
1 8 -70 -284 530 -1 0 0 0 1 0 0 0 -1 4085.dat
1 8 -50 -284 530 -1 0 0 0 1 0 0 0 -1 4085.dat
1 8 -30 -284 530 -1 0 0 0 1 0 0 0 -1 4085.dat
1 15 -190 -284 550 1 0 0 0 -1 0 0 0 -1 4740.dat
1 15 70 -284 550 1 0 0 0 -1 0 0 0 -1 4740.dat
1 15 -190 -300 550 1 0 0 0 1 0 0 0 1 4740.dat
1 15 70 -300 550 1 0 0 0 1 0 0 0 1 4740.dat
1 15 -190 -312 550 1 0 0 0 -1 0 0 0 -1 4740.dat
1 15 70 -312 550 1 0 0 0 -1 0 0 0 -1 4740.dat
1 15 -190 -328 550 1 0 0 0 1 0 0 0 1 4740.dat
1 15 70 -328 550 1 0 0 0 1 0 0 0 1 4740.dat
1 33 -190 -340 550 1 0 0 0 -1 0 0 0 -1 4740.dat
1 33 70 -340 550 1 0 0 0 -1 0 0 0 -1 4740.dat
1 36 -190 -356 550 1 0 0 0 1 0 0 0 1 4740.dat
1 36 70 -356 550 1 0 0 0 1 0 0 0 1 4740.dat
1 15 -150 -292 780 -1 0 0 0 1 0 0 0 -1 4532.dat
1 15 50 -292 770 0 0 1 0 1 0 -1 0 0 3622.dat
1 15 -100 -292 690 -1 0 0 0 1 0 0 0 -1 3039.dat
1 15 -60 -292 690 -1 0 0 0 1 0 0 0 -1 3039.dat
1 15 -20 -292 690 -1 0 0 0 1 0 0 0 -1 3039.dat
1 15 -174 -252 797 0 0 1 0 -1 0 1 0 0 4533.dat
1 0 -90 -280 550 0 0 1 0 1 0 -1 0 0 3962.dat
1 7 -70 -288 550 -1 0 0 0 0 1 0 1 0 86208.dat
1 7 -50 -280 550 0 0 -1 1 0 0 0 -1 0 61482.dat
1 34 -70 -308 550 -1 0 0 0 -1 0 0 0 1 6141.dat
1 8 -130 -300 790 0 0 -1 0 1 0 1 0 0 4085.dat
1 8 50 -300 790 0 0 1 0 1 0 -1 0 0 4085.dat
1 8 -130 -300 770 0 0 -1 0 1 0 1 0 0 4085.dat
1 8 50 -300 770 0 0 1 0 1 0 -1 0 0 4085.dat
1 8 50 -300 750 0 0 1 0 1 0 -1 0 0 4085.dat
1 15 -110 -300 530 0 0 1 0 1 0 -1 0 0 50950.dat
1 15 -10 -300 530 0 0 -1 0 1 0 1 0 0 50950.dat
1 7 30 -306 790 0 -1 0 0 0 1 -1 0 0 86208.dat
1 7 30 -306 770 0 -1 0 0 0 1 -1 0 0 86208.dat
1 7 30 -306 750 0 -1 0 0 0 1 -1 0 0 86208.dat
1 34 30 -326 790 -1 0 0 0 -1 0 0 0 1 6141.dat
1 36 30 -326 770 -1 0 0 0 -1 0 0 0 1 6141.dat
1 33 30 -326 750 -1 0 0 0 -1 0 0 0 1 6141.dat
1 15 50 -308 770 0 0 1 0 1 0 -1 0 0 63864.dat
1 34 -60 -316 690 1 0 0 0 1 0 0 0 1 3065.dat
1 15 -60 -332 530 1 0 0 0 1 0 0 0 1 3245a.dat
1 15 -190 -340 800 0 0 1 0 1 0 -1 0 0 3684.dat
1 15 70 -340 800 0 0 -1 0 1 0 1 0 0 3684.dat
1 15 -160 -340 780 -1 0 0 0 1 0 0 0 -1 4345.dat
1 46 -60 -340 690 1 0 0 0 1 0 0 0 1 3065.dat
1 33 -70 -332 530 0 0 1 0 1 0 -1 0 0 54200.dat
1 36 -50 -332 530 0 0 -1 0 1 0 1 0 0 54200.dat
1 2 -160 -300 780 -1 0 0 0 1 0 0 0 -1 33320.dat
1 15 -160 -340 780 -1 0 0 0 1 0 0 0 -1 4346.dat
1 36 -60 -364 690 1 0 0 0 1 0 0 0 1 3065.dat
1 15 -380 -364 480 1 0 0 0 1 0 0 0 1 58827.dat
1 15 -60 -372 690 1 0 0 0 1 0 0 0 1 2412.dat
1 0 -380 -372 480 1 0 0 0 1 0 0 0 1 3680.dat
1 15 -190 -388 790 -1 0 0 0 1 0 0 0 -1 60481.dat
1 15 70 -388 790 -1 0 0 0 1 0 0 0 -1 60481.dat
1 15 -60 -388 670 1 0 0 0 1 0 0 0 1 88393.dat
1 15 -190 -412 790 0 0 1 0 1 0 -1 0 0 60475.dat
1 15 70 -412 790 0 0 -1 0 1 0 1 0 0 60475.dat
1 15 -60 -412 670 1 0 0 0 1 0 0 0 1 30237.dat
1 0 -210 -396 790 0 0 1 0 1 0 -1 0 0 2569.dat
1 0 90 -396 790 0 0 1 0 1 0 -1 0 0 2569.dat
1 0 -60 -396 650 0 0 1 0 1 0 -1 0 0 2569.dat
1 0 -60 -468 790 1 0 0 0 1 0 0 0 1 3666.dat
1 0 -100 -476 790 1 0 0 0 1 0 0 0 1 3023.dat
1 0 -20 -476 790 1 0 0 0 1 0 0 0 1 3023.dat
1 0 -60 -476 770 0 0 1 0 1 0 -1 0 0 3021.dat
1 15 -100 -492 790 0 0 1 0 1 0 -1 0 0 6060.dat
1 0 -60 -484 790 1 0 0 0 1 0 0 0 1 3023.dat
1 15 -20 -492 790 0 0 -1 0 1 0 1 0 0 6060.dat
1 33 -100 -484 760 0 0 1 0 1 0 -1 0 0 6002.dat
1 15 -70 -492 760 1 0 0 0 1 0 0 0 1 6060.dat
1 15 -50 -492 760 1 0 0 0 1 0 0 0 1 6060.dat
1 33 -20 -484 760 1 0 0 0 1 0 0 0 1 6002.dat
1 36 -110 -484 790 -1 0 0 0 1 0 0 0 -1 54200.dat
1 36 -10 -484 790 -1 0 0 0 1 0 0 0 -1 54200.dat
1 15 -60 -492 780 1 0 0 0 1 0 0 0 1 87079.dat
1 15 -60 -492 750 1 0 0 0 1 0 0 0 1 3794.dat
1 0 -192 -104 540 0 -0.965926 0.258819 1 0 0 0 0.258819 0.965926 4218.dat
1 14 -172 -104 540 0 -1 0 1 0 0 0 0 1 4218.dat
1 0 -152 -104 540 0 -1 0 1 0 0 0 0 1 4218.dat
1 14 -132 -104 540 0 -1 0 1 0 0 0 0 1 4218.dat
1 0 -112 -104 540 0 -1 0 1 0 0 0 0 1 4218.dat
1 14 -92 -104 540 0 -1 0 1 0 0 0 0 1 4218.dat
1 0 -72 -104 540 0 -1 0 1 0 0 0 0 1 4218.dat
1 14 -52 -104 540 0 -1 0 1 0 0 0 0 1 4218.dat
1 0 -32 -104 540 0 -1 0 1 0 0 0 0 1 4218.dat
1 14 -12 -104 540 0 -1 0 1 0 0 0 0 1 4218.dat
1 0 8 -104 540 0 -1 0 1 0 0 0 0 1 4218.dat
1 14 28 -104 540 0 -1 0 1 0 0 0 0 1 4218.dat
1 0 48 -104 540 0 -1 0 1 0 0 0 0 1 4218.dat
1 14 68 -104 540 0 -1 0 1 0 0 0 0 1 4218.dat
1 15 88 -104 540 0 -1 0 1 0 0 0 0 1 4219.dat
1 8 -130 -268.82 475.84 0.146 0.924 -0.354 0.924 0 0.383 0.354 -0.383 -0.854 50923.dat
1 47 -119.308 -260.394 449.392 0.146 -0.354 -0.924 0.924 0.383 0 0.354 -0.854 0.383 6141.dat
1 0 -111.52 -268.82 468.18 0.146 -0.924 0.354 0.924 0 -0.383 0.354 0.383 0.854 4349.dat
1 4 -146.32 -261.16 462.59 0.924 0.146 0.354 0 0.924 -0.383 -0.383 0.354 0.854 32062.dat
1 0 -155.56 -261.16 466.42 -0.354 0.146 0.924 0.383 0.924 0 -0.854 0.354 -0.383 32138.dat
1 0 -167.64 -258.91 437.26 -0.354 -0.146 -0.924 0.383 -0.924 0 -0.854 -0.354 0.383 62462.dat
1 1 -174.72 -251.25 420.18 -0.354 0.146 0.924 0.383 0.924 0 -0.854 0.354 -0.383 4274.dat
1 34 -183.216 -242.058 399.684 0.924 0.354 -0.146 0 -0.383 -0.924 -0.383 0.854 -0.354 4589.dat
1 8 10 -268.82 475.84 -0.146 0.924 0.354 0.924 0 0.383 0.354 0.383 -0.854 50923.dat
1 47 -0.692 -260.394 449.392 0.146 0.354 0.924 -0.924 0.383 0 -0.354 -0.854 0.383 6141.dat
1 0 -8.48 -268.82 468.18 0.146 0.924 -0.354 -0.924 0 -0.383 -0.354 0.383 0.854 4349.dat
1 4 26.32 -261.16 462.59 0.924 -0.146 -0.354 0 0.924 -0.383 0.383 0.354 0.854 32062.dat
1 0 35.56 -261.16 466.42 0.354 -0.146 0.924 0.383 0.924 0 -0.854 0.354 0.383 32138.dat
1 0 47.64 -258.91 437.26 0.354 0.146 -0.924 0.383 -0.924 0 -0.854 -0.354 -0.383 62462.dat
1 1 54.72 -251.25 420.18 0.354 -0.146 0.924 0.383 0.924 0 -0.854 0.354 0.383 4274.dat
1 34 63.216 -242.058 399.684 0.924 -0.354 0.146 0 -0.383 -0.924 0.383 0.854 -0.354 4589.dat
1 41 -148.052 -280.3093 782.8253 0 0.866025 -0.5 -0.383 0.462 0.800207 0.924 0.1915 0.331688 53454.dat
1 8 -130 -263 790 0 0 1 0.383 0.924 0 -0.924 0.383 0 30132.dat
1 7 -380 -372 480 0.707 0 -0.707 0 1 0 0.707 0 0.707 3679.dat
1 7 -378.586 -380 478.586 -0.707 0 0.707 0 1 0 -0.707 0 -0.707 3956.dat
1 15 -404.038 -420 504.038 0 0.707 0.707 -1 0 0 0 -0.707 0.707 87079.dat
1 0 -412.522 -440 484.242 0 0.707 0.707 -1 0 0 0 -0.707 0.707 90201.dat
1 0 -384.242 -440 512.522 0 0.707 -0.707 1 0 0 0 -0.707 -0.707 90201.dat
1 0 -392.726 -420 492.726 0 0.707 0.707 -1 0 0 0 -0.707 0.707 3001.dat
1 15 -375.758 -440 475.758 0 0.707 0.707 -1 0 0 0 -0.707 0.707 4285.dat
1 36 -370.102 -440 470.102 0.707 0.707 0 0 0 1 0.707 -0.707 0 4740.dat
1 36 -364.446 -440 464.446 0.707 0.707 0 0 0 1 0.707 -0.707 0 3062.dat
1 15 -490 -90 300 0 -1 0 0 0 -1 1 0 0 6046.dat
1 15 -490 -170 320 -1 0 0 0 0 -1 0 -1 0 2335.dat
1 7 -490 -150 220 0 0.573576 0.819152 0 -0.819152 0.573576 1 0 0 30377.dat
1 7 -490 -150 380 0 0.573576 0.819152 0 -0.819152 0.573576 1 0 0 30377.dat
1 36 -478.029 -188.381 260 -1 0 0 0 0 -1 0 -1 0 30374.dat
1 36 -478.029 -188.381 420 -1 0 0 0 0 -1 0 -1 0 30374.dat
1 7 -110 -320 790 0 0 1 -1 0 0 0 -1 0 61184.dat
1 16 -110 -344 790 1 0 0 0 1 0 0 0 1 4589.dat
1 0 -110 -310 790 0.707107 0 -0.707107 0 1 0 0.707107 0 0.707107 85940.dat
