0 Main
0 Name: 3682-1 - Fire Station.mpd
0 Author: LTRON
1 4 -260 -168 -300 1 0 0 0 1 0 0 0 1 3890.dat
1 4 -300 -168 -220 0 0 -1 0 1 0 1 0 0 2042.dat
1 4 -290 -24 -150 1 0 0 0 1 0 0 0 1 3622.dat
1 4 -290 -48 -150 1 0 0 0 1 0 0 0 1 3622.dat
1 4 -280 -56 -100 0 0 1 0 1 0 -1 0 0 3032.dat
1 4 -290 -48 -50 1 0 0 0 1 0 0 0 1 3622.dat
1 4 -290 -24 -50 1 0 0 0 1 0 0 0 1 3622.dat
1 4 -300 -80 -150 1 0 0 0 1 0 0 0 1 3004.dat
1 4 -300 -80 -50 1 0 0 0 1 0 0 0 1 3004.dat
1 4 -300 -104 -50 1 0 0 0 1 0 0 0 1 3004.dat
1 4 -300 -104 -150 1 0 0 0 1 0 0 0 1 3004.dat
1 4 -300 -112 -100 0 0 1 0 1 0 -1 0 0 3795.dat
1 4 -300 -136 -150 1 0 0 0 1 0 0 0 1 3004.dat
1 4 -300 -136 -50 1 0 0 0 1 0 0 0 1 3004.dat
1 4 -20 -168 -300 1 0 0 0 1 0 0 0 1 3890.dat
1 14 33 -83 -171 0 0 -1 0 1 0 1 0 0 4072.dat
1 4 20 -168 -220 0 0 -1 0 1 0 1 0 0 4071.dat
1 4 -300 -192 -200 0 0 -1 0 1 0 1 0 0 3001.dat
1 4 -300 -192 -280 0 0 -1 0 1 0 1 0 0 3001.dat
1 4 20 -192 -200 0 0 -1 0 1 0 1 0 0 3001.dat
1 4 20 -192 -280 0 0 -1 0 1 0 1 0 0 3001.dat
1 4 -250 -192 -300 1 0 0 0 1 0 0 0 1 3002.dat
1 4 -30 -192 -300 1 0 0 0 1 0 0 0 1 3002.dat
1 4 -140 -216 -290 1 0 0 0 1 0 0 0 1 3308.dat
1 4 -140 -216 -310 1 0 0 0 1 0 0 0 1 3308.dat
1 4 -300 -216 -180 1 0 0 0 1 0 0 0 1 3003.dat
1 4 -300 -216 -300 1 0 0 0 1 0 0 0 1 3003.dat
1 4 20 -216 -300 1 0 0 0 1 0 0 0 1 3003.dat
1 4 20 -216 -180 1 0 0 0 1 0 0 0 1 3003.dat
1 0 -300 -224 -300 1 0 0 0 1 0 0 0 1 3957.dat
1 0 20 -224 -300 1 0 0 0 1 0 0 0 1 3957.dat
1 1 -300 -302 -300 0.866 0 0.5 0 1 0 -0.5 0 0.866 4495.dat
1 1 20 -303 -300 0.866 0 0.5 0 1 0 -0.5 0 0.866 4495.dat
1 4 -200 -216 -300 0 0 1 0 1 0 -1 0 0 4320.dat
1 4 -80 -216 -300 0 0 -1 0 1 0 1 0 0 4320.dat
1 4 140 -168 220 0 0 -1 0 1 0 1 0 0 3890.dat
1 4 100 -168 300 -1 0 0 0 1 0 0 0 -1 3890.dat
1 14 150 -48 100 0 0 -1 0 1 0 1 0 0 2040.dat
1 4 100 -168 20 -1 0 0 0 1 0 0 0 -1 3890.dat
1 4 220 -168 20 -1 0 0 0 1 0 0 0 -1 3890.dat
1 4 100 -168 -140 1 0 0 0 1 0 0 0 1 3890.dat
1 4 220 -168 -140 1 0 0 0 1 0 0 0 1 3890.dat
1 4 100 -176 -140 1 0 0 0 1 0 0 0 1 3795.dat
1 4 220 -176 -140 1 0 0 0 1 0 0 0 1 3795.dat
1 4 220 -176 20 1 0 0 0 1 0 0 0 1 3795.dat
1 4 100 -176 160 0 0 1 0 1 0 -1 0 0 3027.dat
1 4 60 -200 -140 1 0 0 0 1 0 0 0 1 3003.dat
1 4 110 -200 -140 1 0 0 0 1 0 0 0 1 3002.dat
1 4 160 -200 -140 1 0 0 0 1 0 0 0 1 3003.dat
1 4 210 -200 -140 1 0 0 0 1 0 0 0 1 3002.dat
1 4 260 -200 -150 1 0 0 0 1 0 0 0 1 3004.dat
1 4 60 -200 20 -1 0 0 0 1 0 0 0 -1 3003.dat
1 4 110 -200 20 -1 0 0 0 1 0 0 0 -1 3002.dat
1 4 160 -200 20 -1 0 0 0 1 0 0 0 -1 3003.dat
1 4 210 -200 20 -1 0 0 0 1 0 0 0 -1 3002.dat
1 4 260 -200 30 -1 0 0 0 1 0 0 0 -1 3004.dat
1 14 100 -200 60 1 0 0 0 1 0 0 0 1 3001.dat
1 4 60 -224 -140 1 0 0 0 1 0 0 0 1 3003.dat
1 4 120 -224 -140 1 0 0 0 1 0 0 0 1 3001.dat
1 4 200 -224 -140 1 0 0 0 1 0 0 0 1 3001.dat
1 4 260 -224 -150 1 0 0 0 1 0 0 0 1 3004.dat
1 4 60 -224 20 -1 0 0 0 1 0 0 0 -1 3003.dat
1 4 120 -224 20 -1 0 0 0 1 0 0 0 -1 3001.dat
1 4 200 -224 20 -1 0 0 0 1 0 0 0 -1 3001.dat
1 4 260 -224 30 -1 0 0 0 1 0 0 0 -1 3004.dat
1 4 250 -224 -60 0 0 1 0 1 0 -1 0 0 3308.dat
1 4 270 -224 -60 0 0 1 0 1 0 -1 0 0 3308.dat
1 4 100 -232 -60 0 0 1 0 1 0 -1 0 0 3033.dat
1 4 220 -232 -60 0 0 1 0 1 0 -1 0 0 3033.dat
1 4 160 -256 -150 1 0 0 0 1 0 0 0 1 3004.dat
1 14 100 -256 -150 1 0 0 0 1 0 0 0 1 3633.dat
1 14 50 -256 -120 0 0 -1 0 1 0 1 0 0 3633.dat
1 14 50 -256 0 0 0 -1 0 1 0 1 0 0 3633.dat
1 4 50 -256 -60 0 0 1 0 1 0 -1 0 0 3004.dat
1 4 160 -256 30 1 0 0 0 1 0 0 0 1 3004.dat
1 4 50 -200 300 0 0 1 0 1 0 -1 0 0 3004.dat
1 4 150 -200 300 0 0 1 0 1 0 -1 0 0 3004.dat
1 14 100 -200 310 -1 0 0 0 1 0 0 0 -1 3633.dat
1 14 150 -200 120 0 0 -1 0 1 0 1 0 0 3633.dat
1 4 150 -200 180 0 0 1 0 1 0 -1 0 0 3004.dat
1 4 50 -200 180 0 0 1 0 1 0 -1 0 0 3004.dat
1 14 50 -200 120 0 0 1 0 1 0 -1 0 0 3633.dat
1 4 -310 0 240 0 0 1 0 1 0 -1 0 0 4876.dat
1 14 220 0 310 0 0 -1 0 1 0 1 0 0 2046.dat
1 15 220 -36 -220 1 0 0 0 1 0 0 0 1 2041.dat
1 2 182 4 403 0.438 0 -0.899 0 1 0 0.899 0 0.438 u9213.dat
1 450 180 -236 -100 0 0 1 0 1 0 -1 0 0 4336.dat
1 4 200 -256 -20 -1 0 0 0 1 0 0 0 -1 3001.dat
1 14 200 -264 -20 -1 0 0 0 1 0 0 0 -1 3031.dat
1 4 190 -264 -40 0 0 1 0 1 0 -1 0 0 4610.dat
1 1 170 -288 10 -1 0 0 0 1 0 0 0 -1 6264.dat
1 450 100 -256 -20 -0.978 0 0.208 0 1 0 -0.208 0 -0.978 4222a.dat
1 450 -180 -24 -100 0.358 0 0.934 0 1 0 -0.934 0 0.358 4222a.dat
1 450 -180 -24 60 -0.829 0 -0.559 0 1 0 0.559 0 -0.829 4222a.dat
1 450 -100 -48 120 1 0 0 0 1 0 0 0 1 4223.dat
1 1 -130 -72 100 -0.961 0 -0.276 0 1 0 0.276 0 -0.961 6264.dat
1 4 -20 -24 30 -1 0 0 0 1 0 0 0 -1 3010.dat
1 4 -20 -48 30 -1 0 0 0 1 0 0 0 -1 3004.dat
1 4 -20 -72 30 -1 0 0 0 1 0 0 0 -1 3009.dat
1 4 -20 -96 30 -1 0 0 0 1 0 0 0 -1 3009.dat
1 4 -20 -120 30 -1 0 0 0 1 0 0 0 -1 3009.dat
1 4 -20 -144 30 -1 0 0 0 1 0 0 0 -1 3009.dat
1 15 -300 -132 -116 -1 0 0 0 0 -1 0 -1 0 3068.dat
1 15 -300 -132 -75 -1 0 0 0 0 -1 0 -1 0 3068.dat
1 450 101.5924 -295.776 -27.4876 -0.913636 -0.025376 0.405392 0.025 0.993 0.119 -0.404892 0.119316 -0.906374 u9142.dat
1 4 100.832 -266 -23.912 -0.978 -0.025376 0.206544 0 0.993 0.122 -0.208 0.119316 -0.971154 u9102.dat
1 4 78.9972 -291.806 -31.7953 -0.978 -0.163904 0.128128 0 0.616 0.788 -0.208 0.770664 -0.602448 u9101.dat
1 4 123.9852 -291.806 -22.2273 0.978 -0.206544 0.025376 0 -0.122 -0.992 0.208 0.971154 -0.119316 u9101.dat
1 0 110.6071 -266 -21.833 -0.978 -0.208 0 0 0 1 -0.208 0.978 0 u9100.dat
1 0 91.052 -266 -25.992 -0.978 -0.208 0 0 0 1 -0.208 0.978 0 u9100.dat
1 4 100.832 -266 -23.912 -0.978 -0.025376 0.206544 0 0.993 0.122 -0.208 0.119316 -0.971154 u9103.dat
1 15 -100.25 -66.708 -39.9262 -0.473875 0.139 0.869395 0.067 0.99 -0.122 -0.87836 0.000973 -0.478938 u9142.dat
1 4 -96.075 -37 -39.897 0.007 0.139 0.99 0 0.99 -0.139 -1 0.000973 0.00693 u9102.dat
1 4 -99.533 -62.747 -62.9223 0.007 -0.656 0.755 0 0.755 0.656 -1 -0.004592 0.005285 u9101.dat
1 4 -99.855 -62.747 -16.9223 -0.007 0.616 -0.788 0 0.788 0.616 1 0.004312 -0.005516 u9101.dat
1 0 -96.145 -37 -29.897 0.007 0 1 0 1 0 -1 0 0.007 u9100.dat
1 0 -96.005 -37 -49.897 0.007 -0.809 0.588 0 0.588 0.809 -1 -0.005663 0.004116 u9100.dat
1 4 -96.075 -37 -39.897 0.007 0.139 0.99 0 0.99 -0.139 -1 0.000973 0.00693 u9103.dat
