0 Main
0 Name: 6765-1 - Gold City Junction.mpd
0 Author: LTRON
1 0 270 -24 340 0 0 -1 0 1 0 1 0 0 3004.dat
1 0 270 -24 240 0 0 -1 0 1 0 1 0 0 3004.dat
1 0 380 -24 350 1 0 0 0 1 0 0 0 1 3004.dat
1 0 490 -24 340 0 0 -1 0 1 0 1 0 0 3004.dat
1 0 490 -24 240 0 0 -1 0 1 0 1 0 0 3004.dat
1 0 380 -24 240 0 0 -1 0 1 0 1 0 0 3003.dat
1 0 270 -24 140 0 0 -1 0 1 0 1 0 0 3004.dat
1 0 490 -24 140 0 0 -1 0 1 0 1 0 0 3004.dat
1 0 380 -24 120 -1 0 0 0 1 0 0 0 -1 3001.dat
1 7 380 -32 180 -1 0 0 0 1 0 0 0 -1 3028.dat
1 7 380 -32 300 -1 0 0 0 1 0 0 0 -1 3028.dat
1 6 260 -56 350 1 0 0 0 1 0 0 0 1 30136.dat
1 6 500 -56 350 1 0 0 0 1 0 0 0 1 30136.dat
1 6 500 -56 250 1 0 0 0 1 0 0 0 1 30136.dat
1 6 260 -56 250 1 0 0 0 1 0 0 0 1 30136.dat
1 6 380 -56 250 1 0 0 0 1 0 0 0 1 30136.dat
1 15 290 -56 300 0 0 -1 0 1 0 1 0 0 3010.dat
1 0 290 -64 330 0 0 -1 0 1 0 1 0 0 60897.dat
1 0 290 -64 310 0 0 -1 0 1 0 1 0 0 60897.dat
1 0 290 -64 290 0 0 -1 0 1 0 1 0 0 60897.dat
1 0 290 -64 270 0 0 -1 0 1 0 1 0 0 60897.dat
1 15 290 -88 300 0 0 -1 0 1 0 1 0 0 3010.dat
1 15 290 -96 320 0 0 -1 0 1 0 1 0 0 3069.dat
1 15 290 -96 280 0 0 -1 0 1 0 1 0 0 3069.dat
1 8 320 -109 270 0 1 0 0 0 -1 -1 0 0 30141.dat
1 8 320 -109 290 0 1 0 0 0 -1 -1 0 0 30141.dat
1 8 317 -81 330 0 0.866 -0.5 0 -0.5 -0.866 -1 0 0 30132.dat
1 0 310 -71 309 0 0 -1 0 1 0 1 0 0 3835.dat
1 15 390 -80 300 0 0 -1 0 1 0 1 0 0 30055.dat
1 6 420 -72 340 0 0 -1 0 1 0 1 0 0 2489.dat
1 6 380 -80 250 1 0 0 0 1 0 0 0 1 30136.dat
1 6 380 -104 250 1 0 0 0 1 0 0 0 1 30136.dat
1 6 380 -128 250 1 0 0 0 1 0 0 0 1 30136.dat
1 6 380 -152 250 1 0 0 0 1 0 0 0 1 30136.dat
1 2 390 -88 320 0 0 -1 0 1 0 1 0 0 3069.dat
1 6 280 -176 300 0 0 1 0 1 0 -1 0 0 30140.dat
1 6 480 -176 300 0 0 -1 0 1 0 1 0 0 30140.dat
1 2 470 -152 250 -0.643 0 -0.766 0 1 0 0.766 0 -0.643 3861.dat
1 2 320 -152 250 1 0 0 0 1 0 0 0 1 2493.dat
1 47 320 -152 250 1 0 0 0 1 0 0 0 1 2494.dat
1 15 460 -80 130 -1 0 0 0 1 0 0 0 -1 30055.dat
1 15 300 -80 130 -1 0 0 0 1 0 0 0 -1 30055.dat
1 6 280 -72 220 -1 0 0 0 1 0 0 0 -1 2489.dat
1 15 270 -128 130 -1 0 0 0 1 0 0 0 -1 3062.dat
1 15 270 -104 130 -1 0 0 0 1 0 0 0 -1 3062.dat
1 15 270 -152 130 -1 0 0 0 1 0 0 0 -1 3062.dat
1 15 270 -176 130 -1 0 0 0 1 0 0 0 -1 3062.dat
1 15 490 -176 130 -1 0 0 0 1 0 0 0 -1 3062.dat
1 15 490 -104 130 -1 0 0 0 1 0 0 0 -1 3062.dat
1 15 490 -128 130 -1 0 0 0 1 0 0 0 -1 3062.dat
1 15 490 -152 130 -1 0 0 0 1 0 0 0 -1 3062.dat
1 6 260 -176 350 1 0 0 0 1 0 0 0 1 30136.dat
1 6 500 -176 350 1 0 0 0 1 0 0 0 1 30136.dat
1 6 380 -176 250 -1 0 0 0 1 0 0 0 -1 6112.dat
1 6 270 -200 240 0 0 -1 0 1 0 1 0 0 6112.dat
1 6 490 -200 240 0 0 -1 0 1 0 1 0 0 6112.dat
1 0 380 -200 250 -1 0 0 0 1 0 0 0 -1 6111.dat
1 0 380 -208 300 -1 0 0 0 1 0 0 0 -1 3028.dat
1 0 380 -232 250 -1 0 0 0 1 0 0 0 -1 6111.dat
1 0 270 -232 260 0 0 -1 0 1 0 1 0 0 3004.dat
1 0 490 -232 260 0 0 -1 0 1 0 1 0 0 3004.dat
1 0 380 -233.688 199.852 1 0 0 0 0.985 -0.174 0 0.174 0.985 4213.dat
1 0 300 -233.688 199.852 1 0 0 0 0.985 -0.174 0 0.174 0.985 4213.dat
1 0 460 -233.688 199.852 1 0 0 0 0.985 -0.174 0 0.174 0.985 4213.dat
1 0 380 -215.391 142.153 1 0 0 0 0.985 -0.174 0 0.174 0.985 3029.dat
1 0 300 -240 250 1 0 0 0 1 0 0 0 1 4315.dat
1 0 380 -240 250 1 0 0 0 1 0 0 0 1 4315.dat
1 0 460 -240 250 1 0 0 0 1 0 0 0 1 4315.dat
1 6 300 -264 250 1 0 0 0 1 0 0 0 1 30137.dat
1 6 380 -264 250 1 0 0 0 1 0 0 0 1 30137.dat
1 6 460 -264 250 1 0 0 0 1 0 0 0 1 30137.dat
1 4 380 -288 250 1 0 0 0 1 0 0 0 1 3009.dat
1 4 380 -312 250 1 0 0 0 1 0 0 0 1 3009.dat
1 6 270 -288 250 1 0 0 0 1 0 0 0 1 3005.dat
1 6 490 -288 250 1 0 0 0 1 0 0 0 1 3005.dat
1 6 270 -312 250 1 0 0 0 1 0 0 0 1 3005.dat
1 6 490 -312 250 1 0 0 0 1 0 0 0 1 3005.dat
1 4 470 -312 250 1 0 0 0 1 0 0 0 1 3581.dat
1 4 470 -312 238 0 0 1 0 1 0 -1 0 0 3582.dat
1 4 290 -312 250 1 0 0 0 1 0 0 0 1 3581.dat
1 4 290 -312 238 0 0 -1 0 1 0 1 0 0 3582.dat
1 6 300 -336 250 1 0 0 0 1 0 0 0 1 30137.dat
1 6 380 -336 250 1 0 0 0 1 0 0 0 1 30137.dat
1 6 460 -336 250 1 0 0 0 1 0 0 0 1 30137.dat
1 8 271 -77 220 -0.231 0.454 -0.861 0.118 0.891 0.439 0.966 0 -0.259 3841.dat
1 0 282 -90 225 -0.803 0.483 -0.349 -0.25 0.259 0.933 0.541 0.837 -0.087 4528.dat
1 8 270 -336 250 0 0 -1 0 1 0 1 0 0 2546.dat
1 8 491 -72 218 0.899 0.436 0.046 0 -0.105 0.995 0.438 -0.894 -0.094 30141.dat
1 8 507 -46.01 280 -0.028 -0.133 -0.99 -0.002 -0.991 0.133 -1 0.006 0.028 3837.dat
