0 Main
0 Name: 3676-1 - Catherine Cat's Fun Park.mpd
0 Author: LTRON
1 14 74.5 -84 228 0 0 -1 0 1 0 1 0 0 4072.dat
1 1 60 -168 180 0 0 -1 0 1 0 1 0 0 4071.dat
1 1 0 -24 130 1 0 0 0 1 0 0 0 1 3010.dat
1 1 0 -48 130 1 0 0 0 1 0 0 0 1 3010.dat
1 14 0 -56 120 1 0 0 0 1 0 0 0 1 3020.dat
1 1 -60 -168 180 0 0 1 0 1 0 -1 0 0 3890.dat
1 14 -190 -48 180 0 0 1 0 1 0 -1 0 0 2040.dat
1 14 -180 -168 180 0 0 1 0 1 0 -1 0 0 2145.dat
1 4 -60 -176 180 -1 0 0 0 1 0 0 0 -1 3456.dat
1 14 -120 0 -230 1 0 0 0 1 0 0 0 1 4876.dat
1 14 -310 0 180 0 0 1 0 1 0 -1 0 0 4784.dat
1 15 70 -224 180 0 0 1 0 1 0 -1 0 0 2040.dat
1 15 0 -224 130 -1 0 0 0 1 0 0 0 -1 2040.dat
1 15 0 -224 230 -1 0 0 0 1 0 0 0 -1 2040.dat
1 15 -120 -224 230 -1 0 0 0 1 0 0 0 -1 2040.dat
1 15 0 -344 140 1 0 0 0 1 0 0 0 1 2145.dat
1 15 0 -344 220 -1 0 0 0 1 0 0 0 -1 2145.dat
1 15 0 -352 180 1 0 0 0 1 0 0 0 1 3958.dat
1 1 40 -352 180 1 0 0 0 1 0 0 0 1 787.dat
1 1 -40 -352 180 1 0 0 0 1 0 0 0 1 787.dat
1 1 280 -24 20 1 0 0 0 1 0 0 0 1 3003.dat
1 1 280 -48 20 1 0 0 0 1 0 0 0 1 3003.dat
1 14 280 -56 20 1 0 0 0 1 0 0 0 1 3031.dat
1 15 240 -36 120 1 0 0 0 1 0 0 0 1 2041.dat
1 4 -240 -152 -160 1 0 0 0 0.8746 0.4848 0 -0.4848 0.8746 2045.dat
1 14 -240 -8 -160 1 0 0 0 1 0 0 0 1 2044.dat
1 4 60 -8 -180 1 0 0 0 1 0 0 0 1 4875.dat
1 4 60 -64 -180 0.866 0 -0.5 0 1 0 0.5 0 0.866 4874.dat
1 4 60 -64 -180 1 0 0 0 1 0 0 0 1 4095.dat
1 4 60 -189 -180 1 0 0 0 1 0 0 0 1 4094a.dat
1 1 30 -80 110 0.866 0 -0.5 0 1 0 0.5 0 0.866 3899.dat
1 2 -270 -24 70 0.866 0 -0.5 0 1 0 0.5 0 0.866 4727.dat
1 4 -270 -48 70 0.866 0 -0.5 0 1 0 0.5 0 0.866 4728.dat
1 2 290 -24 -170 0.7071 0 -0.7071 0 1 0 0.7071 0 0.7071 4727.dat
1 15 290 -48 -170 0.7071 0 -0.7071 0 1 0 0.7071 0 0.7071 4728.dat
1 2 270 -24 -210 0.866 0 -0.5 0 1 0 0.5 0 0.866 4727.dat
1 14 270 -48 -210 0.866 0 -0.5 0 1 0 0.5 0 0.866 4728.dat
1 15 240 -8 -40 0 0 -1 0 1 0 1 0 0 3068.dat
1 15 200 -8 -60 0 0 -1 0 1 0 1 0 0 3068.dat
1 15 200 -8 -20 0 0 -1 0 1 0 1 0 0 3068.dat
1 15 160 -8 -40 0 0 -1 0 1 0 1 0 0 3068.dat
1 15 120 -8 -40 0 0 -1 0 1 0 1 0 0 3068.dat
1 15 -40 -20 -85 0 0 -1 -1 0 0 0 1 0 3068.dat
1 4 -240 -36.1891 -194.4679 1 0 0 0 0.8746 0.4848 0 -0.4848 0.8746 u9103.dat
1 7 -230 -36.1891 -194.4679 1 0 0 0 -0.4848 0.8746 0 -0.8746 -0.4848 u9100.dat
1 7 -250 -36.1891 -194.4679 1 0 0 0 -0.4848 0.8746 0 -0.8746 -0.4848 u9100.dat
1 4 -263 -58.9287 -181.8631 -1 0 0 0 -0.4848 -0.8746 0 -0.8746 0.4848 u9101.dat
1 4 -217 -58.9287 -181.8631 1 0 0 0 -0.4848 0.8746 0 -0.8746 -0.4848 u9101.dat
1 4 -240 -36.1891 -194.4679 1 0 0 0 0.8746 0.4848 0 -0.4848 0.8746 u9102.dat
1 7 -240 -62.4271 -179.9239 0.9563 0.0255 -0.2913 0.141756 0.830893 0.538134 0.255733 -0.555812 0.790957 u588.dat
1 4 -18.8082 -26 -225.5 -0.5 0 -0.866 0 1 0 0.866 0 -0.5 u9103.dat
1 14 -23.8082 -26 -216.84 -0.5 0.866 0 0 0 1 0.866 0.5 0 u9100.dat
1 14 -13.8082 -26 -234.16 -0.5 0.866 0 0 0 1 0.866 0.5 0 u9100.dat
1 14 -7.3082 -52 -245.418 0.5 0.749956 0.433 0 0.5 -0.866 -0.866 0.433 0.25 u9101.dat
1 14 -30.3082 -52 -205.582 -0.5 0.836469 0.224121 0 -0.2588 0.9659 0.866 0.48295 0.1294 u9101.dat
1 15 -18.8082 -26 -225.5 -0.5 0 -0.866 0 1 0 0.866 0 -0.5 u9102.dat
1 19 -18.8082 -56 -225.5 0 0 -0.999956 0 1 0 0.999956 0 0 u9106.dat
1 4 -120 -159.632 17.573 1 0 0 0 0.9976 0.0698 0 -0.0698 0.9976 u9103.dat
1 4 -110 -159.632 17.573 1 0 0 0 0.656047 0.754759 0 -0.754759 0.656047 u9100.dat
1 4 -130 -159.632 17.573 1 0 0 0 0.656047 0.754759 0 -0.754759 0.656047 u9100.dat
1 4 -143 -185.5696 19.3878 -1 0 0 0 -0.559247 -0.829022 0 -0.829022 0.559247 u9101.dat
1 4 -97 -185.5696 19.3878 1 0 0 0 0.190759 0.981646 0 -0.981646 0.190759 u9101.dat
1 15 -120 -159.632 17.573 1 0 0 0 0.9976 0.0698 0 -0.0698 0.9976 u9102.dat
1 15 -120 -189.56 19.667 0.866 0 -0.5 0.0349 0.9976 0.060447 0.4988 -0.0698 0.863922 u9108.dat
1 4 304 -37 -60 0 0 1 0 1 0 -1 0 0 u9103.dat
1 14 304 -37 -70 0 0 1 0 1 0 -1 0 0 u9100.dat
1 14 304 -37 -50 0 -0.8572 0.515 0 0.515 0.8572 -1 0 0 u9100.dat
1 0 304 -63 -37 0 -0.8746 -0.4848 0 0.4848 -0.8746 1 0 0 u9101.dat
1 0 304 -63 -83 0 0.788 0.6157 0 0.6157 -0.788 -1 0 0 u9101.dat
1 0 304 -37 -60 0 0 1 0 1 0 -1 0 0 u9102.dat
1 0 304 -67 -60 0.7547 0 0.6561 0 1 0 -0.6561 0 0.7547 u586.dat
