0 Main
0 Name: 8032-1 - Universal Set.mpd
0 Author: LTRON
1 4 0 0 100 1 0 0 0 1 0 0 0 1 3795.dat
1 4 0 0 -100 1 0 0 0 1 0 0 0 1 3795.dat
1 4 0 -24 110 1 0 0 0 1 0 0 0 1 3701.dat
1 4 0 -24 -110 1 0 0 0 1 0 0 0 1 3701.dat
1 4 50 -24 0 0 0 1 0 1 0 -1 0 0 3895.dat
1 4 -50 -24 0 0 0 1 0 1 0 -1 0 0 3895.dat
1 0 60 -14 40 -1 0 0 0 1 0 0 0 -1 2780.dat
1 0 -60 -14 -20 -1 0 0 0 1 0 0 0 -1 2780.dat
1 4 -30 -32 110 -1 0 0 0 1 0 0 0 -1 3623.dat
1 4 30 -32 110 -1 0 0 0 1 0 0 0 -1 3623.dat
1 4 30 -32 -110 -1 0 0 0 1 0 0 0 -1 3623.dat
1 4 -30 -32 -110 -1 0 0 0 1 0 0 0 -1 3623.dat
1 4 50 -32 -90 -1 0 0 0 1 0 0 0 -1 3024.dat
1 4 -50 -32 -90 -1 0 0 0 1 0 0 0 -1 3024.dat
1 4 50 -32 40 0 0 1 0 1 0 -1 0 0 3023.dat
1 4 50 -40 40 0 0 1 0 1 0 -1 0 0 3023.dat
1 4 50 -64 40 0 0 1 0 1 0 -1 0 0 3700.dat
1 0 60 -54 40 1 0 0 0 1 0 0 0 1 2780.dat
1 4 -50 -32 -20 0 0 -1 0 1 0 1 0 0 3023.dat
1 4 -50 -40 -20 0 0 -1 0 1 0 1 0 0 3023.dat
1 4 -50 -64 -20 0 0 -1 0 1 0 1 0 0 3700.dat
1 0 -60 -54 -20 -1 0 0 0 1 0 0 0 -1 2780.dat
1 4 -60 -94 -6 1 0 0 0 0 -1 0 1 0 3022.dat
1 4 -70 -54 -30 0 0 1 1 0 0 0 1 0 3894.dat
1 4 -50 -94 -30 0 0 1 1 0 0 0 1 0 3700.dat
1 4 -60 -94 -38 1 0 0 0 0 -1 0 1 0 3022.dat
1 4 -50 -40 -100 0 0 -1 0 1 0 1 0 0 3023.dat
1 4 50 -40 -100 0 0 -1 0 1 0 1 0 0 3023.dat
1 7 -90 -94 -20 0 0 1 1 0 0 0 1 0 3736.dat
1 7 -100 -124 -20 1 0 0 0 -1 0 0 0 -1 3673.dat
1 0 -60 -94 -20 1 0 0 0 1 0 0 0 1 3705.dat
1 4 -50 -64 -100 0 0 1 0 1 0 -1 0 0 3700.dat
1 4 50 -64 -100 0 0 1 0 1 0 -1 0 0 3700.dat
1 0 0 -54 -100 1 0 0 0 -1 0 0 0 -1 3707.dat
1 7 -30 -94 -20 0 0 1 -1 0 0 0 -1 0 3648.dat
1 7 -20 -84 -10 -1 0 0 0 0 -1 0 -1 0 3673.dat
1 4 -10 -83.069 -71.605 0 0 -1 0.242 -0.97 0 -0.97 -0.242 0 3460.dat
1 7 -10 -65.629 -108.469 0 0 -1 0.242 -0.97 0 -0.97 -0.242 0 3743.dat
1 4 -10 -69.469 -26.997 0 0 -1 0.242 -0.97 0 -0.97 -0.242 0 3701.dat
1 7 0 -79.169 -29.417 1 0 0 0 -0.90348 -0.428884 0 0.428884 -0.90348 3749.dat
1 7 70 -54 -100 0 0 -1 0 1 0 1 0 0 3713.dat
1 7 -70 -54 -100 0 0 1 0 -1 0 1 0 0 3713.dat
1 4 60 -174.122 26.717 1 0 0 0 -0.331 -0.944 0 0.944 -0.331 3709.dat
1 4 60 -175.61 0.76 1 0 0 0 -0.331 -0.944 0 0.944 -0.331 3700.dat
1 0 60 -188.357 6.884 0 0 1 -0.944 0.331 0 -0.331 -0.944 0 3705.dat
1 7 60 -160.05 16.819 1 0 0 0 -0.331 -0.944 0 0.944 -0.331 3713.dat
1 7 60 -197.793 3.572 1 0 0 0 0.331 0.944 0 -0.944 0.331 3713.dat
1 4 30 -128.431 17.318 0 0 -1 -0.944 -0.331 0 -0.331 0.944 0 3894.dat
1 4 90 -128.431 17.318 0 0 -1 -0.944 -0.331 0 -0.331 0.944 0 3894.dat
1 7 100 -169.486 13.507 1 0 0 0 -1 0 0 0 -1 3749.dat
1 7 20 -169.486 13.507 -1 0 0 0 -0.903 0.429 0 0.429 0.903 3749.dat
1 0 60 -94 40 1 0 0 0 0 1 0 -1 0 3706.dat
1 4 60 -94 54 1 0 0 0 0 -1 0 1 0 3022.dat
1 4 50 -94 30 0 0 -1 -1 0 0 0 1 0 3700.dat
1 4 70 -54 30 0 0 -1 -1 0 0 0 1 0 3894.dat
1 4 60 -94 22 1 0 0 0 0 -1 0 1 0 3022.dat
1 4 60 -163.525 -3.477 1 0 0 0 -0.331 -0.944 0 0.944 -0.331 3709.dat
1 7 110 -94 40 0 0 -1 0 1 0 1 0 0 3713.dat
1 7 10 -94 40 0 0 1 0 1 0 -1 0 0 3713.dat
1 7 60 -218.552 -3.713 -1 0 0 0 -0.331 0.944 0 0.944 0.331 3650.dat
1 7 10 -124.324 -7.949 1 0 0 0 0.429 -0.903 0 0.903 0.429 6538.dat
1 7 10 -79.162 -29.406 1 0 0 0 -0.903 -0.429 0 0.429 -0.903 6553.dat
1 7 10 -169.486 13.507 1 0 0 0 0.903 0.429 0 -0.429 0.903 6553.dat
1 7 110 -119.4985 13.5001 1 0 0 0 0 -0.99945 0 0.99945 0 6538.dat
1 7 110 -69.5121 13.4989 1 0 0 0 -0.99945 0 0 0 -0.99945 6553.dat
1 7 110 -169.4844 13.5003 1 0 0 0 0.99945 0 0 0 0.99945 6553.dat
1 0 70 -169.486 13.507 1 0 0 0 -0.429 0.903 0 -0.903 -0.429 4519.dat
