0 FILE Clone vs Commando BP.ldr
0 Clone vs Commando BP
0 Name: Clone vs Commando BP.ldr
0 Author: LDraw
0 Unofficial Model
0 ROTATION CENTER 0 0 0 1 "Custom" 
0 ROTATION CONFIG 0 0
1 0 -330 56 195 0.382683 0 0.92388 0 1 0 -0.92388 0 0.382683 Part 1.ldr
1 0 -525 16 -105 0 0 1 0 1 0 -1 0 0 Commando Droid.ldr
1 0 -525 16 -165 0 0 1 0 1 0 -1 0 0 Commando Droid.ldr
1 0 -525 16 -15 0 0 1 0 1 0 -1 0 0 Clone 2.ldr
1 0 -525 16 65 0 0 1 0 1 0 -1 0 0 Clone 1.ldr
0
0 FILE Clone 1.ldr
0 Clone 1
0 Name: Clone 1.ldr
0 Author: LDraw
0 Unofficial Model
0 ROTATION CENTER 0 0 0 1 "Custom" 
0 ROTATION CONFIG 0 0
1 15 0 -27 0 1 0 0 0 1 0 0 0 1 30408p01.dat
1 78 0 -27 0 1 0 0 0 1 0 0 0 1 3626bp01.dat
1 71 0 0 0 -1 0 0 0 1 0 0 0 -1 42446.dat
1 72 0 20 21 0 0 1 -1 0 0 0 -1 0 2540.dat
1 0 0 10 29 0 0 1 -1 0 0 0 -1 0 4073.dat
1 0 0 30 29 0 0 1 -1 0 0 0 -1 0 3070b.dat
1 15 0 0 0 1 0 0 0 1 0 0 0 1 973.dat
1 0 0 32 0 1 0 0 0 1 0 0 0 1 3815.dat
1 15 -15.552 9 0 0.985 -0.17 0 0.17 0.985 0 0 0 1 3818.dat
1 15 15.552 9 0 0.985 0.17 0 -0.17 0.985 0 0 0 1 3819.dat
1 0 -23.8634 26.5956 -10.321 0.985 -0.12019 0.12019 0.17 0.696395 -0.696395 0 0.707 0.707 3820.dat
1 0 23.8634 26.5956 -10.321 0.985 0.12019 -0.12019 -0.17 0.696395 -0.696395 0 0.707 0.707 3820.dat
1 0 -24.6826 31.3422 -19.2547 0.985 -0.0874983 0.14567 0.17 0.506976 -0.844031 0 0.856884 0.514696 61190a.dat
1 0 24.6826 31.3422 -19.2547 0.985 0.0874983 -0.14567 -0.17 0.506976 -0.844031 0 0.856884 0.514696 61190a.dat
1 320 0 44 0 1 0 0 0 1 0 0 0 1 3816.dat
1 320 0 44 0 1 0 0 0 1 0 0 0 1 3817.dat
0
0 FILE Clone 2.ldr
0 Clone 2
0 Name: Clone 2.ldr
0 Author: LDraw
0 Unofficial Model
0 ROTATION CENTER 0 0 0 1 "Custom" 
0 ROTATION CONFIG 0 0
1 15 0 -24 0 1 0 0 0 1 0 0 0 1 30369.dat
1 78 0 -24 0 1 0 0 0 1 0 0 0 1 3626bp01.dat
1 15 0 0 0 1 0 0 0 1 0 0 0 1 973.dat
1 0 0 32 0 1 0 0 0 1 0 0 0 1 3815.dat
1 320 -15.552 9 0 0.985 -0.17 0 0.17 0.985 0 0 0 1 3818.dat
1 320 15.552 9 0 0.985 0.17 0 -0.17 0.985 0 0 0 1 3819.dat
1 0 -23.8634 26.5956 -10.321 0.985 -0.12019 0.12019 0.17 0.696395 -0.696395 0 0.707 0.707 3820.dat
1 0 23.8634 26.5956 -10.321 0.985 0.12019 -0.12019 -0.17 0.696395 -0.696395 0 0.707 0.707 3820.dat
1 0 -23.1951 22.7236 -33.8217 0.985 -0.0874983 0.14567 0.17 0.506976 -0.844031 0 0.856884 0.514696 57899.dat
1 15 0 44 0 1 0 0 0 1 0 0 0 1 3816.dat
1 15 0 44 0 1 0 0 0 1 0 0 0 1 3817.dat
0
0 FILE Commando Droid.ldr
0 Commando Droid
0 Name: Commando Droid.ldr
0 Author: LDraw
0 Unofficial Model
0 ROTATION CENTER 0 0 0 1 "Custom" 
0 ROTATION CONFIG 0 0
1 308 -4 -8 0 1 0 0 0 1 0 0 0 1 30377.dat
1 308 -36 -8 0 1 0 0 0 1 0 0 0 1 59230.dat
1 0 -36 33 0 1 0 0 0 0 -1 0 1 0 58247.dat
1 308 -20 64 0 1 0 0 0 1 0 0 0 1 30376.dat
1 308 -20 -8 0 1 0 0 0 1 0 0 0 1 30378.dat
1 308 -20 24 0 1 0 0 0 1 0 0 0 1 30375.dat
0
0 FILE Part 1.ldr
0 Part 1
0 Name: Part 1.ldr
0 Author: LDraw
0 Unofficial Model
0 ROTATION CENTER 0 0 0 1 "Custom" 
0 ROTATION CONFIG 0 0
1 47 0 8 0 -1 0 0 0 1 0 0 0 -1 6143.dat
1 320 0 0 -10 1 0 0 0 1 0 0 0 1 3023.dat
1 320 -40 -48 10 1 0 0 0 1 0 0 0 1 3023.dat
1 320 64 -22 0 0 -1 0 0 0 -1 1 0 0 3023.dat
1 320 0 0 10 1 0 0 0 1 0 0 0 1 3023.dat
1 71 0 -24 0 1 0 0 0 1 0 0 0 1 3003.dat
1 71 0 -40 0 1 0 0 0 1 0 0 0 1 3795.dat
1 71 0 -4.111 -20.665 1 0 0 0 0.92388 0.382683 0 -0.382683 0.92388 Part 2.ldr
1 72 10 -32 0 0 0 -1 0 1 0 1 0 0 44728.dat
1 71 50 -72 0 0 0 -1 0 1 0 1 0 0 44728.dat
1 71 72 -42 -10 0 -1 0 -1 0 0 0 0 -1 63864.dat
1 320 72 -42 10 0 -1 0 -1 0 0 0 0 -1 3623.dat
1 71 -10 -96 0 0 0 1 0 1 0 -1 0 0 2432.dat
1 72 -10 -32 0 0 0 1 0 1 0 -1 0 0 44728.dat
1 72 -10 -64 0 0 0 1 0 1 0 -1 0 0 3700.dat
1 72 50 -64 0 0 0 1 0 1 0 -1 0 0 3700.dat
1 0 40 -54 0 1 0 0 0 0.92388 0.382683 0 -0.382683 0.92388 2780.dat
1 0 0 -54 0 1 0 0 0 1 0 0 0 1 2780.dat
1 72 -40 -48 -10 1 0 0 0 1 0 0 0 1 2540.dat
1 72 -40 -82.356 -48.384 1 0 0 0 0.707107 0.707107 0 -0.707107 0.707107 30031.dat
1 0 -40 -56 0 1 0 0 0 1 0 0 0 1 4079.dat
1 0 -40 -46 -30 1 0 0 0 -0.707107 0.707107 0 -0.707107 -0.707107 30377.dat
1 72 -56 -22 0 0 1 0 0 0 -1 -1 0 0 3039.dat
1 0 -32 -12 -10 0 1 0 -1 0 0 0 0 1 60471.dat
1 0 -32 -12 10 0 1 0 1 0 0 0 0 -1 60471.dat
1 0 -58.284 -22 -58.284 0.707107 0 -0.707107 0 1 0 0.707107 0 0.707107 Part 3.ldr
1 0 58.284 -22 58.284 -0.707107 0 0.707107 0 1 0 -0.707107 0 -0.707107 Part 3.ldr
1 0 58.284 -22 -58.284 -0.707107 0 -0.707107 0 1 0 0.707107 0 -0.707107 Part 3.ldr
1 0 -58.284 -22 58.284 0.707107 0 0.707107 0 1 0 -0.707107 0 0.707107 Part 3.ldr
1 72 56 -22 0 0 -1 0 0 0 -1 1 0 0 3039.dat
1 0 32 -12 10 0 -1 0 -1 0 0 0 0 -1 60471.dat
1 0 32 -12 -10 0 -1 0 1 0 0 0 0 1 60471.dat
0
0 FILE Part 2.ldr
0 Part 2
0 Name: Part 2.ldr
0 Author: LDraw
0 Unofficial Model
0 ROTATION CENTER 0 0 0 1 "Custom" 
0 ROTATION CONFIG 0 0
1 0 20 -64 0 1 0 0 0 1 0 0 0 1 2817.dat
1 0 10 -128 10 0 0 1 0 1 0 -1 0 0 2921.dat
1 320 20 -72 20 0 0 -1 0 1 0 1 0 0 3020.dat
1 320 20 -104 20 0 0 -1 0 1 0 1 0 0 3020.dat
1 71 20 -128 30 -1 0 0 0 1 0 0 0 -1 3039.dat
1 71 20 -128 -10 -1 0 0 0 1 0 0 0 -1 32064b.dat
1 142 30 -128 10 -1 0 0 0 1 0 0 0 -1 4589.dat
1 142 20 -86 -40 -1 0 0 0 0 1 0 1 0 4589.dat
1 72 20 -96 50 -1 0 0 0 1 0 0 0 -1 3700.dat
1 72 20 -96 -10 -1 0 0 0 1 0 0 0 -1 3700.dat
1 72 20 -136 10 0 0 1 0 1 0 -1 0 0 3021.dat
1 72 20 -86 80 0 0 1 0 1 0 -1 0 0 87083.dat
1 72 20 -118 -53 0 0 -1 0 1 0 1 0 0 32209.dat
1 0 20 -118 -110 -1 0 0 0 1 0 0 0 -1 59443.dat
1 0 20 -118 -40 1 0 0 0 1 0 0 0 1 55982.dat
1 71 20 -118 -81 -1 0 0 0 0 1 0 1 0 92947.dat
1 71 20 -86 -20 0 0 1 0 1 0 -1 0 0 61184.dat
0
0 FILE Part 3.ldr
0 Part 3
0 Name: Part 3.ldr
0 Author: LDraw
0 Unofficial Model
0 ROTATION CENTER 0 0 0 1 "Custom" 
0 ROTATION CONFIG 0 0
1 320 0 24 0 1 0 0 0 1 0 0 0 1 3623.dat
1 71 -20 0 0 0 0 1 0 1 0 -1 0 0 60476.dat
1 71 -62.628 29.799 0 0.707107 0.707107 0 -0.707107 0.707107 0 0 0 1 60478.dat
1 72 -49.899 28.385 0 0 0.707107 0.707107 0 0.707107 -0.707107 -1 0 0 3665.dat
1 71 0 -8 0 1 0 0 0 1 0 0 0 1 63864.dat
1 0 10 0 0 1 0 0 0 1 0 0 0 1 30541.dat
0
0
