0 FILE main.ldr
0 NAME main.ldr
0 AUTHOR R Paluczak
0 ROTATION CENTER 0 0 0 1 "Custom" 
0 ROTATION CONFIG 0 0
1 2 -220 -32 178 0 0 1 0.258819 0.965926 0 -0.965926 0.258819 0 3795.dat
1 0 -222.002 -8.818 184.209 -1 0 0 0 0.965926 0.258819 0 0.258819 -0.965926 3795.dat
1 0 -220 -34.624 218.707 -1 0 0 0 0.965926 0.258819 0 0.258819 -0.965926 3941.dat
1 71 -220 -16.545 184.141 -1 0 0 0 0.965926 0.258819 0 0.258819 -0.965926 3022.dat
1 71 -272.002 -16.545 182.139 0 0 -1 -0.258819 0.965926 0 0.965926 0.258819 0 44302.dat
1 71 -172.002 -16.545 182.139 0 0 -1 -0.258819 0.965926 0 0.965926 0.258819 0 44302.dat
1 71 -220 -11.331 131.772 -1 0 0 0 0.965926 0.258819 0 0.258819 -0.965926 3700.dat
1 0 -210 -16.507 151.095 0 0 -1 -0.258819 0.965926 0 0.965926 0.258819 0 6541.dat
1 0 -233.095 -16.507 149 0 0 -1 -0.258819 0.965926 0 0.965926 0.258819 0 6541.dat
1 72 -222.002 -26.861 189.728 1 0 0 0 0.965926 -0.258819 0 0.258819 0.965926 6636.dat
1 72 -222.002 -21.684 170.409 1 0 0 0 0.965926 -0.258819 0 0.258819 0.965926 6636.dat
1 1 -200 -5.884 155.94 1 0 0 0 0.965926 -0.258819 0 0.258819 0.965926 4274.dat
1 1 -240 -5.884 155.94 -1 0 0 0 0.965926 0.258819 0 0.258819 -0.965926 4274.dat
1 1 -220 1.88 126.96 0 0 1 0.258819 0.965926 0 -0.965926 0.258819 0 4274.dat
1 0 -220 -1.092 186.284 0 0 1 0.258819 0.965926 0 -0.965926 0.258819 0 3795.dat
1 71 -222.002 -44.904 195.246 0 0 1 0.258819 0.965926 0 -0.965926 0.258819 0 3034.dat
1 72 -222.002 8.093 101.777 0 0 1 0.965926 -0.258819 0 0.258819 0.965926 0 4589.dat
1 71 -222.002 23.621 43.821 0 0 1 -0.965926 0.258819 0 -0.258819 -0.965926 0 3957a.dat
1 72 -222.002 -55.146 140.736 1 0 0 0 0.965926 -0.258819 0 0.258819 0.965926 3039.dat
1 0 -232.002 -78.437 227.672 0 0 1 0.258819 0.965926 0 -0.965926 0.258819 0 30414.dat
1 0 -212.002 -78.437 227.672 0 0 -1 -0.258819 0.965926 0 0.965926 0.258819 0 30414.dat
1 2 -222.002 -101.584 190.412 1 0 0 0 0.965926 -0.258819 0 0.258819 0.965926 2432.dat
1 2 -222.002 -117.113 248.365 1 0 0 0 0.965926 -0.258819 0 0.258819 0.965926 2432.dat
1 71 -250.002 -37.448 155.833 0 1 0 -0.965926 0 -0.258819 -0.258819 0 0.965926 subModel-1.ldr
1 71 -193.002 -20.024 129.443 0 -1 0 0.965926 0 -0.258819 0.258819 0 0.965926 subModel-2.ldr
1 71 -172.002 9.961 217.481 0 0 -1 -1.17118e-005 0.99997 0 0.99997 1.17118e-005 0 subModel-4.ldr
1 71 -272.002 93.22 290.233 0 0 -1 -1.17118e-005 0.99997 0 0.99997 1.17118e-005 0 subModel-3.ldr
1 71 -22.002 60.999 200 0 0 1 -1.17118e-005 0.99997 0 -0.99997 -1.17118e-005 0 Clone.ldr
1 71 -152.002 60.999 5.002 0 0 1 -1.17118e-005 0.99997 0 -0.99997 -1.17118e-005 0 Clone.ldr
1 71 -252.002 58.999 19.001 0 0 1 -1.17118e-005 0.99997 0 -0.99997 -1.17118e-005 0 Clone 2.ldr
1 71 -202.002 60.999 -89.999 0 0 1 -1.17118e-005 0.99997 0 -0.99997 -1.17118e-005 0 Clone Gunner.ldr
0
0 FILE subModel-1.ldr
0 AUTHOR R Paluczak
0 ROTATION CENTER 0 0 0 1 "Custom" 
0 ROTATION CONFIG 0 0
1 71 0 -8 0 1 0 0 0 1 0 0 0 1 4150ps6.dat
1 71 30 0 60 1 0 0 0 1 0 0 0 1 54384.dat
1 38 30 0 70 1 0 0 0 1 0 0 0 1 54200.dat
1 72 20 -8 90 1 0 0 0 1 0 0 0 1 32530.dat
1 71 -10 0 -30 1 0 0 0 1 0 0 0 1 2450.dat
1 71 20 -29 80 0 0 1 0 1 0 -1 0 0 61184.dat
1 72 19 -29 55 0 0 1 1 0 0 0 1 0 4589.dat
0
0 FILE subModel-2.ldr
0 AUTHOR R Paluczak
0 ROTATION CENTER 0 0 0 1 "Custom" 
0 ROTATION CONFIG 0 0
1 71 0 0 0 0 0 1 0 1 0 -1 0 0 2450.dat
1 71 -10 -8 30 1 0 0 0 1 0 0 0 1 4150ps6.dat
1 38 -40 0 100 1 0 0 0 1 0 0 0 1 54200.dat
1 72 -30 -8 120 1 0 0 0 1 0 0 0 1 32530.dat
1 71 -30 -29 110 0 0 1 0 1 0 -1 0 0 61184.dat
1 72 -31 -29 85 0 0 1 1 0 0 0 1 0 4589.dat
1 71 -40 0 90 1 0 0 0 1 0 0 0 1 54383.dat
0
0 FILE subModel-3.ldr
0 AUTHOR R Paluczak
0 ROTATION CENTER 0 0 0 1 "Custom" 
0 ROTATION CONFIG 0 0
1 320 -80.5885 -43.6218 0 0.5 0.866 0 -0.866 0.5 0 0 0 1 3069b.dat
1 71 -83.6603 -22.3013 0 0.5 0.866 0 -0.866 0.5 0 0 0 1 30387.dat
1 71 -73.141 -82.6455 0 -0.5 0.866 0 -0.866 -0.5 0 0 0 1 30386.dat
1 72 -120 24 0 0 0 -1 0 1 0 1 0 0 44567.dat
1 72 -130 32 0 0 0 -1 0 1 0 1 0 0 3176.dat
1 71 -150 16 10 0 0 1 0 1 0 -1 0 0 61678.dat
1 71 -140 32 -10 0 0 1 0 1 0 -1 0 0 54200.dat
0
0 FILE subModel-4.ldr
0 AUTHOR R Paluczak
0 ROTATION CENTER 0 0 0 1 "Custom" 
0 ROTATION CONFIG 0 0
1 71 0 1 0 -0.5 0.866 0 -0.866 -0.5 0 0 0 1 30386.dat
1 320 -7.4475 40.0237 0 0.5 0.866 0 -0.866 0.5 0 0 0 1 3069b.dat
1 71 -10.5193 61.3442 0 0.5 0.866 0 -0.866 0.5 0 0 0 1 30387.dat
1 72 -46.859 107.646 0 0 0 -1 0 1 0 1 0 0 44567.dat
1 72 -56.859 115.646 0 0 0 -1 0 1 0 1 0 0 3176.dat
1 71 -76.859 99.6455 -10 0 0 1 0 1 0 -1 0 0 61678.dat
1 71 -66.859 115.646 10 0 0 1 0 1 0 -1 0 0 54200.dat
0
0 FILE Clone.ldr
0 Clone
0 Name: Clone.ldr
0 Author: LDraw
0 Unofficial Model
0 ROTATION CENTER 0 0 0 1 "Custom" 
0 ROTATION CONFIG 0 0
1 15 0 -24 0 1 0 0 0 1 0 0 0 1 30408p01.dat
1 78 0 -24 0 1 0 0 0 1 0 0 0 1 3626bp01.dat
1 15 0 0 0 1 0 0 0 1 0 0 0 1 973psu.dat
1 15 0 0 0 1 0 0 0 1 0 0 0 1 973psu.dat
1 0 0 32 0 1 0 0 0 1 0 0 0 1 3815.dat
1 15 -15.552 9 0 0.985 -0.17 0 0.17 0.985 0 0 0 1 3818.dat
1 15 15.552 9 0 0.985 0.17 0 -0.17 0.985 0 0 0 1 3819.dat
1 0 -23.8634 26.5956 -10.321 0.985 -0.12019 0.12019 0.17 0.696395 -0.696395 0 0.707 0.707 3820.dat
1 0 23.8634 26.5956 -10.321 0.985 0.12019 -0.12019 -0.17 0.696395 -0.696395 0 0.707 0.707 3820.dat
1 0 -24.6826 31.3422 -19.2547 0.985 -0.0874983 0.14567 0.17 0.506976 -0.844031 0 0.856884 0.514696 58247.dat
1 15 0 44 0 1 0 0 0 1 0 0 0 1 3816.dat
1 15 0 44 0 1 0 0 0 1 0 0 0 1 3817.dat
0
0 FILE Clone 2.ldr
0 Clone 2
0 Name: Clone 2.ldr
0 Author: LDraw
0 Unofficial Model
0 ROTATION CENTER 0 0 0 1 "Custom" 
0 ROTATION CONFIG 0 0
1 15 0 -26 0 1 0 0 0 1 0 0 0 1 30408p01.dat
1 78 0 -26 0 1 0 0 0 1 0 0 0 1 3626bp01.dat
1 15 0 0 0 1 0 0 0 1 0 0 0 1 973psu.dat
1 15 0 0 0 1 0 0 0 1 0 0 0 1 973psu.dat
1 0 0 34 0 1 0 0 0 1 0 0 0 1 3815.dat
1 15 -15.552 9 0 0.985 -0.17 0 0.17 0.985 0 0 0 1 3818.dat
1 15 15.552 9 0 0.985 0.17 0 -0.17 0.985 0 0 0 1 3819.dat
1 0 -23.8634 26.5956 -10.321 0.985 -0.12019 0.12019 0.17 0.696395 -0.696395 0 0.707 0.707 3820.dat
1 0 23.8634 26.5956 -10.321 0.985 0.12019 -0.12019 -0.17 0.696395 -0.696395 0 0.707 0.707 3820.dat
1 0 -24.6826 31.3422 -19.2547 0.985 -0.0874983 0.14567 0.17 0.506976 -0.844031 0 0.856884 0.514696 58247.dat
1 15 0 46 0 1 0 0 0 1 0 0 0 1 3816.dat
1 15 0 46 0 1 0 0 0 1 0 0 0 1 3817.dat
1 72 0 0 0 1 0 0 0 1 0 0 0 1 61190b.dat
1 72 0 34 0 1 0 0 0 1 0 0 0 1 61190c.dat
0
0 FILE Clone Gunner.ldr
0 Clone Gunner
0 Name: Clone Gunner.ldr
0 Author: LDraw
0 Unofficial Model
0 ROTATION CENTER 0 0 0 1 "Custom" 
0 ROTATION CONFIG 0 0
1 15 0 -24 0 1 0 0 0 1 0 0 0 1 30408p01.dat
1 78 0 -24 0 1 0 0 0 1 0 0 0 1 3626bp01.dat
1 15 0 0 0 1 0 0 0 1 0 0 0 1 973psu.dat
1 15 0 0 0 1 0 0 0 1 0 0 0 1 973psu.dat
1 0 0 32 0 1 0 0 0 1 0 0 0 1 3815.dat
1 72 -15.552 9 0 0.985 -0.17 0 0.17 0.985 0 0 0 1 3818.dat
1 72 15.552 9 0 0.985 0.17 0 -0.17 0.985 0 0 0 1 3819.dat
1 0 -23.8634 26.5956 -10.321 0.985 -0.12019 0.12019 0.17 0.696395 -0.696395 0 0.707 0.707 3820.dat
1 0 23.8634 26.5956 -10.321 0.985 0.12019 -0.12019 -0.17 0.696395 -0.696395 0 0.707 0.707 3820.dat
1 0 -24.6826 31.3422 -19.2547 0.985 -0.0874983 0.14567 0.17 0.506976 -0.844031 0 0.856884 0.514696 58247.dat
1 15 0 44 0 1 0 0 0 1 0 0 0 1 3816.dat
1 15 0 44 0 1 0 0 0 1 0 0 0 1 3817.dat
0 
0
0
