0 FILE Crawler Crane_A.Ldr
0 CRAWLER CRANE.L3B
0 Name: Crawler Crane_A.Ldr

0 GROUPLIST 1
0 ENDGROUP

0 ROTATION CENTER 0 0 0 1 "Custom" 
0 ROTATION CONFIG 0 0
1 72 0 0 0 0 0 1 0 1 0 -1 0 0 48452.dat
1 71 0 0 60 0 1 0 -1 0 0 0 0 1 48989.dat
1 71 0 0 -60 0 1 0 1 0 0 0 0 -1 48989.dat
1 72 0 0 80 0 0 1 -1 0 0 0 -1 0 32278.dat
1 72 0 0 -80 0 0 1 1 0 0 0 1 0 32278.dat
1 0 -140 0 70 0 0 1 0 1 0 -1 0 0 2780.dat
1 0 -140 0 -70 0 0 1 0 1 0 -1 0 0 2780.dat
1 0 140 0 70 0 0 1 0 1 0 -1 0 0 2780.dat
1 0 140 0 -70 0 0 1 0 1 0 -1 0 0 2780.dat
1 72 100 0 60 0 0 1 1 0 0 0 1 0 32140.dat
1 72 100 0 -60 0 0 1 1 0 0 0 1 0 32140.dat
1 72 -100 0 60 0 0 -1 1 0 0 0 -1 0 32140.dat
1 72 -100 0 -60 0 0 -1 1 0 0 0 -1 0 32140.dat
1 0 160 20 70 0 1 0 0 0 -1 -1 0 0 3706.dat
1 0 160 20 -70 0 1 0 0 0 -1 -1 0 0 3706.dat
1 0 -160 20 70 0 1 0 0 0 -1 -1 0 0 3706.dat
1 0 -160 20 -70 0 1 0 0 0 -1 -1 0 0 3706.dat
1 72 -160 20 100 0 0 1 -1 0 0 0 -1 0 32140.dat
1 72 -160 20 -100 0 0 1 -1 0 0 0 -1 0 32140.dat
1 72 160 20 100 0 0 -1 -1 0 0 0 1 0 32140.dat
1 72 160 20 -100 0 0 -1 -1 0 0 0 1 0 32140.dat
1 72 -160 20 80 0 0 -1 0 -1 0 -1 0 0 6536.dat
1 72 -160 20 -80 0 0 -1 0 -1 0 -1 0 0 6536.dat
1 72 160 20 140 1 0 0 0 1 0 0 0 1 32013.dat
1 72 160 20 -140 -1 0 0 0 1 0 0 0 -1 32013.dat
1 72 -160 20 140 1 0 0 0 1 0 0 0 1 32013.dat
1 72 -160 20 -140 -1 0 0 0 1 0 0 0 -1 32013.dat
1 0 -140 20 90 0 0 -1 0 1 0 1 0 0 2780.dat
1 0 -140 20 -90 0 0 -1 0 1 0 1 0 0 2780.dat
1 71 -100 20 80 0 0 -1 0 1 0 1 0 0 32054.dat
1 71 -100 20 -80 0 0 1 0 1 0 -1 0 0 32054.dat
1 71 -100 20 0 0 0 -1 0 1 0 1 0 0 44294.dat
1 71 100 20 0 0 0 -1 0 1 0 1 0 0 44294.dat
1 71 100 20 80 0 0 -1 0 1 0 1 0 0 32054.dat
1 71 100 20 -80 0 0 1 0 1 0 -1 0 0 32054.dat
1 19 -170 0 80 -1 0 0 0 1 0 0 0 -1 3749.dat
1 19 -170 0 -80 -1 0 0 0 1 0 0 0 -1 3749.dat
1 72 160 20 80 0 0 1 0 -1 0 1 0 0 6536.dat
1 72 160 20 -80 0 0 1 0 -1 0 1 0 0 6536.dat
1 19 170 0 80 1 0 0 0 -1 0 0 0 -1 3749.dat
1 19 170 0 -80 1 0 0 0 -1 0 0 0 -1 3749.dat
1 72 0 20 80 0 0 -1 -1 0 0 0 1 0 32278.dat
1 72 0 20 -80 0 0 -1 1 0 0 0 -1 0 32278.dat
1 72 -100 0 80 0 0 -1 0 1 0 1 0 0 6587.dat
1 72 -100 0 -80 0 0 -1 0 -1 0 -1 0 0 6587.dat
1 72 100 0 80 0 0 -1 0 1 0 1 0 0 6587.dat
1 72 100 0 -80 0 0 -1 0 -1 0 -1 0 0 6587.dat
1 72 -180 20 140 1 0 0 0 1 0 0 0 1 6587.dat
1 72 -180 20 -140 1 0 0 0 -1 0 0 0 -1 6587.dat
1 72 180 20 140 -1 0 0 0 1 0 0 0 -1 6587.dat
1 72 180 20 -140 -1 0 0 0 -1 0 0 0 1 6587.dat
1 71 120 0 40 0 0 -1 0 1 0 1 0 0 32054.dat
1 71 120 0 -40 0 0 1 0 1 0 -1 0 0 32054.dat
1 71 -120 0 40 0 0 -1 0 1 0 1 0 0 32054.dat
1 71 -120 0 -40 0 0 1 0 1 0 -1 0 0 32054.dat
1 71 -120 0 0 0 0 -1 0 1 0 1 0 0 4519.dat
1 71 120 0 0 0 0 -1 0 1 0 1 0 0 4519.dat
1 72 120 20 40 1 0 0 0 -1 0 0 0 -1 6536.dat
1 72 120 20 -40 -1 0 0 0 -1 0 0 0 1 6536.dat
1 72 -120 20 40 1 0 0 0 -1 0 0 0 -1 6536.dat
1 72 -120 20 -40 -1 0 0 0 -1 0 0 0 1 6536.dat
1 4 -130 20 40 1 0 0 0 -1 0 0 0 -1 32062.dat
1 4 -130 20 -40 -1 0 0 0 -1 0 0 0 1 32062.dat
1 4 130 20 40 1 0 0 0 -1 0 0 0 -1 32062.dat
1 4 130 20 -40 -1 0 0 0 -1 0 0 0 1 32062.dat
1 72 160 20 0 1 0 0 0 -1 0 0 0 -1 32034.dat
1 72 -160 20 0 1 0 0 0 -1 0 0 0 -1 32034.dat
1 72 -160 20 40 0 0 1 0 -1 0 1 0 0 32034.dat
1 72 -160 20 -40 0 0 1 0 -1 0 1 0 0 32034.dat
1 72 160 20 40 0 0 1 0 -1 0 1 0 0 32034.dat
1 72 160 20 -40 0 0 1 0 -1 0 1 0 0 32034.dat
1 1 190 20 40 -1 0 0 0 -1 0 0 0 1 43093.dat
1 1 190 20 -40 -1 0 0 0 -1 0 0 0 1 43093.dat
1 1 -190 20 40 1 0 0 0 -1 0 0 0 -1 43093.dat
1 1 -190 20 -40 1 0 0 0 -1 0 0 0 -1 43093.dat
1 0 0 0 0 -1 0 0 0 1 0 0 0 -1 48168.dat
1 72 -200 20 0 0 1 0 1 0 0 0 0 -1 32278.dat
1 72 200 20 0 0 1 0 1 0 0 0 0 -1 32278.dat
1 0 -40 -40 -20 1 0 0 0 1 0 0 0 1 6558.dat
1 0 -40 -40 20 1 0 0 0 1 0 0 0 1 6558.dat
1 0 40 -40 20 -1 0 0 0 1 0 0 0 -1 6558.dat
1 0 40 -40 -20 -1 0 0 0 1 0 0 0 -1 6558.dat
1 4 -20 -40 40 0 -1 0 -1 0 0 0 0 -1 32526.dat
1 4 20 -40 40 0 -1 0 -1 0 0 0 0 -1 32526.dat
1 4 -40 -120 -40 0 -1 0 0 0 1 -1 0 0 32526.dat
1 4 40 -120 -40 0 -1 0 0 0 1 -1 0 0 32526.dat
1 0 -50 -100 -40 1 0 0 0 0 1 0 -1 0 2780.dat
1 0 50 -100 -40 1 0 0 0 0 1 0 -1 0 2780.dat
1 0 -30 -80 -40 1 0 0 0 0 1 0 -1 0 2780.dat
1 0 30 -80 -40 1 0 0 0 0 1 0 -1 0 2780.dat
1 0 30 -40 -40 1 0 0 0 0 1 0 -1 0 2780.dat
1 0 -50 -40 -60 1 0 0 0 0 1 0 -1 0 2780.dat
1 0 50 -40 -60 1 0 0 0 0 1 0 -1 0 2780.dat
1 0 0 -40 0 1 0 0 0 0 1 0 -1 0 6558.dat
1 72 0 -40 0 1 0 0 0 1 0 0 0 1 32013.dat
1 71 0 -40 -40 0 0 -1 0 1 0 1 0 0 4519.dat
1 72 0 -40 -40 0 0 1 0 -1 0 1 0 0 6536.dat
1 4 0 -40 -60 -1 0 0 0 -1 0 0 0 1 32039.dat
1 0 -10 -60 -40 -1 0 0 0 -1 0 0 0 1 3707.dat
1 72 -60 -60 -40 -1 0 0 0 -1 0 0 0 1 6536.dat
1 72 60 -60 -40 -1 0 0 0 -1 0 0 0 1 6536.dat
1 72 -60 -20 -70 0 0 -1 0 -1 0 -1 0 0 32291.dat
1 72 60 -20 -70 0 0 1 0 -1 0 1 0 0 32291.dat
1 1 -60 -20 -80 0 0 1 0 -1 0 1 0 0 43093.dat
1 1 60 -20 -80 0 0 1 0 -1 0 1 0 0 43093.dat
1 4 0 -20 -90 0 0 1 -1 0 0 0 -1 0 40490.dat
1 71 -40 -40 -40 1 0 0 0 0 1 0 -1 0 32054.dat
1 1 -70 -40 -40 1 0 0 0 0 1 0 -1 0 43093.dat
1 0 -60 -80 -30 0 -1 0 0 0 1 -1 0 0 2780.dat
1 0 60 -80 -30 0 1 0 0 0 1 1 0 0 2780.dat
1 4 0 -80 -20 0 0 1 1 0 0 0 1 0 32524.dat
1 1 -40 -80 -10 0 0 -1 0 1 0 1 0 0 43093.dat
1 1 40 -80 -10 0 0 -1 0 1 0 1 0 0 43093.dat
1 71 -40 -100 0 0 0 1 0 -1 0 1 0 0 42003.dat
1 71 40 -100 0 0 0 -1 0 -1 0 -1 0 0 42003.dat
1 71 -40 -100 0 -1 0 0 0 -1 0 0 0 1 32054.dat
1 71 40 -100 0 1 0 0 0 -1 0 0 0 -1 32054.dat
1 71 0 -100 0 -1 0 0 0 -1 0 0 0 1 4519.dat
1 4 -60 -40 60 0 -1 0 -1 0 0 0 0 -1 40490.dat
1 4 60 -40 60 0 1 0 1 0 0 0 0 -1 40490.dat
1 71 -70 -40 40 -1 0 0 0 -1 0 0 0 1 4274.dat
1 71 70 -40 40 1 0 0 0 -1 0 0 0 -1 4274.dat
1 71 -70 -40 120 -1 0 0 0 -1 0 0 0 1 4274.dat
1 71 70 -40 120 1 0 0 0 -1 0 0 0 -1 4274.dat
1 0 30 -40 60 -1 0 0 0 -1 0 0 0 1 3705.dat
1 71 20 -40 60 0 0 1 0 -1 0 1 0 0 3713.dat
1 71 -10 -40 60 0 0 1 0 -1 0 1 0 0 6538a.dat
1 1 50 -40 80 -1 0 0 0 -1 0 0 0 1 43093.dat
1 256 40 -40 60 0 0 1 0 -1 0 1 0 0 45590.dat
1 71 -40 -40 60 1 0 0 0 -1 0 0 0 -1 4519.dat
1 0 50 -40 100 1 0 0 0 -1 0 0 0 -1 2780.dat
1 71 40 -40 140 1 0 0 0 -1 0 0 0 -1 32054.dat
1 71 -40 -40 140 -1 0 0 0 -1 0 0 0 1 32054.dat
1 0 -50 -40 100 1 0 0 0 -1 0 0 0 -1 2780.dat
1 72 -40 -40 240 0 1 0 1 0 0 0 0 -1 32278.dat
1 72 40 -40 240 0 -1 0 -1 0 0 0 0 -1 32278.dat
1 0 -50 -40 160 1 0 0 0 -1 0 0 0 -1 2780.dat
1 0 50 -40 160 1 0 0 0 -1 0 0 0 -1 2780.dat
1 0 0 -40 380 1 0 0 0 -1 0 0 0 -1 3707.dat
1 4 0 -40 380 0 -1 0 -1 0 0 0 0 -1 32140.dat
1 0 0 -40 360 1 0 0 0 -1 0 0 0 -1 6558.dat
1 71 -15 -40 380 0 -1 0 -1 0 0 0 0 -1 32056.dat
1 71 15 -40 380 0 1 0 0 0 -1 -1 0 0 32056.dat
1 72 -25 -40 380 0 1 0 0 0 -1 -1 0 0 32250.dat
1 72 25 -40 380 0 1 0 0 0 -1 -1 0 0 32250.dat
1 71 0 -80 380 1 0 0 0 0 -1 0 1 0 4519.dat
1 71 0 -100 380 1 0 0 0 0 -1 0 1 0 4519.dat
1 71 0 -120 380 1 0 0 0 0 -1 0 1 0 4519.dat
1 71 -15 -100 380 0 -1 0 0 0 -1 1 0 0 41677.dat
1 71 15 -100 380 0 1 0 0 0 -1 -1 0 0 41677.dat
1 71 0 -80 380 -1 0 0 0 0 1 0 1 0 6553.dat
1 71 0 -120 380 0 0 -1 -1 0 0 0 1 0 42610.dat
1 1 -30 -40 340 1 0 0 0 0 -1 0 1 0 43093.dat
1 1 30 -40 340 -1 0 0 0 0 1 0 1 0 43093.dat
1 4 -60 -40 160 0 1 0 -1 0 0 0 0 1 32526.dat
1 4 60 -40 160 0 1 0 -1 0 0 0 0 1 32526.dat
1 4 -40 -80 240 0 1 0 0 0 1 1 0 0 32523.dat
1 4 40 -80 240 0 -1 0 0 0 1 -1 0 0 32523.dat
1 0 -50 -60 240 -1 0 0 0 0 1 0 1 0 2780.dat
1 0 50 -60 240 -1 0 0 0 0 1 0 1 0 2780.dat
1 0 -50 -80 240 -1 0 0 0 0 1 0 1 0 2780.dat
1 0 50 -80 240 -1 0 0 0 0 1 0 1 0 2780.dat
1 71 -70 -40 220 -1 0 0 0 0 1 0 1 0 4274.dat
1 71 70 -40 220 1 0 0 0 0 -1 0 1 0 4274.dat
1 71 -70 -40 180 -1 0 0 0 0 1 0 1 0 4274.dat
1 71 70 -40 180 1 0 0 0 0 -1 0 1 0 4274.dat
1 71 -40 -40 240 -1 0 0 0 0 1 0 1 0 32054.dat
1 71 40 -40 240 1 0 0 0 0 -1 0 1 0 32054.dat
1 71 -40 -100 240 -1 0 0 0 0 1 0 1 0 32054.dat
1 71 40 -100 240 1 0 0 0 0 -1 0 1 0 32054.dat
1 71 0 -40 240 -1 0 0 0 0 1 0 1 0 4519.dat
1 71 0 -100 240 -1 0 0 0 0 1 0 1 0 4519.dat
1 71 0 -40 140 -1 0 0 0 0 1 0 1 0 4519.dat
1 71 -55 -40 380 0 0 1 1 0 0 0 1 0 32123b.dat
1 71 55 -40 380 0 0 -1 -1 0 0 0 1 0 32123b.dat
1 72 -90 -40 380 0 0 -1 1 0 0 0 -1 0 32013.dat
1 72 90 -40 380 0 0 1 -1 0 0 0 -1 0 32013.dat
1 4 -60 -100 100 0 1 0 1 0 0 0 0 -1 32278.dat
1 4 60 -100 100 0 -1 0 -1 0 0 0 0 -1 32278.dat
1 71 -70 -100 -20 -1 0 0 0 -1 0 0 0 1 4274.dat
1 71 70 -100 -20 1 0 0 0 -1 0 0 0 -1 4274.dat
1 71 -70 -100 40 -1 0 0 0 -1 0 0 0 1 4274.dat
1 71 70 -100 40 1 0 0 0 -1 0 0 0 -1 4274.dat
1 71 -70 -100 140 -1 0 0 0 -1 0 0 0 1 4274.dat
1 71 70 -100 140 1 0 0 0 -1 0 0 0 -1 4274.dat
1 71 -70 -100 180 -1 0 0 0 -1 0 0 0 1 4274.dat
1 71 70 -100 180 1 0 0 0 -1 0 0 0 -1 4274.dat
1 1 50 -100 200 -1 0 0 0 1 0 0 0 -1 43093.dat
1 0 30 -100 220 -1 0 0 0 1 0 0 0 -1 3705.dat
1 71 20 -100 220 0 0 1 0 1 0 -1 0 0 3713.dat
1 71 -10 -100 220 0 0 1 0 1 0 -1 0 0 6538a.dat
1 256 40 -100 220 0 0 1 0 1 0 -1 0 0 45590.dat
1 71 -40 -100 220 1 0 0 0 1 0 0 0 1 4519.dat
1 19 50 -100 160 -1 0 0 0 1 0 0 0 -1 3749.dat
1 19 50 -100 60 -1 0 0 0 1 0 0 0 -1 3749.dat
1 71 -70 -100 80 -1 0 0 0 -1 0 0 0 1 4274.dat
1 71 70 -100 80 1 0 0 0 -1 0 0 0 -1 4274.dat
1 71 30 -100 160 0 0 1 0 1 0 -1 0 0 6538a.dat
1 71 30 -100 60 0 0 1 0 1 0 -1 0 0 6538a.dat
1 0 -30 -100 60 -1 0 0 0 1 0 0 0 -1 3706.dat
1 0 -30 -100 160 -1 0 0 0 1 0 0 0 -1 3706.dat
1 72 -10 -100 160 1 0 0 0 0.707107 0.707107 0 -0.707107 0.707107 32012.dat
1 72 -10 -100 60 1 0 0 0 0.707107 0.707107 0 -0.707107 0.707107 32012.dat
1 71 -38 -100 60 0 0 -1 0 1 0 1 0 0 3650c.dat
1 71 -38 -100 160 0 0 -1 0 1 0 1 0 0 3650c.dat
1 15 -40 -100 220 0 -1 0 1 0 0 0 0 1 41669.dat
1 15 -40 -40 60 0 -1 0 0 0 1 -1 0 0 41669.dat
1 71 -70 -100 200 -1 0 0 0 -1 0 0 0 1 4274.dat
1 71 -70 -40 80 -1 0 0 0 -1 0 0 0 1 4274.dat
1 71 -70 -40 0 -1 0 0 0 -1 0 0 0 1 4274.dat
1 71 70 -40 0 1 0 0 0 -1 0 0 0 -1 4274.dat
1 71 -80 -100 60 0 -1 0 1 0 0 0 0 1 33299.dat
1 71 -80 -100 160 0 -1 0 1 0 0 0 0 1 33299.dat
1 15 -110 -100 200 1 0 0 0 1 0 0 0 1 75535.dat
1 15 -110 -100 100 1 0 0 0 1 0 0 0 1 75535.dat
1 4 -78 -70 210 0 1 0 0 0 1 1 0 0 6179.dat
1 4 78 -70 210 0 -1 0 0 0 1 -1 0 0 6179.dat
1 4 -78 -70 110 0 1 0 0 0 1 1 0 0 6179.dat
1 4 78 -70 110 0 -1 0 0 0 1 -1 0 0 6179.dat
1 4 -78 -70 10 0 1 0 0 0 1 1 0 0 6179.dat
1 4 78 -70 10 0 -1 0 0 0 1 -1 0 0 6179.dat
1 15 -86 -40 -10 0 1 0 0 0 1 1 0 0 30244.dat
1 15 86 -40 -10 0 -1 0 0 0 1 -1 0 0 30244.dat
1 15 -86 -40 230 0 1 0 0 0 1 1 0 0 30244.dat
1 15 86 -40 230 0 -1 0 0 0 1 -1 0 0 30244.dat
1 15 -86 -40 110 0 1 0 0 0 1 1 0 0 4477.dat
1 15 86 -40 110 0 -1 0 0 0 1 -1 0 0 4477.dat
1 71 -60 -120 0 1 0 0 0 0.923879 -0.382684 0 0.382684 0.923879 32054.dat
1 71 60 -120 0 -1 0 0 0 0.923879 0.382684 0 0.382684 -0.923879 32054.dat
1 4 -60 -173.576 129.343 0 -1 0 0.923879 0 -0.382684 0.382684 0 0.923879 32278.dat
1 4 60 -173.576 129.343 0 1 0 -0.923879 0 -0.382684 -0.382684 0 0.923879 32278.dat
1 71 -40 -204.19 203.254 -1 0 0 0 0.923879 0.382684 0 0.382684 -0.923879 32054.dat
1 71 40 -204.19 203.254 1 0 0 0 0.923879 -0.382684 0 0.382684 0.923879 32054.dat
1 0 -50 -227.151 258.686 -1 0 0 0 0.923879 0.382684 0 0.382684 -0.923879 2780.dat
1 0 50 -227.151 258.686 -1 0 0 0 0.923879 0.382684 0 0.382684 -0.923879 2780.dat
1 4 -40 -242.459 295.641 0 1 0 0.923879 0 0.382684 0.382684 0 -0.923879 32525.dat
1 4 40 -242.459 295.641 0 -1 0 -0.923879 0 0.382684 -0.382684 0 -0.923879 32525.dat
1 71 -20 -280.727 388.029 0 -1 0 -0.923879 0 0.382684 -0.382684 0 -0.923879 33299.dat
1 71 20 -280.727 388.029 0 1 0 0.923879 0 0.382684 0.382684 0 -0.923879 33299.dat
1 71 0 -280.727 388.029 -1 0 0 0 0.923879 0.382684 0 0.382684 -0.923879 4519.dat
1 71 0 -204.19 203.254 -1 0 0 0 0.923879 0.382684 0 0.382684 -0.923879 4519.dat
1 0 0 -273.073 369.552 -1 0 0 0 0.923879 0.382684 0 0.382684 -0.923879 3707.dat
1 71 -15 -273.073 369.552 0 0 1 0.382684 0.923879 0 -0.923879 0.382684 0 32123b.dat
1 71 15 -273.073 369.552 0 0 -1 -0.382684 0.923879 0 0.923879 0.382684 0 32123b.dat
1 71 0 -273.073 369.552 0 0 1 0.382684 0.923879 0 -0.923879 0.382684 0 42610.dat
1 0 -10 -219.498 240.209 -1 0 0 0 0.923879 0.382684 0 0.382684 -0.923879 3707.dat
1 71 0 -242.459 295.641 -1 0 0 0 0.923879 0.382684 0 0.382684 -0.923879 32073.dat
1 71 0 -242.459 295.641 0 0 1 0.382684 0.923879 0 -0.923879 0.382684 0 3713.dat
1 1 30 -234.805 277.164 -1 0 0 0 0.923879 0.382684 0 0.382684 -0.923879 43093.dat
1 256 20 -234.805 277.164 0 0 -1 -0.382684 0.923879 0 0.923879 0.382684 0 45590.dat
1 15 -20 -242.459 295.641 0 -1 0 0.923879 0 -0.382684 0.382684 0 0.923879 41669.dat
1 71 -18 -219.498 240.209 0 0 -1 0.923879 0.382684 0 0.382684 -0.923879 0 3650c.dat
1 72 10 -219.498 240.209 1 0 0 0 -0.382683 0.923879 0 -0.923879 -0.382683 32012.dat
1 71 -80 -219.498 240.209 0 -1 0 0.923879 0 -0.382684 0.382684 0 0.923879 33299.dat
1 15 -110 -234.805 277.164 1 0 0 0 0.923879 -0.382684 0 0.382684 0.923879 75535.dat
1 71 -55 -273.073 369.552 0 0 1 0.382684 0.923879 0 -0.923879 0.382684 0 32123b.dat
1 71 55 -273.073 369.552 0 0 1 0.382684 0.923879 0 -0.923879 0.382684 0 32123b.dat
1 71 -50 -280.727 388.029 -1 0 0 0 0.382684 -0.923879 0 -0.923879 -0.382684 4274.dat
1 71 50 -280.727 388.029 1 0 0 0 -0.382684 -0.923879 0 0.923879 -0.382684 4274.dat
1 71 65 -280.727 388.029 0 -1 0 -0.923879 0 0.382684 -0.382684 0 -0.923879 41677.dat
1 71 -65 -280.727 388.029 0 -1 0 -0.923879 0 0.382684 -0.382684 0 -0.923879 41677.dat
1 71 40 -120 -40 -1 0 0 0 0 1 0 1 0 32054.dat
1 71 -40 -120 -40 1 0 0 0 0 -1 0 1 0 32054.dat
1 15 20 -255.036 -3.04834 0 1 0 0.26394 0 0.964539 0.964539 0 -0.26394 32278.dat
1 15 -20 -255.036 -3.04834 0 -1 0 -0.26394 0 0.964539 -0.964539 0 -0.26394 32278.dat
1 0 20 -139.291 -34.7212 -1 0 0 0 0.26394 0.964539 0 0.964539 -0.26394 6558.dat
1 0 -30 -139.291 -34.7212 -1 0 0 0 0.26394 0.964539 0 0.964539 -0.26394 2780.dat
1 0 0 -158.582 -29.4424 -1 0 0 0 0.26394 0.964539 0 0.964539 -0.26394 6558.dat
1 0 0 -370.78 28.6245 -1 0 0 0 0.26394 0.964539 0 0.964539 -0.26394 6558.dat
1 0 0 -390.071 33.9033 -1 0 0 0 0.26394 0.964539 0 0.964539 -0.26394 6558.dat
1 15 0 -409.362 39.1821 0 1 0 0.26394 0 0.964539 0.964539 0 -0.26394 32316.dat
1 4 0 -177.872 -24.1636 0 -1 0 -0.26394 0 0.964539 -0.964539 0 -0.26394 32140.dat
1 71 0 -177.872 -24.1636 1 0 0 0 -0.26394 0.964539 0 -0.964539 -0.26394 4519.dat
1 4 40 -147.477 -52.9691 0 -1 0 -0.912395 0 -0.40931 0.40931 0 -0.912395 32523.dat
1 4 -40 -147.477 -52.9691 0 -1 0 -0.912395 0 -0.40931 0.40931 0 -0.912395 32523.dat
1 0 0 -409.362 39.1821 -1 0 0 0 0.26394 0.964539 0 0.964539 -0.26394 6558.dat
1 0 0 -447.943 49.7398 -1 0 0 0 0.26394 0.964539 0 0.964539 -0.26394 6558.dat
1 15 20 -544.397 76.1338 0 1 0 0.26394 0 0.964539 0.964539 0 -0.26394 32278.dat
1 15 -20 -544.397 76.1338 0 1 0 0.26394 0 0.964539 0.964539 0 -0.26394 32278.dat
1 0 0 -679.433 113.085 -1 0 0 0 -0.26394 -0.964539 0 -0.964539 0.26394 6558.dat
1 0 0 -640.851 102.528 -1 0 0 0 -0.26394 -0.964539 0 -0.964539 0.26394 6558.dat
1 15 0 -679.433 113.085 0 1 0 -0.26394 0 -0.964539 -0.964539 0 0.26394 32316.dat
1 0 0 -698.723 118.364 -1 0 0 0 -0.26394 -0.964539 0 -0.964539 0.26394 6558.dat
1 0 0 -718.014 123.643 -1 0 0 0 -0.26394 -0.964539 0 -0.964539 0.26394 6558.dat
1 15 20 -775.886 139.48 0 1 0 -0.26394 0 -0.964539 -0.964539 0 0.26394 40490.dat
1 15 -20 -775.886 139.48 0 1 0 -0.26394 0 -0.964539 -0.964539 0 0.26394 40490.dat
1 0 0 -795.177 144.758 -1 0 0 0 -0.26394 -0.964539 0 -0.964539 0.26394 6558.dat
1 4 0 -853.05 160.595 0 1 0 0.26394 0 0.964539 0.964539 0 -0.26394 32140.dat
1 0 0 -853.05 160.595 -1 0 0 0 0.26394 0.964539 0 0.964539 -0.26394 3706.dat
1 71 -30 -833.759 155.316 -1 0 0 0 0.26394 0.964539 0 0.964539 -0.26394 4274.dat
1 71 0 -365.456 -27.6929 -1 0 0 0 -0.26394 -0.964539 0 -0.964539 0.26394 32556.dat
1 15 -20 -461.91 -1.29886 0 1 0 0.26394 0 0.964539 0.964539 0 -0.26394 32278.dat
1 0 0 -326.874 -38.2505 -1 0 0 0 0.26394 0.964539 0 0.964539 -0.26394 6558.dat
1 15 20 -461.91 -1.29886 0 1 0 0.26394 0 0.964539 0.964539 0 -0.26394 32278.dat
1 0 0 -558.364 25.0952 -1 0 0 0 -0.26394 -0.964539 0 -0.964539 0.26394 6558.dat
1 0 0 -596.945 35.6528 -1 0 0 0 -0.26394 -0.964539 0 -0.964539 0.26394 6558.dat
1 15 0 -596.945 35.6528 0 1 0 -0.26394 0 -0.964539 -0.964539 0 0.26394 32316.dat
1 0 0 -616.236 40.9316 -1 0 0 0 -0.26394 -0.964539 0 -0.964539 0.26394 6558.dat
1 0 0 -635.527 46.2104 -1 0 0 0 -0.26394 -0.964539 0 -0.964539 0.26394 6558.dat
1 15 -20 -693.399 62.0468 0 1 0 -0.26394 0 -0.964539 -0.964539 0 0.26394 40490.dat
1 15 20 -693.399 62.0468 0 1 0 -0.26394 0 -0.964539 -0.964539 0 0.26394 40490.dat
1 0 0 -712.69 67.3256 -1 0 0 0 -0.26394 -0.964539 0 -0.964539 0.26394 6558.dat
1 72 -30 -274.326 2.23047 -1 0 0 0 0.26394 0.964539 0 0.964539 -0.26394 32002.dat
1 72 30 -274.326 2.23047 1 0 0 0 0.26394 -0.964539 0 0.964539 0.26394 32002.dat
1 72 -30 -428.652 44.4609 -1 0 0 0 0.26394 0.964539 0 0.964539 -0.26394 32002.dat
1 72 30 -428.652 44.4609 1 0 0 0 0.26394 -0.964539 0 0.964539 0.26394 32002.dat
1 72 -30 -467.234 55.0185 -1 0 0 0 0.26394 0.964539 0 0.964539 -0.26394 32002.dat
1 72 30 -467.234 55.0185 1 0 0 0 0.26394 -0.964539 0 0.964539 0.26394 32002.dat
1 72 -30 -621.56 97.249 -1 0 0 0 0.26394 0.964539 0 0.964539 -0.26394 32002.dat
1 72 30 -621.56 97.249 1 0 0 0 0.26394 -0.964539 0 0.964539 0.26394 32002.dat
1 72 -30 -660.142 107.807 -1 0 0 0 0.26394 0.964539 0 0.964539 -0.26394 32002.dat
1 72 30 -660.142 107.807 1 0 0 0 0.26394 -0.964539 0 0.964539 0.26394 32002.dat
1 72 -30 -814.468 150.037 -1 0 0 0 0.26394 0.964539 0 0.964539 -0.26394 32002.dat
1 72 30 -814.468 150.037 1 0 0 0 0.26394 -0.964539 0 0.964539 0.26394 32002.dat
1 72 -30 -770.562 83.1621 -1 0 0 0 0.26394 0.964539 0 0.964539 -0.26394 32002.dat
1 72 30 -770.562 83.1621 1 0 0 0 0.26394 -0.964539 0 0.964539 0.26394 32002.dat
1 72 -30 -731.981 72.6045 -1 0 0 0 0.26394 0.964539 0 0.964539 -0.26394 32002.dat
1 72 30 -731.981 72.6045 1 0 0 0 0.26394 -0.964539 0 0.964539 0.26394 32002.dat
1 72 -30 -577.654 30.374 -1 0 0 0 0.26394 0.964539 0 0.964539 -0.26394 32002.dat
1 72 30 -577.654 30.374 1 0 0 0 0.26394 -0.964539 0 0.964539 0.26394 32002.dat
1 72 -30 -539.073 19.8164 -1 0 0 0 0.26394 0.964539 0 0.964539 -0.26394 32002.dat
1 72 30 -539.073 19.8164 1 0 0 0 0.26394 -0.964539 0 0.964539 0.26394 32002.dat
1 72 -30 -346.165 -32.9717 -1 0 0 0 0.26394 0.964539 0 0.964539 -0.26394 32002.dat
1 72 30 -346.165 -32.9717 1 0 0 0 0.26394 -0.964539 0 0.964539 0.26394 32002.dat
1 72 -30 -384.747 -22.4141 -1 0 0 0 0.26394 0.964539 0 0.964539 -0.26394 32002.dat
1 72 30 -384.747 -22.4141 1 0 0 0 0.26394 -0.964539 0 0.964539 0.26394 32002.dat
1 71 -35 -310.245 -15.3705 0 1 0 -0.440031 0 0.897982 0.897982 0 0.440031 32017.dat
1 71 35 -310.245 -15.3705 0 -1 0 0.440031 0 0.897982 -0.897982 0 0.440031 32017.dat
1 71 -35 -503.153 37.4173 0 1 0 -0.440031 0 0.897982 0.897982 0 0.440031 32017.dat
1 71 35 -503.153 37.4173 0 -1 0 0.440031 0 0.897982 -0.897982 0 0.440031 32017.dat
1 71 -35 -696.061 90.2054 0 1 0 -0.440031 0 0.897982 0.897982 0 0.440031 32017.dat
1 71 35 -696.061 90.2054 0 -1 0 0.440031 0 0.897982 -0.897982 0 0.440031 32017.dat
1 71 35 -792.515 116.6 0 1 0 0.835938 0 0.548824 0.548824 0 -0.835938 32017.dat
1 71 -35 -792.515 116.6 0 1 0 0.835938 0 0.548824 0.548824 0 -0.835938 32017.dat
1 71 -35 -599.607 63.8115 0 1 0 0.835938 0 0.548824 0.548824 0 -0.835938 32017.dat
1 71 35 -599.607 63.8115 0 1 0 0.835938 0 0.548824 0.548824 0 -0.835938 32017.dat
1 71 -35 -406.7 11.0234 0 1 0 0.835938 0 0.548824 0.548824 0 -0.835938 32017.dat
1 71 35 -406.7 11.0234 0 1 0 0.835938 0 0.548824 0.548824 0 -0.835938 32017.dat
1 4 0 -306.941 -39.8859 0 -1 0 -0.0817699 0 0.996651 -0.996651 0 -0.0817699 32523.dat
1 0 0 -306.941 -39.8859 -1 0 0 0 0.0817699 0.996651 0 0.996651 -0.0817699 6558.dat
1 0 0 -287.008 -41.5213 -1 0 0 0 0.0817699 0.996651 0 0.996651 -0.0817699 6558.dat
1 15 -20 -227.209 -46.4275 0 1 0 0.0817699 0 0.996651 0.996651 0 -0.0817699 40490.dat
1 15 20 -227.209 -46.4275 0 1 0 0.0817699 0 0.996651 0.996651 0 -0.0817699 40490.dat
1 0 0 -177.376 -50.516 -1 0 0 0 -0.996651 0.0817699 0 0.0817699 0.996651 32138.dat
1 0 -30 -147.477 -52.9691 -1 0 0 0 -0.996651 0.0817699 0 0.0817699 0.996651 2780.dat
1 0 30 -147.477 -52.9691 -1 0 0 0 -0.996651 0.0817699 0 0.0817699 0.996651 2780.dat
1 71 -35 -872.34 165.874 0 1 0 0.26394 0 0.964539 0.964539 0 -0.26394 41677.dat
1 71 35 -872.34 165.874 0 -1 0 -0.26394 0 0.964539 -0.964539 0 -0.26394 41677.dat
1 71 -45 -853.05 160.595 0 1 0 0.26394 0 0.964539 0.964539 0 -0.26394 41677.dat
1 71 45 -853.05 160.595 0 -1 0 -0.26394 0 0.964539 -0.964539 0 -0.26394 41677.dat
1 71 30 -833.759 155.316 1 0 0 0 0.26394 -0.964539 0 0.964539 0.26394 4274.dat
1 1 30 -872.34 165.874 1 0 0 0 0.26394 -0.964539 0 0.964539 0.26394 43093.dat
1 1 -30 -872.34 165.874 -1 0 0 0 0.26394 0.964539 0 0.964539 -0.26394 43093.dat
1 4 20 -789.819 88.4774 0 -1 0 0.574064 0 -0.81881 0.81881 0 0.574064 6629.dat
1 4 -20 -789.819 88.4774 0 -1 0 0.574064 0 -0.81881 0.81881 0 0.574064 6629.dat
1 71 0 -873.622 205.853 1 0 0 0 0.999214 -0.0396438 0 0.0396438 0.999214 4519.dat
1 71 0 -822.571 111.44 -1 0 0 0 0.574064 0.81881 0 0.81881 -0.574064 32556.dat
1 71 0 -872.981 185.863 -1 0 0 0 0.574064 0.81881 0 0.81881 -0.574064 32556.dat
1 71 0 -872.981 185.863 0 0 1 0.81881 0.574064 0 -0.574064 0.81881 0 42610.dat
1 71 0 -365.456 -27.6929 0 0 1 0.964539 0.26394 0 -0.26394 0.964539 0 42610.dat
1 15 0 -751.271 77.8833 0 1 0 -0.26394 0 -0.964539 -0.964539 0 0.26394 32316.dat
1 0 0 -751.271 77.8833 -1 0 0 0 -0.26394 -0.964539 0 -0.964539 0.26394 6558.dat
1 71 0 -789.819 88.4774 -1 0 0 0 -0.574064 -0.81881 0 -0.81881 0.574064 4519.dat
1 71 0 -806.195 99.9587 -1 0 0 0 -0.574064 -0.81881 0 -0.81881 0.574064 4519.dat
1 72 0 -806.195 99.9587 -1 0 0 0 -0.574064 -0.81881 0 -0.81881 0.574064 6536.dat
1 15 -20 -151.809 -164.254 0 -1 0 0.601815 0 0.798635 -0.798635 0 0.601815 32278.dat
1 15 20 -151.809 -164.254 0 1 0 -0.601815 0 0.798635 0.798635 0 0.601815 32278.dat
0 IsGroupRef
1 0 0 -247.645 -236.472 1 0 0 0 0.601815 0.798635 0 -0.798635 0.601815 6558.dat
1 15 0 -279.591 -260.545 0 -1 0 0.601815 0 0.798635 -0.798635 0 0.601815 32316.dat
1 0 0 -279.591 -260.545 1 0 0 0 0.601815 0.798635 0 -0.798635 0.601815 6558.dat
1 0 0 -311.536 -284.617 1 0 0 0 0.601815 0.798635 0 -0.798635 0.601815 6558.dat
1 0 0 -263.618 -248.508 1 0 0 0 0.601815 0.798635 0 -0.798635 0.601815 6558.dat
1 0 30 -982.39 -790.142 1 0 0 0 0.601815 0.798635 0 -0.798635 0.601815 2780.dat
1 15 -20 -391.4 -344.799 0 -1 0 0.601815 0 0.798635 -0.798635 0 0.601815 32278.dat
1 72 -30 -327.509 -296.653 -1 0 0 0 0.601815 -0.798635 0 -0.798635 -0.601815 32002.dat
1 15 20 -391.4 -344.799 0 -1 0 0.601815 0 0.798635 -0.798635 0 0.601815 32278.dat
1 72 30 -295.563 -272.581 1 0 0 0 0.601815 0.798635 0 -0.798635 0.601815 32002.dat
1 15 0 -503.209 -429.053 0 -1 0 -0.601815 0 -0.798635 0.798635 0 -0.601815 32316.dat
1 0 0 -519.181 -441.089 1 0 0 0 -0.601815 -0.798635 0 0.798635 -0.601815 6558.dat
1 0 0 -503.209 -429.053 1 0 0 0 -0.601815 -0.798635 0 0.798635 -0.601815 6558.dat
1 0 0 -471.263 -404.98 1 0 0 0 -0.601815 -0.798635 0 0.798635 -0.601815 6558.dat
1 0 0 -535.154 -453.125 1 0 0 0 -0.601815 -0.798635 0 0.798635 -0.601815 6558.dat
1 72 -30 -615.018 -513.307 -1 0 0 0 0.601815 -0.798635 0 -0.798635 -0.601815 32002.dat
1 71 -30 -977.979 -728.655 -1 0 0 0 0.722973 -0.690876 0 -0.690876 -0.722973 4274.dat
1 71 30 -977.979 -728.655 1 0 0 0 0.722973 0.690876 0 -0.690876 0.722973 4274.dat
1 15 20 -343.381 -242.357 0 -1 0 0.601815 0 0.798635 -0.798635 0 0.601815 32278.dat
1 72 30 -439.217 -314.575 1 0 0 0 0.601815 0.798635 0 -0.798635 0.601815 32002.dat
1 4 0 -902.526 -729.96 0 1 0 0.601815 0 -0.798635 -0.798635 0 -0.601815 32140.dat
1 0 0 -991.796 -743.115 1 0 0 0 0.722973 0.690876 0 -0.690876 0.722973 3706.dat
1 1 -10 -964.161 -714.196 1 0 0 0 0.722973 0.690876 0 -0.690876 0.722973 43093.dat
1 0 0 -950.444 -766.069 -1 0 0 0 -0.601815 0.798635 0 0.798635 0.601815 6558.dat
1 71 45 -991.796 -743.115 0 -1 0 0.722973 0 0.690876 -0.690876 0 0.722973 41677.dat
1 71 -45 -991.796 -743.115 0 1 0 -0.722973 0 0.690876 0.690876 0 0.722973 41677.dat
1 15 -20 -343.381 -242.357 0 -1 0 0.601815 0 0.798635 -0.798635 0 0.601815 32278.dat
1 72 -30 -407.272 -290.503 -1 0 0 0 0.601815 -0.798635 0 -0.798635 -0.601815 32002.dat
1 15 0 -455.19 -326.611 0 -1 0 -0.601815 0 -0.798635 0.798635 0 -0.601815 32316.dat
1 0 0 -471.163 -338.648 1 0 0 0 -0.601815 -0.798635 0 0.798635 -0.601815 6558.dat
1 0 0 -487.135 -350.684 1 0 0 0 -0.601815 -0.798635 0 0.798635 -0.601815 6558.dat
1 0 0 -423.245 -302.539 1 0 0 0 -0.601815 -0.798635 0 0.798635 -0.601815 6558.dat
1 0 0 -455.19 -326.611 1 0 0 0 -0.601815 -0.798635 0 0.798635 -0.601815 6558.dat
1 72 30 -598.944 -434.938 1 0 0 0 0.601815 0.798635 0 -0.798635 0.601815 32002.dat
1 72 -30 -598.944 -434.938 -1 0 0 0 0.601815 -0.798635 0 -0.798635 -0.601815 32002.dat
1 71 35 -207.663 -173.215 0 -1 0 -0.0768907 0 0.997039 -0.997039 0 -0.0768907 32017.dat
1 72 30 -167.782 -176.29 1 0 0 0 0.601815 0.798635 0 -0.798635 0.601815 32002.dat
1 72 30 -247.545 -170.14 1 0 0 0 0.601815 0.798635 0 -0.798635 0.601815 32002.dat
1 71 -35 -207.663 -173.215 0 1 0 0.0768907 0 0.997039 0.997039 0 -0.0768907 32017.dat
1 72 -30 -167.782 -176.29 -1 0 0 0 0.601815 -0.798635 0 -0.798635 -0.601815 32002.dat
1 72 -30 -247.545 -170.14 -1 0 0 0 0.601815 -0.798635 0 -0.798635 -0.601815 32002.dat
1 71 35 -367.39 -293.578 0 -1 0 -0.0768907 0 0.997039 -0.997039 0 -0.0768907 32017.dat
1 72 30 -327.509 -296.653 1 0 0 0 0.601815 0.798635 0 -0.798635 0.601815 32002.dat
1 72 30 -407.272 -290.503 1 0 0 0 0.601815 0.798635 0 -0.798635 0.601815 32002.dat
1 71 -35 -367.39 -293.578 0 1 0 0.0768907 0 0.997039 0.997039 0 -0.0768907 32017.dat
1 71 35 -527.118 -413.941 0 -1 0 -0.0768907 0 0.997039 -0.997039 0 -0.0768907 32017.dat
1 72 30 -487.236 -417.017 1 0 0 0 0.601815 0.798635 0 -0.798635 0.601815 32002.dat
1 72 30 -566.999 -410.866 1 0 0 0 0.601815 0.798635 0 -0.798635 0.601815 32002.dat
1 71 -35 -527.118 -413.941 0 1 0 0.0768907 0 0.997039 0.997039 0 -0.0768907 32017.dat
1 72 -30 -487.236 -417.017 -1 0 0 0 0.601815 -0.798635 0 -0.798635 -0.601815 32002.dat
1 72 -30 -566.999 -410.866 -1 0 0 0 0.601815 -0.798635 0 -0.798635 -0.601815 32002.dat
1 71 -35 -606.981 -474.123 0 -1 0 0.979608 0 0.200913 -0.200913 0 0.979608 32017.dat
1 71 35 -606.981 -474.123 0 -1 0 0.979608 0 0.200913 -0.200913 0 0.979608 32017.dat
1 72 30 -615.018 -513.307 1 0 0 0 0.601815 0.798635 0 -0.798635 0.601815 32002.dat
1 71 35 -447.254 -353.76 0 -1 0 0.979609 0 0.200913 -0.200913 0 0.979609 32017.dat
1 72 30 -455.29 -392.944 1 0 0 0 0.601815 0.798635 0 -0.798635 0.601815 32002.dat
1 71 -35 -447.254 -353.76 0 -1 0 0.979609 0 0.200913 -0.200913 0 0.979609 32017.dat
1 72 -30 -455.29 -392.944 -1 0 0 0 0.601815 -0.798635 0 -0.798635 -0.601815 32002.dat
1 72 -30 -439.217 -314.575 -1 0 0 0 0.601815 -0.798635 0 -0.798635 -0.601815 32002.dat
1 71 35 -287.527 -233.397 0 -1 0 0.979609 0 0.200913 -0.200913 0 0.979609 32017.dat
1 72 30 -279.49 -194.212 1 0 0 0 0.601815 0.798635 0 -0.798635 0.601815 32002.dat
1 71 -35 -287.527 -233.397 0 -1 0 0.979609 0 0.200913 -0.200913 0 0.979609 32017.dat
1 72 -30 -295.563 -272.581 -1 0 0 0 0.601815 -0.798635 0 -0.798635 -0.601815 32002.dat
1 72 -30 -279.49 -194.212 -1 0 0 0 0.601815 -0.798635 0 -0.798635 -0.601815 32002.dat
1 0 0 -215.599 -146.067 1 0 0 0 0.444421 0.895818 0 -0.895818 0.444421 6558.dat
1 0 0 -231.572 -158.103 1 0 0 0 0.601815 0.798635 0 -0.798635 0.601815 6558.dat
1 15 20 -143.125 -112.247 0 -1 0 0.423003 0 0.906443 -0.906443 0 0.423003 40490.dat
1 0 -30 -982.39 -790.142 1 0 0 0 0.601815 0.798635 0 -0.798635 0.601815 2780.dat
1 0 0 -63.346 -85.2546 1 0 0 0 0.731838 0.681478 0 -0.681478 0.731838 32138.dat
1 71 0 -975.448 -834.321 1 0 0 0 0.580619 0.814175 0 -0.814175 0.580619 4519.dat
1 71 0 -987.061 -818.038 0 0 -1 0.814175 0.580619 0 0.580619 -0.814175 0 42610.dat
1 71 0 -987.061 -818.038 1 0 0 0 0.580619 0.814175 0 -0.814175 0.580619 32556.dat
1 4 -20 -977.979 -728.655 0 -1 0 -0.722973 0 -0.690876 0.690876 0 -0.722973 32316.dat
1 0 0 -950.344 -699.737 1 0 0 0 -0.601815 -0.798635 0 0.798635 -0.601815 6558.dat
1 15 20 -630.99 -525.343 0 1 0 -0.601815 0 0.798635 0.798635 0 0.601815 32278.dat
1 15 -20 -630.99 -525.343 0 -1 0 0.601815 0 0.798635 -0.798635 0 0.601815 32278.dat
1 15 0 -758.772 -621.634 0 -1 0 0.601815 0 0.798635 -0.798635 0 0.601815 32316.dat
1 15 20 -870.581 -705.888 0 -1 0 0.601815 0 0.798635 -0.798635 0 0.601815 32278.dat
1 15 -20 -870.581 -705.888 0 -1 0 0.601815 0 0.798635 -0.798635 0 0.601815 32278.dat
1 0 0 -726.827 -597.561 1 0 0 0 0.601815 0.798635 0 -0.798635 0.601815 6558.dat
1 0 0 -742.799 -609.597 1 0 0 0 0.601815 0.798635 0 -0.798635 0.601815 6558.dat
1 0 0 -758.772 -621.634 1 0 0 0 0.601815 0.798635 0 -0.798635 0.601815 6558.dat
1 0 0 -790.717 -645.706 1 0 0 0 0.601815 0.798635 0 -0.798635 0.601815 6558.dat
1 71 0 -902.526 -729.96 -1 0 0 0 -0.601815 0.798635 0 0.798635 0.601815 4519.dat
1 0 0 -263.518 -182.176 1 0 0 0 0.601815 0.798635 0 -0.798635 0.601815 6558.dat
1 15 0 -247.545 -170.14 0 -1 0 -0.601815 0 -0.798635 0.798635 0 -0.601815 32316.dat
1 15 -20 -143.18 -112.28 0 -1 0 0.423003 0 0.906443 -0.906443 0 0.423003 40490.dat
1 15 20 -582.972 -422.902 0 1 0 -0.601815 0 0.798635 0.798635 0 0.601815 32278.dat
1 15 -20 -582.972 -422.902 0 -1 0 0.601815 0 0.798635 -0.798635 0 0.601815 32278.dat
1 15 0 -710.753 -519.192 0 -1 0 0.601815 0 0.798635 -0.798635 0 0.601815 32316.dat
1 15 20 -822.562 -603.446 0 -1 0 0.601815 0 0.798635 -0.798635 0 0.601815 32278.dat
1 15 -20 -822.562 -603.446 0 -1 0 0.601815 0 0.798635 -0.798635 0 0.601815 32278.dat
1 0 0 -742.699 -543.265 1 0 0 0 0.601815 0.798635 0 -0.798635 0.601815 6558.dat
1 0 0 -710.753 -519.192 1 0 0 0 0.601815 0.798635 0 -0.798635 0.601815 6558.dat
1 0 0 -694.781 -507.156 1 0 0 0 0.601815 0.798635 0 -0.798635 0.601815 6558.dat
1 0 0 -678.808 -495.12 1 0 0 0 0.601815 0.798635 0 -0.798635 0.601815 6558.dat
1 0 0 -934.371 -687.701 1 0 0 0 -0.601815 -0.798635 0 0.798635 -0.601815 6558.dat
1 0 0 -902.426 -663.628 1 0 0 0 -0.601815 -0.798635 0 0.798635 -0.601815 6558.dat
1 15 0 -918.399 -675.664 0 -1 0 -0.601815 0 -0.798635 0.798635 0 -0.601815 32316.dat
1 72 30 -646.963 -537.38 1 0 0 0 0.601815 0.798635 0 -0.798635 0.601815 32002.dat
1 72 30 -726.726 -531.229 1 0 0 0 0.601815 0.798635 0 -0.798635 0.601815 32002.dat
1 71 35 -686.845 -534.304 0 -1 0 -0.0768907 0 0.997039 -0.997039 0 -0.0768907 32017.dat
1 72 -30 -726.726 -531.229 -1 0 0 0 0.601815 -0.798635 0 -0.798635 -0.601815 32002.dat
1 71 -35 -686.845 -534.304 0 1 0 0.0768907 0 0.997039 0.997039 0 -0.0768907 32017.dat
1 72 -30 -646.963 -537.38 -1 0 0 0 0.601815 -0.798635 0 -0.798635 -0.601815 32002.dat
1 72 -30 -774.745 -633.67 -1 0 0 0 0.601815 -0.798635 0 -0.798635 -0.601815 32002.dat
1 72 -30 -758.672 -555.301 -1 0 0 0 0.601815 -0.798635 0 -0.798635 -0.601815 32002.dat
1 71 -35 -766.708 -594.486 0 -1 0 0.979608 0 0.200913 -0.200913 0 0.979608 32017.dat
1 72 30 -758.672 -555.301 1 0 0 0 0.601815 0.798635 0 -0.798635 0.601815 32002.dat
1 71 35 -766.708 -594.486 0 -1 0 0.979608 0 0.200913 -0.200913 0 0.979608 32017.dat
1 72 30 -774.745 -633.67 1 0 0 0 0.601815 0.798635 0 -0.798635 0.601815 32002.dat
1 72 30 -806.69 -657.742 1 0 0 0 0.601815 0.798635 0 -0.798635 0.601815 32002.dat
1 72 30 -886.453 -651.592 1 0 0 0 0.601815 0.798635 0 -0.798635 0.601815 32002.dat
1 71 35 -846.572 -654.667 0 -1 0 -0.0768907 0 0.997039 -0.997039 0 -0.0768907 32017.dat
1 72 -30 -886.453 -651.592 -1 0 0 0 0.601815 -0.798635 0 -0.798635 -0.601815 32002.dat
1 71 -35 -846.572 -654.667 0 1 0 0.0768907 0 0.997039 0.997039 0 -0.0768907 32017.dat
1 72 -30 -806.69 -657.742 -1 0 0 0 0.601815 -0.798635 0 -0.798635 -0.601815 32002.dat
1 72 -30 -934.472 -754.033 -1 0 0 0 0.601815 -0.798635 0 -0.798635 -0.601815 32002.dat
1 72 -30 -918.399 -675.664 -1 0 0 0 0.601815 -0.798635 0 -0.798635 -0.601815 32002.dat
1 71 -35 -926.435 -714.849 0 -1 0 0.979608 0 0.200913 -0.200913 0 0.979608 32017.dat
1 72 30 -918.399 -675.664 1 0 0 0 0.601815 0.798635 0 -0.798635 0.601815 32002.dat
1 71 35 -926.435 -714.849 0 -1 0 0.979608 0 0.200913 -0.200913 0 0.979608 32017.dat
1 72 30 -934.472 -754.033 1 0 0 0 0.601815 0.798635 0 -0.798635 0.601815 32002.dat
1 4 -40 -1028.84 -725.007 0 -1 0 -0.814175 0 0.580619 -0.580619 0 -0.814175 32526.dat
1 4 40 -1028.84 -725.007 0 -1 0 -0.814175 0 0.580619 -0.580619 0 -0.814175 32526.dat
1 0 30 -994.002 -773.858 1 0 0 0 -0.814175 0.580619 0 -0.580619 -0.814175 2780.dat
1 0 -30 -994.002 -773.858 1 0 0 0 -0.814175 0.580619 0 -0.580619 -0.814175 2780.dat
1 0 30 -998.673 -801.754 1 0 0 0 -0.814175 0.580619 0 -0.580619 -0.814175 2780.dat
1 0 -30 -998.673 -801.754 1 0 0 0 -0.814175 0.580619 0 -0.580619 -0.814175 2780.dat
1 4 20 -975.448 -834.321 0 -1 0 0.814175 0 -0.580619 0.580619 0 0.814175 32140.dat
1 4 -20 -975.448 -834.321 0 -1 0 0.814175 0 -0.580619 0.580619 0 0.814175 32140.dat
1 71 0 -1010.29 -785.47 1 0 0 0 0.580619 0.814175 0 -0.814175 0.580619 32556.dat
1 71 0 -1010.29 -785.47 0 0 -1 0.814175 0.580619 0 0.580619 -0.814175 0 42610.dat
1 4 20 -977.979 -728.655 0 -1 0 -0.722973 0 -0.690876 0.690876 0 -0.722973 32316.dat
1 0 30 -1005.61 -757.575 1 0 0 0 -0.798635 0.601815 0 -0.601815 -0.798635 2780.dat
1 0 -30 -1005.61 -757.575 1 0 0 0 -0.798635 0.601815 0 -0.601815 -0.798635 2780.dat
1 71 -5 -964.161 -714.196 0 -1 0 -0.722973 0 -0.690876 0.690876 0 -0.722973 6632.dat
1 71 5 -964.161 -714.196 0 -1 0 -0.722973 0 -0.690876 0.690876 0 -0.722973 6632.dat
1 71 -35 -991.796 -743.115 0 0 1 -0.722973 -0.690876 0 0.690876 -0.722973 0 32123b.dat
1 71 35 -991.796 -743.115 0 0 1 -0.722973 -0.690876 0 0.690876 -0.722973 0 32123b.dat
1 71 0 -40 -80 -1 0 0 0 1 0 0 0 -1 44294.dat
1 4 0 -938.408 -782.042 -1 0 0 0 -0.601815 0.798635 0 0.798635 0.601815 32062.dat
1 71 15 -938.408 -782.042 0 0 1 -0.798635 0.601815 0 -0.601815 -0.798635 0 32123b.dat
1 71 -15 -938.408 -782.042 0 0 1 -0.798635 0.601815 0 -0.601815 -0.798635 0 32123b.dat
1 71 -90 -58 380 1 0 0 0 1 0 0 0 1 2476a.dat
1 71 90 -58 380 1 0 0 0 1 0 0 0 1 2476a.dat
1 0 -90 -66 380 1 0 0 0 1 0 0 0 1 3795.dat
1 0 90 -66 380 1 0 0 0 1 0 0 0 1 3795.dat
1 0 -90 -122 380 1 0 0 0 1 0 0 0 1 3795.dat
1 0 90 -122 380 1 0 0 0 1 0 0 0 1 3795.dat
1 0 -90 -122 350 1 0 0 0 1 0 0 0 1 3666.dat
1 0 90 -122 350 1 0 0 0 1 0 0 0 1 3666.dat
1 0 -90 -66 350 1 0 0 0 1 0 0 0 1 3666.dat
1 0 90 -66 350 1 0 0 0 1 0 0 0 1 3666.dat
1 0 -90 -114 360 1 0 0 0 1 0 0 0 1 73090b.dat
1 0 90 -114 360 1 0 0 0 1 0 0 0 1 73090b.dat
1 0 -40 -130 370 0 0 1 0 1 0 -1 0 0 3623.dat
1 0 40 -130 370 0 0 -1 0 1 0 1 0 0 3623.dat
1 0 -50 -90 390 -1 0 0 0 1 0 0 0 -1 32000.dat
1 0 50 -90 390 -1 0 0 0 1 0 0 0 -1 32000.dat
1 0 -60 -80 400 0 0 -1 0 1 0 1 0 0 2780.dat
1 0 60 -80 400 0 0 1 0 1 0 -1 0 0 2780.dat
1 0 -40 -80 400 0 0 -1 0 1 0 1 0 0 2780.dat
1 0 40 -80 400 0 0 1 0 1 0 -1 0 0 2780.dat
1 0 -50 -114 400 0 0 -1 0 1 0 1 0 0 3003.dat
1 0 50 -114 400 0 0 1 0 1 0 -1 0 0 3003.dat
1 0 -110 -114 400 0 0 1 0 1 0 -1 0 0 41767.dat
1 0 110 -114 400 0 0 -1 0 1 0 1 0 0 41768.dat
1 0 -110 -90 400 0 0 1 0 1 0 -1 0 0 41767.dat
1 0 110 -90 400 0 0 -1 0 1 0 1 0 0 41768.dat
1 4 0 -80 410 0 0 1 -1 0 0 0 -1 0 32524.dat
1 71 0 -80 425 0 1 0 -1 0 0 0 0 1 32123b.dat
1 71 0 -106.867 -95.3269 -1 0 0 0 -0.422882 0.906443 0 0.906185 0.423003 4519.dat
1 0 0 -88.7384 -86.8668 -1 0 0 0 -0.422882 0.906443 0 0.906185 0.423003 3705.dat
1 71 -5 -106.867 -95.3269 0 1 0 -0.422882 0 0.906443 0.906185 0 0.423003 41677.dat
1 71 5 -106.867 -95.3269 0 1 0 -0.422882 0 0.906443 0.906185 0 0.423003 41677.dat
1 71 35 -88.7384 -86.8668 0 1 0 -0.906185 0 -0.423003 -0.422882 0 0.906443 41677.dat
1 71 -35 -88.7384 -86.8668 0 1 0 -0.906185 0 -0.423003 -0.422882 0 0.906443 41677.dat
1 4 0 -60 320 1 0 0 0 1 0 0 0 1 32062.dat
1 71 -15 -60 320 0 0 -1 0 1 0 1 0 0 32123b.dat
1 71 15 -60 320 0 0 -1 0 1 0 1 0 0 32123b.dat
1 4 0 -817.676 83.5825 0 0 -1 0.81881 -0.574064 0 -0.574064 -0.81881 0 32062.dat
1 71 0 -829.958 92.1934 -1 0 0 0 -0.574064 -0.81881 0 -0.81881 0.574064 32123b.dat
1 71 0 -805.394 74.9715 -1 0 0 0 -0.574064 -0.81881 0 -0.81881 0.574064 32123b.dat
1 71 0 -640 -802 0 0 1 0 -1 0 1 0 0 42003.dat
1 71 0 -620 -802 0 0 1 0 -1 0 1 0 0 4519.dat
1 71 0 -620 -787 1 0 0 0 -1 0 0 0 -1 32123b.dat
1 71 0 -620 -817 1 0 0 0 -1 0 0 0 -1 32123b.dat
1 71 0 -620 -827 1 0 0 0 0 -1 0 1 0 41677.dat
1 71 0 -620 -777 1 0 0 0 0 -1 0 1 0 41677.dat
1 4 15 -700 -802 0 -1 0 0 0 1 -1 0 0 2905.dat
1 4 -15 -700 -802 0 -1 0 0 0 1 -1 0 0 2905.dat
1 72 10 -700 -782 1 0 0 0 0 -1 0 1 0 32002.dat
1 72 10 -700 -822 1 0 0 0 0 -1 0 1 0 32002.dat
1 4 0 -700 -762 1 0 0 0 0 -1 0 1 0 32062.dat
1 4 0 -700 -842 1 0 0 0 0 -1 0 1 0 32062.dat
1 71 0 -700 -822 0 0 -1 -1 0 0 0 1 0 42610.dat
1 71 0 -700 -782 0 0 -1 -1 0 0 0 1 0 42610.dat
1 71 0.0336113 -907.647 -111.272 1 0 0 0 0.994178 0.113256 0 -0.113256 0.994178 4519.dat
1 4 15.0336 -904.249 -81.4463 0 -1 0 0.994178 0 0.113256 -0.113256 0 0.994178 32449.dat
1 4 -14.9664 -904.249 -81.4463 0 -1 0 0.994178 0 0.113256 -0.113256 0 0.994178 32449.dat
1 4 0.0336113 -900.852 -51.6209 1 0 0 0 0.994178 0.113256 0 -0.113256 0.994178 32062.dat
1 71 0.0336113 -905.382 -91.3881 -1 0 0 0 0.994178 -0.113256 0 -0.113256 -0.994178 32556.dat
1 4 0.0336113 -907.647 -111.272 0 -1 0 -0.994178 0 -0.113256 0.113256 0 -0.994178 32523.dat
1 4 25.0336 -906.515 -101.33 0 -1 0 0.994178 0 0.113256 -0.113256 0 0.994178 32449.dat
1 4 -24.9664 -906.515 -101.33 0 -1 0 0.994178 0 0.113256 -0.113256 0 0.994178 32449.dat
1 71 0.0336113 -900.852 -51.6209 0 0 -1 0.994178 -0.113256 0 -0.113256 -0.994178 0 42610.dat
1 0 -9.96639 -909.912 -131.155 0 -1 0 -0.113256 0 0.994178 -0.994178 0 -0.113256 572a.dat
1 0 -38 -977.979 -728.655 0 1 0 -0.113256 0 -0.994178 -0.994178 0 0.113256 572a.dat
1 0 10.0336 -909.912 -131.155 0 1 0 -0.113256 0 -0.994178 -0.994178 0 0.113256 572a.dat
1 0 38 -977.979 -728.655 0 -1 0 -0.113256 0 0.994178 -0.994178 0 -0.113256 572a.dat
1 72 -80 -60 -100 0 -1 0 1 0 0 0 0 1 32140.dat
1 71 -80 -60 -100 1 0 0 0 1 0 0 0 1 4519.dat
1 71 -80 -60 -80 1 0 0 0 1 0 0 0 1 4519.dat
1 71 -95 -60 -80 0 0 1 0 1 0 -1 0 0 32123b.dat
1 71 -65 -60 -80 0 0 1 0 1 0 -1 0 0 32123b.dat
1 72 -80 -60 -100 1 0 0 0 1 0 0 0 1 41678.dat
1 0 -80 -60 -60 1 0 0 0 1 0 0 0 1 6558.dat
1 71 -90 -70 -120 0 -1 0 -1 0 0 0 0 -1 4274.dat
1 71 -70 -70 -120 0 -1 0 -1 0 0 0 0 -1 4274.dat
1 72 -80 -78 -120 1 0 0 0 1 0 0 0 1 3023.dat
1 72 -105 -60 -80 0 1 0 0 0 -1 -1 0 0 32250.dat
1 72 -55 -60 -80 0 1 0 0 0 -1 -1 0 0 32250.dat
1 15 -60 -100 -60 0 1 0 0 0 -1 -1 0 0 32316.dat
1 15 -100 -100 -60 0 1 0 0 0 -1 -1 0 0 32316.dat
1 0 -80 -120 -60 1 0 0 0 1 0 0 0 1 6558.dat
1 71 -80 -140 -80 1 0 0 0 1 0 0 0 1 4519.dat
1 71 -80 -140 -60 1 0 0 0 1 0 0 0 1 4519.dat
1 15 -75 -140 -60 0 1 0 1 0 0 0 0 -1 32056.dat
1 15 -85 -140 -60 0 1 0 1 0 0 0 0 -1 32056.dat
1 15 -95 -140 -80 0 1 0 1 0 0 0 0 -1 41677.dat
1 15 -65 -140 -80 0 1 0 1 0 0 0 0 -1 41677.dat
1 4 -80 -140 -100 -1 0 0 0 1 0 0 0 -1 32062.dat
1 4 0 -262 -782 0 0 1 -1 0 0 0 -1 0 32278.dat
1 71 -140 -262 -772 0 0 -1 0 1 0 1 0 0 4274.dat
1 71 140 -262 -772 0 0 -1 0 1 0 1 0 0 4274.dat
1 71 -80 -262 -802 0 0 1 0 1 0 -1 0 0 32556.dat
1 1 -100 -262 -772 0 0 -1 0 1 0 1 0 0 43093.dat
1 1 100 -262 -772 0 0 -1 0 1 0 1 0 0 43093.dat
1 71 80 -262 -802 0 0 1 0 1 0 -1 0 0 32556.dat
1 71 -120 -262 -767 0 0 1 -1 0 0 0 -1 0 41677.dat
1 71 120 -262 -767 0 0 -1 1 0 0 0 -1 0 41677.dat
1 71 -140 -262 -757 0 0 1 -1 0 0 0 -1 0 41677.dat
1 71 140 -262 -757 0 0 -1 1 0 0 0 -1 0 41677.dat
1 0 -120 -262 -802 0 0 1 0 -1 0 1 0 0 3706.dat
1 0 120 -262 -802 0 0 -1 0 -1 0 -1 0 0 3706.dat
1 71 -120 -262 -797 -1 0 0 0 0 1 0 1 0 6632.dat
1 71 120 -262 -797 -1 0 0 0 0 1 0 1 0 6632.dat
