0 Main
0 Name: 7910-1 - Robot Promotional (Duracell).ldr
0 Author: LTRON
1 25 0 0 0 0 0 -1 -1 0 0 0 1 0 3020.dat
1 15 0 -30 -8 -1 0 0 0 0 1 0 1 0 3839.dat
1 25 0 -30 -16 -1 0 0 0 0 1 0 1 0 2540.dat
1 0 -20 -10 -24 -1 0 0 0 0 1 0 1 0 30540.dat
1 0 20 -10 -24 1 0 0 0 0 -1 0 1 0 30540.dat
1 0 -10 20 -24 0 0 1 1 0 0 0 1 0 30540.dat
1 0 10 20 -24 0 0 1 1 0 0 0 1 0 30540.dat
1 15 20 10 -32 1 0 0 0 0 -1 0 1 0 43723.dat
1 15 -20 10 -32 1 0 0 0 0 -1 0 1 0 43722.dat
1 15 0 -52 -34 -1 0 0 0 1 0 0 0 -1 6019.dat
1 0 0 -44 -44 0 0 1 0 1 0 -1 0 0 3023.dat
1 36 0 -52 -54 0 0 1 0 1 0 -1 0 0 6141.dat
1 0 0 -60 -44 0 0 1 0 1 0 -1 0 0 2412.dat
1 0 0 30 -40 1 0 0 0 0 -1 0 1 0 2412.dat
1 0 0 0 -56 0 0 -1 -1 0 0 0 1 0 3300.dat
1 25 72.627 9.799 -14 -0.707 -0.707 0 -0.707 0.707 0 0 0 -1 44301.dat
1 25 -72.627 9.799 -14 0.707 0.707 0 -0.707 0.707 0 0 0 1 44301.dat
1 15 66.971 15.456 -14 0.707 -0.707 0 0.707 0.707 0 0 0 1 3839.dat
1 72 -74.042 22.527 -14 0.5 0.707 0.5 -0.5 0.707 -0.5 -0.707 0 0.707 4735.dat
1 0 30.719 73.89 -14 -0.383 -0.924 0 -0.924 0.383 0 0 0 -1 30386.dat
1 0 -30.719 73.89 -14 0.383 0.924 0 -0.924 0.383 0 0 0 1 30386.dat
1 72 42.961 111.433 -14 -1 0 0 0 1 0 0 0 -1 30383.dat
1 72 -42.961 111.433 -14 1 0 0 0 1 0 0 0 1 30383.dat
1 0 42.961 119.433 -24 1 0 0 0 1 0 0 0 1 3176.dat
1 0 -42.961 119.433 -24 1 0 0 0 1 0 0 0 1 3176.dat
