0 
0 Name: New Model.ldr
0 Author: 
1 0 198.433 -20 176.966 0.4226 0 0.9063 0 1 0 -0.9063 0 0.4226 32001.dat
1 70 198.433 -44 176.966 0.4226 0 0.9063 0 1 0 -0.9063 0 0.4226 6143.dat
1 0 292.067 -44 165.459 0.9063 0 -0.4226 0 1 0 0.4226 0 0.9063 2730.dat
1 0 249.807 -44 256.089 0.9063 0 -0.4226 0 1 0 0.4226 0 0.9063 2730.dat
1 19 223.789 -34 122.588 0.4226 0 0.9063 0 1 0 -0.9063 0 0.4226 3749.dat
1 19 368.797 -34 190.204 0.4226 0 0.9063 0 1 0 -0.9063 0 0.4226 3749.dat
1 19 318.085 -34 298.96 -0.4226 0 -0.9063 0 1 0 0.9063 0 -0.4226 3749.dat
1 19 173.077 -34 231.344 -0.4226 0 -0.9063 0 1 0 0.9063 0 -0.4226 3749.dat
1 0 198.433 -52 176.966 0.4226 0 0.9063 0 1 0 -0.9063 0 0.4226 32001.dat
1 72 343.441 -52 244.582 0.4226 0 0.9063 0 1 0 -0.9063 0 0.4226 3795.dat
1 72 206.274 -60 136.488 0.4226 0 0.9063 0 1 0 -0.9063 0 0.4226 44728.dat
1 72 172.466 -60 208.992 0.4226 0 0.9063 0 1 0 -0.9063 0 0.4226 44728.dat
1 70 373.634 -60 203.493 0.4226 0 0.9063 0 1 0 -0.9063 0 0.4226 6141.dat
1 70 331.374 -60 294.123 0.4226 0 0.9063 0 1 0 -0.9063 0 0.4226 6141.dat
1 72 346.445 -68 190.815 0.4226 0 0.9063 0 1 0 -0.9063 0 0.4226 61678.dat
1 72 304.185 -68 281.445 0.4226 0 0.9063 0 1 0 -0.9063 0 0.4226 61678.dat
1 72 237.689 -68 140.103 -0.4226 0 -0.9063 0 1 0 0.9063 0 -0.4226 61678.dat
1 72 195.429 -68 230.733 -0.4226 0 -0.9063 0 1 0 0.9063 0 -0.4226 61678.dat
1 0 227.5924 -34 114.4313 0 -0.4226 -0.9063 -1 0 0 0 0.9063 -0.4226 60474.dat
1 70 230.9732 -34 107.1809 0 -0.4226 -0.9063 -1 0 0 0 0.9063 -0.4226 4032.dat
1 70 375.9812 -34 174.7969 0 -0.4226 -0.9063 -1 0 0 0 0.9063 -0.4226 4032.dat
1 0 372.6004 -34 182.0473 0 -0.4226 -0.9063 -1 0 0 0 0.9063 -0.4226 60474.dat
1 70 310.9008 -34 314.3671 0 0.4226 0.9063 -1 0 0 0 -0.9063 0.4226 4032.dat
1 0 314.2816 -34 307.1167 0 0.4226 0.9063 -1 0 0 0 -0.9063 0.4226 60474.dat
1 70 165.8928 -34 246.7511 0 0.4226 0.9063 -1 0 0 0 -0.9063 0.4226 4032.dat
1 0 169.2736 -34 239.5007 0 0.4226 0.9063 -1 0 0 0 -0.9063 0.4226 60474.dat
1 1 263.707 -34 273.604 -0.4226 0 0.9063 0 -1 0 0.9063 0 0.4226 4274.dat
1 1 227.455 -34 256.7 -0.4226 0 0.9063 0 -1 0 0.9063 0 0.4226 4274.dat
1 1 315.2642 -34 163.0354 0.4226 0 -0.9063 0 -1 0 -0.9063 0 -0.4226 4274.dat
1 1 278.167 -34 147.944 0.4226 0 -0.9063 0 -1 0 -0.9063 0 -0.4226 4274.dat
1 70 299.6738 -34 149.1456 -0.9063 -0.4226 0 0 0 1 -0.4226 0.9063 0 2431.dat
1 70 242.2002 -34 272.4024 0.9063 0.4226 0 0 0 1 0.4226 -0.9063 0 2431.dat
1 71 198.433 -44 176.966 0 0.4226 0.9063 -1 0 0 0 -0.9063 0.4226 4519.dat
1 70 198.433 -82 176.966 -0.4226 -0.9063 0 0 0 -1 0.9063 -0.4226 0 32016.dat
1 71 212.306 -118.9552 183.4349 0.346841 0.4226 0.837331 -0.9239 0 0.3827 0.161729 -0.9063 0.39044 4519.dat
1 70 343.441 -60 244.582 -0.4226 0 -0.9063 0 1 0 0.9063 0 -0.4226 4032.dat
1 0 334.378 -84 240.356 -0.4226 0 -0.9063 0 1 0 0.9063 0 -0.4226 3039.dat
1 320 334.378 -92 240.356 -0.4226 0 -0.9063 0 1 0 0.9063 0 -0.4226 3069.dat
1 0 169.4314 -30 163.4428 -0.4226 0.9063 0 0 0 1 0.9063 0.4226 0 3666.dat
1 0 169.4314 -70 163.4428 -0.4226 0.9063 0 0 0 1 0.9063 0.4226 0 2419.dat
1 0 162.181 -40 160.062 -0.4226 0.9063 0 0 0 1 0.9063 0.4226 0 87580.dat
1 70 174.859 -70 132.873 0.4226 0.9063 0 0 0 -1 -0.9063 0.4226 0 6141.dat
1 70 141.051 -30 205.377 0.4226 0.9063 0 0 0 -1 -0.9063 0.4226 0 6141.dat
1 70 155.8538 -58.7618 154.7014 -0.391835 0.9063 0.158306 0.3746 0 0.9272 0.840321 0.4226 -0.3395 2431.dat
1 72 238.0285 -133.3645 195.4291 -0.837331 -0.346841 0.4226 -0.3827 0.9239 0 -0.39044 -0.161729 -0.9063 72454.dat
1 70 265.9232 -129.2747 208.4361 -0.4226 -0.346841 -0.837331 0 0.9239 -0.3827 0.9063 -0.161729 -0.39044 3747.dat
1 70 224.0566 -148.4097 188.9141 -0.4226 -0.346841 -0.837331 0 0.9239 -0.3827 0.9063 -0.161729 -0.39044 6143.dat
1 72 236.7346 -148.4097 161.7251 0.837331 -0.346841 -0.4226 0.3827 0.9239 0 0.39044 -0.161729 0.9063 99780.dat
1 72 270.2279 -133.1017 177.3427 0.837331 -0.346841 -0.4226 0.3827 0.9239 0 0.39044 -0.161729 0.9063 99780.dat
1 72 244.8719 -133.1017 231.7207 -0.837331 -0.346841 0.4226 -0.3827 0.9239 0 -0.39044 -0.161729 -0.9063 99780.dat
1 72 211.3786 -148.4097 216.1031 -0.837331 -0.346841 0.4226 -0.3827 0.9239 0 -0.39044 -0.161729 -0.9063 99780.dat
1 72 226.8314 -155.8009 190.2079 -0.4226 -0.346841 -0.837331 0 0.9239 -0.3827 0.9063 -0.161729 -0.39044 3709.dat
1 72 260.3246 -140.4929 205.8255 -0.4226 -0.346841 -0.837331 0 0.9239 -0.3827 0.9063 -0.161729 -0.39044 3709.dat
1 70 263.4721 -142.6035 149.9187 0.837331 -0.4226 0.346841 0.3827 0 -0.9239 0.39044 0.9063 0.161729 3023.dat
1 70 219.5217 -142.6035 244.174 -0.837331 0.4226 0.346841 -0.3827 0 -0.9239 -0.39044 -0.9063 0.161729 3023.dat
1 0 194.4018 -154.0845 232.4607 0.837331 0.4226 -0.346841 0.3827 0 0.9239 0.39044 -0.9063 -0.161729 61252.dat
1 0 238.3522 -154.0845 138.2055 -0.837331 -0.4226 -0.346841 -0.3827 0 0.9239 -0.39044 0.9063 -0.161729 61252.dat
1 0 258.4796 -146.4305 138.7639 -0.837331 -0.4226 -0.346841 -0.3827 0 0.9239 -0.39044 0.9063 -0.161729 44300.dat
1 72 261.6173 -151.8523 101.063 -0.62489 0.699409 -0.346841 -0.099043 0.36965 0.9239 0.774349 0.611677 -0.161729 44302.dat
1 72 262.9249 -155.7859 75.7884 0.346841 0.699409 -0.62489 -0.9239 0.36965 -0.099043 0.161729 0.611677 0.774349 61678.dat
1 70 249.7727 -155.8001 103.913 0.346841 0.699409 -0.62489 -0.9239 0.36965 -0.099043 0.161729 0.611677 0.774349 6141.dat
1 0 207.7676 -146.4305 247.5199 -0.837331 0.4226 0.346841 -0.3827 0 -0.9239 -0.39044 -0.9063 0.161729 44300.dat
1 72 180.9046 -151.8523 274.1579 0.191488 0.918146 0.346841 -0.099043 0.36965 -0.9239 -0.976441 0.142576 0.161729 44302.dat
1 70 175.474 -155.8001 263.2527 -0.346841 0.918146 0.191488 0.9239 0.36965 -0.099043 -0.161729 0.142576 -0.976441 6141.dat
1 72 162.3841 -155.7859 291.4063 -0.346841 0.918146 0.191488 0.9239 0.36965 -0.099043 -0.161729 0.142576 -0.976441 61678.dat
1 72 327.311 -109.8769 237.0607 -0.837331 -0.346841 0.4226 -0.3827 0.9239 0 -0.39044 -0.161729 -0.9063 3795.dat
1 0 369.1776 -90.7419 256.5827 -0.4226 -0.346841 -0.837331 0 0.9239 -0.3827 0.9063 -0.161729 -0.39044 85984.dat
1 0 292.3665 -132.5761 231.8 0.837331 -0.346841 -0.4226 0.3827 0.9239 0 0.39044 -0.161729 0.9063 4162.dat
1 0 300.8185 -132.5761 213.674 0.837331 -0.346841 -0.4226 0.3827 0.9239 0 0.39044 -0.161729 0.9063 4162.dat
1 72 226.7822 -181.8015 190.185 0.4226 -0.346841 0.837331 0 0.9239 0.3827 -0.9063 -0.161729 0.39044 32000.dat
1 0 256.2068 -174.1475 170.8048 0.837331 -0.346841 -0.4226 0.3827 0.9239 0 0.39044 -0.161729 0.9063 3622.dat
1 0 230.8509 -174.1475 225.1828 0.837331 -0.346841 -0.4226 0.3827 0.9239 0 0.39044 -0.161729 0.9063 3622.dat
1 0 289.7001 -158.8395 186.4224 -0.4226 -0.346841 -0.837331 0 0.9239 -0.3827 0.9063 -0.161729 -0.39044 4286.dat
1 0 264.3441 -158.8395 240.8004 -0.4226 -0.346841 -0.837331 0 0.9239 -0.3827 0.9063 -0.161729 -0.39044 4286.dat
1 72 237.9303 -185.3657 195.3832 -0.4226 -0.346841 -0.837331 0 0.9239 -0.3827 0.9063 -0.161729 -0.39044 3709.dat
1 72 271.4235 -170.0577 211.0009 -0.4226 -0.346841 -0.837331 0 0.9239 -0.3827 0.9063 -0.161729 -0.39044 3709.dat
1 179 258.6785 -166.0566 149.8902 0.4226 -0.346841 0.837331 0 0.9239 0.3827 -0.9063 -0.161729 0.39044 98347.dat
1 179 221.4424 -163.7604 242.8628 0.4226 -0.346841 0.837331 0 0.9239 0.3827 -0.9063 -0.161729 0.39044 98347.dat
1 4 366.2101 -111.5818 255.199 0.4226 -0.837331 -0.346841 0 -0.3827 0.9239 -0.9063 -0.39044 -0.161729 2432.dat
1 72 326.9992 -127.3382 236.9153 -0.4226 -0.346841 -0.837331 0 0.9239 -0.3827 0.9063 -0.161729 -0.39044 99780.dat
1 71 293.506 -142.6462 221.2977 -0.837331 -0.346841 0.4226 -0.3827 0.9239 0 -0.39044 -0.161729 -0.9063 3021.dat
1 70 304.654 -146.2104 226.4959 -0.837331 -0.346841 0.4226 -0.3827 0.9239 0 -0.39044 -0.161729 -0.9063 87079.dat
1 71 209.9559 -180.5992 171.3055 0.4226 -0.837331 -0.346841 0 -0.3827 0.9239 -0.9063 -0.39044 -0.161729 30192.dat
1 71 219.1665 -176.3895 175.6003 -0.837331 -0.346841 0.4226 -0.3827 0.9239 0 -0.39044 -0.161729 -0.9063 61184.dat
1 70 199.0706 -185.5743 166.2298 -0.346841 0.837331 0.4226 0.9239 0.3827 0 -0.161729 0.39044 -0.9063 59900.dat
1 71 191.5346 -189.0186 162.7158 0.4226 0.346841 -0.837331 0 -0.9239 -0.3827 -0.9063 0.161729 -0.39044 32123.dat
1 71 201.5039 -180.5992 189.4315 0.511664 -0.837331 0.192551 -0.800097 -0.3827 0.46195 -0.313093 -0.39044 -0.86572 30192.dat
1 71 210.7145 -176.3895 193.7263 -0.837331 0.192551 0.511664 -0.3827 0.46195 -0.800097 -0.39044 -0.86572 -0.313093 61184.dat
1 70 190.6186 -185.5743 184.3558 0.192551 0.837331 0.511664 0.46195 0.3827 -0.800097 -0.86572 0.39044 -0.313093 59900.dat
1 71 183.0826 -189.0186 180.8418 0.511664 -0.192551 -0.837331 -0.800097 -0.46195 -0.3827 -0.313093 0.86572 -0.39044 32123.dat
