0 Main
0 Name: 4917 - Mini Robots - Main.mpd
0 Author: LTRON
1 4 0 0 0 -1 0 0 0 -1 0 0 0 1 6143.dat
1 72 -10 8 0 0 0 1 0 -1 0 1 0 0 44567.dat
1 72 10 8 0 0 0 -1 0 -1 0 -1 0 0 44567.dat
1 4 0 16 -10 -1 0 0 0 -1 0 0 0 1 2436.dat
1 0 0 16 10 -1 0 0 0 -1 0 0 0 1 3023.dat
1 0 0 40 0 -1 0 0 0 -1 0 0 0 1 3043.dat
1 1 10 6 -48 0 0 -1 -1 0 0 0 1 0 3040.dat
1 1 -10 6 -48 0 0 1 1 0 0 0 1 0 3040.dat
1 0 43.328 32.951 0 -0.382684 -0.92388 0 -0.92388 0.382684 0 0 0 -1 44302.dat
1 1 54.546 39.128 0 0 -0.92388 -0.382684 0 0.382684 -0.92388 1 0 0 6019.dat
1 15 61.937 36.066 0 0 -0.92388 -0.382684 0 0.382684 -0.92388 1 0 0 3024.dat
1 15 39.501 23.712 0 0 -0.92388 0.382684 0 0.382684 0.92388 -1 0 0 54200.dat
1 0 -43.328 32.951 0 0.382684 0.92388 0 -0.92388 0.382684 0 0 0 1 44302.dat
1 1 -54.546 39.128 0 0 0.92388 0.382684 0 0.382684 -0.92388 -1 0 0 6019.dat
1 15 -61.937 36.066 0 0 0.92388 0.382684 0 0.382684 -0.92388 -1 0 0 3024.dat
1 15 -39.501 23.712 0 0 0.92388 -0.382684 0 0.382684 0.92388 1 0 0 54200.dat
1 4 60.5 86.5 10 0 0 -1 0 1 0 1 0 0 4032.dat
1 0 60.5 78.5 0 0 0 -1 0 1 0 1 0 0 3021.dat
1 1 60.5 70.5 20 -1 0 0 0 1 0 0 0 -1 3794.dat
1 1 60.5 70.5 -20 -1 0 0 0 1 0 0 0 -1 3794.dat
1 72 60.5 86.5 -30 1 0 0 0 1 0 0 0 1 4859.dat
1 15 50.5 86.5 -40 1 0 0 0 1 0 0 0 1 54200.dat
1 15 70.5 86.5 -40 1 0 0 0 1 0 0 0 1 54200.dat
1 72 60.5 62.5 0 0 0 -1 0 1 0 1 0 0 6190.dat
1 4 -60.5 86.5 10 0 0 -1 0 1 0 1 0 0 4032.dat
1 0 -60.5 78.5 0 0 0 -1 0 1 0 1 0 0 3021.dat
1 1 -60.5 70.5 20 -1 0 0 0 1 0 0 0 -1 3794.dat
1 1 -60.5 70.5 -20 -1 0 0 0 1 0 0 0 -1 3794.dat
1 72 -60.5 86.5 -30 1 0 0 0 1 0 0 0 1 4859.dat
1 15 -70.5 86.5 -40 1 0 0 0 1 0 0 0 1 54200.dat
1 15 -50.5 86.5 -40 1 0 0 0 1 0 0 0 1 54200.dat
1 72 -60.5 62.5 0 0 0 -1 0 1 0 1 0 0 6190.dat
1 1 0 -24 0 0 -1 0 1 0 0 0 0 1 3749.dat
1 72 0 -34 14 -1 0 0 0 0 1 0 1 0 3710.dat
1 15 -30 -34 6 0 0 1 1 0 0 0 1 0 4085.dat
1 15 30 -34 6 0 0 -1 -1 0 0 0 1 0 4085.dat
1 4 0 -34 -10 -1 0 0 0 0 1 0 1 0 3700.dat
1 0 -30 -44 -2 0 0 1 1 0 0 0 1 0 3023.dat
1 0 30 -44 -2 0 0 1 1 0 0 0 1 0 3023.dat
1 15 -30 -34 -10 0 0 1 1 0 0 0 1 0 4085.dat
1 15 30 -34 -10 0 0 -1 -1 0 0 0 1 0 4085.dat
1 72 0 -34 -18 -1 0 0 0 0 1 0 1 0 3710.dat
1 0 0 -34 -26 -1 0 0 0 0 1 0 1 0 44728.dat
1 15 -30 -34 -34 -1 0 0 0 0 1 0 1 0 6091.dat
1 15 30 -34 -34 -1 0 0 0 0 1 0 1 0 6091.dat
1 0 0 -34 22 -1 0 0 0 0 1 0 1 0 3839.dat
1 15 0 -24 -34 1 0 0 0 0 -1 0 1 0 51739.dat
1 1 0 -34 -42 1 0 0 0 0 -1 0 1 0 2412.dat
1 1 0 -56 -6 -1 0 0 0 1 0 0 0 -1 4032.dat
1 38 -10 -64 -16 -1 0 0 0 1 0 0 0 -1 6141.dat
1 38 10 -64 -16 -1 0 0 0 1 0 0 0 -1 6141.dat
1 0 0 -64 4 -1 0 0 0 1 0 0 0 -1 3023.dat
1 33 -26 -68 28 -1 0 0 0 1 0 0 0 -1 4589.dat
1 33 26 -68 28 -1 0 0 0 1 0 0 0 -1 4589.dat
1 15 0 -88 -6 -1 0 0 0 1 0 0 0 -1 30367.dat
1 0 63.783 -48.63 2 0 0.656059 0.75471 0 0.75471 -0.656059 -1 0 0 48336.dat
1 15 48.035 -66.743 12 0 0.656059 -0.75471 0 0.75471 0.656059 1 0 0 4286.dat
1 33 63.783 -48.63 -8 0.75471 0.656059 0 -0.656059 0.75471 0 0 0 1 54200.dat
1 0 -63.783 -48.63 2 0 -0.656059 -0.75471 0 0.75471 -0.656059 1 0 0 48336.dat
1 15 -48.035 -66.743 12 0 -0.656059 0.75471 0 0.75471 0.656059 -1 0 0 4286.dat
1 33 -63.783 -48.63 -8 0.75471 -0.656059 0 0.656059 0.75471 0 0 0 1 54200.dat
1 1 65.556 -21.272 2 0 -0.707107 0.707107 0 0.707107 0.707107 -1 0 0 6019.dat
1 15 74.042 -1.473 -38 0.707107 -0.707107 0 0.707107 0.707107 0 0 0 1 4085.dat
1 1 68.385 4.184 -18 0 -0.707107 -0.707107 0 0.707107 -0.707107 1 0 0 3623.dat
1 15 74.042 -1.473 2 -0.707107 -0.707107 0 -0.707107 0.707107 0 0 0 -1 2420.dat
1 1 79.698 -7.13 -18 0 -0.707107 -0.707107 0 0.707107 -0.707107 1 0 0 3623.dat
1 0 85.355 -12.787 -38 -0.707107 -0.707107 0 -0.707107 0.707107 0 0 0 -1 2555.dat
1 72 78.284 -19.858 2 -0.707107 -0.707107 0 -0.707107 0.707107 0 0 0 -1 2412.dat
1 0 78.284 -5.716 -54 0.707107 0 -0.707107 0.707107 0 0.707107 0 -1 0 4599.dat
1 42 78.284 -5.716 -78 -0.707107 0 0.707107 -0.707107 0 -0.707107 0 -1 0 6141.dat
1 42 78.284 -5.716 -86 -0.707107 0 0.707107 -0.707107 0 -0.707107 0 -1 0 6141.dat
1 1 -65.556 -21.272 2 0 0.707107 -0.707107 0 0.707107 0.707107 1 0 0 6019.dat
1 15 -74.042 -1.473 -38 0.707107 0.707107 0 -0.707107 0.707107 0 0 0 1 4085.dat
1 1 -68.385 4.184 -18 0 0.707107 -0.707107 0 0.707107 0.707107 1 0 0 3623.dat
1 15 -74.042 -1.473 2 0 0.707107 0.707107 0 0.707107 -0.707107 -1 0 0 2420.dat
1 1 -79.698 -7.131 -18 0 0.707107 -0.707107 0 0.707107 0.707107 1 0 0 3623.dat
1 72 -78.284 -19.858 2 -0.707107 0.707107 0 0.707107 0.707107 0 0 0 -1 2412.dat
