0 Main
0 Name: 30022 - Bee.mpd
0 Author: LTRON
1 0 0 0 0 0 1 0 -1 0 0 0 0 1 87081.dat
1 0 -24 0 10 0 1 0 -1 0 0 0 0 1 30541.dat
1 0 -24 0 -10 0 1 0 -1 0 0 0 0 1 30541.dat
1 14 -24 -10 30 0 1 0 -1 0 0 0 0 1 3005.dat
1 14 -24 -10 -30 0 1 0 -1 0 0 0 0 1 3005.dat
1 14 -24 20 20 0 1 0 1 0 0 0 0 -1 87620.dat
1 14 -24 20 -20 0 1 0 0 0 -1 -1 0 0 87620.dat
1 0 -48 0 0 0 1 0 -1 0 0 0 0 1 87081.dat
1 14 -56 0 0 0 1 0 -1 0 0 0 0 1 4032.dat
1 0 -64 0 0 0 1 0 -1 0 0 0 0 1 6141.dat
1 14 -72 0 0 0 1 0 -1 0 0 0 0 1 43898.dat
1 0 -80 0 0 0 1 0 0 0 -1 -1 0 0 44567.dat
1 15 -88 0 10 0 1 0 -0.707107 0 -0.707107 -0.707107 0 0.707107 4592.dat
1 15 -88 0 -10 0 1 0 0.707107 0 -0.707107 -0.707107 0 -0.707107 4592.dat
1 0 -88 0 10 0 0.707107 0.707107 -0.707107 0.5 -0.5 -0.707107 -0.5 0.5 4593.dat
1 0 -88 0 -10 0 0.707107 0.707107 0.707107 0.5 -0.5 -0.707107 0.5 -0.5 4593.dat
1 0 48 0 0 0 -1 0 1 0 0 0 0 1 6141.dat
1 0 56 0 0 0 -1 0 0 0 -1 1 0 0 49668.dat
1 14 40 0 0 0 -1 0 1 0 0 0 0 1 43898.dat
1 1 24 0 0 1 0 0 0 1 0 0 0 1 4274.dat
1 0 -12 -30 40 0 0 1 0 1 0 -1 0 0 44302.dat
1 40 -12 -54 60 0 0 1 0 1 0 -1 0 0 30413.dat
1 0 -12 -30 -40 0 0 -1 0 1 0 1 0 0 44302.dat
1 40 -12 -54 -60 0 0 1 0 1 0 -1 0 0 30413.dat
