0 Main
0 Name: 21303 - WALLE.mpd
0 Author: LTRON
1 71 -80 8 20 0 0 1 0 1 0 -1 0 0 3034.dat
1 25 -80 0 -50 1 0 0 0 1 0 0 0 1 99207.dat
1 25 80 0 -50 1 0 0 0 1 0 0 0 1 99207.dat
1 71 80 8 20 0 0 1 0 1 0 -1 0 0 3034.dat
1 71 0 0 0 1 0 0 0 1 0 0 0 1 3030.dat
1 71 0 0 80 1 0 0 0 1 0 0 0 1 3030.dat
1 191 -90 -24 -50 1 0 0 0 1 0 0 0 1 2357.dat
1 191 -70 -24 -10 -1 0 0 0 1 0 0 0 -1 2357.dat
1 191 90 -24 -50 0 0 -1 0 1 0 1 0 0 2357.dat
1 191 70 -24 -10 0 0 1 0 1 0 -1 0 0 2357.dat
1 191 -80 -24 50 -1 0 0 0 1 0 0 0 -1 3004.dat
1 191 80 -24 50 -1 0 0 0 1 0 0 0 -1 3004.dat
1 1 -90 -14 20 -1 0 0 0 1 0 0 0 -1 6558.dat
1 72 -70 -24 20 0 0 -1 0 1 0 1 0 0 3700.dat
1 72 -90 -24 20 0 0 -1 0 1 0 1 0 0 3700.dat
1 1 90 -14 20 1 0 0 0 1 0 0 0 1 6558.dat
1 72 70 -24 20 0 0 1 0 1 0 -1 0 0 3700.dat
1 72 90 -24 20 0 0 1 0 1 0 -1 0 0 3700.dat
1 191 -70 -8 110 -1 0 0 0 1 0 0 0 -1 3623.dat
1 191 70 -8 110 -1 0 0 0 1 0 0 0 -1 3623.dat
1 191 -70 -8 80 -1 0 0 0 1 0 0 0 -1 3021.dat
1 191 70 -8 80 -1 0 0 0 1 0 0 0 -1 3021.dat
1 0 -50 -8 0 0 0 -1 0 1 0 1 0 0 3666.dat
1 0 50 -8 0 0 0 -1 0 1 0 1 0 0 3666.dat
1 191 -20 -8 60 0 0 -1 0 1 0 1 0 0 3795.dat
1 191 20 -8 60 0 0 -1 0 1 0 1 0 0 3795.dat
1 71 -20 -8 -40 -1 0 0 0 1 0 0 0 -1 98286.dat
1 71 20 -8 -40 -1 0 0 0 1 0 0 0 -1 98286.dat
1 71 -70 -32 0 0 0 -1 0 1 0 1 0 0 3666.dat
1 71 70 -32 0 0 0 -1 0 1 0 1 0 0 3666.dat
1 191 -90 -32 0 0 0 -1 0 1 0 1 0 0 6636.dat
1 191 90 -32 0 0 0 -1 0 1 0 1 0 0 6636.dat
1 191 -80 -32 70 1 0 0 0 1 0 0 0 1 3004.dat
1 191 80 -32 70 1 0 0 0 1 0 0 0 1 3004.dat
1 191 -90 -32 90 1 0 0 0 1 0 0 0 1 2357.dat
1 191 90 -32 90 0 0 -1 0 1 0 1 0 0 2357.dat
1 191 70 -32 110 -1 0 0 0 1 0 0 0 -1 3665.dat
1 191 -70 -32 110 -1 0 0 0 1 0 0 0 -1 3665.dat
1 70 -40 -32 110 -1 0 0 0 1 0 0 0 -1 3660.dat
1 70 0 -32 110 -1 0 0 0 1 0 0 0 -1 3660.dat
1 70 40 -32 110 -1 0 0 0 1 0 0 0 -1 3660.dat
1 72 0 -16 -40 -1 0 0 0 1 0 0 0 -1 3795.dat
1 72 -40 -16 40 0 0 -1 0 1 0 1 0 0 3795.dat
1 72 40 -16 40 0 0 -1 0 1 0 1 0 0 3795.dat
1 72 0 -16 90 1 0 0 0 1 0 0 0 1 3069.dat
1 72 -70 -56 50 0 0 1 0 1 0 -1 0 0 3622.dat
1 72 70 -56 50 0 0 1 0 1 0 -1 0 0 3622.dat
1 72 -70 -56 -20 0 0 1 0 1 0 -1 0 0 30414.dat
1 72 70 -56 -20 0 0 -1 0 1 0 1 0 0 30414.dat
1 191 70 -56 110 -1 0 0 0 1 0 0 0 -1 2357.dat
1 191 -70 -56 110 0 0 1 0 1 0 -1 0 0 2357.dat
1 191 0 -56 110 -1 0 0 0 1 0 0 0 -1 3010.dat
1 0 -88 -46 0 0 1 0 0 0 1 1 0 0 3666.dat
1 72 -96 -46 0 0 1 0 0 0 1 1 0 0 6636.dat
1 0 88 -46 0 0 -1 0 0 0 -1 1 0 0 3666.dat
1 72 96 -46 0 0 -1 0 0 0 -1 1 0 0 6636.dat
1 191 -90 -56 80 0 0 -1 0 1 0 1 0 0 3004.dat
1 191 90 -56 80 0 0 -1 0 1 0 1 0 0 3004.dat
1 191 -80 -64 40 0 0 -1 0 1 0 1 0 0 3795.dat
1 72 -80 -64 -40 0 0 -1 0 1 0 1 0 0 3022.dat
1 72 80 -64 -40 0 0 -1 0 1 0 1 0 0 3022.dat
1 191 80 -64 40 0 0 -1 0 1 0 1 0 0 3795.dat
1 72 80 -72 -50 1 0 0 0 1 0 0 0 1 44728.dat
1 72 -80 -72 -50 1 0 0 0 1 0 0 0 1 44728.dat
1 191 -90 -88 -20 0 0 1 0 1 0 -1 0 0 3004.dat
1 191 90 -88 -20 0 0 1 0 1 0 -1 0 0 3004.dat
1 191 -90 -88 10 -1 0 0 0 1 0 0 0 -1 4286.dat
1 191 90 -88 10 -1 0 0 0 1 0 0 0 -1 4286.dat
1 72 -70 -88 20 0 0 -1 0 1 0 1 0 0 3009.dat
1 72 70 -88 20 0 0 -1 0 1 0 1 0 0 3009.dat
1 0 0 -72 90 1 0 0 0 1 0 0 0 1 3460.dat
1 0 0 -80 90 1 0 0 0 1 0 0 0 1 3460.dat
1 0 0 -80 70 1 0 0 0 1 0 0 0 1 2362.dat
1 191 -90 -88 90 1 0 0 0 1 0 0 0 1 4287.dat
1 191 90 -88 90 1 0 0 0 1 0 0 0 1 4287.dat
1 72 -80 -96 -50 1 0 0 0 1 0 0 0 1 3700.dat
1 72 80 -96 -50 1 0 0 0 1 0 0 0 1 3700.dat
1 191 -70 -96 -30 1 0 0 0 1 0 0 0 1 3024.dat
1 191 70 -96 -30 1 0 0 0 1 0 0 0 1 3024.dat
1 72 70 -104 -50 1 0 0 0 1 0 0 0 1 2420.dat
1 72 -70 -104 -50 0 0 -1 0 1 0 1 0 0 2420.dat
1 72 -80 -112 -50 1 0 0 0 1 0 0 0 1 44728.dat
1 72 80 -112 -50 1 0 0 0 1 0 0 0 1 44728.dat
1 191 -70 -112 -30 1 0 0 0 1 0 0 0 1 3024.dat
1 191 70 -112 -30 1 0 0 0 1 0 0 0 1 3024.dat
1 191 -70 -56 130 -1 0 0 0 1 0 0 0 -1 3665.dat
1 191 70 -56 130 -1 0 0 0 1 0 0 0 -1 3665.dat
1 191 0 -40 130 -1 0 0 0 1 0 0 0 -1 3666.dat
1 191 0 -48 130 -1 0 0 0 1 0 0 0 -1 3666.dat
1 191 0 -56 130 -1 0 0 0 1 0 0 0 -1 6636.dat
1 71 -50 -80 110 -1 0 0 0 1 0 0 0 -1 3005.dat
1 71 50 -80 110 -1 0 0 0 1 0 0 0 -1 3005.dat
1 19 -70 -80 120 0 0 -1 0 1 0 1 0 0 32000.dat
1 19 70 -80 120 0 0 -1 0 1 0 1 0 0 32000.dat
1 191 -70 -80 150 -1 0 0 0 1 0 0 0 -1 87087.dat
1 191 70 -80 150 -1 0 0 0 1 0 0 0 -1 87087.dat
1 71 50 -70 150 1 0 0 0 1 0 0 0 1 32039.dat
1 71 50 -70 180 0 -1 0 0 0 1 -1 0 0 62462.dat
1 1 50 -70 160 0 0 1 0 1 0 -1 0 0 43093.dat
1 1 60 -70 130 -1 0 0 0 1 0 0 0 -1 43093.dat
1 71 -50 -70 150 -1 0 0 0 -1 0 0 0 1 32039.dat
1 71 -50 -70 180 0 1 0 0 0 -1 -1 0 0 62462.dat
1 1 -50 -70 160 0 0 -1 0 -1 0 -1 0 0 43093.dat
1 1 -60 -70 130 1 0 0 0 -1 0 0 0 -1 43093.dat
1 72 0 -80 110 -1 0 0 0 1 0 0 0 -1 30414.dat
1 191 -70 -88 120 0 0 1 0 1 0 -1 0 0 3710.dat
1 191 70 -88 120 0 0 1 0 1 0 -1 0 0 3710.dat
1 191 -40 -88 110 1 0 0 0 1 0 0 0 1 3023.dat
1 191 40 -88 110 1 0 0 0 1 0 0 0 1 3023.dat
1 191 0 -88 90 0 0 1 0 1 0 -1 0 0 3021.dat
1 191 -90 -56 110 -1 0 0 0 1 0 0 0 -1 3665.dat
1 191 -90 -80 110 0 0 1 0 1 0 -1 0 0 87087.dat
1 191 -90 -80 130 0 0 1 0 1 0 -1 0 0 87087.dat
1 191 -90 -88 120 0 0 1 0 1 0 -1 0 0 3023.dat
1 191 90 -56 110 -1 0 0 0 1 0 0 0 -1 3665.dat
1 191 90 -80 110 0 0 -1 0 1 0 1 0 0 87087.dat
1 191 90 -80 130 0 0 -1 0 1 0 1 0 0 87087.dat
1 191 90 -88 120 0 0 1 0 1 0 -1 0 0 3023.dat
1 72 -70 -112 40 0 0 1 0 1 0 -1 0 0 3009.dat
1 72 70 -112 40 0 0 1 0 1 0 -1 0 0 3009.dat
1 71 0 -96 110 -1 0 0 0 1 0 0 0 -1 3666.dat
1 191 -70 -112 130 0 0 1 0 1 0 -1 0 0 3622.dat
1 191 70 -112 130 0 0 1 0 1 0 -1 0 0 3622.dat
1 191 -90 -112 100 0 0 1 0 1 0 -1 0 0 3010.dat
1 191 90 -112 100 0 0 1 0 1 0 -1 0 0 3010.dat
1 191 -90 -112 -30 -1 0 0 0 1 0 0 0 -1 4286.dat
1 191 90 -112 -30 -1 0 0 0 1 0 0 0 -1 4286.dat
1 191 -90 -112 50 1 0 0 0 1 0 0 0 1 4287.dat
1 191 90 -112 50 1 0 0 0 1 0 0 0 1 4287.dat
1 1 -50 -120 110 -1 0 0 0 1 0 0 0 -1 87087.dat
1 1 50 -120 110 -1 0 0 0 1 0 0 0 -1 87087.dat
1 71 50 -110 128 -1 0 0 0 0 -1 0 -1 0 98138.dat
1 71 -50 -110 128 -1 0 0 0 0 -1 0 -1 0 98138.dat
1 72 0 -120 110 -1 0 0 0 1 0 0 0 -1 30414.dat
1 191 -70 -136 130 0 0 -1 0 1 0 1 0 0 2357.dat
1 191 70 -136 130 1 0 0 0 1 0 0 0 1 2357.dat
1 191 -80 -120 80 0 0 1 0 1 0 -1 0 0 3020.dat
1 191 80 -120 80 0 0 1 0 1 0 -1 0 0 3020.dat
1 71 40 -128 90 1 0 0 0 1 0 0 0 1 87552.dat
1 71 -40 -128 90 1 0 0 0 1 0 0 0 1 87552.dat
1 191 -60 -128 110 -1 0 0 0 1 0 0 0 -1 3710.dat
1 191 40 -128 110 -1 0 0 0 1 0 0 0 -1 3666.dat
1 71 0 -96 80 -1 0 0 0 1 0 0 0 -1 3022.dat
1 71 0 -104 80 -1 0 0 0 1 0 0 0 -1 3022.dat
1 0 -10 -128 80 0 0 1 0 1 0 -1 0 0 30364.dat
1 0 10 -128 80 0 0 1 0 1 0 -1 0 0 30364.dat
1 191 -80 -136 110 -1 0 0 0 1 0 0 0 -1 3023.dat
1 191 80 -136 110 -1 0 0 0 1 0 0 0 -1 3023.dat
1 191 0 -136 100 -1 0 0 0 1 0 0 0 -1 3795.dat
1 191 -80 -120 0 0 0 -1 0 1 0 1 0 0 3020.dat
1 191 80 -120 0 0 0 -1 0 1 0 1 0 0 3020.dat
1 71 -70 -128 40 0 0 -1 0 1 0 1 0 0 3666.dat
1 191 -90 -128 40 0 0 -1 0 1 0 1 0 0 3666.dat
1 71 70 -128 40 0 0 -1 0 1 0 1 0 0 3666.dat
1 191 90 -128 40 0 0 -1 0 1 0 1 0 0 3666.dat
1 191 -80 -128 -30 1 0 0 0 1 0 0 0 1 3023.dat
1 191 80 -128 -30 1 0 0 0 1 0 0 0 1 3023.dat
1 191 -90 -52 -72 0 0 1 1 0 0 0 1 0 3710.dat
1 72 -70 -32 -72 0 0 1 1 0 0 0 1 0 3023.dat
1 72 -70 -62 -64 0 0 -1 -1 0 0 0 1 0 54200.dat
1 72 -70 -92 -64 0 0 -1 -1 0 0 0 1 0 85984.dat
1 191 -90 -102 -72 0 0 1 1 0 0 0 1 0 3024.dat
1 72 -80 -12 -64 1 0 0 0 0 -1 0 1 0 15068.dat
1 72 -80 -42 -80 1 0 0 0 0 -1 0 1 0 2412.dat
1 191 -90 -62 -80 1 0 0 0 0 -1 0 1 0 3070.dat
1 191 -90 -92 -80 0 0 1 1 0 0 0 1 0 3069.dat
1 191 90 -52 -72 0 0 1 1 0 0 0 1 0 3710.dat
1 72 70 -32 -72 0 0 1 1 0 0 0 1 0 3023.dat
1 72 70 -62 -64 0 0 1 1 0 0 0 1 0 54200.dat
1 72 70 -92 -64 0 0 1 1 0 0 0 1 0 85984.dat
1 191 90 -102 -72 0 0 1 1 0 0 0 1 0 3024.dat
1 72 80 -12 -64 1 0 0 0 0 -1 0 1 0 15068.dat
1 72 80 -42 -80 1 0 0 0 0 -1 0 1 0 2412.dat
1 191 90 -92 -80 0 0 1 1 0 0 0 1 0 3069.dat
1 191 90 -62 -80 1 0 0 0 0 -1 0 1 0 3070.dat
1 191 -50 -160 110 -1 0 0 0 1 0 0 0 -1 2357.dat
1 191 50 -160 110 0 0 1 0 1 0 -1 0 0 2357.dat
1 191 0 -160 110 -1 0 0 0 1 0 0 0 -1 3010.dat
1 72 0 -160 90 -1 0 0 0 1 0 0 0 -1 3700.dat
1 191 90 -160 130 -1 0 0 0 1 0 0 0 -1 2357.dat
1 191 -90 -160 130 0 0 1 0 1 0 -1 0 0 2357.dat
1 71 0 -352.0148 3.827 0 0 1 -0.000001 1.000001 0 -1.000001 -0.000001 0 32000.dat
1 1 0 -342.0148 13.827 -1 0 0 0 1.000001 -0.000001 0 -0.000001 -1.000001 6558.dat
1 1 0 -342.0148 -6.1731 -1 0 0 0 1.000001 -0.000001 0 -0.000001 -1.000001 6558.dat
1 71 -20 -342.0148 13.827 0 0 -1 1.000001 -0.000001 0 -0.000001 -1.000001 0 42003.dat
1 71 20 -342.0148 13.827 0 0 -1 1.000001 -0.000001 0 -0.000001 -1.000001 0 42003.dat
1 14 -20 -362.0148 33.827 0 0 -1 1.000001 -0.000001 0 -0.000001 -1.000001 0 4519.dat
1 14 20 -362.0148 33.827 0 0 -1 1.000001 -0.000001 0 -0.000001 -1.000001 0 4519.dat
1 72 -20 -357.0148 33.827 0 0 1 -0.000001 1.000001 0 -1.000001 -0.000001 0 6632.dat
1 72 -20 -367.0148 33.827 0 0 1 -0.000001 1.000001 0 -1.000001 -0.000001 0 6632.dat
1 71 0 -360.0148 3.827 1 0 0 0 1.000001 0.000001 0 -0.000001 1.000001 3021.dat
1 72 0 -368.0148 3.827 0 0 1 -0.000001 1.000001 0 -1.000001 -0.000001 0 3023.dat
1 71 -20 -368.0148 3.827 0 0 1 -0.000001 1.000001 0 -1.000001 -0.000001 0 60470.dat
1 71 20 -368.0148 3.827 0 0 -1 0.000001 1.000001 0 1.000001 -0.000001 0 60470.dat
1 71 0 -392.0148 3.827 0 0 1 -0.000001 1.000001 0 -1.000001 -0.000001 0 32000.dat
1 71 0 -400.0149 3.827 0 0 1 -0.000001 1.000001 0 -1.000001 -0.000001 0 3069.dat
1 1 0 -382.0148 13.827 -1 0 0 0 1.000001 -0.000001 0 -0.000001 -1.000001 6558.dat
1 1 0 -382.0148 -6.173 -1 0 0 0 1.000001 -0.000001 0 -0.000001 -1.000001 6558.dat
1 71 -20 -382.0148 13.827 0 0 -1 1.000001 -0.000001 0 -0.000001 -1.000001 0 42003.dat
1 71 20 -382.0148 13.827 0 0 -1 1.000001 -0.000001 0 -0.000001 -1.000001 0 42003.dat
1 71 68.501 -354.8948 13.827 0 -0.173648 -0.984808 0.000001 0.984809 -0.173648 1.000001 -0.000001 0 3002.dat
1 191 69.8902 -362.7733 13.827 -0.984808 -0.173648 0 -0.173648 0.984809 -0.000001 0 -0.000001 -1.000001 60478.dat
1 191 69.8902 -362.7733 -6.173 -0.984808 -0.173648 0 -0.173648 0.984809 -0.000001 0 -0.000001 -1.000001 60478.dat
1 71 78.3491 -353.1583 53.827 0 -0.173648 -0.984808 0.000001 0.984809 -0.173648 1.000001 -0.000001 0 3005.dat
1 71 69.8902 -362.7732 43.827 0 -0.173648 -0.984808 0.000001 0.984809 -0.173648 1.000001 -0.000001 0 3022.dat
1 72 58.6529 -356.6312 53.827 -0.984808 -0.173648 0 -0.173648 0.984809 -0.000001 0 -0.000001 -1.000001 4070.dat
1 0 56.9164 -346.7831 67.827 0.173648 0 0.984808 -0.984809 -0.000001 0.173648 0.000001 -1.000001 0 60897.dat
1 19 74.0577 -386.4087 -6.173 -0.984808 -0.173648 0 -0.173648 0.984809 -0.000001 0 -0.000001 -1.000001 32000.dat
1 0 82.1693 -374.8242 -16.173 0 -0.173648 -0.984808 0.000001 0.984809 -0.173648 1.000001 -0.000001 0 2780.dat
1 71 71.2794 -370.6517 53.827 -0.984808 -0.173648 0 -0.173648 0.984809 -0.000001 0 -0.000001 -1.000001 15573.dat
1 191 81.1274 -368.9153 23.827 0 -0.173648 -0.984808 0.000001 0.984809 -0.173648 1.000001 -0.000001 0 3023.dat
1 72 82.5166 -376.7937 23.827 0 -0.173648 -0.984808 0.000001 0.984809 -0.173648 1.000001 -0.000001 0 3023.dat
1 71 83.9058 -384.6722 23.827 0 -0.173648 -0.984808 0.000001 0.984809 -0.173648 1.000001 -0.000001 0 93274.dat
1 70 64.2097 -388.1451 23.827 0 -0.173648 0.984808 -0.000001 0.984809 0.173648 -1.000001 -0.000001 0 3660.dat
1 70 52.9724 -382.0031 63.827 -0.984808 -0.173648 0 -0.173648 0.984809 -0.000001 0 -0.000001 -1.000001 3021.dat
1 70 64.2097 -388.1451 53.827 -0.984808 -0.173648 0 -0.173648 0.984809 -0.000001 0 -0.000001 -1.000001 15573.dat
1 70 64.2097 -388.1451 83.8271 -0.984808 -0.173648 0 -0.173648 0.984809 -0.000001 0 -0.000001 -1.000001 3068.dat
1 70 34.6654 -393.3546 73.8271 0 -0.173648 -0.984808 0.000001 0.984809 -0.173648 1.000001 -0.000001 0 63864.dat
1 71 60.3894 -366.4793 99.8271 -0.984808 0 0.173648 -0.173648 -0.000001 -0.984809 0 -1.000001 0.000001 6091.dat
1 71 60.3894 -366.4793 99.8271 -0.984808 0 0.173648 -0.173648 -0.000001 -0.984809 0 -1.000001 0.000001 3070.dat
1 71 66.6455 -367.4072 -46.1731 0 -0.984808 0.173648 0.000001 -0.173648 -0.984809 1.000001 0 0.000001 3021.dat
1 19 90.2809 -363.2396 -26.1731 -0.173648 -0.984808 0 0.984809 -0.173648 0.000001 -0.000001 0 1.000001 32000.dat
1 71 88.5445 -353.3915 -56.1731 0 -0.984808 0.173648 0.000001 -0.173648 -0.984809 1.000001 0 0.000001 11211.dat
1 71 92.0174 -373.0877 -56.1731 0 -0.984808 -0.173648 -0.000001 -0.173648 0.984809 -1.000001 0 -0.000001 11211.dat
1 71 98.1594 -361.8505 -66.1731 0.173648 -0.984808 0 -0.984809 -0.173648 -0.000001 0.000001 0 -1.000001 3023.dat
1 71 106.0379 -360.4613 -66.1731 0.173648 -0.984808 0 -0.984809 -0.173648 -0.000001 0.000001 0 -1.000001 15573.dat
1 71 57.0306 -358.9483 -56.1731 0 -0.984808 0.173648 0.000001 -0.173648 -0.984809 1.000001 0 0.000001 32064.dat
1 71 44.7466 -381.4228 -66.1731 0 -0.984808 0.173648 0.000001 -0.173648 -0.984809 1.000001 0 0.000001 3024.dat
1 71 24.8173 -395.0912 -56.173 0 -0.173648 -0.984808 0.000001 0.984809 -0.173648 1.000001 -0.000001 0 44728.dat
1 72 54.5947 -379.6863 -56.1731 -0.173648 0 -0.984808 0.984809 -0.000001 -0.173648 -0.000001 -1.000001 0 4070.dat
1 71 23.4282 -387.2127 -56.173 0 -0.173648 0.984808 -0.000001 0.984809 0.173648 -1.000001 -0.000001 0 11211.dat
1 71 65.7226 -339.1379 -56.1731 0 0.173648 0.984808 0.000001 -0.984809 0.173648 1.000001 0.000001 0 3022.dat
1 72 44.6373 -334.7324 -56.1731 0 0.173648 0.984808 0.000001 -0.984809 0.173648 1.000001 0.000001 0 47755.dat
1 72 72.7923 -321.6445 -56.1731 0 0.173648 0.984808 0.000001 -0.984809 0.173648 1.000001 0.000001 0 3069.dat
1 72 33.4 -328.5905 -66.1731 0 0.173648 0.984808 0.000001 -0.984809 0.173648 1.000001 0.000001 0 50950.dat
1 72 33.4 -328.5904 -46.1731 0 0.173648 0.984808 0.000001 -0.984809 0.173648 1.000001 0.000001 0 50950.dat
1 72 54.5947 -379.6864 -80.1731 0.173648 0 0.984808 -0.984809 -0.000001 0.173648 0.000001 -1.000001 0 43898.dat
1 72 54.5947 -379.6864 -88.1731 0.173648 0 0.984808 -0.984809 -0.000001 0.173648 0.000001 -1.000001 0 6141.dat
1 0 54.5947 -379.6864 -96.1731 0.173648 0 0.984808 -0.984809 -0.000001 0.173648 0.000001 -1.000001 0 2654.dat
1 71 55.7508 -397.7602 -16.173 0 -0.173648 -0.984808 0.000001 0.984809 -0.173648 1.000001 -0.000001 0 3032.dat
1 70 55.7508 -397.7601 53.8271 0.984808 -0.173648 0 0.173648 0.984809 0.000001 0 -0.000001 1.000001 3710.dat
1 70 57.1399 -405.6385 43.8271 0.984808 -0.173648 0 0.173648 0.984809 0.000001 0 -0.000001 1.000001 87079.dat
1 70 57.1399 -405.6386 13.827 0.984808 -0.173648 0 0.173648 0.984809 0.000001 0 -0.000001 1.000001 2431.dat
1 70 57.1399 -405.6386 -16.173 0.984808 -0.173648 0 0.173648 0.984809 0.000001 0 -0.000001 1.000001 3068.dat
1 70 86.6842 -400.4292 -16.173 0 -0.173648 0.984808 -0.000001 0.984809 0.173648 -1.000001 -0.000001 0 15573.dat
1 70 27.5957 -410.8481 -16.173 0 -0.173648 0.984808 -0.000001 0.984809 0.173648 -1.000001 -0.000001 0 15573.dat
1 71 86.6842 -400.4292 -56.173 0 -0.173648 0.984808 -0.000001 0.984809 0.173648 -1.000001 -0.000001 0 15573.dat
1 71 27.5957 -410.8481 -56.173 0 -0.173648 0.984808 -0.000001 0.984809 0.173648 -1.000001 -0.000001 0 15573.dat
1 71 57.1399 -405.6387 -66.173 -0.984808 -0.173648 0 -0.173648 0.984809 -0.000001 0 -0.000001 -1.000001 15573.dat
1 72 58.5291 -413.5172 -66.173 -0.984808 -0.173648 0 -0.173648 0.984809 -0.000001 0 -0.000001 -1.000001 87079.dat
1 72 5.7016 -390.3384 -56.173 -0.173648 0.984808 0 0.984809 0.173648 -0.000001 -0.000001 0 -1.000001 3068.dat
1 72 58.5291 -413.5171 -26.173 -0.984808 -0.173648 0 -0.173648 0.984809 -0.000001 0 -0.000001 -1.000001 87079.dat
1 71 64.3335 -331.2594 3.8269 -0.984808 -0.173648 0 -0.173648 0.984809 -0.000001 0 -0.000001 -1.000001 2654.dat
1 71 64.3335 -331.2593 43.827 -0.984808 -0.173648 0 -0.173648 0.984809 -0.000001 0 -0.000001 -1.000001 2654.dat
1 71 100.3622 -351.3077 3.827 0 -0.984808 -0.173648 -0.000001 -0.173648 0.984809 -1.000001 0 -0.000001 3069.dat
1 72 103.8351 -371.0039 3.827 0 -0.984808 -0.173648 -0.000001 -0.173648 0.984809 -1.000001 0 -0.000001 2412.dat
1 71 92.4837 -352.6968 43.827 0 -0.984808 0.173648 0.000001 -0.173648 -0.984809 1.000001 0 0.000001 85984.dat
1 71 95.9566 -372.393 43.827 0 -0.984808 -0.173648 -0.000001 -0.173648 0.984809 -1.000001 0 -0.000001 85984.dat
1 72 113.9163 -359.072 -26.1731 -0.173648 -0.984808 0 0.984809 -0.173648 0.000001 -0.000001 0 1.000001 3004.dat
1 72 106.0379 -360.4612 -26.1731 0 -0.984808 -0.173648 -0.000001 -0.173648 0.984809 -1.000001 0 -0.000001 93273.dat
1 72 111.2473 -390.0055 -46.173 0 -0.984808 -0.173648 -0.000001 -0.173648 0.984809 -1.000001 0 -0.000001 3623.dat
1 72 103.3688 -391.3947 -46.173 0 -0.984808 -0.173648 -0.000001 -0.173648 0.984809 -1.000001 0 -0.000001 3623.dat
1 72 100.8284 -330.917 -46.1731 0 -0.984808 -0.173648 -0.000001 -0.173648 0.984809 -1.000001 0 -0.000001 3623.dat
1 72 92.95 -332.3062 -46.1731 0 -0.984808 -0.173648 -0.000001 -0.173648 0.984809 -1.000001 0 -0.000001 3623.dat
1 72 113.9163 -359.0721 -56.1731 -0.173648 -0.984808 0 0.984809 -0.173648 0.000001 -0.000001 0 1.000001 98282.dat
1 72 106.0379 -360.4612 -46.1731 0 -0.984808 -0.173648 -0.000001 -0.173648 0.984809 -1.000001 0 -0.000001 93273.dat
1 72 106.0379 -360.4613 -66.1731 0 -0.984808 -0.173648 -0.000001 -0.173648 0.984809 -1.000001 0 -0.000001 93273.dat
1 16 37.3583 -350.2328 59.827 -0.986286 0 0.165047 -0.165048 -0.000001 -0.986287 0 -1.000001 0.000001 752.dat
1 16 10.0346 -361.7525 101.8271 -0.999962 0 -0.008727 0.008727 -0.000001 -0.999963 0 -1.000001 0.000001 752.dat
1 16 37.3583 -350.2328 59.827 -0.98622 -0.007369 0.16508 -0.165063 -0.003126 -0.98632 -0.0078 1.000001 -0.001799 755.dat
1 16 37.2712 -350.2696 66.7792 -0.982498 -0.019372 0.185153 -0.18502 -0.008187 -0.982679 -0.0205 0.999801 -0.004399 756.dat
1 16 37.1944 -350.3019 69.2908 -0.979766 -0.02874 0.197921 -0.197637 -0.012073 -0.980224 -0.0306 0.999501 -0.006199 756.dat
1 16 37.0943 -350.3441 71.7961 -0.976836 -0.03809 0.210654 -0.21022 -0.016057 -0.977573 -0.0406 0.999101 -0.007699 756.dat
1 16 36.9707 -350.3961 74.2972 -0.973629 -0.04744 0.223352 -0.222651 -0.020041 -0.974725 -0.0507 0.998701 -0.008899 756.dat
1 16 36.8234 -350.4583 76.7963 -0.970143 -0.056889 0.236016 -0.234933 -0.024043 -0.971679 -0.061 0.998101 -0.009899 756.dat
1 16 36.6521 -350.5305 79.2955 -0.966345 -0.066436 0.248563 -0.247261 -0.028062 -0.968553 -0.0713 0.997401 -0.010599 756.dat
1 16 36.4564 -350.613 81.7972 -0.962268 -0.076082 0.261175 -0.259438 -0.032098 -0.965212 -0.0818 0.996601 -0.011099 756.dat
1 16 36.2366 -350.7057 84.2904 -0.957995 -0.085826 0.27367 -0.27158 -0.036152 -0.96179 -0.0924 0.995701 -0.011399 756.dat
1 16 35.9914 -350.8091 86.7902 -0.953345 -0.095651 0.286213 -0.283555 -0.040321 -0.958056 -0.1031 0.994601 -0.011299 756.dat
1 16 35.7226 -350.9224 89.2714 -0.948498 -0.105575 0.298558 -0.295494 -0.044508 -0.954356 -0.114 0.993401 -0.010999 756.dat
1 16 35.427 -351.047 91.7626 -0.943373 -0.115678 0.310949 -0.307284 -0.048828 -0.950343 -0.1252 0.992101 -0.010499 756.dat
1 16 35.105 -351.1828 94.2518 -0.937854 -0.126077 0.323225 -0.319003 -0.0532 -0.946249 -0.1365 0.990601 -0.009599 756.dat
1 16 34.7578 -351.3292 96.7254 -0.932057 -0.136574 0.335384 -0.330572 -0.05759 -0.942074 -0.148 0.988901 -0.008499 756.dat
1 16 34.3828 -351.4872 99.1985 -0.925982 -0.147448 0.347492 -0.341991 -0.062147 -0.937604 -0.1599 0.987101 -0.007099 756.dat
1 16 33.9789 -351.6575 101.6717 -0.919513 -0.1586 0.3596 -0.35334 -0.066855 -0.933134 -0.172 0.985101 -0.005399 756.dat
1 16 33.5474 -351.8394 104.1298 -0.912783 -0.170129 0.371458 -0.36444 -0.071731 -0.928402 -0.1846 0.982801 -0.003499 756.dat
1 16 33.0847 -352.0345 106.5878 -0.905561 -0.182132 0.383219 -0.375453 -0.076792 -0.923689 -0.1976 0.980301 -0.001099 756.dat
1 16 32.589 -352.2434 109.0452 -0.897864 -0.194611 0.394927 -0.386281 -0.082039 -0.91868 -0.2112 0.977401 0.001501 756.dat
1 16 32.0622 -352.4656 111.4843 -0.88979 -0.207645 0.406438 -0.396941 -0.087587 -0.913705 -0.2253 0.974301 0.004501 756.dat
1 16 31.4994 -352.7028 113.9191 -0.88116 -0.22145 0.417798 -0.4073 -0.093372 -0.908453 -0.2402 0.970701 0.007901 756.dat
1 16 30.9027 -352.9544 116.3291 -0.871858 -0.236206 0.428962 -0.417439 -0.099528 -0.903235 -0.256 0.966601 0.011801 756.dat
1 16 30.2613 -353.2249 118.7461 -0.861902 -0.251975 0.439992 -0.427259 -0.106268 -0.897837 -0.273 0.961901 0.016101 756.dat
1 16 29.5766 -353.5135 121.1471 -0.851094 -0.269088 0.45071 -0.436726 -0.113449 -0.892394 -0.2913 0.956401 0.021001 756.dat
1 16 28.8461 -353.8215 123.5251 -0.839353 -0.287805 0.461213 -0.445724 -0.121319 -0.886886 -0.3112 0.950001 0.026401 756.dat
1 16 28.0663 -354.1503 125.8691 -0.826187 -0.308684 0.471305 -0.454166 -0.130179 -0.881349 -0.3334 0.942201 0.032701 756.dat
1 16 27.2202 -354.5069 128.2051 -0.811237 -0.332413 0.481003 -0.461786 -0.140151 -0.875882 -0.3585 0.932701 0.039801 756.dat
1 16 26.3004 -354.8947 130.5171 -0.793911 -0.360006 0.490075 -0.468479 -0.15182 -0.870322 -0.3877 0.920501 0.048201 756.dat
1 16 25.2989 -355.3169 132.7791 -0.772901 -0.392807 0.498278 -0.473609 -0.165625 -0.865017 -0.4223 0.904601 0.058001 756.dat
1 16 24.1959 -355.782 134.9711 -0.74626 -0.433452 0.505236 -0.476121 -0.182744 -0.860135 -0.4652 0.882401 0.070001 756.dat
1 16 22.947 -356.3085 137.0911 -0.709464 -0.486379 0.509883 -0.474608 -0.205073 -0.855965 -0.5209 0.849301 0.085301 756.dat
1 16 21.5117 -356.9136 139.0421 -0.652496 -0.560479 0.510074 -0.464259 -0.236316 -0.853595 -0.5989 0.793701 0.106001 756.dat
1 16 19.7627 -357.651 140.7051 -0.545022 -0.673522 0.499259 -0.432819 -0.283969 -0.855604 -0.7181 0.682401 0.136801 756.dat
1 16 17.5651 -358.5775 141.5451 -0.27936 -0.846402 0.453447 -0.334493 -0.356796 -0.872211 -0.9 0.395401 0.183501 756.dat
1 16 15.3411 -359.5152 140.5481 0.319549 -0.88893 0.328111 -0.095564 -0.374755 -0.922134 -0.942701 -0.2633 0.204701 756.dat
1 16 13.9769 -360.0904 138.4591 0.755305 -0.615682 0.224605 0.074691 -0.259556 -0.962826 -0.651101 -0.744 0.150101 756.dat
1 16 13.045 -360.4832 136.1671 0.890516 -0.416634 0.182587 0.118131 -0.175617 -0.977343 -0.439301 -0.891901 0.107201 756.dat
1 16 12.339 -360.7809 133.7731 0.939443 -0.30369 0.159056 0.125133 -0.127981 -0.983828 -0.3191 -0.944101 0.082301 756.dat
1 16 11.7904 -361.0122 131.3291 0.962365 -0.232127 0.141173 0.121255 -0.097897 -0.987793 -0.2431 -0.967801 0.066001 756.dat
1 16 11.3595 -361.1939 128.8691 0.975265 -0.182132 0.125532 0.113172 -0.076795 -0.990653 -0.19 -0.980301 0.054301 756.dat
1 16 11.0144 -361.3393 126.3851 0.983251 -0.144714 0.110986 0.103004 -0.060957 -0.992812 -0.1504 -0.987601 0.045101 756.dat
1 16 10.7408 -361.4547 123.9021 0.988568 -0.115302 0.096978 0.091858 -0.048662 -0.994571 -0.1194 -0.992101 0.037501 756.dat
1 16 10.5229 -361.5466 121.4021 0.99236 -0.091393 0.08333 0.080139 -0.038557 -0.996063 -0.0943 -0.995101 0.030901 756.dat
1 16 10.3539 -361.6179 118.9051 0.995023 -0.071546 0.069925 0.067916 -0.030184 -0.997208 -0.0734 -0.997001 0.025101 756.dat
1 16 10.2253 -361.672 116.3981 0.996916 -0.054531 0.0567 0.055455 -0.02302 -0.99822 -0.0557 -0.998201 0.019901 756.dat
1 16 10.133 -361.7109 113.8931 0.998218 -0.039793 0.043521 0.04289 -0.016766 -0.998919 -0.0405 -0.999101 0.015001 756.dat
1 16 10.0722 -361.7366 111.3888 0.999143 -0.02684 0.030424 0.030157 -0.011334 -0.999503 -0.0272 -0.999601 0.010501 756.dat
1 16 10.0394 -361.7504 108.8816 0.999691 -0.015311 0.01739 0.017256 -0.006458 -0.999872 -0.0154 -0.999901 0.006201 756.dat
1 16 10.0323 -361.7534 106.3815 1.000025 -0.004913 0.004419 0.004419 -0.002086 -1.000026 -0.0049 -1.000001 0.002101 756.dat
1 16 10.01 -361.7628 101.8272 0.999902 0.004913 -0.008684 -0.008701 0.002086 -1.000001 -0.0049 1.000001 0.002101 755.dat
1 71 -68.501 -354.8948 13.827 0 0.173648 -0.984808 0.000001 0.984809 0.173648 1.000001 -0.000001 0 3002.dat
1 191 -69.8902 -362.7733 13.827 0.984808 0.173648 0 -0.173648 0.984809 0.000001 0 -0.000001 1.000001 60478.dat
1 191 -69.8902 -362.7733 -6.173 0.984808 0.173648 0 -0.173648 0.984809 0.000001 0 -0.000001 1.000001 60478.dat
1 71 -78.3491 -353.1583 53.827 0 0.173648 -0.984808 0.000001 0.984809 0.173648 1.000001 -0.000001 0 3005.dat
1 71 -69.8902 -362.7732 43.827 0 0.173648 -0.984808 0.000001 0.984809 0.173648 1.000001 -0.000001 0 3022.dat
1 72 -58.6529 -356.6312 53.827 -0.984808 0.173648 0 0.173648 0.984809 -0.000001 0 -0.000001 -1.000001 4070.dat
1 0 -56.9164 -346.7831 67.827 0.173648 0 -0.984808 0.984809 -0.000001 0.173648 -0.000001 -1.000001 0 60897.dat
1 19 -74.0577 -386.4087 -6.173 -0.984808 0.173648 0 0.173648 0.984809 -0.000001 0 -0.000001 -1.000001 32000.dat
1 0 -82.1693 -374.8242 -16.173 0 0.173648 -0.984808 0.000001 0.984809 0.173648 1.000001 -0.000001 0 2780.dat
1 71 -71.2794 -370.6517 53.827 -0.984808 0.173648 0 0.173648 0.984809 -0.000001 0 -0.000001 -1.000001 15573.dat
1 191 -81.1274 -368.9153 23.827 0 0.173648 -0.984808 0.000001 0.984809 0.173648 1.000001 -0.000001 0 3023.dat
1 72 -82.5166 -376.7937 23.827 0 0.173648 -0.984808 0.000001 0.984809 0.173648 1.000001 -0.000001 0 3023.dat
1 71 -83.9058 -384.6722 23.827 0 0.173648 0.984808 -0.000001 0.984809 -0.173648 -1.000001 -0.000001 0 93274.dat
1 70 -64.2097 -388.1451 23.827 0 0.173648 -0.984808 0.000001 0.984809 0.173648 1.000001 -0.000001 0 3660.dat
1 70 -52.9724 -382.0031 63.827 0.984808 0.173648 0 -0.173648 0.984809 0.000001 0 -0.000001 1.000001 3021.dat
1 70 -64.2097 -388.1451 53.827 0.984808 0.173648 0 -0.173648 0.984809 0.000001 0 -0.000001 1.000001 15573.dat
1 70 -64.2097 -388.1451 83.8271 -0.984808 0.173648 0 0.173648 0.984809 -0.000001 0 -0.000001 -1.000001 3068.dat
1 70 -34.6654 -393.3546 73.8271 0 0.173648 -0.984808 0.000001 0.984809 0.173648 1.000001 -0.000001 0 63864.dat
1 71 -60.3894 -366.4793 99.8271 -0.984808 0 -0.173648 0.173648 -0.000001 -0.984809 0 -1.000001 0.000001 6091.dat
1 71 -60.3894 -366.4793 99.8271 -0.984808 0 -0.173648 0.173648 -0.000001 -0.984809 0 -1.000001 0.000001 3070.dat
1 71 -66.6455 -367.4072 -46.1731 0 0.984808 0.173648 0.000001 -0.173648 0.984809 1.000001 0 -0.000001 3021.dat
1 19 -90.2809 -363.2396 -26.1731 -0.173648 0.984808 0 -0.984809 -0.173648 0.000001 0.000001 0 1.000001 32000.dat
1 71 -88.5445 -353.3915 -56.1731 0 0.984808 -0.173648 -0.000001 -0.173648 -0.984809 -1.000001 0 0.000001 11211.dat
1 71 -92.0174 -373.0877 -56.1731 0 0.984808 0.173648 0.000001 -0.173648 0.984809 1.000001 0 -0.000001 11211.dat
1 71 -98.1594 -361.8505 -66.1731 0.173648 0.984808 0 0.984809 -0.173648 -0.000001 -0.000001 0 -1.000001 3023.dat
1 71 -106.0379 -360.4613 -66.1731 0.173648 0.984808 0 0.984809 -0.173648 -0.000001 -0.000001 0 -1.000001 15573.dat
1 71 -57.0306 -358.9483 -56.1731 0 0.984808 0.173648 0.000001 -0.173648 0.984809 1.000001 0 -0.000001 32064.dat
1 71 -44.7466 -381.4228 -66.1731 0 0.984808 0.173648 0.000001 -0.173648 0.984809 1.000001 0 -0.000001 3024.dat
1 71 -24.8173 -395.0912 -56.173 0 0.173648 0.984808 -0.000001 0.984809 -0.173648 -1.000001 -0.000001 0 44728.dat
1 72 -54.5947 -379.6863 -56.1731 -0.173648 0 0.984808 -0.984809 -0.000001 -0.173648 0.000001 -1.000001 0 4070.dat
1 71 -23.4282 -387.2127 -56.173 0 0.173648 -0.984808 0.000001 0.984809 0.173648 1.000001 -0.000001 0 11211.dat
1 71 -65.7226 -339.1379 -56.1731 0 -0.173648 -0.984808 -0.000001 -0.984809 0.173648 -1.000001 0.000001 0 3022.dat
1 72 -44.6373 -334.7324 -56.1731 0 -0.173648 -0.984808 -0.000001 -0.984809 0.173648 -1.000001 0.000001 0 47755.dat
1 72 -72.7923 -321.6445 -56.1731 0 -0.173648 -0.984808 -0.000001 -0.984809 0.173648 -1.000001 0.000001 0 3069.dat
1 72 -33.4 -328.5904 -46.1731 0 -0.173648 -0.984808 -0.000001 -0.984809 0.173648 -1.000001 0.000001 0 50950.dat
1 72 -33.4 -328.5905 -66.1731 0 -0.173648 -0.984808 -0.000001 -0.984809 0.173648 -1.000001 0.000001 0 50950.dat
1 72 -54.5947 -379.6864 -80.1731 0.173648 0 -0.984808 0.984809 -0.000001 0.173648 -0.000001 -1.000001 0 43898.dat
1 72 -54.5947 -379.6864 -88.1731 0.173648 0 -0.984808 0.984809 -0.000001 0.173648 -0.000001 -1.000001 0 6141.dat
1 0 -54.5947 -379.6864 -96.1731 0.173648 0 -0.984808 0.984809 -0.000001 0.173648 -0.000001 -1.000001 0 2654.dat
1 71 -55.7508 -397.7602 -16.173 0 0.173648 -0.984808 0.000001 0.984809 0.173648 1.000001 -0.000001 0 3032.dat
1 70 -55.7508 -397.7601 53.8271 0.984808 0.173648 0 -0.173648 0.984809 0.000001 0 -0.000001 1.000001 3710.dat
1 70 -57.1399 -405.6385 43.8271 0.984808 0.173648 0 -0.173648 0.984809 0.000001 0 -0.000001 1.000001 87079.dat
1 70 -57.1399 -405.6386 13.827 0.984808 0.173648 0 -0.173648 0.984809 0.000001 0 -0.000001 1.000001 2431.dat
1 70 -76.8361 -402.1656 -16.173 0.984808 0.173648 0 -0.173648 0.984809 0.000001 0 -0.000001 1.000001 3068.dat
1 70 -47.2919 -407.3751 -16.173 0 0.173648 0.984808 -0.000001 0.984809 -0.173648 -1.000001 -0.000001 0 15573.dat
1 70 -27.5957 -410.8481 -16.173 0 0.173648 0.984808 -0.000001 0.984809 -0.173648 -1.000001 -0.000001 0 15573.dat
1 71 -86.6842 -400.4292 -56.173 0 0.173648 0.984808 -0.000001 0.984809 -0.173648 -1.000001 -0.000001 0 15573.dat
1 71 -27.5957 -410.8481 -56.173 0 0.173648 0.984808 -0.000001 0.984809 -0.173648 -1.000001 -0.000001 0 15573.dat
1 71 -57.1399 -405.6387 -66.173 -0.984808 0.173648 0 0.173648 0.984809 -0.000001 0 -0.000001 -1.000001 15573.dat
1 72 -58.5291 -413.5172 -66.173 -0.984808 0.173648 0 0.173648 0.984809 -0.000001 0 -0.000001 -1.000001 87079.dat
1 72 -5.7016 -390.3384 -56.173 0.173648 -0.984808 0 0.984809 0.173648 0.000001 -0.000001 0 1.000001 3068.dat
1 72 -58.5291 -413.5171 -26.173 -0.984808 0.173648 0 0.173648 0.984809 -0.000001 0 -0.000001 -1.000001 87079.dat
1 71 -64.3335 -331.2594 3.8269 -0.984808 0.173648 0 0.173648 0.984809 -0.000001 0 -0.000001 -1.000001 2654.dat
1 71 -64.3335 -331.2593 43.827 -0.984808 0.173648 0 0.173648 0.984809 -0.000001 0 -0.000001 -1.000001 2654.dat
1 71 -100.3622 -351.3077 3.827 0 0.984808 0.173648 0.000001 -0.173648 0.984809 1.000001 0 -0.000001 3069.dat
1 72 -103.8351 -371.0039 3.827 0 0.984808 0.173648 0.000001 -0.173648 0.984809 1.000001 0 -0.000001 2412.dat
1 71 -92.4837 -352.6968 43.827 0 0.984808 -0.173648 -0.000001 -0.173648 -0.984809 -1.000001 0 0.000001 85984.dat
1 71 -95.9566 -372.393 43.827 0 0.984808 0.173648 0.000001 -0.173648 0.984809 1.000001 0 -0.000001 85984.dat
1 72 -113.9163 -359.072 -26.1731 -0.173648 0.984808 0 -0.984809 -0.173648 0.000001 0.000001 0 1.000001 3004.dat
1 72 -106.0379 -360.4612 -26.1731 0 0.984808 -0.173648 -0.000001 -0.173648 -0.984809 -1.000001 0 0.000001 93273.dat
1 72 -100.8284 -330.917 -46.1731 0 0.984808 -0.173648 -0.000001 -0.173648 -0.984809 -1.000001 0 0.000001 3623.dat
1 72 -92.95 -332.3062 -46.1731 0 0.984808 -0.173648 -0.000001 -0.173648 -0.984809 -1.000001 0 0.000001 3623.dat
1 72 -111.2473 -390.0055 -46.173 0 0.984808 -0.173648 -0.000001 -0.173648 -0.984809 -1.000001 0 0.000001 3623.dat
1 72 -103.3688 -391.3947 -46.173 0 0.984808 -0.173648 -0.000001 -0.173648 -0.984809 -1.000001 0 0.000001 3623.dat
1 72 -113.9163 -359.0721 -56.1731 -0.173648 0.984808 0 -0.984809 -0.173648 0.000001 0.000001 0 1.000001 98282.dat
1 72 -106.0379 -360.4612 -46.1731 0 0.984808 -0.173648 -0.000001 -0.173648 -0.984809 -1.000001 0 0.000001 93273.dat
1 72 -106.0379 -360.4613 -66.1731 0 0.984808 -0.173648 -0.000001 -0.173648 -0.984809 -1.000001 0 0.000001 93273.dat
1 16 -37.6095 -349.5672 59.827 0.793354 0 0.608761 -0.608762 -0.000001 0.793355 0.000001 -1.000001 -0.000001 752.dat
1 16 -10.5498 -361.694 101.8271 0.675591 0 0.737277 -0.737278 -0.000001 0.675591 0.000001 -1.000001 -0.000001 752.dat
1 16 -37.6095 -349.5672 59.827 0.793321 0.007313 0.608763 -0.608703 -0.003255 0.793401 -0.007799 1.000001 -0.001801 755.dat
1 16 -37.5234 -349.6058 66.779 0.805378 0.019201 0.59241 -0.59237 -0.008582 0.805598 -0.020499 0.999801 -0.004401 756.dat
1 16 -37.4471 -349.6408 69.291 0.812742 0.028431 0.581908 -0.581767 -0.012783 0.813262 -0.030599 0.999501 -0.006201 756.dat
1 16 -37.3474 -349.6846 71.796 0.819946 0.037722 0.571285 -0.571043 -0.016905 0.820766 -0.040599 0.999101 -0.007701 756.dat
1 16 -37.2255 -349.7389 74.297 0.826851 0.047012 0.560541 -0.560219 -0.021026 0.828111 -0.050699 0.998701 -0.008901 756.dat
1 16 -37.0798 -349.8048 76.796 0.833456 0.056383 0.549678 -0.549294 -0.025207 0.835296 -0.060999 0.998101 -0.009901 756.dat
1 16 -36.9106 -349.881 79.296 0.839881 0.065833 0.538834 -0.538109 -0.029448 0.84234 -0.071299 0.997401 -0.010601 756.dat
1 16 -36.7164 -349.9672 81.797 0.846007 0.075364 0.527789 -0.526822 -0.03375 0.849285 -0.081799 0.996601 -0.011101 756.dat
1 16 -36.4984 -350.0651 84.29 0.851973 0.084974 0.516765 -0.515416 -0.038112 0.85609 -0.092399 0.995701 -0.011401 756.dat
1 16 -36.2561 -350.1739 86.79 0.857559 0.094724 0.50548 -0.503849 -0.042454 0.862716 -0.1031 0.994601 -0.011301 756.dat
1 16 -35.9901 -350.2929 89.271 0.862985 0.104554 0.494354 -0.492161 -0.046856 0.869221 -0.114 0.993401 -0.011001 756.dat
1 16 -35.6968 -350.4237 91.763 0.868112 0.114604 0.482969 -0.480372 -0.051299 0.875547 -0.1252 0.992101 -0.010501 756.dat
1 16 -35.3782 -350.5674 94.252 0.87292 0.124893 0.471603 -0.468343 -0.055923 0.881733 -0.1365 0.990601 -0.009601 756.dat
1 16 -35.0345 -350.7212 96.725 0.877427 0.135263 0.460256 -0.456214 -0.060606 0.887779 -0.148 0.988901 -0.008501 756.dat
1 16 -34.6627 -350.8875 99.199 0.881635 0.146012 0.44873 -0.443983 -0.065451 0.893585 -0.1599 0.987101 -0.007101 756.dat
1 16 -34.2627 -351.0662 101.672 0.885523 0.157061 0.437203 -0.431512 -0.070396 0.899391 -0.172 0.985101 -0.005401 756.dat
1 16 -33.8351 -351.2581 104.13 0.889052 0.168489 0.425655 -0.41902 -0.075502 0.904837 -0.1846 0.982801 -0.003501 756.dat
1 16 -33.3764 -351.4636 106.588 0.892181 0.180377 0.414187 -0.406227 -0.080829 0.910223 -0.1976 0.980301 -0.001101 756.dat
1 16 -32.8863 -351.6839 109.0451 0.89485 0.192725 0.402539 -0.393213 -0.086377 0.91537 -0.2112 0.977401 0.001499 756.dat
1 16 -32.365 -351.9177 111.4841 0.89714 0.205672 0.39105 -0.380038 -0.092126 0.920396 -0.2253 0.974301 0.004499 756.dat
1 16 -31.8072 -352.1678 113.9191 0.89883 0.219318 0.379461 -0.366662 -0.098277 0.925122 -0.2402 0.970701 0.007899 756.dat
1 16 -31.216 -352.4317 116.3291 0.899902 0.233883 0.368031 -0.352944 -0.10487 0.929728 -0.256 0.966601 0.011799 756.dat
1 16 -30.5812 -352.7159 118.7461 0.900293 0.249567 0.356561 -0.338965 -0.111806 0.934114 -0.273 0.961901 0.016099 756.dat
1 16 -29.9035 -353.0213 121.1471 0.899846 0.26649 0.345271 -0.324604 -0.119424 0.93824 -0.2913 0.956401 0.020999 756.dat
1 16 -29.1789 -353.3457 123.5251 0.898419 0.285011 0.33408 -0.309881 -0.127746 0.942165 -0.3112 0.950001 0.026399 756.dat
1 16 -28.4076 -353.6914 125.8691 0.895614 0.30573 0.323148 -0.294494 -0.136973 0.94577 -0.3334 0.942201 0.032699 756.dat
1 16 -27.5695 -354.0663 128.2051 0.890991 0.329206 0.312535 -0.278364 -0.147527 0.949134 -0.3585 0.932701 0.039799 756.dat
1 16 -26.6588 -354.4746 130.5171 0.88407 0.356558 0.302282 -0.261128 -0.159749 0.951978 -0.3877 0.920501 0.048199 756.dat
1 16 -25.6666 -354.9193 132.7791 0.873493 0.389025 0.292807 -0.242264 -0.174323 0.954359 -0.4223 0.904601 0.057999 756.dat
1 16 -24.5739 -355.4084 134.9711 0.857161 0.429265 0.284491 -0.221067 -0.192374 0.956118 -0.4652 0.882401 0.069999 756.dat
1 16 -23.3378 -355.963 137.0911 0.830959 0.481691 0.278272 -0.195187 -0.215853 0.956672 -0.5209 0.849301 0.085299 756.dat
1 16 -21.9164 -356.6008 139.0421 0.784538 0.555077 0.276409 -0.160582 -0.24874 0.955196 -0.5989 0.793701 0.105999 756.dat
1 16 -20.1836 -357.3769 140.7051 0.688247 0.667024 0.285254 -0.103423 -0.298914 0.948656 -0.7181 0.682401 0.136799 756.dat
1 16 -18.008 -358.3515 141.5451 0.435155 0.83819 0.328644 0.023811 -0.375684 0.926478 -0.900001 0.395401 0.183499 756.dat
1 16 -15.8042 -359.3385 140.5481 -0.148042 0.880327 0.450634 0.298876 -0.39454 0.868861 -0.942701 -0.2633 0.204699 756.dat
1 16 -14.4538 -359.9441 138.4591 -0.569743 0.609722 0.550985 0.501454 -0.273266 0.820913 -0.651101 -0.744 0.150099 756.dat
1 16 -13.5309 -360.3578 136.1671 -0.693727 0.412581 0.590258 0.570716 -0.184938 0.800083 -0.439301 -0.891901 0.107199 756.dat
1 16 -12.832 -360.6716 133.7731 -0.732216 0.300715 0.611049 0.601724 -0.134824 0.787296 -0.319101 -0.944101 0.082299 756.dat
1 16 -12.2888 -360.9145 131.3291 -0.745012 0.229907 0.626145 0.621133 -0.103003 0.776922 -0.243101 -0.967801 0.065999 756.dat
1 16 -11.8612 -361.1064 128.8691 -0.747898 0.180377 0.638904 0.63608 -0.080831 0.767433 -0.190001 -0.980301 0.054299 756.dat
1 16 -11.52 -361.2584 126.3851 -0.745909 0.143275 0.650403 0.648855 -0.064267 0.758267 -0.150401 -0.987601 0.045099 756.dat
1 16 -11.2486 -361.3802 123.9021 -0.741383 0.114224 0.661243 0.660345 -0.051141 0.749222 -0.119401 -0.992101 0.037499 756.dat
1 16 -11.0337 -361.4771 121.4021 -0.735399 0.090528 0.671642 0.671112 -0.040547 0.740258 -0.094301 -0.995101 0.030899 756.dat
1 16 -10.8652 -361.5527 118.9051 -0.728276 0.070868 0.681622 0.681396 -0.031742 0.731236 -0.073401 -0.997001 0.025099 756.dat
1 16 -10.7388 -361.6092 116.3981 -0.720453 0.054025 0.691381 0.691278 -0.024184 0.722253 -0.055701 -0.998201 0.019899 756.dat
1 16 -10.6467 -361.6498 113.8931 -0.712151 0.0394 0.700881 0.700799 -0.017671 0.713092 -0.040501 -0.999101 0.014999 756.dat
1 16 -10.5871 -361.6772 111.3891 -0.70347 0.026593 0.71024 0.710159 -0.011902 0.703911 -0.027201 -0.999601 0.010499 756.dat
1 16 -10.5543 -361.6918 108.8821 -0.694409 0.015165 0.719399 0.719359 -0.006796 0.69463 -0.015401 -0.999901 0.006199 756.dat
1 16 -10.5476 -361.6945 106.3811 -0.685249 0.004875 0.728358 0.728358 -0.002172 0.685249 -0.004901 -1.000001 0.002099 756.dat
1 16 -10.5254 -361.7049 101.8271 -0.675569 -0.004875 0.737276 0.737216 0.002172 0.675649 -0.004901 1.000001 0.002099 755.dat
1 72 0 -362.0148 51.827 -1 0 0 0 -0.000001 -1.000001 0 -1.000001 0.000001 3023.dat
1 0 0 -362.0147 59.827 1 0 0 0 -0.000001 1.000001 0 -1.000001 -0.000001 99207.dat
1 71 0 -362.0147 83.827 1 0 0 0 -0.000001 1.000001 0 -1.000001 -0.000001 32064.dat
1 1 0 -352.0147 73.827 0 0 1 -1.000001 -0.000001 0 0.000001 -1.000001 0 43093.dat
1 72 0 -384.0148 71.8271 0 0 1 -0.000001 1.000001 0 -1.000001 -0.000001 0 3068.dat
1 72 0 -312.0147 53.827 0 -1 0 -1.000001 0 -0.000001 0.000001 0 -1.000001 47455.dat
1 72 0 -342.0147 53.827 -1 0 0 0 1.000001 -0.000001 0 -0.000001 -1.000001 32523.dat
1 0 0 -352.0148 33.827 0 1 0 1.000001 0 -0.000001 -0.000001 0 -1.000001 2780.dat
1 71 0 -260.4631 47.6271 0 0 1 0.92388 0.382684 0 -0.382684 0.92388 0 3021.dat
1 72 0 -278.8864 29.2808 0 0 -1 -0.92388 0.382684 0 0.382684 0.92388 0 48171.dat
1 71 10 -241.9312 13.9734 0 0 1 0.92388 0.382684 0 -0.382684 0.92388 0 30365.dat
1 71 -10 -241.9312 13.9734 0 0 1 0.92388 0.382684 0 -0.382684 0.92388 0 30365.dat
1 71 20 -275.0595 38.5196 0 1 0 -0.92388 0 0.382684 0.382684 0 0.92388 15573.dat
1 71 -20 -275.0595 38.5196 0 -1 0 0.92388 0 0.382684 -0.382684 0 0.92388 15573.dat
1 71 0 -281.9478 21.8898 0 0 1 0.92388 0.382684 0 -0.382684 0.92388 0 3022.dat
1 71 -10 -244.9926 6.5824 0 0 1 0.92388 0.382684 0 -0.382684 0.92388 0 44728.dat
1 71 10 -244.9926 6.5824 0 0 -1 -0.92388 0.382684 0 0.382684 0.92388 0 44728.dat
1 71 0 -266.5317 6.845 0 0 -1 -0.92388 0.382684 0 0.382684 0.92388 0 87580.dat
1 71 0 -238.8153 -4.6355 1 0 0 0 0.382684 -0.92388 0 0.92388 0.382684 15573.dat
1 71 0 -294.2481 18.3256 1 0 0 0 0.382684 -0.92388 0 0.92388 0.382684 15573.dat
1 71 0 -269.5932 -0.546 0 0 1 0.92388 0.382684 0 -0.382684 0.92388 0 2431.dat
1 71 -32 -237.339 25.06 0 1 0 -0.92388 0 0.382684 0.382684 0 0.92388 14769.dat
1 71 32 -237.339 25.06 0 -1 0 0.92388 0 0.382684 -0.382684 0 0.92388 14769.dat
1 71 10 -160.367 21.627 0 0 -1 -0.92388 -0.382683 0 -0.382683 0.92388 0 30387.dat
1 71 0 -169.5514 43.8001 0 0 -1 -0.92388 -0.382683 0 -0.382683 0.92388 0 2654.dat
