0 Main
0 Name: 41501-1 - Vulk.mpd
0 Author: LTRON
1 4 0 0 0 -1 0 0 0 1 0 0 0 -1 3022.dat
1 0 0 -16 10 1 0 0 0 1 0 0 0 1 3023.dat
1 0 0 -16 -10 1 0 0 0 1 0 0 0 1 99780.dat
1 320 0 -24 0 1 0 0 0 1 0 0 0 1 3020.dat
1 15 0 -18 -32 -1 0 0 0 0 1 0 1 0 15208.dat
1 4 0 -32 -10 -1 0 0 0 1 0 0 0 -1 3710.dat
1 4 0 -40 10 -1 0 0 0 1 0 0 0 -1 3710.dat
1 320 0 -40 -10 -1 0 0 0 1 0 0 0 -1 3794.dat
1 320 -30 -40 -10 -1 0 0 0 1 0 0 0 -1 3024.dat
1 320 30 -40 -10 -1 0 0 0 1 0 0 0 -1 3024.dat
1 4 0 -18 -24 0 0 1 1 0 0 0 1 0 93273.dat
1 0 0 -48 10 -1 0 0 0 1 0 0 0 -1 44728.dat
1 4 0 -28 32 -1 0 0 0 0 -1 0 -1 0 3022.dat
1 4 0 -72 10 1 0 0 0 1 0 0 0 1 3937.dat
1 4 -30 -64 10 1 0 0 0 1 0 0 0 1 3040.dat
1 4 30 -64 10 1 0 0 0 1 0 0 0 1 3040.dat
1 57 0 -40 -10 1 0 0 0 1 0 0 0 1 54200.dat
1 4 30 46 -28 -1 0 0 0 0 1 0 1 0 3039.dat
1 320 40 46 -28 -1 0 0 0 0 1 0 1 0 54200.dat
1 320 20 46 -36 -1 0 0 0 0 1 0 1 0 3024.dat
1 320 20 46 -36 -1 0 0 0 0 1 0 1 0 54200.dat
1 4 -30 46 -28 -1 0 0 0 0 1 0 1 0 3039.dat
1 320 -40 46 -28 -1 0 0 0 0 1 0 1 0 54200.dat
1 320 -20 46 -36 -1 0 0 0 0 1 0 1 0 3024.dat
1 320 -20 46 -36 -1 0 0 0 0 1 0 1 0 54200.dat
1 0 65.32 -14.536 10 0 -0.5 -0.866 0 0.866 -0.5 1 0 0 92692.dat
1 72 69.32 -21.464 10 0 -0.5 0.866 0 0.866 0.5 -1 0 0 14417.dat
1 320 69.32 -21.464 0 0.866 -0.5 0 0.5 0.866 0 0 0 1 54200.dat
1 320 69.32 -21.464 20 0.866 -0.5 0 0.5 0.866 0 0 0 1 54200.dat
1 4 117.28 15.464 10 0 -0.5 0.866 0 0.866 0.5 -1 0 0 6019.dat
1 4 113.1137 13.0585 -15.713 -0.317822 -0.5 0.80538 -0.1835 0.866 0.465 -0.93 0 -0.367 6019.dat
1 4 113.1137 13.0585 35.713 0.317822 -0.5 0.80538 0.1835 0.866 0.465 -0.93 0 0.367 6019.dat
1 57 117.28 15.464 10 0 -0.5 -0.866 0 0.866 -0.5 1 0 0 54200.dat
1 57 113.1137 13.0585 35.713 -0.317822 -0.5 -0.80538 -0.1835 0.866 -0.465 0.93 0 -0.367 54200.dat
1 57 113.1137 13.0585 -15.713 0.317822 -0.5 -0.80538 0.1835 0.866 -0.465 0.93 0 0.367 54200.dat
1 0 -65.32 -14.536 10 0 0.5 0.866 0 0.866 -0.5 -1 0 0 92692.dat
1 72 -69.32 -21.464 10 0 0.5 -0.866 0 0.866 0.5 1 0 0 14417.dat
1 320 -69.32 -21.464 0 0.866 0.5 0 -0.5 0.866 0 0 0 1 54200.dat
1 320 -69.32 -21.464 20 0.866 0.5 0 -0.5 0.866 0 0 0 1 54200.dat
1 4 -117.28 15.464 10 0 0.5 -0.866 0 0.866 0.5 1 0 0 6019.dat
1 4 -113.1137 13.0585 35.713 0.317822 0.5 -0.80538 -0.1835 0.866 0.465 0.93 0 0.367 6019.dat
1 4 -113.1137 13.0585 -15.713 -0.317822 0.5 -0.80538 0.1835 0.866 0.465 0.93 0 -0.367 6019.dat
1 57 -117.28 15.464 10 0 0.5 0.866 0 0.866 -0.5 -1 0 0 54200.dat
1 57 -113.1137 13.0585 -15.713 0.317822 0.5 0.80538 -0.1835 0.866 -0.465 -0.93 0 0.367 54200.dat
1 57 -113.1137 13.0585 35.713 -0.317822 0.5 0.80538 0.1835 0.866 -0.465 -0.93 0 -0.367 54200.dat
1 4 0 -67.657 -9.799 0 0 -1 -0.707 0.707 0 0.707 0.707 0 3022.dat
1 0 -10 -80.383 -8.385 -1 0 0 0 0.707 0.707 0 0.707 -0.707 49668.dat
1 0 10 -80.383 -8.385 -1 0 0 0 0.707 0.707 0 0.707 -0.707 49668.dat
1 4 0 -59.173 -29.595 0 0 -1 -0.707 0.707 0 0.707 0.707 0 3022.dat
1 4 0 -46.447 -31.009 0 0 -1 -0.707 0.707 0 0.707 0.707 0 93273.dat
1 15 0 -78.969 -21.111 1 0 0 0 0.707 -0.707 0 0.707 0.707 14769.dat
1 0 0 -69.071 2.927 -1 0 0 0 0.707 0.707 0 0.707 -0.707 6134.dat
