0 Main
0 Name: 30285-1 - Tiger.mpd
0 Author: LTRON
1 15 -13.892 -78.785 -60 0.003 0.259 -0.966 0.017 0.966 0.259 1 -0.017 -0.002 3021.dat
1 0 -15.962 -86.511 -59.861 -0.966 0.259 -0.003 0.259 0.966 -0.017 -0.002 -0.017 -1 3023.dat
1 0 -29.823 -99.719 -79.595 -0.003 0.259 0.966 -0.017 0.966 -0.259 -1 -0.017 0.002 6541.dat
1 0 -10.504 -104.895 -79.564 -0.003 0.259 0.966 -0.017 0.966 -0.259 -1 -0.017 0.002 6541.dat
1 0 -10.383 -104.208 -39.571 -0.003 0.259 0.966 -0.017 0.966 -0.259 -1 -0.017 0.002 6541.dat
1 0 -29.702 -99.031 -39.601 -0.003 0.259 0.966 -0.017 0.966 -0.259 -1 -0.017 0.002 6541.dat
1 0 1.743 -97.825 -79.723 -0.966 -0.048 -0.254 0.259 -0.185 -0.948 -0.002 -0.982 0.191 2780.dat
1 0 1.864 -97.138 -39.729 -0.966 0.064 -0.251 0.259 0.233 -0.937 -0.002 -0.97 -0.242 2780.dat
1 0 -36.894 -87.473 -79.784 -0.966 -0.07 -0.249 0.259 -0.267 -0.928 -0.002 -0.961 0.276 2780.dat
1 0 -36.773 -86.786 -39.79 -0.966 -0.026 -0.258 0.259 -0.101 -0.961 -0.002 -0.995 0.104 2780.dat
1 25 -22.173 -109.689 -59.444 -0.966 0.259 -0.003 0.259 0.966 -0.017 -0.002 -0.017 -1 3004.dat
1 72 -22.234 -110.033 -79.441 0.966 0.259 0.003 -0.259 0.966 0.017 0.002 -0.017 1 14417.dat
1 72 -22.113 -109.346 -39.447 -0.966 0.259 -0.003 0.259 0.966 -0.017 -0.002 -0.017 -1 14417.dat
1 0 -24.244 -117.416 -59.305 0.003 0.259 -0.966 0.017 0.966 0.259 1 -0.017 -0.002 3021.dat
1 25 -16.715 -128.074 -79.147 0.003 0.259 -0.966 0.017 0.966 0.259 1 -0.017 -0.002 3024.dat
1 25 -36.034 -122.898 -79.178 0.003 0.259 -0.966 0.017 0.966 0.259 1 -0.017 -0.002 3024.dat
1 25 -24.274 -117.588 -69.303 -0.966 0.259 -0.003 0.259 0.966 -0.017 -0.002 -0.017 -1 15068.dat
1 15 24.657 -51.061 -99.824 0.048 0.254 -0.966 0.185 0.948 0.259 0.982 -0.191 -0.002 3023.dat
1 25 23.105 -56.795 -88.476 0.048 0.254 -0.966 0.185 0.948 0.259 0.982 -0.191 -0.002 3024.dat
1 0 21.073 -64.379 -86.948 0.048 0.254 -0.966 0.185 0.948 0.259 0.982 -0.191 -0.002 3024.dat
1 25 24.177 -52.911 -109.644 0.966 0.254 0.048 -0.259 0.948 0.185 0.002 -0.191 0.982 54200.dat
1 25 14.977 -87.131 -82.364 0.966 0.254 0.048 -0.259 0.948 0.185 0.002 -0.191 0.982 3005.dat
1 0 8.881 -109.883 -77.78 0.048 0.254 -0.966 0.185 0.948 0.259 0.982 -0.191 -0.002 6541.dat
1 25 8.881 -109.883 -77.78 0.966 0.254 0.048 -0.259 0.948 0.185 0.002 -0.191 0.982 54200.dat
1 15 25.705 -46.777 -36.35 -0.064 0.251 -0.966 -0.233 0.937 0.259 0.97 0.242 -0.002 3023.dat
1 25 23.057 -56.603 -28.586 -0.064 0.251 -0.966 -0.233 0.937 0.259 0.97 0.242 -0.002 3024.dat
1 0 21.049 -64.099 -30.522 -0.064 0.251 -0.966 -0.233 0.937 0.259 0.97 0.242 -0.002 3024.dat
1 25 26.345 -44.447 -46.05 0.966 0.251 -0.064 -0.259 0.937 -0.233 0.002 0.242 0.97 54200.dat
1 25 15.025 -86.587 -36.33 0.966 0.251 -0.064 -0.259 0.937 -0.233 0.002 0.242 0.97 3005.dat
1 0 9.001 -109.075 -42.138 -0.064 0.251 -0.966 -0.233 0.937 0.259 0.97 0.242 -0.002 6541.dat
1 25 9.001 -109.075 -42.138 0.966 0.251 -0.064 -0.259 0.937 -0.233 0.002 0.242 0.97 54200.dat
1 15 -33.796 -37.416 -104.293 0.07 0.249 -0.966 0.267 0.928 0.259 0.961 -0.276 -0.002 3023.dat
1 25 -35.088 -42.17 -92.475 0.07 0.249 -0.966 0.267 0.928 0.259 0.961 -0.276 -0.002 3024.dat
1 0 -37.08 -49.594 -90.267 0.07 0.249 -0.966 0.267 0.928 0.259 0.961 -0.276 -0.002 3024.dat
1 25 -34.496 -40.086 -113.903 0.966 0.249 0.07 -0.259 0.928 0.267 0.002 -0.276 0.961 54200.dat
1 25 -43.056 -71.866 -83.643 0.966 0.249 0.07 -0.259 0.928 0.267 0.002 -0.276 0.961 3005.dat
1 0 -49.032 -94.138 -77.019 0.07 0.249 -0.966 0.267 0.928 0.259 0.961 -0.276 -0.002 6541.dat
1 25 -49.032 -94.138 -77.019 0.966 0.249 0.07 -0.259 0.928 0.267 0.002 -0.276 0.961 54200.dat
1 15 -32.781 -33.338 -55.392 0.026 0.258 -0.966 0.101 0.961 0.259 0.995 -0.104 -0.002 3023.dat
1 25 -34.585 -40.016 -44.61 0.026 0.258 -0.966 0.101 0.961 0.259 0.995 -0.104 -0.002 3024.dat
1 0 -36.649 -47.704 -43.778 0.026 0.258 -0.966 0.101 0.961 0.259 0.995 -0.104 -0.002 3024.dat
1 25 -33.041 -34.348 -65.342 0.966 0.258 0.026 -0.259 0.961 0.101 0.002 -0.104 0.995 54200.dat
1 25 -42.841 -70.768 -41.282 0.966 0.258 0.026 -0.259 0.961 0.101 0.002 -0.104 0.995 3005.dat
1 0 -49.033 -93.832 -38.786 0.026 0.258 -0.966 0.101 0.961 0.259 0.995 -0.104 -0.002 6541.dat
1 25 -49.033 -93.832 -38.786 0.966 0.258 0.026 -0.259 0.961 0.101 0.002 -0.104 0.995 54200.dat
1 25 -20.772 -105.792 -129.76 -0.906 0.421 -0.04 0.423 0.901 -0.096 -0.005 -0.104 -0.995 3022.dat
1 15 -15.48 -118.19 -138.828 -0.906 0.421 -0.04 0.423 0.901 -0.096 -0.005 -0.104 -0.995 6141.dat
1 15 -33.6 -109.73 -138.928 -0.906 0.421 -0.04 0.423 0.901 -0.096 -0.005 -0.104 -0.995 6141.dat
1 25 -27.108 -119.248 -118.146 -0.906 0.421 -0.04 0.423 0.901 -0.096 -0.005 -0.104 -0.995 3710.dat
1 25 -30.476 -126.456 -117.314 -0.906 0.421 -0.04 0.423 0.901 -0.096 -0.005 -0.104 -0.995 3710.dat
1 0 -36.968 -116.938 -138.096 0.906 0.421 0.04 -0.423 0.901 0.096 0.005 -0.104 0.995 4085.dat
1 0 -18.848 -125.398 -137.996 0.906 0.421 0.04 -0.423 0.901 0.096 0.005 -0.104 0.995 4085.dat
1 15 -31.676 -129.336 -147.164 0.906 0.421 0.04 -0.423 0.901 0.096 0.005 -0.104 0.995 51739.dat
1 25 -34.244 -134.624 -126.432 -0.906 0.421 -0.04 0.423 0.901 -0.096 -0.005 -0.104 -0.995 3022.dat
1 25 -35.444 -137.504 -156.282 -0.906 0.421 -0.04 0.423 0.901 -0.096 -0.005 -0.104 -0.995 15573.dat
1 15 -13.4 -160.77 -114.668 0.906 0.421 0.04 -0.423 0.901 0.096 0.005 -0.104 0.995 87087.dat
1 15 -67.76 -135.39 -114.968 0.906 0.421 0.04 -0.423 0.901 0.096 0.005 -0.104 0.995 87087.dat
1 0 -37.212 -140.872 -115.65 0.906 0.421 0.04 -0.423 0.901 0.096 0.005 -0.104 0.995 3023.dat
1 15 -64.27 -128.108 -133.918 0.906 0.04 -0.421 -0.423 0.096 -0.901 0.005 0.995 0.104 98138.dat
1 15 -9.91 -153.488 -133.618 0.906 0.04 -0.421 -0.423 0.096 -0.901 0.005 0.995 0.104 98138.dat
1 25 -34.244 -134.624 -126.432 0.906 0.421 0.04 -0.423 0.901 0.096 0.005 -0.104 0.995 15068.dat
1 0 -35.444 -137.504 -156.282 0.906 0.421 0.04 -0.423 0.901 0.096 0.005 -0.104 0.995 54200.dat
1 25 -67.76 -135.39 -114.968 -0.04 0.421 0.906 -0.096 0.901 -0.423 -0.995 -0.104 0.005 54200.dat
1 25 -13.4 -160.77 -114.668 0.04 0.421 -0.906 0.096 0.901 0.423 0.995 -0.104 -0.005 54200.dat
1 15 -34.4 -111.65 -158.828 0.906 -0.04 0.421 -0.423 -0.096 0.901 0.005 -0.995 -0.104 53451.dat
1 15 -16.28 -120.11 -158.728 0.906 -0.04 0.421 -0.423 -0.096 0.901 0.005 -0.995 -0.104 53451.dat
1 15 -22.251 -113.449 29.925 0.064 0.492 0.868 0.233 0.838 -0.493 -0.97 0.234 -0.061 3023.dat
1 15 -27.467 -124.813 47.453 0.064 0.492 0.868 0.233 0.838 -0.493 -0.97 0.234 -0.061 3023.dat
1 0 -30.123 -126.857 26.181 0.064 0.492 0.868 0.233 0.838 -0.493 -0.97 0.234 -0.061 3023.dat
1 25 -28.203 -119.867 -2.919 0.064 0.492 0.868 0.233 0.838 -0.493 -0.97 0.234 -0.061 3024.dat
1 25 -32.043 -133.847 55.281 0.064 0.492 0.868 0.233 0.838 -0.493 -0.97 0.234 -0.061 3024.dat
