0 Main
0 Name: 31088 - Deep Sea Creatures - Squid.mpd
0 Author: LTRON
1 15 0 -11.418 2.08 0 0 -1 0.259 0.966 0 0.966 -0.259 0 72454.dat
1 4 0 4.074 28.987 1 0 0 0 0.966 0.259 0 -0.259 0.966 3023.dat
1 4 0 -19.183 -26.898 1 0 0 0 0.966 0.259 0 -0.259 0.966 99206.dat
1 4 0 -8.83 11.74 0 0 1 -0.259 0.966 0 -0.966 -0.259 0 3021.dat
1 15 0 -13.969 23.469 -1 0 0 0 0.966 -0.259 0 -0.259 -0.966 3020.dat
1 72 -30 -24.322 -15.168 0 0 1 -0.259 0.966 0 -0.966 -0.259 0 14417.dat
1 272 0 -24.322 -15.168 0 0 1 -0.259 0.966 0 -0.966 -0.259 0 3022.dat
1 72 30 -24.322 -15.168 0 0 -1 0.259 0.966 0 0.966 -0.259 0 14417.dat
1 272 -30 -32.049 -13.097 0 0 1 -0.259 0.966 0 -0.966 -0.259 0 3023.dat
1 4 0 -19.108 35.199 -1 0 0 0 0.966 -0.259 0 -0.259 -0.966 60470.dat
1 4 0 -32.049 -13.097 0 0 1 -0.259 0.966 0 -0.966 -0.259 0 4032.dat
1 272 30 -32.049 -13.097 0 0 1 -0.259 0.966 0 -0.966 -0.259 0 3023.dat
1 272 0 -24.285 15.881 -1 0 0 0 0.966 -0.259 0 -0.259 -0.966 3023.dat
1 19 0 -18.046 -45.837 -1 0 0 0 0.259 0.966 0 0.966 -0.259 15208.dat
1 15 -20 -15.975 -38.11 0 0 1 0.966 0.259 0 -0.259 0.966 0 29120.dat
1 15 20 -15.975 -38.11 0 0 -1 -0.966 0.259 0 0.259 0.966 0 29119.dat
1 4 0 -29.424 27.61 1 0 0 0 0.966 0.259 0 -0.259 0.966 3022.dat
1 19 0 -50.092 -18.615 1 0 0 0 0.966 0.259 0 -0.259 0.966 15208.dat
1 4 0 -39.739 20.022 0 0 1 -0.259 0.966 0 -0.966 -0.259 0 3021.dat
1 272 -30 -47.504 -8.956 0 0 1 -0.259 0.966 0 -0.966 -0.259 0 3023.dat
1 272 30 -47.504 -8.956 0 0 1 -0.259 0.966 0 -0.966 -0.259 0 3023.dat
1 15 0 -50.018 43.481 1 0 0 0 0.966 0.259 0 -0.259 0.966 47457.dat
1 4 30 -52.606 33.822 0 0 -1 0.259 0.966 0 0.966 -0.259 0 22885.dat
1 4 -30 -52.606 33.822 0 0 1 -0.259 0.966 0 -0.966 -0.259 0 22885.dat
1 272 20 -55.231 -6.886 0 0 1 -0.259 0.966 0 -0.966 -0.259 0 3022.dat
1 272 -20 -55.231 -6.886 0 0 1 -0.259 0.966 0 -0.966 -0.259 0 3022.dat
1 272 48 -26.216 16.398 0 -1 0 0.966 0 0.259 -0.259 0 0.966 2450.dat
1 272 -48 -26.216 16.398 0 1 0 -0.259 0 -0.966 -0.966 0 0.259 2450.dat
1 72 58 -1.722 30.54 0 -1 0 0.966 0 0.259 -0.259 0 0.966 18654.dat
1 72 -58 -1.722 30.54 0 -1 0 0.966 0 0.259 -0.259 0 0.966 18654.dat
1 297 56 -33.288 28.646 0 -1 0 -1 0 0 0 0 -1 6141.dat
1 42 64 -33.288 28.646 0 -1 0 -1 0 0 0 0 -1 4740.dat
1 15 72 -33.288 28.646 0 -1 0 -1 0 0 0 0 -1 98138.dat
1 297 -56 -33.288 28.646 0 1 0 1 0 0 0 0 -1 6141.dat
1 42 -64 -33.288 28.646 0 1 0 1 0 0 0 0 -1 4740.dat
1 15 -72 -33.288 28.646 0 1 0 1 0 0 0 0 -1 98138.dat
1 272 40 -53.3 -7.403 0 -1 0 0.966 0 0.259 -0.259 0 0.966 11477.dat
1 272 -40 -53.3 -7.403 0 1 0 -0.966 0 0.259 0.259 0 0.966 11477.dat
1 272 -20 -73.274 -12.404 0 0 1 -0.259 0.966 0 -0.966 -0.259 0 92946.dat
1 272 -20 -68.098 6.915 0 0 1 -0.259 0.966 0 -0.966 -0.259 0 92946.dat
1 272 -20 -62.922 26.233 0 0 1 -0.259 0.966 0 -0.966 -0.259 0 92946.dat
1 272 -20 -57.745 45.552 0 0 1 -0.259 0.966 0 -0.966 -0.259 0 92946.dat
1 272 20 -57.745 45.552 0 0 -1 0.259 0.966 0 0.966 -0.259 0 92946.dat
1 272 20 -62.922 26.233 0 0 -1 0.259 0.966 0 0.966 -0.259 0 92946.dat
1 272 20 -68.098 6.915 0 0 -1 0.259 0.966 0 0.966 -0.259 0 92946.dat
1 272 20 -73.274 -12.404 0 0 -1 0.259 0.966 0 0.966 -0.259 0 92946.dat
1 4 0 -65.473 47.622 1 0 0 0 0.966 0.259 0 -0.259 0.966 3023.dat
1 4 0 -73.237 18.645 1 0 0 0 0.966 0.259 0 -0.259 0.966 4032.dat
1 272 0 -73.274 -12.404 1 0 0 0 0.966 0.259 0 -0.259 0.966 85984.dat
1 272 0 -75.788 40.034 1 0 0 0 0.966 0.259 0 -0.259 0.966 3068.dat
1 272 0 -83.553 11.056 1 0 0 0 0.966 0.259 0 -0.259 0.966 3023.dat
1 15 -10 -6 84 -1 0 0 0 1 0 0 0 -1 42023.dat
1 15 10 -6 84 -1 0 0 0 1 0 0 0 -1 42023.dat
1 4 0 -14 124 -1 0 0 0 1 0 0 0 -1 3022.dat
1 15 10 -14 164 0 0 -1 0 1 0 1 0 0 99207.dat
1 15 -10 -14 164 0 0 1 0 1 0 -1 0 0 99207.dat
1 4 -10 -14 84 0 0 1 0 1 0 -1 0 0 60478.dat
1 4 10 -14 84 0 0 1 0 1 0 -1 0 0 60478.dat
1 272 10 -38 124 0 0 1 0 1 0 -1 0 0 3009.dat
1 272 -10 -38 124 0 0 1 0 1 0 -1 0 0 3009.dat
1 4 0 -46 174 -1 0 0 0 1 0 0 0 -1 44728.dat
1 4 0 -46 154 1 0 0 0 1 0 0 0 1 3023.dat
1 4 10 -46 124 0 0 -1 0 1 0 1 0 0 44728.dat
1 4 -10 -46 124 0 0 1 0 1 0 -1 0 0 44728.dat
1 4 0 -46 84 0 0 1 0 1 0 -1 0 0 4032.dat
1 272 24 -26 174 0 -1 0 -1 0 0 0 0 -1 85984.dat
1 272 -24 -26 174 0 1 0 1 0 0 0 0 -1 85984.dat
1 272 40 -26 114 0 -1 0 1 0 0 0 0 1 85984.dat
1 272 40 -36 104 0 -1 0 1 0 0 0 0 1 92946.dat
1 272 40 -26 144 0 -1 0 0 0 1 -1 0 0 3068.dat
1 71 32 -26 124 0 -1 0 0 0 1 -1 0 0 3020.dat
1 272 40 -16 104 0 -1 0 1 0 0 0 0 1 92946.dat
1 71 -32 -26 124 0 1 0 0 0 -1 -1 0 0 3020.dat
1 272 -40 -16 104 0 1 0 -1 0 0 0 0 1 92946.dat
1 272 -40 -36 104 0 1 0 -1 0 0 0 0 1 92946.dat
1 272 -40 -26 144 0 1 0 0 0 -1 -1 0 0 3068.dat
1 272 -40 -26 114 0 1 0 -1 0 0 0 0 1 85984.dat
1 4 0 -54 104 0 0 1 0 1 0 -1 0 0 3020.dat
1 4 0 -62 74 1 0 0 0 1 0 0 0 1 3023.dat
1 272 0 -70 84 -1 0 0 0 1 0 0 0 -1 43712.dat
1 272 10 -16 188 -1 0 0 0 0 -1 0 -1 0 54200.dat
1 272 10 -36 188 1 0 0 0 0 1 0 -1 0 54200.dat
1 272 -10 -16 188 -1 0 0 0 0 -1 0 -1 0 54200.dat
1 272 -10 -36 188 1 0 0 0 0 1 0 -1 0 54200.dat
1 15 0 2 64 0 0 1 0 1 0 -1 0 0 4871.dat
1 272 30 -46 74 1 0 0 0 1 0 0 0 1 60481.dat
1 272 -30 -46 74 1 0 0 0 1 0 0 0 1 60481.dat
1 19 152.167 -23.58 -58.223 -0.925 -0.337 0.174 -0.069 -0.301 -0.951 0.373 -0.892 0.255 15208.dat
1 15 117.863 -23.932 -36.167 -0.925 -0.337 0.174 -0.069 -0.301 -0.951 0.373 -0.892 0.255 3710.dat
1 19 78.167 -29.1 -28.383 -0.925 -0.337 0.174 -0.069 -0.301 -0.951 0.373 -0.892 0.255 15208.dat
1 71 69.873 -17.872 -20.067 0.174 -0.337 0.925 -0.951 -0.301 0.069 0.255 -0.892 -0.373 14704.dat
1 72 162.373 -10.972 -57.367 -0.174 -0.337 -0.925 0.951 -0.301 -0.069 -0.255 -0.892 0.373 14417.dat
1 15 120.559 -21.524 -29.031 0.925 -0.337 -0.174 0.069 -0.301 0.951 -0.373 -0.892 -0.255 3666.dat
1 71 196.8315 -14.0554 -78.678 0.087861 -0.67742 0.729747 -0.897182 -0.370833 -0.237274 0.431951 -0.634369 -0.640883 14704.dat
1 19 198.7079 -19.3989 -90.1642 0.087861 -0.67742 0.729747 -0.897182 -0.370833 -0.237274 0.431951 -0.634369 -0.640883 4032.dat
1 15 209.5499 -13.4572 -80.0127 0.087861 -0.67742 0.729747 -0.897182 -0.370833 -0.237274 0.431951 -0.634369 -0.640883 3022.dat
1 15 226.0228 -23.546 -104.3206 -0.087861 -0.67742 -0.729747 0.897182 -0.370833 0.237274 -0.431951 -0.634369 0.640883 43723.dat
1 19 -68.571 -43.247 -28.561 -0.757 0.633 0.161 -0.436 -0.306 -0.846 -0.486 -0.711 0.508 15208.dat
1 15 -103.915 -58.239 -42.313 -0.757 0.633 0.161 -0.436 -0.306 -0.846 -0.486 -0.711 0.508 3710.dat
1 19 -129.131 -78.127 -67.441 -0.757 0.633 0.161 -0.436 -0.306 -0.846 -0.486 -0.711 0.508 15208.dat
1 72 -143.375 -71.579 -71.693 0.161 0.633 0.757 -0.846 -0.306 0.436 0.508 -0.711 0.486 14417.dat
1 71 -67.675 -27.979 -23.093 -0.161 0.633 -0.757 0.846 -0.306 -0.436 -0.508 -0.711 -0.486 14704.dat
1 15 -108.979 -55.791 -36.625 0.757 0.633 -0.161 0.436 -0.306 0.846 0.486 -0.711 -0.508 3666.dat
1 71 -175.1456 -87.0019 -88.5701 -0.105285 0.503101 -0.857569 0.815994 -0.448806 -0.363832 -0.567825 -0.738367 -0.363327 14704.dat
1 19 -179.6925 -94.2262 -98.1101 0.105285 0.503101 0.857569 -0.815994 -0.448806 0.363832 0.567825 -0.738367 0.363327 4032.dat
1 15 -187.7461 -87.0497 -86.2964 0.105285 0.503101 0.857569 -0.815994 -0.448806 0.363832 0.567825 -0.738367 0.363327 3022.dat
1 15 -209.4425 -101.5477 -103.1026 0.105285 0.503101 0.857569 -0.815994 -0.448806 0.363832 0.567825 -0.738367 0.363327 43722.dat
1 71 78.629 -55.881 -87.93 -0.866 -0.498 -0.044 0.129 -0.139 -0.982 0.483 -0.856 0.185 3666.dat
1 71 47.973 -49.609 -61.762 -0.866 -0.498 -0.044 0.129 -0.139 -0.982 0.483 -0.856 0.185 14418.dat
1 272 91.273 -56.059 -85.912 -0.866 -0.498 -0.044 0.129 -0.139 -0.982 0.483 -0.856 0.185 3623.dat
1 272 69.277 -51.077 -64.574 -0.866 -0.498 -0.044 0.129 -0.139 -0.982 0.483 -0.856 0.185 15573.dat
1 272 43.297 -47.207 -50.084 -0.866 -0.498 -0.044 0.129 -0.139 -0.982 0.483 -0.856 0.185 3024.dat
1 272 117.945 -63.443 -118.928 -0.866 -0.498 -0.044 0.129 -0.139 -0.982 0.483 -0.856 0.185 3623.dat
1 272 151.893 -65.089 -119.722 0.044 -0.498 -0.866 0.982 -0.139 0.129 -0.185 -0.856 0.483 61678.dat
1 71 -20 -56.351 -120.084 0 0 1 0.087 -0.996 0 0.996 0.087 0 3666.dat
1 71 -20 -44.903 -80.94 0 0 1 0.087 -0.996 0 0.996 0.087 0 14418.dat
1 272 -20 -49.253 -130.74 0 0 1 0.087 -0.996 0 0.996 0.087 0 3623.dat
1 272 -20 -38.675 -101.556 0 0 1 0.087 -0.996 0 0.996 0.087 0 15573.dat
1 272 -20 -36.065 -71.676 0 0 1 0.087 -0.996 0 0.996 0.087 0 3024.dat
1 272 -20 -68.669 -169.188 0 0 1 0.087 -0.996 0 0.996 0.087 0 3623.dat
1 272 -20 -55.343 -200.46 -1 0 0 0 -0.996 0.087 0 0.087 0.996 61678.dat
1 71 40.271 -108.991 -98.723 -0.321 -0.557 -0.766 0.594 0.511 -0.621 0.737 -0.655 0.167 3666.dat
1 71 31.887 -89.319 -64.003 -0.321 -0.557 -0.766 0.594 0.511 -0.621 0.737 -0.655 0.167 14418.dat
1 272 51.147 -124.959 -108.223 -0.321 -0.557 -0.766 0.594 0.511 -0.621 0.737 -0.655 0.167 15573.dat
1 272 33.133 -87.467 -51.393 -0.321 -0.557 -0.766 0.594 0.511 -0.621 0.737 -0.655 0.167 3024.dat
1 272 33.851 -97.111 -83.983 0.766 -0.557 -0.321 0.621 0.511 0.594 -0.167 -0.655 0.737 11477.dat
1 272 51.865 -134.603 -140.813 -0.321 -0.557 -0.766 0.594 0.511 -0.621 0.737 -0.655 0.167 3623.dat
1 272 70.407 -160.599 -152.443 0.766 -0.557 -0.321 0.621 0.511 0.594 -0.167 -0.655 0.737 61678.dat
1 71 -20 -133.858 -72.188 0 0 -1 0.94 0.342 0 0.342 -0.94 0 3666.dat
1 71 -20 -98.994 -50.988 0 0 -1 0.94 0.342 0 0.342 -0.94 0 14418.dat
1 272 -20 -155.394 -71.508 0 0 -1 0.94 0.342 0 0.342 -0.94 0 15573.dat
1 272 -20 -92.33 -40.048 0 0 -1 0.94 0.342 0 0.342 -0.94 0 3024.dat
1 272 -20 -115.058 -65.348 1 0 0 0 0.342 0.94 0 -0.94 0.342 11477.dat
1 272 -20 -178.122 -96.808 0 0 -1 0.94 0.342 0 0.342 -0.94 0 3623.dat
1 272 -20 -211.794 -92.028 1 0 0 0 0.342 0.94 0 -0.94 0.342 61678.dat
