0 
0 Name: New Model.ldr
0 Author: 
1 15 -20 -50 -260 -0.731 0 -0.682 0 1 0 0.682 0 -0.731 4494.dat
1 15 2.847 -69.5 -235.5115 -0.731 -0.319858 -0.602206 0 0.883 -0.469 0.682 -0.342839 -0.645473 4492.dat
1 2 -20 -58 -260 -0.731 0 -0.682 0 1 0 0.682 0 -0.731 4491a.dat
1 0 -9.274 -62 -293.9345 -0.731 0 -0.682 0 1 0 0.682 0 -0.731 4499.dat
1 19 -20.682 -98 -260.731 -0.731 0 -0.682 0 1 0 0.682 0 -0.731 73200.dat
1 6 -20.682 -130 -260.731 -0.731 0 -0.682 0 1 0 0.682 0 -0.731 973.dat
1 14 -20.682 -154 -260.731 -0.939913 0 -0.342301 0 1 0 0.342301 0 -0.939913 3626.dat
1 6 -20.682 -154 -260.731 -0.939913 0 -0.342301 0 1 0 0.342301 0 -0.939913 30113.dat
1 19 15.9582 -105.201 -260.2668 0.150896 0.638894 -0.754254 -0.621 0.654 0.431 0.768463 0.403417 0.495868 2586.dat
1 0 -10.0029 -137.294 -220.7173 -0.728709 -0.262402 -0.631377 -0.098 0.954 -0.283 0.677128 -0.143496 -0.722171 3835.dat
1 15 -11.3451 -132.527 -221.382 -0.16907 -0.262402 -0.949516 0.101 0.954 -0.281 0.979475 -0.143496 -0.135493 30127.dat
