0 
0 Name: New Model.ldr
0 Author: 
1 15 -230 -50 -670 -0.707 0 -0.707 0 1 0 0.707 0 -0.707 72156.dat
1 0 -279.49 -50 -648.79 -0.707 0 -0.707 0 1 0 0.707 0 -0.707 2780.dat
1 0 -251.21 -50 -620.51 -0.707 0 -0.707 0 1 0 0.707 0 -0.707 2780.dat
1 0 -208.79 -50 -719.49 -0.707 0 -0.707 0 1 0 0.707 0 -0.707 2780.dat
1 0 -180.51 -50 -691.21 -0.707 0 -0.707 0 1 0 0.707 0 -0.707 2780.dat
1 4 -286.56 -30 -641.72 0.707 0 0.707 0 -1 0 0.707 0 -0.707 6536.dat
1 4 -258.28 -30 -613.44 0.707 0 0.707 0 -1 0 0.707 0 -0.707 6536.dat
1 72 -251.21 -30 -606.37 -0.707 0 -0.707 0 -1 0 -0.707 0 0.707 55013.dat
1 0 -312.946 -20 -643.6141 0.3535 0.707 0.612262 0.866 0 -0.5 -0.3535 0.707 -0.612262 32523.dat
1 0 -284.666 -20 -615.334 0.3535 0.707 0.612262 0.866 0 -0.5 -0.3535 0.707 -0.612262 32523.dat
1 0 -256.386 -20 -587.0541 0.3535 0.707 0.612262 0.866 0 -0.5 -0.3535 0.707 -0.612262 32523.dat
1 4 -230 -30 -585.16 -0.707 0 0.707 0 -1 0 0.707 0 0.707 3713.dat
1 4 -201.72 -30 -726.56 -0.707 0 -0.707 0 -1 0 -0.707 0 0.707 6536.dat
1 4 -173.44 -30 -698.28 -0.707 0 -0.707 0 -1 0 -0.707 0 0.707 6536.dat
1 72 -166.37 -30 -691.21 -0.707 0 -0.707 0 -1 0 -0.707 0 0.707 55013.dat
1 0 -203.6141 -20 -752.9459 0.3535 0.707 -0.612262 -0.866 0 -0.5 -0.3535 0.707 0.612262 32523.dat
1 0 -175.334 -20 -724.666 0.3535 0.707 -0.612262 -0.866 0 -0.5 -0.3535 0.707 0.612262 32523.dat
1 0 -147.054 -20 -696.3859 0.3535 0.707 -0.612262 -0.866 0 -0.5 -0.3535 0.707 0.612262 32523.dat
1 4 -145.16 -30 -670 -0.707 0 0.707 0 -1 0 0.707 0 0.707 3713.dat
1 4 -116.88 -30 -641.72 -0.707 -0.707 0 0 0 1 -0.707 0.707 0 6536.dat
1 0 -131.02 -20 -627.58 0 -0.707 -0.707 -1 0 0 0 0.707 -0.707 2780.dat
1 15 -131.02 -15 -627.58 0 -0.258762 -0.965762 -1 0 0 0 0.965762 -0.258762 98347.dat
1 15 -131.02 -5 -627.58 0 -0.939603 -0.341481 -1 0 0 0 0.341481 -0.939603 98347.dat
1 4 -201.72 -30 -556.88 0.707 0.707 0 0 0 1 0.707 -0.707 0 6536.dat
1 15 -187.58 -5 -571.02 0 0.341481 -0.939603 1 0 0 0 -0.939603 -0.341481 98347.dat
1 0 -187.58 -20 -571.02 0 0.707 -0.707 1 0 0 0 -0.707 -0.707 2780.dat
1 15 -187.58 -15 -571.02 0 0.965762 -0.258762 1 0 0 0 -0.258762 -0.965762 98347.dat
