0 Main
0 Name: 4349-1 - Wild Pod - Bird.mpd
0 Author: LTRON
1 70 0 0 0 0 0 1 0 1 0 -1 0 0 3021.dat
1 0 0 -8 10 0 0 1 0 1 0 -1 0 0 3022.dat
1 0 0 -8 -20 1 0 0 0 1 0 0 0 1 3839.dat
1 4 -10 -32 0 -1 0 0 0 1 0 0 0 -1 4286.dat
1 4 10 -32 0 -1 0 0 0 1 0 0 0 -1 4286.dat
1 4 0 -32 -20 1 0 0 0 1 0 0 0 1 3660.dat
1 4 -20 -40 -30 0 0 1 0 1 0 -1 0 0 2429.dat
1 4 -20 -40 -30 -0.5 0 -0.866025 0 1 0 0.866025 0 -0.5 2430.dat
1 4 -57 -48 -5 -0.866025 0 0.5 0 1 0 -0.5 0 -0.866025 41770.dat
1 25 -62 -56 4 -0.866025 0 0.5 0 1 0 -0.5 0 -0.866025 43723.dat
1 4 20 -40 -30 -0.5 0 0.866025 0 1 0 -0.866025 0 -0.5 2429.dat
1 4 20 -40 -30 0 0 -0.999999 0 1 0 0.999999 0 0 2430.dat
1 4 57.3205 -48 -5.359 -0.866025 0 -0.5 0 1 0 0.5 0 -0.866025 41769.dat
1 25 62.3205 -56 3.3012 -0.866025 0 -0.5 0 1 0 0.5 0 -0.866025 43722.dat
1 70 0 -48 -20 0 0 1 0 1 0 -1 0 0 3021.dat
1 25 0 -56 -40 1 0 0 0 1 0 0 0 1 44567.dat
1 4 0 -40.3756 -87.1403 0 0 -1 -0.5 0.866025 0 0.866025 0.5 0 44302.dat
1 15 0 -52.3038 -82.48 0 0 -1 -0.5 0.866025 0 0.866025 0.5 0 6141.dat
1 15 0 -42.3038 -99.8005 0 0 -1 -0.5 0.866025 0 0.866025 0.5 0 6141.dat
1 4 0 -83.0885 -77.1595 1 0 0 0 0.866025 -0.5 0 0.5 0.866025 4286.dat
1 4 0 -72 -20 -1 0 0 0 1 0 0 0 -1 3039.dat
1 4 -10 -80 -20 1 0 0 0 1 0 0 0 1 4081.dat
1 4 10 -80 -20 1 0 0 0 1 0 0 0 1 4081.dat
1 25 0 -88 -20 1 0 0 0 1 0 0 0 1 3023.dat
1 25 22 -78 -40 0 -1 0 1 0 0 0 0 1 6141.dat
1 25 -22 -78 -40 0 1 0 -1 0 0 0 0 1 6141.dat
1 15 -28 -78 -40 0 1 0 -1 0 0 0 0 1 4740.dat
1 15 28 -78 -40 0 -1 0 1 0 0 0 0 1 4740.dat
1 0 -36 -78 -40 0 1 0 -1 0 0 0 0 1 6141.dat
1 0 36 -78 -40 0 -0.999999 0 0.999999 0 0 0 0 1 6141.dat
