0 
0 Name: New Model.ldr
0 Author: 
1 0 220 -16 -20 -0.866 0 -0.5 0 1 0 0.5 0 -0.866 3958.dat
1 0 245 -8 23.3 -0.866 0 -0.5 0 1 0 0.5 0 -0.866 4477.dat
1 15 271.96 -8 -50 0.866 0 0.5 0 1 0 -0.5 0 0.866 4032.dat
1 15 168.04 -8 10 0.866 0 0.5 0 1 0 -0.5 0 0.866 4032.dat
1 0 195 -8 -63.3 0.866 0 0.5 0 1 0 -0.5 0 0.866 3666.dat
1 0 200 -24 -54.64 0.866 0 0.5 0 1 0 -0.5 0 0.866 87079.dat
1 0 215 -24 -28.66 0.866 0 0.5 0 1 0 -0.5 0 0.866 2431.dat
1 0 240 -24 14.64 0.866 0 0.5 0 1 0 -0.5 0 0.866 87079.dat
1 0 225 -24 -11.34 0.866 0 0.5 0 1 0 -0.5 0 0.866 92593.dat
1 15 240 -64 14.64 0.866 0 0.5 0 1 0 -0.5 0 0.866 3020.dat
1 0 245 -72 23.3 0.866 0 0.5 0 1 0 -0.5 0 0.866 3023.dat
1 0 204.02 -72 12.32 -0.5 0 0.866 0 1 0 -0.866 0 -0.5 3710.dat
1 0 255.98 -72 -17.68 -0.5 0 0.866 0 1 0 -0.866 0 -0.5 3710.dat
1 15 194.02 -64 -5 -0.5 0 0.866 0 1 0 -0.866 0 -0.5 3023.dat
1 15 245.98 -64 -35 -0.5 0 0.866 0 1 0 -0.866 0 -0.5 3023.dat
1 15 230 -88 -2.68 -0.5 0 0.866 0 1 0 -0.866 0 -0.5 6143.dat
1 15 215 -72 -28.66 0.866 0 0.5 0 1 0 -0.5 0 0.866 99206.dat
1 297 206 -66 -44.248 0.866 0.5 0 0 0 -1 -0.5 0.866 0 3069.dat
1 4 245 -80 23.3 0.866 0 0.5 0 1 0 -0.5 0 0.866 3710.dat
1 4 245 -88 23.3 0.866 0 0.5 0 1 0 -0.5 0 0.866 3710.dat
1 4 215 -80 -28.66 0.866 0 0.5 0 1 0 -0.5 0 0.866 3710.dat
1 4 215 -88 -28.66 0.866 0 0.5 0 1 0 -0.5 0 0.866 3710.dat
1 4 245 -112 23.3 0.866 0 0.5 0 1 0 -0.5 0 0.866 3010.dat
1 71 255.98 -112 -17.68 0.5 0 -0.866 0 1 0 0.866 0 0.5 22885.dat
1 71 204.02 -112 12.32 -0.5 0 0.866 0 1 0 -0.866 0 -0.5 22885.dat
1 15 230 -112 -2.68 -0.5 0 0.866 0 1 0 -0.866 0 -0.5 6143.dat
1 4 215 -112 -28.66 0.866 0 0.5 0 1 0 -0.5 0 0.866 3010.dat
1 15 230 -120 -2.68 0.866 0 0.5 0 1 0 -0.5 0 0.866 3031.dat
1 4 271.568 -92 -26.68 0 -0.866 0.5 1 0 0 0 0.5 0.866 3022.dat
1 4 278.496 -102 -30.68 -0.5 -0.866 0 0 0 1 -0.866 0.5 0 3069.dat
1 15 278.496 -82 -30.68 0.5 -0.866 0 0 0 -1 0.866 0.5 0 11476.dat
1 4 188.432 -92 21.32 0 0.866 -0.5 1 0 0 0 -0.5 -0.866 3022.dat
1 4 181.504 -102 25.32 0.5 0.866 0 0 0 1 0.866 -0.5 0 3069.dat
1 15 181.504 -82 25.32 -0.5 0.866 0 0 0 -1 -0.866 -0.5 0 11476.dat
1 71 245 -160 23.3 -0.866 0 -0.5 0 1 0 0.5 0 -0.866 22885.dat
1 71 265.98 -160 -0.36 0.5 0 -0.866 0 1 0 0.866 0 0.5 22885.dat
1 71 245.98 -160 -35 0.5 0 -0.866 0 1 0 0.866 0 0.5 22885.dat
1 71 215 -160 -28.66 0.866 0 0.5 0 1 0 -0.5 0 0.866 22885.dat
1 71 194.02 -160 -5 -0.5 0 0.866 0 1 0 -0.866 0 -0.5 22885.dat
1 71 214.02 -160 29.64 -0.5 0 0.866 0 1 0 -0.866 0 -0.5 22885.dat
1 19 230 -144 -2.68 0.866 0 0.5 0 1 0 -0.5 0 0.866 3003.dat
1 19 230 -168 -2.68 0.866 0 0.5 0 1 0 -0.5 0 0.866 3003.dat
1 15 230 -176 -2.68 0.866 0 0.5 0 1 0 -0.5 0 0.866 4032.dat
1 29 230 -200 -2.68 0.866 0 0.5 0 1 0 -0.5 0 0.866 3003.dat
1 71 255.98 -200 -17.68 0.5 0 -0.866 0 1 0 0.866 0 0.5 22885.dat
1 71 232.32 -200 -38.66 0.866 0 0.5 0 1 0 -0.5 0 0.866 22885.dat
1 71 197.68 -200 -18.66 0.866 0 0.5 0 1 0 -0.5 0 0.866 22885.dat
1 71 204.02 -200 12.32 -0.5 0 0.866 0 1 0 -0.866 0 -0.5 22885.dat
1 71 227.68 -200 33.3 -0.866 0 -0.5 0 1 0 0.5 0 -0.866 22885.dat
1 71 262.32 -200 13.3 -0.866 0 -0.5 0 1 0 0.5 0 -0.866 22885.dat
1 4 230 -208 -2.68 -0.866 0 -0.5 0 1 0 0.5 0 -0.866 3031.dat
1 4 206 -190 -44.248 -0.866 0.5 0 0 0 1 0.5 0.866 0 32028.dat
1 15 231.98 -170 -59.248 0 0.5 -0.866 -1 0 0 0 0.866 0.5 63325.dat
1 15 180.02 -170 -29.248 0.866 0.5 0 0 0 -1 -0.5 0.866 0 63325.dat
1 19 206 -150 -44.248 0.866 0.5 0 0 0 -1 -0.5 0.866 0 3710.dat
1 15 202 -190 -51.176 0.866 0.5 0 0 0 -1 -0.5 0.866 0 3023.dat
1 19 202 -170 -51.176 0.866 0.5 0 0 0 -1 -0.5 0.866 0 2431.dat
1 19 202 -150 -51.176 0.866 0.5 0 0 0 -1 -0.5 0.866 0 92593.dat
1 15 206 -190 -44.248 0 0.5 -0.866 -1 0 0 0 0.866 0.5 93273.dat
1 0 172.02 -150 -43.104 0.866 0.5 0 0 0 -1 -0.5 0.866 0 98138.dat
1 0 223.98 -150 -73.104 0.866 0.5 0 0 0 -1 -0.5 0.866 0 98138.dat
1 15 206 -120 -44.248 0.866 0.5 0 0 0 -1 -0.5 0.866 0 3020.dat
1 15 193.34 -130 -46.176 -0.866 0.5 0 0 0 1 0.5 0.866 0 63325.dat
1 15 210.66 -130 -56.176 0 0.5 0.866 1 0 0 0 0.866 -0.5 63325.dat
1 15 180.02 -120 -29.248 0.866 0.5 0 0 0 -1 -0.5 0.866 0 11477.dat
1 15 231.98 -120 -59.248 0.866 0.5 0 0 0 -1 -0.5 0.866 0 11477.dat
1 15 206 -100 -44.248 0.866 0.5 0 0 0 -1 -0.5 0.866 0 15068.dat
1 15 206 -90 -44.248 0.866 0.5 0 0 0 -1 -0.5 0.866 0 3023.dat
1 15 184.68 -130 -41.176 0 0.5 -0.866 -1 0 0 0 0.866 0.5 11477.dat
1 15 219.32 -130 -61.176 0 0.5 0.866 1 0 0 0 0.866 -0.5 11477.dat
1 15 271.568 -190 -26.68 -0.5 -0.866 0 0 0 1 -0.866 0.5 0 3023.dat
1 15 271.568 -170 -26.68 -0.5 -0.866 0 0 0 1 -0.866 0.5 0 3710.dat
1 15 266.568 -130 -35.34 0 -0.866 -0.5 -1 0 0 0 0.5 -0.866 63325.dat
1 15 286.568 -130 -0.7 0 -0.866 -0.5 -1 0 0 0 0.5 -0.866 3024.dat
1 19 276.568 -140 -18.02 0 -0.866 -0.5 -1 0 0 0 0.5 -0.866 3023.dat
1 19 256.568 -150 -52.66 0 -0.866 -0.5 -1 0 0 0 0.5 -0.866 3070.dat
1 15 264.64 -190 -22.68 0 -0.866 -0.5 -1 0 0 0 0.5 -0.866 93273.dat
1 15 279.64 -140 3.3 -0.5 -0.866 0 0 0 1 -0.866 0.5 0 11477.dat
1 15 249.64 -120 -48.66 0.5 -0.866 0 0 0 -1 0.866 0.5 0 11477.dat
1 19 276.568 -140 -18.02 0 -0.866 -0.5 -1 0 0 0 0.5 -0.866 85984.dat
1 15 266.568 -130 -35.34 -0.5 -0.866 0 0 0 1 -0.866 0.5 0 54200.dat
1 4 254 -190 38.888 0.866 -0.5 0 0 0 1 -0.5 -0.866 0 32028.dat
1 15 279.98 -170 23.888 -0.866 -0.5 0 0 0 -1 0.5 -0.866 0 63325.dat
1 15 228.02 -170 53.888 0 -0.5 0.866 -1 0 0 0 -0.866 -0.5 63325.dat
1 15 254 -140 38.888 -0.866 -0.5 0 0 0 -1 0.5 -0.866 0 3020.dat
1 15 258 -140 45.816 -0.866 -0.5 0 0 0 -1 0.5 -0.866 0 3020.dat
1 15 271.32 -160 28.888 0.866 -0.5 0 0 0 1 -0.5 -0.866 0 15068.dat
1 15 236.68 -160 48.888 0.866 -0.5 0 0 0 1 -0.5 -0.866 0 15068.dat
1 15 258 -190 45.816 -0.866 -0.5 0 0 0 -1 0.5 -0.866 0 3023.dat
1 15 254 -190 38.888 0 -0.5 0.866 -1 0 0 0 -0.866 -0.5 93273.dat
1 4 188.432 -190 21.32 0.5 0.866 0 0 0 1 0.866 -0.5 0 32028.dat
1 15 188.432 -170 21.32 0.5 0.866 0 0 0 1 0.866 -0.5 0 3710.dat
1 19 173.432 -150 -4.66 0.5 0.866 0 0 0 1 0.866 -0.5 0 3070.dat
1 15 183.432 -130 12.66 -0.5 0.866 0 0 0 -1 -0.866 -0.5 0 63325.dat
1 19 193.432 -140 29.98 0 0.866 0.5 -1 0 0 0 -0.5 0.866 3023.dat
1 15 203.432 -130 47.3 0 0.866 0.5 -1 0 0 0 -0.5 0.866 3024.dat
1 15 195.36 -190 17.32 0 0.866 0.5 -1 0 0 0 -0.5 0.866 93273.dat
1 15 210.36 -140 43.3 0.5 0.866 0 0 0 1 0.866 -0.5 0 11477.dat
1 15 180.36 -120 -8.66 -0.5 0.866 0 0 0 -1 -0.866 -0.5 0 11477.dat
1 15 183.432 -130 12.66 0.5 0.866 0 0 0 1 0.866 -0.5 0 54200.dat
1 19 193.432 -140 29.98 0 0.866 -0.5 1 0 0 0 -0.5 -0.866 85984.dat
1 4 230 -56 -2.68 0.866 0 0.5 0 1 0 -0.5 0 0.866 3020.dat
1 4 255.98 -48 -17.68 0.5 0 -0.866 0 1 0 0.866 0 0.5 3023.dat
1 72 255.98 -40 -17.68 0.5 0 -0.866 0 1 0 0.866 0 0.5 3023.dat
1 72 255.98 -32 -17.68 0.5 0 -0.866 0 1 0 0.866 0 0.5 3023.dat
1 4 204.02 -48 12.32 0.5 0 -0.866 0 1 0 0.866 0 0.5 3023.dat
1 72 204.02 -40 12.32 0.5 0 -0.866 0 1 0 0.866 0 0.5 3023.dat
1 72 204.02 -32 12.32 0.5 0 -0.866 0 1 0 0.866 0 0.5 3023.dat
1 4 221.34 -232 2.32 -0.5 0 0.866 0 1 0 -0.866 0 -0.5 3039.dat
1 4 215 -216 -28.66 -0.866 0 -0.5 0 1 0 0.5 0 -0.866 3023.dat
1 4 245 -216 23.3 -0.866 0 -0.5 0 1 0 0.5 0 -0.866 3023.dat
1 4 215 -208 -28.66 0.5 0 -0.866 0 1 0 0.866 0 0.5 93273.dat
1 4 245 -208 23.3 0.5 0 -0.866 0 1 0 0.866 0 0.5 93273.dat
1 4 243.66 -232 0.98 0.5 0 -0.866 0 1 0 0.866 0 0.5 60477.dat
1 4 233.66 -232 -16.34 0.5 0 -0.866 0 1 0 0.866 0 0.5 60477.dat
1 4 281.96 -208 -32.68 0.5 0 -0.866 0 1 0 0.866 0 0.5 3022.dat
1 15 290.62 -200 -37.68 0.5 0 -0.866 0 1 0 0.866 0 0.5 3023.dat
1 84 288.0894 -31.627 -26.3417 0.321286 0.443984 -0.836556 -0.483 0.837 0.259 0.814456 0.321 0.483 10169.dat
