0 Main
0 Name: 6889-1 - Recon Robot.mpd
0 Author: LTRON
1 0 0 0 0 0 0 -1 0 1 0 1 0 0 3034.dat
1 0 -10 -24 60 0 0 1 0 1 0 -1 0 0 2458.dat
1 0 10 -24 60 0 0 -1 0 1 0 1 0 0 2458.dat
1 0 -10 -24 0 0 0 1 0 1 0 -1 0 0 2458.dat
1 0 10 -24 0 0 0 -1 0 1 0 1 0 0 2458.dat
1 0 -10 -24 -60 0 0 1 0 1 0 -1 0 0 2458.dat
1 0 10 -24 -60 0 0 -1 0 1 0 1 0 0 2458.dat
1 0 0 -32 70 -1 0 0 0 1 0 0 0 -1 3023.dat
1 0 0 -32 -20 0 0 -1 0 1 0 1 0 0 3034.dat
1 4 0 -40 40 0 0 -1 0 1 0 1 0 0 3020.dat
1 0 0 -48 60 0 0 -1 0 1 0 1 0 0 3022.dat
1 0 0 -48 30 1 0 0 0 1 0 0 0 1 3710.dat
1 0 0 -48 10 1 0 0 0 1 0 0 0 1 3023.dat
1 0 0 -56 40 1 0 0 0 1 0 0 0 1 3031.dat
1 0 -30 -80 50 -1 0 0 0 1 0 0 0 -1 3040.dat
1 0 30 -80 50 -1 0 0 0 1 0 0 0 -1 3040.dat
1 0 0 -104 10 -1 0 0 0 1 0 0 0 -1 4864.dat
1 0 -30 -104 50 0 0 1 0 1 0 -1 0 0 4070.dat
1 0 30 -104 50 0 0 -1 0 1 0 1 0 0 4070.dat
1 0 30 -104 20 0 0 -1 0 1 0 1 0 0 4864.dat
1 0 -30 -104 20 0 0 1 0 1 0 -1 0 0 4864.dat
1 4 0 -112 10 -1 0 0 0 1 0 0 0 -1 3710.dat
1 0 48 -94 50 0 -1 0 1 0 0 0 0 1 3959.dat
1 42 48 -94 26 0 0 -1 1 0 0 0 -1 0 6141.dat
1 0 -48 -94 50 0 1 0 -1 0 0 0 0 1 3959.dat
1 42 -48 -94 26 0 0 1 -1 0 0 0 -1 0 6141.dat
1 4 -30 -112 40 0 0 -1 0 1 0 1 0 0 4275.dat
1 4 30 -112 40 0 0 -1 0 1 0 1 0 0 4275.dat
1 4 0 -79.2824 79.5568 1 0 0 0 0.4384 0.8988 0 -0.8988 0.4384 3020.dat
1 0 0 -73.8016 91.1312 1 0 0 0 0.4384 0.8988 0 -0.8988 0.4384 2412.dat
1 0 0 -91.7776 82.3632 1 0 0 0 0.4384 0.8988 0 -0.8988 0.4384 2412.dat
1 0 -30 -82.7896 86.7472 0 0 1 -0.8988 0.4384 0 -0.4384 -0.8988 0 4276.dat
1 0 30 -82.7896 86.7472 0 0 1 -0.8988 0.4384 0 -0.4384 -0.8988 0 4276.dat
1 0 0 -120 20 1 0 0 0 1 0 0 0 1 3020.dat
1 0 0 -120 50 1 0 0 0 1 0 0 0 1 3710.dat
1 4 -20 -144 40 1 0 0 0 1 0 0 0 1 6143.dat
1 4 20 -144 40 1 0 0 0 1 0 0 0 1 6143.dat
1 0 0 -144 10 1 0 0 0 1 0 0 0 1 3004.dat
1 0 -10 -104 -20 1 0 0 0 1 0 0 0 1 2340.dat
1 0 10 -104 -20 1 0 0 0 1 0 0 0 1 2340.dat
1 0 0 -152 50 1 0 0 0 1 0 0 0 1 3710.dat
1 0 -10 -152 30 -1 0 0 0 1 0 0 0 -1 2420.dat
1 0 10 -152 30 0 0 1 0 1 0 -1 0 0 2420.dat
1 0 0 -152 -20 1 0 0 0 1 0 0 0 1 4345.dat
1 0 0 -152 -20 1 0 0 0 1 0 0 0 1 4346.dat
1 0 30 -14 -60 0 0 -1 0 1 0 1 0 0 6118.dat
1 0 -30 -14 -60 0 0 1 0 -1 0 1 0 0 6118.dat
1 0 30 -14 0 0 0 -1 0 1 0 1 0 0 6118.dat
1 0 -30 -14 0 0 0 1 0 -1 0 1 0 0 6118.dat
1 0 30 -14 60 0 0 -1 0 1 0 1 0 0 6118.dat
1 0 -30 -14 60 0 0 1 0 -1 0 1 0 0 6118.dat
1 0 -30 -160 20 0 0 1 0 1 0 -1 0 0 2419.dat
1 0 30 -160 20 0 0 -1 0 1 0 1 0 0 2419.dat
1 4 0 -168 -10 1 0 0 0 1 0 0 0 1 3023.dat
1 0 0 -184 10 -1 0 0 0 1 0 0 0 -1 3039.dat
1 0 -50 -232 30 0 0 1 0 1 0 -1 0 0 2449.dat
1 0 -50 -232 10 0 0 1 0 1 0 -1 0 0 2449.dat
1 0 50 -232 10 0 0 -1 0 1 0 1 0 0 2449.dat
1 0 50 -232 30 0 0 -1 0 1 0 1 0 0 2449.dat
1 36 0 -240 -10 -1 0 0 0 1 0 0 0 -1 2362.dat
1 4 0 -240 30 -1 0 0 0 1 0 0 0 -1 3460.dat
1 4 -50 -240 -10 0 0 1 0 1 0 -1 0 0 2450.dat
1 4 50 -240 -10 1 0 0 0 1 0 0 0 1 2450.dat
1 0 -20 -248 10 0 0 1 0 1 0 -1 0 0 3021.dat
1 0 20 -248 10 0 0 1 0 1 0 -1 0 0 3021.dat
1 0 30 -232 -10 1 0 0 0 1 0 0 0 1 2449.dat
1 0 -30 -232 -10 1 0 0 0 1 0 0 0 1 2449.dat
1 0 60 -248 30 1 0 0 0 1 0 0 0 1 4275.dat
1 0 60 -248 10 1 0 0 0 1 0 0 0 1 4275.dat
1 0 -60 -248 10 -1 0 0 0 1 0 0 0 -1 4275.dat
1 0 -60 -248 30 -1 0 0 0 1 0 0 0 -1 4275.dat
1 4 -70 -256 20 0 0 -1 0 1 0 1 0 0 2412.dat
1 4 70 -256 20 0 0 -1 0 1 0 1 0 0 2412.dat
1 0 -108.464 -220.02 30 0.5 0.866 0 -0.866 0.5 0 0 0 1 4276.dat
1 0 -108.464 -220.02 10 0.5 0.866 0 -0.866 0.5 0 0 0 1 4276.dat
1 4 -111.536 -198.7 20 0.5 0.866 0 -0.866 0.5 0 0 0 1 4032.dat
1 0 -123.464 -194.04 20 0 0.866 0.5 0 0.5 -0.866 -1 0 0 4275.dat
1 0 -133.464 -176.72 20 0 0.866 0.5 0 0.5 -0.866 -1 0 0 4275.dat
1 0 -125.392 -206.7 20 -0.5 0.866 0 0.866 0.5 0 0 0 -1 3020.dat
1 0 -126.6223 -172.7698 -40.0122 -0.224121 0.836469 -0.5 -0.1294 0.48295 0.866 0.9659 0.2588 0 4276.dat
1 0 -116.6223 -190.0898 -40.0122 -0.224121 0.836469 -0.5 -0.1294 0.48295 0.866 0.9659 0.2588 0 4276.dat
1 0 -130.5552 -186.5874 -32.4236 0.5 0.836469 -0.224121 -0.866 0.48295 -0.1294 0 0.2588 0.9659 3839.dat
1 0 -126.0728 -183.9994 -51.7416 0.5 0.836469 -0.224121 -0.866 0.48295 -0.1294 0 0.2588 0.9659 2452.dat
1 0 -135.0058 -189.157 -44.153 -0.5 0.836469 0.224121 0.866 0.48295 0.1294 0 0.2588 -0.9659 3068.dat
1 0 -108.2556 -173.7123 -98.0038 -0.432957 0.749943 -0.5 -0.249975 0.432993 0.866 0.865985 0.49995 0 4276.dat
1 0 -114.2551 -177.1763 -102.0034 0.432957 0.749943 0.5 0.249975 0.432993 -0.866 -0.865985 0.49995 0 4276.dat
1 0 -102.256 -170.2484 -94.0042 0.432957 0.749943 0.5 0.249975 0.432993 -0.866 -0.865985 0.49995 0 4276.dat
1 0 -67.8992 -150.4119 -139.196 -0.5 0.612321 0.612278 0.866 0.353534 0.353509 0 0.707019 -0.707068 2923.dat
1 0 -91.5434 -164.0633 -154.9584 0.5 -0.836419 0.224107 -0.866 -0.482921 0.129392 0 -0.258785 -0.965842 2923.dat
1 0 114.0414 -225.6154 30 -0.7071 -0.7071 0 -0.7071 0.7071 0 0 0 -1 4276.dat
1 0 114.0414 -225.6154 10 -0.7071 -0.7071 0 -0.7071 0.7071 0 0 0 -1 4276.dat
1 4 122.5266 -205.8166 20 -0.7071 -0.7071 0 -0.7071 0.7071 0 0 0 -1 4032.dat
1 0 135.2544 -204.4024 20 0 -0.7071 0.7071 0 0.7071 0.7071 -1 0 0 4275.dat
1 0 149.3964 -190.2604 20 0 -0.7071 0.7071 0 0.7071 0.7071 -1 0 0 4275.dat
1 0 133.8402 -217.1302 20 -0.7071 -0.7071 0 -0.7071 0.7071 0 0 0 -1 3020.dat
1 0 129.668 -198.816 -40.0122 0.182997 -0.682988 -0.7071 -0.182997 0.682988 -0.7071 0.9659 0.2588 0 4276.dat
1 0 143.81 -184.674 -40.0122 0.182997 -0.682988 -0.7071 -0.182997 0.682988 -0.7071 0.9659 0.2588 0 4276.dat
1 0 144.0329 -199.0389 -32.4236 0.7071 -0.682988 0.182997 0.7071 0.682988 -0.182997 0 0.2588 0.9659 3839.dat
1 0 140.373 -195.379 -51.7416 0.7071 -0.682988 0.182997 0.7071 0.682988 -0.182997 0 0.2588 0.9659 2452.dat
1 0 147.6668 -202.6728 -44.153 -0.7071 -0.682988 -0.182997 -0.7071 0.682988 0.182997 0 0.2588 -0.9659 3068.dat
1 0 125.825 -180.831 -98.0038 0.353515 -0.612338 -0.7071 -0.353515 0.612338 -0.7071 0.865985 0.49995 0 4276.dat
1 0 130.7237 -185.7297 -102.0034 -0.353515 -0.612338 0.7071 0.353515 0.612338 0.7071 -0.865985 0.49995 0 4276.dat
1 0 120.9263 -175.9323 -94.0042 -0.353515 -0.612338 0.7071 0.353515 0.612338 0.7071 -0.865985 0.49995 0 4276.dat
1 0 92.8735 -147.8795 -139.196 -0.7071 -0.499968 -0.499933 -0.7071 0.499968 0.499933 0 0.707019 -0.707068 2923.dat
1 0 117.6697 -172.6757 -155.9807 0.7071 0.707042 0.000026 0.7071 -0.707042 -0.000026 0 0.000036 -0.999918 2923.dat
1 0 0 -256 10 1 0 0 0 1 0 0 0 1 2419.dat
1 0 0 -264 20 1 0 0 0 1 0 0 0 1 3680.dat
1 7 0 -264 20 0.9659 0 -0.2588 0 1 0 0.2588 0 0.9659 3679.dat
1 0 0 -272 20 0.9659 0 -0.2588 0 1 0 0.2588 0 0.9659 3022.dat
1 0 0 -320 20 0.9659 0 -0.2588 0 1 0 0.2588 0 0.9659 2434.dat
1 0 -7.2464 -290 47.0452 -0.9659 0.2588 0 0 0 -1 -0.2588 -0.9659 0 3794.dat
1 0 28.977 -328 27.764 -0.2588 0 -0.9659 0 1 0 0.9659 0 -0.2588 4175.dat
1 0 -28.977 -328 12.236 0.2588 0 0.9659 0 1 0 -0.9659 0 0.2588 4175.dat
1 0 -2.588 -328 29.659 -0.9659 0 0.2588 0 1 0 -0.2588 0 -0.9659 3794.dat
1 0 2.588 -328 10.341 -0.9659 0 0.2588 0 1 0 -0.2588 0 -0.9659 3794.dat
1 0 -2.588 -336 29.659 -0.9659 0 0.2588 0 1 0 -0.2588 0 -0.9659 2555.dat
1 0 2.588 -336 10.341 -0.9659 0 0.2588 0 1 0 -0.2588 0 -0.9659 2555.dat
1 4 31.565 -336 18.105 -0.9659 0 0.2588 0 1 0 -0.2588 0 -0.9659 4592.dat
1 4 -26.389 -336 2.577 -0.9659 0 0.2588 0 1 0 -0.2588 0 -0.9659 4592.dat
1 0 31.565 -336 18.105 -0.9659 0.182997 0.182997 0 0.7071 -0.7071 -0.2588 -0.682988 -0.682988 4593.dat
1 0 -26.389 -336 2.577 -0.9659 0.182997 0.182997 0 0.7071 -0.7071 -0.2588 -0.682988 -0.682988 4593.dat
1 0 11.3872 -290 -22.4996 -0.9659 -0.2588 0 0 0 1 -0.2588 0.9659 0 3039.dat
1 42 36.2234 -310 0.7188 -0.9659 -0.2588 0 0 0 1 -0.2588 0.9659 0 6141.dat
1 42 -21.7306 -310 -14.8092 -0.9659 -0.2588 0 0 0 1 -0.2588 0.9659 0 6141.dat
1 0 -17.5898 -290 -30.2636 -0.9659 -0.2588 0 0 0 1 -0.2588 0.9659 0 3062.dat
1 0 40.3642 -290 -14.7356 -0.9659 -0.2588 0 0 0 1 -0.2588 0.9659 0 3062.dat
1 4 -5.8604 -290 -35.4028 -0.9659 -0.2588 0 0 0 1 -0.2588 0.9659 0 2412.dat
1 4 32.7756 -290 -25.0508 -0.9659 -0.2588 0 0 0 1 -0.2588 0.9659 0 2412.dat
1 0 -11.9048 -290 64.4314 0.9659 0.2588 0 0 0 1 0.2588 -0.9659 0 752.dat
1 0 4.9172 -342 1.6479 0.9659 0.2588 0 0 0 1 0.2588 -0.9659 0 752.dat
1 256 -11.9048 -290 64.4314 0.9659 -0.2588 0 0 0 -1 0.2588 0.9659 0 755.dat
1 256 4.9172 -342 1.6479 0.9659 -0.2588 0 0 0 -1 0.2588 0.9659 0 755.dat
1 256 -13.7006 -290.3562 71.1338 0.9659 -0.256134 -0.037086 0 -0.1433 0.9897 0.2588 0.955951 0.138413 756.dat
1 256 -14.391 -290.7426 73.7105 0.9659 -0.252744 -0.055694 0 -0.2152 0.9766 0.2588 0.943298 0.207862 756.dat
1 256 -15.0702 -291.3209 76.2453 0.9659 -0.246403 -0.079089 0 -0.3056 0.9521 0.2588 0.919633 0.295179 756.dat
1 256 -15.7291 -292.1383 78.7047 0.9659 -0.235042 -0.108308 0 -0.4185 0.9082 0.2588 0.87723 0.404229 756.dat
1 256 -16.3614 -293.2638 81.0643 0.9659 -0.215606 -0.143142 0 -0.5531 0.8331 0.2588 0.804691 0.534239 756.dat
1 256 -16.9419 -294.7532 83.2309 0.9659 -0.185637 -0.180332 0 -0.6968 0.7173 0.2588 0.69284 0.673039 756.dat
1 256 -17.438 -296.6155 85.0825 0.9659 -0.146067 -0.213639 0 -0.8255 0.5644 0.2588 0.545154 0.79735 756.dat
1 256 -17.8302 -298.8321 86.5463 0.9659 -0.102718 -0.237553 0 -0.9179 0.3969 0.2588 0.383366 0.8866 756.dat
1 256 -18.106 -301.2969 87.5757 0.9659 -0.062681 -0.251088 0 -0.9702 0.2422 0.2588 0.233941 0.937116 756.dat
1 256 -18.2742 -303.9001 88.2033 0.9659 -0.029477 -0.257118 0 -0.9935 0.1139 0.2588 0.110016 0.959622 756.dat
1 256 -18.3533 -306.5688 88.4988 0.9659 -0.003287 -0.258774 0 -0.9999 0.0127 0.2588 0.012267 0.965803 756.dat
1 256 -18.3621 -309.2511 88.5317 0.9659 0.017158 -0.258231 0 -0.9978 -0.0663 0.2588 -0.064039 0.963775 756.dat
1 256 -18.3161 -311.9321 88.3596 0.9659 0.033178 -0.256652 0 -0.9917 -0.1282 0.2588 -0.123828 0.957883 756.dat
1 256 -18.227 -314.5947 88.0272 0.9659 0.045989 -0.254685 0 -0.9841 -0.1777 0.2588 -0.17164 0.950542 756.dat
1 256 -18.1034 -317.2377 87.5662 0.9659 0.067262 -0.249897 0 -0.9656 -0.2599 0.2588 -0.251037 0.932673 756.dat
1 256 -17.9227 -319.8331 86.8915 0.9659 0.095911 -0.240373 0 -0.9288 -0.3706 0.2588 -0.357963 0.897128 756.dat
1 256 -17.6652 -322.327 85.9304 0.9659 0.123706 -0.22733 0 -0.8784 -0.478 0.2588 -0.4617 0.848447 756.dat
1 256 -17.3331 -324.6849 84.691 0.9659 0.149276 -0.211414 0 -0.8169 -0.5768 0.2588 -0.557131 0.789044 756.dat
1 256 -16.9319 -326.8801 83.1938 0.9659 0.17161 -0.193738 0 -0.7486 -0.6631 0.2588 -0.640488 0.723073 756.dat
1 256 -16.4697 -328.8964 81.4686 0.9659 0.190244 -0.175466 0 -0.678 -0.7351 0.2588 -0.710033 0.65488 756.dat
1 256 -15.96 -330.7129 79.5662 0.9659 0.205332 -0.157532 0 -0.6087 -0.7934 0.2588 -0.766345 0.587943 756.dat
1 256 -15.4083 -332.3484 77.5071 0.9659 0.21734 -0.140477 0 -0.5428 -0.8398 0.2588 -0.811163 0.524291 756.dat
1 256 -14.823 -333.8101 75.3229 0.9659 0.226786 -0.124664 0 -0.4817 -0.8763 0.2588 -0.846418 0.465274 756.dat
1 256 -14.2117 -335.1086 73.0411 0.9659 0.234162 -0.110223 0 -0.4259 -0.9048 0.2588 -0.873946 0.411377 756.dat
1 256 -13.5856 -336.2474 70.7045 0.9659 0.239882 -0.097102 0 -0.3752 -0.9269 0.2588 -0.895293 0.362406 756.dat
1 256 -12.9394 -337.2583 68.2926 0.9659 0.244385 -0.085145 0 -0.329 -0.9443 0.2588 -0.912099 0.317781 756.dat
1 256 -12.2818 -338.1433 65.8386 0.9659 0.247905 -0.074276 0 -0.287 -0.9579 0.2588 -0.925236 0.277213 756.dat
1 256 -11.6161 -338.9141 63.3538 0.9659 0.250674 -0.064364 0 -0.2487 -0.9686 0.2588 -0.935571 0.240219 756.dat
1 256 -10.9442 -339.5808 60.8462 0.9659 0.252822 -0.055254 0 -0.2135 -0.9769 0.2588 -0.943588 0.20622 756.dat
1 256 -10.2621 -340.1567 58.3006 0.9659 0.25453 -0.046843 0 -0.181 -0.9835 0.2588 -0.949963 0.174828 756.dat
1 256 -9.5823 -340.6401 55.7631 0.9659 0.25585 -0.039027 0 -0.1508 -0.9886 0.2588 -0.954889 0.145658 756.dat
1 256 -8.894 -341.0457 53.1946 0.9659 0.256859 -0.031677 0 -0.1224 -0.9925 0.2588 -0.958656 0.118226 756.dat
1 256 -8.2037 -341.3747 50.618 0.9659 0.25761 -0.024715 0 -0.0955 -0.9954 0.2588 -0.961457 0.092243 756.dat
1 256 -7.5115 -341.6313 48.0346 0.9659 0.258179 -0.018064 0 -0.0698 -0.9976 0.2588 -0.963582 0.06742 756.dat
1 256 -6.8178 -341.8189 45.4455 0.9659 0.258541 -0.011646 0 -0.045 -0.999 0.2588 -0.964934 0.043465 756.dat
1 256 -6.1228 -341.94 42.8517 0.9659 0.258748 -0.005383 0 -0.0208 -0.9998 0.2588 -0.965707 0.020091 756.dat
1 256 -5.427 -341.9958 40.2549 0.9659 0.2588 -0.000414 0 -0.0016 -1 0.2588 -0.9659 0.001545 756.dat
1 256 -4.7347 -342 37.6709 0.9659 0.2588 0 0 0 -1 0.2588 -0.9659 0 756.dat
1 256 -4.0378 -342 35.0701 0.9659 0.2588 0 0 0 -1 0.2588 -0.9659 0 756.dat
1 256 -3.3426 -342 32.4752 0.9659 0.2588 0 0 0 -1 0.2588 -0.9659 0 756.dat
1 256 -2.6467 -342 29.878 0.9659 0.2588 0 0 0 -1 0.2588 -0.9659 0 756.dat
1 256 -1.9512 -342 27.2822 0.9659 0.2588 0 0 0 -1 0.2588 -0.9659 0 756.dat
1 256 -1.2543 -342 24.6814 0.9659 0.2588 0 0 0 -1 0.2588 -0.9659 0 756.dat
1 256 -0.562 -342 22.0974 0.9659 0.2588 0 0 0 -1 0.2588 -0.9659 0 756.dat
1 256 0.1348 -342 19.4968 0.9659 0.2588 0 0 0 -1 0.2588 -0.9659 0 756.dat
1 256 0.8308 -342 16.8993 0.9659 0.2588 0 0 0 -1 0.2588 -0.9659 0 756.dat
1 256 1.5267 -342 14.302 0.9659 0.2588 0 0 0 -1 0.2588 -0.9659 0 756.dat
1 256 2.2227 -342 11.7043 0.9659 0.2588 0 0 0 -1 0.2588 -0.9659 0 756.dat
1 256 2.918 -342 9.1092 0.9659 0.2588 0 0 0 -1 0.2588 -0.9659 0 756.dat
1 256 3.6121 -342 6.5189 0.9659 0.2588 0 0 0 -1 0.2588 -0.9659 0 756.dat
