0 Main
0 Name: 40270-1 - Valentine's Bee.mpd
0 Author: LTRON
1 0 0 0 0 1 0 0 0 1 0 0 0 1 3031.dat
1 14 -30 -24 0 0 0 1 0 1 0 -1 0 0 3700.dat
1 191 -30 -24 -30 1 0 0 0 1 0 0 0 1 3005.dat
1 191 -30 -24 30 1 0 0 0 1 0 0 0 1 3005.dat
1 191 0 -8 -30 1 0 0 0 1 0 0 0 1 3023.dat
1 191 0 -8 30 1 0 0 0 1 0 0 0 1 3023.dat
1 191 30 -24 0 0 0 1 0 1 0 -1 0 0 3010.dat
1 71 0 -48 -30 1 0 0 0 1 0 0 0 1 22885.dat
1 71 0 -48 30 -1 0 0 0 1 0 0 0 -1 22885.dat
1 0 -30 -48 0 0 0 1 0 1 0 -1 0 0 30414.dat
1 15 0 -24 0 0 0 1 0 1 0 -1 0 0 6143.dat
1 15 0 -48 0 0 0 1 0 1 0 -1 0 0 6143.dat
1 0 30 -48 0 0 0 1 0 1 0 -1 0 0 3010.dat
1 191 0 -56 0 0 0 1 0 1 0 -1 0 0 3031.dat
1 191 0 -28 48 0 0 -1 1 0 0 0 -1 0 3022.dat
1 0 0 -18 56 -1 0 0 0 0 -1 0 -1 0 11476.dat
1 191 0 -38 56 -1 0 0 0 0 -1 0 -1 0 3069.dat
1 191 0 -28 -48 1 0 0 0 0 -1 0 1 0 3022.dat
1 0 10 -28 -56 0 0 -1 -1 0 0 0 1 0 11476.dat
1 191 -10 -28 -56 0 0 -1 -1 0 0 0 1 0 3069.dat
1 71 30 -96 0 0 0 -1 0 1 0 1 0 0 22885.dat
1 71 20 -96 30 -1 0 0 0 1 0 0 0 -1 22885.dat
1 71 -20 -96 30 -1 0 0 0 1 0 0 0 -1 22885.dat
1 71 -30 -96 0 0 0 1 0 1 0 -1 0 0 22885.dat
1 71 20 -96 -30 1 0 0 0 1 0 0 0 1 22885.dat
1 71 -20 -96 -30 1 0 0 0 1 0 0 0 1 22885.dat
1 19 0 -80 0 1 0 0 0 1 0 0 0 1 3003.dat
1 19 0 -104 0 1 0 0 0 1 0 0 0 1 3003.dat
1 10 0 -112 0 1 0 0 0 1 0 0 0 1 4032.dat
1 29 0 -136 0 1 0 0 0 1 0 0 0 1 3003.dat
1 71 0 -136 30 -1 0 0 0 1 0 0 0 -1 22885.dat
1 71 -30 -136 20 0 0 1 0 1 0 -1 0 0 22885.dat
1 71 -30 -136 -20 0 0 1 0 1 0 -1 0 0 22885.dat
1 71 0 -136 -30 1 0 0 0 1 0 0 0 1 22885.dat
1 71 30 -136 20 0 0 -1 0 1 0 1 0 0 22885.dat
1 71 30 -136 -20 0 0 -1 0 1 0 1 0 0 22885.dat
1 0 0 -144 0 -1 0 0 0 1 0 0 0 -1 3031.dat
1 191 48 -96 0 0 -1 0 -1 0 0 0 0 -1 3031.dat
1 5 56 -66 -30 0 -1 0 -1 0 0 0 0 -1 3070.dat
1 5 56 -66 30 0 -1 0 -1 0 0 0 0 -1 3070.dat
1 191 56 -116 0 0 -1 0 0 0 -1 1 0 0 87079.dat
1 191 56 -86 0 0 -1 0 0 0 -1 1 0 0 92593.dat
1 191 56 -66 0 0 -1 0 0 0 -1 1 0 0 3069.dat
1 0 64 -86 30 0 -1 0 0 0 -1 1 0 0 98138.dat
1 0 64 -86 -30 0 -1 0 0 0 -1 1 0 0 98138.dat
1 0 0 -96 48 -1 0 0 0 0 -1 0 -1 0 3020.dat
1 0 20 -76 40 -1 0 0 0 0 -1 0 -1 0 15068.dat
1 0 -20 -76 40 -1 0 0 0 0 -1 0 -1 0 15068.dat
1 0 20 -116 40 1 0 0 0 0 1 0 -1 0 15068.dat
1 0 -20 -116 40 1 0 0 0 0 1 0 -1 0 15068.dat
1 0 -48 -96 0 0 1 0 0 0 -1 -1 0 0 3020.dat
1 0 -40 -76 20 0 1 0 0 0 -1 -1 0 0 15068.dat
1 0 -40 -76 -20 0 1 0 0 0 -1 -1 0 0 15068.dat
1 0 -40 -116 20 0 1 0 0 0 1 1 0 0 15068.dat
1 0 -40 -116 -20 0 1 0 0 0 1 1 0 0 15068.dat
1 0 0 -96 -48 1 0 0 0 0 -1 0 1 0 3020.dat
1 0 -20 -76 -40 1 0 0 0 0 -1 0 1 0 15068.dat
1 0 20 -76 -40 1 0 0 0 0 -1 0 1 0 15068.dat
1 0 -20 -116 -40 -1 0 0 0 0 1 0 1 0 15068.dat
1 0 20 -116 -40 -1 0 0 0 0 1 0 1 0 15068.dat
1 0 -48 -38 -20 0 1 0 0 0 -1 -1 0 0 92280.dat
1 0 -48 -38 20 0 1 0 0 0 1 1 0 0 92280.dat
1 71 -40 -14 0 -1 0 0 0 0 1 0 1 0 4274.dat
1 0 -64 -14 0 0 1 0 0 0 1 1 0 0 59900.dat
1 0 -56 -38 0 0 1 0 0 0 1 1 0 0 3069.dat
1 15 -60.778 -38 -50.506 0 -0.707 -0.707 -1 0 0 0 0.707 -0.707 30357.dat
1 15 -73.504 -38 -51.92 0.707 -0.707 0 0 0 -1 0.707 0.707 0 60478.dat
1 15 -73.504 -58 -51.92 -0.707 -0.707 0 0 0 1 -0.707 0.707 0 3023.dat
1 47 -79.16 -48 -46.264 -0.707 -0.707 0 0 0 1 -0.707 0.707 0 2654.dat
1 15 -61.071 -38 51.213 -0.707 -0.707 0 0 0 -1 0.707 -0.707 0 30357.dat
1 15 -73.797 -38 52.627 0.707 -0.707 0 0 0 1 -0.707 -0.707 0 60478.dat
1 15 -73.797 -58 52.627 0.707 -0.707 0 0 0 1 -0.707 -0.707 0 3023.dat
1 47 -79.453 -48 46.971 0 -0.707 0.707 -1 0 0 0 -0.707 -0.707 2654.dat
1 0 0 8 0 0 0 -1 0 1 0 1 0 0 3020.dat
1 191 0 16 30 -1 0 0 0 1 0 0 0 -1 3004.dat
1 191 0 16 -30 -1 0 0 0 1 0 0 0 -1 3004.dat
1 0 -10 -168 -30 -1 0 0 0 1 0 0 0 -1 59900.dat
1 0 -10 -168 30 -1 0 0 0 1 0 0 0 -1 59900.dat
1 0 -10 -177.25 -30 -1 0 0 0 1 0 0 0 -1 32474.dat
1 0 -10 -177.25 30 -1 0 0 0 1 0 0 0 -1 32474.dat
1 4 64 -28 -54 0 -1 0 0.707 0 0.707 -0.707 0 0.707 3176.dat
1 4 72 -28 -54 0 -1 0 -0.707 0 0.707 -0.707 0 -0.707 3176.dat
1 47 56 -28 -54 0 -1 0 -0.707 0 0.707 -0.707 0 -0.707 6141.dat
1 47 48 -28 -54 0 -1 0 -0.707 0 0.707 -0.707 0 -0.707 6141.dat
1 47 40 -28 -54 0 -1 0 -0.999698 0 0 0 0 -0.999698 25893.dat
1 14 70 -30.909 73 0 0 -1 -0.5 -0.866 0 -0.866 0.5 0 4032.dat
1 70 70 -10.125 61 0 0 -1 -0.5 -0.866 0 -0.866 0.5 0 30367.dat
1 70 70 -3.197 57 0 0 -1 -0.5 -0.866 0 -0.866 0.5 0 15712.dat
1 70 75 1.999 54 0 -1 0 -0.5 0 0.866 -0.866 0 -0.5 30374.dat
1 0 20 48 0 -1 0 0 0 1 0 0 0 -1 3958.dat
1 0 -30 56 0 0 0 -1 0 1 0 1 0 0 4477.dat
1 27 0 48 100 0 0 -1 0 1 0 1 0 0 30565.dat
1 27 0 48 -100 1 0 0 0 1 0 0 0 1 30565.dat
1 10 20 56 -60 0 0 -1 0 1 0 1 0 0 4032.dat
1 10 20 56 60 0 0 -1 0 1 0 1 0 0 4032.dat
1 0 70 56 0 0 0 -1 0 1 0 1 0 0 3666.dat
1 0 30 40 0 0 0 -1 0 1 0 1 0 0 2431.dat
1 0 10 40 0 0 0 -1 0 1 0 1 0 0 92593.dat
1 0 -20 40 0 0 0 -1 0 1 0 1 0 0 87079.dat
1 2 -30 16 -110 0.707 0 -0.707 0 1 0 0.707 0 0.707 59900.dat
1 2 -30 16 110 0.707 0 -0.707 0 1 0 0.707 0 0.707 59900.dat
