0 
0 Name: New Model.ldr
0 Author: 
1 15 -200 -8 130 -1 0 0 0 1 0 0 0 -1 3020.dat
1 15 -200 -16 110 0 0 1 0 1 0 -1 0 0 3020.dat
1 2 -160 -16 150 0 0 -1 0 1 0 1 0 0 2429.dat
1 2 -240 -16 150 0 0 1 0 1 0 -1 0 0 2430.dat
1 2 -240 -16 150 0.707 0 -0.707 0 1 0 0.707 0 0.707 2429.dat
1 2 -160 -16 150 0.707 0 0.707 0 1 0 -0.707 0 0.707 2430.dat
1 27 -210 -32 130 0 0 1 0 1 0 -1 0 0 47457.dat
1 27 -190 -32 130 0 0 -1 0 1 0 1 0 0 47457.dat
1 19 -200 -8 90 0 0 -1 0 1 0 1 0 0 4032.dat
1 2 -131.716 -8 135.858 0 0 1 0 1 0 -1 0 0 2420.dat
1 2 -268.284 -8 135.858 -1 0 0 0 1 0 0 0 -1 2420.dat
1 2 -200 -24 70 0 0 -1 0 1 0 1 0 0 3020.dat
1 2 -200 -32 100 1 0 0 0 1 0 0 0 1 3023.dat
1 27 -210 -40 80 0 0 1 0 1 0 -1 0 0 6091.dat
1 27 -190 -40 80 0 0 -1 0 1 0 1 0 0 6091.dat
1 2 -200 -40 110 0 0 -1 0 1 0 1 0 0 3020.dat
1 2 -230 -8 80 -1 0 0 0 1 0 0 0 -1 2420.dat
1 2 -170 -8 80 0 0 1 0 1 0 -1 0 0 2420.dat
1 0 -200 -48 90 0 0 1 0 1 0 -1 0 0 3022.dat
1 288 -200 -32 30 1 0 0 0 1 0 0 0 1 48183.dat
1 4 -200 -40 20 1 0 0 0 1 0 0 0 1 15573.dat
1 4 -210 -24 50 -1 0 0 0 1 0 0 0 -1 11477.dat
1 4 -190 -24 50 -1 0 0 0 1 0 0 0 -1 11477.dat
1 71 -200 -56 80 1 0 0 0 1 0 0 0 1 14704.dat
1 288 -200 -64 80 -1 0 0 0 1 0 0 0 -1 48933.dat
1 288 -200 -55.901 29.987 1 0 0 0 0.966 0.259 0 -0.259 0.966 48183.dat
1 72 -200 -61.039 41.719 -1 0 0 0 0.966 -0.259 0 -0.259 -0.966 14417.dat
1 2 -200 -66.219 22.399 -1 0 0 0 0.966 -0.259 0 -0.259 -0.966 3023.dat
1 0 -190 -68.767 43.791 0 0 -1 0.259 0.966 0 0.966 -0.259 0 4081.dat
1 0 -210 -68.767 43.791 0 0 1 -0.259 0.966 0 -0.966 -0.259 0 4081.dat
1 27 -210 -63.629 32.059 1 0 0 0 0.966 0.259 0 -0.259 0.966 11477.dat
1 27 -190 -63.629 32.059 1 0 0 0 0.966 0.259 0 -0.259 0.966 11477.dat
1 15 -230 -69.943 31.681 1 0 0 0 0.259 -0.966 0 0.966 0.259 98138.dat
1 15 -170 -69.943 31.681 1 0 0 0 0.259 -0.966 0 0.966 0.259 98138.dat
