0 FILE Dropship and AT-OT.ldr
0 Dropship and AT-OT
0 Name: Dropship and AT-OT.ldr
0 Author: LDraw
0 Unofficial Model
0 ROTATION CENTER 0 0 0 1 "Custom" 
0 ROTATION CONFIG 0 0
1 0 80 -8 930 0 0 1 0 1 0 -1 0 0 Clone Pilot.ldr
1 0 80 -8 850 0 0 1 0 1 0 -1 0 0 Clone Pilot.ldr
1 0 80 -8 770 0 0 1 0 1 0 -1 0 0 Clone.ldr
1 0 80 -8 690 0 0 1 0 1 0 -1 0 0 Clone.ldr
1 0 80 -8 610 0 0 1 0 1 0 -1 0 0 Clone.ldr
1 0 140 -8 770 0 0 1 0 1 0 -1 0 0 Clone.ldr
1 0 140 -8 690 0 0 1 0 1 0 -1 0 0 Clone.ldr
1 0 140 -8 610 0 0 1 0 1 0 -1 0 0 Clone.ldr
1 0 200 -8 770 0 0 1 0 1 0 -1 0 0 Clone.ldr
1 0 200 -8 690 0 0 1 0 1 0 -1 0 0 Clone.ldr
1 0 200 -8 610 0 0 1 0 1 0 -1 0 0 Clone.ldr
1 0 260 -8 770 0 0 1 0 1 0 -1 0 0 Clone.ldr
1 0 260 -8 690 0 0 1 0 1 0 -1 0 0 Clone.ldr
1 0 260 -8 610 0 0 1 0 1 0 -1 0 0 Clone.ldr
1 0 -70 -174 1270 1 0 0 0 1 0 0 0 1 Part 1.ldr
1 0 40.132 -732.229 727.892 0.92388 -0.146447 -0.353553 0 0.92388 -0.382683 0.382683 0.353553 0.853553 Part 20.ldr
0
0 FILE Clone Pilot.ldr
0 Clone Pilot
0 Name: Clone Pilot.ldr
0 Author: LDraw
0 Unofficial Model
0 ROTATION CENTER 0 0 0 1 "Custom" 
0 ROTATION CONFIG 0 0
1 15 0 -24 0 1 0 0 0 1 0 0 0 1 30408p01.dat
1 78 0 -24 0 1 0 0 0 1 0 0 0 1 3626bp01.dat
1 15 0 0 0 1 0 0 0 1 0 0 0 1 973psu.dat
1 0 0 32 0 1 0 0 0 1 0 0 0 1 3815.dat
1 15 -15.552 9 0 0.985 -0.17 0 0.17 0.985 0 0 0 1 3818.dat
1 15 15.552 9 0 0.985 0.17 0 -0.17 0.985 0 0 0 1 3819.dat
1 0 -23.8634 26.5956 -10.321 0.985 -0.12019 0.12019 0.17 0.696395 -0.696395 0 0.707 0.707 3820.dat
1 0 23.8634 26.5956 -10.321 0.985 0.12019 -0.12019 -0.17 0.696395 -0.696395 0 0.707 0.707 3820.dat
1 15 0 44 0 1 0 0 0 1 0 0 0 1 3816.dat
1 15 0 44 0 1 0 0 0 1 0 0 0 1 3817.dat
0
0 FILE Clone.ldr
0 Clone
0 Name: Clone.ldr
0 Author: LDraw
0 Unofficial Model
0 ROTATION CENTER 0 0 0 1 "Custom" 
0 ROTATION CONFIG 0 0
1 15 0 -24 0 1 0 0 0 1 0 0 0 1 30408p01.dat
1 78 0 -24 0 1 0 0 0 1 0 0 0 1 3626bp01.dat
1 15 0 0 0 1 0 0 0 1 0 0 0 1 973psu.dat
1 0 0 32 0 1 0 0 0 1 0 0 0 1 3815.dat
1 15 -15.552 9 0 0.985 -0.17 0 0.17 0.985 0 0 0 1 3818.dat
1 15 15.552 9 0 0.985 0.17 0 -0.17 0.985 0 0 0 1 3819.dat
1 0 -23.8634 26.5956 -10.321 0.985 -0.12019 0.12019 0.17 0.696395 -0.696395 0 0.707 0.707 3820.dat
1 0 23.8634 26.5956 -10.321 0.985 0.12019 -0.12019 -0.17 0.696395 -0.696395 0 0.707 0.707 3820.dat
1 15 0 44 0 1 0 0 0 1 0 0 0 1 3816.dat
1 15 0 44 0 1 0 0 0 1 0 0 0 1 3817.dat
0
0 FILE Part 1.ldr
0 Part 1
0 Name: Part 1.ldr
0 Author: LDraw
0 Unofficial Model
0 ROTATION CENTER 0 0 0 1 "Custom" 
0 ROTATION CONFIG 0 0
1 72 10 8 0 1 0 0 0 1 0 0 0 1 4282.dat
1 72 -70 16 0 0 0 -1 0 1 0 1 0 0 54091.dat
1 71 50 -16 -10 1 0 0 0 1 0 0 0 1 2730.dat
1 71 50 -48 -10 1 0 0 0 1 0 0 0 1 3702.dat
1 71 0 0 0 1 0 0 0 1 0 0 0 1 Part 6.ldr
1 71 80 -56 0 0 0 -1 0 1 0 1 0 0 2431.dat
1 0 -10 -56 0 0 0 -1 0 1 0 1 0 0 3068b.dat
1 72 20 -96 0 0 0 -1 0 1 0 1 0 0 3678b.dat
1 71 50 -48 10 1 0 0 0 1 0 0 0 1 3702.dat
1 71 50 -16 10 1 0 0 0 1 0 0 0 1 2730.dat
1 72 210 -16 50 1 0 0 0 1 0 0 0 1 32018.dat
1 71 -90 -16 0 0 0 -1 0 1 0 1 0 0 32531.dat
1 71 240 -24 0 0 0 -1 0 1 0 1 0 0 3666.dat
1 71 180 -24 0 0 0 -1 0 1 0 1 0 0 3666.dat
1 71 170 -32 0 0 0 -1 0 1 0 1 0 0 3795.dat
1 71 250 -32 0 0 0 -1 0 1 0 1 0 0 3795.dat
1 71 50 -32 60 -1 0 0 0 1 0 0 0 -1 3795.dat
1 71 50 -32 -60 -1 0 0 0 1 0 0 0 -1 3795.dat
1 71 370 -32 60 -1 0 0 0 1 0 0 0 -1 3795.dat
1 71 370 -32 -60 -1 0 0 0 1 0 0 0 -1 3795.dat
1 71 370 -56 -60 -1 0 0 0 1 0 0 0 -1 3007.dat
1 71 370 -48 0 -1 0 0 0 1 0 0 0 -1 3007.dat
1 288 310 -56 0 0 0 -1 0 1 0 1 0 0 4079.dat
1 288 110 -56 0 0 0 1 0 1 0 -1 0 0 4079.dat
1 288 370 -56 0 0 0 -1 0 1 0 1 0 0 4079.dat
1 288 430 -56 0 0 0 -1 0 1 0 1 0 0 4079.dat
1 288 430 -64 -60 -1 0 0 0 1 0 0 0 -1 4079.dat
1 288 370 -64 -60 -1 0 0 0 1 0 0 0 -1 4079.dat
1 288 310 -64 -60 -1 0 0 0 1 0 0 0 -1 4079.dat
1 288 310 -64 60 1 0 0 0 1 0 0 0 1 4079.dat
1 288 370 -64 60 1 0 0 0 1 0 0 0 1 4079.dat
1 288 430 -64 60 1 0 0 0 1 0 0 0 1 4079.dat
1 288 110 -64 -60 -1 0 0 0 1 0 0 0 -1 4079.dat
1 288 50 -64 -60 -1 0 0 0 1 0 0 0 -1 4079.dat
1 288 -10 -64 -60 -1 0 0 0 1 0 0 0 -1 4079.dat
1 288 -10 -64 60 1 0 0 0 1 0 0 0 1 4079.dat
1 288 50 -64 60 1 0 0 0 1 0 0 0 1 4079.dat
1 288 110 -64 60 1 0 0 0 1 0 0 0 1 4079.dat
1 71 370 -56 60 -1 0 0 0 1 0 0 0 -1 3007.dat
1 71 50 -56 -60 -1 0 0 0 1 0 0 0 -1 3007.dat
1 71 50 -56 60 -1 0 0 0 1 0 0 0 -1 3007.dat
1 71 -70 -32 30 -1 0 0 0 1 0 0 0 -1 3710.dat
1 72 -40 -56 0 0 0 1 0 1 0 -1 0 0 30413.dat
1 71 -70 -32 -30 -1 0 0 0 1 0 0 0 -1 3710.dat
1 71 -110 -40 30 -1 0 0 0 1 0 0 0 -1 3710.dat
1 71 -110 -40 -30 -1 0 0 0 1 0 0 0 -1 3710.dat
1 71 -130 -32 30 -1 0 0 0 1 0 0 0 -1 44302.dat
1 71 -130 -32 -30 -1 0 0 0 1 0 0 0 -1 44302.dat
1 0 -20 -32 -60 0 0 1 0 1 0 -1 0 0 44301.dat
1 0 -20 -32 60 0 0 -1 0 1 0 1 0 0 44301.dat
1 0 120 -32 -60 0 0 1 0 1 0 -1 0 0 44301.dat
1 0 120 -32 60 0 0 -1 0 1 0 1 0 0 44301.dat
1 0 300 -32 -60 0 0 1 0 1 0 -1 0 0 44301.dat
1 0 760 -60.121 -147.937 -1 0 0 0 -0.382683 0.92388 0 0.92388 0.382683 Part 12.ldr
1 0 270 -66.121 -132.937 -1 0 0 0 -0.382683 0.92388 0 0.92388 0.382683 Part 16.ldr
1 0 300 -32 60 0 0 -1 0 1 0 1 0 0 44301.dat
1 0 420 -60.121 147.937 1 0 0 0 -0.382683 0.92388 0 -0.92388 -0.382683 Part 11.ldr
1 0 80 -66.121 132.937 1 0 0 0 -0.382683 0.92388 0 -0.92388 -0.382683 Part 13.ldr
1 0 440 -32 -60 0 0 1 0 1 0 -1 0 0 44301.dat
1 0 440 -32 60 0 0 -1 0 1 0 1 0 0 44301.dat
1 71 210 -96 30 -1 0 0 0 1 0 0 0 -1 32333.dat
1 71 210 -44 20 0 0 -1 1 0 0 0 -1 0 Part 7.ldr
1 71 210 -96 -30 -1 0 0 0 1 0 0 0 -1 32333.dat
1 71 190 -86 -20 0 0 1 0 1 0 -1 0 0 3673.dat
1 0 230 -86 0 0 0 1 0 1 0 -1 0 0 3706.dat
1 71 230 -86 -50 1 0 0 0 1 0 0 0 1 3713.dat
1 71 230 -86 50 1 0 0 0 1 0 0 0 1 3713.dat
1 72 249.712 -82.473 0 -0.224951 -0.97437 0 0.97437 -0.224951 0 0 0 1 42003.dat
1 19 249.712 -82.473 0 0 -0.97437 0.224951 0 -0.224951 -0.97437 1 0 0 32556.dat
1 14 259.456 -80.226 0 -0.97437 0 0.224951 -0.224951 0 -0.97437 0 -1 0 2853.dat
1 71 190 -86 20 0 0 1 0 1 0 -1 0 0 3673.dat
1 71 190 -86 0 0 0 1 0 1 0 -1 0 0 62462.dat
1 71 190 -46 0 0 0 1 0 1 0 -1 0 0 62462.dat
1 71 230 -46 0 0 0 1 0 1 0 -1 0 0 62462.dat
1 72 190 -46 -57 0 0 1 0 1 0 -1 0 0 32209.dat
1 72 230 -46 -57 0 0 1 0 1 0 -1 0 0 32209.dat
1 72 230 -46 57 0 0 -1 0 1 0 1 0 0 32209.dat
1 72 250 -85 213 -1 0 0 0 0.382683 -0.92388 0 -0.92388 -0.382683 Part 4.ldr
1 72 170 -85 -213 1 0 0 0 0.382683 -0.92388 0 0.92388 0.382683 Part 4.ldr
1 72 190 -46 57 0 0 -1 0 1 0 1 0 0 32209.dat
1 71 90 -24 0 0 0 -1 0 1 0 1 0 0 41539.dat
1 71 -220 213 154 -1 0 0 0 1 0 0 0 -1 Part 8.ldr
1 71 -200 213 -156 1 0 0 0 1 0 0 0 1 Part 8.ldr
1 71 -30 213 154 -1 0 0 0 1 0 0 0 -1 Part 8.ldr
1 71 -10 213 -156 1 0 0 0 1 0 0 0 1 Part 8.ldr
1 71 424 213 154 -1 0 0 0 1 0 0 0 -1 Part 8.ldr
1 71 444 213 -156 1 0 0 0 1 0 0 0 1 Part 8.ldr
1 71 624 213 154 -1 0 0 0 1 0 0 0 -1 Part 8.ldr
1 71 644 213 -156 1 0 0 0 1 0 0 0 1 Part 8.ldr
1 71 -70 -24 0 0 0 -1 0 1 0 1 0 0 41539.dat
1 71 -230 -40 0 1 0 0 0 1 0 0 0 1 Part 19.ldr
1 71 330 -24 0 0 0 -1 0 1 0 1 0 0 41539.dat
1 71 470 -24 0 0 0 -1 0 1 0 1 0 0 3036.dat
1 72 560 -24 30 -1 0 0 0 1 0 0 0 -1 3623.dat
1 72 560 -24 -30 -1 0 0 0 1 0 0 0 -1 3623.dat
1 71 -140 16 0 0 0 -1 0 1 0 1 0 0 3009.dat
1 71 160 16 0 0 0 -1 0 1 0 1 0 0 3009.dat
1 71 260 16 0 0 0 -1 0 1 0 1 0 0 3009.dat
1 71 560 16 0 0 0 -1 0 1 0 1 0 0 3009.dat
1 19 10 16 0 0 0 -1 0 1 0 1 0 0 3003.dat
1 19 410 16 0 0 0 -1 0 1 0 1 0 0 3003.dat
1 71 -90 -16 100 -1 0 0 0 1 0 0 0 -1 32531.dat
1 71 -90 8 60 -1 0 0 0 1 0 0 0 -1 3031.dat
1 71 -90 8 -60 -1 0 0 0 1 0 0 0 -1 3031.dat
1 71 110 8 60 -1 0 0 0 1 0 0 0 -1 3031.dat
1 71 110 8 -60 -1 0 0 0 1 0 0 0 -1 3031.dat
1 71 310 8 60 -1 0 0 0 1 0 0 0 -1 3031.dat
1 71 310 8 -60 -1 0 0 0 1 0 0 0 -1 3031.dat
1 71 510 8 60 -1 0 0 0 1 0 0 0 -1 3031.dat
1 71 510 8 -60 -1 0 0 0 1 0 0 0 -1 3031.dat
1 71 110 -16 100 -1 0 0 0 1 0 0 0 -1 32531.dat
1 71 310 -16 100 -1 0 0 0 1 0 0 0 -1 32531.dat
1 71 -90 -6 140 0 0 1 0 1 0 -1 0 0 3673.dat
1 71 -90 -6 -140 0 0 1 0 1 0 -1 0 0 3673.dat
1 71 110 -6 140 0 0 1 0 1 0 -1 0 0 3673.dat
1 71 110 -6 -140 0 0 1 0 1 0 -1 0 0 3673.dat
1 71 310 -6 140 0 0 1 0 1 0 -1 0 0 3673.dat
1 71 310 -6 -140 0 0 1 0 1 0 -1 0 0 3673.dat
1 71 510 -6 140 0 0 1 0 1 0 -1 0 0 3673.dat
1 71 510 -6 157 0 0 1 -1 0 0 0 -1 0 44375a.dat
1 71 510 -6 -157 0 0 1 1 0 0 0 1 0 44375a.dat
1 71 310 -6 157 0 0 1 -1 0 0 0 -1 0 44375a.dat
1 71 310 -6 -157 0 0 1 1 0 0 0 1 0 44375a.dat
1 71 110 -6 157 0 0 1 -1 0 0 0 -1 0 44375a.dat
1 71 110 -6 -157 0 0 1 1 0 0 0 1 0 44375a.dat
1 71 -90 -6 157 0 0 1 -1 0 0 0 -1 0 44375a.dat
1 71 -90 -6 -157 0 0 1 1 0 0 0 1 0 44375a.dat
1 71 510 -6 -140 0 0 1 0 1 0 -1 0 0 3673.dat
1 71 510 -16 100 -1 0 0 0 1 0 0 0 -1 32531.dat
1 71 -90 -16 -100 -1 0 0 0 1 0 0 0 -1 32531.dat
1 71 110 -16 -100 -1 0 0 0 1 0 0 0 -1 32531.dat
1 71 310 -16 -100 -1 0 0 0 1 0 0 0 -1 32531.dat
1 71 577.177 52.706 -130 0.760406 -0.649448 0 0.649448 0.760406 0 0 0 1 Part 9.ldr
1 71 377.177 52.706 -130 0.760406 -0.649448 0 0.649448 0.760406 0 0 0 1 Part 9.ldr
1 71 -152.823 52.706 130 -0.760406 0.649448 0 0.649448 0.760406 0 0 0 -1 Part 9.ldr
1 71 -152.823 52.706 -130 -0.760406 0.649448 0 0.649448 0.760406 0 0 0 -1 Part 10.ldr
1 71 37.177 52.706 -130 -0.760406 0.649448 0 0.649448 0.760406 0 0 0 -1 Part 10.ldr
1 71 577.177 52.706 130 0.760406 -0.649448 0 0.649448 0.760406 0 0 0 1 Part 10.ldr
1 71 387.177 52.706 130 0.760406 -0.649448 0 0.649448 0.760406 0 0 0 1 Part 10.ldr
1 71 47.177 52.706 130 -0.760406 0.649448 0 0.649448 0.760406 0 0 0 -1 Part 9.ldr
1 71 510 -16 -100 -1 0 0 0 1 0 0 0 -1 32531.dat
1 72 -150 -6 -100 1 0 0 0 0 -1 0 1 0 47973.dat
1 0 -190 -6 -100 0 0 -1 0 1 0 1 0 0 30553.dat
1 0 -230 -6 -100 -1 0 0 0 -1 0 0 0 1 62462.dat
1 0 -353 -6 -100 0 1 0 -1 0 0 0 0 1 4589.dat
1 0 -305 -6 -100 0 -1 0 -1 0 0 0 0 -1 4589.dat
1 0 -254 -6 -100 0 1 0 -1 0 0 0 0 1 63965.dat
1 1 -210 -6 -100 1 0 0 0 1 0 0 0 1 43093.dat
1 1 -250 -6 -100 -1 0 0 0 1 0 0 0 -1 4274.dat
1 0 -190 -6 100 0 0 -1 0 1 0 1 0 0 30553.dat
1 0 -230 -6 100 -1 0 0 0 -1 0 0 0 1 62462.dat
1 0 -353 -6 100 0 1 0 -1 0 0 0 0 1 4589.dat
1 0 -305 -6 100 0 -1 0 -1 0 0 0 0 -1 4589.dat
1 0 -254 -6 100 0 1 0 -1 0 0 0 0 1 63965.dat
1 1 -210 -6 100 1 0 0 0 1 0 0 0 1 43093.dat
1 1 -250 -6 100 -1 0 0 0 1 0 0 0 -1 4274.dat
1 72 -150 -6 100 1 0 0 0 0 -1 0 1 0 47973.dat
1 19 160 -16 0 0 0 -1 0 1 0 1 0 0 3700.dat
1 19 -140 -16 0 0 0 -1 0 1 0 1 0 0 3700.dat
1 0 170 -6 0 -1 0 0 0 1 0 0 0 -1 2780.dat
1 0 190 -46 -70 -1 0 0 0 0 1 0 1 0 33299b.dat
1 0 230 -46 -70 -1 0 0 0 0 1 0 1 0 33299b.dat
1 0 230 -46 70 1 0 0 0 0 1 0 -1 0 33299b.dat
1 0 190 -46 70 1 0 0 0 0 1 0 -1 0 33299b.dat
1 0 10 50 -20 -1 0 0 0 1 0 0 0 -1 2780.dat
1 0 10 50 20 -1 0 0 0 1 0 0 0 -1 2780.dat
1 72 330 16 0 0 0 -1 0 1 0 1 0 0 54091.dat
1 72 90 16 0 0 0 -1 0 1 0 1 0 0 54091.dat
1 72 10 64 0 0 0 -1 0 1 0 1 0 0 2654.dat
1 72 410 64 0 0 0 -1 0 1 0 1 0 0 2654.dat
1 0 150 64 0 1 0 0 0 1 0 0 0 1 10247.dat
1 0 180 34 0 0 -1 0 0 0 -1 1 0 0 32316.dat
1 0 -160 34 0 0 -1 0 0 0 -1 1 0 0 32316.dat
1 0 580 34 0 0 -1 0 0 0 -1 1 0 0 32316.dat
1 0 240 34 0 0 -1 0 0 0 -1 1 0 0 32316.dat
1 0 -130 64 0 -1 0 0 0 1 0 0 0 -1 10247.dat
1 0 550 64 0 1 0 0 0 1 0 0 0 1 10247.dat
1 0 270 64 0 -1 0 0 0 1 0 0 0 -1 10247.dat
1 72 490 16 0 0 0 -1 0 1 0 1 0 0 54091.dat
1 0 410 50 -20 -1 0 0 0 1 0 0 0 -1 2780.dat
1 0 410 50 20 -1 0 0 0 1 0 0 0 -1 2780.dat
1 1 -140 -6 0 -1 0 0 0 1 0 0 0 -1 6558.dat
1 1 -70 -6 70 0 0 -1 0 1 0 1 0 0 6558.dat
1 1 90 -6 20 0 0 -1 0 1 0 1 0 0 43093.dat
1 4 90 -6 50 0 0 -1 0 1 0 1 0 0 32054.dat
1 1 330 -6 20 0 0 -1 0 1 0 1 0 0 43093.dat
1 4 330 -6 50 0 0 -1 0 1 0 1 0 0 32054.dat
1 72 130 -6 55 0 0 -1 0 1 0 1 0 0 32209.dat
1 14 130 -6 35 -1 0 0 0 1 0 0 0 -1 32123a.dat
1 72 290 -6 55 0 0 -1 0 1 0 1 0 0 32209.dat
1 14 290 -6 35 -1 0 0 0 1 0 0 0 -1 32123a.dat
1 1 -70 -6 -70 0 0 1 0 1 0 -1 0 0 6558.dat
1 1 -90 -6 70 0 0 -1 0 1 0 1 0 0 6558.dat
1 1 -90 -6 -70 0 0 1 0 1 0 -1 0 0 6558.dat
1 72 410 8 0 -1 0 0 0 1 0 0 0 -1 4282.dat
1 71 370 -16 10 -1 0 0 0 1 0 0 0 -1 2730.dat
1 71 370 -16 -10 -1 0 0 0 1 0 0 0 -1 2730.dat
1 72 210 -16 -50 -1 0 0 0 1 0 0 0 -1 32018.dat
1 72 -90 -16 90 -1 0 0 0 1 0 0 0 -1 3701.dat
1 72 -90 -16 -90 -1 0 0 0 1 0 0 0 -1 3701.dat
1 72 110 -16 90 -1 0 0 0 1 0 0 0 -1 3701.dat
1 72 110 -16 -90 -1 0 0 0 1 0 0 0 -1 3701.dat
1 72 310 -16 90 -1 0 0 0 1 0 0 0 -1 3701.dat
1 72 310 -16 -90 -1 0 0 0 1 0 0 0 -1 3701.dat
1 72 510 -16 90 -1 0 0 0 1 0 0 0 -1 3701.dat
1 72 510 -16 -90 -1 0 0 0 1 0 0 0 -1 3701.dat
1 71 510 -16 0 0 0 1 0 1 0 -1 0 0 32531.dat
1 19 260 -16 0 0 0 1 0 1 0 -1 0 0 3700.dat
1 19 560 -16 0 0 0 1 0 1 0 -1 0 0 3700.dat
1 0 250 -6 0 1 0 0 0 1 0 0 0 1 2780.dat
1 0 170 74 0 -1 0 0 0 1 0 0 0 -1 2780.dat
1 0 -150 74 0 -1 0 0 0 1 0 0 0 -1 2780.dat
1 0 250 74 0 1 0 0 0 1 0 0 0 1 2780.dat
1 0 570 74 0 1 0 0 0 1 0 0 0 1 2780.dat
1 1 560 -6 0 1 0 0 0 1 0 0 0 1 6558.dat
1 1 490 -6 -70 0 0 1 0 1 0 -1 0 0 6558.dat
1 1 330 -6 -20 0 0 1 0 1 0 -1 0 0 43093.dat
1 4 330 -6 -50 0 0 1 0 1 0 -1 0 0 32054.dat
1 1 90 -6 -20 0 0 1 0 1 0 -1 0 0 43093.dat
1 4 90 -6 -50 0 0 1 0 1 0 -1 0 0 32054.dat
1 72 290 -6 -55 0 0 1 0 1 0 -1 0 0 32209.dat
1 14 290 -6 -35 1 0 0 0 1 0 0 0 1 32123a.dat
1 72 130 -6 -55 0 0 1 0 1 0 -1 0 0 32209.dat
1 14 130 -6 -35 1 0 0 0 1 0 0 0 1 32123a.dat
1 1 490 -6 70 0 0 -1 0 1 0 1 0 0 6558.dat
1 1 510 -6 -70 0 0 1 0 1 0 -1 0 0 6558.dat
1 1 510 -6 70 0 0 -1 0 1 0 1 0 0 6558.dat
1 1 310 -6 -70 0 0 1 0 1 0 -1 0 0 6558.dat
1 1 310 -6 70 0 0 -1 0 1 0 1 0 0 6558.dat
1 1 110 -6 -70 0 0 1 0 1 0 -1 0 0 6558.dat
1 1 110 -6 70 0 0 -1 0 1 0 1 0 0 6558.dat
1 0 570 -16 30 1 0 0 0 1 0 0 0 1 32000.dat
1 0 570 -16 -30 1 0 0 0 1 0 0 0 1 32000.dat
1 71 570 8 -30 1 0 0 0 1 0 0 0 1 3023.dat
1 71 570 8 30 1 0 0 0 1 0 0 0 1 3023.dat
1 0 580 -6 40 0 0 1 0 -1 0 1 0 0 2780.dat
1 0 580 -6 -40 0 -0.819152 -0.573576 0 0.573576 -0.819152 1 0 0 2780.dat
1 0 432.517 -171.301 0 -0.573576 0.819152 0 -0.819152 -0.573576 0 0 0 1 Part 3.ldr
1 0 608.906 -70.785 0 0.833886 -0.551937 0 0.551937 0.833886 0 0 0 1 Part 2.ldr
1 0 0 0 0 1 0 0 0 1 0 0 0 1 Part 5.ldr
0
0 FILE Part 2.ldr
0 Part 2
0 Name: Part 2.ldr
0 Author: LDraw
0 Unofficial Model
0 ROTATION CENTER 0 0 0 1 "Custom" 
0 ROTATION CONFIG 0 0
1 0 0 16 0 1 0 0 0 1 0 0 0 1 3036.dat
1 71 20 8 50 1 0 0 0 1 0 0 0 1 4162.dat
1 71 20 8 -50 1 0 0 0 1 0 0 0 1 4162.dat
1 71 -90 8 0 0 0 1 0 1 0 -1 0 0 2419.dat
1 71 -100 16 0 0 0 1 0 1 0 -1 0 0 30157.dat
1 72 -80 24 0 0 0 1 0 1 0 -1 0 0 2654.dat
1 72 -10 24 50 0 0 1 0 1 0 -1 0 0 4287.dat
1 72 -10 24 -50 0 0 1 0 1 0 -1 0 0 4287.dat
0
0 FILE Part 3.ldr
0 Part 3
0 Name: Part 3.ldr
0 Author: LDraw
0 Unofficial Model
0 ROTATION CENTER 0 0 0 1 "Custom" 
0 ROTATION CONFIG 0 0
1 71 -150 8 0 0 0 1 0 1 0 -1 0 0 2419.dat
1 71 -160 26 -50 0 0 1 1 0 0 0 1 0 32524.dat
1 71 -140 16 0 0 0 1 0 1 0 -1 0 0 30157.dat
1 71 -160 26 50 0 0 1 1 0 0 0 1 0 32524.dat
0
0 FILE Part 4.ldr
0 Part 4
0 Name: Part 4.ldr
0 Author: LDraw
0 Unofficial Model
0 ROTATION CENTER 0 0 0 1 "Custom" 
0 ROTATION CONFIG 0 0
1 71 40 40 0 1 0 0 0 1 0 0 0 1 32059.dat
1 71 20 48 0 1 0 0 0 1 0 0 0 1 6143.dat
1 71 20 102 0 1 0 0 0 0 1 0 -1 0 32016.dat
1 71 60 102 0 1 0 0 0 0 1 0 -1 0 32016.dat
1 4 20 72 0 0 1 0 -1 0 0 0 0 1 32062.dat
1 4 60 72 0 0 1 0 -1 0 0 0 0 1 32062.dat
1 71 60 48 0 1 0 0 0 1 0 0 0 1 6143.dat
1 71 70 32 40 0 0 -1 0 1 0 1 0 0 43723.dat
1 71 10 32 40 0 0 1 0 1 0 -1 0 0 43722.dat
1 0 40 32 -30 1 0 0 0 1 0 0 0 1 2412b.dat
1 0 40 32 0 1 0 0 0 1 0 0 0 1 3068b.dat
0
0 FILE Part 5.ldr
0 Part 5
0 Name: Part 5.ldr
0 Author: LDraw
0 Unofficial Model
0 ROTATION CENTER 0 0 0 1 "Custom" 
0 ROTATION CONFIG 0 0
1 1 -10 -38 -20 0 0 1 0 1 0 -1 0 0 43093.dat
1 1 -10 -38 20 0 0 -1 0 1 0 1 0 0 43093.dat
1 71 -10 -118 -30 0 0 1 1 0 0 0 1 0 32009.dat
1 71 -10 -118 30 0 0 1 1 0 0 0 1 0 32009.dat
0
0 FILE Part 6.ldr
0 Part 6
0 Name: Part 6.ldr
0 Author: LDraw
0 Unofficial Model
0 ROTATION CENTER 0 0 0 1 "Custom" 
0 ROTATION CONFIG 0 0
1 0 -150 -118 0 0 0 1 0 1 0 -1 0 0 3706.dat
1 72 -150 -128 -10 1 0 0 0 1 0 0 0 1 32064b.dat
1 72 -150 -128 -50 1 0 0 0 1 0 0 0 1 32064b.dat
1 72 -150 -128 50 1 0 0 0 1 0 0 0 1 32064b.dat
1 72 -140 -128 80 0 0 1 0 1 0 -1 0 0 3039.dat
1 72 -140 -128 -80 0 0 1 0 1 0 -1 0 0 3039.dat
1 72 -150 -128 10 1 0 0 0 1 0 0 0 1 32064b.dat
1 72 -170 -104 0 1 0 0 0 1 0 0 0 1 3020.dat
1 71 -150 -104 70 0 0 -1 0 1 0 1 0 0 3021.dat
1 71 -150 -104 -70 0 0 -1 0 1 0 1 0 0 3021.dat
1 71 -150 -136 70 -1 0 0 0 1 0 0 0 -1 43723.dat
1 71 -150 -136 -70 1 0 0 0 1 0 0 0 1 43722.dat
1 72 -210 -184 0 1 0 0 0 1 0 0 0 1 3020.dat
1 72 -210 -192 0 1 0 0 0 1 0 0 0 1 3022.dat
1 72 -200 -200 0 0 0 -1 0 1 0 1 0 0 6069.dat
1 320 -250 -200 0 0 0 1 0 1 0 -1 0 0 47753.dat
1 72 -190 -128 10 1 0 0 0 1 0 0 0 1 30136.dat
1 72 -190 -128 -10 1 0 0 0 1 0 0 0 1 30136.dat
1 71 -190 -152 0 1 0 0 0 1 0 0 0 1 3003.dat
1 71 -210 -176 -10 1 0 0 0 1 0 0 0 1 3037.dat
1 71 -210 -176 10 -1 0 0 0 1 0 0 0 -1 3037.dat
1 72 -160 -176 0 0 0 -1 0 1 0 1 0 0 3678b.dat
1 72 -160 -96 0 0 0 -1 0 1 0 1 0 0 3660.dat
0
0 FILE Part 7.ldr
0 Part 7
0 Name: Part 7.ldr
0 Author: LDraw
0 Unofficial Model
0 ROTATION CENTER 0 0 0 1 "Custom" 
0 ROTATION CONFIG 0 0
1 71 0 8 0 1 0 0 0 1 0 0 0 1 2730.dat
1 71 0 32 0 1 0 0 0 1 0 0 0 1 4477.dat
1 71 -80 0 0 1 0 0 0 1 0 0 0 1 3794a.dat
1 71 20 0 0 1 0 0 0 1 0 0 0 1 4162.dat
1 1 80 18 -10 0 0 1 0 1 0 -1 0 0 4274.dat
1 71 -60 18 0 0 0 1 0 1 0 -1 0 0 4519.dat
1 71 -60 18 -20 1 0 0 0 1 0 0 0 1 3713.dat
1 71 -60 18 20 1 0 0 0 1 0 0 0 1 3713.dat
0
0 FILE Part 8.ldr
0 Part 8
0 Name: Part 8.ldr
0 Author: LDraw
0 Unofficial Model
0 ROTATION CENTER 0 0 0 1 "Custom" 
0 ROTATION CONFIG 0 0
1 71 -10 16 0 1 0 0 0 1 0 0 0 1 30303.dat
1 71 -10 -24 0 1 0 0 0 1 0 0 0 1 44375a.dat
1 1 -10 -16 0 0 0 1 0 1 0 -1 0 0 6143.dat
1 72 -60 -8 0 0 0 1 0 1 0 -1 0 0 3039.dat
1 72 -10 -8 50 -1 0 0 0 1 0 0 0 -1 3039.dat
1 72 40 -8 0 0 0 -1 0 1 0 1 0 0 3039.dat
1 72 -10 -8 -50 1 0 0 0 1 0 0 0 1 3039.dat
1 72 -10 -88 -10 1 0 0 0 0 -1 0 1 0 6222.dat
1 72 -10 -38 -10 1 0 0 0 0 -1 0 1 0 32064b.dat
1 72 -10 -48 14.001 1 0 0 0 0 -1 0 1 0 2654.dat
1 71 -10 -118 -18 1 0 0 0 0 -1 0 1 0 3023.dat
1 71 -10 -68 -18 0 0 -1 -1 0 0 0 1 0 3709b.dat
1 71 -10 -88 -34 0.707107 0 -0.707107 -0.707107 0 -0.707107 0 1 0 3960ps1.dat
1 72 -10 -18 0 0 0 -1 -1 0 0 0 1 0 6587.dat
1 72 -10 -88 4 0 0 -1 0 1 0 1 0 0 6587.dat
0
0 FILE Part 9.ldr
0 Part 9
0 Name: Part 9.ldr
0 Author: LDraw
0 Unofficial Model
0 ROTATION CENTER 0 0 0 1 "Custom" 
0 ROTATION CONFIG 0 0
1 71 0 32 0 1 0 0 0 1 0 0 0 1 3666.dat
1 71 70 18 0 0 0 1 1 0 0 0 1 0 32523.dat
1 71 70 18 20 0 0 -1 -1 0 0 0 1 0 32271.dat
1 71 0 0 0 1 0 0 0 1 0 0 0 1 3666.dat
1 71 -10 -32 0 1 0 0 0 1 0 0 0 1 4073.dat
1 71 -10 64 0 1 0 0 0 1 0 0 0 1 4073.dat
1 0 -40 8 0 1 0 0 0 1 0 0 0 1 32000.dat
1 0 20 8 0 1 0 0 0 1 0 0 0 1 32000.dat
1 0 30 18 10 0 0 -1 0 1 0 1 0 0 2780.dat
1 0 50 18 10 0 0 -1 0 1 0 1 0 0 2780.dat
1 72 -74 -14 20 0 -0.608761 0.793353 0 0.793353 0.608761 -1 0 0 6587.dat
1 0 -50 18 10 0 0 -1 0 1 0 1 0 0 2780.dat
1 1 70 18 10 0 0 -1 0 1 0 1 0 0 43093.dat
1 72 -10 8 0 1 0 0 0 1 0 0 0 1 3062b.dat
1 72 -10 -24 0 1 0 0 0 1 0 0 0 1 3062b.dat
1 72 -10 40 0 1 0 0 0 1 0 0 0 1 3062b.dat
1 72 -30 40 0 0 0 1 0 1 0 -1 0 0 3665.dat
1 72 -30 -24 0 0 0 1 0 1 0 -1 0 0 3040b.dat
1 72 10 40 0 0 0 -1 0 1 0 1 0 0 4287.dat
1 72 10 -24 0 0 0 -1 0 1 0 1 0 0 4286.dat
0
0 FILE Part 10.ldr
0 Part 10
0 Name: Part 10.ldr
0 Author: LDraw
0 Unofficial Model
0 ROTATION CENTER 0 0 0 1 "Custom" 
0 ROTATION CONFIG 0 0
1 71 0 32 0 1 0 0 0 1 0 0 0 1 3666.dat
1 71 70 18 0 0 0 1 1 0 0 0 1 0 32523.dat
1 71 70 18 -20 0 0 -1 -1 0 0 0 1 0 32271.dat
1 71 0 0 0 1 0 0 0 1 0 0 0 1 3666.dat
1 71 -10 -32 0 1 0 0 0 1 0 0 0 1 4073.dat
1 71 -10 64 0 1 0 0 0 1 0 0 0 1 4073.dat
1 0 -40 8 0 1 0 0 0 1 0 0 0 1 32000.dat
1 0 20 8 0 1 0 0 0 1 0 0 0 1 32000.dat
1 0 30 18 -10 0 0 -1 0 1 0 1 0 0 2780.dat
1 0 50 18 -10 0 0 -1 0 1 0 1 0 0 2780.dat
1 72 -74 -14 -20 0 0.608761 -0.793353 0 0.793353 0.608761 1 0 0 6587.dat
1 0 -50 18 -10 0 0 -1 0 1 0 1 0 0 2780.dat
1 1 70 18 -10 0 0 1 0 1 0 -1 0 0 43093.dat
1 72 -10 8 0 1 0 0 0 1 0 0 0 1 3062b.dat
1 72 -10 -24 0 1 0 0 0 1 0 0 0 1 3062b.dat
1 72 -10 40 0 1 0 0 0 1 0 0 0 1 3062b.dat
1 72 -30 40 0 0 0 1 0 1 0 -1 0 0 3665.dat
1 72 -30 -24 0 0 0 1 0 1 0 -1 0 0 3040b.dat
1 72 10 40 0 0 0 -1 0 1 0 1 0 0 4287.dat
1 72 10 -24 0 0 0 -1 0 1 0 1 0 0 4286.dat
0
0 FILE Part 11.ldr
0 Part 11
0 Name: Part 11.ldr
0 Author: LDraw
0 Unofficial Model
0 ROTATION CENTER 0 0 0 1 "Custom" 
0 ROTATION CONFIG 0 0
1 71 70 32 0 1 0 0 0 1 0 0 0 1 3035.dat
1 71 158 50 20 0 -1 0 1 0 0 0 0 1 2476b.dat
1 71 196 50 20 0 1 0 -1 0 0 0 0 1 44359.dat
1 71 196 50 20 0 -1 0 1 0 0 0 0 1 44359.dat
1 1 224 50 20 1 0 0 0 1 0 0 0 1 4274.dat
1 0 248 50 20 0 -1 0 1 0 0 0 0 1 4589.dat
1 0 309 50 20 0 1 0 -1 0 0 0 0 1 63965.dat
1 71 166 50 20 0 -1 0 1 0 0 0 0 1 44358.dat
1 71 -90 32 0 1 0 0 0 1 0 0 0 1 3035.dat
1 71 -150 50 -40 0 0 1 0 1 0 -1 0 0 4274.dat
1 71 -10 50 -40 0 0 1 0 1 0 -1 0 0 4274.dat
1 71 -50 40 20 1 0 0 0 1 0 0 0 1 3795.dat
1 71 -120 40 20 0 0 -1 0 1 0 1 0 0 44302.dat
1 71 20 40 20 0 0 -1 0 1 0 1 0 0 44302.dat
1 71 120 8 -10 1 0 0 0 1 0 0 0 1 3045.dat
1 71 70 8 -10 1 0 0 0 1 0 0 0 1 3037.dat
1 71 -90 8 -10 1 0 0 0 1 0 0 0 1 3037.dat
1 72 -10 8 -30 -1 0 0 0 1 0 0 0 -1 6069.dat
1 72 140 40 -20 0 0 -1 0 1 0 1 0 0 3039.dat
1 72 120 40 -20 0 0 1 0 1 0 -1 0 0 3660.dat
1 72 -150 40 20 -1 0 0 0 1 0 0 0 -1 2654.dat
1 72 -110 48 20 -1 0 0 0 1 0 0 0 -1 2654.dat
1 72 10 48 20 -1 0 0 0 1 0 0 0 -1 2654.dat
1 72 130 64 -20 -1 0 0 0 1 0 0 0 -1 2654.dat
1 0 -150 40 -20 0 0 1 0 1 0 -1 0 0 2444.dat
1 0 -150 50 -41 -1 0 0 0 0 1 0 1 0 58247.dat
1 0 -10 50 -57 -1 0 0 0 0 1 0 1 0 57899.dat
1 0 -10 40 -20 0 0 1 0 1 0 -1 0 0 2444.dat
1 0 130 40 20 1 0 0 0 1 0 0 0 1 2444.dat
0
0 FILE Part 12.ldr
0 Part 12
0 Name: Part 12.ldr
0 Author: LDraw
0 Unofficial Model
0 ROTATION CENTER 0 0 0 1 "Custom" 
0 ROTATION CONFIG 0 0
1 71 430 32 0 1 0 0 0 1 0 0 0 1 3035.dat
1 71 270 32 0 1 0 0 0 1 0 0 0 1 3035.dat
1 71 350 50 -40 0 0 1 0 1 0 -1 0 0 4274.dat
1 71 490 50 -40 0 0 1 0 1 0 -1 0 0 4274.dat
1 71 390 40 20 1 0 0 0 1 0 0 0 1 3795.dat
1 71 320 40 20 0 0 -1 0 1 0 1 0 0 44302.dat
1 71 460 40 20 0 0 -1 0 1 0 1 0 0 44302.dat
1 71 220 8 -10 0 0 1 0 1 0 -1 0 0 3045.dat
1 71 430 8 -10 1 0 0 0 1 0 0 0 1 3037.dat
1 71 270 8 -10 1 0 0 0 1 0 0 0 1 3037.dat
1 72 350 8 -30 -1 0 0 0 1 0 0 0 -1 6069.dat
1 72 200 40 -20 0 0 1 0 1 0 -1 0 0 3039.dat
1 72 220 40 -20 0 0 -1 0 1 0 1 0 0 3660.dat
1 72 490 40 20 -1 0 0 0 1 0 0 0 -1 2654.dat
1 72 330 48 20 -1 0 0 0 1 0 0 0 -1 2654.dat
1 72 450 48 20 -1 0 0 0 1 0 0 0 -1 2654.dat
1 72 210 64 -20 1 0 0 0 1 0 0 0 1 2654.dat
1 0 350 40 -20 0 0 1 0 1 0 -1 0 0 2444.dat
1 0 350 50 -57 -1 0 0 0 0 1 0 1 0 57899.dat
1 0 490 50 -41 -1 0 0 0 0 1 0 1 0 58247.dat
1 0 490 40 -20 0 0 1 0 1 0 -1 0 0 2444.dat
1 0 210 40 20 -1 0 0 0 1 0 0 0 -1 2444.dat
1 71 182 50 20 0 1 0 1 0 0 0 0 -1 2476b.dat
1 71 144 50 20 0 -1 0 -1 0 0 0 0 -1 44359.dat
1 71 144 50 20 0 1 0 1 0 0 0 0 -1 44359.dat
1 1 116 50 20 -1 0 0 0 1 0 0 0 -1 4274.dat
1 0 92 50 20 0 1 0 1 0 0 0 0 -1 4589.dat
1 0 31 50 20 0 -1 0 -1 0 0 0 0 -1 63965.dat
1 71 174 50 20 0 1 0 1 0 0 0 0 -1 44358.dat
0
0 FILE Part 13.ldr
0 Part 13
0 Name: Part 13.ldr
0 Author: LDraw
0 Unofficial Model
0 ROTATION CENTER 0 0 0 1 "Custom" 
0 ROTATION CONFIG 0 0
1 71 10 16 0 1 0 0 0 1 0 0 0 1 3035.dat
1 71 -70 -8 -10 1 0 0 0 1 0 0 0 1 3037.dat
1 71 -150 -8 -10 1 0 0 0 1 0 0 0 1 3037.dat
1 71 10 -8 -10 1 0 0 0 1 0 0 0 1 3037.dat
1 71 -150 16 0 1 0 0 0 1 0 0 0 1 3035.dat
1 71 -90 34 -80 1 0 0 0 0 -1 0 1 0 Part 14.ldr
1 71 -30 24 20 1 0 0 0 1 0 0 0 1 3795.dat
1 0 -90 24 -20 0 0 1 0 1 0 -1 0 0 2444.dat
1 0 -50 24 -20 0 0 1 0 1 0 -1 0 0 2444.dat
1 0 70 24 -20 0 0 1 0 1 0 -1 0 0 2444.dat
1 71 70 34 -40 0 0 1 0 1 0 -1 0 0 4274.dat
1 0 70 34 -41 -1 0 0 0 0 1 0 1 0 58247.dat
1 72 70 24 20 1 0 0 0 1 0 0 0 1 2654.dat
1 72 30 32 20 1 0 0 0 1 0 0 0 1 2654.dat
1 72 -90 32 0 1 0 0 0 1 0 0 0 1 2654.dat
1 72 -50 32 0 1 0 0 0 1 0 0 0 1 2654.dat
1 71 40 24 20 0 0 -1 0 1 0 1 0 0 44302.dat
1 71 -100 24 20 0 0 -1 0 1 0 1 0 0 44302.dat
0
0 FILE Part 14.ldr
0 Part 14
0 Name: Part 14.ldr
0 Author: LDraw
0 Unofficial Model
0 ROTATION CENTER 0 0 0 1 "Custom" 
0 ROTATION CONFIG 0 0
1 71 -20 16 0 1 0 0 0 1 0 0 0 1 3832.dat
1 71 -60 32 10 1 0 0 0 1 0 0 0 1 3710.dat
1 71 0 32 0 1 0 0 0 1 0 0 0 1 2476b.dat
1 71 40 32 0 1 0 0 0 1 0 0 0 1 2476b.dat
1 71 80 8 0 -1 0 0 0 1 0 0 0 -1 51739.dat
1 71 30 24 0 0 0 -1 0 1 0 1 0 0 44302.dat
1 71 30 34.486 63.941 1 0 0 0 0.707107 0.707107 0 -0.707107 0.707107 Part 15.ldr
1 72 60 24 0 1 0 0 0 1 0 0 0 1 3022.dat
1 72 0 24 0 1 0 0 0 1 0 0 0 1 3022.dat
1 320 -50 24 20 1 0 0 0 1 0 0 0 1 3021.dat
1 320 -100 24 20 0 0 1 0 1 0 -1 0 0 43719.dat
0
0 FILE Part 15.ldr
0 Part 15
0 Name: Part 15.ldr
0 Author: LDraw
0 Unofficial Model
0 ROTATION CENTER 0 0 0 1 "Custom" 
0 ROTATION CONFIG 0 0
1 72 -10 8 0 1 0 0 0 1 0 0 0 1 3020.dat
1 72 -10 24 0 1 0 0 0 1 0 0 0 1 2654.dat
1 71 0 8 40 1 0 0 0 1 0 0 0 1 3021.dat
1 71 0 0 20 0 0 -1 0 1 0 1 0 0 3666.dat
1 71 -20 16 20 0 0 -1 0 1 0 1 0 0 3710.dat
1 0 0 16 0 0 0 1 0 1 0 -1 0 0 44301.dat
1 71 40 0 20 -1 0 0 0 1 0 0 0 -1 54383.dat
1 320 -40 0 20 -1 0 0 0 1 0 0 0 -1 54384.dat
1 19 10 -8 20 -1 0 0 0 1 0 0 0 -1 4150.dat
0
0 FILE Part 16.ldr
0 Part 16
0 Name: Part 16.ldr
0 Author: LDraw
0 Unofficial Model
0 ROTATION CENTER 0 0 0 1 "Custom" 
0 ROTATION CONFIG 0 0
1 71 340 16 0 1 0 0 0 1 0 0 0 1 3035.dat
1 71 260 -8 -10 1 0 0 0 1 0 0 0 1 3037.dat
1 71 180 -8 -10 1 0 0 0 1 0 0 0 1 3037.dat
1 71 340 -8 -10 1 0 0 0 1 0 0 0 1 3037.dat
1 71 180 16 0 1 0 0 0 1 0 0 0 1 3035.dat
1 71 280 34 -80 -1 0 0 0 0 1 0 1 0 Part 17.ldr
1 71 220 24 20 1 0 0 0 1 0 0 0 1 3795.dat
1 0 240 24 -20 0 0 1 0 1 0 -1 0 0 2444.dat
1 0 280 24 -20 0 0 1 0 1 0 -1 0 0 2444.dat
1 0 120 24 -20 0 0 1 0 1 0 -1 0 0 2444.dat
1 71 120 34 -40 0 0 1 0 1 0 -1 0 0 4274.dat
1 0 120 34 -41 -1 0 0 0 0 1 0 1 0 58247.dat
1 72 120 24 20 1 0 0 0 1 0 0 0 1 2654.dat
1 72 160 32 20 1 0 0 0 1 0 0 0 1 2654.dat
1 72 240 32 0 1 0 0 0 1 0 0 0 1 2654.dat
1 72 280 32 0 1 0 0 0 1 0 0 0 1 2654.dat
1 71 290 24 20 0 0 -1 0 1 0 1 0 0 44302.dat
1 71 150 24 20 0 0 -1 0 1 0 1 0 0 44302.dat
0
0 FILE Part 17.ldr
0 Part 17
0 Name: Part 17.ldr
0 Author: LDraw
0 Unofficial Model
0 ROTATION CENTER 0 0 0 1 "Custom" 
0 ROTATION CONFIG 0 0
1 71 -20 16 0 1 0 0 0 1 0 0 0 1 3832.dat
1 71 -60 32 -10 1 0 0 0 1 0 0 0 1 3710.dat
1 71 0 32 0 1 0 0 0 1 0 0 0 1 2476b.dat
1 71 40 32 0 1 0 0 0 1 0 0 0 1 2476b.dat
1 71 80 8 0 1 0 0 0 1 0 0 0 1 51739.dat
1 71 30 24 0 0 0 1 0 1 0 -1 0 0 44302.dat
1 71 30 34.486 -63.941 -1 0 0 0 0.707107 0.707107 0 0.707107 -0.707107 Part 18.ldr
1 72 60 24 0 1 0 0 0 1 0 0 0 1 3022.dat
1 72 0 24 0 1 0 0 0 1 0 0 0 1 3022.dat
1 320 -50 24 -20 1 0 0 0 1 0 0 0 1 3021.dat
1 320 -100 24 -20 0 0 1 0 1 0 -1 0 0 43719.dat
0
0 FILE Part 18.ldr
0 Part 18
0 Name: Part 18.ldr
0 Author: LDraw
0 Unofficial Model
0 ROTATION CENTER 0 0 0 1 "Custom" 
0 ROTATION CONFIG 0 0
1 72 10 8 0 1 0 0 0 1 0 0 0 1 3020.dat
1 72 10 24 0 1 0 0 0 1 0 0 0 1 2654.dat
1 71 0 8 40 1 0 0 0 1 0 0 0 1 3021.dat
1 71 0 0 20 0 0 -1 0 1 0 1 0 0 3666.dat
1 71 20 16 20 0 0 -1 0 1 0 1 0 0 3710.dat
1 0 0 16 0 0 0 1 0 1 0 -1 0 0 44301.dat
1 320 40 0 20 -1 0 0 0 1 0 0 0 -1 54383.dat
1 71 -40 0 20 -1 0 0 0 1 0 0 0 -1 54384.dat
1 19 -10 -8 20 -1 0 0 0 1 0 0 0 -1 4150.dat
0
0 FILE Part 19.ldr
0 Part 19
0 Name: Part 19.ldr
0 Author: LDraw
0 Unofficial Model
0 ROTATION CENTER 0 0 0 1 "Custom" 
0 ROTATION CONFIG 0 0
1 71 -40 24 0 1 0 0 0 1 0 0 0 1 3035.dat
1 71 -80 -104 0 1 0 0 0 1 0 0 0 1 3035.dat
1 71 -20 -112 30 1 0 0 0 1 0 0 0 1 4162.dat
1 71 -20 -112 -30 1 0 0 0 1 0 0 0 1 4162.dat
1 320 -60 -112 10 1 0 0 0 1 0 0 0 1 4162.dat
1 320 -60 -112 -10 1 0 0 0 1 0 0 0 1 4162.dat
1 320 30 -104 -50 1 0 0 0 1 0 0 0 1 2450.dat
1 320 30 -104 50 0 0 -1 0 1 0 1 0 0 2450.dat
1 71 -80 -96 0 1 0 0 0 1 0 0 0 1 3795.dat
1 71 4 -62 -60 0 -1 0 -1 0 0 0 0 -1 3021.dat
1 72 4 -22 -60 0 -1 0 0 0 -1 1 0 0 30383.dat
1 71 50 32 0 0 0 1 0 1 0 -1 0 0 3747b.dat
1 72 -40 16 0 1 0 0 0 1 0 0 0 1 3020.dat
1 72 20 -8 0 0 0 -1 0 1 0 1 0 0 3020.dat
1 72 20 -40 0 -1 0 0 0 1 0 0 0 -1 3020.dat
1 72 40 -48 0 -1 0 0 0 1 0 0 0 -1 3022.dat
1 72 40 -32 10 -1 0 0 0 1 0 0 0 -1 30136.dat
1 72 40 -32 -10 -1 0 0 0 1 0 0 0 -1 30136.dat
1 72 -10 -32 0 0 0 1 0 1 0 -1 0 0 3678b.dat
1 71 -40 0 0 1 0 0 0 1 0 0 0 1 32531.dat
1 71 0 -64 0 1 0 0 0 1 0 0 0 1 6143.dat
1 71 -30 0 -64 0 0 1 1 0 0 0 1 0 43710.dat
1 71 -30 0 64 0 0 1 -1 0 0 0 -1 0 43711.dat
1 71 -60 -8 30 1 0 0 0 1 0 0 0 1 2431.dat
1 71 12 -52 -70 0 -1 0 -1 0 0 0 0 -1 2431.dat
1 71 -60 -8 -30 1 0 0 0 1 0 0 0 1 2431.dat
1 71 10 -32 -20 0 0 1 0 1 0 -1 0 0 30540.dat
1 71 10 -32 20 0 0 -1 0 1 0 1 0 0 30540.dat
1 1 -60 10 -40 0 0 1 0 1 0 -1 0 0 4274.dat
1 1 -40 10 -40 0 0 1 0 1 0 -1 0 0 4274.dat
1 1 -40 10 40 0 0 -1 0 1 0 1 0 0 4274.dat
1 1 -60 10 40 0 0 -1 0 1 0 1 0 0 4274.dat
1 71 -110 0 -20 0 0 1 0 1 0 -1 0 0 3937.dat
1 40 -110 -96 0 0 0 1 0 1 0 -1 0 0 4872.dat
1 40 -4 -52 -30 0 -1 0 1 0 0 0 0 1 4872.dat
1 71 4 -62 60 0 -1 0 1 0 0 0 0 1 3021.dat
1 72 4 -22 60 0 -1 0 0 0 1 -1 0 0 30383.dat
1 71 12 -52 70 0 -1 0 1 0 0 0 0 1 2431.dat
1 40 -4 -52 30 0 -1 0 -1 0 0 0 0 -1 4872.dat
1 71 -110 0 20 0 0 1 0 1 0 -1 0 0 3937.dat
1 71 50 24 0 0 0 -1 0 1 0 1 0 0 3710.dat
1 72 30 0 0 0 0 -1 0 1 0 1 0 0 3039.dat
1 71 0 32 -30 1 0 0 0 1 0 0 0 1 4477.dat
1 0 80 24 -30 1 0 0 0 1 0 0 0 1 2412b.dat
1 0 -60 8 0 1 0 0 0 1 0 0 0 1 3068b.dat
1 0 40 -56 0 1 0 0 0 1 0 0 0 1 3068b.dat
1 71 0 -88 0 1 0 0 0 1 0 0 0 1 6143.dat
1 0 0 -96 0 1 0 0 0 1 0 0 0 1 3068b.dat
1 0 -90 -32 0 0 0 1 0 1 0 -1 0 0 2432.dat
1 0 -110 0 -20 0 0 1 0 1 0 -1 0 0 3938.dat
1 0 -110 0 20 0 0 1 0 1 0 -1 0 0 3938.dat
1 0 40 0 -30 1 0 0 0 1 0 0 0 1 30364.dat
1 0 40 0 30 1 0 0 0 1 0 0 0 1 30364.dat
1 0 80 24 30 1 0 0 0 1 0 0 0 1 2412b.dat
1 71 0 32 30 1 0 0 0 1 0 0 0 1 4477.dat
0 
0
0 FILE Part 20.ldr
0 Part 20
0 Name: Part 20.ldr
0 Author: LDraw
0 Unofficial Model
0 ROTATION CENTER 0 0 0 1 "Custom" 
0 ROTATION CONFIG 0 0
1 15 80 8 0 1 0 0 0 1 0 0 0 1 3623.dat
1 15 -50 8 0 1 0 0 0 1 0 0 0 1 4477.dat
1 15 -170 -16 0 1 0 0 0 1 0 0 0 1 3703.dat
1 15 -370 -24 0 1 0 0 0 1 0 0 0 1 3010.dat
1 15 110 -56 0 1 0 0 0 1 0 0 0 1 3008.dat
1 15 -430 -32 0 0 0 1 0 1 0 -1 0 0 42022.dat
1 15 -250 8 0 1 0 0 0 1 0 0 0 1 4477.dat
1 71 50 -16 0 1 0 0 0 1 0 0 0 1 3009.dat
1 71 -410 8 0 1 0 0 0 1 0 0 0 1 3666.dat
1 272 -290 -24 0 1 0 0 0 1 0 0 0 1 3710.dat
1 272 -450 -8 0 1 0 0 0 1 0 0 0 1 3710.dat
1 71 50 -32 0 1 0 0 0 1 0 0 0 1 3666.dat
1 72 30 -24 0 1 0 0 0 1 0 0 0 1 3460.dat
1 72 10 -56 -50 0 0 -1 0 1 0 1 0 0 2456.dat
1 72 50 16 -50 0 0 -1 0 1 0 1 0 0 2456.dat
1 320 120 16 -50 0 0 -1 0 1 0 1 0 0 3004.dat
1 320 90 16 0 -1 0 0 0 1 0 0 0 -1 3004.dat
1 320 90 16 -100 -1 0 0 0 1 0 0 0 -1 3004.dat
1 72 90 -144 -50 0 0 -1 0 1 0 1 0 0 3020.dat
1 72 90 -128 -50 0 0 -1 0 1 0 1 0 0 2456.dat
1 72 -330 -32 0 1 0 0 0 1 0 0 0 1 3460.dat
1 72 -410 0 0 1 0 0 0 1 0 0 0 1 3460.dat
1 15 80 8 -100 1 0 0 0 1 0 0 0 1 3623.dat
1 15 -140 -136 -100 1 0 0 0 1 0 0 0 1 3623.dat
1 15 -140 -136 0 1 0 0 0 1 0 0 0 1 3623.dat
1 15 60 -96 -100 1 0 0 0 1 0 0 0 1 3623.dat
1 15 60 -96 0 1 0 0 0 1 0 0 0 1 3623.dat
1 15 -50 8 -100 1 0 0 0 1 0 0 0 1 4477.dat
1 15 -10 -136 -100 1 0 0 0 1 0 0 0 1 4477.dat
1 15 10 -144 -100 1 0 0 0 1 0 0 0 1 6636.dat
1 15 10 -144 0 1 0 0 0 1 0 0 0 1 6636.dat
1 15 -110 -144 -100 1 0 0 0 1 0 0 0 1 6636.dat
1 15 63 -199 -50 1 0 0 0 1 0 0 0 1 Part 23.ldr
1 15 -110 -144 0 1 0 0 0 1 0 0 0 1 6636.dat
1 15 -10 -136 0 1 0 0 0 1 0 0 0 1 4477.dat
1 15 -170 -16 -100 1 0 0 0 1 0 0 0 1 3703.dat
1 15 -170 -10 -50 1 0 0 0 1 0 0 0 1 Part 22.ldr
1 15 -233.578 -89.03 -60 -0.986286 0 0.165048 0.165048 0 0.986286 0 1 0 Part 24.ldr
1 15 -73.578 -89.03 -60 -0.986286 0 0.165048 0.165048 0 0.986286 0 1 0 Part 24.ldr
1 15 -170 -56 0 1 0 0 0 1 0 0 0 1 3703.dat
1 15 -170 -56 -100 1 0 0 0 1 0 0 0 1 3703.dat
1 1 -50 -6 -90 0 0 -1 0 1 0 1 0 0 4274.dat
1 1 -290 -6 10 0 0 -1 0 1 0 1 0 0 4274.dat
1 1 -290 -6 -110 0 0 1 0 1 0 -1 0 0 4274.dat
1 1 -250 -6 10 0 0 -1 0 1 0 1 0 0 4274.dat
1 1 -250 -6 -110 0 0 1 0 1 0 -1 0 0 4274.dat
1 1 -250 -46 10 0 0 -1 0 1 0 1 0 0 4274.dat
1 1 -250 -46 -110 0 0 1 0 1 0 -1 0 0 4274.dat
1 1 -310 -46 10 0 0 -1 0 1 0 1 0 0 4274.dat
1 1 -310 -46 -110 0 0 1 0 1 0 -1 0 0 4274.dat
1 72 -290 -46 -80 0 0 1 0 1 0 -1 0 0 6587.dat
1 72 -310 -6 -80 0 0 1 0 1 0 -1 0 0 6587.dat
1 72 -310 -6 -20 0 0 -1 0 1 0 1 0 0 6587.dat
1 72 -290 -46 -20 0 0 -1 0 1 0 1 0 0 6587.dat
1 1 -170 -6 10 0 0 -1 0 1 0 1 0 0 4274.dat
1 1 -170 -6 -110 0 0 1 0 1 0 -1 0 0 4274.dat
1 1 -210 -6 -100 0 0 -1 0 1 0 1 0 0 6558.dat
1 1 -130 -6 -100 0 0 -1 0 1 0 1 0 0 6558.dat
1 1 -210 -46 -100 0 0 -1 0 1 0 1 0 0 6558.dat
1 1 -130 -46 -100 0 0 -1 0 1 0 1 0 0 6558.dat
1 1 -130 -6 0 0 0 1 0 1 0 -1 0 0 6558.dat
1 1 -210 -6 0 0 0 1 0 1 0 -1 0 0 6558.dat
1 1 -130 -46 0 0 0 1 0 1 0 -1 0 0 6558.dat
1 1 -210 -46 0 0 0 1 0 1 0 -1 0 0 6558.dat
1 19 -50 -6 -82 0 0 -1 1 0 0 0 -1 0 4073.dat
1 1 -50 -6 -10 0 0 1 0 1 0 -1 0 0 4274.dat
1 19 -50 -6 -18 0 0 1 1 0 0 0 1 0 4073.dat
1 15 -370 -24 -100 1 0 0 0 1 0 0 0 1 3010.dat
1 15 110 -80 -100 1 0 0 0 1 0 0 0 1 3010.dat
1 15 30 -128 -90 1 0 0 0 1 0 0 0 1 3001.dat
1 15 30 -128 -10 1 0 0 0 1 0 0 0 1 3001.dat
1 15 160 -80 -100 0 0 -1 0 1 0 1 0 0 3040b.dat
1 15 160 -32 -100 0 0 -1 0 1 0 1 0 0 3665.dat
1 15 140 -8 -100 0 0 -1 0 1 0 1 0 0 3665.dat
1 15 160 -32 0 0 0 -1 0 1 0 1 0 0 3665.dat
1 15 140 -8 0 0 0 -1 0 1 0 1 0 0 3665.dat
1 72 120 16 -10 0 0 -1 0 1 0 1 0 0 3660.dat
1 72 120 16 -90 0 0 -1 0 1 0 1 0 0 3660.dat
1 15 160 -80 0 0 0 -1 0 1 0 1 0 0 3040b.dat
1 15 140 -104 -100 0 0 -1 0 1 0 1 0 0 3040b.dat
1 15 140 -104 0 0 0 -1 0 1 0 1 0 0 3040b.dat
1 15 120 -128 -100 0 0 -1 0 1 0 1 0 0 3040b.dat
1 15 120 -128 0 0 0 -1 0 1 0 1 0 0 3040b.dat
1 15 100 -152 0 0 0 -1 0 1 0 1 0 0 50950.dat
1 15 100 -152 -100 0 0 -1 0 1 0 1 0 0 50950.dat
1 15 -200 -144 -100 0 0 1 0 1 0 -1 0 0 50950.dat
1 15 -200 -144 0 0 0 1 0 1 0 -1 0 0 50950.dat
1 15 -60 -128 0 1 0 0 0 1 0 0 0 1 3040b.dat
1 15 -140 -128 0 1 0 0 0 1 0 0 0 1 3040b.dat
1 15 -140 -128 -100 -1 0 0 0 1 0 0 0 -1 3040b.dat
1 15 -60 -128 -100 -1 0 0 0 1 0 0 0 -1 3040b.dat
1 70 110 -104 -50 0 0 -1 0 1 0 1 0 0 4032b.dat
1 15 110 -80 0 1 0 0 0 1 0 0 0 1 3010.dat
1 15 110 -56 -100 1 0 0 0 1 0 0 0 1 3008.dat
1 15 -90 -80 0 1 0 0 0 1 0 0 0 1 3008.dat
1 15 -90 -80 -100 1 0 0 0 1 0 0 0 1 3008.dat
1 15 -430 -32 -100 0 0 1 0 1 0 -1 0 0 42022.dat
1 15 -510 -8 -100 0 0 1 0 1 0 -1 0 0 42022.dat
1 15 -590 16 -100 0 0 1 0 1 0 -1 0 0 42022.dat
1 15 -670 40 -100 0 0 1 0 1 0 -1 0 0 42022.dat
1 15 -750 64 -100 0 0 1 0 1 0 -1 0 0 42022.dat
1 15 -830 88 -100 0 0 1 0 1 0 -1 0 0 42022.dat
1 15 -770 112 -100 1 0 0 0 1 0 0 0 1 3008.dat
1 15 -690 88 -100 1 0 0 0 1 0 0 0 1 3008.dat
1 15 -610 64 -100 1 0 0 0 1 0 0 0 1 3008.dat
1 15 -772.954 53.182 -50 0.988494 0.151261 0 -0.151261 0.988494 0 0 0 1 Part 35.ldr
1 15 -944.928 101.76 -50 -0.902585 0.430511 0 0.430511 0.902585 0 0 0 -1 Part 36.ldr
1 15 -1035.63 120.646 -70 -0.997314 0 0.0732382 0.0732382 0 0.997314 0 1 0 2335.dat
1 15 -530 40 -100 1 0 0 0 1 0 0 0 1 3008.dat
1 0 -630 40 -100 1 0 0 0 1 0 0 0 1 52107.dat
1 0 -790 74 -50 0 0.290702 -0.956814 0 0.956814 0.290702 1 0 0 3705.dat
1 15 -530 40 0 1 0 0 0 1 0 0 0 1 3008.dat
1 0 -630 40 0 1 0 0 0 1 0 0 0 1 52107.dat
1 15 -710 64 -100 1 0 0 0 1 0 0 0 1 3004.dat
1 15 -450 16 -100 1 0 0 0 1 0 0 0 1 3008.dat
1 15 -550 16 -100 1 0 0 0 1 0 0 0 1 3004.dat
1 15 -450 16 0 1 0 0 0 1 0 0 0 1 3008.dat
1 15 -550 16 0 1 0 0 0 1 0 0 0 1 3004.dat
1 15 -610 64 0 1 0 0 0 1 0 0 0 1 3008.dat
1 15 -710 64 0 1 0 0 0 1 0 0 0 1 3004.dat
1 71 -790 104 -100 1 0 0 0 1 0 0 0 1 3023.dat
1 71 -790 96 -100 1 0 0 0 1 0 0 0 1 3023.dat
1 19 -790 88 -100 1 0 0 0 1 0 0 0 1 44728.dat
1 19 -480 8 -100 1 0 0 0 1 0 0 0 1 4073.dat
1 19 -480 8 0 1 0 0 0 1 0 0 0 1 4073.dat
1 15 -790 108 -122 1 0 0 0 0 -1 0 1 0 4150.dat
1 19 -790 88 0 -1 0 0 0 1 0 0 0 -1 44728.dat
1 15 -790 108 22 -1 0 0 0 0 -1 0 -1 0 4150.dat
1 15 -690 88 0 1 0 0 0 1 0 0 0 1 3008.dat
1 71 -790 104 0 1 0 0 0 1 0 0 0 1 3023.dat
1 71 -790 96 0 1 0 0 0 1 0 0 0 1 3023.dat
1 15 -750 136 -100 0 0 -1 0 1 0 1 0 0 42023.dat
1 15 -535.29 94.136 -170 0 -0.942641 0.333807 0 0.333807 0.942641 -1 0 0 Part 38.ldr
1 0 -524.811 111.665 -130 0 -0.9373 0.3486 0 0.3486 0.9373 -1 0 0 LS90.dat
1 0 -513.638 107.41 -130 -0 0.9307 0.3659 -0 -0.3659 0.9307 -1 0 -0 LS91.dat
1 0 -509.249 105.633 -130 -0 0.9271 0.3748 -0 -0.3748 0.9271 -1 0 -0 LS91.dat
1 0 -504.864 103.823 -130 -0 0.9245 0.3813 -0 -0.3813 0.9245 -1 0 -0 LS91.dat
1 0 -500.482 101.987 -130 -0 0.9225 0.3861 -0 -0.3861 0.9225 -1 0 -0 LS91.dat
1 0 -496.127 100.142 -130 -0 0.9209 0.3898 -0.0001 -0.3898 0.9209 -1 0 -0.0001 LS91.dat
1 0 -491.779 98.2846 -130 -0 0.9196 0.3928 -0.0001 -0.3928 0.9196 -1 0 -0.0001 LS91.dat
1 0 -487.416 96.4075 -130 -0 0.9187 0.395 -0.0001 -0.395 0.9187 -1 0 -0.0001 LS91.dat
1 0 -483.076 94.5309 -130 -0 0.9179 0.3968 -0.0001 -0.3968 0.9179 -1 0 -0.0001 LS91.dat
1 0 -478.731 92.6442 -130 -0 0.9173 0.3982 -0.0001 -0.3982 0.9173 -1 0 -0.0001 LS91.dat
1 0 -474.385 90.7509 -130 -0 0.9168 0.3993 -0.0001 -0.3993 0.9168 -1 0 -0.0001 LS91.dat
1 0 -470.039 88.8531 -130 -0 0.9164 0.4002 -0.0001 -0.4002 0.9164 -1 0 -0.0001 LS91.dat
1 0 -465.694 86.9526 -130 -0.0001 0.9162 0.4008 -0.0001 -0.4008 0.9162 -1 0 -0.0001 LS91.dat
1 0 -461.349 85.0529 -130 -0.0001 0.9162 0.4008 -0.0001 -0.4008 0.9162 -1 0 -0.0001 LS91.dat
1 0 -457.006 83.1519 -130 -0.0001 0.9162 0.4008 -0.0001 -0.4008 0.9162 -1 0 -0.0001 LS91.dat
1 0 -452.663 81.2501 -130 -0.0001 0.9162 0.4008 -0.0001 -0.4008 0.9162 -1 0 -0.0002 LS91.dat
1 0 -448.319 79.348 -130 -0.0001 0.9162 0.4008 -0.0002 -0.4008 0.9162 -1 0 -0.0002 LS91.dat
1 0 -443.971 77.4481 -130 -0.0001 0.9164 0.4003 -0.0002 -0.4003 0.9164 -1 0 -0.0002 LS91.dat
1 0 -439.65 75.562 -130 -0.0001 0.9166 0.3998 -0.0002 -0.3998 0.9166 -1 0 -0.0002 LS91.dat
1 0 -435.292 73.6629 -130 -0.0001 0.9169 0.3992 -0.0002 -0.3992 0.9169 -1 0 -0.0002 LS91.dat
1 0 -430.957 71.7767 -130 -0.0001 0.9172 0.3985 -0.0002 -0.3985 0.9172 -1 0 -0.0002 LS91.dat
1 0 -426.61 69.8905 -130 -0.0001 0.9175 0.3978 -0.0002 -0.3978 0.9175 -1 0 -0.0002 LS91.dat
1 0 -422.251 68.0042 -130 -0.0001 0.9179 0.3968 -0.0002 -0.3968 0.9179 -1 0 -0.0002 LS91.dat
1 0 -417.906 66.1299 -130 -0.0001 0.9184 0.3957 -0.0002 -0.3957 0.9184 -1 0 -0.0002 LS91.dat
1 0 -413.542 64.2543 -130 -0.0001 0.9189 0.3946 -0.0002 -0.3946 0.9189 -1 0 -0.0002 LS91.dat
1 0 -409.187 62.3898 -130 -0.0001 0.9194 0.3933 -0.0002 -0.3933 0.9194 -1 0 -0.0003 LS91.dat
1 0 -404.839 60.5358 -130 -0.0001 0.92 0.3919 -0.0002 -0.3919 0.92 -1 0 -0.0003 LS91.dat
1 0 -400.493 58.6915 -130 -0.0001 0.9207 0.3904 -0.0003 -0.3904 0.9207 -1 0 -0.0003 LS91.dat
1 0 -396.118 56.844 -130 -0.0001 0.9214 0.3887 -0.0003 -0.3887 0.9214 -1 0 -0.0003 LS91.dat
1 0 -391.74 55.0052 -130 -0.0001 0.9221 0.3869 -0.0003 -0.3869 0.9221 -1 0 -0.0003 LS91.dat
1 0 -387.387 53.1877 -130 -0.0001 0.9229 0.385 -0.0003 -0.385 0.9229 -1 0 -0.0003 LS91.dat
1 0 -382.995 51.3654 -130 -0.0001 0.9238 0.3829 -0.0003 -0.3829 0.9238 -1 0 -0.0003 LS91.dat
1 0 -378.622 49.5632 -130 -0.0001 0.9247 0.3807 -0.0003 -0.3807 0.9247 -1 0 -0.0003 LS91.dat
1 0 -374.234 47.7686 -130 -0.0001 0.9257 0.3783 -0.0003 -0.3783 0.9257 -1 0 -0.0003 LS91.dat
1 0 -369.828 45.9812 -130 -0.0001 0.9267 0.3757 -0.0003 -0.3757 0.9267 -1 0 -0.0003 LS91.dat
