0 FILE Duel on Geonosis.ldr
0 Duel on Geonosis
0 Name: Duel on Geonosis.ldr
0 Author: R Paluczak
0 Unofficial Model
0 ROTATION CENTER 0 0 0 1 "Custom" 
0 ROTATION CONFIG 0 0
1 0 553 0 -497 0 0 1 0 1 0 -1 0 0 Part 1.ldr
1 0 644.031 32 -238.529 -0.382683 0 0.92388 0 1 0 -0.92388 0 -0.382683 Part 2.ldr
1 0 1123 -16 -27 -1 0 0 0 1 0 0 0 -1 Part 3.ldr
1 0 823 -16 -577 0 0 1 0 1 0 -1 0 0 Count Dooku.ldr
1 0 813 -16 -717 0 0 1 0 1 0 -1 0 0 Poggle the Lesser.ldr
1 0 688 0 -435 0.980785 0 -0.19509 0 1 0 0.19509 0 0.980785 Yoda.ldr
0
0 FILE Count Dooku.ldr
0 Count Dooku
0 Name: Count Dooku.ldr
0 Author: R Paluczak
0 Unofficial Model
0 ROTATION CENTER 0 0 0 1 "Custom" 
0 ROTATION CONFIG 0 0
1 71 0 -24 -1 1 0 0 0 1 0 0 0 1 64798.dat
1 78 0 -26 0 1 0 0 0 1 0 0 0 1 3626bps4.dat
1 70 0 -2 0 1 0 0 0 1 0 0 0 1 522.dat
1 0 0 0 0 1 0 0 0 1 0 0 0 1 973pr1.dat
1 0 0 32 0 1 0 0 0 1 0 0 0 1 3815.dat
1 0 -15.552 9 0 0.985 -0.17 0 0.17 0.985 0 0 0 1 3818.dat
1 0 15.552 9 0 0.985 0.17 0 -0.15706 0.910021 0.382683 0.0650562 -0.376943 0.92388 3819.dat
1 78 -23.8634 26.5956 -10.321 0.985 -0.12019 0.12019 0.17 0.696395 -0.696395 0 0.707 0.707 3820.dat
1 80 -26.224 44.032 -1.571 -0.995921 0.0602668 -0.0602668 0 -0.707 -0.707 -0.085243 -0.704116 0.704116 x156.dat
1 36 -23.433 31.607 -34.565 -0.995921 0.0602668 -0.0602668 0.0602759 -0.0020392 -0.99781 -0.0602759 -0.99781 -0.0020392 30374.dat
1 78 23.863 21.307 -16.269 0.985 0.12019 -0.12019 -0.15706 0.913942 -0.372828 0.0650562 0.386684 0.919682 3820.dat
1 0 0 44 0 1 0 0 0 1 0 0 0 1 3816.dat
1 0 0 44 0 1 0 0 0 1 0 0 0 1 3817.dat
1 52 24.77 23.069 -25.741 0.985 0.0874983 -0.14567 -0.15706 0.7963 -0.582817 0.0650562 0.597646 0.798514 59233.dat
0
0 FILE Poggle the Lesser.ldr
0 Poggle the Lesser
0 Name: Poggle the Lesser.ldr
0 Author: R Paluczak
0 Unofficial Model
0 ROTATION CENTER 0 0 0 1 "Custom" 
0 ROTATION CONFIG 0 0
1 28 0 0 0 1 0 0 0 1 0 0 0 1 42109.dat
1 28 0 0 0 1 0 0 0 1 0 0 0 1 6132.dat
1 28 0 0 0 1 0 0 0 1 0 0 0 1 973.dat
1 0 0 32 0 1 0 0 0 1 0 0 0 1 3815.dat
1 72 23.601 28.077 -26.045 0.980785 0.108386 -0.162212 -0.19509 0.544895 -0.815493 0 0.83147 0.55557 4073.dat
1 36 21 15 -46 0.980785 0.108386 -0.162212 -0.19509 0.544895 -0.815493 0 0.83147 0.55557 3062b.dat
1 28 -15.552 9 0 0.985 -0.17 0 0.120208 0.6965 0.707107 -0.120208 -0.6965 0.707107 3818.dat
1 28 15.552 9 0 0.985 0.17 0 -0.17 0.985 0 0 0 1 3819.dat
1 115 -23.863 14.145 -19.74 0.985 -0.12019 0.12019 0.120208 0.99235 0.00749887 -0.120208 0.00749887 0.99235 3820.dat
1 115 23.8634 26.5956 -10.321 0.985 0.12019 -0.12019 -0.17 0.696395 -0.696395 0 0.707 0.707 3820.dat
1 70 -29.495 64.932 -16.512 0.985 0.0874983 -0.14567 0.120208 -0.964394 0.232875 -0.120208 -0.247423 -0.960765 30374.dat
1 28 0 44 0 1 0 0 0 1 0 0 0 1 3816.dat
1 28 0 44 0 1 0 0 0 1 0 0 0 1 3817.dat
0
0 FILE Part 1.ldr
0 Part 1
0 Name: Part 1.ldr
0 Author: R Paluczak
0 Unofficial Model
0 ROTATION CENTER 0 0 0 1 "Custom" 
0 ROTATION CONFIG 0 0
1 72 -10 48 0 1 0 0 0 1 0 0 0 1 3623.dat
1 72 -10 24 0 1 0 0 0 1 0 0 0 1 47905.dat
1 72 -10 16 0 1 0 0 0 1 0 0 0 1 2555.dat
1 72 -10 8 0 0 0 -1 0 1 0 1 0 0 30375.dat
1 308 -30 48 0 0 0 1 0 1 0 -1 0 0 54200.dat
1 308 -10 -24 -16 0 0 -1 0 1 0 1 0 0 30377.dat
1 308 -10 -24 0 0 0 -1 0 1 0 1 0 0 30378.dat
1 308 -10 -24 16 0 0 -1 0 1 0 1 0 0 30377.dat
1 308 10 48 0 0 0 -1 0 1 0 1 0 0 54200.dat
0
0 FILE Part 2.ldr
0 Part 2
0 Name: Part 2.ldr
0 Author: R Paluczak
0 Unofficial Model
0 ROTATION CENTER 0 0 0 1 "Custom" 
0 ROTATION CONFIG 0 0
1 72 10 -0 0 1 0 0 0 1 0 0 0 1 2654.dat
1 71 10 -8 -10 1 0 0 0 1 0 0 0 1 99781.dat
1 71 10 -40 90 1 0 0 0 1 0 0 0 1 3023.dat
1 70 10 -24 10 1 0 0 0 1 0 0 0 1 3023.dat
1 70 10 -56 -10 1 0 0 0 1 0 0 0 1 3794b.dat
1 70 10 -56 70 1 0 0 0 1 0 0 0 1 3794b.dat
1 70 10 -56 90 1 0 0 0 1 0 0 0 1 3794b.dat
1 308 10 -80 70 -1 0 0 0 1 0 0 0 -1 60477.dat
1 70 10 -56 110 1 0 0 0 1 0 0 0 1 3794b.dat
1 70 10 -56 130 1 0 0 0 1 0 0 0 1 3794b.dat
1 308 42 -38 50 0 -1 0 1 0 0 0 0 1 54200.dat
1 308 -22 -38 50 0 1 0 -1 0 0 0 0 1 54200.dat
1 70 10 -32 210 1 0 0 0 1 0 0 0 1 3710.dat
1 70 -40 -22 210 0.382683 0 0.92388 -0.92388 0 0.382683 0 -1 0 30259.dat
1 70 60 -22 210 0.382683 0 -0.92388 0.92388 0 0.382683 0 -1 0 30259.dat
1 71 30 -24 210 1 0 0 0 1 0 0 0 1 60478.dat
1 71 10 -38 -32 1 0 0 0 0 -1 0 1 0 3023.dat
1 71 10 -8 -32 1 0 0 0 0 -1 0 1 0 4600.dat
1 71 35 14.223 6.258 0 1 0 -0.83147 0 0.55557 0.55557 0 0.83147 4735.dat
1 71 -15 14.223 6.258 0 -1 0 0.83147 0 0.55557 -0.55557 0 0.83147 4735.dat
1 71 -10 -24 210 -1 0 0 0 1 0 0 0 -1 60478.dat
1 70 10 -24 30 1 0 0 0 1 0 0 0 1 3069b.dat
1 71 0 -48 70 1 0 0 0 1 0 0 0 1 6091.dat
1 71 20 -48 70 1 0 0 0 1 0 0 0 1 6091.dat
1 71 10 -8 60 0 0 -1 0 1 0 1 0 0 3795.dat
1 47 10 0 80 0 0 -1 0 1 0 1 0 0 6143.dat
1 72 10 -16 20 0 0 -1 0 1 0 1 0 0 3020.dat
1 72 10 -64 -10 0 0 -1 0 1 0 1 0 0 2555.dat
1 0 10 -70 -10 1 0 0 0 0.92388 0.382683 0 -0.382683 0.92388 30031.dat
1 70 10 -40 140 0 0 -1 0 1 0 1 0 0 3020.dat
1 70 10 -56 180 -1 0 0 0 1 0 0 0 -1 93606.dat
1 72 20 -32 80 -1 0 0 0 1 0 0 0 -1 42023.dat
1 72 20 -48 80 0 0 -1 0 1 0 1 0 0 44728.dat
1 72 30 -48 130 -1 0 0 0 1 0 0 0 -1 43722.dat
1 72 -22 -28 70 0 1 0 -1 0 0 0 0 1 43722.dat
1 72 -10 -48 130 -1 0 0 0 1 0 0 0 -1 43723.dat
1 72 42 -28 70 0 -1 0 1 0 0 0 0 1 43723.dat
1 72 42 -38 80 0 -1 0 -1 0 0 0 0 -1 61409.dat
1 72 -22 -38 80 0 1 0 1 0 0 0 0 -1 61409.dat
1 72 0 -48 80 0 0 1 0 1 0 -1 0 0 44728.dat
1 72 10 -48 -10 1 0 0 0 1 0 0 0 1 44728.dat
1 72 10 -75.741 -28.551 1 0 0 0 0.55557 -0.83147 0 0.83147 0.55557 61252.dat
1 36 10 -75.741 -28.551 1 0 0 0 0.55557 -0.83147 0 0.83147 0.55557 54200.dat
1 72 10 -40 -10 1 0 0 0 1 0 0 0 1 3004.dat
1 72 10 -38 -40 -1 0 0 0 0 1 0 1 0 2540.dat
1 72 10 -38 -56 -1 0 0 0 0 1 0 1 0 47458.dat
1 70 10 -8 -32 1 0 0 0 0 -1 0 1 0 30602.dat
1 72 0 -32 80 -1 0 0 0 1 0 0 0 -1 42023.dat
0
0 FILE Part 3.ldr
0 Part 3
0 Name: Part 3.ldr
0 Author: R Paluczak
0 Unofficial Model
0 ROTATION CENTER 0 0 0 1 "Custom" 
0 ROTATION CONFIG 0 0
1 71 30 40 0 1 0 0 0 1 0 0 0 1 2445.dat
1 71 30 40 -40 1 0 0 0 1 0 0 0 1 2445.dat
1 71 90 50 -328 1 0 0 0 0 -1 0 1 0 3023.dat
1 72 80 50 -352 1 0 0 0 0 -1 0 1 0 4589.dat
1 71 -30 50 -328 -1 0 0 0 0 1 0 1 0 3023.dat
1 72 -20 50 -352 -1 0 0 0 0 1 0 1 0 4589.dat
1 71 120 40 -140 1 0 0 0 1 0 0 0 1 50305.dat
1 71 100 40 -240 0 0 -1 0 1 0 1 0 0 32028.dat
1 71 100 40 -280 0 0 -1 0 1 0 1 0 0 32028.dat
1 71 -40 40 -280 0 0 1 0 1 0 -1 0 0 32028.dat
1 71 -40 40 -240 0 0 1 0 1 0 -1 0 0 32028.dat
1 70 -20 40 -260 0 0 1 0 1 0 -1 0 0 3710.dat
1 70 30 40 -170 1 0 0 0 1 0 0 0 1 3009.dat
1 70 150 64 -20 0 0 -1 0 1 0 1 0 0 3795.dat
1 70 210 64 20 -1 0 0 0 1 0 0 0 -1 3020.dat
1 70 190 64 -30 0 0 -1 0 1 0 1 0 0 3021.dat
1 70 -130 64 -30 0 0 -1 0 1 0 1 0 0 3021.dat
1 70 230 64 -30 0 0 -1 0 1 0 1 0 0 3021.dat
1 70 210 40 -30 -1 0 0 0 1 0 0 0 -1 3747b.dat
1 0 210 32 0 -1 0 0 0 1 0 0 0 -1 4032b.dat
1 72 210 24 0 -1 0 0 0 1 0 0 0 -1 87580.dat
1 72 210 16 0 -1 0 0 0 1 0 0 0 -1 61780.dat
1 70 250 40 0 0 0 -1 0 1 0 1 0 0 3831.dat
1 70 250 40 0 0 0 -1 0 1 0 1 0 0 3830.dat
1 70 210 40 30 -1 0 0 0 1 0 0 0 -1 3004.dat
1 70 210 -104 20 -1 0 0 0 1 0 0 0 -1 47847.dat
1 70 210 -104 -20 1 0 0 0 1 0 0 0 1 47847.dat
1 70 180 -104 -10 1 0 0 0 1 0 0 0 1 3665.dat
1 70 180 40 30 -1 0 0 0 1 0 0 0 -1 2921.dat
1 72 180 40 10 -1 0 0 0 1 0 0 0 -1 4589.dat
1 308 180 40 -50 0 0 -1 0 1 0 1 0 0 60477.dat
1 308 180 40 -50 1 0 0 0 1 0 0 0 1 54200.dat
1 308 180 -104 -30 1 0 0 0 1 0 0 0 1 54200.dat
1 308 180 -128 -10 0 0 -1 0 1 0 1 0 0 3040b.dat
1 308 -120 -56 -10 0 0 1 0 1 0 -1 0 0 54200.dat
1 308 -80 56 130 0 0 -1 0 1 0 1 0 0 Part 4.ldr
1 308 -120 -56 -10 1 0 0 0 1 0 0 0 1 3040b.dat
1 70 160 40 -60 0 0 -1 0 1 0 1 0 0 3004.dat
1 70 30 -216 10 -1 0 0 0 1 0 0 0 -1 3004.dat
1 70 -100 40 -60 0 0 -1 0 1 0 1 0 0 3004.dat
1 70 -140 40 -20 0 0 -1 0 1 0 1 0 0 3004.dat
1 70 -120 16 -50 0 0 1 0 1 0 -1 0 0 60481.dat
1 308 -120 -32 -20 0 0 1 0 1 0 -1 0 0 30499.dat
1 70 -90 64 -20 0 0 -1 0 1 0 1 0 0 3795.dat
1 70 80 40 -260 0 0 1 0 1 0 -1 0 0 3710.dat
1 71 30 40 -310 1 0 0 0 1 0 0 0 1 3710.dat
1 71 140 56 -40 0 0 -1 0 1 0 1 0 0 3710.dat
1 71 -80 56 -40 0 0 -1 0 1 0 1 0 0 3710.dat
1 71 -80 56 10 0 0 -1 0 1 0 1 0 0 4073.dat
1 71 140 56 10 0 0 -1 0 1 0 1 0 0 4073.dat
1 71 -60 40 -140 1 0 0 0 1 0 0 0 1 50304.dat
1 72 30 32 10 1 0 0 0 1 0 0 0 1 4162.dat
1 72 -90 40 30 1 0 0 0 1 0 0 0 1 32000.dat
1 72 150 40 30 1 0 0 0 1 0 0 0 1 32000.dat
1 72 160 40 -20 0 0 -1 0 1 0 1 0 0 32000.dat
1 72 180 40 -20 0 0 1 0 1 0 -1 0 0 30526.dat
1 72 -100 40 -20 0 0 -1 0 1 0 1 0 0 32000.dat
1 71 -100 40 10 0 0 -1 0 1 0 1 0 0 3005.dat
1 71 160 40 10 0 0 -1 0 1 0 1 0 0 3005.dat
1 71 160 16 20 0 0 -1 0 1 0 1 0 0 3004.dat
1 71 -90 16 -30 1 0 0 0 1 0 0 0 1 3298.dat
1 71 150 16 -30 1 0 0 0 1 0 0 0 1 3298.dat
1 71 -90 -56 -10 1 0 0 0 1 0 0 0 1 30499.dat
1 71 150 -56 -10 1 0 0 0 1 0 0 0 1 30499.dat
1 71 140 -128 0 0 0 -1 0 1 0 1 0 0 30499.dat
1 71 -80 -128 0 0 0 1 0 1 0 -1 0 0 30499.dat
1 71 -60 -152 10 0 0 1 0 1 0 -1 0 0 3038.dat
1 71 -40 -176 10 0 0 1 0 1 0 -1 0 0 3038.dat
1 71 -20 -200 10 0 0 1 0 1 0 -1 0 0 3038.dat
1 71 0 -224 10 0 0 1 0 1 0 -1 0 0 3038.dat
1 71 120 -152 10 0 0 -1 0 1 0 1 0 0 3038.dat
1 71 100 -176 10 0 0 -1 0 1 0 1 0 0 3038.dat
1 71 80 -200 10 0 0 -1 0 1 0 1 0 0 3038.dat
1 71 60 -224 10 0 0 -1 0 1 0 1 0 0 3038.dat
1 71 100 -142 40 0 0 -1 0 1 0 1 0 0 61184.dat
1 71 40 -248 -10 0 0 -1 0 1 0 1 0 0 3040b.dat
1 71 30 -216 -36 1 0 0 0 0 -1 0 1 0 61678.dat
1 72 30 -246 -28 1 0 0 0 0 -1 0 1 0 3024.dat
1 71 20 -248 -10 0 0 1 0 1 0 -1 0 0 3040b.dat
1 71 20 -248 10 -1 0 0 0 1 0 0 0 -1 3045.dat
1 71 40 -248 10 0 0 -1 0 1 0 1 0 0 3045.dat
1 71 30 -184 10 1 0 0 0 1 0 0 0 1 99207.dat
1 72 30 -192 10 1 0 0 0 1 0 0 0 1 3023.dat
1 71 -80 -128 30 0 0 1 0 1 0 -1 0 0 4460.dat
1 71 140 -128 30 0 0 -1 0 1 0 1 0 0 4460.dat
1 71 150 16 -10 -1 0 0 0 1 0 0 0 -1 3004.dat
1 71 -90 16 -10 -1 0 0 0 1 0 0 0 -1 3004.dat
1 71 160 -8 20 0 0 -1 0 1 0 1 0 0 3004.dat
1 71 160 -32 20 0 0 -1 0 1 0 1 0 0 3004.dat
1 71 140 -56 10 1 0 0 0 1 0 0 0 1 2357.dat
1 71 -80 -56 10 0 0 -1 0 1 0 1 0 0 2357.dat
1 71 -100 16 20 0 0 -1 0 1 0 1 0 0 3004.dat
1 71 -100 -8 20 0 0 -1 0 1 0 1 0 0 3004.dat
1 71 -100 -32 20 0 0 -1 0 1 0 1 0 0 3004.dat
1 72 30 32 -160 0 0 -1 0 1 0 1 0 0 90498.dat
1 72 -60 32 -40 0 0 -1 0 1 0 1 0 0 2412b.dat
1 72 120 32 -40 0 0 -1 0 1 0 1 0 0 2412b.dat
1 72 -80 -32 30 0 0 -1 0 1 0 1 0 0 2449.dat
1 72 -100 -56 30 -1 0 0 0 1 0 0 0 -1 6541.dat
1 72 160 -56 30 -1 0 0 0 1 0 0 0 -1 6541.dat
1 72 100 -152 30 -1 0 0 0 1 0 0 0 -1 6541.dat
1 72 100 -152 10 -1 0 0 0 1 0 0 0 -1 6541.dat
1 72 -40 -152 30 -1 0 0 0 1 0 0 0 -1 6541.dat
1 72 30 -176 30 -1 0 0 0 1 0 0 0 -1 3307.dat
1 72 30 -200 30 -1 0 0 0 1 0 0 0 -1 3010.dat
1 72 30 -224 30 -1 0 0 0 1 0 0 0 -1 32064b.dat
1 4 30 -214 40 0 0 1 0 1 0 -1 0 0 32062.dat
1 4 72.95 -214 143 0 0 1 0 1 0 -1 0 0 32062.dat
1 4 52 -214 91 -0.707107 0 0.707107 0 1 0 -0.707107 0 -0.707107 32062.dat
1 0 30 -214 70 0 -1 0 1 0 0 0 0 1 32192.dat
1 0 72.5 -214 172.5 0 -1 0 1 0 0 0 0 1 32013.dat
1 0 72.45 -204 172.65 1 0 0 0 1 0 0 0 1 4733.dat
1 0 50.45 -194 172.6 0 1 0 0 0 -1 -1 0 0 4349.dat
1 47 50.3 -172 172.6 0 0 1 0 1 0 -1 0 0 4073.dat
1 71 72.5 -204 112.5 0 -1 0 1 0 0 0 0 1 4274.dat
1 71 30 -204 70 0 -1 0 1 0 0 0 0 1 4274.dat
0 SYNTH BEGIN HOSE_FLEXIBLE_8.5L 0
0 1 71 72.5 -204 112.5 -1 0 0 0 -1 0 0 0 1 LS02.dat
0 1 71 30 -204 70 1 0 0 0 1 0 0 0 1 LS02.dat
0 SYNTH SHOW
0 SYNTH SYNTHESIZED BEGIN
1 0 72.5 -188 112.5 -0.9978 -0.0656 -0.0022 -0.0656 0.9957 0.0656 0.0022 -0.0656 0.9978 755.dat
1 0 71.7498 -176.15 111.75 -0.9827 -0.1637 -0.0865 -0.1754 0.9728 0.1512 -0.0594 -0.1637 0.9847 756.dat
1 0 71.8498 -178.15 112.3 -0.9827 -0.1637 -0.0865 -0.1754 0.9728 0.1512 -0.0594 -0.1637 0.9847 756.dat
1 0 72.6498 -180.15 112.5 -0.9827 -0.1637 -0.0865 -0.1754 0.9728 0.1512 -0.0594 -0.1637 0.9847 756.dat
1 0 72.6498 -182.15 112.5 -0.9827 -0.1637 -0.0865 -0.1754 0.9728 0.1512 -0.0594 -0.1637 0.9847 756.dat
1 0 71.2977 -174.602 111.298 -0.9663 -0.2235 -0.1279 -0.2458 0.9487 0.1988 -0.0769 -0.2235 0.9717 756.dat
1 0 70.7512 -173.13 110.751 -0.9438 -0.2825 -0.1715 -0.3183 0.9167 0.2415 -0.0889 -0.2825 0.9551 756.dat
1 0 70.1113 -171.724 110.111 -0.9153 -0.3393 -0.2169 -0.3911 0.8774 0.278 -0.096 -0.3393 0.9358 756.dat
1 0 69.3885 -170.403 109.388 -0.8814 -0.3923 -0.2631 -0.462 0.832 0.3072 -0.0984 -0.3923 0.9146 756.dat
1 0 68.5914 -169.17 108.591 -0.8428 -0.4406 -0.309 -0.5294 0.7821 0.3287 -0.0968 -0.4406 0.8924 756.dat
1 0 67.729 -168.027 107.729 -0.8005 -0.4838 -0.3538 -0.5922 0.7293 0.3426 -0.0923 -0.4838 0.8703 756.dat
1 0 66.8101 -166.975 106.81 -0.7554 -0.5215 -0.3968 -0.6497 0.6753 0.3492 -0.0858 -0.5215 0.8489 756.dat
1 0 65.8481 -166.018 105.848 -0.7085 -0.5541 -0.4371 -0.7014 0.6212 0.3494 -0.0779 -0.5541 0.8288 756.dat
1 0 64.8448 -165.147 104.845 -0.6603 -0.582 -0.4747 -0.7478 0.5679 0.3439 -0.0694 -0.582 0.8102 756.dat
1 0 63.8069 -164.36 103.807 -0.6113 -0.6057 -0.5093 -0.7891 0.5159 0.3335 -0.0607 -0.6057 0.7933 756.dat
1 0 62.7398 -163.653 102.74 -0.5619 -0.6258 -0.5409 -0.8255 0.4656 0.319 -0.0523 -0.6258 0.7782 756.dat
1 0 61.6487 -163.024 101.649 -0.5125 -0.6426 -0.5695 -0.8576 0.4172 0.301 -0.0442 -0.6426 0.7649 756.dat
1 0 60.5378 -162.47 100.538 -0.4631 -0.6567 -0.5952 -0.8855 0.3706 0.2801 -0.0366 -0.6567 0.7532 756.dat
1 0 59.4108 -161.988 99.4108 -0.4139 -0.6685 -0.6179 -0.9098 0.3259 0.2569 -0.0297 -0.6685 0.7431 756.dat
1 0 58.2711 -161.576 98.2711 -0.365 -0.6782 -0.6378 -0.9307 0.2829 0.2317 -0.0233 -0.6782 0.7345 756.dat
1 0 57.1213 -161.23 97.1213 -0.3162 -0.6862 -0.6551 -0.9485 0.2414 0.205 -0.0174 -0.6862 0.7272 756.dat
1 0 55.9637 -160.951 95.9637 -0.2677 -0.6927 -0.6697 -0.9634 0.2011 0.1771 -0.012 -0.6927 0.7212 756.dat
1 0 54.7934 -160.733 94.7934 -0.2192 -0.6978 -0.682 -0.9757 0.1618 0.148 -0.0071 -0.6978 0.7163 756.dat
1 0 53.6192 -160.579 93.6192 -0.1709 -0.7017 -0.6917 -0.9853 0.1235 0.1181 -0.0026 -0.7017 0.7125 756.dat
1 0 52.4499 -160.487 92.4499 -0.1229 -0.7045 -0.699 -0.9924 0.086 0.0878 0.0018 -0.7045 0.7097 756.dat
1 0 51.2724 -160.456 91.2724 -0.0748 -0.7063 -0.704 -0.9972 0.0488 0.057 0.0059 -0.7063 0.7079 756.dat
1 0 50.0954 -160.485 90.0954 -0.0267 -0.7071 -0.7067 -0.9996 0.0119 0.0259 0.0099 -0.7071 0.7071 756.dat
1 0 48.9202 -160.576 88.9202 0.0214 -0.7069 -0.707 -0.9997 -0.025 -0.0053 0.0139 -0.7069 0.7072 756.dat
1 0 47.7482 -160.728 87.7482 0.0695 -0.7058 -0.705 -0.9974 -0.0619 -0.0364 0.0179 -0.7058 0.7082 756.dat
1 0 46.5879 -160.942 86.5879 0.1176 -0.7036 -0.7008 -0.9928 -0.0991 -0.0671 0.0222 -0.7036 0.7102 756.dat
1 0 45.4266 -161.221 85.4266 0.1661 -0.7004 -0.6941 -0.9858 -0.137 -0.0976 0.0267 -0.7004 0.7132 756.dat
1 0 44.2733 -161.564 84.2733 0.2147 -0.6961 -0.6851 -0.9762 -0.1756 -0.1275 0.0315 -0.6961 0.7172 756.dat
1 0 43.1371 -161.974 83.1371 0.2635 -0.6906 -0.6736 -0.964 -0.2151 -0.1565 0.0368 -0.6906 0.7223 756.dat
1 0 42.0063 -162.455 82.0063 0.3127 -0.6836 -0.6595 -0.9489 -0.2558 -0.1847 0.0425 -0.6836 0.7286 756.dat
1 0 40.8979 -163.005 80.8979 0.362 -0.675 -0.6429 -0.9309 -0.2978 -0.2115 0.0487 -0.675 0.7362 756.dat
1 0 39.8083 -163.63 79.8083 0.4117 -0.6646 -0.6236 -0.9096 -0.3414 -0.2366 0.0556 -0.6646 0.7451 756.dat
1 0 38.7416 -164.334 78.7417 0.4617 -0.6521 -0.6014 -0.8848 -0.3868 -0.2599 0.0632 -0.6521 0.7555 756.dat
1 0 37.7027 -165.118 77.7027 0.5119 -0.6371 -0.5763 -0.8561 -0.434 -0.2807 0.0713 -0.6371 0.7675 756.dat
1 0 36.6971 -165.987 76.6971 0.5622 -0.6191 -0.5482 -0.8231 -0.483 -0.2986 0.08 -0.6191 0.7812 756.dat
1 0 35.7316 -166.943 75.7316 0.6125 -0.5979 -0.5171 -0.7854 -0.534 -0.313 0.089 -0.5979 0.7966 756.dat
1 0 34.8134 -167.988 74.8134 0.6624 -0.5727 -0.483 -0.7427 -0.5865 -0.3231 0.0982 -0.5727 0.8138 756.dat
1 0 33.9509 -169.123 73.9509 0.7114 -0.5432 -0.4459 -0.6946 -0.6401 -0.3283 0.1071 -0.5432 0.8327 756.dat
1 0 33.1532 -170.347 73.1532 0.7591 -0.5088 -0.4061 -0.6407 -0.6944 -0.3275 0.1153 -0.5088 0.8531 756.dat
1 0 32.4243 -171.666 72.4243 0.8047 -0.4691 -0.3638 -0.581 -0.7483 -0.3203 0.122 -0.4691 0.8747 756.dat
1 0 31.7781 -173.067 71.7781 0.8472 -0.4242 -0.3198 -0.5161 -0.8001 -0.3059 0.1261 -0.4242 0.8967 756.dat
1 0 31.2268 -174.534 71.2268 0.8856 -0.3743 -0.2751 -0.4468 -0.8484 -0.2839 0.1271 -0.3743 0.9185 756.dat
1 0 30.7681 -176.074 70.7681 0.9191 -0.3199 -0.2301 -0.374 -0.8918 -0.2544 0.1239 -0.3199 0.9393 756.dat
1 0 30.4099 -177.667 70.4099 0.947 -0.2621 -0.186 -0.2998 -0.9288 -0.2179 0.1157 -0.2621 0.9581 756.dat
1 0 30.1531 -179.299 70.1531 0.9687 -0.2024 -0.1437 -0.2262 -0.9581 -0.1754 0.1021 -0.2024 0.974 756.dat
1 0 29.9955 -180.958 69.9955 0.9843 -0.1427 -0.1038 -0.1555 -0.9794 -0.1285 0.0833 -0.1427 0.9863 756.dat
1 0 29.9347 -182.62 69.9347 0.9942 -0.0842 -0.0669 -0.0894 -0.9929 -0.0787 0.0598 -0.0842 0.9947 756.dat
1 0 29.9644 -184.293 69.9644 0.9991 -0.0275 -0.0327 -0.0284 -0.9992 -0.0266 0.032 -0.0275 0.9991 756.dat
1 0 29.8625 -187.996 69.8625 0.9996 0.0275 -0.0008 -0.0275 0.9992 -0.0275 -0 0.0275 0.9996 755.dat
1 0 30.287 -187.84 69.814 -0.9996 -0.0275 0.0008 0.0274906 -0.999577 0.0013241 0.000719866 0.00133457 0.999977 750.dat
1 0 72.537 -187.84 112.264 -0.9996 -0.0275 0.0008 0.0274906 -0.999577 0.0013241 0.000719866 0.00133457 0.999977 750.dat
0 SYNTH SYNTHESIZED END
0 SYNTH SYNTHESIZED BEGIN
1 0 0 0 0 0 0 0 0 0 0 0 0 0 755.dat
0 SYNTH SYNTHESIZED END
0 SYNTH END
1 0 72.5 -214 112.5 0 1 0 1 0 0 0 0 -1 32192.dat
1 72 30 -224 0 -1 0 0 0 1 0 0 0 -1 3022.dat
1 72 30 -272 0 0 0 1 0 1 0 -1 0 0 3300.dat
1 0 100 -142 48 1 0 0 0 0 1 0 -1 0 2555.dat
1 0 100 -150 55 1 0 0 0 1 0 0 0 1 64644.dat
1 0 100 -110 55 1 0 0 0 1 0 0 0 1 4073.dat
1 71 -40 -142 40 0 0 -1 0 1 0 1 0 0 61184.dat
1 0 -40 -142 48 1 0 0 0 0 1 0 -1 0 2555.dat
1 0 -40 -150 55 1 0 0 0 1 0 0 0 1 64644.dat
1 0 -40 -110 55 1 0 0 0 1 0 0 0 1 4073.dat
1 72 30 -206 -12 -1 0 0 0 0 1 0 1 0 3794b.dat
1 72 30 -186 -12 -1 0 0 0 0 1 0 1 0 3794b.dat
1 72 -40 -152 10 -1 0 0 0 1 0 0 0 -1 6541.dat
1 72 120 -128 30 0 0 1 0 1 0 -1 0 0 6541.dat
1 72 -60 -128 30 0 0 1 0 1 0 -1 0 0 6541.dat
1 72 -80 -32 10 0 0 -1 0 1 0 1 0 0 2449.dat
1 72 -60 -104 30 0 0 -1 0 1 0 1 0 0 2449.dat
1 72 -60 -104 10 0 0 -1 0 1 0 1 0 0 2449.dat
1 72 -60 -128 10 1 0 0 0 1 0 0 0 1 3665.dat
1 72 -20 -176 10 1 0 0 0 1 0 0 0 1 3665.dat
1 72 0 -200 10 1 0 0 0 1 0 0 0 1 3665.dat
1 72 120 -128 10 1 0 0 0 1 0 0 0 1 3665.dat
1 72 80 -176 10 1 0 0 0 1 0 0 0 1 3665.dat
1 72 60 -200 10 1 0 0 0 1 0 0 0 1 3665.dat
1 72 100 -128 30 0 0 1 0 1 0 -1 0 0 3665.dat
1 72 100 -128 10 0 0 1 0 1 0 -1 0 0 3665.dat
1 72 80 -152 10 0 0 1 0 1 0 -1 0 0 3665.dat
1 72 60 -176 10 0 0 1 0 1 0 -1 0 0 3665.dat
1 72 140 -32 10 0 0 1 0 1 0 -1 0 0 2449.dat
1 72 140 -32 30 0 0 1 0 1 0 -1 0 0 2449.dat
1 72 120 -104 10 0 0 1 0 1 0 -1 0 0 2449.dat
1 72 120 -104 30 0 0 1 0 1 0 -1 0 0 2449.dat
1 72 100 48 -220 0 0 -1 0 1 0 1 0 0 3666.dat
1 72 140 48 -40 0 0 -1 0 1 0 1 0 0 3666.dat
1 72 -80 48 -40 0 0 -1 0 1 0 1 0 0 3666.dat
1 72 30 64 -170 -1 0 0 0 1 0 0 0 -1 3666.dat
1 72 -20 48 -230 1 0 0 0 1 0 0 0 1 4287.dat
1 72 -120 40 -20 0 0 -1 0 1 0 1 0 0 30526.dat
1 72 80 48 -230 1 0 0 0 1 0 0 0 1 4287.dat
1 72 -40 48 -220 0 0 -1 0 1 0 1 0 0 3666.dat
1 71 -30 40 -310 1 0 0 0 1 0 0 0 1 99206.dat
1 71 90 40 -310 1 0 0 0 1 0 0 0 1 99206.dat
1 72 -40 -128 10 0 0 -1 0 1 0 1 0 0 3665.dat
1 72 -20 -152 10 0 0 -1 0 1 0 1 0 0 3665.dat
1 72 0 -176 10 0 0 -1 0 1 0 1 0 0 3665.dat
1 72 -40 -128 30 0 0 -1 0 1 0 1 0 0 3665.dat
1 0 94.45 -194 172.6 0 -1 0 0 0 -1 1 0 0 4349.dat
1 47 94.3 -172 172.6 0 0 -1 0 1 0 1 0 0 4073.dat
1 0 72.45 -194 194.6 -1 0 0 0 0 -1 0 -1 0 4349.dat
1 47 72.3 -172 194.6 -1 0 0 0 1 0 0 0 -1 4073.dat
0 
0
0 FILE Yoda.ldr
0 Yoda
0 Name: Yoda.ldr
0 Author: R Paluczak
0 Unofficial Model
0 ROTATION CENTER 0 0 0 1 "Custom" 
0 ROTATION CONFIG 0 0
1 115 0 -3 0 1 0 0 0 1 0 0 0 1 41880.dat
1 71 0 0 0 -1 0 0 0 1 0 0 0 -1 48724.dat
1 19 0 0 0 1 0 0 0 1 0 0 0 1 973prg.dat
1 19 0 32 0 1 0 0 0 1 0 0 0 1 41879a.dat
1 19 -15.552 9 0 0.985 -0.17 0 0.17 0.985 0 0 0 1 3818.dat
1 19 15.552 9 0 0.985 0.17 0 -0.17 0.985 0 0 0 1 3819.dat
1 115 -23.8634 26.5956 -10.321 0.985 -0.12019 0.12019 0.17 0.696395 -0.696395 0 0.707 0.707 3820.dat
1 115 23.8634 26.5956 -10.321 0.985 0.12019 -0.12019 -0.17 0.696395 -0.696395 0 0.707 0.707 3820.dat
1 35 -23.1951 22.7236 -33.8217 0.985 -0.0874983 0.14567 0.17 0.506976 -0.844031 0 0.856884 0.514696 577c01.dat
0
0 FILE Part 4.ldr
0 Part 4
0 Name: Part 4.ldr
0 Author: R Paluczak
0 Unofficial Model
0 ROTATION CENTER 0 0 0 1 "Custom" 
0 ROTATION CONFIG 0 0
1 71 30 8 0 1 0 0 0 1 0 0 0 1 2445.dat
1 71 30 8 30 1 0 0 0 1 0 0 0 1 60479.dat
1 72 -80 -16 20 0 0 1 0 1 0 -1 0 0 2458.dat
1 72 -80 -112 20 0 0 1 0 1 0 -1 0 0 2458.dat
1 72 -80 -24 10 0 0 1 0 1 0 -1 0 0 3623.dat
1 72 -80 -88 20 0 0 1 0 1 0 -1 0 0 3023.dat
1 70 -80 -32 10 0 0 1 0 1 0 -1 0 0 3623.dat
1 70 -30 -136 20 1 0 0 0 1 0 0 0 1 47847.dat
1 70 -80 -136 30 0 0 1 0 1 0 -1 0 0 2357.dat
1 70 0 -120 30 1 0 0 0 1 0 0 0 1 3024.dat
1 70 -80 -56 30 0 0 1 0 1 0 -1 0 0 3005.dat
1 70 -80 -80 30 0 0 1 0 1 0 -1 0 0 3005.dat
1 70 20 -16 30 0 0 1 0 1 0 -1 0 0 3005.dat
1 70 20 -24 0 0 0 1 0 1 0 -1 0 0 3004.dat
1 70 20 -40 30 0 0 1 0 1 0 -1 0 0 3005.dat
1 72 140 -40 30 0 0 1 0 1 0 -1 0 0 3005.dat
1 72 140 -136 30 0 0 -1 0 1 0 1 0 0 2339.dat
1 72 140 -112 30 1 0 0 0 1 0 0 0 1 4287.dat
1 72 30 -64 30 1 0 0 0 1 0 0 0 1 32000.dat
1 72 20 -62 60 0 0 1 0 1 0 -1 0 0 87083.dat
1 71 20 -62 95 1 0 0 0 1 0 0 0 1 32123b.dat
1 72 30 -88 30 1 0 0 0 1 0 0 0 1 3004.dat
1 72 40 -24 10 1 0 0 0 1 0 0 0 1 4081b.dat
1 72 30 -112 30 1 0 0 0 1 0 0 0 1 3004.dat
1 72 0 -144 30 0 0 -1 0 1 0 1 0 0 6091.dat
1 72 60 -144 30 0 0 1 0 1 0 -1 0 0 6091.dat
1 72 0 -128 30 0 0 -1 0 1 0 1 0 0 4073.dat
1 70 120 -120 30 1 0 0 0 1 0 0 0 1 3024.dat
1 72 120 -144 30 0 0 -1 0 1 0 1 0 0 6091.dat
1 72 150 -128 -20 0 0 -1 0 1 0 1 0 0 2430.dat
1 72 150 -128 -20 0.382683 0 -0.92388 0 1 0 0.92388 0 0.382683 Her.dat
1 72 120 -160 30 0 0 1 0 1 0 -1 0 0 50950.dat
1 72 60 -160 30 0 0 -1 0 1 0 1 0 0 50950.dat
1 72 -60 -160 30 0 0 -1 0 1 0 1 0 0 50950.dat
1 71 150 0 -20 1 0 0 0 1 0 0 0 1 2429.dat
1 72 0 -160 30 0 0 1 0 1 0 -1 0 0 50950.dat
1 72 120 -128 30 0 0 -1 0 1 0 1 0 0 4073.dat
1 72 80 -136 30 0 0 -1 0 1 0 1 0 0 4073.dat
1 72 -80 -144 30 0 0 -1 0 1 0 1 0 0 4073.dat
1 70 20 0 0 0 0 1 0 1 0 -1 0 0 3794b.dat
1 70 -80 -80 10 1 0 0 0 1 0 0 0 1 60481.dat
1 70 40 -16 10 1 0 0 0 1 0 0 0 1 3040b.dat
1 70 20 -72 10 1 0 0 0 1 0 0 0 1 60481.dat
1 70 40 -40 30 0 0 -1 0 1 0 1 0 0 60481.dat
1 308 -80 -16 -10 0 0 -1 0 1 0 1 0 0 60477.dat
1 308 20 -72 10 1 0 0 0 1 0 0 0 1 54200.dat
1 72 140 -16 30 1 0 0 0 1 0 0 0 1 3040b.dat
1 70 40 -48 10 0 0 1 0 1 0 -1 0 0 3005.dat
1 70 130 -128 10 0 0 1 0 1 0 -1 0 0 6060.dat
1 70 120 -128 10 0 0 1 0 1 0 -1 0 0 3024.dat
1 70 140 -120 -10 0 0 1 0 1 0 -1 0 0 3024.dat
1 70 305.474 -8 -62.752 0.92388 0 0.382683 0 1 0 -0.382683 0 0.92388 Part 5.ldr
0
0 FILE Part 5.ldr
0 Part 5
0 Name: Part 5.ldr
0 Author: R Paluczak
0 Unofficial Model
0 ROTATION CENTER 0 0 0 1 "Custom" 
0 ROTATION CONFIG 0 0
1 71 -40 16 0 1 0 0 0 1 0 0 0 1 2445.dat
1 71 -160 8 -20 1 0 0 0 1 0 0 0 1 2430.dat
1 71 -100 8 20 1 0 0 0 1 0 0 0 1 2460.dat
1 71 -40 16 30 1 0 0 0 1 0 0 0 1 60479.dat
1 72 70 -8 20 0 0 -1 0 1 0 1 0 0 32000.dat
1 72 70 -32 20 0 0 -1 0 1 0 1 0 0 3004.dat
1 72 70 -104 20 0 0 -1 0 1 0 1 0 0 3004.dat
1 72 70 -128 30 0 0 -1 0 1 0 1 0 0 2339.dat
1 72 -150 -128 30 0 0 1 0 1 0 -1 0 0 2339.dat
1 72 -150 -104 30 1 0 0 0 1 0 0 0 1 4287.dat
1 72 -90 -128 30 0 0 1 0 1 0 -1 0 0 4073.dat
1 72 -130 -120 30 0 0 1 0 1 0 -1 0 0 4073.dat
1 72 50 -120 30 0 0 1 0 1 0 -1 0 0 4073.dat
1 72 10 -128 30 0 0 1 0 1 0 -1 0 0 4073.dat
1 72 -10 -136 30 0 0 1 0 1 0 -1 0 0 6091.dat
1 72 -130 -136 30 0 0 1 0 1 0 -1 0 0 6091.dat
1 72 -70 -136 30 0 0 -1 0 1 0 1 0 0 6091.dat
1 72 -10 -152 30 0 0 -1 0 1 0 1 0 0 50950.dat
1 72 -130 -152 30 0 0 -1 0 1 0 1 0 0 50950.dat
1 72 -160 -120 -20 0 0 1 0 1 0 -1 0 0 2429.dat
1 72 160 -40 -20 1 0 0 0 1 0 0 0 1 Part 7.ldr
1 72 50 -152 30 0 0 1 0 1 0 -1 0 0 50950.dat
1 72 -70 -152 30 0 0 1 0 1 0 -1 0 0 50950.dat
1 72 50 -136 30 0 0 -1 0 1 0 1 0 0 6091.dat
1 72 -130 8 20 0 0 -1 0 1 0 1 0 0 2412b.dat
1 72 -70 8 20 0 0 -1 0 1 0 1 0 0 2412b.dat
1 72 -150 -8 30 1 0 0 0 1 0 0 0 1 3040b.dat
1 72 -150 -32 30 1 0 0 0 1 0 0 0 1 3005.dat
1 72 70 -56 10 1 0 0 0 1 0 0 0 1 3005.dat
1 72 70 -80 10 1 0 0 0 1 0 0 0 1 3005.dat
1 72 -80 -2 -10 -1 0 0 0 0 1 0 1 0 Part 6.ldr
1 70 -40 -8 10 1 0 0 0 1 0 0 0 1 3039.dat
1 70 -40 -40 10 1 0 0 0 1 0 0 0 1 3004.dat
1 70 -140 -120 10 0 0 -1 0 1 0 1 0 0 6060.dat
0 MLCAD HIDE 1 70 60 -120 10 0 0 1 0 1 0 -1 0 0 6060.dat
1 70 -130 -112 30 1 0 0 0 1 0 0 0 1 3024.dat
1 70 -150 -112 -10 1 0 0 0 1 0 0 0 1 3024.dat
1 70 -130 -120 10 1 0 0 0 1 0 0 0 1 3024.dat
1 70 50 -120 10 1 0 0 0 1 0 0 0 1 3024.dat
1 70 70 -120 10 1 0 0 0 1 0 0 0 1 3024.dat
1 70 50 -112 30 1 0 0 0 1 0 0 0 1 3024.dat
1 0 -10 -8 10 1 0 0 0 1 0 0 0 1 4070.dat
1 0 -10 2 -12 1 0 0 0 0 -1 0 1 0 750.dat
0 SYNTH BEGIN HOSE_FLEXIBLE_8.5L 0
0 1 0 -10 2 4 1 0 0 0 0 -1 0 1 0 LS02.dat
0 1 0 -10 2 -12 1 0 0 0 0 -1 0 1 0 LS02.dat
0 1 0 68 2 -50 0 -1 0 0 0 -1 1 0 0 LS02.dat
0 1 0 84 2 -50 0 -1 0 0 0 -1 1 0 0 LS02.dat
0 SYNTH SHOW
0 SYNTH SYNTHESIZED BEGIN
1 0 -10 2 4 1 0 0 0 0 -1 0 -1 0 755.dat
1 0 -10 2 -2.9551 1 0 0 0 0 -1 0 -1 0 756.dat
1 0 -10 2 -5.5152 1 0 0 0 0 -1 0 -1 0 756.dat
1 0 -10 2 -8.0781 1 0 0 0 0 -1 0 -1 0 756.dat
1 0 -10 2 -10.6383 1 0 0 0 0 -1 0 -1 0 756.dat
1 0 -9.9869 2 -13.2065 1 0.0044 0 0 0 -1 0.0044 -1 0 756.dat
1 0 -9.7601 2 -15.7849 0.9971 0.0762 0 0 0 -1 0.0762 -0.9971 0 756.dat
1 0 -9.2685 2 -18.2886 0.9845 0.1753 0 0 0 -1 0.1753 -0.9845 0 756.dat
1 0 -8.5126 2 -20.7561 0.961 0.2766 0 0 0 -1 0.2766 -0.961 0 756.dat
1 0 -7.5115 2 -23.095 0.9266 0.376 0 0 0 -1 0.376 -0.9266 0 756.dat
1 0 -6.2615 2 -25.3528 0.8829 0.4695 0 0 0 -1 0.4695 -0.8829 0 756.dat
1 0 -4.8108 2 -27.4551 0.8327 0.5537 0 0 0 -1 0.5537 -0.8327 0 756.dat
1 0 -3.171 2 -29.429 0.779 0.6271 0 0 0 -1 0.6271 -0.779 0 756.dat
1 0 -1.3886 2 -31.2471 0.7244 0.6894 0 0 0 -1 0.6894 -0.7244 0 756.dat
1 0 0.533 2 -32.9399 0.6706 0.7418 0 0 0 -1 0.7418 -0.6706 0 756.dat
1 0 2.5717 2 -34.5124 0.6195 0.785 0 0 0 -1 0.785 -0.6195 0 756.dat
1 0 4.6803 2 -35.9475 0.5714 0.8207 0 0 0 -1 0.8207 -0.5714 0 756.dat
1 0 6.8967 2 -37.295 0.5266 0.8501 0 0 0 -1 0.8501 -0.5266 0 756.dat
1 0 9.1473 2 -38.5216 0.4857 0.8741 0 0 0 -1 0.8741 -0.4857 0 756.dat
1 0 11.4485 2 -39.6539 0.448 0.894 0 0 0 -1 0.894 -0.448 0 756.dat
1 0 13.7893 2 -40.6983 0.4134 0.9105 0 0 0 -1 0.9105 -0.4134 0 756.dat
1 0 16.1609 2 -41.6611 0.3817 0.9243 0 0 0 -1 0.9243 -0.3817 0 756.dat
1 0 18.556 2 -42.5482 0.3525 0.9358 0 0 0 -1 0.9358 -0.3525 0 756.dat
1 0 20.9689 2 -43.3646 0.3254 0.9456 0 0 0 -1 0.9456 -0.3254 0 756.dat
1 0 23.4284 2 -44.1265 0.3001 0.9539 0 0 0 -1 0.9539 -0.3001 0 756.dat
1 0 25.8975 2 -44.8264 0.2767 0.961 0 0 0 -1 0.961 -0.2767 0 756.dat
1 0 28.3735 2 -45.4687 0.2549 0.967 0 0 0 -1 0.967 -0.2549 0 756.dat
1 0 30.8543 2 -46.0569 0.2344 0.9721 0 0 0 -1 0.9721 -0.2344 0 756.dat
1 0 33.3725 2 -46.6024 0.215 0.9766 0 0 0 -1 0.9766 -0.215 0 756.dat
1 0 35.8932 2 -47.0997 0.1966 0.9805 0 0 0 -1 0.9805 -0.1966 0 756.dat
1 0 38.416 2 -47.5516 0.1793 0.9838 0 0 0 -1 0.9838 -0.1793 0 756.dat
1 0 40.9405 2 -47.9605 0.1628 0.9867 0 0 0 -1 0.9867 -0.1628 0 756.dat
1 0 43.467 2 -48.3283 0.1469 0.9892 0 0 0 -1 0.9892 -0.1469 0 756.dat
1 0 46.0296 2 -48.6618 0.1316 0.9913 0 0 0 -1 0.9913 -0.1316 0 756.dat
1 0 48.5607 2 -48.9525 0.1167 0.9932 0 0 0 -1 0.9932 -0.1167 0 756.dat
1 0 51.1289 2 -49.2106 0.1023 0.9947 0 0 0 -1 0.9947 -0.1023 0 756.dat
1 0 53.6662 2 -49.4291 0.0883 0.9961 0 0 0 -1 0.9961 -0.0883 0 756.dat
1 0 56.2072 2 -49.6124 0.0744 0.9972 0 0 0 -1 0.9972 -0.0744 0 756.dat
1 0 58.7865 2 -49.7633 0.0606 0.9982 0 0 0 -1 0.9982 -0.0606 0 756.dat
1 0 61.3353 2 -49.8767 0.0469 0.9989 0 0 0 -1 0.9989 -0.0469 0 756.dat
1 0 63.8875 2 -49.9545 0.0329 0.9995 0 0 0 -1 0.9995 -0.0329 0 756.dat
1 0 66.4768 2 -49.997 0.0187 0.9998 0 0 0 -1 0.9998 -0.0187 0 756.dat
1 0 69.0324 2 -50.0021 0.0045 1 0 0 0 -1 1 -0.0045 0 756.dat
1 0 71.5786 2 -50 0 1 0 0 0 -1 1 -0 0 756.dat
1 0 74.1368 2 -50 0 1 0 0 0 -1 1 -0 0 756.dat
1 0 76.7006 2 -50 0 1 0 0 0 -1 1 -0 0 756.dat
1 0 79.2619 2 -50 0 1 0 0 0 -1 1 -0 0 756.dat
1 0 81.8261 2 -50 0 1 0 0 0 -1 1 -0 0 756.dat
1 0 84.3886 2 -50 0 1 0 0 0 -1 1 -0 0 756.dat
1 0 89 2 -50 0 -1 0 0 0 -1 1 0 0 755.dat
0 SYNTH SYNTHESIZED END
0 SYNTH END
1 0 68 2 -50 0 1 0 0 0 -1 -1 0 0 750.dat
1 57 -10 -16 10 1 0 0 0 1 0 0 0 1 4073.dat
1 72 -40 -104 30 1 0 0 0 1 0 0 0 1 2454.dat
1 72 -40 -16 10 1 0 0 0 1 0 0 0 1 2540.dat
0
0 FILE Part 6.ldr
0 Part 6
0 Name: Part 6.ldr
0 Author: R Paluczak
0 Unofficial Model
0 ROTATION CENTER 0 0 0 1 "Custom" 
0 ROTATION CONFIG 0 0
1 72 20 16 0 1 0 0 0 1 0 0 0 1 85943.dat
1 72 20 94 -50 1 0 0 0 0 -1 0 1 0 59443.dat
1 71 20 114 -50 0 0 -1 -1 0 0 0 1 0 2736.dat
1 1 20 -126 -50 0 0 1 1 0 0 0 1 0 43093.dat
1 72 20 -106 -50 1 0 0 0 0 -1 0 1 0 59443.dat
1 0 20 26 -50 1 0 0 0 -1 0 0 0 -1 44809.dat
1 0 20 -5 -50 0 -1 0 -1 0 0 0 0 -1 3737.dat
1 0 20 -146 -50 0 -1 0 -1 0 0 0 0 -1 62462.dat
1 4 20 26 -30 1 0 0 0 1 0 0 0 1 32062.dat
0
0 FILE Part 7.ldr
0 Part 7
0 Name: Part 7.ldr
0 Author: R Paluczak
0 Unofficial Model
0 ROTATION CENTER 0 0 0 1 "Custom" 
0 ROTATION CONFIG 0 0
1 71 -20 56 0 1 0 0 0 1 0 0 0 1 3958.dat
1 72 30 32 40 0 0 1 0 1 0 -1 0 0 32000.dat
1 72 -70 32 40 0 0 1 0 1 0 -1 0 0 30526.dat
1 72 -20 16 50 1 0 0 0 1 0 0 0 1 3666.dat
1 72 -20 24 10 1 0 0 0 1 0 0 0 1 3023.dat
1 72 -70 24 0 0 0 1 0 1 0 -1 0 0 11458.dat
1 72 -60 24 -30 1 0 0 0 1 0 0 0 1 3794b.dat
1 57 -60 16 -30 1 0 0 0 1 0 0 0 1 4073.dat
1 72 -50 24 0 0 0 1 0 1 0 -1 0 0 11458.dat
1 72 30 -3 20 1 0 0 0 1 0 0 0 1 59443.dat
1 72 30 -3 60 1 0 0 0 1 0 0 0 1 59443.dat
1 71 30 -3 80 0 0 1 0 1 0 -1 0 0 2736.dat
1 4 30 -3 40 0 0 1 0 1 0 -1 0 0 32062.dat
1 72 30 8 40 0 0 1 0 1 0 -1 0 0 2412b.dat
1 72 10 24 0 0 0 1 0 1 0 -1 0 0 11458.dat
1 72 30 17 -10 -1 0 0 0 -1 0 0 0 1 6536.dat
1 1 30 -3 0 0 0 1 0 -1 0 1 0 0 43093.dat
1 72 30 24 10 1 0 0 0 1 0 0 0 1 4073.dat
1 70 -20 32 10 1 0 0 0 1 0 0 0 1 3009.dat
1 0 -70 32 -30 0 0 1 0 1 0 -1 0 0 4070.dat
1 0 -50 32 -30 1 0 0 0 1 0 0 0 1 3062b.dat
1 0 -50 18 -10 -1 0 0 0 1 0 0 0 -1 32054.dat
1 0 0 18 -10 -1 0 0 0 1 0 0 0 -1 3705.dat
1 0 -10 -2 -10 -1 0 0 0 0 -1 0 -1 0 32039.dat
1 0 -10 -110 -10 0 0 -1 1 0 0 0 -1 0 3708.dat
1 70 -10 -36 -10 0 0 -1 0 1 0 1 0 0 92947.dat
1 70 -10 -70 -10 0 0 -1 0 1 0 1 0 0 92947.dat
1 0 -10 -46 -10 0 0 -1 0 1 0 1 0 0 2723.dat
1 70 -10 -104 -10 0 0 -1 0 1 0 1 0 0 92947.dat
1 0 -10 -80 -10 0 0 -1 0 1 0 1 0 0 2723.dat
1 70 -10 -138 -10 0 0 -1 0 1 0 1 0 0 92947.dat
1 0 -10 -114 -10 0 0 -1 0 1 0 1 0 0 2723.dat
1 70 -10 -172 -10 0 0 -1 0 1 0 1 0 0 92947.dat
1 0 -10 -148 -10 0 0 -1 0 1 0 1 0 0 2723.dat
1 70 -10 -206 -10 0 0 -1 0 1 0 1 0 0 92947.dat
1 0 -10 -214 -10 0 0 -1 0 1 0 1 0 0 4032b.dat
1 0 -10 -182 -10 0 0 -1 0 1 0 1 0 0 2723.dat
1 70 -20 24 40 1 0 0 0 1 0 0 0 1 3795.dat
1 70 -20 16 20 1 0 0 0 1 0 0 0 1 3795.dat
1 70 -40 -128 40 1 0 0 0 1 0 0 0 1 47847.dat
1 70 -60 32 -10 1 0 0 0 1 0 0 0 1 3004.dat
1 70 -20 32 -10 1 0 0 0 1 0 0 0 1 3039.dat
1 308 10 32 -10 0 0 -1 0 1 0 1 0 0 3040b.dat
1 308 10 -8 30 1 0 0 0 1 0 0 0 1 3040b.dat
1 308 -70 -8 10 0 0 -1 0 1 0 1 0 0 3040b.dat
1 308 10 -8 30 0 0 -1 0 1 0 1 0 0 54200.dat
0 
0
0
