0 FILE untitled model.ldr
0 untitled model
0 Name: 
0 Author: Noah Pottle
0 Unofficial Model

0 NOFILE
0 FILE untitled minifigure.ldr
0 untitled model
0 Name: 
0 Author: Noah Pottle
0 Unofficial Model
1  14     8.219919    37.942650   -34.346214     0.000000    -0.000000     0.999999     0.000000     1.000000     0.000000    -0.999999     0.000000     0.000000 3020.dat
1 272    18.219921    -2.057339   -34.346218    -0.000000    -0.000000    -0.999999     0.000000     1.000000    -0.000000     0.999999     0.000000    -0.000000 3815cbg.dat
1  36    18.219910    29.942657    -4.346218     0.000000     0.000000     0.999999    -0.000000     1.000000    -0.000000    -0.999999    -0.000000    -0.000000 98138.dat
1  36    18.219921    29.942661   -64.346207     0.000000     0.000000     0.999999    -0.000000     1.000000    -0.000000    -0.999999    -0.000000    -0.000000 98138.dat
1   0    -1.780078    29.942650   -14.346222     0.000000    -0.000000     0.999999    -0.000000     1.000000     0.000000    -0.999999     0.000000    -0.000000 2412b.dat
1   0    -1.780079    29.942657   -54.346214     0.000000     0.000000     0.999999    -0.000000     1.000000    -0.000000    -0.999999    -0.000000    -0.000000 92280.dat
1  14    -1.780066    -6.057339   -74.346191     0.000000    -0.000000    -0.999999    -1.000000     0.000000    -0.000000    -0.000000     0.999999    -0.000000 60478.dat
1  14    -1.780074    -6.057343   -66.346207    -0.000000    -0.000000     0.999999     1.000000     0.000000     0.000000     0.000000     0.999999     0.000000 60478.dat
1   0    -1.780072   -36.057335   -72.346207     0.999999    -0.000000     0.000000    -0.000000    -0.707107    -0.707107     0.000000     0.707106    -0.707106 59230.dat
1   0    -1.780076   -80.057327   -59.346210     0.999999    -0.000000     0.000000     0.000000     0.707107    -0.707107     0.000000     0.707106     0.707106 48729.dat
1   0    -1.780076   -70.057327   -69.346207     0.999999    -0.000000     0.000000    -0.000000    -0.707106    -0.707106     0.000000     0.707106    -0.707106 577b.dat
1 272    18.219921   -34.057335   -34.346218    -0.000000    -0.000000    -0.999999     0.000000     1.000000    -0.000000     0.999999     0.000000    -0.000000 973pbg.dat
1  92    18.219921   -58.057335   -34.346218    -0.000000    -0.000000    -0.999999    -0.000000     1.000000    -0.000000     0.999999     0.000000    -0.000000 3626cpbh.dat
1 272    18.219921   -26.057335   -50.346222    -0.000000    -0.000000    -0.999999     0.258819     0.965926    -0.000000     0.965925    -0.258819    -0.000000 3818.dat
1 272    18.219919   -26.057335   -18.346216    -0.000000     0.000000    -0.999999    -0.258819     0.965926     0.000000     0.965925     0.258819    -0.000000 3819.dat
1   4    28.219917   -10.057335    -9.346216    -0.073223    -0.726727    -0.683012    -0.183012     0.683012    -0.707106     0.980379     0.073223    -0.183013 3820.dat
1   4    28.219917   -10.057335   -59.346214    -0.073223    -0.726727    -0.683012     0.331696     0.628118    -0.703878     0.940539    -0.278093     0.195060 3820.dat
1 272    18.219921   -58.057335   -34.346218    -0.000000    -0.000000    -0.999999    -0.000000     1.000000    -0.000000     0.999999     0.000000    -0.000000 10907.dat
1 272    26.219921   -66.057335   -34.346218    -0.000000    -0.000000    -0.999999    -0.000000     1.000000    -0.000000     0.999999     0.000000    -0.000000 10908p04.dat
0 NOFILE