0 FILE Homing Spider Droid.ldr
0 Homing Spider Droid
0 Name: Homing Spider Droid.ldr
0 Author: R Paluczak
0 Unofficial Model
0 ROTATION CENTER 0 0 0 1 "Custom" 
0 ROTATION CONFIG 0 0
1 0 50 -32 0 0 0 1 0 1 0 -1 0 0 Part 4.ldr
1 0 20 248 -380 0 0 1 0 1 0 -1 0 0 Clone.ldr
1 0 70 248 -520 0 0 1 0 1 0 -1 0 0 Stass Allie.ldr
0
0 FILE Clone.ldr
0 Clone
0 Name: Clone.ldr
0 Author: R Paluczak
0 Unofficial Model
0 ROTATION CENTER 0 0 0 1 "Custom" 
0 ROTATION CONFIG 0 0
1 15 0 -24 0 1 0 0 0 1 0 0 0 1 30408p01.dat
1 78 0 -24 0 1 0 0 0 1 0 0 0 1 3626bp01.dat
1 15 0 0 0 1 0 0 0 1 0 0 0 1 973psu.dat
1 0 0 32 0 1 0 0 0 1 0 0 0 1 3815.dat
1 15 -15.552 9 0 0.985 -0.17 0 0.155782 0.902617 0.400349 -0.0680593 -0.394344 0.916363 3818.dat
1 15 15.552 9 0 0.985 0.17 0 -0.17 0.985 0 0 0 1 3819.dat
1 0 -23.863 20.991 -16.504 0.985 -0.12019 0.12019 0.155782 0.921197 -0.355104 -0.0680593 0.369067 0.92667 3820.dat
1 0 23.8634 26.5956 -10.321 0.985 0.12019 -0.12019 -0.17 0.696395 -0.696395 0 0.707 0.707 3820.dat
1 0 -24.683 10.55 -34.781 0.985 -0.0874983 0.14567 0.155782 0.807626 -0.56738 -0.0680593 0.582249 0.809555 57899.dat
1 0 -33.843 37.75 -100.197 -0.122494 0.228863 0.965058 0.381621 0.908533 -0.166625 -0.915689 0.348023 -0.19854 32054.dat
1 15 0 44 0 1 0 0 0 1 0 0 0 1 3816.dat
1 15 0 44 0 1 0 0 0 1 0 0 0 1 3817.dat
0 
0
0 FILE Stass Allie.ldr
0 Stass Allie
0 Name: Stass Allie.ldr
0 Author: R Paluczak
0 Unofficial Model
0 ROTATION CENTER 0 0 0 1 "Custom" 
0 ROTATION CONFIG 0 0
1 19 0 -24 0 1 0 0 0 1 0 0 0 1 4530.dat
1 70 0 -24 0 1 0 0 0 1 0 0 0 1 3626bp01.dat
1 28 0 0 0 1 0 0 0 1 0 0 0 1 973.dat
1 28 0 32 0 1 0 0 0 1 0 0 0 1 3815.dat
1 28 -15.552 9 0 0.985 -0.17 0 0.17 0.985 0 0 0 1 3818.dat
1 28 15.552 9 0 0.985 0.17 0 -0.17 0.985 0 0 0 1 3819.dat
1 70 -23.8634 26.5956 -10.321 0.985 -0.12019 0.12019 0.17 0.696395 -0.696395 0 0.707 0.707 3820.dat
1 70 23.8634 26.5956 -10.321 0.985 0.12019 -0.12019 -0.17 0.696395 -0.696395 0 0.707 0.707 3820.dat
1 35 -23.1951 22.7236 -33.8217 0.985 -0.0874983 0.14567 0.17 0.506976 -0.844031 0 0.856884 0.514696 577c01.dat
1 19 0 44 0 1 0 0 0 1 0 0 0 1 3816.dat
1 19 0 44 0 1 0 0 0 1 0 0 0 1 3817.dat
0
0 FILE Part 1.ldr
0 Part 1
0 Name: Part 1.ldr
0 Author: R Paluczak
0 Unofficial Model
0 ROTATION CENTER 0 0 0 1 "Custom" 
0 ROTATION CONFIG 0 0
1 47 -50 8 0 1 0 0 0 1 0 0 0 1 6143.dat
1 0 -50 0 0 1 0 0 0 1 0 0 0 1 30033.dat
1 0 -29.393 21.238 -19.193 0.662327 -0.247634 0.707107 0.350207 0.936672 0 -0.662327 0.247634 0.707107 part 2.ldr
1 0 -148.746 0.922 100.16 0.707107 0 0.707107 0 1 0 -0.707107 0 0.707107 Part 3.ldr
1 0 -70.607 21.238 19.193 -0.662327 0.247634 -0.707107 0.350207 0.936672 0 0.662327 -0.247634 -0.707107 part 2.ldr
1 0 48.746 0.922 -100.16 -0.707107 0 -0.707107 0 1 0 0.707107 0 -0.707107 Part 3.ldr
1 0 -69.193 21.238 -20.607 -0.662327 0.247634 0.707107 0.350207 0.936672 0 -0.662327 0.247634 -0.707107 part 2.ldr
1 0 50.16 0.922 98.746 -0.707107 0 0.707107 0 1 0 -0.707107 0 -0.707107 Part 3.ldr
1 72 -50 -8 0 1 0 0 0 1 0 0 0 1 4032b.dat
1 71 -50 -16 -10 1 0 0 0 1 0 0 0 1 48336.dat
1 71 -50 -16 -50 -1 0 0 0 1 0 0 0 -1 60470b.dat
1 72 -50 -24 -50 1 0 0 0 1 0 0 0 1 44567.dat
1 72 -50 -50.273 -49.089 1 0 0 0 0.707107 -0.707107 0 0.707107 0.707107 30377.dat
1 72 -50 -51 -52 1 0 0 0 0 1 0 -1 0 6190.dat
1 36 -30 -51 -60 1 0 0 0 0 1 0 -1 0 4073.dat
1 36 -70 -51 -60 1 0 0 0 0 1 0 -1 0 4073.dat
1 72 -50 -22 -80 -1 0 0 0 1 0 0 0 -1 30553.dat
1 72 -50 -22 -148 0 0 1 1 0 0 0 1 0 4589.dat
1 71 -50 -22 -110 0 0 1 0 1 0 -1 0 0 4519.dat
1 71 -60 -16 10 1 0 0 0 1 0 0 0 1 4073.dat
1 71 -40 -16 10 1 0 0 0 1 0 0 0 1 4073.dat
1 71 -50 -24 0 1 0 0 0 1 0 0 0 1 44358.dat
1 71 -50 -89 0 1 0 0 0 1 0 0 0 1 4592.dat
1 0 -50 -90 0 1 0 0 0 1 0 0 0 1 4593.dat
1 72 -50 -53 0 -1 0 0 0 -1 0 0 0 1 44359.dat
1 72 -50 -53 0 1 0 0 0 1 0 0 0 1 44359.dat
1 1 -50 -80 0 0 1 0 -1 0 0 0 0 1 4274.dat
1 0 -30.807 21.238 20.607 0.662327 -0.247634 -0.707107 0.350207 0.936672 0 0.662327 -0.247634 0.707107 part 2.ldr
1 0 -150.16 0.922 -98.746 0.707107 0 -0.707107 0 1 0 0.707107 0 0.707107 Part 3.ldr
0
0 FILE part 2.ldr
0 part 2
0 Name: part 2.ldr
0 Author: R Paluczak
0 Unofficial Model
0 ROTATION CENTER 0 0 0 1 "Custom" 
0 ROTATION CONFIG 0 0
1 71 -90 0 0 1 0 0 0 1 0 0 0 1 63868.dat
1 71 -90 8 0 -1 0 0 0 1 0 0 0 -1 63868.dat
0
0 FILE Part 3.ldr
0 Part 3
0 Name: Part 3.ldr
0 Author: R Paluczak
0 Unofficial Model
0 ROTATION CENTER 0 0 0 1 "Custom" 
0 ROTATION CONFIG 0 0
1 71 30 24 0 1 0 0 0 1 0 0 0 1 92280.dat
1 72 40 18 0 0 -0.382683 -0.92388 0 0.92388 -0.382683 1 0 0 30375.dat
0
0 FILE Part 4.ldr
0 Part 4
0 Name: Part 4.ldr
0 Author: R Paluczak
0 Unofficial Model
0 ROTATION CENTER 0 0 0 1 "Custom" 
0 ROTATION CONFIG 0 0
1 72 12 32 0 1 0 0 0 1 0 0 0 1 87083.dat
1 72 12 32 40 1 0 0 0 1 0 0 0 1 87083.dat
1 72 -70 32 20 0 1 0 0 0 1 1 0 0 88517.dat
1 72 -70 -4 20 0 0 -1 0 1 0 1 0 0 Part 8.ldr
1 4 -70 -50 20 0 0 -1 0 1 0 1 0 0 6143.dat
1 71 -70 -58 20 0 0 -1 0 1 0 1 0 0 45729.dat
1 72 -70 -66 20 0 0 -1 0 1 0 1 0 0 4032b.dat
1 72 -70 -123 20 0 -1 0 0 0 -1 1 0 0 32013.dat
1 71 -70 -122 10 0 1 0 0 0 -1 -1 0 0 61184.dat
1 71 -70 -122 10 -1 0 0 0 0 -1 0 -1 0 30374.dat
1 71 -70 -122 -70 -0.707107 0 -0.707107 0.707107 0 -0.707107 0 -1 0 577b.dat
1 72 -70 -122 -14 1 0 0 0 0 -1 0 1 0 4589.dat
1 72 -70 -122 -22 -1 0 0 0 0 -1 0 -1 0 4740.dat
1 0 -70 -80 20 0 0 -1 -1 0 0 0 1 0 6536.dat
0 SYNTH BEGIN HOSE_FLEXIBLE_8.5L 0
0 1 0 -70 -75.408 51.086 0 0 1 -0.92388 -0.382683 0 0.382683 -0.92388 0 LS02.dat
0 1 0 -70 -69.284 65.869 0 0 1 -0.92388 -0.382683 0 0.382683 -0.92388 0 LS02.dat
0 1 0 -70 -94 122 0 0 1 0 1 0 -1 0 0 LS02.dat
0 1 0 -70 -104 49 0 0 -1 -1 0 0 0 1 0 LS02.dat
0 1 0 -70 -104 32 0 0 -1 -1 0 0 0 1 0 LS02.dat
0 SYNTH SHOW
0 SYNTH SYNTHESIZED BEGIN
1 0 -70 -75.408 51.086 0 0 1 -0.9239 0.3827 0 0.3827 0.9239 0 755.dat
1 0 -70 -72.7471 57.5099 -0.0649 0 0.9979 -0.9219 0.3827 -0.06 0.3819 0.9239 0.0248 756.dat
1 0 -70 -71.253 61.1163 -0.1287 0 0.9917 -0.9162 0.3827 -0.1189 0.3795 0.9239 0.0493 756.dat
1 0 -70 -69.7579 64.7252 -0.192 0 0.9814 -0.9067 0.3827 -0.1774 0.3756 0.9239 0.0735 756.dat
1 0 -70 -68.3225 68.3504 -0.2545 0 0.9671 -0.9008 0.3637 -0.237 0.3518 0.9315 0.0926 756.dat
1 0 -70 -67.0347 72.0597 -0.3163 0 0.9487 -0.8998 0.3168 -0.3 0.3005 0.9485 0.1002 756.dat
1 0 -70 -65.9523 75.799 -0.3763 0 0.9265 -0.893 0.2664 -0.3627 0.2468 0.9639 0.1002 756.dat
1 0 -70 -65.0742 79.6083 -0.435 0 0.9004 -0.88 0.2119 -0.4251 0.1908 0.9773 0.0922 756.dat
1 0 -70 -64.4288 83.4429 -0.4916 0 0.8708 -0.8607 0.1523 -0.4859 0.1326 0.9883 0.0749 756.dat
1 0 -70 -64.0321 87.3254 -0.5464 0 0.8375 -0.8344 0.0863 -0.5444 0.0723 0.9963 0.0472 756.dat
1 0 -70 -63.914 91.2373 -0.5991 0 0.8007 -0.8006 0.013 -0.599 0.0104 0.9999 0.0078 756.dat
1 0 -70 -64.1104 95.1148 -0.6489 0 0.7608 -0.759 -0.0693 -0.6474 -0.0527 0.9976 -0.045 756.dat
1 0 -70 -64.6598 98.9941 -0.6966 0 0.7175 -0.708 -0.1619 -0.6874 -0.1161 0.9868 -0.1128 756.dat
1 0 -70 -65.5977 102.75 -0.7408 0 0.6717 -0.6476 -0.2654 -0.7142 -0.1783 0.9641 -0.1966 756.dat
1 0 -70 -66.9764 106.388 -0.7822 0 0.623 -0.5761 -0.3804 -0.7234 -0.237 0.9248 -0.2976 756.dat
1 0 -70 -68.8336 109.82 -0.8206 0 0.5715 -0.4937 -0.5038 -0.7088 -0.2879 0.8638 -0.4134 756.dat
1 0 -70 -71.1816 112.951 -0.8557 0 0.5175 -0.4027 -0.6279 -0.666 -0.3249 0.7783 -0.5373 756.dat
1 0 -70 -73.9567 115.635 -0.8868 0 0.4621 -0.3092 -0.7431 -0.5934 -0.3434 0.6691 -0.659 756.dat
1 0 -70 -77.1483 117.867 -0.9146 0 0.4043 -0.2193 -0.8401 -0.4961 -0.3397 0.5424 -0.7684 756.dat
1 0 -70 -80.656 119.595 -0.9387 0 0.3446 -0.1413 -0.9121 -0.3848 -0.3143 0.4099 -0.8562 756.dat
1 0 -70 -84.3595 120.815 -0.9589 0 0.2837 -0.0803 -0.9591 -0.2714 -0.2721 0.2831 -0.9197 756.dat
1 0 -70 -88.1693 121.572 -0.9751 0 0.2219 -0.0374 -0.9857 -0.1641 -0.2188 0.1683 -0.9611 756.dat
1 0 -70 -92.0421 121.926 -0.9872 0 0.1592 -0.0108 -0.9977 -0.0671 -0.1588 0.068 -0.985 756.dat
1 0 -70 -95.9462 121.888 -0.9954 0 0.0955 0.0032 -0.9994 0.0333 -0.0955 -0.0334 -0.9949 756.dat
1 0 -70 -99.7837 121.263 -0.9995 0 0.0316 0.0063 -0.9801 0.1982 -0.031 -0.1983 -0.9796 756.dat
1 0 -70 -103.373 119.793 -0.9995 0 -0.0324 -0.014 -0.9026 0.4302 0.0293 -0.4304 -0.9022 756.dat
1 0 -70 -106.37 117.339 -0.9953 0 -0.0965 -0.0664 -0.7259 0.6846 0.07 -0.6878 -0.7225 756.dat
1 0 -70 -108.455 114.119 -0.9872 0 -0.1595 -0.1395 -0.4851 0.8633 0.0774 -0.8745 -0.4789 756.dat
1 0 -70 -109.712 110.442 -0.975 0 -0.2224 -0.214 -0.2728 0.938 0.0607 -0.9621 -0.2659 756.dat
1 0 -70 -110.326 106.6 -0.9587 0 -0.2844 -0.2822 -0.1228 0.9515 0.0349 -0.9924 -0.1177 756.dat
1 0 -70 -110.504 102.704 -0.9385 0 -0.3452 -0.3451 -0.0223 0.9383 0.0077 -0.9998 -0.021 756.dat
1 0 -70 -110.386 98.8413 -0.9147 0 -0.4041 -0.4037 0.0459 0.9138 -0.0185 -0.9989 0.042 756.dat
1 0 -70 -110.065 94.9542 -0.887 0 -0.4618 -0.4598 0.0933 0.8831 -0.0431 -0.9956 0.0828 756.dat
1 0 -70 -109.599 91.04 -0.8552 0 -0.5183 -0.5141 0.126 0.8484 -0.0653 -0.992 0.1078 756.dat
1 0 -70 -109.044 87.2044 -0.8205 0 -0.5716 -0.5653 0.1481 0.8115 -0.0846 -0.989 0.1215 756.dat
1 0 -70 -108.42 83.3248 -0.7819 0 -0.6234 -0.6151 0.1621 0.7716 -0.1011 -0.9868 0.1268 756.dat
1 0 -70 -107.766 79.4827 -0.7404 0 -0.6721 -0.6624 0.1695 0.7297 -0.1139 -0.9855 0.1255 756.dat
1 0 -70 -107.106 75.6682 -0.6962 0 -0.7178 -0.7072 0.1711 0.686 -0.1228 -0.9852 0.1191 756.dat
1 0 -70 -106.443 71.7897 -0.6484 0 -0.7613 -0.7505 0.1674 0.6393 -0.1275 -0.9859 0.1086 756.dat
1 0 -70 -105.819 67.9522 -0.5985 0 -0.8011 -0.791 0.1584 0.5909 -0.1269 -0.9874 0.0948 756.dat
1 0 -70 -105.246 64.1004 -0.5461 0 -0.8377 -0.829 0.1438 0.5404 -0.1204 -0.9896 0.0785 756.dat
1 0 -70 -104.747 60.2196 -0.4911 0 -0.8711 -0.8645 0.1228 0.4874 -0.1069 -0.9924 0.0603 756.dat
1 0 -70 -104.352 56.3346 -0.4343 0 -0.9008 -0.8968 0.0943 0.4323 -0.085 -0.9955 0.041 756.dat
1 0 -70 -104.096 52.4352 -0.3756 0 -0.9268 -0.9253 0.057 0.375 -0.0528 -0.9984 0.0214 756.dat
1 0 -70 -104.011 48.5563 -0.3158 0 -0.9488 -0.9488 0.0117 0.3157 -0.0111 -0.9999 0.0037 756.dat
1 0 -70 -104 44.6561 -0.2544 0 -0.9671 -0.9671 -0 0.2544 0 -1 -0 756.dat
1 0 -70 -104 40.7538 -0.1919 0 -0.9814 -0.9814 -0 0.1919 0 -1 -0 756.dat
1 0 -70 -104 36.8506 -0.1286 0 -0.9917 -0.9917 -0 0.1286 0 -1 -0 756.dat
1 0 -70 -104 32.9458 -0.0648 0 -0.9979 -0.9979 -0 0.0648 0 -1 -0 756.dat
1 0 -70 -104 27 0 0 -1 -1 0 -0 0 1 0 755.dat
0 SYNTH SYNTHESIZED END
0 SYNTH SYNTHESIZED BEGIN
1 0 0 0 0 0 0 0 0 0 0 0 0 0 755.dat
0 SYNTH SYNTHESIZED END
0 SYNTH END
1 0 -70 -103 49 0 0 1 -1 0 0 0 -1 0 750.dat
1 0 -70 -69.284 65.869 0 0 1 -0.92388 -0.382683 0 0.382683 -0.92388 0 750.dat
1 1 -80 -80 40 -1 0 0 0 0.382683 0.92388 0 0.92388 -0.382683 4274.dat
1 71 -80 -80.383 39.076 0 1 0 0.92388 0 -0.382683 -0.382683 0 -0.92388 42446.dat
1 71 -70 -93 20 1 0 0 0 -1 0 0 0 -1 42446.dat
1 72 -70 60 30 0 0 1 0 -1 0 1 0 0 Part 7.ldr
1 72 -70 193 -10 0 0 1 0 -1 0 1 0 0 Part 9.ldr
0 MLCAD BTG Group name
1 72 -318.593 328 -134.149 0.707107 0 0.707107 0 1 0 -0.707107 0 0.707107 Part 6.ldr
0 MLCAD BTG Group name
1 72 -276.873 328 215.868 -0.707107 0 0.707107 0 1 0 -0.707107 0 -0.707107 Part 6.ldr
0 MLCAD BTG Group name
1 72 -235.73 52 104.259 0 0.707107 -0.707107 -1 0 0 0 0.707107 0.707107 40490.dat
0 MLCAD BTG Group name
1 72 -235.731 52 -65.447 0 -0.707107 -0.707107 -1 0 0 0 0.707107 -0.707107 40490.dat
1 0 40 32 20 1 0 0 0 0 -1 0 1 0 32184.dat
1 19 20 32 20 1 0 0 0 0 -1 0 1 0 32002.dat
1 71 25 32 40 0 -1 0 -1 0 0 0 0 -1 6632.dat
1 72 -152 32 40 -1 0 0 0 1 0 0 0 -1 87083.dat
1 72 -152 32 0 -1 0 0 0 1 0 0 0 -1 87083.dat
1 0 -180 32 20 -1 0 0 0 0 -1 0 -1 0 32184.dat
0 MLCAD BTG Group name
1 71 -179.798 52 19.898 -0.707107 0 0.707107 0 -1 0 0.707107 0 0.707107 44809.dat
0 MLCAD BTG Group name
1 71 -186.867 52 41.113 0.707107 0 0.707107 0 -1 0 0.707107 0 -0.707107 3673.dat
0 MLCAD BTG Group name
1 71 -186.868 52 -1.313 0.707107 0 -0.707107 0 -1 0 -0.707107 0 -0.707107 3673.dat
0 MLCAD BTG Group name
1 72 -235.281 21.993 103.813 -0.0892361 0.707107 -0.701453 -0.992005 0 0.126199 0.0892361 0.707107 0.701453 40490.dat
0 MLCAD BTG Group name
1 72 -235.309 22.123 -64.967 -0.0867941 -0.707102 -0.701812 -0.991999 -0.00349059 0.126198 -0.0916783 0.707102 -0.701095 40490.dat
0 MLCAD BTG Group name
1 71 -179.798 12 19.898 -0.707107 0 0.707107 0 -1 0 0.707107 0 0.707107 44809.dat
0 MLCAD BTG Group name
1 71 -186.867 12 41.113 0.707107 -0.0892361 0.701453 0 -0.992005 -0.126199 0.707107 0.0892361 -0.701453 3673.dat
0 MLCAD BTG Group name
1 71 -284.959 32.191 167.487 0.707107 -0.0892361 0.701453 0 -0.992005 -0.126199 0.707107 0.0892361 -0.701453 3673.dat
0 MLCAD BTG Group name
1 71 -285.865 52 168.392 0.707107 0 0.707107 0 -1 0 0.707107 0 -0.707107 3673.dat
0 MLCAD BTG Group name
1 71 -186.868 12 -1.313 0.707102 -0.0867941 -0.701812 0.00349059 -0.991999 0.126198 -0.707102 -0.0916783 -0.701095 3673.dat
0 MLCAD BTG Group name
1 71 -285.018 32.261 -127.631 0.707102 -0.0867941 -0.701812 0.00349059 -0.991999 0.126198 -0.707102 -0.0916783 -0.701095 3673.dat
0 MLCAD BTG Group name
1 71 -285.864 52 -128.593 0.707107 0 -0.707107 0 -1 0 -0.707107 0 -0.707107 3673.dat
1 19 -160 32 20 -1 0 0 0 0 -1 0 -1 0 32002.dat
0 MLCAD BTG Group name
1 1 -180 32 20 0 -0.707107 -0.707107 1 0 0 0 -0.707107 0.707107 6558.dat
1 71 -165 32 0 0 1 0 -1 0 0 0 0 1 6632.dat
0 MLCAD BTG Group name
1 71 -267.198 -19.172 209.022 0.0468627 -0.707107 0.705552 -0.997801 0 0.0662739 -0.0468627 -0.707107 -0.705552 Part 5.ldr
0 MLCAD BTG Group name
1 71 -311.745 -19.172 -124.473 0.0468627 0.707107 0.705552 -0.997801 0 0.0662739 0.0468627 -0.707107 0.705552 Part 5.ldr
0 GROUP 19 Group name
1 72 178.884 328 174.202 -0.707107 0 -0.707107 0 1 0 0.707107 0 -0.707107 Part 6.ldr
1 72 137.164 328 -175.815 0.707107 0 -0.707107 0 1 0 0.707107 0 0.707107 Part 6.ldr
1 72 96.021 52 -64.206 0 -0.707107 0.707107 -1 0 0 0 -0.707107 -0.707107 40490.dat
1 72 96.022 52 105.5 0 0.707107 0.707107 -1 0 0 0 -0.707107 0.707107 40490.dat
1 71 40.089 52 20.155 0.707107 0 -0.707107 0 -1 0 -0.707107 0 -0.707107 44809.dat
1 71 47.158 52 -1.06 -0.707107 0 -0.707107 0 -1 0 -0.707107 0 0.707107 3673.dat
1 71 47.159 52 41.366 -0.707107 0 0.707107 0 -1 0 0.707107 0 0.707107 3673.dat
1 72 95.572 21.993 -63.76 0.0892361 -0.707107 0.701453 -0.992005 0 0.126199 -0.0892361 -0.707107 -0.701453 40490.dat
1 72 95.6 22.123 105.02 0.0867941 0.707102 0.701812 -0.991999 -0.00349059 0.126198 0.0916783 -0.707102 0.701095 40490.dat
1 71 40.089 12 20.155 0.707107 0 -0.707107 0 -1 0 -0.707107 0 -0.707107 44809.dat
1 71 47.158 12 -1.06 -0.707107 0.0892361 -0.701453 0 -0.992005 -0.126199 -0.707107 -0.0892361 0.701453 3673.dat
1 71 145.25 32.191 -127.434 -0.707107 0.0892361 -0.701453 0 -0.992005 -0.126199 -0.707107 -0.0892361 0.701453 3673.dat
1 71 146.156 52 -128.339 -0.707107 0 -0.707107 0 -1 0 -0.707107 0 0.707107 3673.dat
1 71 47.159 12 41.366 -0.707102 0.0867941 0.701812 0.00349059 -0.991999 0.126198 0.707102 0.0916783 0.701095 3673.dat
1 71 145.309 32.261 167.684 -0.707102 0.0867941 0.701812 0.00349059 -0.991999 0.126198 0.707102 0.0916783 0.701095 3673.dat
1 71 146.155 52 168.646 -0.707107 0 0.707107 0 -1 0 0.707107 0 0.707107 3673.dat
1 1 40.291 32 20.053 0 0.707107 0.707107 1 0 0 0 0.707107 -0.707107 6558.dat
1 71 127.489 -19.172 -168.969 -0.0468627 0.707107 -0.705552 -0.997801 0 0.0662739 0.0468627 0.707107 0.705552 Part 5.ldr
1 71 172.036 -19.172 164.526 -0.0468627 -0.707107 -0.705552 -0.997801 0 0.0662739 -0.0468627 0.707107 -0.705552 Part 5.ldr
0
0 FILE Part 5.ldr
0 Part 5
0 Name: Part 5.ldr
0 Author: R Paluczak
0 Unofficial Model
0 ROTATION CENTER 0 0 0 1 "Custom" 
0 ROTATION CONFIG 0 0
1 0 -20 32 0 1 0 0 0 1 0 0 0 1 3707.dat
1 71 -230 32 0 1 0 0 0 1 0 0 0 1 60485.dat
1 0 -330 32 0 0 0 -1 -1 0 0 0 1 0 32013.dat
1 71 -275 32 0 0 0 -1 0 1 0 1 0 0 32123b.dat
0 SYNTH BEGIN TECHNIC_RIBBED_HOSE 135
0 1 71 -270 32 0 0 -1 0 0 0 -1 1 0 0 LS02.dat
0 1 71 -160 32 0 0 -1 0 0 0 -1 1 0 0 LS02.dat
0 SYNTH SHOW
0 SYNTH SYNTHESIZED BEGIN
1 135 -267.5 32 0 0 -1 0 1 0 0 0 0 1 79.dat
1 135 -261.992 32 0 0 1 0 1 0 0 0 0 1 80.dat
1 135 -256.481 32 0 0 1 0 1 0 0 0 0 1 80.dat
1 135 -250.98 32 0 0 1 0 1 0 0 0 0 1 80.dat
1 135 -245.475 32 0 0 1 0 1 0 0 0 0 1 80.dat
1 135 -239.965 32 0 0 1 0 1 0 0 0 0 1 80.dat
1 135 -234.46 32 0 0 1 0 1 0 0 0 0 1 80.dat
1 135 -228.948 32 0 0 1 0 1 0 0 0 0 1 80.dat
1 135 -223.443 32 0 0 1 0 1 0 0 0 0 1 80.dat
1 135 -217.94 32 0 0 1 0 1 0 0 0 0 1 80.dat
1 135 -212.439 32 0 0 1 0 1 0 0 0 0 1 80.dat
1 135 -206.938 32 0 0 1 0 1 0 0 0 0 1 80.dat
1 135 -201.433 32 0 0 1 0 1 0 0 0 0 1 80.dat
1 135 -195.924 32 0 0 1 0 1 0 0 0 0 1 80.dat
1 135 -190.423 32 0 0 1 0 1 0 0 0 0 1 80.dat
1 135 -184.916 32 0 0 1 0 1 0 0 0 0 1 80.dat
1 135 -179.404 32 0 0 1 0 1 0 0 0 0 1 80.dat
1 135 -173.9 32 0 0 1 0 1 0 0 0 0 1 80.dat
1 135 -168.387 32 0 0 1 0 1 0 0 0 0 1 79.dat
1 135 -162.387 32 0 0 1 0 1 0 0 0 0 1 79.dat
0 SYNTH SYNTHESIZED END
0 SYNTH SYNTHESIZED BEGIN
0 SYNTH SYNTHESIZED END
0 SYNTH SYNTHESIZED BEGIN
0 SYNTH SYNTHESIZED END
0 SYNTH END
1 71 -290 32 0 0 0 -1 0 1 0 1 0 0 42610.dat
1 0 20 32 0 0 0 -1 0 1 0 1 0 0 4716.dat
1 71 -20 32 0 1 0 0 0 0 1 0 -1 0 62462.dat
1 4 -120 32 0 1 0 0 0 1 0 0 0 1 32062.dat
1 72 60 32 0 0 0 1 0 1 0 -1 0 0 59443.dat
1 70 -100 32 0 0 0 -1 0 1 0 1 0 0 59443.dat
1 72 -60 32 0 -1 0 0 0 1 0 0 0 -1 41678.dat
1 71 80 32 0 -1 0 0 0 1 0 0 0 -1 2736.dat
1 72 -140 32 0 0 0 1 0 1 0 -1 0 0 59443.dat
0 
0
0 FILE Part 6.ldr
0 Part 6
0 Name: Part 6.ldr
0 Author: R Paluczak
0 Unofficial Model
0 ROTATION CENTER 0 0 0 1 "Custom" 
0 ROTATION CONFIG 0 0
1 71 30 16 0 1 0 0 0 1 0 0 0 1 60474.dat
1 71 30 8 30 -1 0 0 0 1 0 0 0 -1 85984.dat
1 0 20 2 0 0 0 1 0 1 0 -1 0 0 2780.dat
1 0 40 2 0 0 0 1 0 1 0 -1 0 0 2780.dat
1 72 30 8 30 -1 0 0 0 1 0 0 0 -1 44567.dat
1 71 30 8 -30 1 0 0 0 1 0 0 0 1 85984.dat
1 72 30 8 -30 1 0 0 0 1 0 0 0 1 44567.dat
1 72 50 8 10 -1 0 0 0 1 0 0 0 -1 11458.dat
1 72 30 -18 -10 -1 0 0 0 0 -1 0 -1 0 41678.dat
1 4 30 -18 -10 -1 0 0 0 0 -1 0 -1 0 32062.dat
1 72 10 8 10 1 0 0 0 1 0 0 0 1 11458.dat
0
0 FILE Part 7.ldr
0 Part 7
0 Name: Part 7.ldr
0 Author: R Paluczak
0 Unofficial Model
0 ROTATION CENTER 0 0 0 1 "Custom" 
0 ROTATION CONFIG 0 0
1 71 -10 8 0 1 0 0 0 1 0 0 0 1 11213.dat
1 71 -10 -63 0 1 0 0 0 1 0 0 0 1 45729.dat
1 71 20 -48 -10 0 0 -1 0 1 0 1 0 0 6005.dat
1 71 20 -48 10 0 0 -1 0 1 0 1 0 0 6005.dat
1 71 0 -48 30 -1 0 0 0 1 0 0 0 -1 6005.dat
1 71 -20 -48 30 -1 0 0 0 1 0 0 0 -1 6005.dat
1 71 -40 -48 10 0 0 1 0 1 0 -1 0 0 6005.dat
1 71 -40 -48 -10 0 0 1 0 1 0 -1 0 0 6005.dat
1 71 -20 -48 -30 1 0 0 0 1 0 0 0 1 6005.dat
1 71 0 -48 -30 1 0 0 0 1 0 0 0 1 6005.dat
1 72 20 -48 -30 1 0 0 0 1 0 0 0 1 88293.dat
1 72 20 -48 30 0 0 -1 0 1 0 1 0 0 88293.dat
1 72 -40 -48 30 -1 0 0 0 1 0 0 0 -1 88293.dat
1 72 -40 -48 -30 0 0 1 0 1 0 -1 0 0 88293.dat
1 4 -10 0 0 1 0 0 0 1 0 0 0 1 4032b.dat
1 0 40 0 0 1 0 0 0 1 0 0 0 1 3021.dat
1 0 -60 0 0 1 0 0 0 1 0 0 0 1 3021.dat
1 72 -10 0 -50 1 0 0 0 1 0 0 0 1 2419.dat
1 72 -10 0 50 -1 0 0 0 1 0 0 0 -1 2419.dat
1 4 -40 -8 0 0 0 1 0 1 0 -1 0 0 3023.dat
1 4 20 -8 0 0 0 1 0 1 0 -1 0 0 3023.dat
1 15 -10 -8 0 0 0 1 0 1 0 -1 0 0 3709b.dat
1 70 -10 -28 0 0 -1 0 0 0 1 -1 0 0 59443.dat
1 0 -10 73 0 0 0 1 1 0 0 0 1 0 3737.dat
1 0 -10 -69 0 0 0 1 1 0 0 0 1 0 3705.dat
1 0 -10 -63 0 0 0 1 0 -1 0 1 0 0 2723.dat
1 0 -10 -73 0 0 0 1 0 -1 0 1 0 0 2723.dat
1 0 -10 -83 0 0 0 1 0 -1 0 1 0 0 2723.dat
1 1 -40 -32 0 0 0 1 0 1 0 -1 0 0 3004.dat
1 1 20 -32 0 0 0 1 0 1 0 -1 0 0 3004.dat
1 1 -10 -32 30 -1 0 0 0 1 0 0 0 -1 3004.dat
1 1 -10 -32 -30 -1 0 0 0 1 0 0 0 -1 3004.dat
0
0 FILE Part 8.ldr
0 Part 8
0 Name: Part 8.ldr
0 Author: R Paluczak
0 Unofficial Model
0 ROTATION CENTER 0 0 0 1 "Custom" 
0 ROTATION CONFIG 0 0
1 71 0 16 0 1 0 0 0 1 0 0 0 1 11213.dat
1 0 0 8 0 1 0 0 0 1 0 0 0 1 3738.dat
0 MLCAD BTG Group name
1 0 -77.865 -12.172 0 0 0.786396 0.617722 0 0.617722 -0.786396 -1 0 0 6134.dat
0 MLCAD BTG Group name
1 0 -77.978 -24.982 10 0.617722 0.786396 0 -0.786396 0.617722 0 0 0 1 3023.dat
0 MLCAD BTG Group name
1 0 -77.978 -24.982 -10 0.617722 0.786396 0 -0.786396 0.617722 0 0 0 1 3794b.dat
0 MLCAD BTG Group name
1 36 -84.267 -29.925 -10 0.617722 0.786396 0 -0.786396 0.617722 0 0 0 1 4073.dat
0 MLCAD BTG Group name
1 36 -90.445 -22.061 10 0.617722 0.786396 0 -0.786396 0.617722 0 0 0 1 4073.dat
0 MLCAD BTG Group name
1 36 -78.095 -37.787 10 0.617722 0.786396 0 -0.786396 0.617722 0 0 0 1 4073.dat
0 GROUP 6 Group name
1 72 0 8 -50 1 0 0 0 1 0 0 0 1 2419.dat
1 72 0 8 50 -1 0 0 0 1 0 0 0 -1 2419.dat
1 72 -30 -40 30 -1 0 0 0 1 0 0 0 -1 88293.dat
1 72 30 -40 30 0 0 -1 0 1 0 1 0 0 88293.dat
1 72 30 -40 -30 1 0 0 0 1 0 0 0 1 88293.dat
1 72 -30 -40 -30 0 0 1 0 1 0 -1 0 0 88293.dat
1 72 -70 -16 0 0 0 1 0 1 0 -1 0 0 3937.dat
1 72 -70 -6 0 0 0.786396 0.617722 0 0.617722 -0.786396 -1 0 0 Her.dat
1 4 -40 -16 0 0 0 1 0 1 0 -1 0 0 3003.dat
1 1 30 -24 0 0 0 1 0 1 0 -1 0 0 3004.dat
1 71 30 -40 10 0 0 -1 0 1 0 1 0 0 6005.dat
1 71 30 -40 -10 0 0 -1 0 1 0 1 0 0 6005.dat
1 71 10 -40 -30 1 0 0 0 1 0 0 0 1 6005.dat
1 71 -10 -40 -30 1 0 0 0 1 0 0 0 1 6005.dat
1 71 -10 -40 30 -1 0 0 0 1 0 0 0 -1 6005.dat
1 71 10 -40 30 -1 0 0 0 1 0 0 0 -1 6005.dat
1 1 0 -24 30 1 0 0 0 1 0 0 0 1 3004.dat
1 1 0 -24 -30 1 0 0 0 1 0 0 0 1 3004.dat
1 4 30 0 0 0 0 1 0 1 0 -1 0 0 3023.dat
1 15 0 0 0 0 0 1 0 1 0 -1 0 0 3709b.dat
1 72 -50 -32 0 0 0 -1 0 1 0 1 0 0 47457.dat
0 
0 
0
0 FILE Part 9.ldr
0 Part 9
0 Name: Part 9.ldr
0 Author: R Paluczak
0 Unofficial Model
0 ROTATION CENTER 0 0 0 1 "Custom" 
0 ROTATION CONFIG 0 0
1 72 0 24 0 1 0 0 0 1 0 0 0 1 11203.dat
1 72 0 16 -10 1 0 0 0 1 0 0 0 1 2540.dat
1 72 0 16 10 -1 0 0 0 1 0 0 0 -1 2540.dat
1 72 -20 8 0 -1 0 0 0 1 0 0 0 -1 2444.dat
1 72 -60 19 0 0 0 1 0 1 0 -1 0 0 59443.dat
1 72 -104 19 0 0 -1 0 0 0 1 -1 0 0 4740.dat
1 71 10 8 0 0 0 -1 0 1 0 1 0 0 60471.dat
1 71 0 0 0 0 0 -1 0 1 0 1 0 0 87580.dat
1 1 -40 19.708 0.708 -1 0 0 0 0.707107 0.707107 0 0.707107 -0.707107 43093.dat
1 1 -80 19.708 0.708 1 0 0 0 0.707107 -0.707107 0 0.707107 0.707107 43093.dat
1 1 -80 4.857 14.143 1 0 0 0 0.707107 -0.707107 0 0.707107 0.707107 4274.dat
0 MLCAD BTG Group name
1 0 -64 4.857 14.143 0 -1 0 0.707107 0 -0.707107 0.707107 0 0.707107 750.dat
0 SYNTH BEGIN HOSE_FLEXIBLE_8.5L 0
0 1 0 -80 4.857 14.143 0 -1 0 0.707107 0 -0.707107 0.707107 0 0.707107 LS02.dat
0 1 0 -64 4.857 14.143 0 -1 0 0.707107 0 -0.707107 0.707107 0 0.707107 LS02.dat
0 1 0 -34 -35 13 0 -0.92388 0.382683 1 0 0 0 0.382683 0.92388 LS02.dat
0 1 0 0 0 0 -1 0 0 0 -1 0 0 0 1 LS02.dat
0 1 0 0 -16 0 -1 0 0 0 -1 0 0 0 1 LS02.dat
0 SYNTH SHOW
0 SYNTH SYNTHESIZED BEGIN
0 MLCAD BTG Group name
1 0 -80 4.857 14.143 0 1 0 0.7071 0 -0.7071 0.7071 0 0.7071 755.dat
0 MLCAD BTG Group name
1 0 -73.0471 4.857 14.143 0 1 0 0.7369 0 -0.676 0.676 0 0.7369 756.dat
0 MLCAD BTG Group name
1 0 -69.9455 4.857 14.143 0 1 0 0.7593 0 -0.6508 0.6508 0 0.7593 756.dat
0 MLCAD BTG Group name
1 0 -66.8514 4.857 14.143 0 1 0 0.7807 0 -0.6249 0.6249 0 0.7807 756.dat
0 MLCAD BTG Group name
1 0 -63.7511 4.8545 14.1435 0.0006 1 -0.0006 0.8014 -0.0008 -0.5982 0.5982 0.0002 0.8014 756.dat
0 MLCAD BTG Group name
1 0 -60.6542 4.5758 14.2011 0.0653 0.9955 -0.0687 0.8181 -0.0928 -0.5675 0.5713 0.0192 0.8205 756.dat
0 MLCAD BTG Group name
1 0 -57.6927 3.7166 14.3735 0.2073 0.9573 -0.2017 0.8098 -0.2835 -0.5136 0.5489 0.0569 0.834 756.dat
0 MLCAD BTG Group name
1 0 -55.0299 2.1488 14.6754 0.3885 0.8531 -0.3482 0.75 -0.5123 -0.4184 0.5353 0.0986 0.8389 756.dat
0 MLCAD BTG Group name
1 0 -52.9081 -0.053 15.0774 0.5639 0.6825 -0.4649 0.6322 -0.719 -0.2887 0.5314 0.1311 0.8369 756.dat
0 MLCAD BTG Group name
1 0 -51.3531 -2.6717 15.525 0.6898 0.5001 -0.5235 0.4944 -0.8536 -0.164 0.5289 0.1457 0.8361 756.dat
0 MLCAD BTG Group name
1 0 -50.2494 -5.5143 15.9735 0.7665 0.3541 -0.5358 0.3758 -0.9238 -0.0729 0.5208 0.1455 0.8412 756.dat
0 MLCAD BTG Group name
1 0 -49.4571 -8.4737 16.3965 0.8134 0.2532 -0.5237 0.2871 -0.9578 -0.0171 0.5059 0.1365 0.8517 756.dat
0 MLCAD BTG Group name
1 0 -48.856 -11.5123 16.7797 0.8449 0.1902 -0.5 0.2258 -0.9741 0.011 0.4849 0.1222 0.866 756.dat
0 MLCAD BTG Group name
1 0 -48.3678 -14.5452 17.1019 0.8679 0.1572 -0.4711 0.1875 -0.9821 0.0178 0.4599 0.1038 0.8819 756.dat
0 MLCAD BTG Group name
1 0 -47.9064 -17.5867 17.3525 0.886 0.1494 -0.439 0.1696 -0.9855 0.0069 0.4316 0.0805 0.8984 756.dat
0 MLCAD BTG Group name
1 0 -47.3891 -20.658 17.5148 0.8998 0.1666 -0.4033 0.1729 -0.9847 -0.0209 0.4007 0.0509 0.9148 756.dat
0 MLCAD BTG Group name
1 0 -46.7353 -23.6904 17.5565 0.9074 0.2123 -0.3627 0.2017 -0.9771 -0.0672 0.3686 0.0121 0.9295 756.dat
0 MLCAD BTG Group name
1 0 -45.8337 -26.6395 17.4366 0.9032 0.2945 -0.3122 0.2643 -0.9548 -0.136 0.3381 -0.0403 0.9402 756.dat
0 MLCAD BTG Group name
1 0 -44.5357 -29.4196 17.096 0.8729 0.4241 -0.2411 0.3726 -0.8986 -0.2316 0.3149 -0.1124 0.9425 756.dat
0 MLCAD BTG Group name
1 0 -42.6985 -31.8332 16.4738 0.79 0.5985 -0.1333 0.5284 -0.7748 -0.347 0.3109 -0.2037 0.9283 756.dat
0 MLCAD BTG Group name
1 0 -40.3354 -33.5863 15.5754 0.6357 0.7718 0.0141 0.6944 -0.5637 -0.4472 0.3372 -0.2941 0.8943 756.dat
0 MLCAD BTG Group name
1 0 -37.6162 -34.6031 14.4863 0.4465 0.8796 0.1642 0.8098 -0.3192 -0.4922 0.3805 -0.3528 0.8548 756.dat
0 MLCAD BTG Group name
1 0 -34.7896 -34.9752 13.3265 0.2799 0.9189 0.2781 0.8648 -0.1155 -0.4887 0.417 -0.3772 0.8269 756.dat
0 MLCAD BTG Group name
1 0 -31.9198 -34.971 12.1415 0.172 0.9243 0.3408 0.8866 0.0055 -0.4624 0.4293 -0.3817 0.8185 756.dat
0 MLCAD BTG Group name
1 0 -29.0562 -34.8375 10.9691 0.1267 0.9246 0.3593 0.9008 0.0444 -0.4319 0.4153 -0.3784 0.8272 756.dat
0 MLCAD BTG Group name
1 0 -26.2051 -34.573 9.8139 0.0772 0.9233 0.3761 0.9122 0.0869 -0.4005 0.4025 -0.374 0.8355 756.dat
0 MLCAD BTG Group name
1 0 -23.3392 -34.1508 8.6653 0.0196 0.9195 0.3927 0.9198 0.1374 -0.3676 0.392 -0.3683 0.843 756.dat
0 MLCAD BTG Group name
1 0 -20.535 -33.5481 7.5548 -0.0473 0.9115 0.4086 0.9217 0.1975 -0.3338 0.385 -0.3608 0.8495 756.dat
0 MLCAD BTG Group name
1 0 -17.7439 -32.719 6.4634 -0.1258 0.897 0.4237 0.9158 0.2692 -0.2981 0.3814 -0.3506 0.8553 756.dat
0 MLCAD BTG Group name
1 0 -15.0337 -31.6332 5.4182 -0.216 0.873 0.4372 0.8986 0.3529 -0.2607 0.3819 -0.3365 0.8608 756.dat
0 MLCAD BTG Group name
1 0 -12.4558 -30.2586 4.4388 -0.3182 0.8355 0.448 0.8657 0.4487 -0.2218 0.3863 -0.3173 0.8661 756.dat
0 MLCAD BTG Group name
1 0 -10.0208 -28.55 3.5282 -0.4292 0.7805 0.4545 0.8132 0.5529 -0.1815 0.393 -0.2917 0.8721 756.dat
0 MLCAD BTG Group name
1 0 -7.8345 -26.5288 2.7243 -0.5418 0.7067 0.455 0.7394 0.6582 -0.1417 0.3996 -0.2597 0.8791 756.dat
0 MLCAD BTG Group name
1 0 -5.9174 -24.1996 2.0317 -0.6474 0.6164 0.4483 0.647 0.7554 -0.1042 0.4028 -0.2225 0.8878 756.dat
0 MLCAD BTG Group name
1 0 -4.3074 -21.6181 1.4603 -0.7379 0.5168 0.434 0.5437 0.8362 -0.0714 0.3998 -0.1833 0.8981 756.dat
0 MLCAD BTG Group name
1 0 -2.9955 -18.8321 1.0028 -0.8093 0.4176 0.4131 0.44 0.8969 -0.0448 0.3892 -0.1455 0.9096 756.dat
0 MLCAD BTG Group name
1 0 -1.9826 -15.9394 0.6558 -0.8623 0.3257 0.3877 0.3434 0.9389 -0.0251 0.3722 -0.1115 0.9214 756.dat
0 MLCAD BTG Group name
1 0 -1.2114 -12.9357 0.3961 -0.9007 0.2448 0.3589 0.258 0.9661 -0.0114 0.3495 -0.0824 0.9333 756.dat
0 MLCAD BTG Group name
1 0 -0.6668 -9.9162 0.2157 -0.928 0.1755 0.3286 0.1848 0.9828 -0.0029 0.3234 -0.0581 0.9445 756.dat
0 MLCAD BTG Group name
1 0 -0.2981 -6.8318 0.0954 -0.9478 0.1165 0.2967 0.1225 0.9925 0.0017 0.2943 -0.0379 0.955 756.dat
0 MLCAD BTG Group name
1 0 -0.0859 -3.7398 0.0273 -0.9621 0.0668 0.2643 0.0701 0.9975 0.003 0.2635 -0.0214 0.9644 756.dat
0 MLCAD BTG Group name
1 0 -0.0043 -0.6349 0.0014 -0.9725 0.0248 0.2315 0.0259 0.9997 0.0019 0.2314 -0.0078 0.9728 756.dat
0 MLCAD BTG Group name
1 0 0.0096 -3.5359 -0.0029 0.9162 0.0037 0.4007 0.0039 -1 0.0004 -0.4007 -0.0011 0.9162 756.dat
0 MLCAD BTG Group name
1 0 0.0002 -3.9785 -0 0.9143 0.0001 0.4051 0.0001 -1 0 -0.4051 -0 0.9143 756.dat
0 MLCAD BTG Group name
1 0 0.0002 -6.0832 -0 0.9047 0.0001 0.426 0.0001 -1 0 -0.426 -0 0.9047 756.dat
0 MLCAD BTG Group name
1 0 0.0002 -9.1465 -0 0.89 0.0001 0.4559 0.0001 -1 0 -0.4559 -0 0.89 756.dat
0 MLCAD BTG Group name
1 0 0.0002 -12.2441 -0 0.8742 0.0001 0.4856 0.0001 -1 0 -0.4856 -0 0.8742 756.dat
0 MLCAD BTG Group name
1 0 0.0002 -15.3874 -0 0.857 0.0001 0.5152 0.0001 -1 0 -0.5152 -0 0.857 756.dat
0 MLCAD BTG Group name
1 0 -0.0002 -14.1746 0.0001 -0.9999 -0.0001 0.0128 -0.0001 1 -0 0.0128 0 0.9999 756.dat
0 MLCAD BTG Group name
1 0 -0.0003 -11 0.0002 -1 0.0001 0 -0.0001 -1 -0 -0 -0 1 755.dat
0 GROUP 52 Group name
0 SYNTH SYNTHESIZED END
0 SYNTH END
1 0 0 -16 0 1 0 0 0 1 0 0 0 1 750.dat
0 MLCAD BTG Group name
1 71 -90 19 0 0 1 0 -0.707107 0 -0.707107 -0.707107 0 0.707107 60483.dat
1 71 -160 19 0 0 1 0 -0.707107 0 -0.707107 -0.707107 0 0.707107 30374.dat
1 71 -161 19 0 0 -1 0 0.707107 0 0.707107 -0.707107 0 0.707107 577b.dat
1 72 30 20 0 0 -1 0 0 0 1 -1 0 0 30552.dat
0 
0 
0
0
