0 FILE Hoth Rebel Base.ldr
0 Hoth Rebel Base
0 Name: Hoth Rebel Base.ldr
0 Author: R Paluczak
0 Unofficial Model
0 ROTATION CENTER 0 0 0 1 "Custom" 
0 ROTATION CONFIG 0 0
1 15 0 0 0 1 0 0 0 1 0 0 0 1 3029.dat
1 15 0 -8 10 1 0 0 0 1 0 0 0 1 2431.dat
0 MLCAD BTG Group name
1 15 -398.814 -32 53.909 0.83147 0 0.55557 0 1 0 -0.55557 0 0.83147 2431.dat
0 MLCAD BTG Group name
1 15 -537.368 -8 170.539 0.83147 0 0.55557 0 1 0 -0.55557 0 0.83147 2431.dat
0 MLCAD BTG Group name
1 15 -504.033 -8 220.428 0.83147 0 0.55557 0 1 0 -0.55557 0 0.83147 2431.dat
0 MLCAD BTG Group name
1 72 -495.756 -8 178.818 0.55557 0 -0.83147 0 1 0 0.83147 0 0.55557 3069b.dat
0 MLCAD BTG Group name
1 72 -578.904 -48 234.375 0.55557 0 -0.83147 0 1 0 0.83147 0 0.55557 3069b.dat
0 MLCAD BTG Group name
1 72 -462.497 -48 156.595 0.55557 0 -0.83147 0 1 0 0.83147 0 0.55557 3069b.dat
0 MLCAD BTG Group name
1 72 -548.48 -48 153.911 -0.83147 0 -0.55557 0 1 0 0.55557 0 -0.83147 3069b.dat
0 MLCAD BTG Group name
1 72 -492.922 -48 237.058 -0.83147 0 -0.55557 0 1 0 0.55557 0 -0.83147 3069b.dat
0 MLCAD BTG Group name
1 0 -520.7 -8 195.484 0.55557 0 -0.83147 0 1 0 0.83147 0 0.55557 3680.dat
0 MLCAD BTG Group name
1 71 -520.701 -8 195.484 0.55557 0 -0.83147 0 1 0 0.83147 0 0.55557 3679.dat
0 MLCAD BTG Group name
1 0 -495.756 -16 178.818 0.55557 0 -0.83147 0 1 0 0.83147 0 0.55557 2419.dat
0 MLCAD BTG Group name
1 0 -545.645 -16 212.151 -0.55557 0 0.83147 0 1 0 -0.83147 0 -0.55557 2419.dat
0 MLCAD BTG Group name
1 71 -492.922 -24 237.058 0.83147 0 0.55557 0 1 0 -0.55557 0 0.83147 3023.dat
0 MLCAD BTG Group name
1 71 -548.48 -24 153.911 0.83147 0 0.55557 0 1 0 -0.55557 0 0.83147 3023.dat
0 MLCAD BTG Group name
1 72 -548.48 -32 153.911 0.83147 0 0.55557 0 1 0 -0.55557 0 0.83147 2540.dat
0 MLCAD BTG Group name
1 72 -492.922 -32 237.058 -0.83147 0 -0.55557 0 1 0 0.55557 0 -0.83147 2540.dat
0 MLCAD BTG Group name
1 14 -492.922 -48 237.058 0.83147 0 0.55557 0 1 0 -0.55557 0 0.83147 6081.dat
0 MLCAD BTG Group name
1 14 -548.48 -48 153.911 -0.83147 0 -0.55557 0 1 0 0.55557 0 -0.83147 6081.dat
0 MLCAD BTG Group name
1 14 -573.348 -48 242.689 0.55557 0 -0.83147 0 1 0 0.83147 0 0.55557 6091.dat
0 MLCAD BTG Group name
1 14 -584.458 -48 226.059 0.55557 0 -0.83147 0 1 0 0.83147 0 0.55557 6091.dat
0 MLCAD BTG Group name
1 14 -468.053 -48 148.281 -0.55557 0 0.83147 0 1 0 -0.83147 0 -0.55557 6091.dat
0 MLCAD BTG Group name
1 14 -456.942 -48 164.909 -0.55557 0 0.83147 0 1 0 -0.83147 0 -0.55557 6091.dat
1 15 399.704 -32 53.538 -0.83147 0 0.55557 0 1 0 -0.55557 0 -0.83147 2431.dat
1 15 529.904 -32 200.669 -0.55557 0 -0.83147 0 1 0 0.83147 0 -0.55557 2431.dat
1 15 513.274 -120 189.558 -0.55557 0 -0.83147 0 1 0 0.83147 0 -0.55557 2431.dat
1 72 513.274 -32 189.558 -0.55557 0 -0.83147 0 1 0 0.83147 0 -0.55557 3710.dat
1 71 502.163 -40 206.187 -0.55557 0 -0.83147 0 1 0 0.83147 0 -0.55557 3023.dat
1 71 603.812 -40 151.856 -1 0 0 0 1 0 0 0 -1 3023.dat
1 40 513.274 -112 189.558 -0.55557 0 -0.83147 0 1 0 0.83147 0 -0.55557 4215a.dat
0 WRITE Sticker Missing
1 15 583.813 -120 151.855 -1 0 0 0 1 0 0 0 -1 2431.dat
1 40 583.813 -112 151.855 -1 0 0 0 1 0 0 0 -1 4215a.dat
0 WRITE Sticker Missing
1 19 543.812 -40 161.855 -1 0 0 0 1 0 0 0 -1 2429.dat
1 19 543.812 -40 161.855 -0.55557 0 -0.83147 0 1 0 0.83147 0 -0.55557 2430.dat
1 72 -120 -8 10 1 0 0 0 1 0 0 0 1 4162.dat
1 72 -280 -8 10 1 0 0 0 1 0 0 0 1 4162.dat
1 72 -220 -8 30 1 0 0 0 1 0 0 0 1 4477.dat
1 72 -180 -16 30 -1 0 0 0 1 0 0 0 -1 2540.dat
1 72 180 -16 30 -1 0 0 0 1 0 0 0 -1 2540.dat
1 72 220 -8 30 1 0 0 0 1 0 0 0 1 4477.dat
1 19 -260 -16 30 1 0 0 0 1 0 0 0 1 3666.dat
1 71 -240 -24 30 1 0 0 0 1 0 0 0 1 4510.dat
1 71 -260 -56 30 1 0 0 0 1 0 0 0 1 3023.dat
1 71 -260 -232 30 1 0 0 0 1 0 0 0 1 3023.dat
1 71 -260 -200 30 -1 0 0 0 1 0 0 0 -1 2877.dat
1 15 -260 -176 30 1 0 0 0 1 0 0 0 1 2454.dat
1 15 -260 -224 30 1 0 0 0 1 0 0 0 1 32000.dat
1 71 260 -56 30 1 0 0 0 1 0 0 0 1 3023.dat
1 71 260 -232 30 1 0 0 0 1 0 0 0 1 3023.dat
1 71 260 -200 30 -1 0 0 0 1 0 0 0 -1 2877.dat
1 15 260 -176 30 1 0 0 0 1 0 0 0 1 2454.dat
1 15 260 -224 30 1 0 0 0 1 0 0 0 1 32000.dat
1 71 240 -24 30 1 0 0 0 1 0 0 0 1 4510.dat
1 19 260 -16 30 1 0 0 0 1 0 0 0 1 3666.dat
1 15 -360 -24 40 -1 0 0 0 1 0 0 0 -1 3831.dat
1 15 -330 -24 -20 -1 0 0 0 1 0 0 0 -1 3002.dat
1 15 330 -24 -20 -1 0 0 0 1 0 0 0 -1 3002.dat
1 15 -170 -24 -20 0 0 -1 0 1 0 1 0 0 30363.dat
1 15 -240 -168 -30 1 0 0 0 1 0 0 0 1 6083p01.dat
1 15 240 -168 -30 1 0 0 0 1 0 0 0 1 6083p01.dat
1 15 170 -24 -20 0 0 1 0 1 0 -1 0 0 30363.dat
1 15 -330 -48 -10 0 0 1 0 1 0 -1 0 0 3040b.dat
1 15 -270 -224 -10 0 0 1 0 1 0 -1 0 0 3040b.dat
1 15 70 -248 -10 0 0 1 0 1 0 -1 0 0 3040b.dat
1 15 -90 -256 -10 0 0 1 0 1 0 -1 0 0 3040b.dat
1 15 -170 -256 -10 0 0 1 0 1 0 -1 0 0 3040b.dat
1 15 230 -256 -10 0 0 1 0 1 0 -1 0 0 3040b.dat
1 71 -250 -214 10 0 0 1 0 1 0 -1 0 0 32073.dat
1 57 250 -214 -50 0 0 -1 -1 0 0 0 1 0 59900.dat
1 57 -250 -214 -50 0 0 -1 -1 0 0 0 1 0 59900.dat
1 0 250 -214 52 0 -1 0 -1 0 0 0 0 -1 32270.dat
1 0 -250 -214 52 0 -1 0 -1 0 0 0 0 -1 32270.dat
1 0 158 -64 8 -1 0 0 0 1 0 0 0 -1 Door1.ldr
1 0 -10 -96 8 -1 0 0 0 1 0 0 0 -1 Door2.ldr
1 71 -250 -214 10 1 0 0 0 1 0 0 0 1 3647.dat
1 71 250 -214 10 0 0 1 0 1 0 -1 0 0 32073.dat
1 71 250 -214 10 1 0 0 0 1 0 0 0 1 3647.dat
1 15 -310 -120 -10 0 0 1 0 1 0 -1 0 0 4460.dat
1 15 -290 -120 -10 1 0 0 0 1 0 0 0 1 3040b.dat
1 15 310 -120 -10 0 0 -1 0 1 0 1 0 0 4460.dat
1 15 -290 -192 -10 0 0 1 0 1 0 -1 0 0 4460.dat
1 15 290 -192 -10 0 0 -1 0 1 0 1 0 0 4460.dat
1 15 210 -168 -10 0 0 1 0 1 0 -1 0 0 3665.dat
1 15 -210 -168 -10 0 0 -1 0 1 0 1 0 0 3665.dat
1 15 -190 -192 -10 0 0 -1 0 1 0 1 0 0 4287.dat
1 15 190 -192 -10 0 0 1 0 1 0 -1 0 0 4287.dat
1 15 -270 -168 -10 0 0 -1 0 1 0 1 0 0 3005.dat
1 15 -240 -192 -10 -1 0 0 0 1 0 0 0 -1 3010.dat
1 15 -200 -224 -10 -1 0 0 0 1 0 0 0 -1 3010.dat
1 15 -200 -200 -10 -1 0 0 0 1 0 0 0 -1 4477.dat
1 15 -180 -232 -10 -1 0 0 0 1 0 0 0 -1 4477.dat
1 15 200 -200 -10 -1 0 0 0 1 0 0 0 -1 4477.dat
1 15 180 -232 -10 -1 0 0 0 1 0 0 0 -1 4477.dat
1 15 240 -192 -10 -1 0 0 0 1 0 0 0 -1 3010.dat
1 15 200 -224 -10 -1 0 0 0 1 0 0 0 -1 3010.dat
1 15 0 -224 -10 -1 0 0 0 1 0 0 0 -1 2465.dat
1 19 -250 -224 -10 -1 0 0 0 1 0 0 0 -1 6541.dat
1 19 250 -224 -10 -1 0 0 0 1 0 0 0 -1 6541.dat
1 15 270 -168 -10 0 0 -1 0 1 0 1 0 0 3005.dat
1 15 290 -120 -10 1 0 0 0 1 0 0 0 1 3040b.dat
1 15 330 -48 -10 0 0 -1 0 1 0 1 0 0 3040b.dat
1 15 270 -224 -10 0 0 -1 0 1 0 1 0 0 3040b.dat
1 15 -70 -248 -10 0 0 -1 0 1 0 1 0 0 3040b.dat
1 15 90 -256 -10 0 0 -1 0 1 0 1 0 0 3040b.dat
1 15 170 -256 -10 0 0 -1 0 1 0 1 0 0 3040b.dat
1 15 -230 -256 -10 0 0 -1 0 1 0 1 0 0 3040b.dat
1 15 260 -48 30 0 0 -1 0 1 0 1 0 0 41762.dat
1 15 -260 -48 30 0 0 1 0 1 0 -1 0 0 41762.dat
0 MLCAD BTG Group name
1 15 -415.444 -24 65.02 -0.55557 0 0.83147 0 1 0 -0.83147 0 -0.55557 41762.dat
1 15 416.333 -24 64.648 -0.55557 0 -0.83147 0 1 0 0.83147 0 -0.55557 41762.dat
1 15 -260 -256 -10 -1 0 0 0 1 0 0 0 -1 3298.dat
1 15 260 -256 -10 -1 0 0 0 1 0 0 0 -1 3298.dat
1 15 360 -24 40 -1 0 0 0 1 0 0 0 -1 3830.dat
1 15 -360 -24 40 -0.83147 0 -0.55557 0 1 0 0.55557 0 -0.83147 3830.dat
1 72 280 -8 10 1 0 0 0 1 0 0 0 1 4162.dat
1 72 120 -8 10 1 0 0 0 1 0 0 0 1 4162.dat
1 15 -240 0 -20 1 0 0 0 1 0 0 0 1 3028.dat
1 15 240 0 -20 1 0 0 0 1 0 0 0 1 3028.dat
1 15 438.443 0 139.557 0.55557 0 0.83147 0 1 0 -0.83147 0 0.55557 30356.dat
0 MLCAD BTG Group name
1 15 -437.554 0 139.927 0.55557 0 -0.83147 0 1 0 0.83147 0 0.55557 30355.dat
0 GROUP 24 Group name
1 14 455.035 -48 186.723 0.83147 0 -0.55557 0 1 0 0.55557 0 0.83147 4083.dat
1 72 463.349 -24 192.279 0.83147 0 -0.55557 0 1 0 0.55557 0 0.83147 30193.dat
1 0 446.72 -56 181.168 -0.55557 -0.83147 0 0 0 -1 0.83147 -0.55557 0 30035.dat
1 72 513.274 -24 189.558 0.55557 0 0.83147 0 1 0 -0.83147 0 0.55557 3039.dat
1 57 529.941 -24 164.614 0.55557 0 0.83147 0 1 0 -0.83147 0 0.55557 59900.dat
1 57 496.607 -24 214.502 0.55557 0 0.83147 0 1 0 -0.83147 0 0.55557 59900.dat
1 72 518.792 -24 217.299 -0.55557 0 -0.83147 0 1 0 0.83147 0 -0.55557 3039.dat
1 72 541.015 -24 184.04 -0.55557 0 -0.83147 0 1 0 0.83147 0 -0.55557 3039.dat
0 WRITE Sticker Missing
1 15 360 -24 40 -0.83147 0 0.55557 0 1 0 -0.55557 0 -0.83147 3831.dat
1 15 858.018 -16 134.67 0.55557 0 0.83147 0 1 0 -0.83147 0 0.55557 Cannon.ldr
1 15 78.526 -16 684.928 0.55557 0 0.83147 0 1 0 -0.83147 0 0.55557 Snowspeeder.ldr
1 15 757.036 -112 -350.963 0.83147 0 0.55557 0 1 0 -0.55557 0 0.83147 Probe Droid.ldr
1 15 -332.825 -112 458.137 0.55557 0 -0.83147 0 1 0 0.83147 0 0.55557 Crane.ldr
1 15 -454.907 -24 -324.676 1 0 0 0 1 0 0 0 1 Gun.ldr
1 15 -400.555 -64 -197.299 0.55557 0 -0.83147 0 1 0 0.83147 0 0.55557 Snowtrooper.ldr
1 15 -590.758 -64 -149.454 -0.83147 0 -0.55557 0 1 0 0.55557 0 -0.83147 Snowtrooper.ldr
1 15 71.206 -64 -217.824 0.382683 0 -0.92388 0 1 0 0.92388 0 0.382683 K3PO.ldr
1 15 -166.658 -64 -310.888 0.382683 0 -0.92388 0 1 0 0.92388 0 0.382683 Luke Skywalker.ldr
1 15 -74.1602 -64 -270.911 0.382683 0 -0.92388 0 1 0 0.92388 0 0.382683 Rebel Pilot.ldr
0
0 FILE Snowtrooper.ldr
0 Snowtrooper
0 Name: Snowtrooper.ldr
0 Author: R Paluczak
0 Unofficial Model
0 WRITE Torso Print Incorrect
0 ROTATION CENTER 0 0 0 1 "Custom" 
0 ROTATION CONFIG 0 0
1 15 0 -24 0 1 0 0 0 1 0 0 0 1 44360.dat
1 0 0 -24 0 1 0 0 0 1 0 0 0 1 3626b.dat
1 15 0 0 0 1 0 0 0 1 0 0 0 1 973psk.dat
1 71 0 32 0 1 0 0 0 1 0 0 0 1 3815.dat
1 15 -15.552 9 0 0.985 -0.17 0 0.17 0.985 0 0 0 1 3818.dat
1 15 15.552 9 0 0.985 0.17 0 -0.17 0.985 0 0 0 1 3819.dat
1 15 -23.8634 26.5956 -10.321 0.985 -0.12019 0.12019 0.17 0.696395 -0.696395 0 0.707 0.707 3820.dat
1 15 23.8634 26.5956 -10.321 0.985 0.12019 -0.12019 -0.17 0.696395 -0.696395 0 0.707 0.707 3820.dat
1 0 -24.6826 31.3422 -19.2547 0.985 -0.0874983 0.14567 0.17 0.506976 -0.844031 0 0.856884 0.514696 58247.dat
1 15 0 44 0 1 0 0 0 1 0 0 0 1 3816.dat
1 15 0 44 0 1 0 0 0 1 0 0 0 1 3817.dat
0
0 FILE Luke Skywalker.ldr
0 Luke Skywalker
0 Name: Luke Skywalker.ldr
0 Author: R Paluczak
0 Unofficial Model
0 ROTATION CENTER 0 0 0 1 "Custom" 
0 ROTATION CONFIG 0 0
1 15 0 -24 0 1 0 0 0 1 0 0 0 1 30370ps2.dat
1 78 0 -24 0 1 0 0 0 1 0 0 0 1 3626bps2.dat
1 25 0 0 0 1 0 0 0 1 0 0 0 1 973pr8.dat
1 72 0 32 0 1 0 0 0 1 0 0 0 1 3815.dat
1 25 -15.552 9 0 0.985 -0.17 0 0.17 0.985 0 0 0 1 3818.dat
1 25 15.552 9 0 0.985 0.17 0 -0.17 0.985 0 0 0 1 3819.dat
1 0 -23.8634 26.5956 -10.321 0.985 -0.12019 0.12019 0.17 0.696395 -0.696395 0 0.707 0.707 3820.dat
1 0 23.8634 26.5956 -10.321 0.985 0.12019 -0.12019 -0.17 0.696395 -0.696395 0 0.707 0.707 3820.dat
1 25 0 44 0 1 0 0 0 1 0 0 0 1 3816.dat
1 25 0 44 0 1 0 0 0 1 0 0 0 1 3817.dat
1 43 -23.1951 22.7236 -33.8217 0.985 -0.0874983 0.14567 0.17 0.506976 -0.844031 0 0.856884 0.514696 577c01.dat
0
0 FILE Rebel Pilot.ldr
0 Rebel Pilot
0 Name: Rebel Pilot.ldr
0 Author: R Paluczak
0 Unofficial Model
0 ROTATION CENTER 0 0 0 1 "Custom" 
0 ROTATION CONFIG 0 0
1 15 0 -24 0 1 0 0 0 1 0 0 0 1 30370ps3.dat
1 78 0 -24 0 1 0 0 0 1 0 0 0 1 3626bp01.dat
1 25 0 0 0 1 0 0 0 1 0 0 0 1 973pr8.dat
1 72 0 32 0 1 0 0 0 1 0 0 0 1 3815.dat
1 25 -15.552 9 0 0.985 -0.17 0 0.17 0.985 0 0 0 1 3818.dat
1 25 15.552 9 0 0.985 0.17 0 -0.17 0.985 0 0 0 1 3819.dat
1 0 -23.8634 26.5956 -10.321 0.985 -0.12019 0.12019 0.17 0.696395 -0.696395 0 0.707 0.707 3820.dat
1 0 23.8634 26.5956 -10.321 0.985 0.12019 -0.12019 -0.17 0.696395 -0.696395 0 0.707 0.707 3820.dat
1 25 0 44 0 1 0 0 0 1 0 0 0 1 3816.dat
1 25 0 44 0 1 0 0 0 1 0 0 0 1 3817.dat
0
0 FILE Rebel Soldier.ldr
0 Rebel Soldier
0 Name: Rebel Soldier.ldr
0 Author: R Paluczak
0 Unofficial Model
0 WRITE Helmet Incorrect
0 WRITE Goggles Incorrect
0 ROTATION CENTER 0 0 0 1 "Custom" 
0 ROTATION CONFIG 0 0
1 15 0 -26 0 1 0 0 0 1 0 0 0 1 30171.dat
1 15 0 -18 0 1 0 0 0 0.707107 0.707107 0 -0.707107 0.707107 30170.dat
1 78 0 -26 0 1 0 0 0 1 0 0 0 1 3626bp01.dat
1 15 0 0 0 1 0 0 0 1 0 0 0 1 2524.dat
1 19 0 0 0 1 0 0 0 1 0 0 0 1 973psh.dat
1 71 0 32 0 1 0 0 0 1 0 0 0 1 3815.dat
1 71 -15.552 9 0 0.985 -0.17 0 0.17 0.985 0 0 0 1 3818.dat
1 71 15.552 9 0 0.985 0.17 0 -0.17 0.985 0 0 0 1 3819.dat
1 15 -23.8634 26.5956 -10.321 0.985 -0.12019 0.12019 0.17 0.696395 -0.696395 0 0.707 0.707 3820.dat
1 15 23.8634 26.5956 -10.321 0.985 0.12019 -0.12019 -0.17 0.696395 -0.696395 0 0.707 0.707 3820.dat
1 0 -24.6826 31.3422 -19.2547 0.985 -0.0874983 0.14567 0.17 0.506976 -0.844031 0 0.856884 0.514696 58247.dat
1 15 0 44 0 1 0 0 0 1 0 0 0 1 3816.dat
1 15 0 44 0 1 0 0 0 1 0 0 0 1 3817.dat
0
0 FILE K3PO.ldr
0 K3PO
0 Name: K3PO.ldr
0 Author: R Paluczak
0 Unofficial Model
0 ROTATION CENTER 0 0 0 1 "Custom" 
0 ROTATION CONFIG 0 0
1 15 0 0 0 1 0 0 0 1 0 0 0 1 30480.dat
1 15 0 0 0 1 0 0 0 1 0 0 0 1 973psr.dat
1 15 0 32 0 1 0 0 0 1 0 0 0 1 3815.dat
1 15 -15.552 9 0 0.985 -0.17 0 0.17 0.985 0 0 0 1 3818.dat
1 15 15.552 9 0 0.985 0.17 0 -0.17 0.985 0 0 0 1 3819.dat
1 15 -23.8634 26.5956 -10.321 0.985 -0.12019 0.12019 0.17 0.696395 -0.696395 0 0.707 0.707 3820.dat
1 15 23.8634 26.5956 -10.321 0.985 0.12019 -0.12019 -0.17 0.696395 -0.696395 0 0.707 0.707 3820.dat
1 15 0 44 0 1 0 0 0 1 0 0 0 1 3816.dat
1 15 0 44 0 1 0 0 0 1 0 0 0 1 3817.dat
0 
0
0 FILE Snowspeeder.ldr
0 Snowspeeder
0 Name: Snowspeeder.ldr
0 Author: R Paluczak
0 Unofficial Model
0 ROTATION CENTER 0 0 0 1 "Custom" 
0 ROTATION CONFIG 0 0
1 15 -10 0 0 0 0 -1 0 1 0 1 0 0 3029.dat
1 15 -10 -24 -110 1 0 0 0 1 0 0 0 1 4855.dat
1 72 -10 -8 -20 0 0 -1 0 1 0 1 0 0 3031.dat
1 72 -10 -40 -10 -1 0 0 0 1 0 0 0 -1 2432.dat
1 72 -10 -40 -30 1 0 0 0 1 0 0 0 1 2432.dat
1 72 -10 -32 -110 -1 0 0 0 1 0 0 0 -1 2877.dat
1 71 -10 -8 -90 -1 0 0 0 1 0 0 0 -1 3023.dat
1 71 -10 -8 50 -1 0 0 0 1 0 0 0 -1 3023.dat
1 71 30 -40 110 -1 0 0 0 1 0 0 0 -1 3023.dat
1 0 -10 -12 148 -1 0 0 0 0 -1 0 -1 0 2584.dat
1 71 -10 -12 154 -1 0 0 0 0 -1 0 -1 0 2585.dat
1 71 20 -12 154 -1 0 0 0 0 -1 0 -1 0 32073.dat
1 0 59 -12 154 0 0 1 -1 0 0 0 -1 0 32270.dat
1 71 -10 -57.25 124.15 1 0 0 0 -0.19509 -0.980785 0 0.980785 -0.19509 61252.dat
1 71 -10 -22 159 1 0 0 0 0.382683 -0.92388 0 0.92388 0.382683 30192.dat
0 WRITE String Not Shown
1 0 -10 -55.847 152.978 -1 0 0 0 -0.980785 -0.19509 0 -0.19509 0.980785 2516.dat
1 71 10 -56 70 -1 0 0 0 1 0 0 0 -1 3937.dat
1 71 -30 -56 70 -1 0 0 0 1 0 0 0 -1 3937.dat
1 71 -50 -40 110 -1 0 0 0 1 0 0 0 -1 3023.dat
1 72 -10 -40 110 -1 0 0 0 1 0 0 0 -1 2540.dat
1 72 -10 -56 -130 -1 0 0 0 1 0 0 0 -1 3039.dat
0 WRITE Sticker Missing
1 71 20 -24 40 0 0 -1 0 1 0 1 0 0 30363.dat
1 71 -50 -32 110 -1 0 0 0 1 0 0 0 -1 44728.dat
1 0 -60 -12 132 0 0 1 -1 0 0 0 -1 0 2412b.dat
1 0 -40 -12 132 0 0 1 -1 0 0 0 -1 0 2412b.dat
1 71 30 -32 110 -1 0 0 0 1 0 0 0 -1 44728.dat
1 71 -10 -32 110 -1 0 0 0 1 0 0 0 -1 44728.dat
1 0 20 -12 132 0 0 1 -1 0 0 0 -1 0 2412b.dat
1 0 40 -12 132 0 0 1 -1 0 0 0 -1 0 2412b.dat
1 71 20 -24 -80 0 0 -1 0 1 0 1 0 0 30363.dat
1 71 -40 -24 -80 0 0 1 0 1 0 -1 0 0 30363.dat
1 71 -85.42 3.023 -20 0 0.382683 -0.92388 0 0.92388 0.382683 1 0 0 Right Wing.ldr
1 71 -40 -24 40 0 0 1 0 1 0 -1 0 0 30363.dat
1 14 -30 -16 10 -1 0 0 0 1 0 0 0 -1 44302.dat
1 14 10 -16 10 1 0 0 0 1 0 0 0 1 44302.dat
1 14 -30 -16 -50 -1 0 0 0 1 0 0 0 -1 44302.dat
1 14 10 -16 -50 1 0 0 0 1 0 0 0 1 44302.dat
1 71 -40 -16 -20 0 0 1 0 1 0 -1 0 0 3023.dat
1 71 20 -16 -20 0 0 1 0 1 0 -1 0 0 3023.dat
1 72 20 -24 -20 0 0 1 0 1 0 -1 0 0 3710.dat
1 72 -40 -24 -20 0 0 1 0 1 0 -1 0 0 3710.dat
1 72 64.34 4.228 -20 0 -0.443071 0.896486 0 0.896486 0.443071 -1 0 0 Left Wing.ldr
1 15 -10 -24 70 -1 0 0 0 1 0 0 0 -1 3010.dat
1 15 0 -32 90 0 0 1 0 1 0 -1 0 0 2420.dat
1 15 -20 -32 90 -1 0 0 0 1 0 0 0 -1 2420.dat
1 15 -10 -40 90 -1 0 0 0 1 0 0 0 -1 2431.dat
1 15 -10 -104 30 -1 0 0 0 1 0 0 0 -1 2431.dat
1 15 -10 -88 40 -1 0 0 0 1 0 0 0 -1 3020.dat
1 15 -10 -96 50 -1 0 0 0 1 0 0 0 -1 3794b.dat
1 71 -10 -96 20 -1 0 0 0 1 0 0 0 -1 3022.dat
1 72 20 -96 40 0 0 1 0 1 0 -1 0 0 44301.dat
1 72 -40 -96 40 0 0 1 0 1 0 -1 0 0 44301.dat
1 40 -10 -94 10 1 0 0 0 1 0 0 0 1 30372p79.dat
1 15 -30 -56 70 -1 0 0 0 1 0 0 0 -1 3938.dat
1 40 -10 -80 40 -1 0 0 0 1 0 0 0 -1 6238b.dat
1 15 10 -56 70 -1 0 0 0 1 0 0 0 -1 3938.dat
1 0 -10 -48 110 -1 0 0 0 1 0 0 0 -1 3743.dat
1 15 -40 -32 -20 0 0 1 0 1 0 -1 0 0 4477.dat
1 15 20 -32 -20 0 0 1 0 1 0 -1 0 0 4477.dat
1 15 20 -56 20 0 0 1 0 1 0 -1 0 0 30413.dat
1 15 20 -56 -60 0 0 1 0 1 0 -1 0 0 30413.dat
1 15 -40 -56 -60 0 0 -1 0 1 0 1 0 0 30413.dat
1 15 -40 -56 20 0 0 -1 0 1 0 1 0 0 30413.dat
1 15 -40 -56 -110 0 0 -1 0 1 0 1 0 0 3005.dat
1 15 20 -56 -110 0 0 -1 0 1 0 1 0 0 3005.dat
1 15 10 -32 -160 1 0 0 0 1 0 0 0 1 41770.dat
1 15 -10 -56 -130 1 0 0 0 1 0 0 0 1 4858.dat
0 WRITE Sticker Missing
1 15 -30 -32 -160 1 0 0 0 1 0 0 0 1 41769.dat
1 25 -10 -8 30 -1 0 0 0 1 0 0 0 -1 2412b.dat
1 25 -10 -8 -70 -1 0 0 0 1 0 0 0 -1 2412b.dat
1 19 -10 -24 100 -1 0 0 0 1 0 0 0 -1 2456.dat
0
0 FILE Left Wing.ldr
0 Left Wing
0 Name: Left Wing.ldr
0 Author: R Paluczak
0 Unofficial Model
0 ROTATION CENTER 0 0 0 1 "Custom" 
0 ROTATION CONFIG 0 0
0 MLCAD BTG Group name
1 15 0 0 0 1 0 0 0 1 0 0 0 1 3020.dat
0 MLCAD BTG Group name
1 15 0 -16 0 1 0 0 0 1 0 0 0 1 3020.dat
1 71 0 -24 0 1 0 0 0 1 0 0 0 1 3030.dat
1 15 60 -32 0 1 0 0 0 1 0 0 0 1 3832.dat
1 15 -40 -48 -30 1 0 0 0 1 0 0 0 1 2431.dat
0 MLCAD BTG 2
1 15 -60 -80 30 1 0 0 0 1 0 0 0 1 2431.dat
0 MLCAD BTG 2
1 71 -90 -80 0 0 0 -1 0 1 0 1 0 0 3023.dat
0 MLCAD BTG 2
1 72 -90 -88 0 0 0 -1 0 1 0 1 0 0 2540.dat
0 MLCAD BTG 2
1 15 -30 -80 -10 0 0 -1 0 1 0 1 0 0 2420.dat
0 MLCAD BTG 2
1 15 -70 -86 20 0 0 1 -1 0 0 0 -1 0 2335.dat
1 25 -100 -48 -30 1 0 0 0 1 0 0 0 1 2412b.dat
1 71 -60 -40 20 1 0 0 0 1 0 0 0 1 6179.dat
0 WRITE Sticker Missing
1 15 80 -32 50 0 0 -1 0 1 0 1 0 0 47397.dat
1 19 40 -32 -30 1 0 0 0 1 0 0 0 1 3666.dat
1 71 130 -32 -40 0 0 1 0 1 0 -1 0 0 43723.dat
1 71 -100 -32 -20 0 0 1 0 1 0 -1 0 0 3022.dat
1 71 -40 -40 -30 1 0 0 0 1 0 0 0 1 4510.dat
1 71 100 -64 20 0 0 -1 0 1 0 1 0 0 30359b.dat
1 72 240 -54 20 0 1 0 0 0 1 1 0 0 59900.dat
1 0 60 -40 -30 1 0 0 0 1 0 0 0 1 32028.dat
1 72 100 -40 -30 1 0 0 0 1 0 0 0 1 3069b.dat
0 MLCAD BTG 2
1 72 -108 -62 10 0 1 0 -1 0 0 0 0 1 4032b.dat
1 72 60 -40 20 0 0 -1 0 1 0 1 0 0 3020.dat
1 15 60 -64 10 1 0 0 0 1 0 0 0 1 3298.dat
1 15 60 -64 30 -1 0 0 0 1 0 0 0 -1 3039.dat
1 15 60 -72 20 -1 0 0 0 1 0 0 0 -1 4150.dat
0 MLCAD BTG 2
1 15 36 -62 10 0 -1 0 -1 0 0 0 0 -1 4150.dat
1 15 90 -40 20 0 0 -1 0 1 0 1 0 0 3794b.dat
1 15 110 -40 20 0 0 -1 0 1 0 1 0 0 3794b.dat
1 15 180 -32 -20 1 0 0 0 1 0 0 0 1 41770.dat
1 15 -100 -32 40 -1 0 0 0 1 0 0 0 -1 41770.dat
1 0 -30 -32 -30 1 0 0 0 1 0 0 0 1 4073.dat
1 19 -60 -32 20 0 0 -1 0 1 0 1 0 0 3795.dat
1 72 140 -24 0 1 0 0 0 1 0 0 0 1 3031.dat
0 MLCAD BTG 2
1 72 -60 -48 20 1 0 0 0 1 0 0 0 1 3031.dat
0 MLCAD BTG 2
1 0 -60 -61 10 1 0 0 0 1 0 0 0 1 3706.dat
0 MLCAD BTG 2
1 72 28 -62 10 0 -1 0 1 0 0 0 0 1 3940.dat
0 MLCAD BTG 2
1 15 -90 -72 30 -1 0 0 0 1 0 0 0 -1 3040b.dat
0 MLCAD BTG 2
1 15 -40 -72 30 -1 0 0 0 1 0 0 0 -1 3039.dat
0 MLCAD BTG 2
1 15 -40 -72 -10 1 0 0 0 1 0 0 0 1 3039.dat
0 MLCAD BTG 2
1 19 -90 -72 10 0 0 -1 0 1 0 1 0 0 6541.dat
0 MLCAD BTG 2
1 19 -30 -72 10 0 0 -1 0 1 0 1 0 0 6541.dat
0 MLCAD BTG 2
1 15 -90 -72 -10 1 0 0 0 1 0 0 0 1 3040b.dat
0 MLCAD BTG 2
1 71 -70 -72 30 -1 0 0 0 1 0 0 0 -1 3040b.dat
0 MLCAD BTG 2
1 71 -70 -72 -10 1 0 0 0 1 0 0 0 1 3040b.dat
0 MLCAD BTG Group name
1 71 0 -8 0 1 0 0 0 1 0 0 0 1 3022.dat
0 MLCAD BTG Group name
1 72 30 -8 0 0 0 1 0 1 0 -1 0 0 44301.dat
0 MLCAD BTG Group name
1 72 -30 -8 0 0 0 1 0 1 0 -1 0 0 44301.dat
0 GROUP 5 Group name
0 MLCAD BTG 2
1 72 -132 -62 10 0 1 0 0 0 -1 -1 0 0 4588.dat
0 GROUP 19 2
0
0 FILE Right Wing.ldr
0 Right Wing
0 Name: Right Wing.ldr
0 Author: R Paluczak
0 Unofficial Model
0 ROTATION CENTER 0 0 0 1 "Custom" 
0 ROTATION CONFIG 0 0
1 15 0 0 0 1 0 0 0 1 0 0 0 1 3020.dat
1 15 0 -16 0 1 0 0 0 1 0 0 0 1 3020.dat
1 71 0 -24 0 1 0 0 0 1 0 0 0 1 3030.dat
1 15 -60 -32 0 1 0 0 0 1 0 0 0 1 3832.dat
1 15 40 -48 -30 1 0 0 0 1 0 0 0 1 2431.dat
1 25 100 -48 -30 1 0 0 0 1 0 0 0 1 2412b.dat
1 71 60 -40 20 1 0 0 0 1 0 0 0 1 6179.dat
0 WRITE Sticker Missing
1 15 -80 -32 50 0 0 1 0 1 0 -1 0 0 47398.dat
1 19 -40 -32 -30 1 0 0 0 1 0 0 0 1 3666.dat
1 71 -130 -32 -40 0 0 -1 0 1 0 1 0 0 43722.dat
1 71 100 -32 -20 0 0 1 0 1 0 -1 0 0 3022.dat
1 71 40 -40 -30 1 0 0 0 1 0 0 0 1 4510.dat
1 71 -100 -64 20 0 0 1 0 1 0 -1 0 0 30359b.dat
1 72 -240 -54 20 0 -1 0 0 0 1 -1 0 0 59900.dat
1 0 -60 -40 -30 1 0 0 0 1 0 0 0 1 32028.dat
1 72 -100 -40 -30 1 0 0 0 1 0 0 0 1 3069b.dat
0 WRITE Sticker Missing
1 72 -60 -40 20 0 0 -1 0 1 0 1 0 0 3020.dat
1 15 -60 -64 10 1 0 0 0 1 0 0 0 1 3298.dat
1 15 -60 -64 30 -1 0 0 0 1 0 0 0 -1 3039.dat
1 15 -60 -72 20 -1 0 0 0 1 0 0 0 -1 4150.dat
1 15 -110 -40 20 0 0 -1 0 1 0 1 0 0 3794b.dat
1 15 -90 -40 20 0 0 -1 0 1 0 1 0 0 3794b.dat
1 15 -180 -32 -20 1 0 0 0 1 0 0 0 1 41769.dat
1 15 100 -32 40 -1 0 0 0 1 0 0 0 -1 41769.dat
1 0 30 -32 -30 1 0 0 0 1 0 0 0 1 4073.dat
1 19 60 -32 20 0 0 -1 0 1 0 1 0 0 3795.dat
1 72 -140 -24 0 1 0 0 0 1 0 0 0 1 3031.dat
1 71 0 -8 0 1 0 0 0 1 0 0 0 1 3022.dat
1 72 30 -8 0 0 0 1 0 1 0 -1 0 0 44301.dat
1 72 -30 -8 0 0 0 1 0 1 0 -1 0 0 44301.dat
1 15 60 -80 30 -1 0 0 0 1 0 0 0 -1 2431.dat
1 71 90 -80 0 0 0 1 0 1 0 -1 0 0 3023.dat
1 72 90 -88 0 0 0 1 0 1 0 -1 0 0 2540.dat
1 15 30 -80 -10 1 0 0 0 1 0 0 0 1 2420.dat
1 15 70 -86 -20 0 0 -1 -1 0 0 0 1 0 2335.dat
1 72 108 -62 9.999 0 -1 0 -1 0 0 0 0 -1 4032b.dat
1 15 -36 -62 10 0 1 0 -1 0 0 0 0 1 4150.dat
1 72 60 -48 20 -1 0 0 0 1 0 0 0 -1 3031.dat
1 0 60 -61 10 -1 0 0 0 1 0 0 0 -1 3706.dat
1 72 -28 -62 10 0 1 0 1 0 0 0 0 -1 3940.dat
1 15 90 -72 -10 1 0 0 0 1 0 0 0 1 3040b.dat
1 15 40 -72 -10 1 0 0 0 1 0 0 0 1 3039.dat
1 15 40 -72 30 -1 0 0 0 1 0 0 0 -1 3039.dat
1 19 90 -72 10 0 0 1 0 1 0 -1 0 0 6541.dat
1 19 30 -72 10 0 0 1 0 1 0 -1 0 0 6541.dat
1 15 90 -72 30 -1 0 0 0 1 0 0 0 -1 3040b.dat
1 71 70 -72 -10 1 0 0 0 1 0 0 0 1 3040b.dat
1 71 69.999 -72 30.001 -1 0 0 0 1 0 0 0 -1 3040b.dat
1 72 132 -62 10 0 -1 0 0 0 -1 1 0 0 4588.dat
0
0 FILE Door1.ldr
0 Door1
0 Name: Door1.ldr
0 Author: R Paluczak
0 Unofficial Model
0 ROTATION CENTER 0 0 0 1 "Custom" 
0 ROTATION CONFIG 0 0
1 72 -90 -8 0 1 0 0 0 1 0 0 0 1 4477.dat
1 72 -90 -40 0 1 0 0 0 1 0 0 0 1 4477.dat
1 72 -50 -72 0 1 0 0 0 1 0 0 0 1 4477.dat
1 71 -170 -72 0 1 0 0 0 1 0 0 0 1 3023.dat
1 72 -50 24 0 1 0 0 0 1 0 0 0 1 4477.dat
1 71 -170 24 0 1 0 0 0 1 0 0 0 1 3023.dat
1 72 -50 -104 0 1 0 0 0 1 0 0 0 1 4477.dat
1 71 -170 -104 0 1 0 0 0 1 0 0 0 1 3023.dat
1 72 -70 0 0 1 0 0 0 1 0 0 0 1 6112.dat
1 72 -70 -64 0 1 0 0 0 1 0 0 0 1 6112.dat
1 72 -130 -32 0 1 0 0 0 1 0 0 0 1 3009.dat
1 72 -50 -32 0 -1 0 0 0 1 0 0 0 -1 2877.dat
1 72 -130 -96 0 1 0 0 0 1 0 0 0 1 3009.dat
1 72 30 -96 0 1 0 0 0 1 0 0 0 1 3009.dat
1 72 -50 -96 0 -1 0 0 0 1 0 0 0 -1 2877.dat
1 72 -170 -128 0 1 0 0 0 1 0 0 0 1 3009.dat
1 72 -10 -128 0 1 0 0 0 1 0 0 0 1 3009.dat
1 0 40 -136 0 1 0 0 0 1 0 0 0 1 4073.dat
1 0 -10 -136 0 1 0 0 0 1 0 0 0 1 3743.dat
1 0 -90 -136 0 1 0 0 0 1 0 0 0 1 3743.dat
1 0 -170 -136 0 1 0 0 0 1 0 0 0 1 3743.dat
1 71 -150 32 0 1 0 0 0 1 0 0 0 1 2653.dat
1 71 -70 32 0 1 0 0 0 1 0 0 0 1 2653.dat
1 71 10 32 0 1 0 0 0 1 0 0 0 1 2653.dat
1 57 40 -144 0 1 0 0 0 1 0 0 0 1 4073.dat
1 0 -220 -136 0 1 0 0 0 1 0 0 0 1 4073.dat
1 57 -220 -144 0 1 0 0 0 1 0 0 0 1 4073.dat
1 72 -90 -128 0 -1 0 0 0 1 0 0 0 -1 2877.dat
1 72 -10 -32 0 -1 0 0 0 1 0 0 0 -1 2877.dat
0
0 FILE Door2.ldr
0 Door2
0 Name: Door2.ldr
0 Author: R Paluczak
0 Unofficial Model
0 ROTATION CENTER 0 0 0 1 "Custom" 
0 ROTATION CONFIG 0 0
1 72 240 -72 0 1 0 0 0 1 0 0 0 1 4477.dat
1 72 240 -40 0 1 0 0 0 1 0 0 0 1 4477.dat
1 72 200 -8 0 1 0 0 0 1 0 0 0 1 4477.dat
1 71 320 -8 0 1 0 0 0 1 0 0 0 1 3023.dat
1 72 200 24 0 1 0 0 0 1 0 0 0 1 4477.dat
1 71 320 24 0 1 0 0 0 1 0 0 0 1 3023.dat
1 72 200 56 0 1 0 0 0 1 0 0 0 1 4477.dat
1 71 320 56 0 1 0 0 0 1 0 0 0 1 3023.dat
1 72 220 32 0 1 0 0 0 1 0 0 0 1 6112.dat
1 72 220 -32 0 1 0 0 0 1 0 0 0 1 6112.dat
1 72 280 -64 0 1 0 0 0 1 0 0 0 1 3009.dat
1 72 160 -64 0 -1 0 0 0 1 0 0 0 -1 2877.dat
1 72 120 0 0 1 0 0 0 1 0 0 0 1 3009.dat
1 72 280 0 0 1 0 0 0 1 0 0 0 1 3009.dat
1 72 200 0 0 -1 0 0 0 1 0 0 0 -1 2877.dat
1 72 160 -96 0 1 0 0 0 1 0 0 0 1 3009.dat
1 72 320 -96 0 1 0 0 0 1 0 0 0 1 3009.dat
1 0 370 -104 0 1 0 0 0 1 0 0 0 1 4073.dat
1 0 320 -104 0 1 0 0 0 1 0 0 0 1 3743.dat
1 0 240 -104 0 1 0 0 0 1 0 0 0 1 3743.dat
1 0 160 -104 0 1 0 0 0 1 0 0 0 1 3743.dat
1 71 140 64 0 1 0 0 0 1 0 0 0 1 2653.dat
1 71 220 64 0 1 0 0 0 1 0 0 0 1 2653.dat
1 71 300 64 0 1 0 0 0 1 0 0 0 1 2653.dat
1 57 370 -112 0 1 0 0 0 1 0 0 0 1 4073.dat
1 0 110 -104 0 1 0 0 0 1 0 0 0 1 4073.dat
1 57 110 -112 0 1 0 0 0 1 0 0 0 1 4073.dat
1 72 240 -96 0 -1 0 0 0 1 0 0 0 -1 2877.dat
1 72 200 -64 0 -1 0 0 0 1 0 0 0 -1 2877.dat
0
0 FILE Cannon.ldr
0 Cannon
0 Name: Cannon.ldr
0 Author: R Paluczak
0 Unofficial Model
0 ROTATION CENTER 0 0 0 1 "Custom" 
0 ROTATION CONFIG 0 0
1 15 10 16 0 1 0 0 0 1 0 0 0 1 3958.dat
1 15 10 -8 -50 1 0 0 0 1 0 0 0 1 3039.dat
1 15 -40 -8 0 0 0 1 0 1 0 -1 0 0 3039.dat
1 15 10 -8 50 -1 0 0 0 1 0 0 0 -1 3039.dat
1 71 -20 -128 30 -1 0 0 0 1 0 0 0 -1 2345.dat
1 71 40 -128 30 0 0 -1 0 1 0 1 0 0 2345.dat
0 MLCAD BTG Group name
1 71 46.954 -168 -15.307 -0.92388 0 -0.382683 0 1 0 0.382683 0 -0.92388 3022.dat
0 MLCAD BTG Group name
1 71 74.672 -176 -26.788 -0.382683 0 0.92388 0 1 0 -0.92388 0 -0.382683 3700.dat
0 MLCAD BTG Group name
1 0 50.783 -176 -6.069 -0.92388 0 -0.382683 0 1 0 0.382683 0 -0.92388 32028.dat
0 MLCAD BTG Group name
1 0 43.129 -176 -24.545 0.92388 0 0.382683 0 1 0 -0.382683 0 0.92388 32028.dat
1 71 40 -128 -30 1 0 0 0 1 0 0 0 1 2345.dat
1 72 -10 -112 -20 0 0 1 0 1 0 -1 0 0 30565.dat
0 MLCAD BTG Group name
1 72 31.648 -152 -52.263 0.92388 0 0.382683 0 1 0 -0.382683 0 0.92388 30565.dat
0 MLCAD BTG Group name
1 72 -42.263 -152 -21.648 -0.382683 0 0.92388 0 1 0 -0.92388 0 -0.382683 30565.dat
0 MLCAD BTG Group name
1 72 -11.648 -152 52.263 -0.92388 0 -0.382683 0 1 0 0.382683 0 -0.92388 30565.dat
0 MLCAD BTG Group name
1 72 62.263 -152 21.648 0.382683 0 -0.92388 0 1 0 0.92388 0 0.382683 30565.dat
0 MLCAD BTG Group name
1 72 -7.55 -166 -68.498 0.382683 0 -0.92388 0 1 0 0.92388 0 0.382683 6587.dat
0 MLCAD BTG Group name
1 72 46.027 -166 60.845 -0.382683 0 0.92388 0 1 0 -0.92388 0 -0.382683 6587.dat
0 MLCAD BTG Group name
1 72 -22.857 -166 -105.452 0 0.382683 0.92388 1 0 0 0 0.92388 -0.382683 59900.dat
0 MLCAD BTG Group name
1 72 224.34 -165 -88.782 0 -0.92388 0.382683 1 0 0 0 0.382683 0.92388 59900.dat
0 MLCAD BTG Group name
1 72 61.334 -166 97.8 0 -0.382683 -0.92388 1 0 0 0 -0.92388 0.382683 59900.dat
0 MLCAD BTG Group name
1 72 46.954 -160 -15.307 0.382683 0 -0.92388 0 1 0 0.92388 0 0.382683 4032b.dat
0 MLCAD BTG Group name
1 14 -8.478 -176 7.654 -0.92388 0 -0.382683 0 1 0 0.382683 0 -0.92388 3001.dat
0 MLCAD BTG Group name
1 72 10 -184 0 -0.92388 0 -0.382683 0 1 0 0.382683 0 -0.92388 4032b.dat
0 MLCAD BTG Group name
1 71 -9.134 -184 -46.194 -0.92388 0 -0.382683 0 1 0 0.382683 0 -0.92388 3023.dat
0 MLCAD BTG Group name
1 71 29.134 -184 46.194 -0.92388 0 -0.382683 0 1 0 0.382683 0 -0.92388 3023.dat
0 MLCAD BTG Group name
1 71 -0.932 -166 78.132 0.92388 -0.382683 0 0 0 1 -0.382683 -0.92388 0 3023.dat
0 MLCAD BTG Group name
1 19 37.717 -184 -11.481 0.382683 0 -0.92388 0 1 0 0.92388 0 0.382683 3666.dat
0 MLCAD BTG Group name
1 19 -17.717 -184 11.481 0.382683 0 -0.92388 0 1 0 0.92388 0 0.382683 3666.dat
0 MLCAD BTG Group name
1 0 -50.845 -176 36.027 -0.382683 0 0.92388 0 1 0 -0.92388 0 -0.382683 4070.dat
0 MLCAD BTG Group name
1 0 10 -192 0 0 -0.382683 0.92388 -1 0 0 0 -0.92388 -0.382683 32062.dat
0 MLCAD BTG Group name
1 0 -46.089 -176 -30.886 -0.92388 0 -0.382683 0 1 0 0.382683 0 -0.92388 52107.dat
0 MLCAD BTG Group name
1 0 -7.821 -176 61.501 -0.92388 0 -0.382683 0 1 0 0.382683 0 -0.92388 52107.dat
0 MLCAD BTG Group name
1 0 63.738 -166 51.343 -0.92388 -0.382683 0 0 0 -1 0.382683 -0.92388 0 4073.dat
0 MLCAD BTG Group name
1 0 11.694 -166 -74.305 -0.92388 0.382683 0 0 0 1 0.382683 0.92388 0 4073.dat
0 MLCAD BTG Group name
1 0 143.038 -165 -55.107 -0.382683 -0.92388 0 0 0 1 -0.92388 0.382683 0 40244.dat
0 MLCAD BTG Group name
1 0 85.758 -165 -31.379 -0.92388 0.382683 0 0 0 1 0.382683 0.92388 0 2780.dat
0 MLCAD BTG Group name
1 1 202.167 -165 -79.598 0.92388 -0.382683 0 0 0 1 -0.382683 -0.92388 0 4274.dat
0 MLCAD BTG Group name
1 0 -58.498 -176 17.55 -0.382683 0 0.92388 0 1 0 -0.92388 0 -0.382683 4070.dat
0 MLCAD BTG Group name
1 15 49.197 -152 16.236 0.92388 0 0.382683 0 1 0 -0.382683 0 0.92388 54200.dat
0 MLCAD BTG Group name
1 43 83.042 -164 -56.232 0 -0.92388 0.382683 1 0 0 0 0.382683 0.92388 30374.dat
0 MLCAD BTG Group name
1 43 101.409 -164 -11.886 0 -0.92388 0.382683 1 0 0 0 0.382683 0.92388 30374.dat
0 MLCAD BTG Group name
1 15 -10.718 -176 -23.89 0.92388 0 0.382683 0 1 0 -0.382683 0 0.92388 3005.dat
0 MLCAD BTG Group name
1 15 -9.134 -176 -46.194 0.92388 0 0.382683 0 1 0 -0.382683 0 0.92388 32000.dat
0 MLCAD BTG Group name
1 15 29.134 -176 46.194 0.92388 0 0.382683 0 1 0 -0.382683 0 0.92388 32000.dat
0 MLCAD BTG Group name
1 15 27.821 -176 -61.501 0.92388 0 0.382683 0 1 0 -0.382683 0 0.92388 32000.dat
0 MLCAD BTG Group name
1 15 66.089 -176 30.886 0.92388 0 0.382683 0 1 0 -0.382683 0 0.92388 32000.dat
0 MLCAD BTG Group name
1 15 29.134 -192 46.194 0.92388 0 0.382683 0 1 0 -0.382683 0 0.92388 2431.dat
0 MLCAD BTG Group name
1 15 -9.134 -192 -46.194 0.92388 0 0.382683 0 1 0 -0.382683 0 0.92388 2431.dat
0 MLCAD BTG Group name
1 1 14.755 -166 -66.913 -0.382683 0 0.92388 0 1 0 -0.92388 0 -0.382683 4274.dat
0 MLCAD BTG Group name
1 1 33.233 -166 -74.567 -0.382683 0 0.92388 0 1 0 -0.92388 0 -0.382683 4274.dat
0 MLCAD BTG Group name
1 1 79.155 -166 36.299 0.382683 0 -0.92388 0 1 0 0.92388 0 0.382683 4274.dat
0 MLCAD BTG Group name
1 1 60.677 -166 43.952 0.382683 0 -0.92388 0 1 0 0.92388 0 0.382683 4274.dat
0 MLCAD BTG Group name
1 15 12.242 -176 31.546 0.92388 0 0.382683 0 1 0 -0.382683 0 0.92388 3005.dat
0 MLCAD BTG Group name
1 15 67.675 -152 8.582 0.92388 0 0.382683 0 1 0 -0.382683 0 0.92388 54200.dat
0 MLCAD BTG Group name
1 15 44.714 -152 -46.85 -0.92388 0 -0.382683 0 1 0 0.382683 0 -0.92388 54200.dat
0 MLCAD BTG Group name
1 15 26.236 -152 -39.197 -0.92388 0 -0.382683 0 1 0 0.382683 0 -0.92388 54200.dat
0 MLCAD BTG Group name
1 15 34.545 -164 33.129 0 0.382683 -0.92388 -1 0 0 0 0.92388 0.382683 54200.dat
0 MLCAD BTG Group name
1 15 3.931 -164 -40.783 0 -0.382683 -0.92388 1 0 0 0 -0.92388 0.382683 54200.dat
1 71 10 -120 0 0 0 1 0 1 0 -1 0 0 3022.dat
1 0 10 -128 0 0 0 1 0 1 0 -1 0 0 3680.dat
0 MLCAD BTG Group name
1 71 10 -128 0 0.92388 0 0.382683 0 1 0 -0.382683 0 0.92388 3679.dat
0 MLCAD BTG Group name
1 15 10 -136 0 0.92388 0 0.382683 0 1 0 -0.382683 0 0.92388 47676.dat
0 MLCAD BTG Group name
1 15 10 -208 0 0.92388 0 0.382683 0 1 0 -0.382683 0 0.92388 47675.dat
0 MLCAD BTG Group name
1 71 10 -221 0 0.92388 0 0.382683 0 1 0 -0.382683 0 0.92388 3960.dat
1 15 -40 -120 10 0 0 1 0 1 0 -1 0 0 2420.dat
1 15 20 -120 -50 0 0 -1 0 1 0 1 0 0 2420.dat
1 72 10 -128 50 -1 0 0 0 1 0 0 0 -1 3069b.dat
1 72 60 -128 0 0 0 -1 0 1 0 1 0 0 3069b.dat
1 72 10 -128 -50 1 0 0 0 1 0 0 0 1 3069b.dat
0 MLCAD BTG Group name
1 72 10 -144 0 0.382683 0 -0.92388 0 1 0 0.92388 0 0.382683 3031.dat
1 72 -40 -128 0 0 0 1 0 1 0 -1 0 0 3069b.dat
1 15 10 -120 50 1 0 0 0 1 0 0 0 1 47457.dat
1 15 60 -120 0 0 0 1 0 1 0 -1 0 0 47457.dat
1 15 60 -8 0 0 0 -1 0 1 0 1 0 0 3039.dat
0 MLCAD BTG Group name
1 15 -86.478 -166 7.492 0 0.92388 0.382683 -1 0 0 0 -0.382683 0.92388 50950.dat
0 MLCAD BTG Group name
1 15 -63.516 -166 62.923 0 0.92388 -0.382683 1 0 0 0 -0.382683 -0.92388 50950.dat
0 MLCAD BTG Group name
1 15 17.492 -166 96.478 0 -0.382683 0.92388 -1 0 0 0 -0.92388 -0.382683 50950.dat
0 MLCAD BTG Group name
1 71 -52.977 -166 -47.517 0.92388 0.382683 0 0 0 -1 -0.382683 0.92388 0 3023.dat
0 MLCAD BTG Group name
1 15 -52.923 -166 -73.516 0 0.382683 0.92388 1 0 0 0 0.92388 -0.382683 50950.dat
0 GROUP 61 Group name
0
0 FILE Crane.ldr
0 Crane
0 Name: Crane.ldr
0 Author: R Paluczak
0 Unofficial Model
0 ROTATION CENTER 0 0 0 1 "Custom" 
0 ROTATION CONFIG 0 0
1 14 50 8 -10 0 0 -1 0 1 0 1 0 0 50950.dat
1 14 50 8 10 0 0 -1 0 1 0 1 0 0 50950.dat
1 71 -20 24 0 0 0 1 0 1 0 -1 0 0 30303.dat
1 15 0 -8 10 1 0 0 0 1 0 0 0 1 32000.dat
1 0 -10 2 20 0 -0.382683 0.92388 0 0.92388 0.382683 -1 0 0 2780.dat
1 0 35.922 -108.865 20 0 0 1 0 1 0 -1 0 0 2780.dat
1 71 -30 -8 10 1 0 0 0 1 0 0 0 1 3040b.dat
1 71 -20 -16 10 1 0 0 0 1 0 0 0 1 3023.dat
1 0 -70 16 0 0 0 1 0 1 0 -1 0 0 2436a.dat
1 0 -60 8 0 0 0 -1 0 1 0 1 0 0 4079.dat
1 0 -30 -24 10 0 0 -1 0 1 0 1 0 0 4592c01.dat
1 57 -92 26 -30 0 1 0 0 0 -1 -1 0 0 4073.dat
1 57 -92 26 30 0 1 0 0 0 -1 -1 0 0 4073.dat
1 72 40 32 0 0 0 1 0 1 0 -1 0 0 4032b.dat
1 72 -60 32 0 0 0 1 0 1 0 -1 0 0 4032b.dat
1 72 -20 32 -60 0 0 1 0 1 0 -1 0 0 4032b.dat
1 72 -20 32 60 0 0 1 0 1 0 -1 0 0 4032b.dat
1 14 -10 8 70 -1 0 0 0 1 0 0 0 -1 50950.dat
1 14 -30 8 70 -1 0 0 0 1 0 0 0 -1 50950.dat
1 14 -108 16 0 0 1 0 0 0 1 1 0 0 98282.dat
1 14 -30 8 -70 1 0 0 0 1 0 0 0 1 50950.dat
1 14 -10 8 -70 1 0 0 0 1 0 0 0 1 50950.dat
1 14 12.961 -53.433 30 -0.92388 0 0.382683 -0.382683 0 -0.92388 0 -1 0 32524.dat
1 0 10 3 0 0 -0.382683 -0.92388 0 0.92388 -0.382683 1 0 0 2780.dat
1 0 55.922 -107.865 0 0 -0.55557 -0.83147 0 0.83147 -0.55557 1 0 0 2780.dat
1 14 32.961 -52.433 -10 0.92388 0 0.382683 0.382683 0 -0.92388 0 1 0 32524.dat
1 0 135.922 -108.865 0 0 -1 0 0 0 1 -1 0 0 2780.dat
1 0 15.921 -108.865 0 0 1 0 0 0 1 1 0 0 6628.dat
1 14 75.922 -108.867 10 0 0 1 -1 0 0 0 -1 0 32524.dat
1 4 135.921 -86.865 -10 1 0 0 0 1 0 0 0 1 32530.dat
0
0 FILE Gun.ldr
0 Gun
0 Name: Gun.ldr
0 Author: R Paluczak
0 Unofficial Model
0 ROTATION CENTER 0 0 0 1 "Custom" 
0 ROTATION CONFIG 0 0
1 0 -30 0 0 0 0 1 0 1 0 -1 0 0 4070.dat
1 0 10 -40 0 0 0 -1 0 1 0 1 0 0 4070.dat
1 0 56 -31 0 0 -1 0 0 0 -1 1 0 0 2343.dat
1 72 75 -31 0 0 -1 0 0 0 -1 1 0 0 59900.dat
1 0 -20 -8 0 1 0 0 0 1 0 0 0 1 32028.dat
1 36 20 -12 -14 0 -1 0 1 0 0 0 0 1 30374.dat
1 36 20 -28 -14 0 -1 0 1 0 0 0 0 1 30374.dat
1 0 -20 -24 0 1 0 0 0 1 0 0 0 1 32028.dat
1 0 -20 -40 0 1 0 0 0 1 0 0 0 1 32028.dat
1 0 -20 -32 0 -1 0 0 0 1 0 0 0 -1 2436a.dat
1 0 -50 -32 0 0 0 1 0 1 0 -1 0 0 2555.dat
1 72 -52 -22 23 0 1 0 1 0 0 0 0 -1 30154.dat
1 0 -10 10 18 1 0 0 0 0 1 0 -1 0 4592.dat
1 0 -10 10 18 1 0 0 0 -0.55557 0.83147 0 -0.83147 -0.55557 4593.dat
1 0 -10 10 -18 -1 0 0 0 0 1 0 1 0 4592.dat
1 0 -10 10 -18 -1 0 0 0 -0.55557 0.83147 0 0.83147 0.55557 4593.dat
1 0 8 10 0 0 -1 0 0 0 1 -1 0 0 4592.dat
1 0 8 10 0 0 -0.83147 -0.55557 0 -0.55557 0.83147 -1 0 0 4593.dat
1 72 -10 0 0 0 0 1 0 1 0 -1 0 0 4733.dat
1 47 -10 24 0 0 0 1 0 1 0 -1 0 0 4740.dat
1 72 -20 -16 0 1 0 0 0 1 0 0 0 1 3710.dat
1 57 -50 -24 0 1 0 0 0 1 0 0 0 1 4073.dat
0
0 FILE Probe Droid.ldr
0 New Model
0 Name: Probe Droid.ldr
0 Author: R Paluczak
0 Unofficial Model
0 ROTATION CENTER 0 0 0 1 "Custom" 
0 ROTATION CONFIG 0 0
1 72 -30 8 0 1 0 0 0 1 0 0 0 1 4032b.dat
1 72 -30 -4 0 0 -1 0 1 0 0 0 0 1 6587.dat
1 79 -30 106 0 1 0 0 0 1 0 0 0 1 43898.dat
1 79 -30 34 0 -1 0 0 0 -1 0 0 0 1 3957a.dat
1 0 -30 0 0 0 0 1 0 1 0 -1 0 0 30033.dat
1 72 -30 -8 0 1 0 0 0 1 0 0 0 1 4032b.dat
1 0 -30 -16 0 1 0 0 0 1 0 0 0 1 30033.dat
1 0 -30 -40 0 1 0 0 0 1 0 0 0 1 3960.dat
1 0 -30 -48 0 1 0 0 0 1 0 0 0 1 4592.dat
1 0 -30 -50 0 1 0 0 0 1 0 0 0 1 4593.dat
1 0 -30 -14 -36 0 0 1 -1 0 0 0 -1 0 2555.dat
1 57 -30 -14 -44 0 0 1 -1 0 0 0 -1 0 4073.dat
1 0 -30 -14 36 0 0 -1 -1 0 0 0 1 0 2555.dat
1 57 -30 -14 44 0 0 -1 -1 0 0 0 1 0 4073.dat
1 0 6 -14 0 0 1 0 -1 0 0 0 0 1 2555.dat
1 0 14 -14 0 0 1 0 -1 0 0 0 0 1 4073.dat
1 0 -66 -14 0 0 -1 0 -1 0 0 0 0 -1 2555.dat
1 0 -74 -14 0 0 -1 0 -1 0 0 0 0 -1 4073.dat
1 0 -30 2 -30 1 0 0 0 1 0 0 0 1 30377.dat
1 0 0 2 0 0 0 -1 0 1 0 1 0 0 30377.dat
1 0 -30 2 30 -1 0 0 0 0.980785 -0.19509 0 -0.19509 -0.980785 30377.dat
1 0 -60 2 0 0 0.19509 0.980785 0 0.980785 -0.19509 -1 0 0 30377.dat
0
0
