0 FILE Untitled.ldr
0 Untitled
0 Name: Untitled.ldr
0 Author: R Paluczak
0 Unofficial Model
0 ROTATION CENTER 0 0 0 1 "Custom" 
0 ROTATION CONFIG 0 0
1 0 100.133 -24 152.867 0.92388 -0.382683 0 0.382683 0.92388 0 0 0 1 Part 1.ldr
1 0 100 201.693 2.867 0 0 1 0 1 0 -1 0 0 Chewbacca.ldr
0
0 FILE Chewbacca.ldr
0 Chewbacca
0 Name: Chewbacca.ldr
0 Author: R Paluczak
0 Unofficial Model
0 ROTATION CENTER 0 0 0 1 "Custom" 
0 ROTATION CONFIG 0 0
1 6 0 0 0 1 0 0 0 1 0 0 0 1 30483p01.dat
1 6 0 0 0 1 0 0 0 1 0 0 0 1 973.dat
1 6 0 32 0 1 0 0 0 1 0 0 0 1 3815.dat
1 6 -15.552 9 0 0.985 -0.17 0 0.17 0.985 0 0 0 1 3818.dat
1 6 15.552 9 0 0.985 0.17 0 -0.17 0.985 0 0 0 1 3819.dat
1 6 -23.8634 26.5956 -10.321 0.985 -0.12019 0.12019 0.17 0.696395 -0.696395 0 0.707 0.707 3820.dat
1 6 23.8634 26.5956 -10.321 0.985 0.12019 -0.12019 -0.17 0.696395 -0.696395 0 0.707 0.707 3820.dat
1 6 0 44 0 1 0 0 0 1 0 0 0 1 3816.dat
1 6 0 44 0 1 0 0 0 1 0 0 0 1 3817.dat
0
0 FILE Part 1.ldr
0 Part 1
0 Name: Part 1.ldr
0 Author: R Paluczak
0 Unofficial Model
0 ROTATION CENTER 0 0 0 1 "Custom" 
0 ROTATION CONFIG 0 0
1 7 -40 0 0 1 0 0 0 1 0 0 0 1 3035.dat
1 7 -60 -104 0 1 0 0 0 1 0 0 0 1 3031.dat
1 7 -50 -38 56 1 0 0 0 0 1 0 -1 0 3960.dat
1 7 -50 -22 70 0 0 1 0 -1 0 1 0 0 4349.dat
1 8 -50 -38 64 1 0 0 0 0 1 0 -1 0 2555.dat
1 7 -40 -120 0 0 0 1 0 1 0 -1 0 0 4150ps7.dat
1 7 30 -32 0 0 0 -1 0 1 0 1 0 0 4625.dat
1 7 24 -36 0 0 -1 0 0 0 1 -1 0 0 2337.dat
1 7 36 -72 -20 0 -1 0 0 0 -1 1 0 0 4150ps9.dat
1 7 36 -72 20 0 -1 0 0 0 -1 1 0 0 4150ps9.dat
1 7 -90 -72 30 0 0 1 0 1 0 -1 0 0 4460.dat
1 7 -90 -72 -30 0 0 1 0 1 0 -1 0 0 4460.dat
1 8 -90 -96 0 0 0 1 0 1 0 -1 0 0 30499.dat
1 7 -120 -14 0 0 -1 0 0 0 1 -1 0 0 3938.dat
1 8 -120.761 -17.827 0 0 -0.92388 -0.382683 0 0.382683 -0.92388 1 0 0 3937.dat
1 7 -142.934 -8.643 -9 -0.270598 -0.92388 0.270598 -0.653281 0.382683 0.653281 -0.707107 0 -0.707107 577b.dat
1 7 -142.934 -8.643 9 -0.270598 -0.92388 0.270598 -0.653281 0.382683 0.653281 -0.707107 0 -0.707107 577b.dat
1 15 -70 -96 0 0 0 -1 0 1 0 1 0 0 3660p01.dat
1 7 -110 8 0 0 0 1 0 1 0 -1 0 0 30414.dat
1 8 -20 -24 30 1 0 0 0 1 0 0 0 1 3009.dat
1 6 -10 -32 30 1 0 0 0 1 0 0 0 1 3623.dat
1 6 -10 -32 -30 1 0 0 0 1 0 0 0 1 3623.dat
1 8 -20 -24 -30 1 0 0 0 1 0 0 0 1 3009.dat
1 8 -60 -96 30 1 0 0 0 1 0 0 0 1 43337.dat
1 8 -60 -96 -30 -1 0 0 0 1 0 0 0 -1 43337.dat
1 8 0 -120 0 0 0 1 0 1 0 -1 0 0 2873.dat
1 8 -70 -72 -30 1 0 0 0 1 0 0 0 1 2357.dat
1 8 -70 -72 30 0 0 1 0 1 0 -1 0 0 2357.dat
1 8 -90 8 -30 0 0 -1 0 1 0 1 0 0 3665.dat
1 8 -100 32 0 0 0 -1 0 1 0 1 0 0 3020.dat
1 8 -40 -112 0 0 0 -1 0 1 0 1 0 0 3020.dat
1 8 -20 32 0 -1 0 0 0 1 0 0 0 -1 3020.dat
1 7 -40 40 0 -1 0 0 0 1 0 0 0 -1 2476a.dat
1 7 0 40 0 -1 0 0 0 1 0 0 0 -1 2476a.dat
1 7 -50 -38 -56 -1 0 0 0 0 1 0 1 0 3960.dat
1 8 -50 -38 -80 0 0 -1 -1 0 0 0 1 0 4733.dat
1 7 -50 -18 -70 0 0 1 0 -1 0 1 0 0 3959.dat
1 7 -50 -58 -70 0 0 1 0 1 0 -1 0 0 3959.dat
1 8 -90 8 30 0 0 -1 0 1 0 1 0 0 3665.dat
1 14 -70 -24 0 1 0 0 0 1 0 0 0 1 3002.dat
1 0 -110 -24 0 0 0 -1 0 1 0 1 0 0 32000.dat
1 19 -70 -48 0 0 0 -1 0 1 0 1 0 0 3010.dat
1 0 -20 8 0 -1 0 0 0 1 0 0 0 -1 4854.dat
1 0 30 -24 0 0 0 1 0 1 0 -1 0 0 2877.dat
1 4 10 -32 0 0 0 1 0 1 0 -1 0 0 2432.dat
1 4 -50 -48 30 1 0 0 0 1 0 0 0 1 6541.dat
1 4 -50 -48 -30 1 0 0 0 1 0 0 0 1 6541.dat
1 1 -50 -38 -40 0 0 1 0 1 0 -1 0 0 4274.dat
1 1 -50 -38 40 0 0 -1 0 1 0 1 0 0 4274.dat
1 6 -10 -8 0 0 0 1 0 1 0 -1 0 0 2412b.dat
1 6 -30 -8 0 0 0 1 0 1 0 -1 0 0 2412b.dat
1 8 -128 18 0 0 1 0 0 0 -1 -1 0 0 2412b.dat
1 8 83 69 60 1 0 0 0 1 0 0 0 1 Part 2.ldr
0
0 FILE Part 2.ldr
0 Part 2
0 Name: Part 2.ldr
0 Author: R Paluczak
0 Unofficial Model
0 ROTATION CENTER 0 0 0 1 "Custom" 
0 ROTATION CONFIG 0 0
1 6 -46.383 193.337 -10 0 0.382683 0.92388 0 0.92388 -0.382683 -1 0 0 Part 3.ldr
1 8 -20.251 130.251 30 0.382683 0.92388 0 0.92388 -0.382683 0 0 0 -1 30365.dat
1 7 -7.187 172.62 10 0 0.92388 -0.382683 0 0.382683 0.92388 1 0 0 30554.dat
1 7 -7.187 172.62 30 0 0.92388 -0.382683 0 0.382683 0.92388 1 0 0 30554.dat
1 8 -103.106 6.798 0 1 0 0 0 1 0 0 0 1 3020.dat
1 8 -103.106 38.798 0 1 0 0 0 1 0 0 0 1 3020.dat
1 8 17.35 -9 -139.85 1 0 0 0 1 0 0 0 1 Part 4.ldr
1 6 1.922 121.068 20 0.382683 0.92388 0 0.92388 -0.382683 0 0 0 -1 3022.dat
1 0 -23.813 142.552 20 0 0.92388 -0.382683 0 -0.382683 -0.92388 -1 0 0 3023.dat
1 19 -45.989 151.736 20 0 0.92388 0.382683 0 -0.382683 0.92388 1 0 0 3049c.dat
1 6 -31.467 124.075 20 0 0.92388 -0.382683 0 -0.382683 -0.92388 -1 0 0 2412b.dat
1 8 -153.105 24.797 0 0 0 1 1 0 0 0 1 0 30258.dat
1 8 -83.107 14.799 10 1 0 0 0 1 0 0 0 1 30365.dat
1 7 -35.556 93.299 10 -0.382683 0.92388 0 -0.92388 -0.382683 0 0 0 1 30388.dat
1 19 -83.107 14.799 -10 1 0 0 0 1 0 0 0 1 3004.dat
1 7 -133.108 14.799 0 0 0 1 0 1 0 -1 0 0 30236.dat
1 6 -123.106 -1.199 0 1 0 0 0 1 0 0 0 1 2460.dat
1 7 -123 -11 -60 1 0 0 0 1 0 0 0 1 32524.dat
1 7 -83 -11 -60 1 0 0 0 1 0 0 0 1 32524.dat
1 6 -83.106 -1.201 0 1 0 0 0 1 0 0 0 1 2460.dat
0
0 FILE Part 3.ldr
0 Part 3
0 Name: Part 3.ldr
0 Author: R Paluczak
0 Unofficial Model
0 ROTATION CENTER 0 0 0 1 "Custom" 
0 ROTATION CONFIG 0 0
1 6 -30 32 0 1 0 0 0 1 0 0 0 1 30303.dat
1 8 -30 32 -70 1 0 0 0 1 0 0 0 1 2540.dat
1 8 -30 -8 10 1 0 0 0 1 0 0 0 1 3298.dat
1 8 -40 16 20 0 0 -1 0 1 0 1 0 0 30383.dat
1 8 -20 16 20 0 0 -1 0 1 0 1 0 0 30383.dat
1 7 -30 24 -60 1 0 0 0 1 0 0 0 1 3022.dat
1 7 -40 -16 10 1 0 0 0 1 0 0 0 1 4073.dat
1 7 -20 -16 10 1 0 0 0 1 0 0 0 1 4073.dat
1 19 -30 16 -30 0 0 -1 0 1 0 1 0 0 3021.dat
0
0 FILE Part 4.ldr
0 Part 4
0 Name: Part 4.ldr
0 Author: R Paluczak
0 Unofficial Model
0 ROTATION CENTER 0 0 0 1 "Custom" 
0 ROTATION CONFIG 0 0
1 8 -120 16 20 1 0 0 0 1 0 0 0 1 3020.dat
1 8 -120 48 20 1 0 0 0 1 0 0 0 1 3020.dat
1 6 -14.97 130.27 0 0.382683 0.92388 0 0.92388 -0.382683 0 0 0 -1 3022.dat
1 6 -63.275 202.539 -30 0 0.382683 0.92388 0 0.92388 -0.382683 -1 0 0 Part 3.ldr
1 0 -40.707 151.754 0 0 0.92388 -0.382683 0 -0.382683 -0.92388 -1 0 0 3023.dat
1 19 -62.882 160.938 0 0 0.92388 0.382683 0 -0.382683 0.92388 1 0 0 3049c.dat
1 6 -48.361 133.276 0 0 0.92388 -0.382683 0 -0.382683 -0.92388 -1 0 0 2412b.dat
1 8 -170 34 20 0 0 1 1 0 0 0 1 0 30258.dat
1 8 -100 24 10 1 0 0 0 1 0 0 0 1 30365.dat
1 8 -37.143 139.452 -10 0.382683 0.92388 0 0.92388 -0.382683 0 0 0 -1 30365.dat
1 7 -52.45 102.498 10 -0.382683 0.92388 0 -0.92388 -0.382683 0 0 0 1 30388.dat
1 7 -24.078 181.821 10 0 0.92388 -0.382683 0 0.382683 0.92388 1 0 0 30554.dat
1 7 -24.078 181.821 -10 0 0.92388 -0.382683 0 0.382683 0.92388 1 0 0 30554.dat
1 19 -100 24 30 1 0 0 0 1 0 0 0 1 3004.dat
1 7 -150 24 20 0 0 1 0 1 0 -1 0 0 30236.dat
1 6 -140 8 20 1 0 0 0 1 0 0 0 1 2460.dat
1 6 -100 8 20 1 0 0 0 1 0 0 0 1 2460.dat
0
0
