0 FILE Jedi Duel.ldr
0 Jedi Duel
0 Name: Jedi Duel.ldr
0 Author: R Paluczak
0 Unofficial Model
0 ROTATION CENTER 0 0 0 1 "Custom" 
0 ROTATION CONFIG 0 0
1 0 40 36 0 1 0 0 0 1 0 0 0 1 Dooku's Speeder.ldr
1 0 -110 56 0 -0.707107 0 -0.707107 0 1 0 0.707107 0 -0.707107 Mechanical Piece.ldr
1 0 291.672 -4 59.578 0.965926 0 -0.258819 0 1 0 0.258819 0 0.965926 Count Dooku.ldr
1 0 -162.634 12 -150.895 0.258819 0 -0.965926 0 1 0 0.965926 0 0.258819 Yoda.ldr
0
0 FILE Yoda.ldr
0 Yoda
0 Name: Yoda.ldr
0 Author: R Paluczak
0 Unofficial Model
0 ROTATION CENTER 0 0 0 1 "Custom" 
0 ROTATION CONFIG 0 0
1 378 0 0 0 1 0 0 0 1 0 0 0 1 41880.dat
1 19 0 0 0 1 0 0 0 1 0 0 0 1 973pr3.dat
1 19 0 32 0 1 0 0 0 1 0 0 0 1 41879.dat
1 19 -15.552 9 0 0.985 -0.17 0 0.17 0.985 0 0 0 1 3818.dat
1 19 15.552 9 0 0.985 0.17 0 -0.17 0.985 0 0 0 1 3819.dat
1 378 -23.8634 26.5956 -10.321 0.985 -0.12019 0.12019 0.17 0.696395 -0.696395 0 0.707 0.707 3820.dat
1 378 23.8634 26.5956 -10.321 0.985 0.12019 -0.12019 -0.17 0.696395 -0.696395 0 0.707 0.707 3820.dat
1 42 -23.1951 22.7236 -33.8217 0.985 -0.0874983 0.14567 0.17 0.506976 -0.844031 0 0.856884 0.514696 577c01.dat
0
0 FILE Count Dooku.ldr
0 Count Dooku
0 Name: Count Dooku.ldr
0 Author: R Paluczak
0 Unofficial Model
0 ROTATION CENTER 0 0 0 1 "Custom" 
0 ROTATION CONFIG 0 0
1 7 0 -25.5 0 1 0 0 0 1 0 0 0 1 3901.dat
1 14 0 -25.5 0 1 0 0 0 1 0 0 0 1 3626bps4.dat
1 6 0 -2 0 1 0 0 0 1 0 0 0 1 522.dat
1 0 0 0 0 1 0 0 0 1 0 0 0 1 973pr1.dat
1 0 0 32 0 1 0 0 0 1 0 0 0 1 3815.dat
1 0 -15.552 9 0 0.985 -0.17 0 0.17 0.985 0 0 0 1 3818.dat
1 0 15.552 9 0 0.985 0.17 0 -0.17 0.985 0 0 0 1 3819.dat
1 14 -23.8634 26.5956 -10.321 0.985 -0.12019 0.12019 0.17 0.696395 -0.696395 0 0.707 0.707 3820.dat
1 14 23.8634 26.5956 -10.321 0.985 0.12019 -0.12019 -0.17 0.696395 -0.696395 0 0.707 0.707 3820.dat
1 36 -23.1951 22.7236 -33.8217 0.985 -0.0874983 0.14567 0.17 0.506976 -0.844031 0 0.856884 0.514696 577c01.dat
1 0 0 44 0 1 0 0 0 1 0 0 0 1 3816.dat
1 0 0 44 0 1 0 0 0 1 0 0 0 1 3817.dat
0
0 FILE Dooku's Speeder.ldr
0 Dooku's Speeder
0 Name: Dooku's Speeder.ldr
0 Author: R Paluczak
0 Unofficial Model
0 ROTATION CENTER 0 0 0 1 "Custom" 
0 ROTATION CONFIG 0 0
1 7 70 16 -60 0 0 -1 0 1 0 1 0 0 3034.dat
1 7 80 -8 0 -1 0 0 0 1 0 0 0 -1 41763.dat
1 7 60 -8 0 -1 0 0 0 1 0 0 0 -1 41763.dat
1 7 80 -8 -40 0 0 -1 0 1 0 1 0 0 3660.dat
1 7 80 -40 -40 0 0 -1 0 1 0 1 0 0 3039.dat
1 7 60 -40 -40 0 0 1 0 1 0 -1 0 0 3039.dat
1 379 80 -40 0 -1 0 0 0 1 0 0 0 -1 41747.dat
1 379 80 -16 -150 -1 0 0 0 1 0 0 0 -1 6091.dat
1 379 70 -16 -150 -1 0 0 0 1 0 0 0 -1 3794b.dat
1 379 60 -16 -150 -1 0 0 0 1 0 0 0 -1 6091.dat
1 379 70 -48 -10 -1 0 0 0 1 0 0 0 -1 32530.dat
1 1 70 -70 -20 0 0 1 0 1 0 -1 0 0 4274.dat
1 379 70 -70 -44 -1 0 0 0 0 1 0 1 0 3062b.dat
1 379 70 -70 24 1 0 0 0 0 1 0 -1 0 6188.dat
1 379 60 -40 0 -1 0 0 0 1 0 0 0 -1 41748.dat
1 7 60 -8 -40 0 0 1 0 1 0 -1 0 0 3660.dat
1 8 70 24 0 0 0 -1 0 1 0 1 0 0 3022.dat
1 8 80 8 -80 0 0 -1 0 1 0 1 0 0 2540.dat
1 8 60 8 -80 0 0 1 0 1 0 -1 0 0 2540.dat
1 8 70 -16 -50 1 0 0 0 1 0 0 0 1 3710.dat
1 7 70 -24 -70 1 0 0 0 1 0 0 0 1 2432.dat
1 7 108.2 21 -140.2 -1 0 0 0 0.374607 0.927184 0 0.927184 -0.374607 30377.dat
1 7 31.6 21 -140.2 -1 0 0 0 0.374607 0.927184 0 0.927184 -0.374607 30377.dat
1 379 83.9 -14.1 110 0 0 -1 -1 0 0 0 1 0 3846.dat
1 379 55.9 -14.1 110 0 0 1 1 0 0 0 1 0 3846.dat
1 8 70 -16 20 -1 0 0 0 1 0 0 0 -1 4859.dat
1 8 100 -16 -30 0 0 -1 0 1 0 1 0 0 6019.dat
1 8 70 -24 -150 -1 0 0 0 1 0 0 0 -1 6019.dat
1 0 70 -22.5 -130 1 0 0 0 0.927184 0.374607 0 -0.374607 0.927184 30031.dat
1 8 70 -70 -49.6 0 0 -1 -1 0 0 0 1 0 30374.dat
1 8 80 -16 90 -1 0 0 0 1 0 0 0 -1 6019.dat
1 8 60 -16 90 -1 0 0 0 1 0 0 0 -1 6019.dat
1 8 40 -16 -30 0 0 1 0 1 0 -1 0 0 6019.dat
1 8 70 10 -164 1 0 0 0 0 -1 0 1 0 3023.dat
1 14 70 -16 -20 1 0 0 0 1 0 0 0 1 3022.dat
1 8 70 -16 60 1 0 0 0 1 0 0 0 1 3022.dat
1 0 70 16 -140 -1 0 0 0 1 0 0 0 -1 6157.dat
1 0 80 0 -150 1 0 0 0 1 0 0 0 1 4070.dat
1 0 60 0 -150 1 0 0 0 1 0 0 0 1 4070.dat
1 0 70 8 -110 -1 0 0 0 1 0 0 0 -1 2412b.dat
1 0 70 -48 -30 -1 0 0 0 1 0 0 0 -1 2412b.dat
1 379 70 0 -164 -1 0 0 0 0 1 0 1 0 30602.dat
0
0 FILE Mechanical Piece.ldr
0 Mechanical Piece
0 Name: Mechanical Piece.ldr
0 Author: R Paluczak
0 Unofficial Model
0 ROTATION CENTER -30 -84.0873 0.0624203 1 "Custom" 
0 ROTATION CONFIG 0 0
1 19 -30 8 0 1 0 0 0 1 0 0 0 1 3031.dat
0 MLCAD BTG Group name
1 6 44.172 -98.278 -128.407 0.866025 0.12941 -0.482963 0 0.965926 0.258819 0.5 -0.224144 0.836516 3794b.dat
0 MLCAD BTG Group name
1 320 45.207 -90.55 -130.201 0.866025 0.12941 -0.482963 0 0.965926 0.258819 0.5 -0.224144 0.836516 3839b.dat
0 MLCAD BTG Group name
1 19 -32.65 -104.11 4.652 0.866025 -0.482963 -0.12941 0 0.258819 -0.965926 0.5 0.836516 0.224144 32174.dat
0 MLCAD BTG Group name
1 7 -24.614 -129.123 -9.267 0.866025 -0.482963 -0.12941 0 0.258819 -0.965926 0.5 0.836516 0.224144 2907.dat
0 MLCAD BTG Group name
1 6 -4.281 -140.019 -44.484 0.866025 -0.12941 0.482963 0 -0.965926 -0.258819 0.5 0.224144 -0.836516 32015.dat
0 MLCAD BTG Group name
1 6 13.961 -92.337 -76.081 0.866025 0.12941 -0.482963 0 0.965926 0.258819 0.5 -0.224144 0.836516 32015.dat
0 MLCAD BTG Group name
1 6 42.939 -107.866 -126.272 -0.12941 -0.866025 0.482963 -0.965926 0 -0.258819 0.224144 -0.5 -0.836516 32013.dat
0 MLCAD BTG Group name
1 4 4.6 -116.619 -59.867 0.321394 0.383022 -0.866025 0.766044 -0.642788 0 -0.55667 -0.663414 -0.5 32062.dat
1 8 -30 0 30 1 0 0 0 1 0 0 0 1 3023.dat
1 8 -30 0 -30 1 0 0 0 1 0 0 0 1 3023.dat
1 8 -30 -16 -30 1 0 0 0 1 0 0 0 1 32530.dat
1 8 -30 -16 30 1 0 0 0 1 0 0 0 1 32530.dat
1 8 -30 -48 0 0 0 -1 0 1 0 1 0 0 30000.dat
1 320 -30 -24 0 0 0 -1 0 1 0 1 0 0 3941.dat
1 320 -30 -72 0 0 0 -1 0 1 0 1 0 0 3941.dat
1 0 -30 -44 0 0 0 -1 -1 0 0 0 1 0 32073.dat
1 8 -30 -84 0 0 0 -1 0 1 0 1 0 0 32474.dat
0 MLCAD BTG Group name
1 8 -63.879 -108.082 58.741 0.12941 0.482963 -0.866025 0.965926 -0.258819 0 -0.224144 -0.836516 -0.5 32474.dat
0 MLCAD BTG Group name
1 320 -49.728 -115.664 34.231 -0.482963 0.12941 -0.866025 0.258819 0.965926 0 0.836516 -0.224144 -0.5 75535.dat
0 MLCAD BTG Group name
1 0 -39.682 -121.048 16.831 0.482963 -0.12941 -0.866025 -0.258819 -0.965926 0 -0.836516 0.224144 -0.5 3706.dat
0 MLCAD BTG Group name
1 4 27.91 -99.501 -100.241 0.482963 -0.12941 -0.866025 -0.258819 -0.965926 0 -0.836516 0.224144 -0.5 32062.dat
0 GROUP 12 Group name
1 335 -30 -8 -30 1 0 0 0 1 0 0 0 1 2540.dat
1 335 -30 -8 30 -1 0 0 0 1 0 0 0 -1 2540.dat
1 0 0 -8 0 0 0 -1 0 1 0 1 0 0 4531.dat
1 8 0 -8 0 0 0 -1 0 1 0 1 0 0 4275b.dat
1 7 0 -40 0 0 0 1 0 1 0 -1 0 0 2432.dat
1 7 -60 -24 0 0 0 1 0 1 0 -1 0 0 2432.dat
0
0
