0 FILE Jek-14s Stealth Starfighter.ldr
0 Jek-14s Stealth Starfighter
0 Name: Jek-14s Stealth Starfighter.ldr
0 Author: LDraw
0 Unofficial Model
0 ROTATION CENTER 0 0 0 1 "Custom" 
0 ROTATION CONFIG 0 0
1 0 -32.763 8 246.959 0 0 1 0 1 0 -1 0 0 Jek-14.ldr
1 0 77.098 -86.407 89.861 -0.358757 0.397047 -0.844777 0.307764 0.90473 0.294525 0.881235 -0.154329 -0.446775 Part 1.ldr
0
0 FILE Jek-14.ldr
0 Jek-14
0 Name: Jek-14.ldr
0 Author: LDraw
0 Unofficial Model
0 ROTATION CENTER 0 0 0 1 "Custom" 
0 ROTATION CONFIG 0 0
1 0 0 -24 0 1 0 0 0 1 0 0 0 1 92081.dat
1 78 0 -24 0 1 0 0 0 1 0 0 0 1 3626bp01.dat
1 15 0 0 0 1 0 0 0 1 0 0 0 1 973.dat
1 15 60 48 0 1 0 0 0 1 0 0 0 1 11217.dat
1 71 0 32 0 1 0 0 0 1 0 0 0 1 3815.dat
1 15 -15.552 9 0 0.985 -0.17 0 0.17 0.985 0 0 0 1 3818.dat
1 43 15.552 9 0 0.985 0.17 0 -0.17 0.985 0 0 0 1 3819.dat
1 71 -23.8634 26.5956 -10.321 0.985 -0.12019 0.12019 0.17 0.696395 -0.696395 0 0.707 0.707 3820.dat
1 71 23.8634 26.5956 -10.321 0.985 0.12019 -0.12019 -0.17 0.696395 -0.696395 0 0.707 0.707 3820.dat
1 43 -23.1951 22.7236 -33.8217 0.985 -0.0874983 0.14567 0.17 0.506976 -0.844031 0 0.856884 0.514696 577bc01.dat
1 15 0 44 0 1 0 0 0 1 0 0 0 1 3816.dat
1 15 0 44 0 1 0 0 0 1 0 0 0 1 3817.dat
0
0 FILE Part 1.ldr
0 Part 1
0 Name: Part 1.ldr
0 Author: LDraw
0 Unofficial Model
0 ROTATION CENTER 0 0 0 1 "Custom" 
0 ROTATION CONFIG 0 0
1 72 10 24 0 1 0 0 0 1 0 0 0 1 3034.dat
1 72 70 8 0 1 0 0 0 1 0 0 0 1 3034.dat
1 70 40 -16 0 0 0 -1 0 1 0 1 0 0 3039.dat
1 72 -20 -8 0 1 0 0 0 1 0 0 0 1 3021.dat
1 0 -50 0 0 1 0 0 0 1 0 0 0 1 4871.dat
1 0 -50 0 0 1 0 0 0 1 0 0 0 1 4032b.dat
1 0 10 -72 0 1 0 0 0 1 0 0 0 1 4032b.dat
1 0 -50 -72 0 1 0 0 0 1 0 0 0 1 87580.dat
1 71 -50 -96 0 1 0 0 0 1 0 0 0 1 98100.dat
1 0 -20 -72 0 0 0 -1 0 1 0 1 0 0 2412b.dat
1 0 10 -80 0 1 0 0 0 1 0 0 0 1 92582.dat
1 0 30 -86 0 0 0 1 0 1 0 -1 0 0 482.dat
1 0 110 -86 0 0 0 1 0 1 0 -1 0 0 59443.dat
1 71 30 -86 0 0 1 0 0 0 -1 -1 0 0 30374.dat
1 0 10 0 0 1 0 0 0 1 0 0 0 1 4032b.dat
1 4 -40 8 0 0 0 -1 0 1 0 1 0 0 3023.dat
1 4 20 -8 0 0 0 -1 0 1 0 1 0 0 3023.dat
1 4 170 -8 0 0 0 -1 0 1 0 1 0 0 43719.dat
1 4 -50 -8 -30 -1 0 0 0 1 0 0 0 -1 3023.dat
1 0 -50 -24 -30 -1 0 0 0 1 0 0 0 -1 3023.dat
1 0 -50 -24 30 -1 0 0 0 1 0 0 0 -1 3023.dat
1 0 -40 -24 0 0 0 1 0 1 0 -1 0 0 3023.dat
1 0 0 -24 20 0 0 1 0 1 0 -1 0 0 3023.dat
1 0 0 -24 -20 0 0 1 0 1 0 -1 0 0 3023.dat
1 4 50 -8 -30 -1 0 0 0 1 0 0 0 -1 3666.dat
1 4 -10 -64 0 -1 0 0 0 1 0 0 0 -1 3020.dat
1 4 50 -8 30 -1 0 0 0 1 0 0 0 -1 3666.dat
1 4 -50 -8 30 -1 0 0 0 1 0 0 0 -1 3023.dat
1 4 -20 0 -10 -1 0 0 0 1 0 0 0 -1 6541.dat
1 4 -20 0 10 -1 0 0 0 1 0 0 0 -1 6541.dat
1 0 -20 10 20 0 0 1 0 1 0 -1 0 0 2780.dat
1 4 -60 8 0 0 0 1 0 1 0 -1 0 0 48336.dat
1 0 30 0 0 1 0 0 0 1 0 0 0 1 72454.dat
1 0 0 -16 0 0 0 -1 0 1 0 1 0 0 3710.dat
1 0 -40 -16 0 0 0 -1 0 1 0 1 0 0 3710.dat
1 0 -60 -64 0 0 0 -1 0 1 0 1 0 0 3710.dat
1 0 -60 -16 30 0 0 -1 0 1 0 1 0 0 3024.dat
1 0 -60 -16 -30 0 0 -1 0 1 0 1 0 0 3024.dat
1 0 -60 -56 30 0 0 -1 0 1 0 1 0 0 3024.dat
1 0 -60 -56 -30 0 0 -1 0 1 0 1 0 0 3024.dat
1 0 -60 -48 -30 0 0 -1 0 1 0 1 0 0 3005.dat
1 0 -60 -48 30 0 0 -1 0 1 0 1 0 0 3005.dat
1 0 -40 -48 0 0 0 -1 0 1 0 1 0 0 3701.dat
1 0 -79.5 -30 0 0 0.997859 -0.0654031 0 0.0654031 0.997859 1 0 0 30350.dat
1 0 -40 -56 -20 1 0 0 0 1 0 0 0 1 92946.dat
1 0 0 -56 -20 1 0 0 0 1 0 0 0 1 92946.dat
1 0 0 -56 20 -1 0 0 0 1 0 0 0 -1 92946.dat
1 0 -40 -56 20 -1 0 0 0 1 0 0 0 -1 92946.dat
1 0 20 -56 10 -1 0 0 0 1 0 0 0 -1 60481.dat
1 0 20 -56 -10 1 0 0 0 1 0 0 0 1 60481.dat
1 0 0 -48 0 0 0 -1 0 1 0 1 0 0 3701.dat
1 1 -20 -38 -20 -1 0 0 0 1 0 0 0 -1 6558.dat
1 1 -20 -38 20 -1 0 0 0 0.92388 -0.382683 0 -0.382683 -0.92388 6558.dat
1 1 0 -10.546 12.98 1 0 0 0 0.92388 -0.382683 0 0.382683 0.92388 Part 3.ldr
1 1 -20 -38 20 -1 0 0 0 0.92388 -0.382683 0 -0.382683 -0.92388 6558.dat
1 1 -40 -10.546 -13.02 -1 0 0 0 0.92388 -0.382683 0 -0.382683 -0.92388 Part 2.ldr
1 0 90 0 0 0 0 -1 0 1 0 1 0 0 43713.dat
1 0 150 -32 0 0 0 -1 0 1 0 1 0 0 47753.dat
1 0 90 -8 -30 1 0 0 0 1 0 0 0 1 85984.dat
1 0 50 -8 -30 1 0 0 0 1 0 0 0 1 85984.dat
1 0 50 -8 30 -1 0 0 0 1 0 0 0 -1 85984.dat
1 0 90 -8 30 -1 0 0 0 1 0 0 0 -1 85984.dat
1 0 40 -16 0 0 0 -1 0 1 0 1 0 0 85984.dat
1 0 70 32 0 0 0 -1 0 1 0 1 0 0 2654.dat
1 0 -20 10 -20 0 0 1 0 1 0 -1 0 0 2780.dat
1 71 -20 20 -30 -1 0 0 0 0 1 0 1 0 43857.dat
1 71 -20 20 30 -1 0 0 0 0 1 0 1 0 43857.dat
0
0 FILE Part 2.ldr
0 Part 2
0 Name: Part 2.ldr
0 Author: LDraw
0 Unofficial Model
0 ROTATION CENTER 0 0 0 1 "Custom" 
0 ROTATION CONFIG 0 0
1 4 -20 -38 -20 1 0 0 0 1 0 0 0 1 32013.dat
1 4 -20 -24 -90 0 0 -1 0 1 0 1 0 0 3020.dat
1 4 -20 -64 -60 -1 0 0 0 1 0 0 0 -1 2412b.dat
1 71 -50 -64 -70 0 0 1 0 1 0 -1 0 0 3069b.dat
1 71 10 -64 -70 0 0 1 0 1 0 -1 0 0 3069b.dat
1 4 -20 -48 -120 1 0 0 0 1 0 0 0 1 48336.dat
1 71 -76 -28 -110 0 1 0 -1 0 0 0 0 1 98100.dat
1 71 52 -28 -110 0 -1 0 -1 0 0 0 0 -1 3942c.dat
1 71 -18 -22 -148 0 1 0 -1 0 0 0 0 1 63965.dat
1 0 -123 -22 -147 0 0 -1 -1 0 0 0 1 0 59443.dat
1 43 60 -28 -110 0 -1 0 -1 0 0 0 0 -1 4073.dat
1 0 -20 -48 -60 -1 0 0 0 1 0 0 0 -1 32064a.dat
1 0 -20 -56 -90 1 0 0 0 1 0 0 0 1 32059.dat
0 MLCAD BTG Group name
1 0 -20 -34.378 -169.409 1 0 0 0 0.766044 -0.642788 0 0.642788 0.766044 51739.dat
0 MLCAD BTG Group name
1 0 -30 -28.25 -164.268 0 0 -1 -0.642788 0.766044 0 0.766044 0.642788 0 63868.dat
0 MLCAD BTG Group name
1 0 -10 -28.249 -164.268 0 0 -1 -0.642788 0.766044 0 0.766044 0.642788 0 63868.dat
0 GROUP 3 Group name
1 0 -30 -16 -110 0 0 1 0 1 0 -1 0 0 99207.dat
1 0 -10 -16 -110 0 0 -1 0 1 0 1 0 0 99207.dat
1 0 -20 -32 -120 1 0 0 0 1 0 0 0 1 99781.dat
1 0 -30 -22 -142 0 0 -1 -1 0 0 0 1 0 2555.dat
1 0 -10 -22 -142 0 0 -1 -1 0 0 0 1 0 2555.dat
1 0 -20 -32 -100 1 0 0 0 1 0 0 0 1 3023.dat
1 0 -20 -48 -100 1 0 0 0 1 0 0 0 1 3023.dat
1 0 -20 -40 -110 1 0 0 0 1 0 0 0 1 4032b.dat
1 4 -52 -28 -110 0 1 0 -1 0 0 0 0 1 4032b.dat
1 0 -20 -48 -80 -1 0 0 0 1 0 0 0 -1 32064a.dat
1 71 -20 -38 -60 0 0 -1 0 1 0 1 0 0 4519.dat
0
0 FILE Part 3.ldr
0 Part 3
0 Name: Part 3.ldr
0 Author: LDraw
0 Unofficial Model
0 ROTATION CENTER 0 0 0 1 "Custom" 
0 ROTATION CONFIG 0 0
1 4 -20 -38 -20 1 0 0 0 1 0 0 0 1 32013.dat
1 4 -20 -24 -90 0 0 1 0 1 0 -1 0 0 3020.dat
1 4 -20 -64 -60 -1 0 0 0 1 0 0 0 -1 2412b.dat
1 71 -50 -64 -70 0 0 1 0 1 0 -1 0 0 3069b.dat
1 71 10 -64 -70 0 0 1 0 1 0 -1 0 0 3069b.dat
1 4 -20 -48 -120 1 0 0 0 1 0 0 0 1 48336.dat
1 71 36 -28 -110 0 -1 0 -1 0 0 0 0 -1 98100.dat
1 71 -92 -28 -110 0 1 0 -1 0 0 0 0 1 3942c.dat
1 71 -18 -22 -148 0 -1 0 1 0 0 0 0 1 63965.dat
1 0 87 -22 -147 0 0 1 1 0 0 0 1 0 59443.dat
1 43 -100 -28 -110 0 1 0 -1 0 0 0 0 1 4073.dat
1 0 -20 -48 -60 -1 0 0 0 1 0 0 0 -1 32064a.dat
1 0 -20 -56 -90 1 0 0 0 1 0 0 0 1 32059.dat
1 0 -20 -34.378 -169.409 1 0 0 0 0.766044 -0.642788 0 0.642788 0.766044 51739.dat
1 0 -30 -28.25 -164.268 0 0 -1 -0.642788 0.766044 0 0.766044 0.642788 0 63868.dat
1 0 -10 -28.249 -164.268 0 0 -1 -0.642788 0.766044 0 0.766044 0.642788 0 63868.dat
1 0 -30 -16 -110 0 0 1 0 1 0 -1 0 0 99207.dat
1 0 -10 -16 -110 0 0 -1 0 1 0 1 0 0 99207.dat
1 0 -20 -32 -120 1 0 0 0 1 0 0 0 1 99781.dat
1 0 -30 -22 -142 0 0 -1 -1 0 0 0 1 0 2555.dat
1 0 -10 -22 -142 0 0 -1 -1 0 0 0 1 0 2555.dat
1 0 -20 -32 -100 1 0 0 0 1 0 0 0 1 3023.dat
1 0 -20 -48 -100 1 0 0 0 1 0 0 0 1 3023.dat
1 0 -20 -40 -110 1 0 0 0 1 0 0 0 1 4032b.dat
1 4 12 -28 -110 0 -1 0 -1 0 0 0 0 -1 4032b.dat
1 0 -20 -48 -80 -1 0 0 0 1 0 0 0 -1 32064a.dat
1 71 -20 -38 -60 0 0 -1 0 1 0 1 0 0 4519.dat
0
0
