0 FILE Snowspeeder.ldr
0 Snowspeeder
0 Name: Snowspeeder.ldr
0 Author: LDraw
0 Unofficial Model
0 ROTATION CENTER 0 0 0 1 "Custom" 
0 ROTATION CONFIG 0 0
1 0 -260 0 -140 0 0 1 0 1 0 -1 0 0 Pilot.ldr
1 0 -200 -40 60 0.872103 0.473087 -0.125 -0.488852 0.853553 -0.180194 0.0214466 0.218254 0.975656 Part 1.ldr
0
0 FILE Pilot.ldr
0 Pilot
0 Name: Pilot.ldr
0 Author: LDraw
0 Unofficial Model
0 ROTATION CENTER 0 0 0 1 "Custom" 
0 ROTATION CONFIG 0 0
1 71 0 -24 0 1 0 0 0 1 0 0 0 1 30370ps2.dat
1 78 0 -24 0 1 0 0 0 1 0 0 0 1 3626bp01.dat
1 25 0 0 0 1 0 0 0 1 0 0 0 1 973pr8.dat
1 71 0 32 0 1 0 0 0 1 0 0 0 1 3815.dat
1 25 -15.552 9 0 0.985 -0.17 0 0.17 0.985 0 0 0 1 3818.dat
1 25 15.552 9 0 0.985 0.17 0 -0.17 0.985 0 0 0 1 3819.dat
1 15 -23.8634 26.5956 -10.321 0.985 -0.12019 0.12019 0.17 0.696395 -0.696395 0 0.707 0.707 3820.dat
1 15 23.8634 26.5956 -10.321 0.985 0.12019 -0.12019 -0.17 0.696395 -0.696395 0 0.707 0.707 3820.dat
1 25 0 44 0 1 0 0 0 1 0 0 0 1 3816.dat
1 25 0 44 0 1 0 0 0 1 0 0 0 1 3817.dat
1 0 -25 36 -13 -0.119653 -0.0381309 0.992083 0.844014 0.522292 0.121869 -0.522804 0.851914 -0.0303109 92738.dat
0
0 FILE Part 1.ldr
0 Part 1
0 Name: Part 1.ldr
0 Author: LDraw
0 Unofficial Model
0 ROTATION CENTER 0 0 0 1 "Custom" 
0 ROTATION CONFIG 0 0
1 71 10 40 0 1 0 0 0 1 0 0 0 1 3020.dat
1 71 -30 16 0 1 0 0 0 1 0 0 0 1 3020.dat
1 71 50 0 0 0 0 -1 0 1 0 1 0 0 3020.dat
1 71 40 -24 30 -1 0 0 0 1 0 0 0 -1 87087.dat
1 71 40 -24 -30 1 0 0 0 1 0 0 0 1 87087.dat
1 71 60 -16 0 0 0 -1 0 1 0 1 0 0 3794b.dat
1 71 60 -24 0 0 0 -1 0 1 0 1 0 0 4592.dat
1 0 60 -24 0 0 -0.92388 -0.382683 0 0.382683 -0.92388 1 0 0 4593.dat
1 19 50 -8 0 0 0 -1 0 1 0 1 0 0 3022.dat
1 71 60 16 -30 1 0 0 0 1 0 0 0 1 3024.dat
1 71 60 16 30 1 0 0 0 1 0 0 0 1 3024.dat
1 25 40 16 0 1 0 0 0 1 0 0 0 1 3021.dat
1 0 10 32 0 1 0 0 0 1 0 0 0 1 3795.dat
1 0 82 2 0 0 -1 0 0 0 -1 1 0 0 3743.dat
1 0 82 22 0 0 -1 0 0 0 -1 1 0 0 3743.dat
1 0 60 24 -20 0 0 -1 0 1 0 1 0 0 99207.dat
1 0 60 24 20 0 0 -1 0 1 0 1 0 0 99207.dat
1 72 -40 24 0 0 0 -1 0 1 0 1 0 0 3023.dat
1 15 40 -16 0 0 0 -1 0 1 0 1 0 0 3023.dat
1 15 -20 -16 0 0 0 1 0 1 0 -1 0 0 3298.dat
1 72 30 8 0 0 0 -1 0 1 0 1 0 0 3031.dat
1 15 -50 8 -20 -1 0 0 0 1 0 0 0 -1 51739.dat
1 15 -50 8 20 1 0 0 0 1 0 0 0 1 51739.dat
1 15 -10 0 30 1 0 0 0 1 0 0 0 1 3710.dat
1 15 -10 0 -30 1 0 0 0 1 0 0 0 1 3710.dat
1 15 60 0 -30 1 0 0 0 1 0 0 0 1 54200.dat
1 25 40 -14 -40 1 0 0 0 0 -1 0 1 0 54200.dat
1 25 40 -14 40 -1 0 0 0 0 -1 0 -1 0 54200.dat
1 15 60 0 30 -1 0 0 0 1 0 0 0 -1 54200.dat
1 15 20 0 -30 1 0 0 0 1 0 0 0 1 54200.dat
1 40 40 -16 10 0 0 -1 0 1 0 1 0 0 54200.dat
1 40 40 -16 -10 0 0 -1 0 1 0 1 0 0 54200.dat
1 40 -20 -16 -10 0 0 1 0 1 0 -1 0 0 54200.dat
1 40 -20 -16 10 0 0 1 0 1 0 -1 0 0 54200.dat
1 15 20 0 30 -1 0 0 0 1 0 0 0 -1 54200.dat
1 15 -10 0 30 -1 0 0 0 1 0 0 0 -1 85984.dat
1 15 -10 0 -30 1 0 0 0 1 0 0 0 1 85984.dat
1 71 -10 24 10 -1 0 0 0 1 0 0 0 -1 60471.dat
1 71 0 -12.54 67.612 1 0 0 0 0.92388 0.382683 0 -0.382683 0.92388 Part 3.ldr
1 71 0 -12.54 -67.612 1 0 0 0 0.92388 -0.382683 0 0.382683 0.92388 Part 2.ldr
1 71 -10 24 -10 1 0 0 0 1 0 0 0 1 60471.dat
1 71 30 24 10 -1 0 0 0 1 0 0 0 -1 60471.dat
1 71 30 24 -10 1 0 0 0 1 0 0 0 1 60471.dat
0
0 FILE Part 2.ldr
0 Part 2
0 Name: Part 2.ldr
0 Author: LDraw
0 Unofficial Model
0 ROTATION CENTER 0 0 0 1 "Custom" 
0 ROTATION CONFIG 0 0
1 15 10 56 0 1 0 0 0 1 0 0 0 1 3710.dat
1 15 -10 40 0 1 0 0 0 1 0 0 0 1 3710.dat
1 15 50 32 -20 1 0 0 0 1 0 0 0 1 43723.dat
1 15 -30 32 -20 0 0 1 0 1 0 -1 0 0 54384.dat
1 15 40 -8 0 0 0 1 0 1 0 -1 0 0 6541.dat
1 15 -20 0 0 0 0 -1 0 1 0 1 0 0 6541.dat
1 71 40 24 -30 1 0 0 0 1 0 0 0 1 92946.dat
1 71 -20 16 -10 1 0 0 0 1 0 0 0 1 92946.dat
1 71 10 24 0 1 0 0 0 1 0 0 0 1 92593.dat
1 71 -20 24 -20 1 0 0 0 1 0 0 0 1 3024.dat
1 71 40 8 -20 0 0 -1 0 1 0 1 0 0 60897.dat
1 25 40 8 -20 1 0 0 0 1 0 0 0 1 54200.dat
1 15 -40 32 0 0 0 1 0 1 0 -1 0 0 54200.dat
1 72 40 16 -10 0 0 -1 0 1 0 1 0 0 3023.dat
1 71 10 48 0 -1 0 0 0 1 0 0 0 -1 44568.dat
1 71 22 10 0 0 1 0 -1 0 0 0 0 1 4032b.dat
1 71 60 10 0 0 0 -1 -1 0 0 0 1 0 42610.dat
1 71 -2 10 0 0 1 0 -1 0 0 0 0 1 92947.dat
1 71 -54 10 0 0 1 0 -1 0 0 0 0 1 4589.dat
1 71 -10 10 0 1 0 0 0 -1 0 0 0 -1 61184.dat
1 71 -88 10 0 -1 0 0 0 -1 0 0 0 1 32054.dat
1 28 40 10 0 1 0 0 0 -1 0 0 0 -1 6587.dat
1 72 -10 10 0 0 1 0 -1 0 0 0 0 1 15535.dat
1 71 40 40 -10 0 0 1 0 1 0 -1 0 0 18677.dat
1 71 30 50 -20 -1 0 0 0 1 0 0 0 -1 61184.dat
1 36 6 50 -20 0 1 0 1 0 0 0 0 -1 4589.dat
0
0 FILE Part 3.ldr
0 Part 3
0 Name: Part 3.ldr
0 Author: LDraw
0 Unofficial Model
0 ROTATION CENTER 0 0 0 1 "Custom" 
0 ROTATION CONFIG 0 0
1 15 10 56 0 1 0 0 0 1 0 0 0 1 3710.dat
1 15 -10 40 0 1 0 0 0 1 0 0 0 1 3710.dat
1 15 50 32 20 -1 0 0 0 1 0 0 0 -1 43722.dat
1 15 -30 32 20 0 0 1 0 1 0 -1 0 0 54383.dat
1 15 40 -8 0 0 0 1 0 1 0 -1 0 0 6541.dat
1 15 -20 0 0 0 0 -1 0 1 0 1 0 0 6541.dat
1 71 40 24 10 -1 0 0 0 1 0 0 0 -1 92946.dat
1 71 -20 16 10 -1 0 0 0 1 0 0 0 -1 92946.dat
1 71 10 24 0 1 0 0 0 1 0 0 0 1 92593.dat
1 71 -20 24 20 1 0 0 0 1 0 0 0 1 3024.dat
1 71 40 8 20 0 0 -1 0 1 0 1 0 0 60897.dat
1 25 40 8 20 -1 0 0 0 1 0 0 0 -1 54200.dat
1 15 -40 32 0 0 0 1 0 1 0 -1 0 0 54200.dat
1 72 40 16 10 0 0 -1 0 1 0 1 0 0 3023.dat
1 71 10 48 0 1 0 0 0 1 0 0 0 1 44568.dat
1 71 22 10 0 0 1 0 -1 0 0 0 0 1 4032b.dat
1 71 60 10 0 0 0 -1 -1 0 0 0 1 0 42610.dat
1 71 -2 10 0 0 1 0 -1 0 0 0 0 1 92947.dat
1 71 -54 10 0 0 1 0 -1 0 0 0 0 1 4589.dat
1 71 -10 10 0 1 0 0 0 -1 0 0 0 -1 61184.dat
1 71 -88 10 0 -1 0 0 0 -1 0 0 0 1 32054.dat
1 28 40 10 0 1 0 0 0 -1 0 0 0 -1 6587.dat
1 72 -10 10 0 0 1 0 -1 0 0 0 0 1 15535.dat
1 71 40 40 10 0 0 -1 0 1 0 1 0 0 18677.dat
1 71 30 50 20 -1 0 0 0 1 0 0 0 -1 61184.dat
1 36 6 50 20 0 1 0 1 0 0 0 0 -1 4589.dat
0
0
