0 FILE Sith Infiltrator.ldr
0 Sith Infiltrator
0 Name: Sith Infiltrator.ldr
0 Author: LDraw
0 Unofficial Model
0 ROTATION CENTER 0 0 0 1 "Custom" 
0 ROTATION CONFIG 0 0
1 0 -100 16 170 0 0 1 0 1 0 -1 0 0 Darth Maul.ldr
1 0 -100 0 240 0 0 1 0 1 0 -1 0 0 Part 5.ldr
1 0 30 -96 130 0.180194 0.488852 0.853553 -0.488852 0.797511 -0.353553 -0.853553 -0.353553 0.382683 Part 1.ldr
0 
0
0 FILE Darth Maul.ldr
0 Darth Maul
0 Name: Darth Maul.ldr
0 Author: LDraw
0 Unofficial Model
0 ROTATION CENTER 0 0 0 1 "Custom" 
0 ROTATION CONFIG 0 0
1 0 0 -24 0 1 0 0 0 1 0 0 0 1 92761.dat
1 0 0 -24 0 1 0 0 0 1 0 0 0 1 3626bps8.dat
1 0 0 0 0 1 0 0 0 1 0 0 0 1 973.dat
1 0 0 32 0 1 0 0 0 1 0 0 0 1 3815.dat
1 4 -15.552 9 0 0.985 -0.17 0 0.17 0.985 0 0 0 1 3818.dat
1 4 15.552 9 0 0.985 0.17 0 -0.17 0.985 0 0 0 1 3819.dat
1 4 -23.863 26.596 -10.321 0.985 -0.12019 0.12019 0.17 0.696395 -0.696395 0 0.707 0.707 3820.dat
1 4 23.863 26.596 -10.321 0.985 0.12019 -0.12019 -0.17 0.696395 -0.696395 0 0.707 0.707 3820.dat
1 36 -23.195 22.724 -33.822 0.985 -0.0874983 0.14567 0.17 0.506976 -0.844031 0 0.856884 0.514696 577bc01.dat
1 0 0 44 0 1 0 0 0 1 0 0 0 1 3816.dat
1 0 0 44 0 1 0 0 0 1 0 0 0 1 3817.dat
0 
0
0 FILE Part 1.ldr
0 Part 1
0 Name: Part 1.ldr
0 Author: LDraw
0 Unofficial Model
0 ROTATION CENTER 0 0 0 1 "Custom" 
0 ROTATION CONFIG 0 0
1 71 -20 32 0 1 0 0 0 1 0 0 0 1 3020.dat
1 71 -60 0 0 1 0 0 0 1 0 0 0 1 3020.dat
1 71 -80 -8 0 1 0 0 0 1 0 0 0 1 3020.dat
1 71 -110 -16 0 0 0 -1 0 1 0 1 0 0 3794b.dat
1 71 -80 -16 0 0 0 -1 0 1 0 1 0 0 87580.dat
1 71 -40 -16 0 0 0 -1 0 1 0 1 0 0 87580.dat
1 71 0 -8 100 0 0 -1 1 0 0 0 -1 0 87580.dat
1 71 0 -18 92 1 0 0 0 0 1 0 -1 0 48336.dat
1 71 -30 51.699 63.129 1 0 0 0 -0.707107 0.707107 0 -0.707107 -0.707107 Part 4.ldr
1 71 30 -67.699 63.129 -1 0 0 0 0.707107 -0.707107 0 -0.707107 -0.707107 Part 4.ldr
1 71 30 51.699 -63.129 -1 0 0 0 -0.707107 0.707107 0 0.707107 0.707107 Part 4.ldr
1 71 -30 -67.699 -63.129 1 0 0 0 0.707107 -0.707107 0 0.707107 0.707107 Part 4.ldr
1 71 0 2 92 -1 0 0 0 0 -1 0 -1 0 48336.dat
1 71 0 -8 -100 0 0 -1 -1 0 0 0 1 0 87580.dat
1 71 0 -18 -92 -1 0 0 0 0 1 0 1 0 48336.dat
1 71 0 2 -92 1 0 0 0 0 -1 0 1 0 48336.dat
1 0 -10 -32 0 0 0 -1 0 1 0 1 0 0 3048.dat
1 4 -10 -8 0 1 0 0 0 1 0 0 0 1 3021.dat
1 72 10 8 -10 1 0 0 0 1 0 0 0 1 3676.dat
1 72 10 8 10 0 0 -1 0 1 0 1 0 0 3676.dat
1 72 30 0 0 0 0 -1 0 1 0 1 0 0 99780.dat
1 72 0 -16 -70 1 0 0 0 1 0 0 0 1 99780.dat
1 71 0 -8 -70 1 0 0 0 1 0 0 0 1 99781.dat
1 72 0 -16 70 -1 0 0 0 1 0 0 0 -1 99780.dat
1 72 -10 -16 -40 0 0 1 0 1 0 -1 0 0 3023.dat
1 72 -10 -16 40 0 0 1 0 1 0 -1 0 0 3023.dat
1 71 0 -8 70 -1 0 0 0 1 0 0 0 -1 99781.dat
1 72 -10 0 0 0 0 -1 0 1 0 1 0 0 3460.dat
1 72 -100 -24 0 1 0 0 0 1 0 0 0 1 3460.dat
1 72 -120 -32 0 -1 0 0 0 1 0 0 0 -1 3460.dat
1 72 -50 -64 0 0 0 1 0 1 0 -1 0 0 60477.dat
1 72 -30 -46 0 0 -0.382683 0.92388 0 0.92388 0.382683 -1 0 0 30031.dat
1 71 -40 -40 0 1 0 0 0 1 0 0 0 1 92280.dat
1 71 -140 -40 0 1 0 0 0 1 0 0 0 1 3666.dat
1 43 -30 -32 0 1 0 0 0 1 0 0 0 1 4073.dat
1 43 -70 -40 0 1 0 0 0 1 0 0 0 1 4073.dat
1 72 20 -24 20 0 0 -1 0 1 0 1 0 0 87620.dat
1 72 20 -24 -20 1 0 0 0 1 0 0 0 1 87620.dat
1 71 -10 8 -10 1 0 0 0 1 0 0 0 1 3665.dat
1 71 10 0 30 1 0 0 0 1 0 0 0 1 30357.dat
1 71 10 0 -30 0 0 1 0 1 0 -1 0 0 30357.dat
1 71 -10 -40 -30 1 0 0 0 1 0 0 0 1 4286.dat
1 71 -10 -40 30 -1 0 0 0 1 0 0 0 -1 4286.dat
1 71 -20 -8 -40 -1 0 0 0 1 0 0 0 -1 10247.dat
1 71 -20 -8 40 -1 0 0 0 1 0 0 0 -1 10247.dat
1 71 -120 -67.99 31.911 0 0 1 -0.469472 0.882948 0 -0.882948 -0.469472 0 Part 3.ldr
1 71 -120 -30.434 -102.545 0 0 1 0.469472 0.882948 0 -0.882948 0.469472 0 Part 2.ldr
1 71 52 -2 0 0 -1 0 0 0 1 -1 0 0 2412b.dat
1 71 -10 8 10 -1 0 0 0 1 0 0 0 -1 3665.dat
1 71 -50 8 0 0 0 1 0 1 0 -1 0 0 3747b.dat
1 71 -30 8 0 0 0 1 0 1 0 -1 0 0 3004.dat
1 1 10 0 0 0 0 1 0 1 0 -1 0 0 3023.dat
0
0 FILE Part 2.ldr
0 Part 2
0 Name: Part 2.ldr
0 Author: LDraw
0 Unofficial Model
0 ROTATION CENTER 0 0 0 1 "Custom" 
0 ROTATION CONFIG 0 0
1 72 -50 40 0 1 0 0 0 1 0 0 0 1 50305.dat
1 72 -60 24 40 0 0 -1 0 1 0 1 0 0 51739.dat
1 71 -50 32 -20 1 0 0 0 1 0 0 0 1 54384.dat
1 71 -50 32 70 0 0 -1 0 1 0 1 0 0 2450.dat
1 71 -40 48 60 0 0 -1 0 1 0 1 0 0 2817.dat
1 1 -40 58 70 0 0 1 0 1 0 -1 0 0 6558.dat
0
0 FILE Part 3.ldr
0 Part 3
0 Name: Part 3.ldr
0 Author: LDraw
0 Unofficial Model
0 ROTATION CENTER 0 0 0 1 "Custom" 
0 ROTATION CONFIG 0 0
1 72 -30 40 0 1 0 0 0 1 0 0 0 1 50304.dat
1 72 -20 24 40 0 0 1 0 1 0 -1 0 0 51739.dat
1 71 -30 32 -20 1 0 0 0 1 0 0 0 1 54383.dat
1 71 -30 32 70 -1 0 0 0 1 0 0 0 -1 2450.dat
1 71 -40 48 60 0 0 -1 0 1 0 1 0 0 2817.dat
1 1 -40 58 70 0 0 1 0 1 0 -1 0 0 6558.dat
0
0 FILE Part 4.ldr
0 Part 4
0 Name: Part 4.ldr
0 Author: LDraw
0 Unofficial Model
0 ROTATION CENTER 0 0 0 1 "Custom" 
0 ROTATION CONFIG 0 0
1 72 30 0 0 1 0 0 0 1 0 0 0 1 3023.dat
1 72 30 8 -10 1 0 0 0 1 0 0 0 1 2654.dat
1 72 30 -8 -10 -1 0 0 0 1 0 0 0 -1 51739.dat
1 71 30 0 -20 1 0 0 0 1 0 0 0 1 60470b.dat
0
0 FILE Part 5.ldr
0 Part 5
0 Name: Part 5.ldr
0 Author: LDraw
0 Unofficial Model
0 ROTATION CENTER 0 0 0 1 "Custom" 
0 ROTATION CONFIG 0 0
1 0 -10 8 0 -1 0 0 0 1 0 0 0 -1 4733.dat
1 0 -10 0 0 1 0 0 0 1 0 0 0 1 3070b.dat
1 0 -10 18 18 1 0 0 0 0 1 0 -1 0 3070b.dat
1 0 8 18 0 0 -1 0 0 0 1 -1 0 0 4740.dat
1 0 -28 18 0 0 1 0 0 0 1 1 0 0 4740.dat
1 0 -36 18 0 0 1 0 0 0 1 1 0 0 4592.dat
1 0 -37 18 0 0 0 -1 0 1 0 1 0 0 4593.dat
1 43 -10 18 -18 -1 0 0 0 0 1 0 1 0 4073.dat
1 47 -10 32 0 1 0 0 0 1 0 0 0 1 3062b.dat
1 47 -10 56 0 1 0 0 0 1 0 0 0 1 3062b.dat
1 47 -10 80 0 1 0 0 0 1 0 0 0 1 4740.dat
0
0
