0 
0 Name: New Model.ldr
0 Author: 
1 0 -448.759 24 410.099 0.707107 0 -0.707107 0 1 0 0.707107 0 0.707107 3456.dat
1 8 -547.754 0 367.6726 0.707107 0 -0.707107 0 1 0 0.707107 0 0.707107 3003.dat
1 8 -406.3326 0 509.094 0.707107 0 -0.707107 0 1 0 0.707107 0 0.707107 3003.dat
1 7 -448.759 0 466.6676 0.707107 0 -0.707107 0 1 0 0.707107 0 0.707107 3001.dat
1 7 -505.3275 0 410.099 0.707107 0 -0.707107 0 1 0 0.707107 0 0.707107 3001.dat
1 8 -363.9062 0 438.3833 0.707107 0 -0.707107 0 1 0 0.707107 0 0.707107 3003.dat
1 8 -477.0433 0 325.2462 0.707107 0 -0.707107 0 1 0 0.707107 0 0.707107 3003.dat
1 6 -568.9672 16 346.4594 -0.707107 0 -0.707107 0 1 0 0.707107 0 -0.707107 3069.dat
1 6 -385.1194 16 530.3072 -0.707107 0 -0.707107 0 1 0 0.707107 0 -0.707107 3069.dat
1 7 -477.0433 -24 438.3833 0.707107 0 -0.707107 0 1 0 0.707107 0 0.707107 3001.dat
1 7 -392.1904 -24 466.6676 -0.707107 0 -0.707107 0 1 0 0.707107 0 -0.707107 3001.dat
1 7 -505.3275 -24 353.5304 -0.707107 0 -0.707107 0 1 0 0.707107 0 -0.707107 3001.dat
1 7 -491.1854 -48 395.9568 -0.707107 0 0.707107 0 1 0 -0.707107 0 -0.707107 3001.dat
1 7 -434.6169 -48 452.5254 -0.707107 0 0.707107 0 1 0 -0.707107 0 -0.707107 3001.dat
1 8 -477.0433 -48 353.5304 0.707107 0 -0.707107 0 1 0 0.707107 0 0.707107 3003.dat
1 8 -392.1904 -48 438.3833 0.707107 0 -0.707107 0 1 0 0.707107 0 0.707107 3003.dat
1 7 -477.0433 -72 381.8147 -0.707107 0 -0.707107 0 1 0 0.707107 0 -0.707107 3001.dat
1 7 -420.4747 -72 438.3833 -0.707107 0 -0.707107 0 1 0 0.707107 0 -0.707107 3001.dat
1 8 -462.9012 -72 424.2411 0.707107 0 -0.707107 0 1 0 0.707107 0 0.707107 3003.dat
1 6 -498.2565 -56 360.6015 -0.707107 0 -0.707107 0 1 0 0.707107 0 -0.707107 3069.dat
1 6 -399.2615 -56 459.5965 -0.707107 0 -0.707107 0 1 0 0.707107 0 -0.707107 3069.dat
1 7 -462.9012 -96 424.2411 0.707107 0 -0.707107 0 1 0 0.707107 0 0.707107 3001.dat
1 8 -448.759 -144 438.3833 0.707107 0 -0.707107 0 1 0 0.707107 0 0.707107 3942.dat
1 8 -462.9012 -120 367.6726 0.707107 0 -0.707107 0 1 0 0.707107 0 0.707107 3942.dat
1 8 -533.6118 -24 325.2462 0.707107 0 -0.707107 0 1 0 0.707107 0 0.707107 3942.dat
1 8 -363.9062 -24 494.9518 0.707107 0 -0.707107 0 1 0 0.707107 0 0.707107 3942.dat
1 2 -363.9062 -28 494.9518 -0.707107 0 0.707107 0 1 0 -0.707107 0 -0.707107 30093.dat
1 2 -533.6118 -28 325.2462 -0.707107 0 0.707107 0 1 0 -0.707107 0 -0.707107 30093.dat
1 2 -462.9012 -124 367.6726 -0.707107 0 0.707107 0 1 0 -0.707107 0 -0.707107 30093.dat
1 2 -448.759 -148 438.3833 -0.707107 0 0.707107 0 1 0 -0.707107 0 -0.707107 30093.dat
1 462 -406.3326 8 395.9568 0.965908 0 -0.258801 0 1 0 0.258801 0 0.965908 33122.dat
