0 Main
0 Name: 6718 - Raindance Ridge.mpd
0 Author: LTRON
1 7 0 0 0 0 0 -1 0 1 0 1 0 0 3027.dat
1 0 -50 -24 -100 0 0 -1 0 1 0 1 0 0 3009.dat
1 1 -50 -24 -30 0 0 -1 0 1 0 1 0 0 4286.dat
1 1 -50 -24 0 0 0 -1 0 1 0 1 0 0 3298.dat
1 7 -20 -24 -150 -1 0 0 0 1 0 0 0 -1 4865.dat
1 7 80 0 0 0 0 1 0 1 0 -1 0 0 3034.dat
1 1 40 -8 10 1 0 0 0 1 0 0 0 1 2431.dat
1 1 40 -8 -10 1 0 0 0 1 0 0 0 1 2431.dat
1 1 40 -8 -30 1 0 0 0 1 0 0 0 1 2431.dat
1 1 90 -8 -20 0 0 -1 0 1 0 1 0 0 2431.dat
1 0 -20 -24 -70 -1 0 0 0 1 0 0 0 -1 3937.dat
1 7 20 -24 30 -1 0 0 0 1 0 0 0 -1 3008.dat
1 7 40 -24 -60 -1 0 0 0 1 0 0 0 -1 3001.dat
1 2 90 -24 -70 -1 0 0 0 1 0 0 0 -1 3005.dat
1 1 -20 -24 -70 1 0 0 0 1 0 0 0 1 3938.dat
1 0 -20 -32 -120 0 0 -1 0 1 0 1 0 0 3795.dat
1 7 -30 -56 -80 0 0 -1 0 1 0 1 0 0 4865.dat
1 7 -30 -56 -120 0 0 -1 0 1 0 1 0 0 4865.dat
1 7 -10 -56 -80 0 0 1 0 1 0 -1 0 0 4865.dat
1 7 -10 -56 -120 0 0 1 0 1 0 -1 0 0 4865.dat
1 7 -20 -40 -150 -1 0 0 0 1 0 0 0 -1 3069.dat
1 7 -20 -56 -170 -1 0 0 0 1 0 0 0 -1 4865.dat
1 7 -50 -48 -20 0 0 1 0 1 0 -1 0 0 3009.dat
1 0 -20 -48 30 -1 0 0 0 1 0 0 0 -1 3004.dat
1 7 60 -48 -70 -1 0 0 0 1 0 0 0 -1 3004.dat
1 6 20 -48 -60 -1 0 0 0 1 0 0 0 -1 3941.dat
1 0 -20 -40 -100 -1 0 0 0 1 0 0 0 -1 30115.dat
1 0 50 -72 -70 1 0 0 0 1 0 0 0 1 2357.dat
1 6 20 -72 -60 -1 0 0 0 1 0 0 0 -1 3941.dat
1 0 -50 -72 -40 0 0 -1 0 1 0 1 0 0 3010.dat
1 7 0 -96 -60 -1 0 0 0 1 0 0 0 -1 2456.dat
1 2 70 -80 -70 -0.259 0 -0.966 0 1 0 0.966 0 -0.259 2423.dat
1 2 70 -88 -70 0.5 0 -0.866 0 1 0 0.866 0 0.5 2423.dat
1 0 70 -96 -70 1 0 0 0 1 0 0 0 1 6141.dat
1 7 40 -120 -70 1 0 0 0 1 0 0 0 1 3010.dat
1 0 40 -128 -70 1 0 0 0 1 0 0 0 1 2540.dat
1 6 40 -126 -90 1 0 0 0 -0.5 0.866 0 -0.866 -0.5 6020.dat
1 2 -40 -96 -60 -1 0 0 0 1 0 0 0 -1 6064.dat
1 0 118 -81 -63 -0.175 -0.66 -0.73 0.183 0.707 -0.683 0.967 -0.253 -0.003 30115.dat
1 7 60 -16 200 0.857 0 -0.515 0 1 0 0.515 0 0.857 3002.dat
1 6 54.85 -40 208.57 0.857 0 -0.515 0 1 0 0.515 0 0.857 3062.dat
1 0 54.85 -48 208.57 0.857 0 -0.515 0 1 0 0.515 0 0.857 6141.dat
1 4 54.85 -72 208.57 0.857 0 -0.515 0 1 0 0.515 0 0.857 3062.dat
1 0 54.85 -80 208.57 0.857 0 -0.515 0 1 0 0.515 0 0.857 6141.dat
1 6 54.85 -104 208.57 0.857 0 -0.515 0 1 0 0.515 0 0.857 3062.dat
1 0 54.85 -112 208.57 0.857 0 -0.515 0 1 0 0.515 0 0.857 6141.dat
1 15 54.85 -136 208.57 0.515 0 0.857 0 1 0 -0.857 0 0.515 2341.dat
1 4 54.85 -152 208.57 0.857 0 -0.515 0 1 0 0.515 0 0.857 6091.dat
1 0 54.85 -152 208.57 0.857 0 -0.515 0 1 0 0.515 0 0.857 6141.dat
1 8 54.85 -152 208.57 0.857 0 -0.515 0 1 0 0.515 0 0.857 2546.dat
