0 
0 Name: New Model.ldr
0 Author: 
1 15 -412 63 -279 0 0 -1 1 0 0 0 -1 0 62462.dat
1 15 -432 63 -279 0 0 -1 1 0 0 0 -1 0 62462.dat
1 0 -432 43 -279 0 0 -1 1 0 0 0 -1 0 2780.dat
1 0 -412 43 -279 0 0 -1 1 0 0 0 -1 0 2780.dat
1 15 -432 23 -279 0 0 -1 1 0 0 0 -1 0 62462.dat
1 15 -412 23 -279 0 0 -1 1 0 0 0 -1 0 62462.dat
1 0 -422 -7 -279 0 1 0 1 0 0 0 0 -1 32138.dat
1 15 -432 -37 -279 0 0 -1 1 0 0 0 -1 0 62462.dat
1 15 -412 -37 -279 0 0 -1 1 0 0 0 -1 0 62462.dat
1 0 -422 -67 -279 0 1 0 1 0 0 0 0 -1 32138.dat
1 15 -412 -97 -279 0 0 -1 1 0 0 0 -1 0 62462.dat
1 15 -432 -97 -279 0 0 -1 1 0 0 0 -1 0 62462.dat
1 1 -412 -127 -279 0 0 1 -1 0 0 0 -1 0 6558.dat
1 1 -432 -127 -279 0 0 1 -1 0 0 0 -1 0 6558.dat
1 15 -422 -127 -279 0 0 1 0 1 0 -1 0 0 43857.dat
1 1 -412 -187 -279 0 0 1 -1 0 0 0 -1 0 6558.dat
1 15 -412 -157 -279 0 0 -1 1 0 0 0 -1 0 62462.dat
1 15 -432 -157 -279 0 0 -1 1 0 0 0 -1 0 62462.dat
1 15 -412 -187 -279 1 0 0 0 -1 0 0 0 -1 22961.dat
1 15 -372 -187 -279 0 0 -1 1 0 0 0 -1 0 32034.dat
1 1 -372 -197 -279 0 0 1 -1 0 0 0 -1 0 4274.dat
1 15 -372 -205 -279 0 0 1 0 1 0 -1 0 0 85861.dat
1 0 -332 -189 -279 -1 0 0 0 1 0 0 0 -1 32828.dat
1 330 -332 -197 -279 0 0 -1 0 1 0 1 0 0 2423.dat
1 25 -332 -205 -279 0.966 0 -0.259 0 1 0 0.259 0 0.966 32607.dat
1 10 -292 -205 -259 0 0 -1 0 1 0 1 0 0 32607.dat
1 15 -412 -217 -279 0 0 -1 1 0 0 0 -1 0 62462.dat
1 15 -432 -177 -279 0 1 0 0 0 -1 -1 0 0 40378.dat
1 15 -503 -332 -279 0.354 0.707 -0.612 -0.354 0.707 0.612 0.866 0 0.5 87994.dat
1 330 -474.009 -303.009 -279 0.683 0.707 -0.183 -0.683 0.707 0.183 0.259 0 0.966 2423.dat
1 10 -469.392 -320.353 -336.956 0.5 0.707 0.5 -0.5 0.707 -0.5 -0.707 0 0.707 32607.dat
1 191 -518.783 -295.004 -303.641 -0.612 0.707 -0.354 0.612 0.707 0.354 0.5 0 -0.866 2417.dat
1 14 -499.464 -328.464 -279 -0.299 0.707 -0.641 0.299 0.707 0.641 0.906 0 -0.423 32607.dat
1 14 -560.956 -259.902 -318.282 -0.542 0.707 0.455 0.542 0.707 -0.455 -0.643 0 -0.766 32607.dat
1 25 -524.213 -296.645 -348.282 0.664 0.707 0.242 -0.664 0.707 -0.242 -0.342 0 0.94 32607.dat
1 15 -412 -237 -279 0 -1 0 0 0 -1 1 0 0 40378.dat
1 15 -341 -392 -279 0 -0.707 0.707 0 0.707 0.707 -1 0 0 87994.dat
1 191 -321.908 -354.523 -299 0 -0.707 0.707 0 0.707 0.707 -1 0 0 2417.dat
1 14 -344.536 -388.464 -279 0 -0.707 0.707 0 0.707 0.707 -1 0 0 32607.dat
1 14 -287.967 -331.896 -339 0.5 -0.707 0.5 0.5 0.707 0.5 -0.707 0 0.707 32607.dat
1 25 -287.967 -331.896 -259 -0.354 -0.707 -0.612 -0.354 0.707 -0.612 0.866 0 -0.5 32607.dat
1 15 -422 -7 -298 0 0 1 0 -1 0 1 0 0 22961.dat
1 15 -422 63 -298 0 0 -1 1 0 0 0 -1 0 62462.dat
1 0 -422 43 -298 0 0 -1 1 0 0 0 -1 0 2780.dat
1 15 -422 23 -298 0 0 -1 1 0 0 0 -1 0 62462.dat
1 1 -422 -7 -298 0 0 1 -1 0 0 0 -1 0 6558.dat
1 15 -422 -37 -298 0 0 -1 1 0 0 0 -1 0 62462.dat
1 15 -422 -57 -298 1 0 0 0 0 -1 0 1 0 40378.dat
1 15 -422 -212 -369 -1 0 0 0 0.707 0.707 0 0.707 -0.707 87994.dat
1 191 -442 -175.23 -388.799 -1 0 0 0 0.707 0.707 0 0.707 -0.707 2417.dat
1 14 -422 -209.172 -366.172 0.5 0 -0.866 -0.612 0.707 -0.354 0.612 0.707 0.354 32607.dat
1 14 -482 -166.745 -408.598 0 0 1 0.707 0.707 0 -0.707 0.707 0 32607.dat
1 25 -422 -152.603 -422.74 0.966 0 0.259 0.183 0.707 -0.683 -0.183 0.707 0.683 32607.dat
