0 Main
0 Name: 6761-1 - Bandit's Secret Hide-Out.mpd
0 Author: LTRON
1 7 -310 -24 220 0 0 -1 0 1 0 1 0 0 3008.dat
1 7 -240 -24 130 1 0 0 0 1 0 0 0 1 3008.dat
1 7 -240 -24 310 1 0 0 0 1 0 0 0 1 3008.dat
1 7 -270 -24 250 1 0 0 0 1 0 0 0 1 3062.dat
1 7 -270 -24 230 1 0 0 0 1 0 0 0 1 3062.dat
1 7 -270 -24 210 1 0 0 0 1 0 0 0 1 3062.dat
1 7 -270 -48 210 1 0 0 0 1 0 0 0 1 3062.dat
1 7 -270 -48 230 1 0 0 0 1 0 0 0 1 3062.dat
1 7 -270 -48 250 1 0 0 0 1 0 0 0 1 3062.dat
1 0 -270 -144 130 1 0 0 0 1 0 0 0 1 2453.dat
1 0 -270 -144 310 1 0 0 0 1 0 0 0 1 2453.dat
1 7 -160 -144 220 0 0 -1 0 1 0 1 0 0 6082.dat
1 0 -180 -144 310 -1 0 0 0 1 0 0 0 -1 3004.dat
1 0 -130 -96 310 0 0 -1 0 1 0 1 0 0 4460.dat
1 0 -100 -24 170 1 0 0 0 1 0 0 0 1 4865.dat
1 0 -100 -24 150 -1 0 0 0 1 0 0 0 -1 4865.dat
1 0 -130 -120 300 0 0 -1 0 1 0 1 0 0 3004.dat
1 0 -130 -48 130 0 0 -1 0 1 0 1 0 0 3005.dat
1 0 -70 -24 150 0 0 -1 0 1 0 1 0 0 3622.dat
1 334 -108 -12 160 -1 0 0 0 1 0 0 0 -1 70501c.dat
1 19 -98 -16 160 -0.914 -0.407 0 -0.407 0.914 0 0 0 -1 70501b.dat
1 0 -50 -8 100 0 0 1 0 1 0 -1 0 0 30070.dat
1 0 -150 -120 130 0 0 -1 0 1 0 1 0 0 4460.dat
1 7 -110 -48 160 -1 0 0 0 1 0 0 0 -1 3002.dat
1 0 -180 -144 220 0 0 -1 0 1 0 1 0 0 3795.dat
1 0 -198.231 -38.223 60.035 1.003 -0.018 0 0.018 1.003 0 0 0 1 3029.dat
1 7 -308.382 -48.17 60.005 0 -0.018 1.003 0 1.003 0.018 -1 0 0 3023.dat
1 7 -157.853 -53.556 90.052 -1.003 -0.018 0 -0.018 1.003 0 0 0 -1 3228.dat
1 7 -157.835 -53.574 30.052 -1.003 -0.018 0 -0.018 1.003 0 0 0 -1 3228.dat
1 7 -298.635 -31.953 60.003 0 -0.018 -1.003 0 1.003 -0.018 1 0 0 3020.dat
1 7 -298.769 -23.937 40 0 -0.018 1.003 0 1.003 0.018 -1 0 0 2444.dat
1 7 -298.781 -23.925 80 0 -0.018 -1 0 1 -0.018 1 0 0 2444.dat
1 7 -300 -24 10 -1 0 0 0 1 0 0 0 -1 2458.dat
1 7 -300 -24 110 1 0 0 0 1 0 0 0 1 2458.dat
1 0 -307.961 -72.233 60.012 0 -0.018 -1.003 0 1.003 -0.018 1 0 0 4865.dat
1 0 -180 -144 130 -1 0 0 0 1 0 0 0 -1 3004.dat
1 0 -310 -24 -20 0 0 -1 0 1 0 1 0 0 3004.dat
1 7 -220 -144 -40 1 0 0 0 1 0 0 0 1 6082.dat
1 6 -150 -144 140 0 0 1 0 1 0 -1 0 0 30136.dat
1 0 -170 -120 -70 1 0 0 0 1 0 0 0 1 3622.dat
1 6 -180 -128 -70 1 0 0 0 1 0 0 0 1 3023.dat
1 7 -180 -136 -70 1 0 0 0 1 0 0 0 1 3069.dat
1 7 -100 -24 -10 1 0 0 0 1 0 0 0 1 3004.dat
1 0 -110 -96 -10 0 0 -1 0 1 0 1 0 0 4460.dat
1 0 -110 -120 -10 0 0 -1 0 1 0 1 0 0 3005.dat
1 7 -180 -8 -210 1 0 0 0 1 0 0 0 1 3710.dat
1 7 -180 -8 -190 1 0 0 0 1 0 0 0 1 3069.dat
1 0 -220 -168 310 1 0 0 0 1 0 0 0 1 3009.dat
1 0 -220 -168 120 1 0 0 0 1 0 0 0 1 2456.dat
1 0 -150 -144 -60 0 0 -1 0 1 0 1 0 0 3004.dat
1 6 -120 -144 -10 1 0 0 0 1 0 0 0 1 30136.dat
1 0 -270 -288 130 1 0 0 0 1 0 0 0 1 2453.dat
1 0 -270 -288 310 1 0 0 0 1 0 0 0 1 2453.dat
1 7 -220 -168 -20 1 0 0 0 1 0 0 0 1 3007.dat
1 0 -270 -168 -50 1 0 0 0 1 0 0 0 1 3005.dat
1 0 -180 -16 -210 1 0 0 0 1 0 0 0 1 3710.dat
1 0 -90 -72 150 0.707 0 0.707 0 1 0 -0.707 0 0.707 3062.dat
1 0 -90 -96 150 0.707 0 -0.707 0 1 0 0.707 0 0.707 4070.dat
1 6 -87.172 -86 133.029 0.707 -0.707 0 0 0 -1 0.707 0.707 0 2431.dat
1 15 -90 -120 150 0.707 0 -0.707 0 1 0 0.707 0 0.707 3626.dat
1 6 -90 -120 150 0.707 0 -0.707 0 1 0 0.707 0 0.707 3629.dat
1 7 -160 -288 220 0 0 -1 0 1 0 1 0 0 6082.dat
1 0 -150 -168 -50 -1 0 0 0 1 0 0 0 -1 2357.dat
1 0 -210 -168 -50 0 0 1 0 1 0 -1 0 0 2357.dat
1 7 -260 -192 -10 -1 0 0 0 1 0 0 0 -1 3010.dat
1 6 -120 -168 -10 1 0 0 0 1 0 0 0 1 30136.dat
1 0 -180 -288 130 1 0 0 0 1 0 0 0 1 3004.dat
1 0 -180 -288 310 1 0 0 0 1 0 0 0 1 3004.dat
1 0 -200 -192 -20 0 0 -1 0 1 0 1 0 0 3001.dat
1 0 -160 -192 -20 0 0 -1 0 1 0 1 0 0 3001.dat
1 0 -130 -192 -10 0 0 -1 0 1 0 1 0 0 3040.dat
1 7 -180 -192 110 -1 0 0 0 1 0 0 0 -1 3010.dat
1 0 -130 -192 130 -1 0 0 0 1 0 0 0 -1 3040.dat
1 0 -150 -288 150 1 0 0 0 1 0 0 0 1 3005.dat
1 0 -140 -200 130 -1 0 0 0 1 0 0 0 -1 3023.dat
1 0 -180 -200 60 0 0 1 0 1 0 -1 0 0 3032.dat
1 0 -150 -296 160 0 0 1 0 1 0 -1 0 0 3023.dat
1 0 -130 -264 210 1 0 0 0 1 0 0 0 1 4460.dat
1 7 -220 -296 220 0 0 1 0 1 0 -1 0 0 3033.dat
1 0 -220 -200 -10 -1 0 0 0 1 0 0 0 -1 3460.dat
1 2 -130 -200 -10 0.707 0 -0.707 0 1 0 0.707 0 0.707 2423.dat
1 14 -199.998 -208 79.998 1 0 0 0 1 0 0 0 1 4079.dat
1 6 -140 -224 -10 1 0 0 0 1 0 0 0 1 30136.dat
1 6 -240 -224 -10 1 0 0 0 1 0 0 0 1 30136.dat
1 6 -240 -248 -10 1 0 0 0 1 0 0 0 1 30136.dat
1 6 -150 -224 40 0 0 1 0 1 0 -1 0 0 30137.dat
1 7 -150 -224 110 0 0 1 0 1 0 -1 0 0 3622.dat
1 0 -270 -320 160 0 0 1 0 1 0 -1 0 0 3004.dat
1 0 -260 -320 290 0 0 1 0 1 0 -1 0 0 3002.dat
1 0 -150 -312 240 0 0 -1 0 1 0 1 0 0 3937.dat
1 1 -146.254 -311.272 240 0 -0.375 -0.927 0 0.927 -0.375 1 0 0 3938.dat
1 7 -133.985 -314.943 240 0 -0.375 -0.927 0 0.927 -0.375 1 0 0 2460.dat
1 6 -150 -248 120 0 0 -1 0 1 0 1 0 0 30136.dat
1 6 -150 -272 120 0 0 -1 0 1 0 1 0 0 30136.dat
1 6 -150 -296 120 0 0 -1 0 1 0 1 0 0 30136.dat
1 6 -150 -296 0 0 0 -1 0 1 0 1 0 0 30136.dat
1 6 -150 -272 0 0 0 -1 0 1 0 1 0 0 30136.dat
1 6 -150 -248 0 0 0 -1 0 1 0 1 0 0 30136.dat
1 6 -250 -272 -10 1 0 0 0 1 0 0 0 1 4070.dat
1 6 -250 -296 -10 1 0 0 0 1 0 0 0 1 3005.dat
1 0 -250 -262 -24 1 0 0 0 0 -1 0 1 0 2555.dat
1 38 -250 -268 -30 -1 0 0 0 0 -1 0 -1 0 6126.dat
1 7 -200 -464 150 1 0 0 0 1 0 0 0 1 6083.dat
1 6 -230 -296 -10 1 0 0 0 1 0 0 0 1 3581.dat
1 6 -150 -296 60 0 0 -1 0 1 0 1 0 0 3853.dat
1 7 -138 -296 100 -1 0 0 0 1 0 0 0 -1 3856.dat
1 7 -138 -296 20 1 0 0 0 1 0 0 0 1 3856.dat
1 1 -146 -292 94 1 0 0 0 1 0 0 0 1 3854.dat
1 1 -146 -292 26 -1 0 0 0 1 0 0 0 -1 3854.dat
1 0 -230 -344 -23 0 0 1 0 1 0 -1 0 0 3644.dat
1 7 -150 -320 90 0 0 1 0 1 0 -1 0 0 3622.dat
1 6 -150 -320 20 0 0 1 0 1 0 -1 0 0 30137.dat
1 6 -240 -320 -10 1 0 0 0 1 0 0 0 1 30136.dat
1 0 -180 -152 -140 1 0 0 0 1 0 0 0 1 30134.dat
1 0 -180 -168 -70 1 0 0 0 1 0 0 0 1 3004.dat
1 0 -200 -328 0 1 0 0 0 1 0 0 0 1 3795.dat
1 7 -150 -328 80 0 0 1 0 1 0 -1 0 0 4625.dat
1 7 -173.547 -352.952 80 0 -0.485 0.875 0 0.875 0.485 -1 0 0 4213.dat
1 0 -200 -416 130 1 0 0 0 1 0 0 0 1 3010.dat
1 0 -230 -352 -10 1 0 0 0 1 0 0 0 1 3622.dat
1 0 -190 -352 -10 0 0 -1 0 1 0 1 0 0 4286.dat
1 0 -230 -376 -10 0 0 -1 0 1 0 1 0 0 4286.dat
1 0 -250 -376 -10 1 0 0 0 1 0 0 0 1 3005.dat
1 0 -124.245 -339.05 240 0.803 -0.375 0.464 0.324 0.927 0.187 -0.5 0 0.866 4733.dat
1 0 -121.245 -346.466 240 0.464 -0.375 -0.803 0.187 0.927 -0.324 0.866 0 0.5 2555.dat
1 0 -136.347 -333.146 224.412 0.375 0.464 -0.803 -0.927 0.187 -0.324 0 0.866 0.5 2555.dat
1 0 -119.643 -326.414 255.588 -0.375 -0.464 -0.803 0.927 -0.187 -0.324 0 -0.866 0.5 2555.dat
1 0 -100.693 -318.764 223 -0.375 -0.803 0.464 0.927 -0.324 0.187 0 0.5 0.866 3005.dat
1 8 -143.623 -351.182 253 0.464 -0.375 -0.803 0.187 0.927 -0.324 0.866 0 0.5 30141.dat
1 8 -155.369 -340.822 240.876 0.375 0.464 -0.803 -0.927 0.187 -0.324 0 0.866 0.5 30141.dat
1 8 -142.377 -335.586 265.124 -0.375 -0.464 -0.803 0.927 -0.187 -0.324 0 -0.866 0.5 30141.dat
1 0 -152.176 -350.252 40 0 -0.485 0.875 0 0.875 0.485 -1 0 0 3035.dat
1 7 -200 -440 130 1 0 0 0 1 0 0 0 1 2458.dat
1 7 -114.0465 -11.0561 34.8971 0.990264 -0.068984 -0.120816 0.068154 0.997398 -0.013336 0.12233 0.005239 0.992539 2654.dat
1 7 -124.6097 -19.8481 43.5631 0.120816 -0.068984 0.990264 0.013336 0.997398 0.068154 -0.992539 0.005239 0.12233 2420.dat
1 7 -112.9426 -27.0206 34.8069 0.120816 -0.068984 0.990264 0.013336 0.997398 0.068154 -0.992539 0.005239 0.12233 4150.dat
1 0 -222.146 -389.037 40 0 -0.485 0.875 0 0.875 0.485 -1 0 0 3035.dat
1 2 -260 -320 300 1 0 0 0 1 0 0 0 1 6064.dat
1 0 -122 -68.34 59.995 0 -0.017 -1 0 1 -0.017 1 0 0 4600.dat
1 0 -42 -66.98 59.995 0 -0.017 -1 0 1 -0.017 1 0 0 4600.dat
1 8 -81.864 -75.66 59.995 -1 -0.017 0 -0.017 1 0 0 0 -1 3795.dat
1 6 -61.728 -83.32 59.995 0 -0.017 -1 0 1 -0.017 1 0 0 2527.dat
1 8 -31.252 -110.81 59.995 0 0.242578 -0.970403 0 0.970403 0.242578 1 0 0 2533.dat
1 0 -42.085 -61.98 89.995 -1 -0.017 0 -0.017 1 0 0 0 -1 50254.dat
1 0 -122.085 -63.34 89.995 -1 -0.017 0 -0.017 1 0 0 0 -1 50254.dat
1 0 -122.085 -63.34 29.995 1 -0.017 0 0.017 1 0 0 0 1 50254.dat
1 0 -42.085 -61.98 29.995 1 -0.017 0 0.017 1 0 0 0 1 50254.dat
1 0 -180.649 -411.304 80 0 -0.998 -0.07 0 0.07 -0.998 1 0 0 6179.dat
1 7 -190.033 -430.704 100 0 -0.998 -0.07 0 0.07 -0.998 1 0 0 2444.dat
1 0 -180.089 -403.32 80 0 -0.998 -0.07 0 0.07 -0.998 1 0 0 4106330a.dat
1 6 -208.761 -409.058 36 0.875 0 0.485 0.485 0 -0.875 0 1 0 2489.dat
1 8 -210 -464 170 1 0 0 0 1 0 0 0 1 2546.dat
