0 
0 Name: New Model.ldr
0 Author: 
1 70 -450 -24 -290 -0.707107 0 -0.707107 0 1 0 0.707107 0 -0.707107 3005.dat
1 70 -450 -48 -290 0 0 -1 0 1 0 1 0 0 3062.dat
1 70 -450 -72 -290 0 0 -1 0 1 0 1 0 0 3005.dat
1 70 -450 -96 -290 0 0 -1 0 1 0 1 0 0 3062.dat
1 70 -450 -120 -290 -0.707107 0 -0.707107 0 1 0 0.707107 0 -0.707107 3005.dat
1 70 -450 -144 -290 0 0 -1 0 1 0 1 0 0 3062.dat
1 34 -450 -148 -290 0 0 1 0 1 0 -1 0 0 30093.dat
1 2 -450 -174 -260 0.707107 0 0.707107 0 -1 0 0.707107 0 -0.707107 2423.dat
1 4 -464.142 -166 -217.574 0.707107 0 0.707107 0 -1 0 0.707107 0 -0.707107 6141.dat
1 70 -478.284 -166 -260 0.707107 0 0.707107 0 -1 0 0.707107 0 -0.707107 6141.dat
1 4 -478.284 -158 -260 0.707107 0 0.707107 0 -1 0 0.707107 0 -0.707107 6141.dat
1 2 -450 -220 -280 0.707107 0 -0.707107 0 -1 0 -0.707107 0 -0.707107 2423.dat
1 70 -421.716 -212 -280 0.707107 0 -0.707107 0 -1 0 -0.707107 0 -0.707107 6141.dat
1 4 -421.716 -204 -280 0.707107 0 -0.707107 0 -1 0 -0.707107 0 -0.707107 6141.dat
1 2 -450 -236 -300 0.707107 0 0.707107 0 -1 0 0.707107 0 -0.707107 2423.dat
1 4 -464.142 -228 -257.574 0.707107 0 0.707107 0 -1 0 0.707107 0 -0.707107 6141.dat
1 2 -450 -248 -300 -0.707107 0 -0.707107 0 -1 0 -0.707107 0 0.707107 2423.dat
1 70 -407.574 -240 -342.426 -0.707107 0 -0.707107 0 -1 0 -0.707107 0 0.707107 6141.dat
1 4 -407.574 -232 -342.426 -0.707107 0 -0.707107 0 -1 0 -0.707107 0 0.707107 6141.dat
1 2 -450 -200 -320 -0.707107 0 0.707107 0 -1 0 0.707107 0 0.707107 2423.dat
1 70 -478.284 -192 -320 -0.707107 0 0.707107 0 -1 0 0.707107 0 0.707107 6141.dat
1 4 -478.284 -184 -320 -0.707107 0 0.707107 0 -1 0 0.707107 0 0.707107 6141.dat
1 4 -492.426 -192 -362.426 -0.707107 0 0.707107 0 -1 0 0.707107 0 0.707107 6141.dat
