0 
0 Name: New Model.ldr
0 Author: 
1 10 0 0 0 1 0 0 0 1 0 0 0 1 91405.dat
1 15 -150 -8 -180 0 0 -1 0 1 0 1 0 0 3666.dat
1 72 -140 0 -190 0 0 -1 0 1 0 1 0 0 3021.dat
1 2 -80 0 -230 1 0 0 0 1 0 0 0 1 3460.dat
1 2 -60 -8 -180 1 0 0 0 1 0 0 0 1 3036.dat
1 71 -140 -16 -230 1 0 0 0 1 0 0 0 1 60470.dat
1 288 -150 -32 -210 0 0 -1 0 1 0 1 0 0 3040.dat
1 2 -150 -32 -190 0 0 -1 0 1 0 1 0 0 4286.dat
1 2 -150 -32 -170 0 0 -1 0 1 0 1 0 0 4286.dat
1 288 -150 -32 -150 -1 0 0 0 1 0 0 0 -1 3040.dat
1 10 -110 -16 -210 0.707 0 -0.707 0 1 0 0.707 0 0.707 33291.dat
1 1 -80 -16 -230 1 0 0 0 1 0 0 0 1 3710.dat
1 1 -60 -16 -210 1 0 0 0 1 0 0 0 1 3710.dat
1 1 -60 -16 -190 1 0 0 0 1 0 0 0 1 3710.dat
1 2 -150 -40 -230 0 0 -1 0 1 0 1 0 0 4286.dat
1 2 -120 0 -280 1 0 0 0 1 0 0 0 1 30565.dat
1 288 -110 -24 -250 0 0 -1 0 1 0 1 0 0 3040.dat
1 72 -140 -8 -270 1 0 0 0 1 0 0 0 1 3023.dat
1 25 -110 -8 -270 1 0 0 0 1 0 0 0 1 6141.dat
1 0 -140 -16 -270 -1 0 0 0 1 0 0 0 -1 48336.dat
1 72 -140 -24 -270 1 0 0 0 1 0 0 0 1 3023.dat
1 70 -130 -48 -250 0 0 1 0 1 0 -1 0 0 2357.dat
1 19 -150 -48 -260 0 0 1 0 1 0 -1 0 0 3004.dat
1 70 -150 -72 -290 -1 0 0 0 1 0 0 0 -1 13965.dat
1 70 -150 -72 -270 0 0 1 0 1 0 -1 0 0 2357.dat
1 19 -150 -72 -250 0 0 1 0 1 0 -1 0 0 3005.dat
1 70 -130 -120 -250 1 0 0 0 1 0 0 0 1 13965.dat
1 19 -150 -96 -260 0 0 1 0 1 0 -1 0 0 3004.dat
1 70 -150 -120 -250 0 0 1 0 1 0 -1 0 0 2357.dat
1 4 -110 -56 -250 1 0 0 0 1 0 0 0 1 6141.dat
1 70 -130 -144 -270 0 0 1 0 1 0 -1 0 0 13965.dat
1 15 -150 -96 -330 0 0 1 0 1 0 -1 0 0 4070.dat
1 70 -140 -128 -260 0 0 1 0 1 0 -1 0 0 3022.dat
1 70 -150 -128 -280 0 0 -1 0 1 0 1 0 0 85984.dat
1 14 -130 -136 -250 1 0 0 0 1 0 0 0 1 6141.dat
1 70 -130 -120 -200 0 0 -1 0 1 0 1 0 0 85984.dat
1 14 -130 -120 -190 1 0 0 0 1 0 0 0 1 6141.dat
1 70 -80 -144 -270 -1 0 0 0 1 0 0 0 -1 85984.dat
1 4 -70 -144 -270 1 0 0 0 1 0 0 0 1 6141.dat
1 0 -130 -95.659 -332.588 1 0 0 0 0.966 -0.259 0 0.259 0.966 4733.dat
1 0 -130 -81.337 -347.386 1 0 0 0 -0.259 -0.966 0 0.966 -0.259 6141.dat
1 0 -130 -90.661 -312.61 1 0 0 0 0.259 0.966 0 -0.966 0.259 6141.dat
1 0 -130 -103.387 -334.66 0 0 1 0.259 0.966 0 -0.966 0.259 0 15712.dat
1 0 -130 -78.929 -317.748 -1 0 0 0 0.259 -0.966 0 -0.966 -0.259 11477.dat
1 0 -130 -73.749 -337.068 1 0 0 0 -0.259 -0.966 0 0.966 -0.259 11477.dat
