0 
0 Name: New Model.ldr
0 Author: 
1 72 -20 0 500 1 0 0 0 1 0 0 0 1 6063.dat
1 70 -70 0 500 0 0 -1 0 1 0 1 0 0 3710.dat
1 308 -70 -24 510 0 0 1 0 1 0 -1 0 0 3040.dat
1 70 -70 -24 490 -1 0 0 0 1 0 0 0 -1 2357.dat
1 70 -70 -24 530 0 0 1 0 1 0 -1 0 0 4070.dat
1 70 -80 -14 530 1 0 0 0 -0.707 -0.707 0 0.707 -0.707 13564.dat
1 70 -20 0 550 -1 0 0 0 1 0 0 0 -1 3710.dat
1 70 -20 0 450 -1 0 0 0 1 0 0 0 -1 3710.dat
1 330 -50 -24 550 -1 0 0 0 1 0 0 0 -1 3046.dat
1 330 -50 -24 450 0 0 1 0 1 0 -1 0 0 3046.dat
1 308 -30 -24 560 0 0 1 0 1 0 -1 0 0 30136.dat
1 308 -10 -24 440 0 0 1 0 1 0 -1 0 0 30136.dat
1 70 -30 -24 450 1 0 0 0 1 0 0 0 1 4070.dat
1 70 -30 -14 440 0 -0.707 0.707 0 -0.707 -0.707 1 0 0 13564.dat
1 70 -10 -24 550 -1 0 0 0 1 0 0 0 -1 4070.dat
1 70 -10 -14 560 0 0.707 -0.707 0 -0.707 -0.707 -1 0 0 13564.dat
1 330 10 -24 450 1 0 0 0 1 0 0 0 1 3046.dat
1 330 10 -24 550 0 0 -1 0 1 0 1 0 0 3046.dat
1 308 -70 -48 490 0 0 1 0 1 0 -1 0 0 3040.dat
1 308 -70 -48 510 -1 0 0 0 1 0 0 0 -1 3040.dat
1 288 -70 -24 470 0 0 1 0 1 0 -1 0 0 54200.dat
1 288 -50 -24 430 1 0 0 0 1 0 0 0 1 54200.dat
1 288 -30 -24 570 -1 0 0 0 1 0 0 0 -1 54200.dat
1 70 -50 -48 500 0 0 1 0 1 0 -1 0 0 92950.dat
1 308 -20 -48 550 1 0 0 0 1 0 0 0 1 30136.dat
1 308 -20 -48 450 1 0 0 0 1 0 0 0 1 30136.dat
1 288 -10 -24 430 1 0 0 0 1 0 0 0 1 54200.dat
1 288 10 -24 570 -1 0 0 0 1 0 0 0 -1 54200.dat
1 70 10 -48 500 0 0 1 0 1 0 -1 0 0 92950.dat
1 288 30 -24 450 0 0 -1 0 1 0 1 0 0 54200.dat
1 330 30 0 500 0 0 -1 0 1 0 1 0 0 92593.dat
1 70 40 -48 470 -1 0 0 0 1 0 0 0 -1 87552.dat
1 70 40 -48 530 1 0 0 0 1 0 0 0 1 87552.dat
1 70 -50 -72 510 0 0 -1 0 1 0 1 0 0 2357.dat
1 70 -50 -72 490 -1 0 0 0 1 0 0 0 -1 2357.dat
1 288 -50 -48 450 0 0 1 0 1 0 -1 0 0 54200.dat
1 330 -50 -48 550 -1 0 0 0 1 0 0 0 -1 54200.dat
1 330 10 -48 450 1 0 0 0 1 0 0 0 1 54200.dat
1 288 10 -48 550 0 0 -1 0 1 0 1 0 0 54200.dat
1 70 -20 -72 550 -1 0 0 0 1 0 0 0 -1 3700.dat
1 70 -20 -72 450 -1 0 0 0 1 0 0 0 -1 3700.dat
1 70 10 -72 520 0 0 -1 0 1 0 1 0 0 3298.dat
1 70 10 -72 480 0 0 -1 0 1 0 1 0 0 3298.dat
1 0 -20 -80 500 1 0 0 0 1 0 0 0 1 6585.dat
1 19 -20 -62 483 1 0 0 0 1 0 0 0 1 6589.dat
1 72 -20 -62 520 0 0 1 0 1 0 -1 0 0 55013.dat
1 288 -20 -62 568 -1 0 0 0 0 -1 0 -1 0 4032.dat
1 308 -20 -62 592 -1 0 0 0 0 -1 0 -1 0 92947.dat
1 28 -20 -62 600 -1 0 0 0 0 -1 0 -1 0 15535.dat
1 288 -10 -72 450 1 0 0 0 1 0 0 0 1 54200.dat
1 288 -70 -72 490 1 0 0 0 1 0 0 0 1 54200.dat
1 288 -30 -72 550 -1 0 0 0 1 0 0 0 -1 54200.dat
1 330 -30 -72 450 0 0 1 0 1 0 -1 0 0 54200.dat
1 330 -70 -72 510 0 0 1 0 1 0 -1 0 0 54200.dat
1 330 -10 -72 550 0 0 -1 0 1 0 1 0 0 54200.dat
1 288 -50 -80 500 0 0 -1 0 1 0 1 0 0 3023.dat
1 19 -20 -79 500 -0.259 0.966 0 0 0 1 0.966 0.259 0 6589.dat
1 288 10 -80 500 0 0 -1 0 1 0 1 0 0 3023.dat
1 70 -50 -88 500 0 0 -1 0 1 0 1 0 0 3710.dat
1 70 10 -88 500 0 0 -1 0 1 0 1 0 0 3710.dat
1 72 -20 -88 500 0 0 -1 0 1 0 1 0 0 3709.dat
1 72 -20 -125 500 0 0.259 -0.966 1 0 0 0 -0.966 -0.259 59426.dat
1 4 -20 -183 500 -0.966 0.259 0 0 0 -1 -0.259 -0.966 0 59443.dat
1 70 -20 -112 470 -1 0 0 0 1 0 0 0 -1 3700.dat
1 70 -20 -112 530 -1 0 0 0 1 0 0 0 -1 3700.dat
1 70 10 -112 500 0 0 1 0 1 0 -1 0 0 3701.dat
1 70 -50 -112 500 0 0 1 0 1 0 -1 0 0 3701.dat
1 70 -20 -208 500 0 0 1 0 1 0 -1 0 0 6259.dat
1 70 -20 -208 500 0 0 -1 0 1 0 1 0 0 6259.dat
1 308 -20 -216 500 0 0 -1 0 1 0 1 0 0 60474.dat
1 330 -10 -224 510 0 0 -1 0 1 0 1 0 0 27925.dat
1 330 -30 -224 510 -1 0 0 0 1 0 0 0 -1 27925.dat
1 330 -30 -224 490 0 0 1 0 1 0 -1 0 0 27925.dat
1 330 -10 -224 490 1 0 0 0 1 0 0 0 1 27925.dat
1 0 30 -102 500 -1 0 0 0 0.956 0.292 0 0.292 -0.956 15100.dat
1 308 30 -111.563 497.076 0.485 0.875 0 0.256 -0.142 -0.956 -0.836 0.464 -0.292 40378.dat
1 0 -20 -102 450 0 0.292 -0.956 0 0.956 0.292 1 0 0 15100.dat
1 308 -22.924 -111.563 450 -0.836 0.464 -0.292 0.256 -0.142 -0.956 -0.485 -0.875 0 40378.dat
1 0 -70 -102 500 1 0 0 0 0.956 0.292 0 -0.292 0.956 15100.dat
1 308 -70 -111.563 502.924 -0.485 -0.875 0 0.256 -0.142 -0.956 0.836 -0.464 0.292 40378.dat
1 0 -20 -102 550 0 -0.292 0.956 0 0.956 0.292 -1 0 0 15100.dat
1 308 -17.076 -111.563 550 0.836 -0.464 0.292 0.256 -0.142 -0.956 0.485 0.875 0 40378.dat
1 0 -20 -222 500 0 -0.966 -0.259 1 0 0 0 -0.259 0.966 3705.dat
1 308 -20 -232 500 -0.259 0 -0.966 0 1 0 0.966 0 -0.259 60474.dat
1 288 -20 -240 500 0.966 0 -0.259 0 1 0 0.259 0 0.966 4032.dat
1 71 -12.23 -240 471.02 0.966 0 -0.259 0 1 0 0.259 0 0.966 14704.dat
1 71 -48.98 -240 492.23 0.259 0 0.966 0 1 0 -0.966 0 0.259 14704.dat
1 71 -27.77 -240 528.98 -0.966 0 0.259 0 1 0 -0.259 0 -0.966 14704.dat
1 71 8.98 -240 507.77 -0.259 0 -0.966 0 1 0 0.966 0 -0.259 14704.dat
1 308 -20 -248 500 -0.259 0 -0.966 0 1 0 0.966 0 -0.259 60474.dat
1 288 -20 -256 500 0.966 0 -0.259 0 1 0 0.259 0 0.966 4032.dat
1 70 61.518 -257.672 526.801 0.426 0.44 0.791 0.076 0.853 -0.516 -0.902 0.28 0.33 32016.dat
1 71 37.788 -242.192 516.901 0.791 0.44 -0.426 -0.516 0.853 -0.076 0.33 0.28 0.902 2736.dat
1 4 78.3897 -281.7668 532.7326 0.562364 0.709513 -0.426 -0.803483 0.590544 -0.076 0.19768 0.38511 0.902 32062.dat
1 70 95.2627 -305.8612 538.6648 0.426 0.709513 0.562364 0.076 0.590544 -0.803483 -0.902 0.38511 0.19768 32016.dat
1 1 102.7084 -334.9018 539.7255 -0.248157 0.870317 0.426 0.967883 0.238259 0.076 -0.03535 0.43127 -0.902 43093.dat
1 308 105.1903 -344.582 540.079 0.870317 -0.248157 -0.426 0.238259 0.967883 -0.076 0.43127 -0.03535 0.902 10288.dat
1 308 92.4103 -346.862 567.139 -0.870317 0.248157 -0.426 -0.238259 -0.967883 -0.076 -0.43127 0.03535 0.902 43892.dat
1 308 134.1951 -337.2509 537.7553 0.066858 0.248157 0.966372 0.053482 -0.967883 0.244244 0.997072 0.03535 -0.07768 43892.dat
1 308 88.9652 -349.6339 515.3424 0.80469 0.248157 -0.540372 0.185114 -0.967883 -0.168244 -0.565192 0.03535 -0.82432 43892.dat
1 70 103.2047 -336.8375 539.7961 0.540372 -0.248157 -0.80469 0.168244 0.967883 -0.185114 0.82432 -0.03535 0.565192 33183.dat
1 70 108.6652 -358.1351 540.574 0.540372 0.248157 0.80469 0.168244 -0.967883 0.185114 0.82432 0.03535 -0.565192 85861.dat
1 70 6.801 -265.526 425.244 -0.902 0.28 0.33 -0.037 0.71 -0.703 -0.431 -0.646 -0.63 32016.dat
1 71 -3.099 -244.436 444.144 0.33 0.28 0.902 -0.703 0.71 0.037 -0.63 -0.646 0.431 2736.dat
1 4 12.7326 -293.1619 415.1996 0.19768 0.38511 0.902 -0.921502 0.386791 0.037 -0.334702 -0.838194 0.431 32062.dat
1 70 18.6648 -320.7977 405.154 -0.902 0.38511 0.19768 -0.037 0.386791 -0.921502 -0.431 -0.838194 -0.334702 32016.dat
1 1 19.7255 -350.7717 405.4934 -0.03535 0.43127 -0.902 0.998991 0.004949 -0.037 -0.011312 -0.902132 -0.431 43093.dat
1 308 20.079 -360.763 405.6066 0.43127 -0.03535 0.902 0.004949 0.998991 0.037 -0.902132 -0.011312 0.431 10288.dat
1 308 47.139 -359.653 418.5366 -0.43127 0.03535 0.902 -0.004949 -0.998991 0.037 0.902132 0.011312 0.431 43892.dat
1 308 17.7553 -361.1894 375.7002 0.997072 0.03535 -0.07768 0.03452 -0.998991 -0.014216 -0.078458 0.011312 -0.996412 43892.dat
1 308 -4.6576 -361.4473 422.5836 -0.565192 0.03535 -0.82432 -0.029564 -0.998991 -0.022784 -0.82495 0.011312 0.565412 43892.dat
1 70 19.7962 -352.7697 405.5161 0.82432 -0.03535 0.565192 0.022784 0.998991 0.029564 -0.565412 -0.011312 0.82495 33183.dat
1 70 20.574 -374.7517 405.765 0.82432 0.03535 -0.565192 0.022784 -0.998991 -0.029564 -0.565412 0.011312 -0.82495 85861.dat
1 70 -101.518 -260.528 479.289 -0.426 -0.44 -0.791 0.307 0.752 -0.584 0.851 -0.491 -0.185 32016.dat
1 71 -77.788 -243.008 484.839 -0.791 -0.44 0.426 -0.584 0.752 -0.307 -0.185 -0.491 -0.851 2736.dat
1 4 -118.3897 -285.3479 479.7987 -0.562364 -0.709513 0.426 -0.827632 0.471176 -0.307 0.017113 -0.524539 -0.851 32062.dat
1 70 -135.2627 -310.1675 480.3077 -0.426 -0.709513 -0.562364 0.307 0.471176 -0.827632 0.851 -0.524539 0.017113 32016.dat
1 1 -142.7084 -338.5081 486.7989 0.248157 -0.870317 -0.426 0.944552 0.118776 0.307 -0.216342 -0.477932 0.851 43093.dat
1 308 -145.1904 -347.955 488.9626 -0.870317 0.248157 0.426 0.118776 0.944552 -0.307 -0.477932 -0.216342 -0.851 10288.dat
1 308 -132.4104 -357.165 463.4326 0.870317 -0.248157 0.426 -0.118776 -0.944552 -0.307 0.477932 0.216342 -0.851 43892.dat
1 308 -174.1951 -340.2636 489.3089 -0.066858 -0.248157 -0.966372 -0.20639 -0.944552 0.256316 -0.97627 0.216342 0.011788 43892.dat
1 308 -128.9652 -346.437 514.1469 -0.80469 -0.248157 0.540372 0.325334 -0.944552 0.050684 0.497662 0.216342 0.839212 43892.dat
1 70 -143.2047 -340.3972 487.2316 -0.540372 0.248157 0.80469 -0.050684 0.944552 -0.325334 -0.839212 -0.216342 -0.497662 33183.dat
1 70 -148.6653 -361.1814 491.992 -0.540372 -0.248157 -0.80469 -0.050684 -0.944552 0.325334 -0.839212 0.216342 0.497662 85861.dat
1 70 -46.801 -257.672 581.518 0.902 -0.28 -0.33 0.076 0.853 -0.516 0.426 0.44 0.791 32016.dat
1 71 -36.901 -242.192 557.788 -0.33 -0.28 -0.902 -0.516 0.853 -0.076 0.791 0.44 -0.426 2736.dat
1 4 -52.7326 -281.7668 598.3897 -0.19768 -0.38511 -0.902 -0.803483 0.590544 -0.076 0.562364 0.709513 -0.426 32062.dat
1 70 -58.6648 -305.8612 615.2626 0.902 -0.38511 -0.19768 0.076 0.590544 -0.803483 0.426 0.709513 0.562364 32016.dat
1 1 -59.7255 -334.9018 622.7084 0.03535 -0.43127 0.902 0.967883 0.238259 0.076 -0.248157 0.870317 0.426 43093.dat
1 308 -60.079 -344.582 625.1904 -0.43127 0.03535 -0.902 0.238259 0.967883 -0.076 0.870317 -0.248157 -0.426 10288.dat
1 308 -87.139 -346.862 612.4103 0.43127 -0.03535 -0.902 -0.238259 -0.967883 -0.076 -0.870317 0.248157 -0.426 43892.dat
1 308 -57.7553 -337.2509 654.1951 -0.997072 -0.03535 0.07768 0.053482 -0.967883 0.244244 0.066858 0.248157 0.966372 43892.dat
1 308 -35.3424 -349.6339 608.9652 0.565192 -0.03535 0.82432 0.185114 -0.967883 -0.168244 0.80469 0.248157 -0.540372 43892.dat
1 70 -59.7962 -336.8375 623.2047 -0.82432 0.03535 -0.565192 0.168244 0.967883 -0.185114 0.540372 -0.248157 -0.80469 33183.dat
1 70 -60.574 -358.1351 628.6652 -0.82432 -0.03535 0.565192 0.168244 -0.967883 0.185114 0.540372 0.248157 0.80469 85861.dat
1 2 15.82 -265.147 429.545 0.427 0.902 0.066 0.077 0.037 -0.996 -0.901 0.431 -0.054 24866.dat
1 2 -140.339 -306.445 490.487 0.902 -0.426 -0.065 0.076 0.307 -0.949 0.424 0.851 0.309 24866.dat
1 2 -57.623 -258.57 576.392 0.432 -0.902 0.024 -0.212 -0.076 0.974 -0.877 -0.426 -0.224 24866.dat
1 2 100.339 -304.932 527.862 0.89 0.426 0.16 -0.212 0.076 0.974 0.403 -0.902 0.158 24866.dat
1 2 3.354 -321.414 397.802 0.413 0.902 0.13 0.226 0.037 -0.973 -0.882 0.431 -0.188 24855.dat
1 2 -110.02 -254.378 496.299 -0.352 0.426 0.833 -0.923 -0.307 -0.233 0.156 -0.851 0.501 24855.dat
1 2 -40.65 -304.325 623.746 0.418 -0.902 0.11 -0.404 -0.076 0.911 -0.813 -0.426 -0.396 24855.dat
1 2 54.263 -258.949 542.131 0.84 0.426 0.337 -0.404 0.076 0.911 0.363 -0.902 0.236 24855.dat
