0 
0 Name: New Model.ldr
0 Author: 
1 2 -90 -16 430 1 0 0 0 1 0 0 0 1 3741.dat
1 2 -170 -16 430 0.707 0 -0.707 0 1 0 0.707 0 0.707 3741.dat
1 4 -175.701 -39.808 408.763 0.682 0.12 -0.722 -0.399 0.888 -0.229 0.613 0.444 0.653 3742.dat
1 4 -109 -39.808 419 0.916 0.399 0 -0.399 0.888 -0.229 0 0.229 1 3742.dat
1 4 -146 -44.468 436.205 0.547 -0.437 -0.714 0.359 0.893 -0.271 0.756 -0.109 0.645 3742.dat
1 4 -68.635 -44.468 417.41 0.921 -0.386 0 0.359 0.893 -0.271 0.148 0.232 1 3742.dat
1 4 -90 -36.522 450.911 1 0 -0.194 0.08 0.91 0.407 0.176 -0.415 0.893 3742.dat
1 4 -184.787 -36.522 444.787 0.569 0.293 -0.768 0.08 0.91 0.407 0.818 -0.293 0.494 3742.dat
1 6 -260 -8 380 1 0 0 0 1 0 0 0 1 2563.dat
1 6 -260 -43.66 382.59 1 0 0 0 1 0.259 0 -0.259 1 2536.dat
1 6 -260 -78.706 390.524 1 0 0 0 1 0.12 0 -0.12 1 2536.dat
1 6 -260 -114.728 392.3 1 0 0 0 1 0 0 0 1 2536.dat
1 6 -260 -150.496 392.48 1 0 0 0 1 -0.12 0 0.12 1 2536.dat
1 6 -260 -185.932 387.364 1 0 0 0 1 -0.259 0 0.259 1 2536.dat
1 6 -260 -220.29 377.546 1 0 0 0 0.92 -0.393 0 0.393 0.92 2536.dat
1 6 -260 -257.252 362.66 0.707 0 0.707 -0.278 0.92 0.278 0.65 0.393 -0.65 2566.dat
1 2 -267.07 -267.668 366.82 -0.707 0 0.707 0.278 0.92 0.278 -0.65 0.393 -0.65 2518.dat
1 2 -252.93 -262.108 353.82 0.707 0 0.707 -0.278 0.92 0.278 0.65 0.393 -0.65 2518.dat
1 2 -267.07 -269.468 350.676 0.707 0 0.707 0.278 0.92 -0.278 -0.65 0.393 0.65 2518.dat
1 2 -252.93 -275 363.676 -0.707 0 0.707 -0.278 0.92 -0.278 0.65 0.393 0.65 2518.dat
1 2 -260 -279.608 354 0.707 0 0.707 -0.278 0.92 0.278 0.65 0.393 -0.65 4032.dat
1 2 -260 -301.688 344.6 0.707 0 0.707 -0.278 0.92 0.278 0.65 0.393 -0.65 3062.dat
