0 
0 Name: New Model.ldr
0 Author: 
1 2 360 0 200 1 0 0 0 1 0 0 0 1 3031.dat
1 70 370 -24 190 1 0 0 0 1 0 0 0 1 3040.dat
1 70 370 -24 210 0 0 -1 0 1 0 1 0 0 3040.dat
1 70 350 -24 190 0 0 1 0 1 0 -1 0 0 3040.dat
1 2 350 -24 210 -1 0 0 0 1 0 0 0 -1 3040.dat
1 4 390 -8 170 -1 0 0 0 1 0 0 0 -1 6141.dat
1 70 360 -48 200 -1 0 0 0 1 0 0 0 -1 3003.dat
1 70 360 -72 200 -1 0 0 0 1 0 0 0 -1 3003.dat
1 2 350 -96 220 0 0 -1 0 1 0 1 0 0 3004.dat
1 2 350 -96 180 0 0 -1 0 1 0 1 0 0 3004.dat
1 70 370 -168 210 0 0 1 0 1 0 -1 0 0 2339.dat
1 2 350 -120 210 -1 0 0 0 1 0 0 0 -1 2357.dat
1 27 350 -104 170 1 0 0 0 1 0 0 0 1 49668.dat
1 70 370 -168 190 -1 0 0 0 1 0 0 0 -1 2339.dat
1 2 360 -144 200 -1 0 0 0 1 0 0 0 -1 3003.dat
1 2 380 -168 210 -1 0 0 0 1 0 0 0 -1 3004.dat
1 2 370 -168 170 1 0 0 0 1 0 0 0 1 2357.dat
1 70 350 -168 200 0 0 1 0 1 0 -1 0 0 3004.dat
1 27 450 -168 210 0 0 -1 0 1 0 1 0 0 6141.dat
1 2 420 -176 210 -1 0 0 0 1 0 0 0 -1 3710.dat
1 288 430 -184 210 1 0 0 0 1 0 0 0 1 49668.dat
1 288 450 -184 210 0 0 -1 0 1 0 1 0 0 49668.dat
1 27 430 -192 210 -1 0 0 0 1 0 0 0 -1 49668.dat
1 2 362.235 -168 81.022 0.259 0 -0.966 0 1 0 0.966 0 0.259 3710.dat
1 288 359.645 -176 71.362 -0.259 0 0.966 0 1 0 -0.966 0 -0.259 49668.dat
1 288 354.465 -176 52.042 0.966 0 0.259 0 1 0 -0.259 0 0.966 49668.dat
1 27 359.645 -184 71.362 0.259 0 -0.966 0 1 0 0.966 0 0.259 49668.dat
1 2 370 -176 140 0 0 1 0 1 0 -1 0 0 3710.dat
1 2 370 -192 200 0 0 1 0 1 0 -1 0 0 3004.dat
1 27 370 -184 130 0 0 1 0 1 0 -1 0 0 6141.dat
1 27 370 -184 110 0 0 -1 0 1 0 1 0 0 49668.dat
1 2 399.886 -184 152.615 -0.996 0 0.087 0 1 0 -0.087 0 -0.996 3710.dat
1 288 409.846 -192 153.485 0.996 0 -0.087 0 1 0 0.087 0 0.996 49668.dat
1 288 429.766 -192 155.225 -0.087 0 -0.996 0 1 0 0.996 0 -0.087 49668.dat
1 27 409.846 -200 153.485 -0.996 0 0.087 0 1 0 -0.087 0 -0.996 49668.dat
1 2 370 -192 140 0 0 -1 0 1 0 1 0 0 3710.dat
1 288 370 -200 130 0 0 1 0 1 0 -1 0 0 49668.dat
1 288 370 -200 110 1 0 0 0 1 0 0 0 1 49668.dat
1 27 370 -208 130 0 0 -1 0 1 0 1 0 0 49668.dat
1 70 370 -200 180 0 0 -1 0 1 0 1 0 0 3023.dat
1 2 370 -224 190 1 0 0 0 1 0 0 0 1 3040.dat
1 27 370 -232 190 -0.259 0 -0.966 0 1 0 0.966 0 -0.259 49668.dat
