0 Main
0 Name: 41075-1 - The Elves' Treetop Hid_HyjZeri.mpd
0 Author: LTRON
1 288 -150 -16 -70 1 0 0 0 1 0 0 0 1 30357.dat
1 288 -150 -16 90 0 0 1 0 1 0 -1 0 0 30357.dat
1 288 -150 -16 10 0 0 1 0 1 0 -1 0 0 3623.dat
1 288 130 -16 90 -1 0 0 0 1 0 0 0 -1 30357.dat
1 320 -70 -32 110 0 0 1 0 1 0 -1 0 0 4286.dat
1 320 -70 -32 130 0 0 1 0 1 0 -1 0 0 4286.dat
1 320 30 -32 130 0 0 -1 0 1 0 1 0 0 4286.dat
1 320 30 -32 110 0 0 -1 0 1 0 1 0 0 4286.dat
1 70 -20 -32 100 1 0 0 0 1 0 0 0 1 3001.dat
1 70 -20 -32 140 1 0 0 0 1 0 0 0 1 3001.dat
1 320 -10 -32 70 1 0 0 0 1 0 0 0 1 4286.dat
1 320 -30 -32 70 0 0 1 0 1 0 -1 0 0 4286.dat
1 26 70 -32 90 0 0 1 0 1 0 -1 0 0 59900.dat
1 26 -130 -40 -50 0 0 1 0 1 0 -1 0 0 59900.dat
1 129 70 -40 90 0 0 1 0 1 0 -1 0 0 4740.dat
1 129 -130 -48 -50 0 0 1 0 1 0 -1 0 0 4740.dat
1 320 -50 -104 120 0 0 1 0 1 0 -1 0 0 3684.dat
1 320 10 -104 120 0 0 -1 0 1 0 1 0 0 3684.dat
1 320 -40 -56 90 1 0 0 0 1 0 0 0 1 3004.dat
1 320 10 -56 90 1 0 0 0 1 0 0 0 1 3062.dat
1 37 -50 -64 90 1 0 0 0 1 0 0 0 1 6141.dat
1 37 10 -64 90 1 0 0 0 1 0 0 0 1 6141.dat
1 320 -30 -104 90 0 0 1 0 1 0 -1 0 0 30099.dat
1 320 -10 -104 90 1 0 0 0 1 0 0 0 1 4460.dat
1 5 -50 -72 90 0.848 0 0.53 0 1 0 -0.53 0 0.848 2423.dat
1 5 10 -72 90 0.839 0 -0.545 0 1 0 0.545 0 0.839 2423.dat
1 37 42.678 -76 39.68 0.839 0 -0.545 0 1 0 0.545 0 0.839 30153.dat
1 31 15.012 -80 45.56 0.839 0 -0.545 0 1 0 0.545 0 0.839 33291.dat
1 2 -81.795 -76 39.117 0.559 0 -0.829 0 1 0 0.829 0 0.559 19119.dat
1 5 -91.022 -103.383 25.438 0.484 0.28 -0.829 -0.5 0.866 0 0.718 0.415 0.559 3742.dat
1 5 -67.607 -88.235 60.151 0.191 -0.525 -0.829 0.94 0.342 0 0.284 -0.779 0.559 3742.dat
1 5 -89.028 -103.383 53.947 0.38 0.219 0.899 -0.5 0.866 0 -0.778 -0.449 0.438 3742.dat
1 31 -70.673 -88.235 16.313 0.15 -0.412 0.899 0.94 0.342 0 -0.307 0.845 0.438 33291.dat
1 5 -65.336 -103.383 37.966 -0.864 -0.499 -0.07 -0.5 0.866 0 0.06 0.035 -0.998 3742.dat
1 31 -107.106 -88.235 40.887 -0.341 0.937 -0.07 0.94 0.342 0 0.024 -0.066 -0.998 33291.dat
1 37 -50 -80 90 1 0 0 0 1 0 0 0 1 6141.dat
1 37 10 -80 90 1 0 0 0 1 0 0 0 1 6141.dat
1 320 10 -104 90 1 0 0 0 1 0 0 0 1 3062.dat
1 320 -50 -104 90 1 0 0 0 1 0 0 0 1 3062.dat
1 297 -50 -8 30 0 0 -1 0 1 0 1 0 0 15279.dat
1 37 -40 -62 26 0.839 0 -0.545 -0.545 0 -0.839 0 1 0 30153.dat
1 320 -40 -56 150 1 0 0 0 1 0 0 0 1 3004.dat
1 320 -30 -32 170 0 0 1 0 1 0 -1 0 0 4286.dat
1 320 -10 -32 170 -1 0 0 0 1 0 0 0 -1 4286.dat
1 320 -30 -104 150 0 0 -1 0 1 0 1 0 0 30099.dat
1 320 -10 -104 150 -1 0 0 0 1 0 0 0 -1 4460.dat
1 320 10 -56 150 1 0 0 0 1 0 0 0 1 3062.dat
1 320 10 -80 150 1 0 0 0 1 0 0 0 1 3062.dat
1 320 10 -104 150 1 0 0 0 1 0 0 0 1 3062.dat
1 0 -20 -112 120 1 0 0 0 1 0 0 0 1 64799.dat
1 320 -20 -136 90 1 0 0 0 1 0 0 0 1 3004.dat
1 70 10 -208 90 -1 0 0 0 1 0 0 0 -1 76768.dat
1 70 -50 -208 90 -1 0 0 0 1 0 0 0 -1 76768.dat
1 70 -50 -208 110 0 0 -1 0 1 0 1 0 0 76768.dat
1 70 10 -208 110 0 0 1 0 1 0 -1 0 0 76768.dat
1 320 -20 -160 90 1 0 0 0 1 0 0 0 1 3004.dat
1 71 -10 -176 110 1 0 0 0 1 0 0 0 1 43888.dat
1 71 -30 -176 110 1 0 0 0 1 0 0 0 1 43888.dat
1 71 -10 -176 130 1 0 0 0 1 0 0 0 1 43888.dat
1 71 -30 -176 130 1 0 0 0 1 0 0 0 1 43888.dat
1 320 -50 -136 150 0 0 1 0 1 0 -1 0 0 2357.dat
1 320 10 -136 150 -1 0 0 0 1 0 0 0 -1 2357.dat
1 320 -20 -160 150 1 0 0 0 1 0 0 0 1 3004.dat
1 320 -50 -160 140 0 0 1 0 1 0 -1 0 0 3004.dat
1 320 10 -160 140 0 0 1 0 1 0 -1 0 0 3004.dat
1 19 -20 -184 120 0 0 1 0 1 0 -1 0 0 3022.dat
1 320 10 -184 150 -1 0 0 0 1 0 0 0 -1 2357.dat
1 320 10 -184 90 0 0 -1 0 1 0 1 0 0 2357.dat
1 320 -50 -184 90 1 0 0 0 1 0 0 0 1 2357.dat
1 320 -50 -184 150 0.017 0 1 0 1 0 -1 0 0.017 2357.dat
1 320 -20.008 -208 110.873 -1 0 0.017 0 1 0 -0.017 0 -1 3009.dat
1 320 10 -208 90 -1 0 0 0 1 0 0 0 -1 2357.dat
1 320 -50 -208 90 0.017 0 1 0 1 0 -1 0 0.017 2357.dat
1 19 -39.827 -208 140.176 0.017 0 1 0 1 0 -1 0 0.017 3003.dat
1 19 0 -192 140 0 0 1 0 1 0 -1 0 0 3022.dat
1 0 0 -200 170 -1 0 0 0 1 0 0 0 -1 11215.dat
1 19 0 -208 140 0 0 1 0 1 0 -1 0 0 3022.dat
1 320 -10 -200 200 0 0 1 0 1 0 -1 0 0 3004.dat
1 19 0 -208 170 -1 0 0 0 1 0 0 0 -1 3023.dat
1 19 -10 -208 200 0 0 -1 0 1 0 1 0 0 3023.dat
1 378 10 -184 200 0 0 -1 0 1 0 1 0 0 3069.dat
1 37 -110 -208 110 1 0 0 0 1 0 0 0 1 6141.dat
1 37 -130 -208 110 1 0 0 0 1 0 0 0 1 6141.dat
1 19 -120 -216 110 -1 0 0 0 1 0 0 0 -1 3023.dat
1 28 -20.003 -216 180.349 -1 0 0 0 1 0 0 0 -1 30565.dat
1 0 -50 -208 20 0 0 1 0 1 0 -1 0 0 44301.dat
1 0 -50 -212.293 -17.771 1 0 0 0 -0.777 -0.629 0 0.629 -0.777 30553.dat
1 70 -50 -216.698 -23.211 1 0 0 0 0.616 -0.788 0 0.788 0.616 33183.dat
1 85 -50 -198.199 -63.927 0 0 -1 -0.788 0.616 0 0.616 0.788 0 2417.dat
1 2 -50 -169.141 -91.706 0.559 0 -0.829 -0.653 0.616 -0.441 0.51 0.788 0.344 19119.dat
1 5 -59.227 -175.221 -121.706 0.484 0.28 -0.829 -0.874 0.207 -0.441 0.048 0.938 0.344 3742.dat
1 5 -35.812 -193.249 -88.397 0.191 -0.525 -0.829 0.355 0.824 -0.441 0.915 -0.21 0.344 3742.dat
1 5 -57.233 -197.686 -104.154 0.38 0.219 0.899 0.306 0.887 -0.345 -0.873 0.406 0.27 3742.dat
1 31 -38.877 -158.704 -115.387 0.15 -0.412 0.899 0.821 -0.455 -0.345 0.551 0.789 0.27 33291.dat
1 5 -33.541 -185.093 -113.992 -0.864 -0.499 -0.07 -0.355 0.506 0.786 -0.357 0.704 -0.614 3742.dat
1 31 -75.31 -178.069 -100.257 -0.341 0.937 -0.07 0.56 0.262 0.786 0.755 0.229 -0.614 33291.dat
1 37 -90 -232.182 -42.453 0.559 0 -0.829 -0.653 0.616 -0.441 0.51 0.788 0.344 30153.dat
1 28 -20 -216 80 1 0 0 0 1 0 0 0 1 3036.dat
1 85 50 -224 110 0 0 1 0 1 0 -1 0 0 3623.dat
1 320 40 -240 70 -1 0 0 0 1 0 0 0 -1 3004.dat
1 320 -80 -240 70 -1 0 0 0 1 0 0 0 -1 3004.dat
1 320 -70 -240 50 -1 0 0 0 1 0 0 0 -1 2357.dat
1 320 30 -240 50 0 0 1 0 1 0 -1 0 0 2357.dat
1 378 -20 -264 30 -1 0 0 0 1 0 0 0 -1 19121.dat
1 320 30 -264 50 0 0 1 0 1 0 -1 0 0 2357.dat
1 320 40 -264 70 -1 0 0 0 1 0 0 0 -1 3004.dat
1 320 -70 -264 50 -1 0 0 0 1 0 0 0 -1 2357.dat
1 320 -80 -264 70 -1 0 0 0 1 0 0 0 -1 3004.dat
1 19 50 -272 70 -1 0 0 0 1 0 0 0 -1 2420.dat
1 19 -90 -272 70 0 0 1 0 1 0 -1 0 0 2420.dat
1 19 -70 -344 30 0 0 1 0 1 0 -1 0 0 13965.dat
1 19 30 -344 30 0 0 -1 0 1 0 1 0 0 13965.dat
1 288 -20 -272 30 -1 0 0 0 1 0 0 0 -1 3666.dat
1 288 -20 -272 50 -1 0 0 0 1 0 0 0 -1 3666.dat
1 19 30 -320 50 -1 0 0 0 1 0 0 0 -1 60481.dat
1 19 -70 -320 50 -1 0 0 0 1 0 0 0 -1 60481.dat
1 320 50 -344 50 0 0 1 0 1 0 -1 0 0 13965.dat
1 320 -90 -344 50 0 0 -1 0 1 0 1 0 0 13965.dat
1 320 30 -344 50 0 0 1 0 1 0 -1 0 0 2357.dat
1 320 -70 -344 50 -1 0 0 0 1 0 0 0 -1 2357.dat
1 19 20 -224 110 -1 0 0 0 1 0 0 0 -1 3023.dat
1 30 20 -216 90 -1 0 0 0 1 0 0 0 -1 85984.dat
1 30 20 -216 130 1 0 0 0 1 0 0 0 1 85984.dat
1 288 -20 -352 50 -1 0 0 0 1 0 0 0 -1 3666.dat
1 288 -20 -352 30 -1 0 0 0 1 0 0 0 -1 3666.dat
1 71 50 -352 50 1 0 0 0 1 0 0 0 1 3024.dat
1 72 80 -352 50 1 0 0 0 1 0 0 0 1 44567.dat
1 0 -110 -352 60 1 0 0 0 1 0 0 0 1 3021.dat
1 0 -130 -376 60 0 0 1 0 1 0 -1 0 0 3700.dat
1 70 -110 -376 50 1 0 0 0 1 0 0 0 1 87087.dat
1 320 -100 -376 70 1 0 0 0 1 0 0 0 1 3004.dat
1 320 -90 -376 50 0 0 -1 0 1 0 1 0 0 60477.dat
1 320 30 -376 50 0 0 -1 0 1 0 1 0 0 60477.dat
1 0 -110 -384 60 1 0 0 0 1 0 0 0 1 3021.dat
1 320 -20 -376 30 -1 0 0 0 1 0 0 0 -1 3004.dat
1 0 -60 -360 30 -1 0 0 0 1 0 0 0 -1 92280.dat
1 0 20 -360 30 1 0 0 0 1 0 0 0 1 92280.dat
1 0 -30 -300 30 0 0 1 0 1 0 -1 0 0 6266.dat
1 297 -30 -300 40 0 0 1 -1 0 0 0 -1 0 64644.dat
1 47 -30 -300 0 0 0 1 1 0 0 0 1 0 30153.dat
1 19 -20 -384 30 1 0 0 0 1 0 0 0 1 44728.dat
1 1 -140 -366 60 -1 0 0 0 1 0 0 0 -1 43093.dat
1 308 -170 -366 60 0 0 1 -1 0 0 0 -1 0 10288.dat
1 288 -10 -384 30 0 0 1 0 1 0 -1 0 0 54200.dat
1 288 -30 -384 30 0 0 -1 0 1 0 1 0 0 54200.dat
1 288 -20 -364 8 1 0 0 0 0 -1 0 1 0 14769.dat
1 71 20.119 -394.397 30 0.391 -0.921 0 0.921 0.391 0 0 0 1 60478.dat
1 288 4.94 -409.681 20 0.391 -0.921 0 0.921 0.391 0 0 0 1 3020.dat
1 71 8.397 -422.012 30 -0.391 -0.921 0 -0.921 0.391 0 0 0 -1 3024.dat
1 378 20.119 -394.397 10 -0.391 -0.921 0 -0.921 0.391 0 0 0 -1 3710.dat
1 288 32.292 -345.246 10 -0.391 -0.921 0 -0.921 0.391 0 0 0 -1 3623.dat
1 378 -2.874 -428.091 20 0 -0.921 0.391 0 0.391 0.921 -1 0 0 15068.dat
1 378 54.384 -354.623 10 0 -0.921 -0.391 0 0.391 -0.921 1 0 0 50950.dat
1 378 31.39 -388.317 20 0 -0.921 -0.391 0 0.391 -0.921 1 0 0 3069.dat
1 378 23.576 -406.728 20 0 -0.921 -0.391 0 0.391 -0.921 1 0 0 3069.dat
1 71 -60.119 -394.397 30 -0.391 0.921 0 0.921 0.391 0 0 0 -1 60478.dat
1 288 -44.94 -409.681 20 0.391 0.921 0 -0.921 0.391 0 0 0 1 3020.dat
1 71 -48.397 -422.012 30 -0.391 0.921 0 0.921 0.391 0 0 0 -1 3024.dat
1 378 -60.119 -394.397 10 -0.391 0.921 0 0.921 0.391 0 0 0 -1 3710.dat
1 288 -72.292 -345.246 10 -0.391 0.921 0 0.921 0.391 0 0 0 -1 3623.dat
1 378 -37.126 -428.091 20 0 0.921 -0.391 0 0.391 0.921 1 0 0 15068.dat
1 378 -94.384 -354.623 10 0 0.921 0.391 0 0.391 -0.921 -1 0 0 50950.dat
1 378 -71.39 -388.317 20 0 0.921 0.391 0 0.391 -0.921 -1 0 0 3069.dat
1 378 -63.576 -406.728 20 0 0.921 0.391 0 0.391 -0.921 -1 0 0 3069.dat
1 70 -10 -56 230 0 0 -1 0 1 0 1 0 0 60481.dat
1 70 -130 -56 230 1 0 0 0 1 0 0 0 1 60481.dat
1 297 -10 -64 230 0 0 1 0 1 0 -1 0 0 15712.dat
1 297 -130 -64 230 0 0 1 0 1 0 -1 0 0 15712.dat
1 484 -70 -16 210 0 0 1 0 1 0 -1 0 0 15397.dat
1 57 -70 -24 210 0 0 1 0 1 0 -1 0 0 6141.dat
1 0 -110 -70 230 0 -1 0 -1 0 0 0 0 -1 48729.dat
1 0 -68 -86 230 -1 0 0 0 1 0 0 0 -1 4341.dat
1 0 -24 -70 230 0 1 0 -1 0 0 0 0 1 48729.dat
1 320 90 -224 110 1 0 0 0 1 0 0 0 1 3062.dat
1 191 90 -232 110 1 0 0 0 1 0 0 0 1 6256.dat
1 4 90 -237 110 1 0 0 0 0.682 0.731 0 -0.731 0.682 33051.dat
1 25 -51.114 -85.147 230 -0.066 -0.777 0.626 -0.081 0.629 0.773 -0.995 0 -0.105 33172.dat
1 10 -55 -82 230 -0.066 -0.777 0.626 -0.081 0.629 0.773 -0.995 0 -0.105 33183.dat
1 52 -157 -151 74 1 0 0 0 0 -1 0 1 0 208.dat
1 16 -169.4123 -348.5961 69.0166 0 -0.235064 0.97198 0.816212 -0.561563 -0.135809 0.577752 0.793342 0.191862 209.dat
1 16 -164.0712 -347.8352 50.9904 0.966583 0.256354 0 0.114297 -0.430956 0.895105 0.229463 -0.865193 -0.445855 209.dat
1 16 -163.2803 -351.0479 48.3209 0 -0.104824 0.994491 0.35574 0.929436 0.097967 -0.934585 0.35378 0.03729 209.dat
1 16 -161.4309 -372.515 47.7594 0.998334 0.0577 0 0.055048 -0.952451 -0.299677 -0.017291 0.299177 -0.954041 209.dat
1 16 -160.9881 -375.2158 50.4763 0 -0.138477 0.990366 -0.894871 0.442024 0.061805 -0.446324 -0.88625 -0.123919 209.dat
1 16 -157.6967 -377.3459 71.5413 0.988774 0.149418 0 -0.037993 0.251417 -0.967133 -0.144507 0.956276 0.254271 209.dat
1 16 -157.3523 -374.4509 73.7454 0 -0.03142 0.999506 -0.201187 -0.979069 -0.030777 0.979553 -0.201087 -0.006321 209.dat
1 16 -157 -351.9735 76 1 0 0 0 1 0 0 0 1 209.dat
1 16 -157 -346.9735 76 0 0 1 0 -1 0 1 0 0 209.dat
1 16 -157 -323.9735 76 1 0 0 0 1 0 0 0 1 209.dat
1 16 -157 -318.9735 76 0 0 1 0 -1 0 1 0 0 209.dat
1 16 -157 -295.9735 76 1 0 0 0 1 0 0 0 1 209.dat
1 16 -157 -290.9735 76 0 0 1 0 -1 0 1 0 0 209.dat
1 16 -157 -267.9735 76 1 0 0 0 1 0 0 0 1 209.dat
1 16 -157 -262.9735 76 0 0 1 0 -1 0 1 0 0 209.dat
1 16 -157 -239.9736 76 1 0 0 0 1 0 0 0 1 209.dat
1 16 -157 -234.9736 76 0 0 1 0 -1 0 1 0 0 209.dat
1 16 -157 -211.9736 76 1 0 0 0 1 0 0 0 1 209.dat
1 16 -157 -206.9736 76 0 0 1 0 -1 0 1 0 0 209.dat
1 16 -157 -183.9736 76 1 0 0 0 1 0 0 0 1 209.dat
1 16 -157 -178.9736 76 0 0 1 0 -1 0 1 0 0 209.dat
1 52 -170 -366 70 -1 0 0 0 0 1 0 1 0 208.dat
1 0 80 -356.29 22.23 1 0 0 0 -0.777 -0.629 0 0.629 -0.777 30553.dat
1 70 80 -360.695 16.79 1 0 0 0 0.616 -0.788 0 0.788 0.616 33183.dat
1 85 80 -326.359 -36.709 -1 0 0 0 0.616 0.788 0 0.788 -0.616 2417.dat
1 37 80 -328.823 -39.861 0.559 0 -0.829 -0.653 0.616 -0.441 0.51 0.788 0.344 30153.dat
1 31 40 -331.286 -43.012 0.839 0 -0.545 -0.429 0.616 -0.661 0.336 0.788 0.517 33291.dat
1 31 120 -299.773 -67.647 0.588 0 0.809 0.638 0.616 -0.463 -0.498 0.788 0.362 33291.dat
1 0 -157 -131 74 0 1 0 0 0 1 1 0 0 32126.dat
1 4 -157 -121 74 0 0 1 -1 0 0 0 -1 0 32062.dat
1 30 -157 -101 74 -1 0 0 0 1 0 0 0 -1 64951.dat
1 4 -165 -117 88 0.866 0 -0.5 0.265 0.848 0.459 0.424 -0.53 0.734 33051.dat
1 70 -110 -366 44.005 1 0 0 0 0 -1 0 1 0 33183.dat
1 5 -110 -366 32.002 0.966 0 0.259 0.259 0 -0.966 0 1 0 2423.dat
1 37 -125.532 -308.033 28.002 0.559 0 -0.829 -0.829 0 -0.559 0 1 -0.001 30153.dat
1 26 -101.036 -322.179 24.001 0.559 0 -0.829 -0.829 0 -0.559 0 1 -0.001 33291.dat
1 2 160 -16 220 -1 0 0 0 1 0 0 0 -1 3795.dat
1 288 160 -16 160 0 0 -1 0 1 0 1 0 0 3020.dat
1 288 160 -16 80 0 0 -1 0 1 0 1 0 0 3020.dat
1 322 160 -16 0 0 0 -1 0 1 0 1 0 0 3020.dat
1 19 100 -16 170 1 0 0 0 1 0 0 0 1 3023.dat
1 2 160 -16 -60 -1 0 0 0 1 0 0 0 -1 3795.dat
1 320 410 -248 160 0 0 -1 0 1 0 1 0 0 3004.dat
1 2 320 -8 80 0 0 1 0 1 0 -1 0 0 91405.dat
1 0 470 -16 180 0 0 1 0 1 0 -1 0 0 3666.dat
1 320 470 -32 110 1 0 0 0 1 0 0 0 1 4286.dat
1 320 340 -32 110 1 0 0 0 1 0 0 0 1 3010.dat
1 320 290 -32 110 1 0 0 0 1 0 0 0 1 3062.dat
1 320 310 -32 90 1 0 0 0 1 0 0 0 1 4286.dat
1 320 330 -32 90 0 0 -1 0 1 0 1 0 0 4286.dat
1 84 470 -56 110 0 0 -1 0 1 0 1 0 0 3005.dat
1 70 370 -56 110 1 0 0 0 1 0 0 0 1 87087.dat
1 84 420 -104 110 1 0 0 0 1 0 0 0 1 15254.dat
1 320 270 -32 130 1 0 0 0 1 0 0 0 1 4286.dat
1 70 340 -32 150 0 0 1 0 1 0 -1 0 0 3002.dat
1 70 300 -32 150 0 0 1 0 1 0 -1 0 0 3002.dat
1 320 290 -16 200 0 0 1 0 1 0 -1 0 0 3023.dat
1 320 230 -32 210 0 0 -1 0 1 0 1 0 0 4286.dat
1 320 290 -40 120 0 0 1 0 1 0 -1 0 0 3023.dat
1 320 350 -40 110 0 0 -1 0 1 0 1 0 0 2420.dat
1 0 350 -40 160 0 0 -1 0 1 0 1 0 0 99207.dat
1 0 290 -40 160 0 0 1 0 1 0 -1 0 0 99207.dat
1 19 320 -32 170 1 0 0 0 1 0 0 0 1 85984.dat
1 19 320 -56 130 -1 0 0 0 1 0 0 0 -1 3039.dat
1 320 350 -48 140 0 0 -1 0 1 0 1 0 0 3710.dat
1 320 290 -48 140 0 0 -1 0 1 0 1 0 0 3710.dat
1 320 290 -56 140 0 0 -1 0 1 0 1 0 0 3710.dat
1 43 330 -48 110 0 0 -1 0 1 0 1 0 0 6141.dat
1 320 350 -56 110 0 0 -1 0 1 0 1 0 0 2420.dat
1 320 350 -56 160 0 0 1 0 1 0 -1 0 0 3023.dat
1 320 350 -80 140 0 0 1 0 1 0 -1 0 0 3010.dat
1 320 350 -104 140 0 0 1 0 1 0 -1 0 0 3010.dat
1 320 290 -80 160 0 0 1 0 1 0 -1 0 0 3004.dat
1 320 290 -104 160 0 0 1 0 1 0 -1 0 0 3004.dat
1 320 290 -104 130 -1 0 0 0 1 0 0 0 -1 30099.dat
1 320 330 -104 110 0 0 1 0 1 0 -1 0 0 30099.dat
1 320 310 -104 110 1 0 0 0 1 0 0 0 1 4460.dat
1 37 290 -64 110 1 0 0 0 1 0 0 0 1 6141.dat
1 5 290 -72 110 0.707 0 0.707 0 1 0 -0.707 0 0.707 2423.dat
1 37 290 -80 110 1 0 0 0 1 0 0 0 1 6141.dat
1 5 370 -46 92 -0.961 0 -0.276 -0.276 0 0.961 0 1 0 2423.dat
1 70 370 -46 112 1 0 0 0 0 -1 0 1 0 33183.dat
1 37 386.538 -103.676 88 1 0 0 0 0 -1 0 1 0 30153.dat
1 37 247.574 -76 67.574 1 0 0 0 1 0 0 0 1 30153.dat
1 0 380 -112 110 1 0 0 0 1 0 0 0 1 4477.dat
1 0 320 -112 170 1 0 0 0 1 0 0 0 1 3710.dat
1 0 320 -112 140 1 0 0 0 1 0 0 0 1 3020.dat
1 320 420 -112 110 0 0 -1 0 1 0 1 0 0 93273.dat
1 71 420 -56 118 0 0 -1 0 -1 0 -1 0 0 2736.dat
1 70 290 -208 110 -1 0 0 0 1 0 0 0 -1 76768.dat
1 70 350 -208 110 -1 0 0 0 1 0 0 0 -1 76768.dat
1 70 320 -176 110 -1 0 0 0 1 0 0 0 -1 30044.dat
1 297 320 -153 114 -1 0 0 0 1 0 0 0 -1 30046.dat
1 70 290 -208 130 0 0 -1 0 1 0 1 0 0 76768.dat
1 70 350 -208 130 0 0 1 0 1 0 -1 0 0 76768.dat
1 308 320 -184 110 -1 0 0 0 1 0 0 0 -1 3659.dat
1 320 290 -136 160 0 0 -1 0 1 0 1 0 0 3004.dat
1 320 350 -136 160 0 0 -1 0 1 0 1 0 0 3004.dat
1 320 320 -120 170 1 0 0 0 1 0 0 0 1 3023.dat
1 19 320 -128 170 -1 0 0 0 1 0 0 0 -1 48336.dat
1 320 320 -136 170 1 0 0 0 1 0 0 0 1 3023.dat
1 320 290 -160 170 0 0 1 0 1 0 -1 0 0 2357.dat
1 320 350 -160 170 -1 0 0 0 1 0 0 0 -1 2357.dat
1 308 320 -208 90 -1 0 0 0 1 0 0 0 -1 3659.dat
1 320 320 -184 170 -1 0 0 0 1 0 0 0 -1 3010.dat
1 320 350 -184 140 0 0 -1 0 1 0 1 0 0 3004.dat
1 320 290 -184 140 0 0 -1 0 1 0 1 0 0 3004.dat
1 320 350 -208 120 0 0 -1 0 1 0 1 0 0 3004.dat
1 320 290 -208 120 0 0 -1 0 1 0 1 0 0 3004.dat
1 19 350 -192 160 0 0 -1 0 1 0 1 0 0 44728.dat
1 19 290 -192 160 0 0 1 0 1 0 -1 0 0 44728.dat
1 320 290 -200 160 0 0 1 0 1 0 -1 0 0 3023.dat
1 320 290 -208 160 0 0 1 0 1 0 -1 0 0 3023.dat
1 320 350 -200 160 0 0 1 0 1 0 -1 0 0 3023.dat
1 320 350 -208 160 0 0 1 0 1 0 -1 0 0 3023.dat
1 320 310 -208 140 0 0 -1 0 1 0 1 0 0 3010.dat
1 320 330 -208 140 0 0 -1 0 1 0 1 0 0 3010.dat
1 70 372 -112 160 0 -1 0 1 0 0 0 0 1 3034.dat
1 70 268 -112 160 0 1 0 1 0 0 0 0 -1 3034.dat
1 15 320 -49 159 1 0 0 0 0.707 0.707 0 -0.707 0.707 3069.dat
1 0 330 -96 192 0 0 1 -1 0 0 0 -1 0 63868.dat
1 0 310 -96 192 0 0 1 -1 0 0 0 -1 0 63868.dat
1 308 320 -76 200 0 0 1 -1 0 0 0 -1 0 60474.dat
1 19 320 -76 208 0 0 1 -1 0 0 0 -1 0 14769.dat
1 72 460 -32 -30 -1 0 0 0 1 0 0 0 -1 3039.dat
1 43 430 -16 -30 -1 0 0 0 1 0 0 0 -1 6141.dat
1 322 380 -16 -30 -1 0 0 0 1 0 0 0 -1 3710.dat
1 322 300 -16 -30 -1 0 0 0 1 0 0 0 -1 3710.dat
1 322 220 -16 0 0 0 -1 0 1 0 1 0 0 30565.dat
1 322 450 -48 -30 0 0 1 0 1 0 -1 0 0 6091.dat
1 43 470 -40 -30 -1 0 0 0 1 0 0 0 -1 6141.dat
1 71 460 -32 -50 -1 0 0 0 1 0 0 0 -1 3004.dat
1 26 470 -32 30 -1 0 0 0 1 0 0 0 -1 59900.dat
1 129 470 -40 30 -1 0 0 0 1 0 0 0 -1 4740.dat
1 297 290 -8 70 0 0 -1 0 1 0 1 0 0 15279.dat
1 37 300 -62 66 1 0 0 0 0 -1 0 1 0 30153.dat
1 70 350 -8 -70 -0.707 0 -0.707 0 1 0 0.707 0 -0.707 95343.dat
1 297 350 -28.685 -70 -0.707 -0.612 0.354 0 -0.5 -0.866 0.707 -0.612 0.354 95344.dat
1 43 350 -35 -70 0.707 0 0.707 0 1 0 -0.707 0 0.707 6141.dat
1 72 460 -32 -50 1 0 0 0 1 0 0 0 1 85984.dat
1 322 460 -48 -30 1 0 0 0 1 0 0 0 1 3069.dat
1 70 230 -176 210 1 0 0 0 1 0 0 0 1 43888.dat
1 19 420 -208 130 1 0 0 0 1 0 0 0 1 3023.dat
1 0 220 -208 170 -1 0 0 0 1 0 0 0 -1 11215.dat
1 0 210 -208 200 0 0 -1 0 1 0 1 0 0 3700.dat
1 0 230 -208 200 0 0 -1 0 1 0 1 0 0 3700.dat
1 0 140 -198 200 1 0 0 0 1 0 0 0 1 3708.dat
1 0 250 -198 200 0 -1 0 0 0 1 -1 0 0 2825.dat
1 70 12 -198 200 0 1 0 0 0 1 1 0 0 59900.dat
1 19 220 -216 210 1 0 0 0 1 0 0 0 1 3023.dat
1 19 220 -216 180 1 0 0 0 1 0 0 0 1 3022.dat
1 19 240 -216 120 1 0 0 0 1 0 0 0 1 3020.dat
1 19 280 -216 150 1 0 0 0 1 0 0 0 1 3460.dat
1 19 400 -216 120 1 0 0 0 1 0 0 0 1 3020.dat
1 19 320 -216 130 1 0 0 0 1 0 0 0 1 2431.dat
1 19 320 -216 170 1 0 0 0 1 0 0 0 1 2431.dat
1 19 330 -208 50 0 0 1 0 1 0 -1 0 0 2420.dat
1 19 310 -208 50 -1 0 0 0 1 0 0 0 -1 2420.dat
1 19 320 -200 40 -1 0 0 0 1 0 0 0 -1 3022.dat
1 30 360 -216 40 0 0 1 0 1 0 -1 0 0 15706.dat
1 30 280 -216 40 0.707 0 0.707 0 1 0 -0.707 0 0.707 15706.dat
1 31 290 -208 30 0.866 0 0.5 0 1 0 -0.5 0 0.866 2423.dat
1 85 370.518 -208 -26.373 -0.94 0 0.342 0 1 0 -0.342 0 -0.94 2417.dat
1 37 370.518 -212 -26.373 1 0 0 0 1 0 0 0 1 30153.dat
1 42 260.005 -220 -21.954 1 0 0 0 1 0 0 0 1 30374.dat
1 129 260.005 -200 -21.954 -1 0 0 0 1 0 0 0 -1 4740.dat
1 117 261.005 -167.25 -21.954 -0.5 0 -0.866 0 -1 0 -0.866 0 0.5 30106.dat
1 30 320 -216 30 -1 0 0 0 1 0 0 0 -1 3710.dat
1 19 320 -224 140 -1 0 0 0 1 0 0 0 -1 89523.dat
1 0 430 -224 120 0 0 -1 0 1 0 1 0 0 99207.dat
1 0 210 -224 120 0 0 1 0 1 0 -1 0 0 99207.dat
1 0 210 -224 200 0 0 1 0 1 0 -1 0 0 48336.dat
1 37 230 -224 210 0 0 1 0 1 0 -1 0 0 6141.dat
1 19 220 -232 160 0 0 1 0 1 0 -1 0 0 3795.dat
1 19 420 -232 120 0 0 1 0 1 0 -1 0 0 3022.dat
1 320 210 -304 120 0 0 -1 0 1 0 1 0 0 3684.dat
1 320 430 -304 120 0 0 1 0 1 0 -1 0 0 3684.dat
1 0 300 -384 120 -1 0 0 0 1 0 0 0 -1 2460.dat
1 0 340 -384 120 -1 0 0 0 1 0 0 0 -1 2460.dat
1 19 380 -384 120 -1 0 0 0 1 0 0 0 -1 3068.dat
1 19 260 -384 120 -1 0 0 0 1 0 0 0 -1 3068.dat
1 19 430 -336 120 0 0 -1 0 1 0 1 0 0 44728.dat
1 19 210 -336 120 0 0 1 0 1 0 -1 0 0 44728.dat
1 378 320 -264 30 -1 0 0 0 1 0 0 0 -1 19121.dat
1 378 395.356 -264 61.214 -0.707 0 0.707 0 1 0 -0.707 0 -0.707 19121.dat
1 378 244.655 -264 61.208 -0.707 0 -0.707 0 1 0 0.707 0 -0.707 19121.dat
1 288 360 -272 40 -0.707 0 0.707 0 1 0 -0.707 0 -0.707 2429.dat
1 288 280 -272 40 -0.707 0 -0.707 0 1 0 0.707 0 -0.707 2430.dat
1 288 280 -272 40 -1 0 0 0 1 0 0 0 -1 2429.dat
1 288 360 -272 40 -1 0 0 0 1 0 0 0 -1 2430.dat
1 288 409.498 -272 75.356 -0.707 0 0.707 0 1 0 -0.707 0 -0.707 3023.dat
1 288 230.513 -272 75.35 -0.707 0 -0.707 0 1 0 0.707 0 -0.707 3023.dat
1 70 188 -276 120 0 1 0 1 0 0 0 0 -1 3795.dat
1 72 180 -276 110 0 1 0 -1 0 0 0 0 1 14417.dat
1 19 180 -276 130 0 1 0 -1 0 0 0 0 1 3023.dat
1 320 164 -306 130 0 1 0 0 0 1 1 0 0 50950.dat
1 320 164 -306 110 0 1 0 0 0 1 1 0 0 50950.dat
1 320 164 -246 130 0 1 0 0 0 -1 -1 0 0 50950.dat
1 320 164 -246 110 0 1 0 0 0 -1 -1 0 0 50950.dat
1 70 452 -276 120 0 -1 0 -1 0 0 0 0 -1 3795.dat
1 72 460 -276 110 0 -1 0 1 0 0 0 0 1 14417.dat
1 19 460 -276 130 0 -1 0 1 0 0 0 0 1 3023.dat
1 320 476 -246 130 0 -1 0 0 0 -1 1 0 0 50950.dat
1 320 476 -246 110 0 -1 0 0 0 -1 1 0 0 50950.dat
1 320 476 -306 130 0 -1 0 0 0 1 -1 0 0 50950.dat
1 320 476 -306 110 0 -1 0 0 0 1 -1 0 0 50950.dat
1 5 184 -260.83 51.092 1 0 0 0 0.788 -0.616 0 0.616 0.788 2423.dat
1 37 184 -227.042 1.348 1 0 0 0 0.788 -0.616 0 0.616 0.788 30153.dat
1 26 184 -260.682 63.897 -1 0 0 0 0.788 0.616 0 0.616 -0.788 11477.dat
1 5 456 -260.83 51.092 1 0 0 0 0.788 -0.616 0 0.616 0.788 2423.dat
1 37 456 -227.042 1.348 1 0 0 0 0.788 -0.616 0 0.616 0.788 30153.dat
1 26 456 -260.682 63.897 -1 0 0 0 0.788 0.616 0 0.616 -0.788 11477.dat
1 0 300 -394 60 -1 0 0 0 -1 0 0 0 1 32140.dat
1 71 300 -384 60 0 0 1 -1 0 0 0 -1 0 2736.dat
1 71 280 -404 120 0 -0.75 -0.661 1 0 0 0 -0.661 0.75 3673.dat
1 1 300 -404 80 0 0 -1 -1 0 0 0 1 0 4274.dat
1 1 300 -404 100 0 0 -1 -1 0 0 0 1 0 4274.dat
1 0 340 -394 60 1 0 0 0 1 0 0 0 1 32140.dat
1 71 340 -384 60 0 0 1 -1 0 0 0 -1 0 2736.dat
1 71 360 -404 120 0 0.75 0.661 -1 0 0 0 -0.661 0.75 3673.dat
1 1 340 -404 80 0 0 -1 -1 0 0 0 1 0 4274.dat
1 1 340 -404 100 0 0 -1 -1 0 0 0 1 0 4274.dat
1 0 345 -414 133.229 0.661 0 -0.75 0 1 0 0.75 0 0.661 32523.dat
1 0 295 -414 133.229 -0.661 0 0.75 0 -1 0 0.75 0 0.661 32523.dat
1 71 310 -404 146.458 0 -0.75 -0.661 1 0 0 0 -0.661 0.75 3673.dat
1 71 330 -404 146.458 0 0.75 0.661 -1 0 0 0 -0.661 0.75 3673.dat
1 0 320 -394 126.458 1 0 0 0 0 -1 0 1 0 32557.dat
1 70 330 -400 146.458 0 0 1 0 1 0 -1 0 0 33183.dat
1 70 310 -400 146.458 0 0 1 0 1 0 -1 0 0 33183.dat
1 0 300 -412 90 0 0 1 0 1 0 -1 0 0 88072.dat
1 85 300 -420 80 0 0 1 0 1 0 -1 0 0 3623.dat
1 26 300 -428 80 -0.707 0 0.707 0 1 0 -0.707 0 -0.707 33291.dat
1 0 340 -412 90 0 0 -1 0 1 0 1 0 0 88072.dat
1 85 340 -420 80 0 0 -1 0 1 0 1 0 0 3623.dat
1 26 340 -428 80 -0.707 0 -0.707 0 1 0 0.707 0 -0.707 33291.dat
1 0 340 -358.756 30.528 0 0 -1 -0.719 0.695 0 0.695 0.719 0 88072.dat
1 26 340 -357.12 17.827 -0.707 0 -0.707 -0.509 0.695 0.509 0.491 0.719 -0.491 33291.dat
1 85 402.426 -333.794 -4.698 -0.707 0 0.707 0.509 0.695 0.509 -0.491 0.719 -0.491 2417.dat
1 37 402.426 -336.573 -7.576 1 0 0 0 0.695 -0.719 0 0.719 0.695 30153.dat
1 0 300 -358.756 30.528 0 0 1 0.719 0.695 0 -0.695 0.719 0 88072.dat
1 30 300 -364.313 24.773 0 0 1 0.719 0.695 0 -0.695 0.719 0 3023.dat
1 85 237.574 -333.794 -4.698 -0.707 0 -0.707 -0.509 0.695 0.509 0.491 0.719 -0.491 2417.dat
1 37 237.574 -336.573 -7.576 1 0 0 0 0.695 -0.719 0 0.719 0.695 30153.dat
1 5 251.716 -390.216 38.667 0.707 0 0.707 0.509 0.695 -0.509 -0.491 0.719 0.491 2423.dat
1 70 209.289 -345.804 23.582 0.326 0 0.946 0.68 0.695 -0.234 -0.657 0.719 0.226 33183.dat
1 85 220 -420 90 0 0 -1 0 1 0 1 0 0 2417.dat
1 2 220 -424 90 -0.891 0 -0.454 0 1 0 0.454 0 -0.891 19119.dat
1 5 234.702 -451.383 82.509 -0.772 -0.446 -0.454 -0.5 0.866 0 0.393 0.227 -0.891 3742.dat
1 5 197.393 -436.235 101.519 -0.305 0.837 -0.454 0.94 0.342 0 0.155 -0.427 -0.891 3742.dat
1 5 206.162 -451.383 81.014 0.726 0.419 -0.545 -0.5 0.866 0 0.472 0.272 0.839 3742.dat
1 31 241.279 -436.235 103.819 0.287 -0.788 -0.545 0.94 0.342 0 0.186 -0.512 0.839 33291.dat
1 5 219.136 -451.383 106.477 0.045 0.026 0.999 -0.5 0.866 0 -0.865 -0.499 0.052 3742.dat
1 31 221.328 -436.235 64.663 0.018 -0.049 0.999 0.94 0.342 0 -0.342 0.938 0.052 33291.dat
1 85 420 -420 90 0 0 1 0 1 0 -1 0 0 2417.dat
1 2 420 -424 90 0.891 0 0.454 0 1 0 -0.454 0 0.891 19119.dat
1 5 405.298 -451.383 97.491 0.772 0.446 0.454 -0.5 0.866 0 -0.393 -0.227 0.891 3742.dat
1 5 442.607 -436.235 78.481 0.305 -0.837 0.454 0.94 0.342 0 -0.155 0.427 0.891 3742.dat
1 5 433.838 -451.383 98.986 -0.726 -0.419 0.545 -0.5 0.866 0 -0.472 -0.272 -0.839 3742.dat
1 31 398.721 -436.235 76.181 -0.287 0.788 0.545 0.94 0.342 0 -0.186 0.512 -0.839 33291.dat
1 5 420.864 -451.383 73.523 -0.045 -0.026 -0.999 -0.5 0.866 0 0.865 0.499 -0.052 3742.dat
1 31 418.672 -436.235 115.337 -0.018 0.049 -0.999 0.94 0.342 0 0.342 -0.938 -0.052 33291.dat
1 84 160.551 -216.276 200 0 0.191 -0.982 0 0.982 0.191 1 0 0 57518.dat
1 84 130.843 -212.101 200 0 0.139 -0.99 0 0.99 0.139 1 0 0 57518.dat
1 84 100.957 -209.486 200 0 0.087 -0.996 0 0.996 0.087 1 0 0 57518.dat
1 84 70.976 -208.439 200 0 0.035 -0.999 0 0.999 0.035 1 0 0 57518.dat
1 84 40.98 -208.962 200 0 -0.017 -1 0 1 -0.017 1 0 0 57518.dat
1 26 145.729 -228.33 180 -0.7 -0.139 0.7 0.098 -0.99 -0.098 0.707 0 0.707 33291.dat
1 26 145.729 -228.33 220 -0.7 -0.139 0.7 0.098 -0.99 -0.098 0.707 0 0.707 33291.dat
1 26 87.477 -223.024 180 -0.707 -0.035 0.707 0.025 -0.999 -0.025 0.707 0 0.707 33291.dat
1 26 87.477 -223.024 220 -0.707 -0.035 0.707 0.025 -0.999 -0.025 0.707 0 0.707 33291.dat
1 31 350 -232 90 -0.707 0 0.707 0 1 0 -0.707 0 -0.707 33291.dat
1 378 340 -232 210 -1 0 0 0 1 0 0 0 -1 3069.dat
1 378 300 -232 210 -1 0 0 0 1 0 0 0 -1 3069.dat
1 378 290 -232 180 0 0 -1 0 1 0 1 0 0 3069.dat
1 378 350 -232 180 0 0 -1 0 1 0 1 0 0 3069.dat
1 378 340 -232 150 -1 0 0 0 1 0 0 0 -1 3069.dat
1 378 300 -232 150 -1 0 0 0 1 0 0 0 -1 3069.dat
1 19 370 -232 180 0 0 -1 0 1 0 1 0 0 2431.dat
1 15 320 -232 180 0 0 -1 0 1 0 1 0 0 3068.dat
1 31 350 -232 130 -0.707 0 0.707 0 1 0 -0.707 0 -0.707 33291.dat
1 31 290 -232 90 -0.707 0 0.707 0 1 0 -0.707 0 -0.707 33291.dat
1 31 290 -232 130 -0.707 0 0.707 0 1 0 -0.707 0 -0.707 33291.dat
1 35 410 -274 170 0 0 -1 0 1 0 1 0 0 59900.dat
1 297 410 -282 170 0 0 -1 0 1 0 1 0 0 98138.dat
1 30 320 -240 120 -1 0 0 0 1 0 0 0 -1 3020.dat
1 19 320 -248 100 1 0 0 0 1 0 0 0 1 3020.dat
1 30 320 -240 90 1 0 0 0 1 0 0 0 1 3710.dat
1 19 300 -248 130 1 0 0 0 1 0 0 0 1 3023.dat
1 19 360 -248 140 1 0 0 0 1 0 0 0 1 2429.dat
1 19 360 -248 140 -1 0 0 0 1 0 0 0 -1 2430.dat
1 30 320 -240 160 -1 0 0 0 1 0 0 0 -1 3020.dat
1 19 340 -248 170 1 0 0 0 1 0 0 0 1 3023.dat
1 19 300 -248 160 1 0 0 0 1 0 0 0 1 3022.dat
1 288 340 -256 120 1 0 0 0 1 0 0 0 1 14769.dat
1 288 300 -256 120 1 0 0 0 1 0 0 0 1 14769.dat
1 288 340 -256 160 1 0 0 0 1 0 0 0 1 14769.dat
1 288 300 -256 160 1 0 0 0 1 0 0 0 1 14769.dat
1 30 340 -248 90 -1 0 0 0 1 0 0 0 -1 85984.dat
1 30 300 -248 90 -1 0 0 0 1 0 0 0 -1 85984.dat
1 70 120 -24 180 0 0 -1 0 1 0 1 0 0 41770.dat
1 19 120 -24 220 0 0 -1 0 1 0 1 0 0 14769.dat
1 320 160 -40 230 1 0 0 0 1 0 0 0 1 3004.dat
1 37 150 -32 170 1 0 0 0 1 0 0 0 1 6141.dat
1 70 135.858 -40 198.284 0.707 0 -0.707 0 1 0 0.707 0 0.707 41770.dat
1 37 107.574 -32 212.426 1 0 0 0 1 0 0 0 1 6141.dat
1 57 150 -48 170 1 0 0 0 1 0 0 0 1 6141.dat
1 70 160 -56 200 1 0 0 0 1 0 0 0 1 41770.dat
1 19 160 -48 230 1 0 0 0 1 0 0 0 1 3023.dat
1 19 140 -24 80 0 0 -1 0 1 0 1 0 0 14769.dat
1 19 80 -16 20 0 0 -1 0 1 0 1 0 0 14769.dat
1 19 -20 -16 -40 0 0 -1 0 1 0 1 0 0 14769.dat
1 288 170 -24 -30 1 0 0 0 1 0 0 0 1 30357.dat
1 34 6 -265.3 66.2 1 0 0 0 0 -1 0 1 0 98138.dat
1 36 314 -291.806 26.796 1 0 0 0 0.829 -0.559 0 0.559 0.829 98138.dat
