0 FILE Radon Rover.ldr
0 Radon Rover
0 Name: Radon Rover.ldr
0 Author: LDraw
0 Unofficial Model
0 ROTATION CENTER 0 0 0 1 "Custom" 
0 ROTATION CONFIG 0 0
1 0 -70 64 0 -1 0 0 0 1 0 0 0 -1 Part 1.ldr
1 0 20 32 120 0 0 -1 0 1 0 1 0 0 Pilot.ldr
0
0 FILE Pilot.ldr
0 Pilot
0 Name: Pilot.ldr
0 Author: LDraw
0 Unofficial Model
0 ROTATION CENTER 0 0 0 1 "Custom" 
0 ROTATION CONFIG 0 0
1 1 0 -24 0 1 0 0 0 1 0 0 0 1 3626bp6v.dat
1 7 0 0 0 1 0 0 0 1 0 0 0 1 973p6x.dat
1 1 -15.552 9 0 0.985 -0.17 0 0.17 0.985 0 0 0 1 3818.dat
1 1 15.552 9 0 0.985 0.17 0 -0.17 0.985 0 0 0 1 3819.dat
1 0 -23.8634 26.5956 -10.321 0.985 -0.12019 0.12019 0.17 0.696395 -0.696395 0 0.707 0.707 3820.dat
1 0 23.8634 26.5956 -10.321 0.985 0.12019 -0.12019 -0.17 0.696395 -0.696395 0 0.707 0.707 3820.dat
1 0 0 32 0 1 0 0 0 1 0 0 0 1 3815c6w.dat
0
0 FILE Part 1.ldr
0 Part 1
0 Name: Part 1.ldr
0 Author: LDraw
0 Unofficial Model
0 ROTATION CENTER 0 0 0 1 "Custom" 
0 ROTATION CONFIG 0 0
1 0 110 24 0 0 0 -1 0 1 0 1 0 0 3034.dat
1 0 110 -8 0 0 0 -1 0 1 0 1 0 0 3034.dat
1 0 112 -34 0 -0.382683 -0.92388 0 -0.92388 0.382683 0 0 0 -1 3069bp51.dat
1 0 110 -56 0 0 0 -1 0 1 0 1 0 0 4345b.dat
1 42 110 -56 0 0 0 -1 0 1 0 1 0 0 4346.dat
1 0 60 -8 0 0 0 1 0 1 0 -1 0 0 2419.dat
1 0 -120 -16 0 0 0 1 0 1 0 -1 0 0 3839b.dat
1 0 -100 -32 0 0 0 -1 0 1 0 1 0 0 3937.dat
1 7 -90.712 -25.707 0 0 -0.92881 -0.370557 0 0.370557 -0.92881 1 0 0 3938.dat
1 42 35.606 -76.101 0 0 -0.92881 0.370557 0 0.370557 0.92881 -1 0 0 2466.dat
1 0 -50 -8 0 -1 0 0 0 1 0 0 0 -1 3034.dat
1 0 -50 10 50 1 0 0 0 -1 0 0 0 -1 6118.dat
1 0 110 10 90 1 0 0 0 -1 0 0 0 -1 6118.dat
1 0 110 10 -90 -1 0 0 0 -1 0 0 0 1 6118.dat
1 0 -50 10 -50 -1 0 0 0 -1 0 0 0 1 6118.dat
1 0 110 -120 -30 -1 0 0 0 1 0 0 0 -1 4531.dat
1 0 110 -120 30 -1 0 0 0 1 0 0 0 -1 4531.dat
1 0 113.26 -129.777 30 -0.382683 -0.92388 0 -0.92388 0.382683 0 0 0 -1 2433.dat
1 0 113.26 -129.777 -30 -0.382683 -0.92388 0 -0.92388 0.382683 0 0 0 -1 2433.dat
1 42 120.651 -132.838 -30 -0.382683 -0.92388 0 -0.92388 0.382683 0 0 0 -1 2569.dat
1 42 120.651 -132.838 30 -0.382683 -0.92388 0 -0.92388 0.382683 0 0 0 -1 2569.dat
1 0 -50 -24 -30 -1 0 0 0 1 0 0 0 -1 3069bp51.dat
1 0 -50 -24 30 -1 0 0 0 1 0 0 0 -1 3069bp51.dat
1 4 -50 -8 30 -1 0 0 0 1 0 0 0 -1 3023.dat
1 4 -50 -8 -30 -1 0 0 0 1 0 0 0 -1 3023.dat
1 4 110 -16 70 -1 0 0 0 1 0 0 0 -1 3023.dat
1 42 80 -56 10 -1 0 0 0 1 0 0 0 -1 3062b.dat
1 42 80 -56 -10 -1 0 0 0 1 0 0 0 -1 3062b.dat
1 42 120 -40 -70 -1 0 0 0 1 0 0 0 -1 3062b.dat
1 42 120 -64 -70 -1 0 0 0 1 0 0 0 -1 3062b.dat
1 42 120 -40 70 -1 0 0 0 1 0 0 0 -1 3062b.dat
1 42 120 -64 70 -1 0 0 0 1 0 0 0 -1 3062b.dat
1 4 110 -16 -70 -1 0 0 0 1 0 0 0 -1 3023.dat
1 4 100 -96 0 -1 0 0 0 1 0 0 0 -1 3021.dat
1 4 80 -32 0 0 0 1 0 1 0 -1 0 0 3004.dat
1 0 80 -80 0 0 0 1 0 1 0 -1 0 0 3004.dat
1 0 110 -88 0 0 0 1 0 1 0 -1 0 0 3003.dat
1 0 110 -72 -10 -1 0 0 0 1 0 0 0 -1 3475a.dat
1 0 110 -72 10 1 0 0 0 1 0 0 0 1 3475a.dat
1 0 -50 24 0 -1 0 0 0 1 0 0 0 -1 3020.dat
1 7 50 0 0 -1 0 0 0 1 0 0 0 -1 3007.dat
1 7 110 -104 20 -1 0 0 0 1 0 0 0 -1 30119p6u.dat
1 7 110 -104 -20 1 0 0 0 1 0 0 0 1 30119p6u.dat
1 7 -50 -16 0 0 0 1 0 1 0 -1 0 0 30118.dat
1 7 110 0 -60 0 0 1 0 1 0 -1 0 0 6232.dat
1 7 110 0 60 0 0 -1 0 1 0 1 0 0 6232.dat
1 7 -50 0 0 0 0 1 0 1 0 -1 0 0 6249.dat
1 7 -80 0 0 0 0 1 0 1 0 -1 0 0 3660.dat
0
0
