0 FILE Snowtrooper Battle Pack.ldr
0 Snowtrooper Battle Pack
0 Name: Snowtrooper Battle Pack.ldr
0 Author: LDraw
0 Unofficial Model
0 ROTATION CENTER 0 0 0 1 "Custom" 
0 ROTATION CONFIG 0 0
1 0 -327.651 -8 225.807 0 0 1 0 1 0 -1 0 0 Snowtrooper.ldr
1 0 -327.651 -8 125.807 0 0 1 0 1 0 -1 0 0 Snowtrooper 2.ldr
1 0 -327.651 -8 35.807 0 0 1 0 1 0 -1 0 0 Imperial Officer.ldr
1 0 -327.651 -8 -44.193 0 0 1 0 1 0 -1 0 0 AT-AT Pilot.ldr
1 0 -105.922 32 221.729 0.382683 0 0.92388 0 1 0 -0.92388 0 0.382683 Part 1.ldr
1 0 -124.585 -42 -113.578 0.707107 0 0.707107 0 1 0 -0.707107 0 0.707107 Part 3.ldr
0
0 FILE Snowtrooper.ldr
0 Snowtrooper
0 Name: Snowtrooper.ldr
0 Author: LDraw
0 Unofficial Model
0 ROTATION CENTER 0 0 0 1 "Custom" 
0 ROTATION CONFIG 0 0
1 15 0 -24 0 1 0 0 0 1 0 0 0 1 44360.dat
1 0 0 -24 0 1 0 0 0 1 0 0 0 1 3626b.dat
1 15 0 0 0 1 0 0 0 1 0 0 0 1 973.dat
1 71 0 32 0 1 0 0 0 1 0 0 0 1 3815.dat
1 15 -15.552 9 0 0.985 -0.17 0 0.17 0.985 0 0 0 1 3818.dat
1 15 15.552 9 0 0.985 0.17 0 -0.17 0.985 0 0 0 1 3819.dat
1 15 -23.8634 26.5956 -10.321 0.985 -0.12019 0.12019 0.17 0.696395 -0.696395 0 0.707 0.707 3820.dat
1 15 23.8634 26.5956 -10.321 0.985 0.12019 -0.12019 -0.17 0.696395 -0.696395 0 0.707 0.707 3820.dat
1 0 -23.1951 22.7236 -33.8217 0.985 -0.0874983 0.14567 0.17 0.506976 -0.844031 0 0.856884 0.514696 57899.dat
1 15 0 44 0 1 0 0 0 1 0 0 0 1 3816.dat
1 15 0 44 0 1 0 0 0 1 0 0 0 1 3817.dat
0
0 FILE Snowtrooper 2.ldr
0 Snowtrooper 2
0 Name: Snowtrooper 2.ldr
0 Author: LDraw
0 Unofficial Model
0 ROTATION CENTER 0 0 0 1 "Custom" 
0 ROTATION CONFIG 0 0
1 15 0 -24 0 1 0 0 0 1 0 0 0 1 44360.dat
1 0 0 -24 0 1 0 0 0 1 0 0 0 1 3626b.dat
1 15 0 0 0 1 0 0 0 1 0 0 0 1 973.dat
1 71 0 32 0 1 0 0 0 1 0 0 0 1 3815.dat
1 15 -15.552 9 0 0.985 -0.17 0 0.17 0.985 0 0 0 1 3818.dat
1 15 15.552 9 0 0.985 0.17 0 -0.17 0.985 0 0 0 1 3819.dat
1 15 -23.8634 26.5956 -10.321 0.985 -0.12019 0.12019 0.17 0.696395 -0.696395 0 0.707 0.707 3820.dat
1 15 23.8634 26.5956 -10.321 0.985 0.12019 -0.12019 -0.17 0.696395 -0.696395 0 0.707 0.707 3820.dat
1 15 0 44 0 1 0 0 0 1 0 0 0 1 3816.dat
1 15 0 44 0 1 0 0 0 1 0 0 0 1 3817.dat
0
0 FILE AT-AT Pilot.ldr
0 AT-AT Pilot
0 Name: AT-AT Pilot.ldr
0 Author: LDraw
0 Unofficial Model
0 ROTATION CENTER 0 0 0 1 "Custom" 
0 ROTATION CONFIG 0 0
1 15 0 -24 0 1 0 0 0 1 0 0 0 1 30408p02.dat
1 0 0 -24 0 1 0 0 0 1 0 0 0 1 3626b.dat
1 15 0 0 0 1 0 0 0 1 0 0 0 1 973.dat
1 71 0 32 0 1 0 0 0 1 0 0 0 1 3815.dat
1 72 -15.552 9 0 0.985 -0.17 0 0.17 0.985 0 0 0 1 3818.dat
1 72 15.552 9 0 0.985 0.17 0 -0.17 0.985 0 0 0 1 3819.dat
1 15 -23.8634 26.5956 -10.321 0.985 -0.12019 0.12019 0.17 0.696395 -0.696395 0 0.707 0.707 3820.dat
1 15 23.8634 26.5956 -10.321 0.985 0.12019 -0.12019 -0.17 0.696395 -0.696395 0 0.707 0.707 3820.dat
1 72 0 44 0 1 0 0 0 1 0 0 0 1 3816.dat
1 72 0 44 0 1 0 0 0 1 0 0 0 1 3817.dat
0
0 FILE Imperial Officer.ldr
0 Imperial Officer
0 Name: Imperial Officer.ldr
0 Author: LDraw
0 Unofficial Model
0 ROTATION CENTER 0 0 0 1 "Custom" 
0 ROTATION CONFIG 0 0
1 71 0 -24 0 1 0 0 0 1 0 0 0 1 57900.dat
1 78 0 -24 0 1 0 0 0 1 0 0 0 1 3626bp01.dat
1 72 0 0 0 1 0 0 0 1 0 0 0 1 973.dat
1 72 0 32 0 1 0 0 0 1 0 0 0 1 3815.dat
1 72 -15.552 9 0 0.985 -0.17 0 0.17 0.985 0 0 0 1 3818.dat
1 72 15.552 9 0 0.985 0.17 0 -0.17 0.985 0 0 0 1 3819.dat
1 0 -23.8634 26.5956 -10.321 0.985 -0.12019 0.12019 0.17 0.696395 -0.696395 0 0.707 0.707 3820.dat
1 0 23.8634 26.5956 -10.321 0.985 0.12019 -0.12019 -0.17 0.696395 -0.696395 0 0.707 0.707 3820.dat
1 72 -29.7826 31.5062 -17.5409 0.985 0.14567 0.0874983 0.17 -0.844031 -0.506976 0 0.514696 -0.856884 30304.dat
1 72 0 44 0 1 0 0 0 1 0 0 0 1 3816.dat
1 72 0 44 0 1 0 0 0 1 0 0 0 1 3817.dat
0
0 FILE Part 1.ldr
0 Part 1
0 Name: Part 1.ldr
0 Author: LDraw
0 Unofficial Model
0 ROTATION CENTER 0 0 0 1 "Custom" 
0 ROTATION CONFIG 0 0
1 15 0 24 0 1 0 0 0 1 0 0 0 1 3035.dat
1 15 64.143 -44 -24.142 0.707107 0.707107 0 0 0 1 0.707107 -0.707107 0 4740.dat
1 36 69.799 -44 -29.799 0.707107 0.707107 0 0 0 1 0.707107 -0.707107 0 4073.dat
1 15 50 0 -10 1 0 0 0 1 0 0 0 1 3040b.dat
1 15 60 -24 -10 -1 0 0 0 1 0 0 0 -1 3039pc6.dat
1 15 70 0 10 0 0 -1 0 1 0 1 0 0 60475a.dat
1 15 70 0 -10 0 0 -1 0 1 0 1 0 0 60475a.dat
1 72 -60 16 -30 1 0 0 0 1 0 0 0 1 3069b.dat
1 72 -60 16 30 1 0 0 0 1 0 0 0 1 3069b.dat
1 0 -60 16 0 1 0 0 0 1 0 0 0 1 3680.dat
1 0 -63.827 -16 -9.239 -0.382683 0 0.92388 0 1 0 -0.92388 0 -0.382683 Part 2.ldr
1 0 50 -48 -10 -0.707107 0 0.707107 0 1 0 -0.707107 0 -0.707107 4599b.dat
1 0 100 -24 0 0.707107 0.690346 -0.153046 0 -0.21644 -0.976296 -0.707107 0.690346 -0.153046 58247.dat
1 0 100 -24 20 0.707107 0.690346 -0.153046 0 -0.21644 -0.976296 -0.707107 0.690346 -0.153046 58247.dat
0
0 FILE Part 2.ldr
0 Part 2
0 Name: Part 2.ldr
0 Author: LDraw
0 Unofficial Model
0 ROTATION CENTER 0 0 0 1 "Custom" 
0 ROTATION CONFIG 0 0
1 0 -10 24 0 1 0 0 0 1 0 0 0 1 3020.dat
1 71 -10 32 0 1 0 0 0 1 0 0 0 1 3679.dat
1 0 0 2 30 0.92388 0.382683 0 -0.382683 0.92388 0 0 0 1 32270.dat
1 0 7.654 20.479 -25 0.92388 0 -0.382683 -0.382683 0 -0.92388 0 1 0 41677.dat
1 0 7.654 20.479 -35 0.92388 0 -0.382683 -0.382683 0 -0.92388 0 1 0 41677.dat
1 0 -7.654 -16.479 -50 0 -0.382683 -0.92388 0 -0.92388 0.382683 -1 0 0 42003.dat
1 72 5.358 14.934 -20 0 0.382683 -0.92388 0 0.92388 0.382683 1 0 0 3710.dat
1 72 10 -8 -10 -1 0 0 0 1 0 0 0 -1 32000.dat
1 72 0 2 -17 0 0.382683 0.92388 0 0.92388 -0.382683 -1 0 0 32209.dat
1 72 -16.892 -12.651 -50 -0.92388 0.382683 0 0.382683 0.92388 0 0 0 -1 32002.dat
1 71 49.365 -61.743 -50 0.92388 0.382683 0 -0.382683 0.92388 0 0 0 1 61184.dat
1 71 -6.068 -38.782 -50 0.92388 0.382683 0 -0.382683 0.92388 0 0 0 1 61184.dat
1 72 16.105 -47.967 -50 0.270598 -0.92388 -0.270598 0.653281 0.382683 -0.653281 0.707107 0 0.707107 4588.dat
1 36 71.537 -70.927 -49.926 0.270598 -0.92388 -0.270598 0.653281 0.382683 -0.653281 0.707107 0 0.707107 4589.dat
1 72 10 -8 10 -1 0 0 0 1 0 0 0 -1 32000.dat
1 36 0 -16 0 0 0 1 0 1 0 -1 0 0 3069b.dat
1 15 20 16 0 0 0 -1 0 1 0 1 0 0 3023.dat
1 15 20 -32 0 0 0 -1 0 1 0 1 0 0 3048.dat
0
0 FILE Part 3.ldr
0 Part 3
0 Name: Part 3.ldr
0 Author: LDraw
0 Unofficial Model
0 ROTATION CENTER 0 0 0 1 "Custom" 
0 ROTATION CONFIG 0 0
1 15 100 8 10 0 0 1 0 1 0 -1 0 0 30187c05.dat
1 72 -6 12 10 0 0 -1 0 1 0 1 0 0 4623.dat
1 72 -16 36 10 0 0 -1 0 1 0 1 0 0 3022.dat
1 0 -16 44 10 0 0 -1 0 1 0 1 0 0 4032b.dat
1 0 -171 21.693 0.459 0 0 -1 0.382683 0.92388 0 0.92388 -0.382683 0 3849.dat
1 0 -171 22 20 0 0 -1 -0.382683 0.92388 0 0.92388 0.382683 0 3849.dat
1 15 -6 28 10 0 0 -1 0 1 0 1 0 0 3023.dat
1 15 -16 12 10 0 0 1 0 1 0 -1 0 0 30602.dat
1 15 -26 12 20 0 0 1 0 1 0 -1 0 0 87087.dat
1 15 -26 12 0 0 0 1 0 1 0 -1 0 0 87087.dat
1 0 4 20 10 0 0 -1 0 1 0 1 0 0 4600.dat
1 0 4 24 -18 0 0 -1 0 -1 0 -1 0 0 30377.dat
1 0 4 24 37 0 0 -1 0 -1 0 -1 0 0 30377.dat
1 0 17 -15 25 1 0 0 0 0 -1 0 1 0 4599b.dat
1 0 17 -15 -6 -1 0 0 0 0 -1 0 -1 0 4599b.dat
1 15 110 0 10 0 0 1 0 1 0 -1 0 0 2524.dat
1 72 102 50 -17 0 0 1 0 1 0 -1 0 0 6120.dat
1 72 102 50 37 0 0 1 0 1 0 -1 0 0 6120.dat
1 15 -180 23.307 19.459 0 1 0 0.92388 0 0.382683 0.382683 0 -0.92388 30259.dat
1 15 -180 23 1 0 1 0 -0.92388 0 0.382683 0.382683 0 0.92388 30259.dat
1 0 90 0 10 0 0 1 0 1 0 -1 0 0 2412b.dat
1 0 37 39 42 0 0 1 -1 0 0 0 -1 0 4349.dat
1 0 110 0 10 0 0 1 0 1 0 -1 0 0 3794a.dat
1 0 100 42 -17 1 0 0 0 1 0 0 0 1 2555.dat
1 0 100 42 37 1 0 0 0 1 0 0 0 1 2555.dat
0 
0
0
