0 !LEOCAD MODEL AUTHOR Patrick Loftus
0 !LEOCAD MODEL DESCRIPTION AAT
0 !LEOCAD MODEL COMMENT [UK/EU] Free with Lego Star Wars magazine, May 2016.
0 !LEOCAD MODEL COMMENT Set number SW911611-1
0 Untitled
0 Name: SW911611-1 AAT.ldr
0 Author: LDraw
0 Unofficial Model
1 72 0 -4 300 1 0 0 0 1 0 0 0 1 3795.dat
1 19 -10 -12 310 0 0 -1 0 1 0 1 0 0 30357.dat
1 19 -10 -12 290 -1 0 0 0 1 0 0 0 -1 30357.dat
1 19 0 -20 300 0 0 1 0 1 0 -1 0 0 18646.dat
1 28 10 -12 300 0 0 1 0 1 0 -1 0 0 3666.dat
1 28 10 -20 300 0 0 1 0 1 0 -1 0 0 3666.dat
1 71 -10 -20 300 0 0 1 0 1 0 -1 0 0 3023.dat
1 71 10 -28 300 0 0 1 0 1 0 -1 0 0 3023.dat
1 19 -10 -28 300 0 0 1 0 1 0 -1 0 0 3794b.dat
1 19 30 -36 300 0 0 1 0 1 0 -1 0 0 3794b.dat
1 19 50 -36 300 0 0 1 0 1 0 -1 0 0 3794b.dat
1 19 10 -44 300 0 0 1 0 1 0 -1 0 0 3794b.dat
1 19 10 -60 300 0 0 1 0 1 0 -1 0 0 6091.dat
1 19 50 -52 290 0 0 1 0 1 0 -1 0 0 88292.dat
1 19 50 -52 310 0 0 1 0 1 0 -1 0 0 88292.dat
1 19 43.758 -25.85 265 0 0.866 -0.5 0 -0.5 -0.866 -1 0 0 3062b.dat
1 72 10 -36 300 0 0 1 0 1 0 -1 0 0 3839b.dat
1 19 30 -28 290 1 0 0 0 1 0 0 0 1 87087.dat
1 19 30 -28 310 -1 0 0 0 1 0 0 0 -1 87087.dat
1 71 40 -60 300 -1 0 0 0 1 0 0 0 -1 52107.dat
1 19 40 -50 282 -1 0 0 0 0 1 0 1 0 3023.dat
1 19 40 -50 318 -1 0 0 0 0 -1 0 -1 0 3023.dat
1 19 80 -60 300 -1 0 0 0 1 0 0 0 -1 87580.dat
1 71 80 -68 300 -1 0 0 0 1 0 0 0 -1 15712.dat
1 19 80 -74 300 0 0.966 0.259 0 0.259 -0.966 -1 0 0 30375.dat
1 19 66.534 -93.239 300 0 -0.259 0.966 0 0.966 0.259 -1 0 0 4740.dat
1 0 29.605 -18.221 277 -0.5 0 -0.866025 -0.866025 0 0.5 0 1 0 60849.dat
1 0 29.929 -49.468 253 0 0 1 1 0 0 0 1 0 60849.dat
1 0 29.929 -49.468 347 0 0 1 -1 0 0 0 -1 0 60849.dat
1 19 20 -51.468 300 0 0 1 0 1 0 -1 0 0 11477.dat
1 19 43.612 -26.974 335 0 0.866 0.5 0 -0.5 0.866 1 0 0 3062b.dat
1 0 29.929 -18.532 322.998 0.5 0 -0.866025 0.866025 0 0.5 0 -1 0 60849.dat
1 19 30 -49 343.998 0 0 -1 1 0 0 0 -1 0 59900.dat
1 19 30 -50 255.998 0 0 1 1 0 0 0 1 0 59900.dat
1 71 -24.428 -102.03 299.998 0.966 -0.259 0 0.259 0.966 0 0 0 1 4274.dat
1 19 -46.301 -108.002 299.998 -0.259 0.966 0 0.966 0.259 0 0 0 -1 30374.dat
1 72 48.963 -82.598 299.998 0.259 -0.966 0 -0.966 -0.259 0 0 0 -1 11090.dat
