0 FILE The Stepper.ldr
0 The Stepper
0 Name: The Stepper.ldr
0 Author: R Paluczak
0 Unofficial Model
0 ROTATION CENTER 0 0 0 1 "Custom" 
0 ROTATION CONFIG 0 0
1 0 120.831 42.865 -121.315 0 -0.203642 0.979045 0 0.979045 0.203642 -1 0 0 Part 1.ldr
1 0 129.369 -47.287 58.685 0 -0.203642 0.979045 0 0.979045 0.203642 -1 0 0 32062.dat
1 0 129.369 -47.287 -101.315 0 -0.203642 0.979045 0 0.979045 0.203642 -1 0 0 32062.dat
1 0 145.66 -125.611 -91.314 0 -0.203642 0.979045 0 0.979045 0.203642 -1 0 0 4519.dat
1 0 145.66 -125.611 48.684 0 -0.203642 0.979045 0 0.979045 0.203642 -1 0 0 4519.dat
1 0 145.66 -125.611 -21.316 0 -0.203642 0.979045 0 0.979045 0.203642 -1 0 0 3705.dat
1 0 149.733 -145.192 -21.315 0 0.979045 0.203642 0 0.203642 -0.979045 -1 0 0 32039.dat
1 0 151.769 -154.981 -21.315 0.203642 0.979045 0 -0.979045 0.203642 0 0 0 1 32062.dat
1 0 92.392 -237.809 -21.314 0.979045 -0.203642 0 0.203642 0.979045 0 0 0 1 Part 4.ldr
1 8 145.66 -125.611 18.685 0.979045 -0.203642 0 0.203642 0.979045 0 0 0 1 6538a.dat
1 8 145.66 -125.611 -61.315 0.979045 -0.203642 0 0.203642 0.979045 0 0 0 1 6538a.dat
1 0 129.369 -47.287 63.685 0.979045 0 0.203642 0.203642 0 -0.979045 0 1 0 32250.dat
1 0 129.369 -47.287 73.685 0.979045 0 0.203642 0.203642 0 -0.979045 0 1 0 32250.dat
1 0 129.369 -47.287 -116.315 0.979045 0 0.203642 0.203642 0 -0.979045 0 1 0 32250.dat
1 0 149.316 -85.212 -150.315 -0.00617059 -0.00617059 0.999962 0.70708 0.70708 0.00872654 -0.707107 0.707107 0 Part 6.ldr
1 0 149.334 -87.212 98.685 0.0048482 -0.00725585 0.999962 -0.555549 0.831438 0.00872654 -0.83147 -0.55557 0 Part 5.ldr
1 0 129.369 -47.287 -106.315 0.979045 0 0.203642 0.203642 0 -0.979045 0 1 0 32250.dat
1 0 175.924 -52.768 -91.315 0.438371 0 0.898794 -0.898794 0 0.438371 0 -1 0 32278.dat
1 0 -66.626 1.399 -91.315 0.67559 -0.737277 0 -0.737277 -0.67559 0 0 0 -1 Part 3.ldr
1 7 301.523 8.95 -81.315 0 -0.203642 0.979045 0 0.979045 0.203642 -1 0 0 3673.dat
1 7 301.523 8.95 38.685 0 -0.203642 0.979045 0 0.979045 0.203642 -1 0 0 3673.dat
1 0 174.288 -48.869 48.685 0.414693 0 0.909961 -0.909961 0 0.414693 0 -1 0 32278.dat
1 0 -29.411 48.671 48.685 0.126199 0.992005 0 -0.992005 0.126199 0 0 0 1 Part 2.ldr
1 7 56.319 -102.918 58.685 0 -0.333807 0.942642 0 -0.942642 -0.333807 1 0 0 3749.dat
1 7 50 -114.118 -101.315 0 0.994522 0.104529 0 0.104529 -0.994522 -1 0 0 3749.dat
0
0 FILE DSDK.ldr
0 Scout Micro
0 Name: DSDK.ldr
0 Author: R Paluczak
0 Unofficial Model
0 ROTATION CENTER 0 0 0 1 "Custom" 
0 ROTATION CONFIG 0 0
1 4 130 -152 0 1 0 0 0 1 0 0 0 1 332.dat
1 7 130 -152 0 1 0 0 0 1 0 0 0 1 32346.dat
1 0 130 -72 40 1 0 0 0 1 0 0 0 1 32344.dat
1 0 130 -152 0 1 0 0 0 1 0 0 0 1 32277.dat
1 4 150 -160 -10 1 0 0 0 1 0 0 0 1 334.dat
1 4 130 -160 -30 1 0 0 0 1 0 0 0 1 334.dat
1 4 110 -160 -10 1 0 0 0 1 0 0 0 1 334.dat
1 36 130 -152 0 1 0 0 0 1 0 0 0 1 32345.dat
1 7 130 -152 0 1 0 0 0 1 0 0 0 1 32276.dat
0
0 FILE Y-Frame.ldr
0 Y-Frame
0 Name: Y-Frame.ldr
0 Author: R Paluczak
0 Unofficial Model
0 ROTATION CENTER 0 0 0 1 "Custom" 
0 ROTATION CONFIG 0 0
1 0 -130 80 0 1 0 0 0 1 0 0 0 1 DSDK.ldr
1 0 -60 -14 -70 1 0 0 0 1 0 0 0 1 2780.dat
1 0 -20 -54 -110 0 0 -1 0 1 0 1 0 0 2780.dat
1 0 0 -64 -120 -1 0 0 0 1 0 0 0 -1 32333.dat
1 8 50 -64 -130 0 0 -1 0 1 0 1 0 0 3894.dat
1 0 20 -54 -110 0 0 -1 0 1 0 1 0 0 2780.dat
1 7 0 -54 -130 0 0 1 0 1 0 -1 0 0 3749.dat
1 7 0 -14 -140 1 0 0 0 1 0 0 0 1 32270.dat
1 7 0 -54 -140 1 0 0 0 1 0 0 0 1 32269.dat
1 7 30 -54 -170 0 0 -1 0 1 0 1 0 0 32269.dat
1 7 70 -54 -170 0 0 -1 0 1 0 1 0 0 3713.dat
1 8 -50 -64 -130 0 0 -1 0 1 0 1 0 0 3894.dat
1 7 -70 -54 -170 0 0 -1 0 1 0 1 0 0 3713.dat
1 0 0 -14 -120 0 0 -1 0 1 0 1 0 0 4519.dat
1 0 60 -14 -70 1 0 0 0 1 0 0 0 1 2780.dat
1 0 60 -54 -90 1 0 0 0 1 0 0 0 1 2780.dat
1 0 -60 -54 -90 1 0 0 0 1 0 0 0 1 2780.dat
1 0 70 -14 -90 1 0 0 0 1 0 0 0 1 6558.dat
1 0 -70 -14 -90 -1 0 0 0 1 0 0 0 -1 6558.dat
1 0 -70 -74 -90 0 1 0 0 0 1 1 0 0 32140.dat
1 0 70 -74 -90 0 1 0 0 0 1 1 0 0 32140.dat
1 0 0 -54 -170 -1 0 0 0 1 0 0 0 -1 3737.dat
0 
0
0 FILE Part 1.ldr
0 Part 1
0 Name: Part 1.ldr
0 Author: R Paluczak
0 Unofficial Model
0 ROTATION CENTER 0 0 0 1 "Custom" 
0 ROTATION CONFIG 0 0
1 0 -20 10 170 0 0 -1 0 -1 0 -1 0 0 2994.dat
1 0 -18 10 170 0 0 -1 0 -1 0 -1 0 0 6578.dat
1 0 -180 10 170 0 0 1 0 1 0 -1 0 0 2994.dat
1 0 -182 10 170 0 0 1 0 1 0 -1 0 0 6578.dat
1 0 -100 -16 80 1 0 0 0 1 0 0 0 1 Y-Frame.ldr
1 8 -130 0 70 0 0 -1 0 1 0 1 0 0 3895.dat
1 8 -120 -10 210 0 0 -1 0 1 0 1 0 0 6538a.dat
1 8 -80 -10 210 0 0 -1 0 1 0 1 0 0 6538a.dat
1 8 -70 0 70 0 0 -1 0 1 0 1 0 0 3895.dat
1 0 -50 10 150 0 1 0 -1 0 0 0 0 1 32140.dat
1 0 -150 10 150 0 1 0 -1 0 0 0 0 1 32140.dat
1 0 -15 -70 -130 0 1 0 -1 0 0 0 0 1 6632.dat
1 0 -5 -70 -130 0 1 0 -1 0 0 0 0 1 6632.dat
1 0 -195 -70 -90 0 1 0 -1 0 0 0 0 1 6632.dat
1 0 -185 -70 -90 0 1 0 -1 0 0 0 0 1 6632.dat
1 7 -200 -70 -70 -1 0 0 0 1 0 0 0 -1 3749.dat
1 7 0 -70 -110 1 0 0 0 1 0 0 0 1 3749.dat
1 0 -100 10 170 -1 0 0 0 -1 0 0 0 1 3707.dat
1 7 -60 10 150 1 0 0 0 1 0 0 0 1 43093.dat
1 7 -140 10 150 -1 0 0 0 1 0 0 0 -1 43093.dat
1 7 -60 -10 210 -1 0 0 0 1 0 0 0 -1 43093.dat
1 7 -140 -10 210 1 0 0 0 1 0 0 0 1 43093.dat
1 0 -100 -10 210 1 0 0 0 1 0 0 0 1 32062.dat
0
0 FILE Part 2.ldr
0 Part 2
0 Name: Part 2.ldr
0 Author: R Paluczak
0 Unofficial Model
0 ROTATION CENTER 0 0 0 1 "Custom" 
0 ROTATION CONFIG 0 0
1 0 -20 24 0 1 0 0 0 1 0 0 0 1 4519.dat
1 0 20 24 0 0 0 -1 0 1 0 1 0 0 4519.dat
1 0 20 24 20 0 0 1 1 0 0 0 1 0 32271.dat
1 8 60 24 -10 0 0 -1 0 -1 0 -1 0 0 32311.dat
1 0 100 84 40 -1 0 0 0 0 -1 0 -1 0 32140.dat
1 0 100 24 30 0 0 1 0 1 0 -1 0 0 2780.dat
1 0 80 24 20 0 0 1 0 1 0 -1 0 0 6558.dat
1 7 120 24 10 0 0 1 0 1 0 -1 0 0 3749.dat
1 7 0 24 0 0 0 -1 0 1 0 1 0 0 32039.dat
1 7 -20 24 0 0 0 -1 0 1 0 1 0 0 3713.dat
1 0 -50 24 0 0 0 1 0 -1 0 1 0 0 2994.dat
1 0 -52 24 0 0 0 1 0 -1 0 1 0 0 6578.dat
0
0 FILE Part 3.ldr
0 Part 3
0 Name: Part 3.ldr
0 Author: R Paluczak
0 Unofficial Model
0 ROTATION CENTER 0 0 0 1 "Custom" 
0 ROTATION CONFIG 0 0
1 0 -20 24 0 1 0 0 0 1 0 0 0 1 4519.dat
1 0 20 24 0 0 0 -1 0 1 0 1 0 0 4519.dat
1 0 20 24 20 0 0 1 -1 0 0 0 -1 0 32271.dat
1 8 60 24 -10 0 0 -1 0 -1 0 -1 0 0 32311.dat
1 0 100 -36 40 -1 0 0 0 0 1 0 1 0 32140.dat
1 0 100 24 30 0 0 1 0 1 0 -1 0 0 2780.dat
1 0 80 24 20 0 0 1 0 1 0 -1 0 0 6558.dat
1 7 120 24 10 0 0 1 0 1 0 -1 0 0 3749.dat
1 7 0 24 0 0 0 -1 0 1 0 1 0 0 32039.dat
1 7 -20 24 0 0 0 -1 0 1 0 1 0 0 3713.dat
1 0 -50 24 0 0 0 1 0 -1 0 1 0 0 2994.dat
1 0 -52 24 0 0 0 1 0 -1 0 1 0 0 6578.dat
0
0 FILE Part 4.ldr
0 Part 4
0 Name: Part 4.ldr
0 Author: R Paluczak
0 Unofficial Model
0 ROTATION CENTER 0 0 0 1 "Custom" 
0 ROTATION CONFIG 0 0
1 0 -20 16 0 0 0 1 0 1 0 -1 0 0 32039.dat
1 0 -40 16 0 0 0 1 0 1 0 -1 0 0 3705.dat
1 0 20 16 0 0 0 1 0 1 0 -1 0 0 4519.dat
1 0 -40 16 -30 0 0 -1 0 -1 0 -1 0 0 6536.dat
1 0 -40 16 30 0 0 -1 0 -1 0 -1 0 0 6536.dat
1 8 -60 16 0 0 0 1 0 1 0 -1 0 0 32310.dat
1 8 20 16 40 0 1 0 -1 0 0 0 0 1 32192.dat
1 8 20 16 -40 0 1 0 1 0 0 0 0 -1 32192.dat
1 8 -50 -4 -30 -1 0 0 0 1 0 0 0 -1 32002.dat
1 8 -50 -4 30 -1 0 0 0 1 0 0 0 -1 32002.dat
1 36 -30 -4 30 0 -1 0 -1 0 0 0 0 -1 30374.dat
1 36 -30 -4 -30 0 -1 0 -1 0 0 0 0 -1 30374.dat
1 0 -10 16 0 1 0 0 0 1 0 0 0 1 32062.dat
1 0 20 16 0 0 0 1 0 -1 0 1 0 0 32016.dat
1 0 75.12 38.67 0 0 0.382683 0.92388 0 -0.92388 0.382683 1 0 0 32015.dat
1 0 47.403 27.189 0 -0.92388 0.382683 0 -0.382683 -0.92388 0 0 0 1 32062.dat
1 0 -1 16 -61 0.707107 0 0.707107 0 -1 0 0.707107 0 -0.707107 32062.dat
1 0 -8.071 16 -68.071 -0.707107 0 0.707107 0 -1 0 0.707107 0 0.707107 32039.dat
1 0 13.143 16 -117.569 -0.707107 0 0.707107 0 -1 0 0.707107 0 0.707107 2780.dat
1 0 13.213 16 117.497 -0.707107 0 -0.707107 0 -1 0 -0.707107 0 0.707107 2780.dat
0 SYNTH BEGIN TECHNIC_FLEX-SYSTEM_HOSE 8
0 1 0 27.356 16 131.639 0 0.707107 -0.707107 -1 0 0 0 0.707107 0.707107 LS02.dat
0 1 0 -29.214 16 75.071 0 0.707107 -0.707107 -1 0 0 0 0.707107 0.707107 LS02.dat
0 1 0 -60 16 20 0 0 -1 -1 0 0 0 1 0 LS02.dat
0 1 0 -60 16 -20 0 0 -1 -1 0 0 0 1 0 LS02.dat
0 1 0 -29.286 16 -75.143 0 -0.707107 -0.707107 -1 0 0 0 0.707107 -0.707107 LS02.dat
0 1 0 27.285 16 -131.711 0 -0.707107 -0.707107 -1 0 0 0 0.707107 -0.707107 LS02.dat
0 SYNTH SHOW
0 SYNTH SYNTHESIZED BEGIN
1 8 27.356 16 131.639 0 -56.5915 -0.7069 -1 0 0 0 -56.5524 0.7074 LS50.dat
1 8 -29.214 16 75.071 0 -20.8006 -0.6965 -1 0 0 0 -20.1902 0.7176 LS51.dat
1 8 -49.2511 16 55.6218 0 -2.1979 -0.7574 -1 0 0 0 -2.5493 0.653 LS51.dat
1 8 -51.0518 16 53.5332 0 -1.7077 -0.7895 -1 0 0 0 -2.1967 0.6138 LS51.dat
1 8 -52.3887 16 51.8135 0 -1.4263 -0.8194 -1 0 0 0 -2.0389 0.5732 LS51.dat
1 8 -53.4682 16 50.2704 0 -1.2443 -0.8473 -1 0 0 0 -1.9848 0.5312 LS51.dat
1 8 -54.3913 16 48.798 0 -1.0972 -0.873 -1 0 0 0 -1.9636 0.4878 LS51.dat
1 8 -55.1938 16 47.3618 0 -0.9924 -0.8964 -1 0 0 0 -2.0071 0.4432 LS51.dat
1 8 -55.9185 16 45.8962 0 -0.8967 -0.9176 -1 0 0 0 -2.0697 0.3975 LS51.dat
1 8 -56.5755 16 44.3798 0 -0.8217 -0.9364 -1 0 0 0 -2.1926 0.3509 LS51.dat
1 8 -57.1851 16 42.7529 0 -0.7513 -0.9529 -1 0 0 0 -2.3601 0.3033 LS51.dat
1 8 -57.7538 16 40.9665 0 -0.6827 -0.9669 -1 0 0 0 -2.5869 0.2552 LS51.dat
1 8 -58.2829 16 38.9617 0 -0.6215 -0.9785 -1 0 0 0 -2.9476 0.2063 LS51.dat
1 8 -58.7796 16 36.6061 0 -0.6483 -0.9876 -1 0 0 0 -4.0854 0.1567 LS51.dat
1 8 -59.2367 16 33.7253 0 -0.79 -0.9985 -1 0 0 0 -14.2056 0.0555 LS51.dat
1 8 -60 16 20 0 0 -1 -1 0 0 0 -40 0 LS51.dat
1 8 -60 16 -20 0 0.1728 -0.9997 -1 0 0 0 -7.5236 -0.023 LS51.dat
1 8 -59.8412 16 -26.9156 0 0.3825 -0.9973 -1 0 0 0 -5.1835 -0.0736 LS51.dat
1 8 -59.5032 16 -31.4947 0 0.4959 -0.9923 -1 0 0 0 -3.9725 -0.1239 LS51.dat
1 8 -59.0821 16 -34.8682 0 0.5757 -0.9848 -1 0 0 0 -3.2651 -0.1736 LS51.dat
1 8 -58.6113 16 -37.5385 0 0.6461 -0.9748 -1 0 0 0 -2.8248 -0.223 LS51.dat
1 8 -58.1001 16 -39.7735 0 0.7107 -0.9623 -1 0 0 0 -2.516 -0.2718 LS51.dat
1 8 -57.5539 16 -41.707 0 0.7784 -0.9474 -1 0 0 0 -2.3042 -0.32 LS51.dat
1 8 -56.9688 16 -43.439 0 0.8463 -0.9301 -1 0 0 0 -2.1428 -0.3673 LS51.dat
1 8 -56.3441 16 -45.0207 0 0.9319 -0.9104 -1 0 0 0 -2.0512 -0.4136 LS51.dat
1 8 -55.6621 16 -46.522 0 1.027 -0.8885 -1 0 0 0 -1.9883 -0.4589 LS51.dat
1 8 -54.9127 16 -47.9728 0 1.1522 -0.8642 -1 0 0 0 -1.9791 -0.5031 LS51.dat
1 8 -54.0655 16 -49.428 0 1.3048 -0.8377 -1 0 0 0 -2.0014 -0.5461 LS51.dat
1 8 -53.0898 16 -50.9245 0 1.5108 -0.8092 -1 0 0 0 -2.0809 -0.5875 LS51.dat
1 8 -51.9348 16 -52.5155 0 1.8699 -0.7785 -1 0 0 0 -2.3196 -0.6276 LS51.dat
1 8 -50.4483 16 -54.3594 0 2.664 -0.7456 -1 0 0 0 -2.9804 -0.6664 LS51.dat
1 8 -48.365 16 -56.6901 0 19.4063 -0.6952 -1 0 0 0 -18.7695 -0.7188 LS51.dat
1 8 27.2835 16 -131.713 0 -56.5695 -0.7071 -1 0 0 0 56.5695 -0.7071 LS50.dat
0 SYNTH SYNTHESIZED END
0 SYNTH SYNTHESIZED BEGIN
0 SYNTH SYNTHESIZED END
0 SYNTH END
1 0 -0.929 16 60.929 0.707107 0 0.707107 0 1 0 -0.707107 0 0.707107 32062.dat
1 0 -8 16 68 -0.707107 0 0.707107 0 1 0 -0.707107 0 -0.707107 32039.dat
0 
0
0 FILE Part 5.ldr
0 Part 5
0 Name: Part 5.ldr
0 Author: R Paluczak
0 Unofficial Model
0 ROTATION CENTER 0 0 0 1 "Custom" 
0 ROTATION CONFIG 0 0
1 8 -80 16 0 1 0 0 0 1 0 0 0 1 32009.dat
1 7 0 6 0 0 -1 0 1 0 0 0 0 1 3749.dat
0 SYNTH BEGIN TECHNIC_RIBBED_HOSE 135
0 1 7 0 6 0 1 0 0 0 1 0 0 0 1 LS02.dat
0 1 7 0 -13 0 1 0 0 0 1 0 0 0 1 LS02.dat
0 1 7 -60 -14 -130 1 0 0 0 0 -1 0 1 0 LS02.dat
0 1 7 -60 -14 -150 1 0 0 0 0 -1 0 1 0 LS02.dat
0 SYNTH SHOW
0 SYNTH SYNTHESIZED BEGIN
1 135 0 3.5 0 0 0 1 0 1 0 -1 0 0 79.dat
1 135 0 -2.0012 0 0 0 1 0 -1 0 -1 0 0 80.dat
1 135 0 -7.5028 0 0 0 1 0 -1 0 -1 0 0 80.dat
1 135 -0.0586 -13.0017 -0.0577 0.0005 -0.0234 0.9997 0.0231 -0.9995 -0.0235 -0.9997 -0.0231 -0 80.dat
1 135 -0.3289 -18.492 -0.327 0.0064 -0.0799 0.9968 0.0797 -0.9936 -0.0802 -0.9968 -0.08 0 80.dat
1 135 -0.9586 -23.9278 -0.9655 0.0198 -0.1554 0.9877 0.1577 -0.975 -0.1566 -0.9873 -0.1589 -0.0052 80.dat
1 135 -2.0692 -29.1885 -2.118 0.0537 -0.2568 0.965 0.2646 -0.9282 -0.2617 -0.9629 -0.2694 -0.0181 80.dat
1 135 -3.8052 -34.0496 -3.9718 0.1326 -0.3845 0.9136 0.397 -0.8239 -0.4044 -0.9082 -0.4163 -0.0434 80.dat
1 135 -6.2465 -38.1183 -6.6688 0.2793 -0.5134 0.8114 0.5124 -0.635 -0.5781 -0.812 -0.5773 -0.0857 80.dat
1 135 -9.2831 -41.0081 -10.1558 0.4637 -0.5969 0.6548 0.5437 -0.3918 -0.7422 -0.6996 -0.7001 -0.1429 80.dat
1 135 -12.6373 -42.6193 -14.1734 0.6137 -0.6225 0.4857 0.4978 -0.1723 -0.85 -0.6128 -0.7634 -0.2041 80.dat
1 135 -16.0466 -43.1664 -18.4409 0.7052 -0.6148 0.3531 0.4396 -0.0115 -0.8981 -0.5562 -0.7886 -0.2621 80.dat
1 135 -19.386 -42.954 -22.8116 0.7561 -0.5947 0.2732 0.406 0.0988 -0.9085 -0.5133 -0.7978 -0.3162 80.dat
1 135 -22.599 -42.2209 -27.21 0.7843 -0.5714 0.2414 0.4037 0.1746 -0.8981 -0.471 -0.8018 -0.3676 80.dat
1 135 -25.6882 -41.1263 -31.6345 0.7987 -0.548 0.2485 0.4283 0.2277 -0.8745 -0.4226 -0.8049 -0.4166 80.dat
1 135 -28.6557 -39.7757 -36.0852 0.8011 -0.5253 0.2868 0.4745 0.2653 -0.8393 -0.3648 -0.8085 -0.4618 80.dat
1 135 -31.4934 -38.2487 -40.548 0.7903 -0.5035 0.3492 0.536 0.2919 -0.7921 -0.2969 -0.8132 -0.5006 80.dat
1 135 -34.2144 -36.5944 -45.0429 0.7646 -0.4823 0.4275 0.6056 0.3104 -0.7328 -0.2207 -0.8191 -0.5294 80.dat
1 135 -36.8238 -34.8513 -49.5806 0.7231 -0.4616 0.5138 0.6764 0.3226 -0.6621 -0.1399 -0.8264 -0.5455 80.dat
1 135 -39.3181 -33.0542 -54.1597 0.6676 -0.4409 0.5999 0.7422 0.3297 -0.5835 -0.0595 -0.8348 -0.5473 80.dat
1 135 -41.6959 -31.2306 -58.7836 0.6017 -0.4202 0.6792 0.7986 0.3324 -0.5018 0.015 -0.8444 -0.5356 80.dat
1 135 -43.9566 -29.403 -63.4589 0.5305 -0.3991 0.7479 0.844 0.3313 -0.4218 0.0795 -0.855 -0.5126 80.dat
1 135 -46.0995 -27.5903 -68.1952 0.4584 -0.3773 0.8047 0.8789 0.3267 -0.3475 0.1318 -0.8665 -0.4814 80.dat
1 135 -48.1231 -25.8095 -73.0033 0.3887 -0.3547 0.8503 0.9053 0.3186 -0.2809 0.1713 -0.879 -0.445 80.dat
1 135 -50.0175 -24.0833 -77.877 0.3236 -0.331 0.8864 0.9251 0.3072 -0.223 0.1985 -0.8922 -0.4057 80.dat
1 135 -51.7795 -22.4268 -82.8289 0.2642 -0.306 0.9146 0.9404 0.2925 -0.1737 0.2143 -0.906 -0.365 80.dat
1 135 -53.398 -20.862 -87.8529 0.2107 -0.2794 0.9368 0.9525 0.2742 -0.1324 0.2199 -0.9202 -0.3239 80.dat
1 135 -54.8673 -19.4051 -92.9604 0.1633 -0.2511 0.9541 0.9626 0.2524 -0.0983 0.2161 -0.9345 -0.2829 80.dat
1 135 -56.174 -18.079 -98.1421 0.1218 -0.2207 0.9677 0.9714 0.2268 -0.0705 0.2039 -0.9486 -0.242 80.dat
1 135 -57.3093 -16.9023 -103.405 0.0862 -0.1882 0.9783 0.9791 0.1974 -0.0483 0.184 -0.9621 -0.2013 80.dat
1 135 -58.2585 -15.8993 -108.733 0.0564 -0.1534 0.9865 0.986 0.164 -0.0308 0.157 -0.9745 -0.1605 80.dat
1 135 -59.0105 -15.0903 -114.123 0.0326 -0.1164 0.9927 0.9918 0.1266 -0.0177 0.1236 -0.9851 -0.1196 80.dat
1 135 -59.5537 -14.4965 -119.568 0.015 -0.0773 0.9969 0.9963 0.0853 -0.0084 0.0844 -0.9934 -0.0782 80.dat
1 135 -59.8765 -14.1385 -125.052 0.004 -0.0362 0.9993 0.9992 0.0405 -0.0025 0.0404 -0.9985 -0.0363 80.dat
1 135 -59.986 -14.0159 -130.553 0 -0.0003 1 1 0.0003 -0 0.0003 -1 -0.0003 80.dat
1 135 -59.9895 -14.0119 -136.055 0 -0.0011 1 1 0.0012 -0 0.0012 -1 -0.0011 80.dat
1 135 -59.9953 -14.0053 -141.557 0 -0.0011 1 1 0.0012 0 0.0012 -1 -0.0011 79.dat
1 135 -59.9953 -14.0053 -147.557 0 -0.0011 1 1 0.0012 0 0.0012 -1 -0.0011 79.dat
0 SYNTH SYNTHESIZED END
0 SYNTH END
1 7 -60 6 -170 0 -1 0 0 0 1 -1 0 0 3749.dat
1 4 -60 6 -200 0 -1 0 0 0 1 -1 0 0 32054.dat
1 0 -80 6 -160 0 -1 0 1 0 0 0 0 1 32062.dat
1 0 -80 -4 -160 0 1 0 1 0 0 0 0 -1 32291.dat
1 0 -60 -14 -160 0 1 0 0 0 1 1 0 0 6558.dat
1 0 -60 -14 -210 0 1 0 0 0 1 1 0 0 2780.dat
1 42 -60 -14 -270 -1 0 0 0 0 1 0 1 0 30374.dat
1 0 -60 -14 -190 0 1 0 0 0 1 1 0 0 75535.dat
1 0 -9 47 0 0.55557 0 -0.83147 -0.83147 0 -0.55557 0 1 0 6048.dat
1 0 -20 28 0 1 0 0 0 0 1 0 -1 0 6217.dat
0
0 FILE Part 6.ldr
0 Part 6
0 Name: Part 6.ldr
0 Author: R Paluczak
0 Unofficial Model
0 ROTATION CENTER 0 0 0 1 "Custom" 
0 ROTATION CONFIG 0 0
1 8 80 16 0 -1 0 0 0 -1 0 0 0 1 32009.dat
1 7 0 6 0 0 -1 0 1 0 0 0 0 1 3749.dat
0 SYNTH BEGIN TECHNIC_RIBBED_HOSE 135
0 1 7 0 6 0 1 0 0 0 1 0 0 0 1 LS02.dat
0 1 7 0 -13 0 1 0 0 0 1 0 0 0 1 LS02.dat
0 1 7 60 -14 -130 1 0 0 0 0 -1 0 1 0 LS02.dat
0 1 7 60 -14 -150 1 0 0 0 0 -1 0 1 0 LS02.dat
0 SYNTH SHOW
0 SYNTH SYNTHESIZED BEGIN
1 135 0 3.5 0 0 0 1 0 1 0 -1 0 0 79.dat
1 135 0 -2.0012 0 0 0 1 0 -1 0 -1 0 0 80.dat
1 135 0 -7.5028 0 0 0 1 0 -1 0 -1 0 0 80.dat
1 135 0.0586 -13.0017 -0.0577 -0.0005 0.0234 0.9997 0.0231 -0.9995 0.0235 -0.9997 -0.0231 0 80.dat
1 135 0.3289 -18.492 -0.327 -0.0064 0.0799 0.9968 0.0797 -0.9936 0.0802 -0.9968 -0.08 -0 80.dat
1 135 0.9586 -23.9278 -0.9655 -0.0198 0.1554 0.9877 0.1577 -0.975 0.1566 -0.9873 -0.1589 0.0052 80.dat
1 135 2.0692 -29.1885 -2.118 -0.0537 0.2568 0.965 0.2646 -0.9282 0.2617 -0.9629 -0.2694 0.0181 80.dat
1 135 3.8052 -34.0496 -3.9718 -0.1326 0.3845 0.9136 0.397 -0.8239 0.4044 -0.9082 -0.4163 0.0434 80.dat
1 135 6.2465 -38.1183 -6.6688 -0.2793 0.5134 0.8114 0.5124 -0.635 0.5781 -0.812 -0.5773 0.0857 80.dat
1 135 9.2831 -41.0081 -10.1558 -0.4637 0.5969 0.6548 0.5437 -0.3918 0.7422 -0.6996 -0.7001 0.1429 80.dat
1 135 12.6373 -42.6193 -14.1734 -0.6137 0.6225 0.4857 0.4978 -0.1723 0.85 -0.6128 -0.7634 0.2041 80.dat
1 135 16.0466 -43.1664 -18.4409 -0.7052 0.6148 0.3531 0.4396 -0.0115 0.8981 -0.5562 -0.7886 0.2621 80.dat
1 135 19.386 -42.954 -22.8116 -0.7561 0.5947 0.2732 0.406 0.0988 0.9085 -0.5133 -0.7978 0.3162 80.dat
1 135 22.599 -42.2209 -27.21 -0.7843 0.5714 0.2414 0.4037 0.1746 0.8981 -0.471 -0.8018 0.3676 80.dat
1 135 25.6882 -41.1263 -31.6345 -0.7987 0.548 0.2485 0.4283 0.2277 0.8745 -0.4226 -0.8049 0.4166 80.dat
1 135 28.6557 -39.7757 -36.0852 -0.8011 0.5253 0.2868 0.4745 0.2653 0.8393 -0.3648 -0.8085 0.4618 80.dat
1 135 31.4934 -38.2487 -40.548 -0.7903 0.5035 0.3492 0.536 0.2919 0.7921 -0.2969 -0.8132 0.5006 80.dat
1 135 34.2144 -36.5944 -45.0429 -0.7646 0.4823 0.4275 0.6056 0.3104 0.7328 -0.2207 -0.8191 0.5294 80.dat
1 135 36.8238 -34.8513 -49.5806 -0.7231 0.4616 0.5138 0.6764 0.3226 0.6621 -0.1399 -0.8264 0.5455 80.dat
1 135 39.3181 -33.0542 -54.1597 -0.6676 0.4409 0.5999 0.7422 0.3297 0.5835 -0.0595 -0.8348 0.5473 80.dat
1 135 41.6959 -31.2306 -58.7836 -0.6017 0.4202 0.6792 0.7986 0.3324 0.5018 0.015 -0.8444 0.5356 80.dat
1 135 43.9566 -29.403 -63.4589 -0.5305 0.3991 0.7479 0.844 0.3313 0.4218 0.0795 -0.855 0.5126 80.dat
1 135 46.0995 -27.5903 -68.1952 -0.4584 0.3773 0.8047 0.8789 0.3267 0.3475 0.1318 -0.8665 0.4814 80.dat
1 135 48.1231 -25.8095 -73.0033 -0.3887 0.3547 0.8503 0.9053 0.3186 0.2809 0.1713 -0.879 0.445 80.dat
1 135 50.0175 -24.0833 -77.877 -0.3236 0.331 0.8864 0.9251 0.3072 0.223 0.1985 -0.8922 0.4057 80.dat
1 135 51.7795 -22.4268 -82.8289 -0.2642 0.306 0.9146 0.9404 0.2925 0.1737 0.2143 -0.906 0.365 80.dat
1 135 53.398 -20.862 -87.8529 -0.2107 0.2794 0.9368 0.9525 0.2742 0.1324 0.2199 -0.9202 0.3239 80.dat
1 135 54.8673 -19.4051 -92.9604 -0.1633 0.2511 0.9541 0.9626 0.2524 0.0983 0.2161 -0.9345 0.2829 80.dat
1 135 56.174 -18.079 -98.1421 -0.1218 0.2207 0.9677 0.9714 0.2268 0.0705 0.2039 -0.9486 0.242 80.dat
1 135 57.3093 -16.9023 -103.405 -0.0862 0.1882 0.9783 0.9791 0.1974 0.0483 0.184 -0.9621 0.2013 80.dat
1 135 58.2585 -15.8993 -108.733 -0.0564 0.1534 0.9865 0.986 0.164 0.0308 0.157 -0.9745 0.1605 80.dat
1 135 59.0105 -15.0903 -114.123 -0.0326 0.1164 0.9927 0.9918 0.1266 0.0177 0.1236 -0.9851 0.1196 80.dat
1 135 59.5537 -14.4965 -119.568 -0.015 0.0773 0.9969 0.9963 0.0853 0.0084 0.0844 -0.9934 0.0782 80.dat
1 135 59.8765 -14.1385 -125.052 -0.004 0.0362 0.9993 0.9992 0.0405 0.0025 0.0404 -0.9985 0.0363 80.dat
1 135 59.986 -14.0159 -130.553 -0 0.0003 1 1 0.0003 0 0.0003 -1 0.0003 80.dat
1 135 59.9895 -14.0119 -136.055 -0 0.0011 1 1 0.0012 0 0.0012 -1 0.0011 80.dat
1 135 59.9953 -14.0053 -141.557 -0 0.0011 1 1 0.0012 -0 0.0012 -1 0.0011 79.dat
1 135 59.9953 -14.0053 -147.557 -0 0.0011 1 1 0.0012 -0 0.0012 -1 0.0011 79.dat
0 SYNTH SYNTHESIZED END
0 SYNTH END
1 7 60 6 -170 0 -1 0 0 0 1 -1 0 0 3749.dat
1 4 60 6 -200 0 -1 0 0 0 1 -1 0 0 32054.dat
1 0 80 6 -160 0 -1 0 1 0 0 0 0 1 32062.dat
1 0 80 -4 -160 0 -1 0 -1 0 0 0 0 -1 32291.dat
1 0 60 -14 -160 0 1 0 0 0 1 1 0 0 6558.dat
1 0 60 -14 -210 0 1 0 0 0 1 1 0 0 2780.dat
1 42 60 -14 -270 -1 0 0 0 0 1 0 1 0 30374.dat
1 0 60 -14 -190 0 1 0 0 0 1 1 0 0 75535.dat
1 0 11 49 0 0.707107 0 0.707107 0.707107 0 -0.707107 0 1 0 6048.dat
1 0 20 28 0 1 0 0 0 0 1 0 -1 0 6217.dat
0 
0
0
