0 FILE Ultimate Space Battle.ldr
0 Ultimate Space Battle
0 Name: Ultimate Space Battle.ldr
0 Author: R Paluczak
0 Unofficial Model
0 ROTATION CENTER 0 0 0 1 "Custom" 
0 ROTATION CONFIG 0 0
1 0 -10 20 0 1 0 0 0 1 0 0 0 1 Anakin's Eta-2 Actis.ldr
1 0 -120 20 -320 1 0 0 0 1 0 0 0 1 Obi-Wan Kenobi.ldr
1 0 70 20 -290 1 0 0 0 1 0 0 0 1 Anakin Skywalker.ldr
1 0 330 20 -350 1 0 0 0 1 0 0 0 1 Buzz Droid.ldr
1 0 500 20 -340 1 0 0 0 1 0 0 0 1 Buzz Droid.ldr
1 0 410 84 140 1 0 0 0 1 0 0 0 1 Obi-Wan's Eta-2 Actis.ldr
1 0 -710 48 -300 -0.258819 0 -0.965926 0 1 0 0.965926 0 -0.258819 Tri-Droid Fighter.ldr
1 0 -381.089 189 -619.972 0 0 -1 0 1 0 1 0 0 Vulture Droid.ldr
1 0 18.911 189 -419.972 0 0 -1 0 1 0 1 0 0 Vulture Droid.ldr
0
0 FILE Vulture Droid.ldr
0 Vulture Droid
0 Name: Vulture Droid.ldr
0 Author: R Paluczak
0 Unofficial Model
0 
0 ROTATION CENTER 0 0 0 1 "Custom" 
0 ROTATION CONFIG 0 0
1 72 -10 16 0 1 0 0 0 1 0 0 0 1 3034.dat
1 72 -10 8 40 1 0 0 0 1 0 0 0 1 3022.dat
1 72 -10 -40 40 1 0 0 0 1 0 0 0 1 3022.dat
1 72 -10 -48 0 1 0 0 0 1 0 0 0 1 47753.dat
1 272 -10 -48 80 -1 0 0 0 1 0 0 0 -1 47753.dat
1 272 -94 12 -60 0 1 0 -1 0 0 0 0 1 Vulture Droid Wing.ldr
1 272 74.1 -8 -60 0 -1 0 1 0 0 0 0 1 Vulture Droid Wing.ldr
1 71 -10 -24 50 0 0 1 0 1 0 -1 0 0 3021.dat
1 0 -10 -32 40 0 0 1 0 1 0 -1 0 0 3020.dat
1 71 -80 -8 0 0 0 1 0 1 0 -1 0 0 30365.dat
1 0 60 2 -50 -1 0 0 0 1 0 0 0 -1 41532.dat
1 71 60 -8 0 0 0 1 0 1 0 -1 0 0 30365.dat
1 71 -40 -8 0 0 0 1 0 1 0 -1 0 0 3004.dat
1 272 -60 -16 30 -1 0 0 0 1 0 0 0 -1 2450.dat
1 379 -50 -16 -40 0 0 1 0 1 0 -1 0 0 30565.dat
1 379 30 -16 -40 1 0 0 0 1 0 0 0 1 30565.dat
1 272 40 -16 30 0 0 -1 0 1 0 1 0 0 2450.dat
1 272 50 -24 0 0 0 -1 0 1 0 1 0 0 3068b.dat
1 272 -10 -24 0 0 0 -1 0 1 0 1 0 0 3068b.dat
1 272 -70 -24 0 0 0 -1 0 1 0 1 0 0 3068b.dat
1 0 -40 -24 0 0 0 -1 0 1 0 1 0 0 2412b.dat
1 0 20 -24 0 0 0 -1 0 1 0 1 0 0 2412b.dat
1 71 20 -8 0 0 0 1 0 1 0 -1 0 0 3004.dat
1 15 -10 -8 -10 1 0 0 0 1 0 0 0 1 3747a.dat
1 15 -10 -16 50 -1 0 0 0 1 0 0 0 -1 3660.dat
1 15 -10 -16 30 -1 0 0 0 1 0 0 0 -1 3700.dat
1 19 -10 -16 10 -1 0 0 0 1 0 0 0 -1 2458.dat
1 19 -10 8 10 -1 0 0 0 1 0 0 0 -1 3023.dat
1 0 -60 -8 10 -1 0 0 0 1 0 0 0 -1 4070.dat
1 0 40 -8 10 -1 0 0 0 1 0 0 0 -1 4070.dat
1 36 -60 2.1 40 -1 0 0 0 0 -1 0 -1 0 6188.dat
1 36 40 2.1 40 -1 0 0 0 0 -1 0 -1 0 6188.dat
1 0 -80 2 -50 -1 0 0 0 1 0 0 0 -1 41532.dat
0
0 FILE Anakin's Eta-2 Actis.ldr
0 Anakin's Eta-2 Actis
0 Name: Anakin's Eta-2 Actis.ldr
0 Author: R Paluczak
0 Unofficial Model
0 ROTATION CENTER 29.8882 -45.8454 -39.999 1 "Custom" 
0 ROTATION CONFIG 0 0
1 72 -40 8 20.001 -1 0 0 0 1 0 0 0 -1 3795.dat
1 72 -131.736 -125.481 -39.999 0.920505 -0.390731 0 0.390731 0.920505 0 0 0 1 Anakin's Eta-2 Actis Right Wing.ldr
1 72 -113.964 -55.173 -39.999 0.920505 0.390731 0 -0.390731 0.920505 0 0 0 1 Anakin's Eta-2 Actis Left Wing.ldr
1 72 0 8 59.999 -1 0 0 0 1 0 0 0 -1 3022.dat
1 72 -80.002 8 59.998 -1 0 0 0 1 0 0 0 -1 3022.dat
1 72 -90 -16 40.002 0 0 -1 0 1 0 1 0 0 3010.dat
1 72 10 -16 40 0 0 -1 0 1 0 1 0 0 3010.dat
1 72 -10 -40 0 0 0 -1 0 1 0 1 0 0 3010.dat
1 72 -70 -40 0 0 0 -1 0 1 0 1 0 0 3010.dat
1 0 10 -40 50 0 0 -1 0 1 0 1 0 0 4286.dat
1 0 -90 -40 50 0 0 1 0 1 0 -1 0 0 4286.dat
1 0 -90 -40 20 0 0 1 0 1 0 -1 0 0 30365.dat
1 0 10 -40 20 0 0 1 0 1 0 -1 0 0 30365.dat
1 0 -90 -24 -120 0 0 -1 0 1 0 1 0 0 30383.dat
1 0 10 -24 -120 0 0 -1 0 1 0 1 0 0 30383.dat
1 71 10 -40 -60 0 0 -1 0 1 0 1 0 0 30387.dat
1 71 -90 -40 -60 0 0 -1 0 1 0 1 0 0 30387.dat
1 72 0 -40 70 -1 0 0 0 1 0 0 0 -1 32064b.dat
1 72 -40 -56 -30 -1 0 0 0 1 0 0 0 -1 32064b.dat
1 72 -40 -80 130 -1 0 0 0 1 0 0 0 -1 32064b.dat
1 72 -40 -48 130 -1 0 0 0 1 0 0 0 -1 3937.dat
1 0 -40 -48 130 1 0 0 0 1 0 0 0 1 6134.dat
1 14 -40 -56 140 -1 0 0 0 1 0 0 0 -1 3020.dat
1 320 -10 -64 130 -1 0 0 0 1 0 0 0 -1 3024.dat
1 320 -70 -64 130 -1 0 0 0 1 0 0 0 -1 3024.dat
1 72 -80 -40 70 -1 0 0 0 1 0 0 0 -1 32064b.dat
1 72 -80 -30 90 0 0 -1 0 1 0 1 0 0 6587.dat
1 72 0 -30 90 0 0 -1 0 1 0 1 0 0 6587.dat
1 72 -40 -66 -27.9 0 0 -1 0 1 0 1 0 0 6587.dat
1 72 -40 -70 132.1 0 0 -1 0 1 0 1 0 0 6587.dat
1 71 -40 -66 10.1 -1 0 0 0 0 -1 0 -1 0 4592c01.dat
1 0 -40 -46.1 -20 0 0 -1 0 1 0 1 0 0 32062.dat
1 0 -40 -66.2 -15 -1 0 0 0 0 1 0 1 0 41677.dat
1 0 -40 -66.2 -5 -1 0 0 0 0 1 0 1 0 41677.dat
1 71 -10.002 -16 50 0 0 -1 0 1 0 1 0 0 3622.dat
1 71 -70 -16 49.998 0 0 -1 0 1 0 1 0 0 3622.dat
1 71 -40.001 -16 40.001 0 0 -1 0 1 0 1 0 0 30389b.dat
1 71 -40 -24 60 0 0 -1 0 1 0 1 0 0 3034.dat
1 70 -40 -32 40 1 0 0 0 1 0 0 0 1 4079.dat
1 71 -10 -48 20 0 0 -1 0 1 0 1 0 0 3666.dat
1 71 -70 -48 20 0 0 -1 0 1 0 1 0 0 3666.dat
1 71 10 -48 40 0 0 -1 0 1 0 1 0 0 44568.dat
1 71 -90 -48 40 0 0 1 0 1 0 -1 0 0 44568.dat
1 43 -80 -30 128 0 0 -1 1 0 0 0 -1 0 6141.dat
1 19 -40 -32 -10 0 0 -1 0 1 0 1 0 0 3021.dat
1 19 -40 -56 10 0 0 -1 0 1 0 1 0 0 3044b.dat
1 72 -40 -24 -30 -1 0 0 0 1 0 0 0 -1 3023.dat
1 71 -40.003 -8 100.001 0 0 1 0 1 0 -1 0 0 44302.dat
1 71 -40.003 0 100.001 0 0 -1 0 1 0 1 0 0 44302.dat
1 72 -40.002 8 109.999 0 0 -1 0 1 0 1 0 0 44300.dat
1 72 -40.003 -16 100.001 0 0 -1 0 1 0 1 0 0 2412b.dat
1 72 -40 -24 -30 -1 0 0 0 1 0 0 0 -1 3023.dat
1 72 -40.003 -16 100.001 0 0 -1 0 1 0 1 0 0 2412b.dat
1 72 -10.003 -56 -19.999 0 0 -1 0 1 0 1 0 0 2412b.dat
1 72 -40.003 -96 130.001 1 0 0 0 1 0 0 0 1 2412b.dat
1 0 -50 -96 130 0 0 1 0 1 0 -1 0 0 6091.dat
1 0 -30 -96 130 0 0 -1 0 1 0 1 0 0 6091.dat
1 40 -40 -56 60 0 0 -1 0 1 0 1 0 0 50986.dat
1 72 -70.003 -56 -19.999 0 0 -1 0 1 0 1 0 0 2412b.dat
1 72 0 -56 20 0 0 -1 0 1 0 1 0 0 3068b.dat
1 72 -80 -56 20 0 0 -1 0 1 0 1 0 0 3068b.dat
1 72 -80 -56 80 -1 0 0 0 1 0 0 0 -1 41770.dat
1 72 0 -56 80 -1 0 0 0 1 0 0 0 -1 41769.dat
1 14 -20 -16 10 1 0 0 0 1 0 0 0 1 3747a.dat
1 14 -60 -16 10 1 0 0 0 1 0 0 0 1 3747a.dat
1 43 0 -30 128 0 0 -1 1 0 0 0 -1 0 6141.dat
1 71 0 -30 90 0 1 0 1 0 0 0 0 -1 42610.dat
1 71 0 -30 110 0 1 0 1 0 0 0 0 -1 42610.dat
1 71 -80 -30 90 0 1 0 1 0 0 0 0 -1 42610.dat
1 71 -80 -30 110 0 1 0 1 0 0 0 0 -1 42610.dat
1 40 -40.1 -66 -62.5 0 0 1 1 0 0 0 1 0 3960.dat
0
0 FILE Tri-Droid Fighter.ldr
0 Tri-Droid Fighter
0 Name: Tri-Droid Fighter.ldr
0 Author: R Paluczak
0 Unofficial Model
0 ROTATION CENTER 0 246.203 40.063 1 "Custom" 
0 ROTATION CONFIG 0 0
1 272 0 32 0 -1 0 0 0 0 -1 0 -1 0 32125.dat
1 272 0 32.1 -225.499 1 0 0 0 0 -1 0 1 0 32125.dat
1 71 0 32.102 -245.2 1 0 0 0 0 -1 0 1 0 4032b.dat
1 71 0 32.099 -367.6 1 0 0 0 0 -1 0 1 0 30374.dat
1 72 0 32.099 -293.2 1 0 0 0 0 -1 0 1 0 3942c.dat
1 0 26.239 47.151 -233.201 0.866025 0 0.5 0.5 0 -0.866025 0 1 0 30383.dat
1 0 56.588 64.671 -258.445 0.484275 -0.717968 -0.5 0.279596 -0.414519 0.866025 -0.829038 -0.559193 0 30383.dat
1 272 50.842 61.355 -262.919 -0.484275 -0.717968 0.5 -0.279596 -0.414519 -0.866025 0.829038 -0.559193 0 44302.dat
1 272 -0.001 12 -44.001 1 0 0 0 0 -1 0 1 0 2476a.dat
1 272 -0.001 52 -44 1 0 0 0 0 -1 0 1 0 2476a.dat
1 71 -10 32 -52 0 0 -1 -1 0 0 0 1 0 44822.dat
1 71 10 32 -52 0 0 -1 -1 0 0 0 1 0 44822.dat
1 40 10 32.001 -58 0 0 -1 -1 0 0 0 1 0 50747.dat
1 40 -10 32.001 -58 0 0 1 1 0 0 0 1 0 50747.dat
1 72 0 32 37.3 0 0 -1 1 0 0 0 -1 0 6188.dat
1 71 0 32 -6.7 0 0 -1 0 -1 0 -1 0 0 4519.dat
1 72 0 32.001 -245.399 0 0 -1 0 1 0 1 0 0 6587.dat
1 71 -0.029 31.154 -205.401 0 0.529919 -0.848048 0 0.848047 0.529919 1 0 0 32015.dat
1 4 -24.96 14.126 -205.398 -0.819152 0.573577 0 -0.573577 -0.819152 0 0 0 1 32062.dat
1 4 23.96 16.167 -205.4 0.848048 0.529919 0 -0.529919 0.848047 0 0 0 1 32062.dat
1 36 -32.662 7.876 -205.402 0.573576 0.819152 0 -0.819152 0.573576 0 0 0 1 41669.dat
1 36 33.938 9.777 -205.402 0.529919 -0.848047 0 0.848048 0.529919 0 0 0 1 41669.dat
1 272 43.301 57.001 -8.001 0.866025 0 -0.5 0.5 0 0.866025 0 -1 0 44302.dat
1 272 88.116 62.089 -41.086 0.612372 -0.5 0.612372 0.353553 0.866025 0.353553 -0.707107 0 0.707107 3068b.dat
1 272 113.711 76.866 -85.443 0.324419 -0.5 0.802965 0.187303 0.866025 0.463592 -0.927184 0 0.374607 51739.dat
1 272 95.763 107.956 -85.442 -0.324419 0.5 0.802965 -0.187303 -0.866025 0.463592 0.927184 0 0.374607 51739.dat
1 0 43.301 57 -16 0.866025 0 -0.5 0.5 0 0.866025 0 -1 0 32529.dat
1 379 93.815 86.163 -24.116 -0.612372 -0.612372 0.5 -0.353553 -0.353553 -0.866025 0.707107 -0.707107 0 30386.dat
1 379 79.119 77.679 -41.086 -0.612372 -0.612372 0.5 -0.353553 -0.353553 -0.866025 0.707107 -0.707107 0 52107.dat
1 379 43.301 57.001 31.999 -0.866025 0 0.5 -0.5 0 -0.866025 0 -1 0 52107.dat
1 72 43.301 57 40 -0.866025 0 0.5 -0.5 0 -0.866025 0 -1 0 3794b.dat
1 38 43.301 57.001 48 -0.866025 0 0.5 -0.5 0 -0.866025 0 -1 0 4740.dat
1 379 56.39 34.532 -17.999 -0.866025 -0.5 0 -0.5 0.866025 0 0 0 -1 47456.dat
1 379 30.388 79.568 -18.001 0.866025 0.5 0 0.5 -0.866025 0 0 0 -1 47456.dat
1 71 34.641 52 8 -0.866025 0 0.5 -0.5 0 -0.866025 0 -1 0 3623.dat
1 72 51.962 62 0 -0.866025 0 0.5 -0.5 0 -0.866025 0 -1 0 6141.dat
1 272 70.066 93.355 -41.086 -0.612372 0.5 0.612372 -0.353553 -0.866025 0.353553 0.707107 0 0.707107 3068b.dat
1 379 85.584 60.629 -233.592 -0.622967 -0.5 0.601592 -0.35967 0.866025 0.347329 -0.694658 0 -0.71934 3068b.dat
1 379 91.022 84.553 -250.857 0.622967 -0.601592 0.5 0.35967 -0.347329 -0.866025 0.694658 0.71934 0 30386.dat
1 379 76.585 76.216 -233.593 0.622967 -0.601592 0.5 0.35967 -0.347329 -0.866025 0.694658 0.71934 0 52107.dat
1 379 67.534 91.89 -233.593 0.622967 0.5 0.601592 0.35967 -0.866025 0.347329 0.694658 0 -0.71934 3068b.dat
1 0 122.085 81.702 -137.779 -0.0151142 -0.5 0.865894 -0.0087262 0.866025 0.499924 -0.999848 0 -0.0174524 3068b.dat
1 0 104.032 112.966 -137.779 0.0151142 0.5 0.865894 0.0087262 -0.866025 0.499924 0.999848 0 -0.0174524 3068b.dat
1 379 123.903 103.534 -76.489 -0.324419 -0.802965 0.5 -0.187303 -0.463592 -0.866025 0.927184 -0.374607 0 30386.dat
1 379 104.631 92.407 -85.48 -0.324419 -0.802965 0.5 -0.187303 -0.463592 -0.866025 0.927184 -0.374607 0 52107.dat
1 379 112.258 76.028 -189.784 -0.352244 -0.5 0.791154 -0.203368 0.866025 0.456773 -0.913545 0 -0.406737 51739.dat
1 379 94.308 107.121 -189.785 0.352244 0.5 0.791154 0.203368 -0.866025 0.456773 0.913545 0 -0.406737 51739.dat
1 379 122.168 102.534 -199.506 0.352244 -0.791154 0.5 0.203368 -0.456773 -0.866025 0.913545 0.406737 0 30386.dat
1 379 103.18 91.571 -189.744 0.352244 -0.791154 0.5 0.203368 -0.456773 -0.866025 0.913545 0.406737 0 52107.dat
1 0 133.867 109.289 -138.195 0.0151142 -0.865894 0.5 0.0087262 -0.499924 -0.866025 0.999848 0.0174524 0 30386.dat
1 72 140.944 113.376 -128.337 -0.5 -0.865894 0.0151142 0.866025 -0.499924 0.0087262 0 0.0174524 0.999848 2555.dat
1 72 146.257 116.438 -120.441 -0.5 -0.0151142 -0.865894 0.866025 -0.0087262 -0.499924 0 -0.999848 0.0174524 30374.dat
1 36 145.107 115.778 -196.43 0.5 0.0151142 -0.865894 -0.866025 0.0087262 -0.499924 0 0.999848 0.0174524 6188.dat
1 0 113.086 97.288 -137.779 0.0151142 -0.865894 0.5 0.0087262 -0.499924 -0.866025 0.999848 0.0174524 0 52107.dat
1 0 -26.241 47.149 -233.2 -0.866025 0 0.5 0.5 0 0.866025 0 1 0 30383.dat
1 0 -56.588 64.671 -258.445 -0.484275 0.717968 -0.5 0.279596 -0.414519 -0.866025 -0.829038 -0.559193 0 30383.dat
1 272 -50.845 61.354 -262.919 0.484275 0.717968 0.5 -0.279596 -0.414519 0.866025 0.829038 -0.559193 0 44302.dat
1 272 -43.301 57.001 -8.001 -0.866025 0 -0.5 0.5 0 -0.866025 0 -1 0 44302.dat
1 272 -70.117 93.268 -41.087 -0.612372 -0.5 -0.612372 0.353553 -0.866025 0.353553 -0.707107 0 0.707107 3068b.dat
1 272 -95.711 108.044 -85.444 -0.324419 -0.5 -0.802965 0.187303 -0.866025 0.463592 -0.927184 0 0.374607 51739.dat
1 272 -113.661 76.953 -85.445 0.324419 0.5 -0.802965 -0.187303 0.866025 0.463592 0.927184 0 0.374607 51739.dat
1 0 -43.301 57 -16 -0.866025 0 -0.5 0.5 0 -0.866025 0 -1 0 32529.dat
1 379 -93.815 86.163 -24.116 0.612372 0.612372 0.5 -0.353553 -0.353553 0.866025 0.707107 -0.707107 0 30386.dat
1 379 -79.119 77.679 -41.086 0.612372 0.612372 0.5 -0.353553 -0.353553 0.866025 0.707107 -0.707107 0 52107.dat
1 379 -43.301 57.001 31.999 0.866025 0 0.5 -0.5 0 0.866025 0 -1 0 52107.dat
1 72 -43.301 57 40 0.866025 0 0.5 -0.5 0 0.866025 0 -1 0 3794b.dat
1 38 -43.301 57.001 48 0.866025 0 0.5 -0.5 0 0.866025 0 -1 0 4740.dat
1 379 -30.387 79.568 -18 0.866025 -0.5 0 -0.5 -0.866025 0 0 0 -1 47456.dat
1 379 -56.389 34.532 -18 -0.866025 0.5 0 0.5 0.866025 0 0 0 -1 47456.dat
1 71 -34.641 52 8 0.866025 0 0.5 -0.5 0 0.866025 0 -1 0 3623.dat
1 72 -51.962 62 0 0.866025 0 0.5 -0.5 0 0.866025 0 -1 0 6141.dat
1 272 -88.169 62.003 -41.087 0.612372 0.5 -0.612372 -0.353553 0.866025 0.353553 0.707107 0 0.707107 3068b.dat
1 379 -67.584 91.803 -233.592 0.622967 -0.5 -0.601592 -0.35967 -0.866025 0.347329 -0.694658 0 -0.71934 3068b.dat
1 379 -91.024 84.552 -250.856 -0.622967 0.601592 0.5 0.35967 -0.347329 0.866025 0.694658 0.71934 0 30386.dat
1 379 -76.585 76.216 -233.593 -0.622967 0.601592 0.5 0.35967 -0.347329 0.866025 0.694658 0.71934 0 52107.dat
1 379 -85.634 60.541 -233.593 -0.622967 0.5 -0.601592 0.35967 0.866025 0.347329 0.694658 0 -0.71934 3068b.dat
1 0 -104.086 112.877 -137.779 0.0151142 -0.5 -0.865894 -0.0087262 -0.866025 0.499924 -0.999848 0 -0.0174524 3068b.dat
1 0 -122.135 81.613 -137.78 -0.0151142 0.5 -0.865894 0.0087262 0.866025 0.499924 0.999848 0 -0.0174524 3068b.dat
1 379 -123.903 103.534 -76.489 0.324419 0.802965 0.5 -0.187303 -0.463592 0.866025 0.927184 -0.374607 0 30386.dat
1 379 -104.631 92.407 -85.48 0.324419 0.802965 0.5 -0.187303 -0.463592 0.866025 0.927184 -0.374607 0 52107.dat
1 379 -94.259 107.205 -189.784 0.352244 -0.5 -0.791154 -0.203368 -0.866025 0.456773 -0.913545 0 -0.406737 51739.dat
1 379 -112.211 76.114 -189.784 -0.352244 0.5 -0.791154 0.203368 0.866025 0.456773 0.913545 0 -0.406737 51739.dat
1 379 -122.168 102.534 -199.506 -0.352244 0.791154 0.5 0.203368 -0.456773 0.866025 0.913545 0.406737 0 30386.dat
1 379 -103.18 91.571 -189.744 -0.352244 0.791154 0.5 0.203368 -0.456773 0.866025 0.913545 0.406737 0 52107.dat
1 0 -133.867 109.289 -138.195 -0.0151142 0.865894 0.5 0.0087262 -0.499924 0.866025 0.999848 0.0174524 0 30386.dat
1 72 -140.943 113.373 -128.336 -0.5 0.865894 -0.0151142 -0.866025 -0.499924 0.0087262 0 0.0174524 0.999848 2555.dat
1 72 -146.257 116.443 -120.441 -0.5 0.0151142 0.865894 -0.866025 -0.0087262 -0.499924 0 -0.999848 0.0174524 30374.dat
1 36 -145.107 115.777 -196.429 0.5 -0.0151142 0.865894 0.866025 0.0087262 -0.499924 0 0.999848 0.0174524 6188.dat
1 0 -113.086 97.29 -137.778 -0.0151142 0.865894 0.5 0.0087262 -0.499924 0.866025 0.999848 0.0174524 0 52107.dat
1 0 0 1.699 -233.201 0 0 -1 -1 0 0 0 1 0 30383.dat
1 0 0 -33.341 -258.445 0 0 1 -0.559193 0.829038 0 -0.829038 -0.559193 0 30383.dat
1 272 0 -26.711 -262.92 0 0 -1 0.559193 0.829038 0 0.829038 -0.559193 0 44302.dat
1 272 0 -18 -8 0 0 1 -1 0 0 0 -1 0 44302.dat
1 272 -18 -59.356 -41.086 0 1 0 -0.707107 0 -0.707107 -0.707107 0 0.707107 3068b.dat
1 272 -18 -88.911 -85.443 0 1 0 -0.374607 0 -0.927184 -0.927184 0 0.374607 51739.dat
1 272 17.9 -88.911 -85.443 0 -1 0 0.374607 0 -0.927184 0.927184 0 0.374607 51739.dat
1 0 0 -18 -16.001 0 0 1 -1 0 0 0 -1 0 32529.dat
1 379 0 -76.328 -24.116 0 0 -1 0.707107 0.707107 0 0.707107 -0.707107 0 30386.dat
1 379 0 -59.356 -41.086 0 0 -1 0.707107 0.707107 0 0.707107 -0.707107 0 52107.dat
1 379 0 -18.001 32.001 0 0 -1 1 0 0 0 -1 0 52107.dat
1 72 0 -17.999 39.999 0 0 -1 1 0 0 0 -1 0 3794b.dat
1 38 0 -18.001 48 0 0 -1 1 0 0 0 -1 0 4740.dat
1 379 -26 -18.1 -18 0 1 0 1 0 0 0 0 -1 47456.dat
1 379 26 -18.1 -18 0 -1 0 -1 0 0 0 0 -1 47456.dat
1 71 0 -8.002 8 0 0 -1 1 0 0 0 -1 0 3623.dat
1 72 0 -28 0 0 0 -1 1 0 0 0 -1 0 6141.dat
1 272 18.1 -59.356 -41.086 0 -1 0 0.707107 0 -0.707107 0.707107 0 0.707107 3068b.dat
1 379 -18 -56.432 -233.591 0 1 0 0.71934 0 -0.694658 -0.694658 0 -0.71934 3068b.dat
1 379 0 -73.104 -250.857 0 0 -1 -0.71934 0.694658 0 0.694658 0.71934 0 30386.dat
1 379 0 -56.432 -233.591 0 0 -1 -0.71934 0.694658 0 0.694658 0.71934 0 52107.dat
1 379 18.1 -56.432 -233.591 0 -1 0 -0.71934 0 -0.694658 0.694658 0 -0.71934 3068b.dat
1 0 -18 -98.579 -137.78 0 1 0 0.0174524 0 -0.999848 -0.999848 0 -0.0174524 3068b.dat
1 0 18.1 -98.579 -137.78 0 -1 0 -0.0174524 0 -0.999848 0.999848 0 -0.0174524 3068b.dat
1 379 0 -111.069 -76.488 0 0 -1 0.374607 0.927184 0 0.927184 -0.374607 0 30386.dat
1 379 0 -88.82 -85.481 0 0 -1 0.374607 0.927184 0 0.927184 -0.374607 0 52107.dat
1 379 -18 -87.235 -189.785 0 1 0 0.406737 0 -0.913545 -0.913545 0 -0.406737 51739.dat
1 379 17.9 -87.235 -189.785 0 -1 0 -0.406737 0 -0.913545 0.913545 0 -0.406737 51739.dat
1 272 -124.292 73.836 -193.754 -0.352244 0.5 -0.791154 0.203368 0.866025 0.456773 0.913545 0 -0.406737 3069bps8.dat
1 272 -98.19 119.041 -193.754 -0.352244 -0.5 0.791154 0.203368 -0.866025 -0.456773 0.913545 0 0.406737 3069b.dat
1 272 26 -96.407 -193.754 0 -1 0 -0.406737 0 -0.913545 0.913545 0 -0.406737 3069bps8.dat
1 272 -26.2 -96.406 -193.754 0 1 0 -0.406737 0 0.913545 0.913545 0 0.406737 3069bps8.dat
1 272 98.29 118.869 -193.755 0.352244 0.5 0.791154 0.203368 -0.866025 0.456773 0.913545 0 -0.406737 3069b.dat
1 272 124.39 73.664 -193.756 0.352244 -0.5 -0.791154 0.203368 0.866025 -0.456773 0.913545 0 0.406737 3069bps8.dat
1 379 0 -109.068 -199.506 0 0 -1 -0.406737 0.913545 0 0.913545 0.406737 0 30386.dat
1 379 0 -87.143 -189.745 0 0 -1 -0.406737 0.913545 0 0.913545 0.406737 0 52107.dat
1 0 0 -122.576 -138.195 0 0 -1 -0.0174524 0.999848 0 0.999848 0.0174524 0 30386.dat
1 72 0 -130.745 -128.338 1 0 0 0 0.999848 -0.0174524 0 0.0174524 0.999848 2555.dat
1 72 0 -136.884 -120.441 1 0 0 0 0.0174524 0.999848 0 -0.999848 0.0174524 30374.dat
1 36 0 -135.555 -196.429 -1 0 0 0 -0.0174524 0.999848 0 0.999848 0.0174524 6188.dat
1 36 0 34.444 -364.429 -1 0 0 0 -0.0174524 0.999848 0 0.999848 0.0174524 6188.dat
1 0 0 -98.579 -137.78 0 0 -1 -0.0174524 0.999848 0 0.999848 0.0174524 0 52107.dat
1 71 0 32 -22 -1 0 0 0 -1 0 0 0 1 4185.dat
1 71 0 32.001 -31.901 -1 0 0 0 -1 0 0 0 1 4185.dat
1 71 0 32 -12 -1 0 0 0 -1 0 0 0 1 32123b.dat
0
0 FILE Obi-Wan Kenobi.ldr
0 Obi-Wan Kenobi
0 Name: Obi-Wan Kenobi.ldr
0 Author: R Paluczak
0 Unofficial Model
0 ROTATION CENTER 0 0 0 1 "Custom" 
0 ROTATION CONFIG 0 0
1 484 0 -24 0 1 0 0 0 1 0 0 0 1 3901.dat
1 78 0 -24 0 1 0 0 0 1 0 0 0 1 3626bps9.dat
1 19 0 0 0 1 0 0 0 1 0 0 0 1 973ps2.dat
1 19 0 32 0 1 0 0 0 1 0 0 0 1 3815.dat
1 19 -15.552 9 0 0.985 -0.17 0 0.17 0.985 0 0 0 1 3818.dat
1 19 15.552 9 0 0.985 0.17 0 -0.17 0.985 0 0 0 1 3819.dat
1 78 -23.8634 26.5956 -10.321 0.985 -0.12019 0.12019 0.17 0.696395 -0.696395 0 0.707 0.707 3820.dat
1 78 23.8634 26.5956 -10.321 0.985 0.12019 -0.12019 -0.17 0.696395 -0.696395 0 0.707 0.707 3820.dat
1 43 -23.1951 22.7236 -33.8217 0.985 -0.0874983 0.14567 0.17 0.506976 -0.844031 0 0.856884 0.514696 577c01.dat
1 484 0 44 0 1 0 0 0 1 0 0 0 1 3816.dat
1 484 0 44 0 1 0 0 0 1 0 0 0 1 3817.dat
0
0 FILE Anakin Skywalker.ldr
0 Anakin Skywalker
0 Name: Anakin Skywalker.ldr
0 Author: R Paluczak
0 Unofficial Model
0 ROTATION CENTER 0 0 0 1 "Custom" 
0 ROTATION CONFIG 0 0
1 86 0 -24 0 1 0 0 0 1 0 0 0 1 30171.dat
1 78 0 -24 0 1 0 0 0 1 0 0 0 1 3626bp69.dat
1 0 0 0 0 1 0 0 0 1 0 0 0 1 973pr3.dat
1 0 0 32 0 1 0 0 0 1 0 0 0 1 3815.dat
1 0 -15.552 9 0 0.985 -0.17 0 0.17 0.985 0 0 0 1 3818.dat
1 0 15.552 9 0 0.985 0.17 0 -0.17 0.985 0 0 0 1 3819.dat
1 0 -23.8634 26.5956 -10.321 0.985 -0.12019 0.12019 0.17 0.696395 -0.696395 0 0.707 0.707 3820.dat
1 78 23.8634 26.5956 -10.321 0.985 0.12019 -0.12019 -0.17 0.696395 -0.696395 0 0.707 0.707 3820.dat
1 43 -23.1951 22.7236 -33.8217 0.985 -0.0874983 0.14567 0.17 0.506976 -0.844031 0 0.856884 0.514696 577c01.dat
1 0 0 44 0 1 0 0 0 1 0 0 0 1 3816.dat
1 0 0 44 0 1 0 0 0 1 0 0 0 1 3817.dat
0
0 FILE Buzz Droid.ldr
0 Buzz Droid
0 Name: Buzz Droid.ldr
0 Author: R Paluczak
0 Unofficial Model
0 ROTATION CENTER 0 0 0 1 "Custom" 
0 ROTATION CONFIG 0 0
1 72 -50 12 0 1 0 0 0 1 0 0 0 1 30376.dat
1 72 -50 -23.16 -67.419 1 0 0 0 -0.707107 -0.707107 0 0.707107 -0.707107 30194.dat
1 71 -50 -46.583 5.063 1 0 0 0 0.34202 -0.939693 0 0.939693 0.34202 2540.dat
1 71 -49.971 -51.02 -12.477 0 -0.529919 0.848048 -0.34202 0.796904 0.497961 -0.939693 -0.290049 -0.181243 32015.dat
1 4 -23.939 -66.177 -6.961 0.819152 -0.573577 0 -0.538986 -0.769751 -0.34202 0.196175 0.280166 -0.939693 32062.dat
1 4 -73.958 -65.103 -7.352 -0.848048 -0.529919 0 -0.497961 0.796904 -0.34202 0.181243 -0.290049 -0.939693 32062.dat
1 72 -50 -49.32 -2.456 1 0 0 0 0.34202 -0.939693 0 0.939693 0.34202 3794b.dat
1 72 -95.936 -78.008 -2.654 -0.529919 0.848048 0 0.796904 0.497961 -0.34202 -0.290049 -0.181243 -0.939693 30367c.dat
1 72 -6.115 -80.8 -1.638 -0.587785 -0.809017 0 -0.760227 0.552337 -0.34202 0.2767 -0.201034 -0.939693 30367c.dat
1 72 -50 -56.194 -21.342 0 0 1 -0.939693 -0.34202 0 0.34202 -0.939693 0 3794b.dat
1 71 -50 -49.531 -32.28 -1 0 0 0 -0.34202 -0.939693 0 -0.939693 0.34202 4085c.dat
1 38 -50 -52.268 -39.799 -1 0 0 0 -0.34202 -0.939693 0 -0.939693 0.34202 4073.dat
1 38 -50 -68.327 -25.441 -1 0 0 0 -0.34202 -0.939693 0 -0.939693 0.34202 4073.dat
0 
0 
0 
0 
0
0 FILE Obi-Wan's Eta-2 Actis.ldr
0 Obi-Wan's Eta-2 Actis
0 Name: Obi-Wan's Eta-2 Actis.ldr
0 Author: R Paluczak
0 Unofficial Model
0 ROTATION CENTER 0 0 0 1 "Custom" 
0 ROTATION CONFIG 0 0
1 72 -40 8 20.001 -1 0 0 0 1 0 0 0 -1 3795.dat
1 72 -131.729 -125.479 -39.999 0.920505 -0.390731 0 0.390731 0.920505 0 0 0 1 Obi-Wan's Eta-2 Actis Right Wing.ldr
1 72 -114 -55.1624 -39.999 0.920505 0.390731 0 -0.390731 0.920505 0 0 0 1 Obi-Wan's Eta-2 Actis Left Wing.ldr
1 72 0 8 59.999 -1 0 0 0 1 0 0 0 -1 3022.dat
1 72 -80.002 8 59.998 -1 0 0 0 1 0 0 0 -1 3022.dat
1 72 -90 -16 40.002 0 0 -1 0 1 0 1 0 0 3010.dat
1 72 10 -16 40 0 0 -1 0 1 0 1 0 0 3010.dat
1 72 -10 -40 0 0 0 -1 0 1 0 1 0 0 3010.dat
1 72 -70 -40 0 0 0 -1 0 1 0 1 0 0 3010.dat
1 0 10 -40 50 0 0 -1 0 1 0 1 0 0 4286.dat
1 0 -90 -40 50 0 0 1 0 1 0 -1 0 0 4286.dat
1 0 -90 -40 20 0 0 1 0 1 0 -1 0 0 30365.dat
1 0 10 -40 20 0 0 1 0 1 0 -1 0 0 30365.dat
1 0 -90 -24 -120 0 0 -1 0 1 0 1 0 0 30383.dat
1 0 10 -24 -120 0 0 -1 0 1 0 1 0 0 30383.dat
1 71 10 -40 -60 0 0 -1 0 1 0 1 0 0 30387.dat
1 71 -90 -40 -60 0 0 -1 0 1 0 1 0 0 30387.dat
1 72 0 -40 70 -1 0 0 0 1 0 0 0 -1 32064b.dat
1 72 -40 -56 -30 -1 0 0 0 1 0 0 0 -1 32064b.dat
1 72 -40 -80 130 -1 0 0 0 1 0 0 0 -1 32064b.dat
1 72 -40 -48 130 -1 0 0 0 1 0 0 0 -1 3937.dat
1 0 -40 -48 130 1 0 0 0 1 0 0 0 1 6134.dat
1 14 -40 -56 140 -1 0 0 0 1 0 0 0 -1 3020.dat
1 320 -10 -64 130 -1 0 0 0 1 0 0 0 -1 3024.dat
1 320 -70 -64 130 -1 0 0 0 1 0 0 0 -1 3024.dat
1 72 -80 -40 70 -1 0 0 0 1 0 0 0 -1 32064b.dat
1 72 -80 -30 90 0 0 -1 0 1 0 1 0 0 6587.dat
1 72 0 -30 90 0 0 -1 0 1 0 1 0 0 6587.dat
1 72 -40 -66 -27.9 0 0 -1 0 1 0 1 0 0 6587.dat
1 72 -40 -70 132.1 0 0 -1 0 1 0 1 0 0 6587.dat
1 71 -40 -66 10.1 -1 0 0 0 0 -1 0 -1 0 4592c01.dat
1 0 -40 -46.1 -20 0 0 -1 0 1 0 1 0 0 32062.dat
1 0 -40 -66.2 -15 -1 0 0 0 0 1 0 1 0 41677.dat
1 0 -40 -66.2 -5 -1 0 0 0 0 1 0 1 0 41677.dat
1 71 -10.002 -16 50 0 0 -1 0 1 0 1 0 0 3622.dat
1 71 -70 -16 49.998 0 0 -1 0 1 0 1 0 0 3622.dat
1 71 -40.001 -16 40.001 0 0 -1 0 1 0 1 0 0 30389b.dat
1 71 -40 -24 60 0 0 -1 0 1 0 1 0 0 3034.dat
1 70 -40 -32 40 1 0 0 0 1 0 0 0 1 4079.dat
1 71 -10 -48 20 0 0 -1 0 1 0 1 0 0 3666.dat
1 71 -70 -48 20 0 0 -1 0 1 0 1 0 0 3666.dat
1 71 10 -48 40 0 0 -1 0 1 0 1 0 0 44568.dat
1 71 -90 -48 40 0 0 1 0 1 0 -1 0 0 44568.dat
1 43 -80 -30 128 0 0 -1 1 0 0 0 -1 0 6141.dat
1 19 -40 -32 -10 0 0 -1 0 1 0 1 0 0 3021.dat
1 19 -40 -56 10 0 0 -1 0 1 0 1 0 0 3044b.dat
1 72 -40 -24 -30 -1 0 0 0 1 0 0 0 -1 3023.dat
1 71 -40.003 -8 100.001 0 0 1 0 1 0 -1 0 0 44302.dat
1 71 -40.003 0 100.001 0 0 -1 0 1 0 1 0 0 44302.dat
1 72 -40.002 8 109.999 0 0 -1 0 1 0 1 0 0 44300.dat
1 72 -40.003 -16 100.001 0 0 -1 0 1 0 1 0 0 2412b.dat
1 72 -40 -24 -30 -1 0 0 0 1 0 0 0 -1 3023.dat
1 72 -40.003 -16 100.001 0 0 -1 0 1 0 1 0 0 2412b.dat
1 72 -10.003 -56 -19.999 0 0 -1 0 1 0 1 0 0 2412b.dat
1 72 -40.003 -96 130.001 1 0 0 0 1 0 0 0 1 2412b.dat
1 0 -50 -96 130 0 0 1 0 1 0 -1 0 0 6091.dat
1 0 -30 -96 130 0 0 -1 0 1 0 1 0 0 6091.dat
1 40 -40 -56 60 0 0 -1 0 1 0 1 0 0 50986.dat
1 72 -70.003 -56 -19.999 0 0 -1 0 1 0 1 0 0 2412b.dat
1 72 0 -56 20 0 0 -1 0 1 0 1 0 0 3068b.dat
1 72 -80 -56 20 0 0 -1 0 1 0 1 0 0 3068b.dat
1 72 -80 -56 80 -1 0 0 0 1 0 0 0 -1 41770.dat
1 72 0 -56 80 -1 0 0 0 1 0 0 0 -1 41769.dat
1 71 -20 -16 10 1 0 0 0 1 0 0 0 1 3747a.dat
1 71 -60 -16 10 1 0 0 0 1 0 0 0 1 3747a.dat
1 43 0 -30 128 0 0 -1 1 0 0 0 -1 0 6141.dat
1 71 0 -30 90 0 1 0 1 0 0 0 0 -1 42610.dat
1 71 0 -30 110 0 1 0 1 0 0 0 0 -1 42610.dat
1 71 -80 -30 90 0 1 0 1 0 0 0 0 -1 42610.dat
1 71 -80 -30 110 0 1 0 1 0 0 0 0 -1 42610.dat
1 40 -40.1 -66 -62.5 0 0 1 1 0 0 0 1 0 3960.dat
0
0 FILE Anakin's Eta-2 Actis Left Wing.ldr
0 Anakin's Eta-2 Actis Left Wing
0 Name: Anakin's Eta-2 Actis Left Wing.ldr
0 Author: R Paluczak
0 Unofficial Model
0 ROTATION CENTER 0 0 0 1 "Custom" 
0 ROTATION CONFIG 0 0
1 0 -30 8 0 0 0 -1 0 1 0 1 0 0 3031.dat
1 71 -30.001 8 80.002 0 0 1 0 1 0 -1 0 0 44570.dat
1 71 -50 0 40 0 0 -1 0 1 0 1 0 0 3068bp07.dat
1 71 20 0 -50 0 0 -1 0 1 0 1 0 0 4081b.dat
1 71 40 2 -58 0 0 -1 -1 0 0 0 1 0 4095.dat
1 71 40 2 -66 0 0 1 -1 0 0 0 -1 0 3062b.dat
1 71 40 2 -176 0 0 -1 -1 0 0 0 1 0 3062b.dat
1 72 40 2.1 -183.9 0 0 -1 -1 0 0 0 1 0 6141.dat
1 43 40 2 -208 0 0 -1 -1 0 0 0 1 0 6188.dat
1 71 -100 0 30 0 0 1 0 1 0 -1 0 0 4081b.dat
1 71 -100 0 50 0 0 1 0 1 0 -1 0 0 4081b.dat
1 71 0 0 -30 0 0 1 0 1 0 -1 0 0 2420.dat
1 72 -70 0 -20 0 0 1 0 1 0 -1 0 0 30503.dat
1 0 -10 8 -80 0 0 1 0 1 0 -1 0 0 30503.dat
1 0 -100 8 40 0 0 1 0 1 0 -1 0 0 3710.dat
1 72 -70 0 100 -1 0 0 0 1 0 0 0 -1 30503.dat
1 19 -60 -8 100 0 0 1 0 1 0 -1 0 0 2412b.dat
1 72 -100 -8 40 0 0 1 0 1 0 -1 0 0 2431.dat
1 72 -120 1.7 62.1 1 0 0 0 0 1 0 -1 0 4085c.dat
1 0 -120 -18.3 80 1 0 0 0 0 1 0 -1 0 30374.dat
1 0 -120 21.7 80 1 0 0 0 0 1 0 -1 0 30374.dat
1 72 -120 1.7 70 -1 0 0 0 0 -1 0 -1 0 4085c.dat
1 72 -120 1.7 17.9 -1 0 0 0 0 1 0 1 0 4085c.dat
1 72 -120 1.7 10 1 0 0 0 0 -1 0 1 0 4085c.dat
1 19 -30 -8 100 0 0 1 0 1 0 -1 0 0 4150.dat
1 72 -20 0 40 0 0 1 0 1 0 -1 0 0 4477.dat
1 14 10 0 10 -1 0 0 0 1 0 0 0 -1 43722.dat
1 14 -20 0 -140 1 0 0 0 1 0 0 0 1 50304.dat
1 14 -120 -18.4 -20 0.866025 0 0.5 0.5 0 -0.866025 0 1 0 51000.dat
1 14 -120 21.6 100 0.866025 0 0.5 -0.5 0 0.866025 0 -1 0 51000.dat
1 14 20 0 -140 0 0 -1 0 1 0 1 0 0 4162.dat
1 14 0 -8 60 0 0 -1 0 1 0 1 0 0 4162.dat
1 14 20 -24 -30 1 0 0 0 1 0 0 0 1 43711.dat
1 0 -40 0 -70 0 0 1 0 1 0 -1 0 0 42446.dat
1 71 -60 10.2 -70 0 1 0 -1 0 0 0 0 1 58367.dat
0
0 FILE Anakin's Eta-2 Actis Right Wing.ldr
0 Anakin's Eta-2 Actis Right Wing
0 Name: Anakin's Eta-2 Actis Right Wing.ldr
0 Author: R Paluczak
0 Unofficial Model
0 ROTATION CENTER 0 0 0 1 "Custom" 
0 ROTATION CONFIG 0 0
1 0 210 8 0 0 0 -1 0 1 0 1 0 0 3031.dat
1 71 209.999 8 80.002 0 0 -1 0 1 0 1 0 0 44570.dat
1 71 230 0 40 0 0 1 0 1 0 -1 0 0 3068bp07.dat
1 71 160 0 -50 0 0 1 0 1 0 -1 0 0 4081b.dat
1 71 140 2 -58 0 0 -1 -1 0 0 0 1 0 4095.dat
1 71 140 2 -66 0 0 1 -1 0 0 0 -1 0 3062b.dat
1 71 140 2 -176 0 0 -1 -1 0 0 0 1 0 3062b.dat
1 72 140 2.1 -183.9 0 0 -1 -1 0 0 0 1 0 6141.dat
1 43 140 2 -208 0 0 -1 -1 0 0 0 1 0 6188.dat
1 71 280 0 50 0 0 -1 0 1 0 1 0 0 4081b.dat
1 71 280 0 30 0 0 -1 0 1 0 1 0 0 4081b.dat
1 71 180 0 -30 -1 0 0 0 1 0 0 0 -1 2420.dat
1 72 250 0 -20 1 0 0 0 1 0 0 0 1 30503.dat
1 0 190 8 -80 1 0 0 0 1 0 0 0 1 30503.dat
1 0 280 8 40 0 0 1 0 1 0 -1 0 0 3710.dat
1 72 250 0 100 0 0 -1 0 1 0 1 0 0 30503.dat
1 19 240 -8 100 0 0 1 0 1 0 -1 0 0 2412b.dat
1 72 280 -8 40 0 0 -1 0 1 0 1 0 0 2431.dat
1 72 300 1.7 22.1 -1 0 0 0 0 1 0 1 0 4085c.dat
1 0 300 -18.3 0 -1 0 0 0 0 1 0 1 0 30374.dat
1 0 300 21.7 0 -1 0 0 0 0 1 0 1 0 30374.dat
1 72 300 1.7 14.199 1 0 0 0 0 -1 0 1 0 4085c.dat
1 72 300 1.7 62.1 1 0 0 0 0 1 0 -1 0 4085c.dat
1 72 300 1.7 70 -1 0 0 0 0 -1 0 -1 0 4085c.dat
1 19 210 -8 100 0 0 1 0 1 0 -1 0 0 4150.dat
1 72 200 0 40 0 0 1 0 1 0 -1 0 0 4477.dat
1 14 170 0 10 -1 0 0 0 1 0 0 0 -1 43723.dat
1 14 200 0 -140 1 0 0 0 1 0 0 0 1 50305.dat
1 14 300 -18.4 100 -0.866025 0 -0.5 0.5 0 -0.866025 0 -1 0 51000.dat
1 14 300 21.6 -20 -0.866025 0 -0.5 -0.5 0 0.866025 0 1 0 51000.dat
1 14 160 0 -140 0 0 -1 0 1 0 1 0 0 4162.dat
1 14 180 -8 60 0 0 -1 0 1 0 1 0 0 4162.dat
1 14 160 -24 -30 1 0 0 0 1 0 0 0 1 43710.dat
1 15 190 -8 -120 1 0 0 0 1 0 0 0 1 4150ps6.dat
1 15 210 -24 -40 1 0 0 0 1 0 0 0 1 30367bps1.dat
1 0 220 0 -70 0 0 -1 0 1 0 1 0 0 42446.dat
1 71 240 10.2 -70 0 -1 0 1 0 0 0 0 1 58367.dat
0
0 FILE Obi-Wan's Eta-2 Actis Left Wing.ldr
0 Obi-Wan's Eta-2 Actis Left Wing
0 Name: Obi-Wan's Eta-2 Actis Left Wing.ldr
0 Author: R Paluczak
0 Unofficial Model
0 ROTATION CENTER 0 0 0 1 "Custom" 
0 ROTATION CONFIG 0 0
1 0 -30 8 0 0 0 -1 0 1 0 1 0 0 3031.dat
1 71 -30.001 8 80.002 0 0 1 0 1 0 -1 0 0 44570.dat
1 71 -50 0 40 0 0 -1 0 1 0 1 0 0 3068bp07.dat
1 71 20 0 -50 0 0 -1 0 1 0 1 0 0 4081b.dat
1 72 40 2 -58 0 0 -1 -1 0 0 0 1 0 4095.dat
1 72 40 2 -66 0 0 1 -1 0 0 0 -1 0 3062b.dat
1 72 40 2 -176 0 0 -1 -1 0 0 0 1 0 3062b.dat
1 71 40 2.1 -183.9 0 0 -1 -1 0 0 0 1 0 6141.dat
1 43 40 2 -208 0 0 -1 -1 0 0 0 1 0 6188.dat
1 71 -100 0 30 0 0 1 0 1 0 -1 0 0 4081b.dat
1 71 -100 0 50 0 0 1 0 1 0 -1 0 0 4081b.dat
1 71 0 0 -30 0 0 1 0 1 0 -1 0 0 2420.dat
1 71 -70 0 -20 0 0 1 0 1 0 -1 0 0 30503.dat
1 72 -10 8 -80 0 0 1 0 1 0 -1 0 0 30503.dat
1 0 -100 8 40 0 0 1 0 1 0 -1 0 0 3710.dat
1 71 -70 0 100 -1 0 0 0 1 0 0 0 -1 30503.dat
1 320 -60 -8 100 0 0 1 0 1 0 -1 0 0 2412b.dat
1 72 -100 -8 40 0 0 1 0 1 0 -1 0 0 2431.dat
1 72 -120 1.7 62.1 1 0 0 0 0 1 0 -1 0 4085c.dat
1 0 -120 -18.3 80 1 0 0 0 0 1 0 -1 0 30374.dat
1 0 -120 21.7 80 1 0 0 0 0 1 0 -1 0 30374.dat
1 72 -120 1.7 70 -1 0 0 0 0 -1 0 -1 0 4085c.dat
1 72 -120 1.7 17.9 -1 0 0 0 0 1 0 1 0 4085c.dat
1 72 -120 1.7 10 1 0 0 0 0 -1 0 1 0 4085c.dat
1 19 -30 -8 100 0 0 1 0 1 0 -1 0 0 4150.dat
1 72 -20 0 40 0 0 1 0 1 0 -1 0 0 4477.dat
1 71 10 0 10 -1 0 0 0 1 0 0 0 -1 43722.dat
1 320 -20 0 -140 1 0 0 0 1 0 0 0 1 50304.dat
1 320 -120 -18.4 -20 0.866025 0 0.5 0.5 0 -0.866025 0 1 0 51000.dat
1 320 -120 21.6 100 0.866025 0 0.5 -0.5 0 0.866025 0 -1 0 51000.dat
1 320 20 0 -140 0 0 -1 0 1 0 1 0 0 4162.dat
1 320 0 -8 60 0 0 -1 0 1 0 1 0 0 4162.dat
1 320 20 -24 -30 1 0 0 0 1 0 0 0 1 43711.dat
1 0 -40 0 -70 0 0 1 0 1 0 -1 0 0 42446.dat
1 71 -60 10.2 -70 0 1 0 -1 0 0 0 0 1 58367.dat
0
0 FILE Obi-Wan's Eta-2 Actis Right Wing.ldr
0 Obi-Wan's Eta-2 Actis Right Wing
0 Name: Obi-Wan's Eta-2 Actis Right Wing.ldr
0 Author: R Paluczak
0 Unofficial Model
0 ROTATION CENTER 0 0 0 1 "Custom" 
0 ROTATION CONFIG 0 0
1 0 210 8 0 0 0 -1 0 1 0 1 0 0 3031.dat
1 71 209.999 8 80.002 0 0 -1 0 1 0 1 0 0 44570.dat
1 71 230 0 40 0 0 1 0 1 0 -1 0 0 3068bp07.dat
1 71 160 0 -50 0 0 1 0 1 0 -1 0 0 4081b.dat
1 72 140 2 -58 0 0 -1 -1 0 0 0 1 0 4095.dat
1 72 140 2 -66 0 0 1 -1 0 0 0 -1 0 3062b.dat
1 72 140 2 -176 0 0 -1 -1 0 0 0 1 0 3062b.dat
1 71 140 2.1 -183.9 0 0 -1 -1 0 0 0 1 0 6141.dat
1 43 140 2 -208 0 0 -1 -1 0 0 0 1 0 6188.dat
1 71 280 0 50 0 0 -1 0 1 0 1 0 0 4081b.dat
1 71 280 0 30 0 0 -1 0 1 0 1 0 0 4081b.dat
1 71 180 0 -30 -1 0 0 0 1 0 0 0 -1 2420.dat
1 71 250 0 -20 1 0 0 0 1 0 0 0 1 30503.dat
1 72 190 8 -80 1 0 0 0 1 0 0 0 1 30503.dat
1 0 280 8 40 0 0 1 0 1 0 -1 0 0 3710.dat
1 71 250 0 100 0 0 -1 0 1 0 1 0 0 30503.dat
1 320 240 -8 100 0 0 1 0 1 0 -1 0 0 2412b.dat
1 72 280 -8 40 0 0 -1 0 1 0 1 0 0 2431.dat
1 72 300 1.7 22.1 -1 0 0 0 0 1 0 1 0 4085c.dat
1 0 300 -18.3 0 -1 0 0 0 0 1 0 1 0 30374.dat
1 0 300 21.7 0 -1 0 0 0 0 1 0 1 0 30374.dat
1 72 300 1.7 14.199 1 0 0 0 0 -1 0 1 0 4085c.dat
1 72 300 1.7 62.1 1 0 0 0 0 1 0 -1 0 4085c.dat
1 72 300 1.7 70 -1 0 0 0 0 -1 0 -1 0 4085c.dat
1 19 210 -8 100 0 0 1 0 1 0 -1 0 0 4150.dat
1 72 200 0 40 0 0 1 0 1 0 -1 0 0 4477.dat
1 320 170 0 10 -1 0 0 0 1 0 0 0 -1 43723.dat
1 320 200 0 -140 1 0 0 0 1 0 0 0 1 50305.dat
1 320 300 -18.4 100 -0.866025 0 -0.5 0.5 0 -0.866025 0 -1 0 51000.dat
1 320 300 21.6 -20 -0.866025 0 -0.5 -0.5 0 0.866025 0 1 0 51000.dat
1 320 160 0 -140 0 0 -1 0 1 0 1 0 0 4162.dat
1 320 180 -8 60 0 0 -1 0 1 0 1 0 0 4162.dat
1 320 160 -24 -30 1 0 0 0 1 0 0 0 1 43710.dat
1 15 190 -8 -120 1 0 0 0 1 0 0 0 1 4150ps6.dat
1 320 210 -24 -40 1 0 0 0 1 0 0 0 1 30367bps4.dat
1 0 220 0 -70 0 0 -1 0 1 0 1 0 0 42446.dat
1 71 240 10.2 -70 0 -1 0 1 0 0 0 0 1 58367.dat
0
0 FILE Vulture Droid Wing.ldr
0 Vulture Droid Wing
0 Name: Vulture Droid Wing.ldr
0 Author: R Paluczak
0 Unofficial Model
0 ROTATION CENTER 0 0 0 1 "Custom" 
0 ROTATION CONFIG 0 0
1 0 10 -4 0 1 0 0 0 1 0 0 0 1 3031.dat
1 0 10 26 -40 -1 0 0 0 0 1 0 1 0 2436a.dat
1 36 0 26 -63.9 -1 0 0 0 0 1 0 1 0 6188.dat
1 36 20 26 -63.9 -1 0 0 0 0 1 0 1 0 6188.dat
1 72 10 4 -20 0 0 -1 0 1 0 1 0 0 2444.dat
1 72 40 4 -30 0 0 -1 0 1 0 1 0 0 6141.dat
1 72 -20 4 -30 0 0 -1 0 1 0 1 0 0 6141.dat
1 379 -20 -20 0 0 0 1 0 1 0 -1 0 0 30382.dat
1 379 40 -20 0 0 0 -1 0 1 0 1 0 0 30382.dat
1 272 40 -28 0 0 0 -1 0 1 0 1 0 0 6636.dat
1 272 -20 -28 0 0 0 -1 0 1 0 1 0 0 6636.dat
1 72 -0.001 -12 0 0 0 -1 0 1 0 1 0 0 2412b.dat
1 72 20 -12 0 0 0 -1 0 1 0 1 0 0 2412b.dat
0 
0
0
