0 Main
0 Name: 6966-1 - Jedi Starfighter - Mini.mpd
0 Author: LTRON
1 72 -30 0 -20 1 0 0 0 1 0 0 0 1 32000.dat
1 72 -40 10 -10 1 0 0 0 0 -1 0 1 0 3062.dat
1 72 -20 10 -10 1 0 0 0 0 -1 0 1 0 3062.dat
1 71 -40 10 -30 0 -1 0 0 0 -1 1 0 0 4274.dat
1 71 -20 10 -30 0 -1 0 0 0 -1 1 0 0 4274.dat
1 72 -30 0 -40 1 0 0 0 1 0 0 0 1 32000.dat
1 0 -20 -8 -30 0 0 -1 0 1 0 1 0 0 44567.dat
1 0 -40 -8 -30 0 0 1 0 1 0 -1 0 0 44567.dat
1 72 -30 -8 -60 1 0 0 0 1 0 0 0 1 32000.dat
1 71 -40 2 -70 0 0 1 0 1 0 -1 0 0 4274.dat
1 71 -20 2 -70 0 0 1 0 1 0 -1 0 0 4274.dat
1 0 -30 2 -78 -1 0 0 0 0 1 0 1 0 3794.dat
1 40 -30 2 -86 -1 0 0 0 0 1 0 1 0 4740.dat
1 40 -30 -8 -50 1 0 0 0 1 0 0 0 1 30602.dat
1 72 -30 -8 -10 -1 0 0 0 1 0 0 0 -1 30602.dat
1 72 33.7158 16.3435 0 0 -0.422618 -0.906308 0 0.906308 -0.422618 1 0 0 2450.dat
1 72 33.7158 16.3435 -100 0.906308 -0.422618 0 0.422618 0.906308 0 0 0 1 2450.dat
1 0 51.8419 24.7958 -50 0 -0.422618 -0.906308 0 0.906308 -0.422618 1 0 0 2540.dat
1 72 28.0336 4.8668 -50 0 -0.422618 -0.906308 0 0.906308 -0.422618 1 0 0 44570.dat
1 15 37.0967 9.093 -100 0 -0.422618 -0.906308 0 0.906308 -0.422618 1 0 0 6141.dat
1 14 18.9705 0.6406 -100 0 -0.422618 0.906308 0 0.906308 0.422618 -1 0 0 4081.dat
1 14 28.0336 4.8668 -150 0.906308 -0.422618 0 0.422618 0.906308 0 0 0 1 41770.dat
1 0 58.6038 10.2949 -50 0 -0.422618 -0.906308 0 0.906308 -0.422618 1 0 0 2540.dat
1 14 69.1228 35.0608 -30 0.422618 0 -0.906308 0.906308 0 0.422618 0 -1 0 2335.dat
1 14 75.8847 20.5599 -30 -0.965926 0 -0.25882 0.25882 0 -0.965926 0 -1 0 2335.dat
1 14 22.3515 -6.6098 -70 0 -0.422618 -0.906308 0 0.906308 -0.422618 1 0 0 6636.dat
1 71 -0.0009 -5.9991 -180 -0.422618 0 -0.906308 0.906308 0 -0.422618 0 -1 0 3957.dat
1 72 -93.7169 16.3428 0 -0.906308 0.422618 0 0.422618 0.906308 0 0 0 -1 2450.dat
1 72 -93.7169 16.3428 -100 0 0.422618 0.906308 0 0.906308 -0.422618 -1 0 0 2450.dat
1 0 -111.8431 24.7952 -50 0 0.422618 0.906308 0 0.906308 -0.422618 -1 0 0 2540.dat
1 72 -88.0348 4.8662 -50 0 0.422618 0.906308 0 0.906308 -0.422618 -1 0 0 44570.dat
1 15 -97.0979 9.0924 -100 0 0.422618 -0.906308 0 0.906308 0.422618 1 0 0 6141.dat
1 14 -78.9717 0.64 -100 0 0.422618 -0.906308 0 0.906308 0.422618 1 0 0 4081.dat
1 14 -88.0348 4.8662 -150 0.906308 0.422618 0 -0.422618 0.906308 0 0 0 1 41769.dat
1 0 -118.605 10.2943 -50 0 0.422618 0.906308 0 0.906308 -0.422618 -1 0 0 2540.dat
1 14 -129.124 35.0602 -70 -0.422618 0 0.906308 0.906308 0 0.422618 0 1 0 2335.dat
1 14 -135.8859 20.5592 -70 0.965926 0 0.25882 0.25882 0 -0.965926 0 1 0 2335.dat
1 14 -82.3526 -6.6105 -70 0 0.422618 -0.906308 0 0.906308 0.422618 1 0 0 6636.dat
1 71 -60.0003 -5.9997 -180 0.422618 0 -0.906308 0.906308 0 0.422618 0 -1 0 3957.dat
