0 Main
0 Name: 9396-1 - Helicopter - Twin-Rotor Helicopter.mpd
0 Author: LTRON
1 71 0 20 -440 1 0 0 0 1 0 0 0 1 32073.dat
1 72 -40 20 -440 -1 0 0 0 -1 0 0 0 1 6553.dat
1 71 0 -20 -520 1 0 0 0 1 0 0 0 1 4519.dat
1 14 -25 -20 -440 0 1 0 1 0 0 0 0 -1 32250.dat
1 14 -15 -20 -440 0 1 0 1 0 0 0 0 -1 32250.dat
1 0 0 0 -400 0 1 0 1 0 0 0 0 -1 60484.dat
1 1 0 0 -400 1 0 0 0 1 0 0 0 1 6558.dat
1 1 0 0 -420 1 0 0 0 1 0 0 0 1 6558.dat
1 1 0 0 -440 1 0 0 0 1 0 0 0 1 6558.dat
1 14 0 -30 -520 0 -1 0 0 0 1 -1 0 0 43857.dat
1 14 15 -20 -440 0 1 0 1 0 0 0 0 -1 32250.dat
1 14 25 -20 -440 0 1 0 1 0 0 0 0 -1 32250.dat
1 72 40 20 -440 -1 0 0 0 -1 0 0 0 1 6553.dat
1 0 -20 0 -300 0 1 0 1 0 0 0 0 -1 41239.dat
1 71 0 0 -200 1 0 0 0 1 0 0 0 1 44294.dat
1 14 0 0 -200 1 0 0 0 1 0 0 0 1 6536.dat
1 0 20 0 -300 0 1 0 1 0 0 0 0 -1 41239.dat
1 0 30 0 -380 1 0 0 0 1 0 0 0 1 2780.dat
1 0 30 0 -360 1 0 0 0 1 0 0 0 1 2780.dat
1 0 30 0 -340 1 0 0 0 1 0 0 0 1 2780.dat
1 0 -30 0 -380 1 0 0 0 1 0 0 0 1 2780.dat
1 0 -30 0 -360 1 0 0 0 1 0 0 0 1 2780.dat
1 14 40 -5 -440 1 0 0 0 0 1 0 -1 0 32123.dat
1 14 -40 -5 -440 1 0 0 0 0 1 0 -1 0 32123.dat
1 14 40 -15 -440 1 0 0 0 -1 0 0 0 -1 32250.dat
1 14 -40 -15 -440 -1 0 0 0 1 0 0 0 -1 32250.dat
1 14 -40 -57.8916 -462.73 0 1 0 0.954505 0 0.298194 0.298194 0 -0.954505 32524.dat
1 0 -30 -45.9639 -500.91 1 0 0 0 0.954505 -0.298194 0 0.298194 0.954505 2780.dat
1 1 -40 -51.9278 -481.82 1 0 0 0 0.954505 -0.298194 0 0.298194 0.954505 6558.dat
1 71 0 -40 -520 1 0 0 0 0.954505 -0.298194 0 0.298194 0.954505 32073.dat
1 14 -20 -40 -520 0 -1 0 0.954505 0 -0.298194 0.298194 0 0.954505 32140.dat
1 71 0 -18.513 -387.568 1 0 0 0 0.954505 -0.298194 0 0.298194 0.954505 32073.dat
1 71 0 -18.513 -387.568 0 0 -1 -0.298194 0.954505 0 0.954505 0.298194 0 3713.dat
1 14 -20 -18.513 -387.568 0 1 0 0.298194 0 -0.954505 -0.954505 0 -0.298194 32140.dat
1 0 -30 -37.6031 -393.532 1 0 0 0 0.954505 -0.298194 0 0.298194 0.954505 2780.dat
1 0 -30 -75.7833 -405.459 1 0 0 0 0.954505 -0.298194 0 0.298194 0.954505 2780.dat
1 0 -30 -69.8194 -424.549 1 0 0 0 0.954505 -0.298194 0 0.298194 0.954505 2780.dat
1 14 20 -18.513 -387.568 0 1 0 0.298194 0 -0.954505 -0.954505 0 -0.298194 32140.dat
1 0 30 -69.8194 -424.549 1 0 0 0 0.954505 -0.298194 0 0.298194 0.954505 2780.dat
1 0 30 -75.7833 -405.459 1 0 0 0 0.954505 -0.298194 0 0.298194 0.954505 2780.dat
1 0 30 -37.6031 -393.532 1 0 0 0 0.954505 -0.298194 0 0.298194 0.954505 2780.dat
1 1 0 -57.8916 -462.73 1 0 0 0 0.954505 -0.298194 0 0.298194 0.954505 6558.dat
1 0 0 -109.182 -401.335 0 1 0 -0.767433 0 -0.641128 -0.641128 0 0.767433 40490.dat
1 14 20 -40 -520 0 -1 0 0.954505 0 -0.298194 0.298194 0 0.954505 32140.dat
1 0 30 -45.9639 -500.91 1 0 0 0 0.954505 -0.298194 0 0.298194 0.954505 2780.dat
1 14 40 -57.8916 -462.73 0 1 0 0.954505 0 0.298194 0.298194 0 -0.954505 32524.dat
1 1 40 -51.9278 -481.82 -1 0 0 0 0.954505 0.298194 0 0.298194 -0.954505 6558.dat
1 0 50 -63.8555 -443.64 1 0 0 0 0.954505 -0.298194 0 0.298194 0.954505 2780.dat
1 0 -50 -63.8555 -443.64 1 0 0 0 0.954505 -0.298194 0 0.298194 0.954505 2780.dat
1 71 40 -18.513 -387.568 0 1 0 -0.378388 0 0.925647 0.925647 0 0.378388 32523.dat
1 71 -40 -18.513 -387.568 0 1 0 -0.378388 0 0.925647 0.925647 0 0.378388 32523.dat
1 4 -60 -75.7832 -405.459 0 1 0 0.954505 0 0.298194 0.298194 0 -0.954505 64391.dat
1 4 60 -75.7832 -405.459 0 -1 0 -0.954505 0 0.298194 -0.298194 0 -0.954505 64683.dat
1 14 -35 0 -170 0 1 0 -1 0 0 0 0 1 32449.dat
1 14 -45 0 -170 0 1 0 -1 0 0 0 0 1 32449.dat
1 71 0 0 -140 1 0 0 0 1 0 0 0 1 32073.dat
1 71 0 0 -140 0 0 -1 0 1 0 1 0 0 3713.dat
1 14 20 0 -140 1 0 0 0 1 0 0 0 1 6536.dat
1 14 -20 0 -140 1 0 0 0 1 0 0 0 1 6536.dat
1 1 20 20 -160 0 0 1 0 1 0 -1 0 0 6558.dat
1 1 -20 20 -160 0 0 1 0 1 0 -1 0 0 6558.dat
1 14 -20 -60 -160 1 0 0 0 0 1 0 -1 0 40490.dat
1 14 20 -60 -160 1 0 0 0 0 1 0 -1 0 40490.dat
1 0 -20 -80 -170 0 0 1 0 1 0 -1 0 0 2780.dat
1 0 20 -80 -170 0 0 1 0 1 0 -1 0 0 2780.dat
1 14 0 20 -180 0 0 -1 1 0 0 0 -1 0 40490.dat
1 14 0 -80 -180 0 0 -1 1 0 0 0 -1 0 40490.dat
1 14 35 0 -170 0 1 0 -1 0 0 0 0 1 32449.dat
1 14 45 0 -170 0 1 0 -1 0 0 0 0 1 32449.dat
1 71 80 -80 -180 0 0 1 0 1 0 -1 0 0 32054.dat
1 71 -80 -80 -180 0 0 1 0 1 0 -1 0 0 32054.dat
1 14 -20 -120 -180 0 0 -1 0 -1 0 -1 0 0 42003.dat
1 1 0 -120 -180 1 0 0 0 0 -1 0 1 0 6558.dat
1 1 0 -140 -180 1 0 0 0 0 -1 0 1 0 6558.dat
1 0 0 -160.118 -219.941 0 1 0 -1 0 0.002952 0.002952 0 1 60484.dat
1 72 0 -59.8184 -259.863 0 1 0 0.798636 0 0.601815 0.601815 0 -0.798636 32525.dat
1 14 20 -120 -180 0 0 -1 0 -1 0 -1 0 0 42003.dat
1 1 -20 0 -340 1 0 0 0 1 0 0 0 1 6558.dat
1 14 -20 -100 -115 0 0 1 -1 0 0 0 -1 0 6632.dat
1 0 -20 -100 -150 0 0 -1 0 1 0 1 0 0 3705.dat
1 0 20 -100 -150 0 0 -1 0 1 0 1 0 0 3705.dat
1 14 -20 -100 -125 0 0 1 -1 0 0 0 -1 0 6632.dat
1 72 0 -100 -90 0 0.087158 0.996195 0 0.996195 -0.087158 -1 0 0 87083.dat
1 14 0 -100 -140 0 0 1 -1 0 0 0 -1 0 32523.dat
1 71 0 20 -120 0 0 -1 0 1 0 1 0 0 32073.dat
1 71 0 20 -180 0 0 1 0 1 0 -1 0 0 32054.dat
1 71 0 20 -70 -1 0 0 0 1 0 0 0 -1 59443.dat
1 1 0 20 -50 0 0 1 0 1 0 -1 0 0 43093.dat
1 71 0 -72.2021 -383.387 1 0 0 0 0.954505 -0.298194 0 0.298194 0.954505 3702.dat
1 0 -60 -59.6751 -389.95 0 0 1 0.298194 0.954505 0 -0.954505 0.298194 0 2780.dat
1 0 60 -59.6751 -389.95 0 0 1 0.298194 0.954505 0 -0.954505 0.298194 0 2780.dat
1 0 60 -79.8381 -385.773 -1 0 0 0 0.954505 0.298194 0 0.298194 -0.954505 44728.dat
1 0 20 -79.8381 -385.773 -1 0 0 0 0.954505 0.298194 0 0.298194 -0.954505 44728.dat
1 0 -20 -79.8381 -385.773 -1 0 0 0 0.954505 0.298194 0 0.298194 -0.954505 44728.dat
1 0 -60 -79.8381 -385.773 -1 0 0 0 0.954505 0.298194 0 0.298194 -0.954505 44728.dat
1 0 -40 -90.4561 -378.613 -1 0 0 0 0.954505 0.298194 0 0.298194 -0.954505 87079.dat
1 0 40 -90.4561 -378.613 -1 0 0 0 0.954505 0.298194 0 0.298194 -0.954505 87079.dat
1 0 40 -67.3083 -358.81 -1 0 0 0 0.298194 -0.954505 0 -0.954505 -0.298194 87079.dat
1 0 -40 -67.3083 -358.81 -1 0 0 0 0.298194 -0.954505 0 -0.954505 -0.298194 87079.dat
1 72 40 -46.194 -340.866 0 0 1 -0.923879 -0.382683 0 0.382683 -0.923879 0 87083.dat
1 14 40 0 -360 1 0 0 0 -0.382683 0.923879 0 -0.923879 -0.382683 32013.dat
1 14 -40 0 -360 1 0 0 0 -0.382683 0.923879 0 -0.923879 -0.382683 32013.dat
1 72 -40 -46.194 -340.866 0 0 1 -0.923879 -0.382683 0 0.382683 -0.923879 0 87083.dat
1 71 40 -58.603 -272.43 0 -1 0 -0.382683 0 0.923879 -0.923879 0 -0.382683 32526.dat
1 1 40 -21.6478 -287.738 1 0 0 0 0.923879 0.382683 0 -0.382683 0.923879 6558.dat
1 1 40 -58.603 -272.43 1 0 0 0 0.923879 0.382683 0 -0.382683 0.923879 6558.dat
1 0 30 15.3073 -303.045 1 0 0 0 0.923879 0.382683 0 -0.382683 0.923879 6628.dat
1 1 20 -95.5582 -257.123 0 -1 0 -0.382683 0 0.923879 -0.923879 0 -0.382683 32526.dat
1 1 40 -95.5582 -257.123 1 0 0 0 0.923879 0.382683 0 -0.382683 0.923879 6558.dat
1 1 40 -29.3015 -306.215 1 0 0 0 0.923879 0.382683 0 -0.382683 0.923879 6558.dat
1 0 30 -77.0806 -264.777 1 0 0 0 0.923879 0.382683 0 -0.382683 0.923879 2780.dat
1 71 40 -36.9552 -324.693 0 -1 0 0.923879 0 0.382683 -0.382683 0 0.923879 60483.dat
1 71 40 -95.5582 -257.123 0 -1 0 0.382683 0 -0.923879 0.923879 0 0.382683 32523.dat
1 1 60 -95.5582 -257.123 0 -1 0 -0.382683 0 0.923879 -0.923879 0 -0.382683 32526.dat
1 71 40 -36.9552 -324.693 1 0 0 0 0.923879 0.382683 0 -0.382683 0.923879 4519.dat
1 71 -40 -58.603 -272.43 0 -1 0 -0.382683 0 0.923879 -0.923879 0 -0.382683 32526.dat
1 1 -40 -58.603 -272.43 1 0 0 0 0.923879 0.382683 0 -0.382683 0.923879 6558.dat
1 1 -40 -21.6478 -287.738 1 0 0 0 0.923879 0.382683 0 -0.382683 0.923879 6558.dat
1 1 -40 -29.3015 -306.215 1 0 0 0 0.923879 0.382683 0 -0.382683 0.923879 6558.dat
1 1 -40 -95.5582 -257.123 1 0 0 0 0.923879 0.382683 0 -0.382683 0.923879 6558.dat
1 1 -60 -95.5582 -257.123 0 -1 0 -0.382683 0 0.923879 -0.923879 0 -0.382683 32526.dat
1 1 -20 -95.5582 -257.123 0 -1 0 -0.382683 0 0.923879 -0.923879 0 -0.382683 32526.dat
1 0 -30 15.3073 -303.045 -1 0 0 0 0.923879 -0.382684 0 -0.382683 -0.92388 6628.dat
1 71 -40 -36.9552 -324.693 0 -1 0 0.923879 0 0.382683 -0.382683 0 0.923879 60483.dat
1 71 -40 -36.9552 -324.693 1 0 0 0 0.923879 0.382683 0 -0.382683 0.923879 4519.dat
1 71 -40 -95.5582 -257.123 0 -1 0 0.382683 0 -0.923879 0.923879 0 0.382683 32523.dat
1 0 -30 -77.0806 -264.777 1 0 0 0 0.923879 0.382683 0 -0.382683 0.923879 2780.dat
1 4 -50 -140.178 -239.999 1 0 0 0 0.779004 -0.627026 0 0.627026 0.779004 32062.dat
1 0 -80 -140.178 -239.999 0 0 -1 -0.779004 -0.627026 0 -0.627026 0.779004 0 32013.dat
1 71 -30 -140.178 -239.999 0 0 1 0.627026 0.779004 0 -0.779004 0.627026 0 59443.dat
1 71 0 -140.178 -239.999 1 0 0 0 0.779004 -0.627026 0 0.627026 0.779004 4519.dat
1 72 0 -160.355 -299.94 0 -1 0 1 0 0.002952 -0.002952 0 1 32140.dat
1 71 30 -140.178 -239.999 0 0 1 0.627026 0.779004 0 -0.779004 0.627026 0 59443.dat
1 0 80 -140.178 -239.999 0 0 1 -0.779004 0.627026 0 -0.627026 -0.779004 0 32013.dat
1 4 50 -140.178 -239.999 -1 0 0 0 0.779004 0.627026 0 0.627026 -0.779004 32062.dat
1 0 80 -147.968 -246.269 0 -1 0 -0.779004 0 0.627026 -0.627026 0 -0.779004 2780.dat
1 0 -80 -147.968 -246.269 0 -1 0 -0.779004 0 0.627026 -0.627026 0 -0.779004 2780.dat
1 14 -80 -155.758 -252.539 0 0.990268 0.139174 -0.779004 0.087265 -0.620924 -0.627026 -0.108416 0.771422 32013.dat
1 1 -84.1752 -137.13 -275.682 0.139174 0 -0.990268 -0.620924 0.779004 -0.087265 0.771422 0.627026 0.108416 43093.dat
1 14 -86.9587 -124.712 -291.111 0.139174 0 0.990268 -0.620924 -0.779004 0.087265 0.771422 -0.627026 -0.108416 62462.dat
1 0 -89.7421 -112.293 -306.539 -0.139174 0 0.990268 0.620924 0.779004 0.087265 -0.771422 0.627026 -0.108416 2780.dat
1 14 -92.5256 -99.8747 -321.967 0.139174 0 0.990268 -0.620924 -0.779004 0.087265 0.771422 -0.627026 -0.108416 62462.dat
1 1 -95.3091 -87.4562 -337.396 -0.139174 -0.378961 0.914888 0.620924 0.686311 0.378733 -0.771422 0.620786 0.139788 43093.dat
1 14 -99.4843 -68.8285 -360.539 -0.914888 -0.378961 -0.139174 -0.378733 0.686311 0.620924 -0.139788 0.620786 -0.771422 32016.dat
1 1 -98.9911 -59.4978 -389.046 -0.016441 -0.403374 -0.914888 -0.311022 0.871685 -0.378733 0.950265 0.278324 -0.139788 43093.dat
1 14 80 -155.758 -252.539 0 0.990268 -0.139174 -0.779004 -0.087265 -0.620924 -0.627026 0.108416 0.771422 32013.dat
1 1 84.1752 -137.13 -275.682 -0.139174 0 -0.990268 -0.620924 0.779004 0.087265 0.771422 0.627026 -0.108416 43093.dat
1 14 86.9587 -124.712 -291.111 -0.139174 0 0.990268 -0.620924 -0.779004 -0.087265 0.771422 -0.627026 0.108416 62462.dat
1 0 89.7421 -112.293 -306.539 0.139174 0 0.990268 0.620924 0.779004 -0.087265 -0.771422 0.627026 0.108416 2780.dat
1 14 92.5256 -99.8747 -321.967 -0.139174 0 0.990268 -0.620924 -0.779004 -0.087265 0.771422 -0.627026 0.108416 62462.dat
1 1 95.3091 -87.4562 -337.396 0.139174 0.378961 0.914888 0.620924 0.686311 -0.378733 -0.771422 0.620786 -0.139788 43093.dat
1 14 99.4843 -68.8285 -360.539 -0.914888 0.378961 0.139174 0.378733 0.686311 0.620924 0.139788 0.620786 -0.771422 32016.dat
1 1 98.9911 -59.4978 -389.046 0.016441 0.403374 -0.914888 -0.311022 0.871685 0.378733 0.950265 0.278324 0.139788 43093.dat
1 1 0 -160 -179.941 -1 0 0 0 1 -0.002952 0 -0.002952 -1 6558.dat
1 1 0 -160.059 -199.941 -1 0 0 0 1 -0.002952 0 -0.002952 -1 6558.dat
1 1 0 -160.472 -339.94 -1 0 0 0 0.383116 -0.9237 0 -0.9237 -0.383116 6558.dat
1 71 0 -160.355 -299.94 1 0 0 0 1 0.002952 0 -0.002952 1 4519.dat
1 0 -20 -160.237 -259.94 0 -1 0 1 0 0.002952 -0.002952 0 1 40490.dat
1 0 20 -160.237 -259.94 0 -1 0 1 0 0.002952 -0.002952 0 1 40490.dat
1 0 30 -160.119 -219.94 1 0 0 0 1 0 0 0 1 2780.dat
1 0 30 -160.178 -239.94 1 0 0 0 1 0 0 0 1 2780.dat
1 0 -30 -160.119 -219.94 1 0 0 0 1 0 0 0 1 2780.dat
1 0 -30 -160.178 -239.94 1 0 0 0 1 0 0 0 1 2780.dat
1 0 40 -160.178 -179.94 0 -1 0 -1 0 0 0 0 -1 87080.dat
1 0 -40 -160.178 -179.94 0 1 0 1 0 0 0 0 -1 87086.dat
1 0 0 -160.178 -159.94 0 0 -1 -1 0 0 0 1 0 32524.dat
1 0 -60 -160.178 -149.94 0 0 1 0 1 0 -1 0 0 2780.dat
1 0 60 -160.178 -149.94 0 0 1 0 1 0 -1 0 0 2780.dat
1 0 40 -160.178 -169.94 0 0 1 0 1 0 -1 0 0 2780.dat
1 0 -40 -160.178 -169.94 0 0 1 0 1 0 -1 0 0 2780.dat
1 14 0 -160.178 -139.94 0 0 -1 -1 0 0 0 1 0 32524.dat
1 72 0 -140 -110 0 -0.087158 0.996195 0 0.996195 0.087158 -1 0 0 87083.dat
1 14 0 -140 -140 0 0 1 1 0 0 0 1 0 32523.dat
1 0 0 -140 -120 0.996195 -0.087158 0 0.087158 0.996195 0 0 0 1 32269.dat
1 71 0 -140 -100 0.996195 -0.087158 0 0.087158 0.996195 0 0 0 1 94925.dat
1 0 20 -140 -150 0 0 1 0 1 0 -1 0 0 2780.dat
1 0 -20 -140 -150 0 0 1 0 1 0 -1 0 0 2780.dat
1 71 0 -100 -100 0.996195 0.087158 0 -0.087158 0.996195 0 0 0 1 94925.dat
1 4 0 -120 -80 1 0 0 0 0 -1 0 1 0 32523.dat
1 71 0 -100 -50 0.996195 0.087158 0 -0.087158 0.996195 0 0 0 1 59443.dat
1 0 0 -20 -140 0 0 -1 1 0 0 0 -1 0 32278.dat
1 0 120 -20 -130 0 0 1 0 1 0 -1 0 0 2780.dat
1 0 100 -20 -130 0 0 1 0 1 0 -1 0 0 2780.dat
1 0 -120 -20 -130 0 0 1 0 1 0 -1 0 0 2780.dat
1 0 -100 -20 -130 0 0 1 0 1 0 -1 0 0 2780.dat
1 0 -20 -20 -150 0 0 1 0 1 0 -1 0 0 2780.dat
1 0 20 -20 -150 0 0 1 0 1 0 -1 0 0 2780.dat
1 72 80 -20 -120 0 0 1 -1 0 0 0 -1 0 32140.dat
1 72 -80 -20 -120 0 0 -1 -1 0 0 0 1 0 32140.dat
1 72 -140 -40 -90 0 -0.722746 0.691113 0 0.691113 0.722747 -1 0 0 87083.dat
1 72 140 -40 -90 0 0.722747 0.691113 0 0.691112 -0.722747 -1 0 0 87083.dat
1 71 140 -40 -100 0.691113 0.722747 0 -0.722747 0.691112 0 0 0 1 3713.dat
1 71 -140 -40 -100 0.691113 -0.722746 0 0.722747 0.691113 0 0 0 1 3713.dat
1 72 60 -20 -110 0 -0.378884 0.925444 0 0.925444 0.378884 -1 0 0 87083.dat
1 71 60 -20 -120 0.925444 -0.378884 0 0.378884 0.925444 0 0 0 1 3713.dat
1 72 -60 -20 -110 0 0.378884 0.925444 0 0.925444 -0.378884 -1 0 0 87083.dat
1 71 -60 -20 -120 0.925444 0.378884 0 -0.378884 0.925444 0 0 0 1 3713.dat
1 71 176.211 61.0386 -90 0 -0.119242 0.992879 0 0.992879 0.119242 -1 0 0 4519.dat
1 14 176.211 61.0386 -80 0 0.992879 0.119242 0 0.119242 -0.992879 -1 0 0 41678.dat
1 4 176.211 61.04 -80 -0.992879 0 0.119242 -0.119242 0 -0.992879 0 -1 0 32348.dat
1 19 173.826 80.8959 -90 0.992879 -0.119242 0 0.119242 0.992879 0 0 0 1 32556.dat
1 0 178.596 41.1824 -70 0 -0.119242 0.992879 0 0.992879 0.119242 -1 0 0 2780.dat
1 71 176.211 61.0386 -110 0.992879 -0.119242 0 0.119242 0.992879 0 0 0 1 3713.dat
1 4 -176.211 61.04 -80 0.992879 0 -0.119242 -0.119242 0 -0.992879 0 1 0 32348.dat
1 14 -176.211 61.0386 -80 0 -0.992879 -0.119242 0 0.119242 -0.992879 1 0 0 41678.dat
1 0 -178.595 41.1824 -70 0 0.119242 -0.992879 0 0.992879 0.119242 1 0 0 2780.dat
1 19 -173.826 80.8959 -90 -0.992879 0.119242 0 0.119242 0.992879 0 0 0 -1 32556.dat
1 71 -176.211 61.0386 -90 0 0.119242 0.992879 0 0.992879 -0.119242 -1 0 0 4519.dat
1 71 -176.211 61.0386 -110 0.992879 0.119242 0 -0.119242 0.992879 0 0 0 1 3713.dat
1 72 60 -20 -100 0.378884 0 0.925444 -0.925444 0 0.378884 0 -1 0 32140.dat
1 72 -60 -20 -100 -0.378884 0 -0.925444 -0.925444 0 0.378884 0 1 0 32140.dat
1 19 -112.474 -3.8517 -80 0 -0.999644 0.026689 0 -0.026689 -0.999644 1 0 0 32556.dat
1 19 112.474 -3.8517 -80 0 0.999644 0.026689 0 -0.026689 0.999644 1 0 0 32556.dat
1 71 40 -160.178 -79.9398 0 -0.907244 0.420605 0 0.420605 0.907244 -1 0 0 92693.dat
1 25 52.6182 -132.96 -79.9395 0.098771 -0.901848 0.420604 -0.045791 0.418104 0.907242 -0.994054 -0.10887 0 92695.dat
1 72 112.474 -3.8517 -79.9398 0 -0.907244 0.420605 0 0.420605 0.907244 -1 0 0 92696.dat
1 0 48.4121 -142.033 -79.9395 0.098771 -0.901848 0.420604 -0.045791 0.418104 0.907242 -0.994054 -0.10887 0 32270.dat
1 0 40 -160.178 -89.9398 0 0.108869 0.994055 0 0.994055 -0.108869 -1 0 0 3706.dat
1 19 40 -160.178 -96.9398 0.994055 0.108869 0 -0.108869 0.994055 0 0 0 1 6589.dat
1 71 40 -160.178 -119.94 0.994055 0.108869 0 -0.108869 0.994055 0 0 0 1 94925.dat
1 0 -40 -160.178 -89.9398 0 -0.108869 -0.994055 0 -0.994055 0.108869 -1 0 0 3706.dat
1 71 -40 -160.178 -119.94 -0.994055 -0.108869 0 0.108869 -0.994055 0 0 0 1 94925.dat
1 19 -40 -160.178 -96.9398 -0.994055 -0.108869 0 0.108869 -0.994055 0 0 0 1 6589.dat
1 25 -52.6174 -132.962 -79.9389 0.098771 -0.901848 -0.420604 0.045791 -0.418104 0.907242 -0.994054 -0.10887 0 92695.dat
1 0 -48.4114 -142.035 -79.9389 0.098771 -0.901848 -0.420604 0.045791 -0.418104 0.907242 -0.994054 -0.10887 0 32270.dat
1 71 -40 -160.178 -79.9398 0 -0.907244 -0.420605 0 -0.420605 0.907244 -1 0 0 92693.dat
1 72 -112.474 -3.8517 -79.9398 0 -0.907244 -0.420605 0 -0.420605 0.907244 -1 0 0 92696.dat
1 71 -60 -20 -70 0.925444 0.378884 0 -0.378884 0.925444 0 0 0 1 59443.dat
1 71 -60 -20 -40 0 0.378884 -0.925444 0 0.925444 0.378884 1 0 0 4519.dat
1 71 60 -20 -70 0.925444 -0.378884 0 0.378884 0.925444 0 0 0 1 59443.dat
1 71 60 -20 -40 0 -0.378884 -0.925444 0 0.925444 -0.378884 1 0 0 4519.dat
1 71 140 -40 -50 0.691113 0.722746 0 -0.722747 0.691112 0 0 0 1 59443.dat
1 71 -140 -40 -50 0.691113 -0.722746 0 0.722747 0.691113 0 0 0 1 59443.dat
1 1 -140 -40 -30 0 -0.722746 0.691113 0 0.691113 0.722747 -1 0 0 43093.dat
1 1 140 -40 -30 0 0.722746 0.691113 0 0.691112 -0.722747 -1 0 0 43093.dat
1 0 145.535 18.6659 -60 -0.562912 0 -0.826517 0.826517 0 -0.562912 0 -1 0 32316.dat
1 0 -145.535 18.6648 -60 0.562912 0 -0.826516 0.826516 0 0.562912 0 -1 0 32316.dat
1 14 0 20 -40 0 0 -1 -1 0 0 0 1 0 40490.dat
1 0 60 20 -30 0 0 -1 0 1 0 1 0 0 2780.dat
1 0 20 20 -30 0 0 -1 0 1 0 1 0 0 2780.dat
1 0 -20 20 -30 0 0 -1 0 1 0 1 0 0 2780.dat
1 0 -60 20 -30 0 0 -1 0 1 0 1 0 0 2780.dat
1 1 -80 20 -20 0 0 -1 0 1 0 1 0 0 6558.dat
1 1 80 20 -20 0 0 -1 0 1 0 1 0 0 6558.dat
1 14 70 20 -20 0 0 -1 1 0 0 0 -1 0 43857.dat
1 14 -70 20 -20 0 0 -1 1 0 0 0 -1 0 43857.dat
1 72 0 -20 -40 0 0 -1 -1 0 0 0 1 0 32525.dat
1 0 0 -20 -30 0 0 -1 0 1 0 1 0 0 2780.dat
1 1 100 -20 -20 0 0 -1 0 1 0 1 0 0 6558.dat
1 1 40 -20 -20 0 0 -1 0 1 0 1 0 0 6558.dat
1 1 -40 -20 -20 0 0 -1 0 1 0 1 0 0 6558.dat
1 1 -100 -20 -20 0 0 -1 0 1 0 1 0 0 6558.dat
1 72 -80 -20 -20 0 0 -1 -1 0 0 0 1 0 32140.dat
1 72 80 -20 -20 0 0 1 -1 0 0 0 -1 0 32140.dat
1 1 80 -20 -30 0 0 -1 0 1 0 1 0 0 43093.dat
1 1 -80 -20 -30 0 0 -1 0 1 0 1 0 0 43093.dat
1 0 0 -20 -20 1 0 0 0 0 1 0 -1 0 60484.dat
1 0 0 0 -10 0 0 -1 0 1 0 1 0 0 2780.dat
1 71 0 -40 -80 1 0 0 0 1 0 0 0 1 4519.dat
1 4 -5 -40 -80 0 1 0 -1 0 0 0 0 1 41677.dat
1 4 5 -40 -80 0 1 0 -1 0 0 0 0 1 41677.dat
1 71 40 -40 -80 1 0 0 0 1 0 0 0 1 32054.dat
1 71 -40 -40 -80 -1 0 0 0 1 0 0 0 -1 32054.dat
1 71 0 -40 -60 -1 0 0 0 1 0 0 0 -1 44294.dat
1 0 -20 -40 -60 -1 0 0 0 0 1 0 1 0 6536.dat
1 0 20 -40 -60 -1 0 0 0 0 1 0 1 0 6536.dat
1 72 40 -40 -100 0 1 0 1 0 0 0 0 -1 32524.dat
1 72 -40 -40 -100 0 1 0 1 0 0 0 0 -1 32524.dat
1 0 -50 -40 -40 1 0 0 0 1 0 0 0 1 2780.dat
1 0 50 -40 -40 1 0 0 0 1 0 0 0 1 2780.dat
1 0 60 -40 -80 0 -1 0 1 0 0 0 0 1 32526.dat
1 0 -60 -40 -80 0 -1 0 1 0 0 0 0 1 32526.dat
1 14 0 -60 -40 0 0 -1 0 1 0 1 0 0 32524.dat
1 71 20 -60 -40 0 -1 0 1 0 0 0 0 1 32054.dat
1 71 -20 -60 -40 0 -1 0 1 0 0 0 0 1 32054.dat
1 0 70 -40 -20 1 0 0 0 1 0 0 0 1 2780.dat
1 0 -70 -40 0 1 0 0 0 1 0 0 0 1 2780.dat
1 0 -70 -40 -20 1 0 0 0 1 0 0 0 1 2780.dat
1 0 70 -40 0 1 0 0 0 1 0 0 0 1 2780.dat
1 71 55 0 -160 0 -1 0 -1 0 0 0 0 -1 32056.dat
1 1 50 -40 -160 1 0 0 0 1 0 0 0 1 43093.dat
1 1 40 0 -180 -1 0 0 0 1 0 0 0 -1 6558.dat
1 71 65 0 -160 0 -1 0 -1 0 0 0 0 -1 32056.dat
1 19 80 -20 -150 0 0 -1 0 1 0 1 0 0 99008.dat
1 0 80 -20 -160 0 1 0 0 0 1 1 0 0 6536.dat
1 71 80 -20 -180 0 0 1 -1 0 0 0 -1 0 60483.dat
1 71 -65 0 -160 0 -1 0 -1 0 0 0 0 -1 32056.dat
1 71 -55 0 -160 0 -1 0 -1 0 0 0 0 -1 32056.dat
1 1 -50 -40 -160 -1 0 0 0 1 0 0 0 -1 43093.dat
1 1 -40 0 -180 1 0 0 0 1 0 0 0 1 6558.dat
1 19 -80 -20 -150 0 0 1 0 -1 0 1 0 0 99008.dat
1 0 -80 -20 -160 0 -1 0 0 0 -1 1 0 0 6536.dat
1 71 -80 -20 -180 0 0 -1 1 0 0 0 -1 0 60483.dat
1 14 0 -160 -20 0 0 -1 -1 0 0 0 1 0 40490.dat
1 0 80 -160 -30 0 0 -1 0 1 0 1 0 0 2780.dat
1 0 60 -160 -30 0 0 -1 0 1 0 1 0 0 2780.dat
1 0 -60 -160 -30 0 0 -1 0 1 0 1 0 0 2780.dat
1 0 -80 -160 -30 0 0 -1 0 1 0 1 0 0 2780.dat
1 71 40 -80 -40 1 0 0 0 0 -1 0 1 0 32526.dat
1 71 -40 -80 -40 -1 0 0 0 0 -1 0 -1 0 32526.dat
1 0 -40 -80 -30 0 0 -1 0 1 0 1 0 0 2780.dat
1 0 40 -80 -30 0 0 -1 0 1 0 1 0 0 2780.dat
1 0 40 -140 -30 0 0 -1 0 1 0 1 0 0 2780.dat
1 0 -40 -140 -30 0 0 -1 0 1 0 1 0 0 2780.dat
1 0 -40 -160 -10 0 0 -1 0 1 0 1 0 0 2780.dat
1 0 -20 -160 -10 0 0 -1 0 1 0 1 0 0 2780.dat
1 0 40 -160 -10 0 0 -1 0 1 0 1 0 0 2780.dat
1 0 20 -160 -10 0 0 -1 0 1 0 1 0 0 2780.dat
1 14 -40 -60 -20 -1 0 0 0 0 1 0 1 0 40490.dat
1 14 40 -60 -20 -1 0 0 0 0 1 0 1 0 40490.dat
1 0 40 -40 -10 0 0 -1 0 1 0 1 0 0 2780.dat
1 0 -40 -40 -10 0 0 -1 0 1 0 1 0 0 2780.dat
1 14 -20 -180 0 -1 0 0 0 1 0 0 0 -1 6536.dat
1 14 20 -180 0 -1 0 0 0 1 0 0 0 -1 6536.dat
1 0 40 -20 0 1 0 0 0 -1 0 0 0 -1 42003.dat
1 0 -40 -20 0 1 0 0 0 -1 0 0 0 -1 42003.dat
1 71 0 0 0 0 0 -1 0 1 0 1 0 0 32034.dat
1 28 40 0 0 1 0 0 0 1 0 0 0 1 6587.dat
1 28 -40 0 0 -1 0 0 0 1 0 0 0 -1 6587.dat
1 71 0 -100 20 0 0.087158 -0.996194 0 0.996195 0.087158 1 0 0 44294.dat
1 71 0 -100 90 0.996194 0.087158 0 -0.087158 0.996195 0 0 0 1 59443.dat
1 71 0 -120 0 1 0 0 0 1 0 0 0 1 4519.dat
1 4 0 -126.48 18.9211 0 1 0 -0.946056 0 -0.324004 -0.324004 0 0.946056 32523.dat
1 71 -20 -120 0 0 0 1 0 1 0 -1 0 0 32039.dat
1 71 20 -120 0 0 0 -1 0 1 0 1 0 0 32039.dat
1 1 0 -132.96 37.8422 1 0 0 0 0.946056 -0.324004 0 0.324004 0.946056 6558.dat
1 72 -40 -120 -68 0 0 -1 0 1 0 1 0 0 55013.dat
1 72 40 -120 -68 0 0 -1 0 1 0 1 0 0 55013.dat
1 14 40 -120 -158 -1 0 0 0 1 0 0 0 -1 32013.dat
1 0 50 -120 -158 -1 0 0 0 1 0 0 0 -1 2780.dat
1 14 60 -120 -148 0 -1 0 -1 0 0 0 0 -1 43857.dat
1 71 70 -120 -138 -1 0 0 0 1 0 0 0 -1 3673.dat
1 25 -40 -120 -138 -1 0 0 0 1 0 0 0 -1 3713.dat
1 25 -40 -120 -118 -1 0 0 0 1 0 0 0 -1 3713.dat
1 0 20 -40 -140 1 0 0 0 1 0 0 0 1 3708.dat
1 0 130 -40 -140 1 0 0 0 0 1 0 -1 0 6553.dat
1 14 115 -40 -140 0 0 -1 0 1 0 1 0 0 32123.dat
1 71 100 -40 -140 0 0 -1 0 1 0 1 0 0 3713.dat
1 14 80 -80 -138 0 1 0 0 0 1 1 0 0 32316.dat
1 71 60 -40 -138 0 1 0 0 0 -1 -1 0 0 33299.dat
1 71 -60 -40 -140 0 0 1 0 1 0 -1 0 0 3713.dat
1 14 -75 -40 -140 0 0 1 0 1 0 -1 0 0 32123.dat
1 71 -100 -40 -140 0 0 1 0 1 0 -1 0 0 59443.dat
1 4 -120 -40 -140 1 0 0 0 1 0 0 0 1 32062.dat
1 0 -130 -40 -140 1 0 0 0 0 1 0 -1 0 6553.dat
1 0 80 20 -190 0 0 -1 0 1 0 1 0 0 2780.dat
1 14 80 20 -210 0 0 -1 0 1 0 1 0 0 62462.dat
1 0 80 20 -230 0 0 -1 0 1 0 1 0 0 2780.dat
1 0 -80 20 -190 0 0 -1 0 1 0 1 0 0 2780.dat
1 14 -80 20 -210 0 0 -1 0 1 0 1 0 0 62462.dat
1 0 -80 20 -230 0 0 -1 0 1 0 1 0 0 2780.dat
1 14 100 -40 -240 1 0 0 0 1 0 0 0 1 40490.dat
1 0 100 -30 -320 0 0 -1 1 0 0 0 -1 0 2780.dat
1 0 100 -50 -240 0 0 -1 1 0 0 0 -1 0 2780.dat
1 1 100 -40 -280 0 0 1 -1 0 0 0 -1 0 6558.dat
1 71 100 -40 -160 0 0 -1 1 0 0 0 -1 0 32054.dat
1 14 100 -60 -200 -1 0 0 0 1 0 0 0 -1 64391.dat
1 14 100 -20 -240 1 0 0 0 -1 0 0 0 -1 64683.dat
1 0 100 -20 -230 0 0 -1 0 1 0 1 0 0 2780.dat
1 14 100 -20 -210 0 0 -1 0 1 0 1 0 0 62462.dat
1 1 100 -20 -190 0 0 -1 0 1 0 1 0 0 43093.dat
1 14 -100 -40 -240 1 0 0 0 1 0 0 0 1 40490.dat
1 71 -100 -40 -160 0 0 -1 1 0 0 0 -1 0 32054.dat
1 0 -100 -50 -240 0 0 -1 1 0 0 0 -1 0 2780.dat
1 1 -100 -40 -280 0 0 1 -1 0 0 0 -1 0 6558.dat
1 0 -100 -30 -320 0 0 -1 1 0 0 0 -1 0 2780.dat
1 14 -100 -60 -200 -1 0 0 0 1 0 0 0 -1 64683.dat
1 14 -100 -20 -240 1 0 0 0 -1 0 0 0 -1 64391.dat
1 14 -100 -20 -210 0 0 -1 0 1 0 1 0 0 62462.dat
1 1 -100 -20 -190 0 0 -1 0 1 0 1 0 0 43093.dat
1 0 -100 -20 -230 0 0 -1 0 1 0 1 0 0 2780.dat
1 71 0 20 100 0 0 -1 0 -1 0 -1 0 0 64782.dat
1 0 50 20 40 -1 0 0 0 1 0 0 0 -1 2780.dat
1 0 -50 20 40 -1 0 0 0 1 0 0 0 -1 2780.dat
1 0 -50 20 160 -1 0 0 0 1 0 0 0 -1 2780.dat
1 0 50 20 160 -1 0 0 0 1 0 0 0 -1 2780.dat
1 72 60 20 100 0 1 0 1 0 0 0 0 -1 32525.dat
1 72 -60 20 100 0 1 0 1 0 0 0 0 -1 32525.dat
1 0 70 20 20 -1 0 0 0 1 0 0 0 -1 2780.dat
1 0 70 20 180 -1 0 0 0 1 0 0 0 -1 2780.dat
1 0 -70 20 180 -1 0 0 0 1 0 0 0 -1 2780.dat
1 0 -70 20 20 -1 0 0 0 1 0 0 0 -1 2780.dat
1 14 -100 -20 100 -1 0 0 0 -1 0 0 0 1 62531.dat
1 14 100 -20 100 1 0 0 0 -1 0 0 0 -1 62531.dat
1 71 -80 20 230 1 0 0 0 1 0 0 0 1 59443.dat
1 1 -80 20 210 0 0 -1 0 1 0 1 0 0 43093.dat
1 1 -80 20 250 0 0 1 0 1 0 -1 0 0 43093.dat
1 1 80 20 210 0 0 -1 0 1 0 1 0 0 43093.dat
1 71 80 20 230 1 0 0 0 1 0 0 0 1 59443.dat
1 1 80 20 250 0 0 1 0 1 0 -1 0 0 43093.dat
1 14 -100 -20 230 1 0 0 0 1 0 0 0 1 59443.dat
1 1 -100 -20 210 0 0 -1 0 1 0 1 0 0 43093.dat
1 1 -100 -20 250 0 0 1 0 1 0 -1 0 0 43093.dat
1 1 100 -20 210 0 0 -1 0 1 0 1 0 0 43093.dat
1 1 100 -20 250 0 0 1 0 1 0 -1 0 0 43093.dat
1 14 100 -20 230 1 0 0 0 1 0 0 0 1 59443.dat
1 0 0 20 260 0 0 -1 1 0 0 0 -1 0 40490.dat
1 72 0 -20 260 0 0 -1 1 0 0 0 -1 0 32525.dat
1 4 0 -180 -19.8819 0 1 0 -1 0 0 0 0 1 32278.dat
1 1 0 -180 -159.882 1 0 0 0 1 0 0 0 1 6558.dat
1 1 0 -180 -139.882 1 0 0 0 1 0 0 0 1 6558.dat
1 14 -20 -180 -159.882 0 1 0 -1 0 0 0 0 1 32523.dat
1 1 0 -180 -179.882 1 0 0 0 1 0 0 0 1 6558.dat
1 14 20 -180 -159.882 0 1 0 -1 0 0 0 0 1 32523.dat
1 71 0 -180 0 1 0 0 0 1 0 0 0 1 4519.dat
1 71 0 -180 80.1182 1 0 0 0 0.916977 0.398939 0 -0.398939 0.916977 32073.dat
1 72 20 -180 80.1182 0 -1 0 -0.398939 0 0.916977 -0.916977 0 -0.398939 32140.dat
1 72 -20 -180 80.1181 0 -1 0 -0.398939 0 0.916977 -0.916977 0 -0.398939 32140.dat
1 14 105.47 -99.0601 0 -0.936749 0 -0.350001 0.350001 0 -0.936749 0 -1 0 32526.dat
1 14 -105.47 -99.06 0 0.93675 0 0.35 0.35 0 -0.93675 0 1 0 32526.dat
1 71 -35 -143.321 64.1606 0 -1 0 -0.916977 0 -0.398939 0.398939 0 -0.916977 32056.dat
1 1 -30 -143.321 64.1606 -1 0 0 0 0.916977 -0.398939 0 -0.398939 -0.916977 43093.dat
1 71 -30 -159.279 27.4815 -1 0 0 0 0.916977 -0.398939 0 -0.398939 -0.916977 2736.dat
1 71 -45 -143.321 64.1606 0 -1 0 -0.916977 0 -0.398939 0.398939 0 -0.916977 32056.dat
1 0 -18 -159.279 27.4815 -0.382683 0.756798 -0.529916 0 -0.573576 -0.819152 -0.923879 -0.313476 0.219498 2739.dat
1 1 30 -143.321 64.1606 1 0 0 0 0.916977 0.398939 0 -0.398939 0.916977 43093.dat
1 71 45 -143.321 64.1606 0 -1 0 -0.916977 0 -0.398939 0.398939 0 -0.916977 32056.dat
1 71 30 -159.279 27.4815 1 0 0 0 0.916977 -0.398939 0 0.398939 0.916977 2736.dat
1 71 35 -143.321 64.1606 0 -1 0 -0.916977 0 -0.398939 0.398939 0 -0.916977 32056.dat
1 0 18 -159.279 27.4815 -0.382683 -0.752145 0.5365 0 -0.580703 -0.814115 0.923879 -0.311548 0.222225 2739.dat
1 71 52.49 -98 40 -0.31225 -0.95 0 0.95 -0.31225 0 0 0 1 4519.dat
1 0 55.6125 -107.5 40 -0.95 0.31225 0 -0.31225 -0.95 0 0 0 1 87408.dat
1 71 61.8575 -126.5 40 0 -0.95 0.31225 0 -0.31225 -0.95 1 0 0 59443.dat
1 0 46.245 -79 40 0 -0.95 0.31225 0 -0.31225 -0.95 1 0 0 32270.dat
1 0 40 -60 70 0 0 1 0 -1 0 1 0 0 3737.dat
1 19 40 -60 57 1 0 0 0 -1 0 0 0 -1 6589.dat
1 0 86.8375 -202.5 40 0.31225 -0.95 0 -0.95 -0.31225 0 0 0 -1 3707.dat
1 71 71.225 -155 40 0 -0.31225 -0.95 0 0.95 -0.31225 1 0 0 87082.dat
1 71 77.47 -174 40 0 -0.95 0.31225 0 -0.31225 -0.95 1 0 0 3713.dat
1 71 83.715 -193 40 0 -0.31225 -0.95 0 0.95 -0.31225 1 0 0 87082.dat
1 4 71.225 -155 60 -0.95 0 0.31225 -0.31225 0 -0.95 0 -1 0 32316.dat
1 4 71.225 -155 20 -0.95 0 0.31225 -0.31225 0 -0.95 0 -1 0 32316.dat
1 0 58.735 -117 10 0 -0.95 -0.31225 0 -0.31225 0.95 -1 0 0 2780.dat
1 0 64.98 -136 10 0 -0.95 -0.31225 0 -0.31225 0.95 -1 0 0 2780.dat
1 0 77.47 -174 10 0 -0.95 -0.31225 0 -0.31225 0.95 -1 0 0 2780.dat
1 0 77.47 -174 70 0 -0.95 -0.31225 0 -0.31225 0.95 -1 0 0 2780.dat
1 0 58.735 -117 70 0 -0.95 -0.31225 0 -0.31225 0.95 -1 0 0 2780.dat
1 14 52.49 -98 0 -0.95 0 0.31225 -0.31225 0 -0.95 0 -1 0 32316.dat
1 14 58.735 -117 80 -0.95 0 0.31225 -0.31225 0 -0.95 0 -1 0 32524.dat
1 0 -40 -60 70 0 0 -1 0 1 0 1 0 0 3737.dat
1 19 -40 -60 23 1 0 0 0 1 0 0 0 1 6589.dat
1 71 -52.49 -98 40 0.31225 -0.95 0 0.95 0.31225 0 0 0 1 4519.dat
1 71 -61.8575 -126.5 40 0 -0.95 -0.31225 0 0.31225 -0.95 1 0 0 59443.dat
1 0 -46.245 -79 40 0 -0.95 -0.31225 0 0.31225 -0.95 1 0 0 32270.dat
1 0 -86.8375 -202.5 40 -0.31225 -0.95 0 -0.95 0.31225 0 0 0 -1 3707.dat
1 71 -77.47 -174 40 0 -0.95 -0.31225 0 0.31225 -0.95 1 0 0 3713.dat
1 14 -58.735 -117 80 -0.95 0 -0.31225 0.31225 0 -0.95 0 -1 0 32524.dat
1 0 -55.6125 -107.5 40 -0.95 -0.31225 0 0.31225 -0.95 0 0 0 1 87408.dat
1 14 -52.49 -98 0 -0.95 0 -0.31225 0.31225 0 -0.95 0 -1 0 32316.dat
1 0 -58.735 -117 10 0 -0.95 0.31225 0 0.31225 0.95 -1 0 0 2780.dat
1 0 -64.98 -136 10 0 -0.95 0.31225 0 0.31225 0.95 -1 0 0 2780.dat
1 71 -83.715 -193 40 0 0.31225 -0.95 0 0.95 0.31225 1 0 0 87082.dat
1 71 -71.225 -155 40 0 0.31225 -0.95 0 0.95 0.31225 1 0 0 87082.dat
1 4 -71.225 -155 60 -0.95 0 -0.31225 0.31225 0 -0.95 0 -1 0 32316.dat
1 0 -77.47 -174 70 0 -0.95 0.31225 0 0.31225 0.95 -1 0 0 2780.dat
1 0 -58.735 -117 70 0 -0.95 0.31225 0 0.31225 0.95 -1 0 0 2780.dat
1 0 -77.47 -174 10 0 -0.95 0.31225 0 0.31225 0.95 -1 0 0 2780.dat
1 4 -71.225 -155 20 -0.95 0 -0.31225 0.31225 0 -0.95 0 -1 0 32316.dat
1 0 88.9339 -233.39 58.4776 0.877686 0.363549 -0.31225 0.288481 0.119493 0.95 0.382684 -0.923879 0 6536.dat
1 71 80.1571 -236.275 54.6508 0.877686 0.363549 -0.31225 0.288481 0.119493 0.95 0.382684 -0.923879 0 2736.dat
1 0 -89.5585 -235.29 58.4776 -0.877685 -0.363549 -0.31225 0.288482 0.119493 -0.95 0.382683 -0.923879 0 6536.dat
1 71 -80.7816 -238.175 54.6508 -0.877685 -0.363549 -0.31225 0.288482 0.119493 -0.95 0.382683 -0.923879 0 2736.dat
1 0 0 -60 120 0 0 -1 -1 0 0 0 1 0 40490.dat
1 1 -20 -60 110 0 0 1 0 1 0 -1 0 0 43093.dat
1 71 -20 -60 105 0 0 -1 -1 0 0 0 1 0 32056.dat
1 1 -20 -100 110 0 0 1 0 1 0 -1 0 0 43093.dat
1 71 -20 -60 95 0 0 -1 -1 0 0 0 1 0 32056.dat
1 71 -60 -60 100 0 0 -1 0 1 0 1 0 0 4519.dat
1 71 60 -60 100 0 0 -1 0 1 0 1 0 0 4519.dat
1 1 20 -60 110 0 0 1 0 1 0 -1 0 0 43093.dat
1 1 20 -100 110 0 0 1 0 1 0 -1 0 0 43093.dat
1 71 20 -60 95 0 0 1 -1 0 0 0 -1 0 32056.dat
1 71 20 -60 105 0 0 1 -1 0 0 0 -1 0 32056.dat
1 71 -40 -60 140 -1 0 0 0 1 0 0 0 -1 3713.dat
1 71 -40 -60 170 -1 0 0 0 1 0 0 0 -1 59443.dat
1 71 40 -60 140 1 0 0 0 -1 0 0 0 -1 3713.dat
1 71 40 -60 170 1 0 0 0 -1 0 0 0 -1 59443.dat
1 0 -40 -60 210 0 0 1 0 1 0 -1 0 0 3705.dat
1 0 40 -60 210 0 0 1 0 1 0 -1 0 0 3705.dat
1 71 0 -60 160 1 0 0 0 1 0 0 0 1 32034.dat
1 1 0 -60 130 0 0 -1 0 1 0 1 0 0 43093.dat
1 19 0 -60 210 0 0 1 0 1 0 -1 0 0 99008.dat
1 71 40 -60 200 -1 0 0 0 1 0 0 0 -1 94925.dat
1 71 -40 -60 200 -1 0 0 0 1 0 0 0 -1 94925.dat
1 71 -40 -60 220 -1 0 0 0 1 0 0 0 -1 94925.dat
1 71 -103.075 -251.9 40 0 -0.95 0.31225 0 0.31225 0.95 -1 0 0 32184.dat
1 71 -122.075 -245.655 40 0 0.31225 0.95 0 0.95 -0.31225 -1 0 0 4519.dat
1 71 -84.0745 -258.145 40 0 0.31225 0.95 0 0.95 -0.31225 -1 0 0 4519.dat
1 71 -84.0745 -258.145 20 0.31225 0 0.95 0.95 0 -0.31225 0 1 0 60483.dat
1 71 -122.075 -245.655 60 0.31225 0 -0.95 0.95 0 0.31225 0 -1 0 60483.dat
1 71 -141.075 -239.41 70 0 0.31225 0.95 0 0.95 -0.31225 -1 0 0 3673.dat
1 71 -65.0745 -264.39 10 0 0.31225 0.95 0 0.95 -0.31225 -1 0 0 3673.dat
1 71 101.201 -250.2 40 0.95 0 -0.312249 0.31225 0 0.949999 0 -1 0 32184.dat
1 71 101.201 -250.2 60 0.95 -0.312249 0 0.31225 0.949999 0 0 0 1 4519.dat
1 71 101.201 -250.2 20 0.95 -0.312249 0 0.31225 0.949999 0 0 0 1 4519.dat
1 71 82.2009 -256.445 60 -0.312249 -0.95 0 0.949999 -0.31225 0 0 0 1 60483.dat
1 71 72.7009 -259.568 80 0.95 -0.312249 0 0.31225 0.949999 0 0 0 1 3673.dat
1 71 120.201 -243.955 20 -0.312249 0.95 0 0.949999 0.31225 0 0 0 -1 60483.dat
1 71 129.701 -240.833 0 0.95 -0.312249 0 0.31225 0.949999 0 0 0 1 3673.dat
1 0 -124.752 -285.827 0 -0.95 0.31225 0 0.31225 0.95 0 0 0 -1 3705.dat
1 14 -158.002 -274.899 0 -0.31225 0.95 0 -0.95 -0.31225 0 0 0 1 6632.dat
1 71 -115.252 -288.95 40 -0.95 0.31225 0 0.31225 0.95 0 0 0 -1 32073.dat
1 14 -148.502 -278.021 0 -0.31225 0.95 0 -0.95 -0.31225 0 0 0 1 6632.dat
1 71 -134.252 -282.705 40 -0.31225 0.95 0 -0.95 -0.31225 0 0 0 1 32316.dat
1 71 -109.007 -269.95 40 0.95 0 0.31225 -0.31225 0 0.95 0 -1 0 32039.dat
1 71 -121.497 -307.95 40 0 0.31225 0.95 0 0.95 -0.31225 -1 0 0 44294.dat
1 71 -121.497 -307.95 -20 0.95 0.31225 0 -0.31225 0.95 0 0 0 1 3713.dat
1 0 -115.252 -288.95 0 -0.95 -0.31225 0 0.31225 -0.95 0 0 0 1 6536.dat
1 0 -121.497 -307.95 20 -0.95 -0.31225 0 0.31225 -0.95 0 0 0 1 92907.dat
1 71 -121.497 -307.95 40 0.95 0.31225 0 -0.31225 0.95 0 0 0 1 3713.dat
1 0 -121.497 -307.95 60 0.95 -0.31225 0 -0.31225 -0.95 0 0 0 -1 92907.dat
1 0 -115.252 -288.95 80 -0.95 -0.31225 0 0.31225 -0.95 0 0 0 1 6536.dat
1 71 -121.497 -307.95 100 0.95 0.31225 0 -0.31225 0.95 0 0 0 1 3713.dat
1 0 -105.752 -292.072 80 0.95 0.31225 0 -0.31225 0.95 0 0 0 1 3705.dat
1 71 -96.2522 -295.195 40 -0.31225 0.95 0 -0.95 -0.31225 0 0 0 1 32316.dat
1 14 -82.0022 -299.879 40 -0.31225 0.95 0 -0.95 -0.31225 0 0 0 1 6632.dat
1 14 -72.5022 -303.001 40 -0.31225 0.95 0 -0.95 -0.31225 0 0 0 1 6632.dat
1 4 -127.742 -326.95 80 0.95 0.31225 0 -0.31225 0.95 0 0 0 1 32062.dat
1 4 -127.742 -326.95 0 0.95 0.31225 0 -0.31225 0.95 0 0 0 1 32062.dat
1 0 -127.742 -326.95 100 0.95 0 -0.31225 -0.31225 0 -0.95 0 1 0 42003.dat
1 0 -127.742 -326.95 -20 0.95 0 0.31225 -0.31225 0 0.95 0 -1 0 42003.dat
1 0 -130.865 -336.45 -20 0.31225 0 -0.95 0.95 0 0.31225 0 -1 0 2780.dat
1 0 -130.865 -336.45 -40 0.31225 0 -0.95 0.95 0 0.31225 0 -1 0 2780.dat
1 0 -130.865 -336.45 100 0.31225 0 -0.95 0.95 0 0.31225 0 -1 0 2780.dat
1 0 -130.865 -336.45 120 0.31225 0 -0.95 0.95 0 0.31225 0 -1 0 2780.dat
1 0 -165.742 -314.46 60 0 0.95 0.31225 0 -0.31225 0.95 1 0 0 6553.dat
1 19 -165.742 -314.46 70 0 0.95 -0.31225 0 -0.31225 -0.95 -1 0 0 3749.dat
1 0 -89.7422 -339.44 20 0 -0.95 0.31225 0 0.31225 0.95 -1 0 0 6553.dat
1 19 -89.7422 -339.44 10 0 -0.95 -0.31225 0 0.31225 -0.95 1 0 0 3749.dat
1 71 -77.5645 -302.39 0 0.95 0 -0.31225 -0.31225 0 -0.95 0 1 0 32316.dat
1 71 -153.252 -276.46 80 0.95 0 -0.31225 -0.31225 0 -0.95 0 1 0 32316.dat
1 0 76.9399 -300.49 30 0 -0.312249 0.95 0 0.949999 0.31225 -1 0 0 3705.dat
1 14 76.9399 -300.49 -5 0.312249 0 0.95 -0.949999 0 0.31225 0 -1 0 6632.dat
1 14 76.9399 -300.49 5 0.312249 0 0.95 -0.949999 0 0.31225 0 -1 0 6632.dat
1 71 114.94 -288 40 0 -0.312249 0.95 0 0.949999 0.31225 -1 0 0 32073.dat
1 71 114.94 -288 20 -0.312249 0 0.95 0.949999 0 0.31225 0 1 0 32316.dat
1 71 108.695 -269 40 0 -0.95 -0.312249 0 -0.31225 0.949999 -1 0 0 32039.dat
1 71 121.185 -307 40 0.95 -0.312249 0 0.31225 0.949999 0 0 0 1 44294.dat
1 71 178.185 -288.265 40 0 -0.312249 -0.95 0 0.949999 -0.31225 1 0 0 3713.dat
1 0 152.94 -275.51 40 0 0.312249 -0.95 0 -0.949999 -0.31225 -1 0 0 6536.dat
1 0 140.185 -300.755 40 0 0.312249 -0.95 0 -0.949999 -0.31225 -1 0 0 92907.dat
1 71 121.185 -307 40 0 -0.312249 -0.95 0 0.949999 -0.31225 1 0 0 3713.dat
1 0 102.185 -313.245 40 0 0.312249 0.95 0 -0.949999 0.31225 1 0 0 92907.dat
1 0 76.9399 -300.49 40 0 0.312249 -0.95 0 -0.949999 -0.31225 -1 0 0 6536.dat
1 71 64.1849 -325.735 40 0 -0.312249 -0.95 0 0.949999 -0.31225 1 0 0 3713.dat
1 0 152.94 -275.51 50 0 -0.312249 0.95 0 0.949999 0.31225 -1 0 0 3705.dat
1 71 114.94 -288 60 -0.312249 0 0.95 0.949999 0 0.31225 0 1 0 32316.dat
1 14 114.94 -288 75 0.312249 0 0.95 -0.949999 0 0.31225 0 -1 0 6632.dat
1 14 114.94 -288 85 0.312249 0 0.95 -0.949999 0 0.31225 0 -1 0 6632.dat
1 4 165.43 -313.51 40 0 -0.312249 -0.95 0 0.949999 -0.31225 1 0 0 32062.dat
1 4 89.4299 -338.49 40 0 -0.312249 -0.95 0 0.949999 -0.31225 1 0 0 32062.dat
1 0 70.4299 -344.735 40 0 -0.95 0.312249 0 -0.31225 -0.949999 1 0 0 42003.dat
1 0 184.43 -307.265 40 0 0.95 -0.312249 0 0.31225 0.949999 1 0 0 42003.dat
1 0 206.552 -310.52 40 -0.312249 0.95 0 0.949999 0.31225 0 0 0 -1 2780.dat
1 0 187.552 -316.765 40 -0.312249 0.95 0 0.949999 0.31225 0 0 0 -1 2780.dat
1 0 73.5524 -354.235 40 -0.312249 0.95 0 0.949999 0.31225 0 0 0 -1 2780.dat
1 0 54.5524 -360.48 40 -0.312249 0.95 0 0.949999 0.31225 0 0 0 -1 2780.dat
1 0 108.43 -332.245 80 0.95 0 -0.312249 0.31225 0 0.949999 0 -1 0 6553.dat
1 19 98.9299 -335.368 80 0.95 -0.312249 0 0.31225 0.949999 0 0 0 1 3749.dat
1 0 146.43 -319.755 0 -0.95 0 -0.312249 -0.31225 0 0.949999 0 1 0 6553.dat
1 19 155.93 -316.632 0 -0.95 -0.312249 0 -0.31225 0.949999 0 0 0 -1 3749.dat
1 71 152.94 -275.51 0 0 -0.95 -0.312249 0 -0.31225 0.949999 -1 0 0 32316.dat
1 71 76.9399 -300.49 80 0 -0.95 -0.312249 0 -0.31225 0.949999 -1 0 0 32316.dat
1 14 -20 -40 580 0 1 0 1 0 0 0 0 -1 32278.dat
1 71 0 -40 460 1 0 0 0 1 0 0 0 1 87082.dat
1 1 0 -40 720 1 0 0 0 1 0 0 0 1 6558.dat
1 1 0 -40 660 1 0 0 0 0.602138 0.798392 0 -0.798392 0.602138 6558.dat
1 14 5 -40 700 0 1 0 -1 0 0 0 0 1 6632.dat
1 71 0 -40 700 1 0 0 0 1 0 0 0 1 4519.dat
1 14 -5 -40 700 0 1 0 -1 0 0 0 0 1 6632.dat
1 0 0 55.807 732.256 0 1 0 0.602138 0 -0.798392 -0.798392 0 -0.602138 32271.dat
1 14 20 -40 580 0 1 0 1 0 0 0 0 -1 32278.dat
1 0 30 -40 440 1 0 0 0 1 0 0 0 1 2780.dat
1 0 30 -40 480 1 0 0 0 1 0 0 0 1 2780.dat
1 0 -30 -40 480 1 0 0 0 1 0 0 0 1 2780.dat
1 0 -30 -40 440 1 0 0 0 1 0 0 0 1 2780.dat
1 0 -40 -40 360 0 -1 0 1 0 0 0 0 1 41239.dat
1 71 0 -40 280 1 0 0 0 1 0 0 0 1 32073.dat
1 71 0 -40 280 1 0 0 0 1 0 0 0 1 63869.dat
1 71 -20 -40 280 0 -1 0 1 0 0 0 0 1 33299.dat
1 71 20 -40 280 0 1 0 -1 0 0 0 0 1 33299.dat
1 0 -20 -20 270 0 0 -1 0 1 0 1 0 0 2780.dat
1 0 20 -20 270 0 0 -1 0 1 0 1 0 0 2780.dat
1 0 40 -40 360 0 -1 0 1 0 0 0 0 1 41239.dat
1 14 60 -40 250 0 -1 0 1 0 0 0 0 1 43857.dat
1 1 60 -40 240 1 0 0 0 1 0 0 0 1 6558.dat
1 1 60 -40 260 1 0 0 0 1 0 0 0 1 6558.dat
1 1 -60 -40 260 1 0 0 0 1 0 0 0 1 6558.dat
1 14 -60 -40 250 0 -1 0 1 0 0 0 0 1 43857.dat
1 1 -60 -40 240 1 0 0 0 1 0 0 0 1 6558.dat
1 71 0 -40 620 1 0 0 0 1 0 0 0 1 4519.dat
1 71 60 -40 80 0 0 -1 0 1 0 1 0 0 32184.dat
1 71 60 -20 100 0 0 1 0 1 0 -1 0 0 4519.dat
1 4 60 -20 100 0 0 -1 0 -1 0 -1 0 0 6536.dat
1 0 70 -40 100 1 0 0 0 1 0 0 0 1 2780.dat
1 0 70 -40 80 1 0 0 0 1 0 0 0 1 2780.dat
1 0 80 -40 120 0 1 0 1 0 0 0 0 -1 32278.dat
1 0 -80 -40 120 0 1 0 1 0 0 0 0 -1 32278.dat
1 0 -70 -40 60 1 0 0 0 1 0 0 0 1 2780.dat
1 0 -70 -40 100 1 0 0 0 1 0 0 0 1 2780.dat
1 71 -60 -60 80 0 0 -1 0 1 0 1 0 0 63869.dat
1 72 0 -60 200 -1 0 0 0 1 0 0 0 -1 6542.dat
1 0 0 -60 240 0 0 -1 1 0 0 0 -1 0 40490.dat
1 0 20 -60 230 0 0 -1 0 1 0 1 0 0 2780.dat
1 14 20 -60 220 0 0 -1 -1 0 0 0 1 0 32523.dat
1 71 70 -60 260 0 1 0 0 0 1 1 0 0 32138.dat
1 71 -70 -60 260 0 1 0 0 0 1 1 0 0 32138.dat
1 0 0 -100 130 0 0 -1 0 1 0 1 0 0 3705.dat
1 4 80 -60 280 -1 0 0 0 -1 0 0 0 1 64682.dat
1 0 60 -40 290 0 1 0 0 0 1 1 0 0 2780.dat
1 1 60 -20 280 0 1 0 0 0 1 1 0 0 6558.dat
1 1 60 20 270 0 1 0 0 0 -1 -1 0 0 43093.dat
1 0 -60 -40 290 0 1 0 0 0 1 1 0 0 2780.dat
1 1 -60 -20 280 0 1 0 0 0 1 1 0 0 6558.dat
1 1 -60 20 270 0 1 0 0 0 -1 -1 0 0 43093.dat
1 4 -80 -60 280 -1 0 0 0 -1 0 0 0 1 64392.dat
1 14 0 -100 120 0 0 1 -1 0 0 0 -1 0 32524.dat
1 0 60 -100 110 0 0 1 0 1 0 -1 0 0 2780.dat
1 0 -60 -100 110 0 0 1 0 1 0 -1 0 0 2780.dat
1 0 -40 -100 110 0 0 1 0 1 0 -1 0 0 2780.dat
1 71 -60 -100 100 0 -1 0 0 0 1 -1 0 0 32557.dat
1 71 60 -100 100 0 1 0 0 0 -1 -1 0 0 32557.dat
1 72 40 -100 130 0 0 1 0 1 0 -1 0 0 87083.dat
1 72 40 -100 140 1 0 0 0 1 0 0 0 1 6542.dat
1 19 40 -100 170 -1 0 0 0 1 0 0 0 -1 6538.dat
1 71 40 -100 260 0 0 1 0 1 0 -1 0 0 60485.dat
1 4 40 -100 170 -1 0 0 0 1 0 0 0 -1 6539.dat
1 1 80 -100 110 0 0 1 1 0 0 0 1 0 6558.dat
1 1 -80 -100 110 0 0 1 1 0 0 0 1 0 6558.dat
1 71 0 -100 140 1 0 0 0 1 0 0 0 1 94925.dat
1 71 0 -100 170 1 0 0 0 1 0 0 0 1 59443.dat
1 71 0 -100 220 0 0 -1 0 1 0 1 0 0 32073.dat
1 71 -20 -100 200 0 0 -1 -1 0 0 0 1 0 32523.dat
1 28 -40 -100 220 0 0 1 0 1 0 -1 0 0 6587.dat
1 71 -40 -100 220 1 0 0 0 1 0 0 0 1 94925.dat
1 71 40 -100 195 -1 0 0 0 1 0 0 0 -1 32187.dat
1 72 40 -100 220 -1 0 0 0 1 0 0 0 -1 6542.dat
1 71 40 -100 240 -1 0 0 0 1 0 0 0 -1 3713.dat
1 72 0 -100 220 -1 0 0 0 1 0 0 0 -1 6542.dat
1 72 20 -100 240 0 0 -1 -1 0 0 0 1 0 32140.dat
1 71 -60 -100 280 0 -1 0 0 0 -1 1 0 0 98989.dat
1 1 -60 -100 280 0 0 -1 0 1 0 1 0 0 6558.dat
