0 Main
0 Name: 6827-1 - Strata Scooter.mpd
0 Author: LTRON
1 15 0 -55 10 0 0 -1 0 1 0 1 0 0 3001.dat
1 0 0 -31 30 1 0 0 0 1 0 0 0 1 422.dat
1 494 0 -25 30 1 0 0 0 1 0 0 0 1 u9132.dat
1 15 31 -25 30 0 0 -1 0 1 0 1 0 0 20.dat
1 15 -31 -25 30 0 0 1 0 1 0 -1 0 0 20.dat
1 256 31 -25 30 0 0 -1 0 1 0 1 0 0 4084.dat
1 256 -31 -25 30 0 0 1 0 1 0 -1 0 0 4084.dat
1 0 0 -31 -30 1 0 0 0 1 0 0 0 1 422.dat
1 494 0 -25 -30 1 0 0 0 1 0 0 0 1 u9132.dat
1 15 31 -25 -30 0 0 -1 0 1 0 1 0 0 20.dat
1 15 -31 -25 -30 0 0 1 0 1 0 -1 0 0 20.dat
1 256 31 -25 -30 0 0 -1 0 1 0 1 0 0 4084.dat
1 256 -31 -25 -30 0 0 1 0 1 0 -1 0 0 4084.dat
1 15 0 -55 -40 1 0 0 0 1 0 0 0 1 3747.dat
1 15 0 -63 30 1 0 0 0 1 0 0 0 1 3020.dat
1 15 -40 -71 50 -1 0 0 0 1 0 0 0 -1 2429.dat
1 15 40 -71 50 -1 0 0 0 1 0 0 0 -1 2429.dat
1 15 40 -71 50 -1 0 0 0 1 0 0 0 -1 2430.dat
1 15 -40 -71 50 -1 0 0 0 1 0 0 0 -1 2430.dat
1 15 60 -63 40 1 0 0 0 1 0 0 0 1 4596.dat
1 15 -60 -63 40 1 0 0 0 1 0 0 0 1 4596.dat
1 0 -30 -71 20 -0.9613 0 0.2756 0 1 0 -0.2756 0 -0.9613 4592.dat
1 0 30 -71 20 -0.9613 0 -0.2756 0 1 0 0.2756 0 -0.9613 4592.dat
1 0 30 -71 20 -0.9613 0.1541 -0.2285 0 0.829 0.5592 0.2756 0.5375 -0.7969 4593.dat
1 0 -30 -71 20 -0.9613 -0.1541 0.2285 0 0.829 0.5592 -0.2756 0.5375 -0.7969 4593.dat
1 36 60 -61 -30 1 0 0 0 0 1 0 -1 0 6141.dat
1 36 -60 -61 -30 1 0 0 0 0 1 0 -1 0 6141.dat
1 15 0 -79 -30 1 0 0 0 1 0 0 0 1 2336.dat
1 15 0 -79 20 1 0 0 0 1 0 0 0 1 4598.dat
1 15 28 -69 -70 0 -1 0 0 0 1 -1 0 0 4276.dat
1 15 49.2046 -69 -125.2046 0.7071 -0.7071 0 0 0 -1 0.7071 0.7071 0 2433.dat
1 15 -28 -69 -70 0 1 0 0 0 -1 -1 0 0 4276.dat
1 15 -49.4558 -69 -125.4558 0.7071 0.7071 0 0 0 -1 -0.7071 0.7071 0 2433.dat
1 15 0 -87 -20 1 0 0 0 1 0 0 0 1 3023.dat
1 0 0 -95 -20 1 0 0 0 1 0 0 0 1 3023.dat
1 15 0 -127 -20 1 0 0 0 1 0 0 0 1 2432.dat
1 0 0 -99 60 1 0 0 0 0 -1 0 1 0 4032.dat
1 34 54.8614 -69 -130.8614 0.7071 -0.7071 0 0 0 -1 0.7071 0.7071 0 4740.dat
1 34 -55.1127 -69 -131.1127 0.7071 0.7071 0 0 0 -1 -0.7071 0.7071 0 4740.dat
1 36 0 -99 68 1 0 0 0 0 -1 0 1 0 4589.dat
