0 Main
0 Name: 42057-1 - Ultralight Helicopter_YpeYeVK.mpd
0 Author: LTRON
1 0 -40 -52 0 0 -1 0 0.978 0 -0.208 0.208 0 0.978 32525.dat
1 0 -30 -35.36 -78.24 -1 0 0 0 -0.978 -0.208 0 -0.208 0.978 2780.dat
1 0 -30 -43.68 -39.12 -1 0 0 0 -0.978 -0.208 0 -0.208 0.978 2780.dat
1 72 5 -31.2 -97.8 1 0 0 0 0.978 -0.208 0 0.208 0.978 32209.dat
1 0 -20 -52.84 -92.18 0 0 1 0.208 0.978 0 -0.978 0.208 0 32291.dat
1 71 -20 -48.68 -111.74 0 0 -1 -0.208 0.978 0 0.978 0.208 0 22961.dat
1 1 -20 -58.46 -113.82 0 -1 0 -0.978 0 0.208 -0.208 0 -0.978 4274.dat
1 71 20 -31.2 -97.8 0 0 -1 -0.978 -0.208 0 -0.208 0.978 0 3713.dat
1 15 -20 -61.4974 -48.2005 0 -1 0 -0.45423 0 -0.890876 0.890876 0 -0.45423 32523.dat
1 1 0 -61.4974 -48.2005 1 0 0 0 -0.45423 -0.890876 0 0.890876 -0.45423 6558.dat
1 1 0 -79.3136 -57.2817 1 0 0 0 -0.45423 -0.890876 0 0.890876 -0.45423 6558.dat
1 15 0 -60.8075 -137.6293 0 -1 0 0.890876 0 -0.45423 0.45423 0 0.890876 32526.dat
1 15 20 -61.4974 -48.2005 0 -1 0 -0.45423 0 -0.890876 0.890876 0 -0.45423 32523.dat
1 1 0 -78.9692 -101.9958 1 0 0 0 -0.890876 0.45423 0 -0.45423 -0.890876 6558.dat
1 1 0 -69.8877 -119.8129 1 0 0 0 -0.890876 0.45423 0 -0.45423 -0.890876 6558.dat
1 0 30 -43.68 -39.12 -1 0 0 0 -0.890876 -0.45423 0 -0.45423 0.890876 2780.dat
1 1 -40 -52 0 -1 0 0 0 0.978 0.208 0 0.208 -0.978 6558.dat
1 1 -40 -60.32 39.12 -1 0 0 0 0.978 0.208 0 0.208 -0.978 6558.dat
1 15 -20 -64.48 58.68 0 -1 0 -0.978 0 0.208 -0.208 0 -0.978 32140.dat
1 1 0 -71.56 -4.16 1 0 0 0 0.978 -0.208 0 0.208 0.978 6558.dat
1 72 0 -162.28 37.88 -1 0 0 0 0.208 -0.978 0 -0.978 -0.208 24116.dat
1 15 20 -64.48 58.68 0 -1 0 -0.978 0 0.208 -0.208 0 -0.978 32140.dat
1 0 -50 -72.8 97.8 -1 0 0 0 -0.978 -0.208 0 -0.208 0.978 2780.dat
1 1 -50 -68.64 78.24 -1 0 0 0 -0.978 -0.208 0 -0.208 0.978 43093.dat
1 0 -55 -76.96 117.36 0 1 0 -0.978 0 -0.208 -0.208 0 0.978 11478.dat
1 0 -65 -76.96 117.36 0 1 0 -0.978 0 -0.208 -0.208 0 0.978 11478.dat
1 72 -40 -81.12 136.92 1 0 0 0 0.978 -0.208 0 0.208 0.978 11214.dat
1 0 0 -81.12 136.92 0 0 1 0.208 0.978 0 -0.978 0.208 0 32034.dat
1 15 -40 -139.8 124.44 0 -1 0 0.208 0 0.978 -0.978 0 0.208 32140.dat
1 0 -50 -76.96 117.36 -1 0 0 0 -0.978 -0.208 0 -0.208 0.978 2780.dat
1 72 40 -81.12 136.92 -1 0 0 0 -0.978 -0.208 0 -0.208 0.978 11214.dat
1 70 0 -72.8 97.8 0 0 1 -0.208 -0.978 0 0.978 -0.208 0 15462.dat
1 19 0 -76.96 117.36 1 0 0 0 -0.978 0.208 0 -0.208 -0.978 32269.dat
1 19 0 -72.8 97.8 1 0 0 0 -0.978 0.208 0 -0.208 -0.978 32269.dat
1 71 0 -68.64 78.24 1 0 0 0 -0.978 0.208 0 -0.208 -0.978 3713.dat
1 0 0 -69.88 180.2 1 0 0 0 0.978 -0.208 0 0.208 0.978 32039.dat
1 71 0 -65.72 160.64 1 0 0 0 0.978 -0.208 0 0.208 0.978 4519.dat
1 0 -15 -65.72 160.64 0 1 0 0.208 0 -0.978 -0.978 0 -0.208 41677.dat
1 14 0 -85.28 156.48 -1 0 0 0 0.208 -0.978 0 -0.978 -0.208 44294.dat
1 15 0 -85.28 156.48 -1 0 0 0 -0.208 0.978 0 0.978 0.208 6536.dat
1 0 15 -65.72 160.64 0 1 0 0.208 0 -0.978 -0.978 0 -0.208 41677.dat
1 0 25 -65.72 160.64 0 1 0 0.208 0 -0.978 -0.978 0 -0.208 41677.dat
1 0 -25 -65.72 160.64 0 1 0 0.208 0 -0.978 -0.978 0 -0.208 41677.dat
1 71 0 -74.04 199.76 0 0 -1 -0.208 0.978 0 0.978 0.208 0 4519.dat
1 0 0 -74.04 199.76 0 1 0 -0.978 0 -0.208 -0.208 0 0.978 32270.dat
1 0 45 -85.28 156.48 0 1 0 0.208 0 -0.978 -0.978 0 -0.208 41677.dat
1 0 35 -85.28 156.48 0 1 0 0.208 0 -0.978 -0.978 0 -0.208 41677.dat
1 0 -35 -85.28 156.48 0 1 0 0.208 0 -0.978 -0.978 0 -0.208 41677.dat
1 0 -45 -85.28 156.48 0 1 0 0.208 0 -0.978 -0.978 0 -0.208 41677.dat
1 0 0 -82.36 238.88 0 -1 0 0.978 0 -0.208 0.208 0 0.978 32034.dat
1 19 0 -99.22 173.96 0 1 0 -0.978 0 -0.208 -0.208 0 0.978 32002.dat
1 0 0 -101.92 234.72 0 1 0 -0.978 0 -0.208 -0.208 0 0.978 18651.dat
1 0 20 -92.14 236.8 0 0 1 -0.978 0.208 0 -0.208 -0.978 0 6628.dat
1 0 40 -92.14 236.8 0 0 1 -0.978 0.208 0 -0.208 -0.978 0 6628.dat
1 0 20 -82.36 238.88 -1 0 0 0 -0.990666 -0.134026 0 -0.134026 0.990666 32293.dat
1 71 0 -108.27 192.48 -1 0 0 0 -0.978 -0.208 0 -0.208 0.978 32017.dat
1 71 0 -126.37 229.52 -1 0 0 0 -0.208 0.978 0 0.978 0.208 32123.dat
1 0 -20 -169.76 169.18 0 0 1 0.208 0.978 0 -0.978 0.208 0 2780.dat
1 0 20 -169.76 169.18 0 0 1 0.208 0.978 0 -0.978 0.208 0 2780.dat
1 0 -20 -178.08 208.3 0 0 1 0.208 0.978 0 -0.978 0.208 0 2780.dat
1 0 20 -178.08 208.3 0 0 1 0.208 0.978 0 -0.978 0.208 0 2780.dat
1 0 0 -141.04 226.4 -1 0 0 0 0.208 -0.978 0 -0.978 -0.208 60484.dat
1 72 0 -186.4 247.42 0 1 0 0.208 0 -0.978 -0.978 0 -0.208 87083.dat
1 0 0 -184.32 237.64 1 0 0 0 0.978 -0.208 0 0.208 0.978 32270.dat
1 14 0 -134.8 197.06 0 1 0 0.978 0 0.208 0.208 0 -0.978 2853.dat
1 71 0 -144.58 194.98 1 0 0 0 0.978 -0.208 0 0.208 0.978 2852.dat
1 14 0 -183.7 186.66 1 0 0 0 0.978 -0.208 0 0.208 0.978 2851.dat
1 19 0 -130.64 177.5 0 1 0 0.978 0 0.208 0.208 0 -0.978 2854.dat
1 14 0 -126.48 157.94 0 1 0 -0.978 0 -0.208 -0.208 0 0.978 2853.dat
1 71 0 -116.7 160.02 1 0 0 0 0.978 -0.208 0 0.208 0.978 2852.dat
1 14 0 -155.82 151.7 1 0 0 0 0.978 -0.208 0 0.208 0.978 2851.dat
1 71 0 -118.16 118.82 0 0 -1 -0.208 0.978 0 0.978 0.208 0 4519.dat
1 1 -20 -159.36 120.28 0 0 1 0.208 0.978 0 -0.978 0.208 0 6558.dat
1 1 20 -159.36 120.28 0 0 1 0.208 0.978 0 -0.978 0.208 0 6558.dat
1 15 -20 -139.8 124.44 -1 0 0 0 -0.978 -0.208 0 -0.208 0.978 6536.dat
1 15 20 -139.8 124.44 -1 0 0 0 -0.978 -0.208 0 -0.208 0.978 6536.dat
1 15 0 -139.8 124.44 1 0 0 0 0.978 -0.208 0 0.208 0.978 6536.dat
1 71 0 -139.8 124.44 1 0 0 0 0.978 -0.208 0 0.208 0.978 32073.dat
1 0 0 -116.08 109.04 1 0 0 0 0.978 -0.208 0 0.208 0.978 32270.dat
1 19 0 -145.2 245.96 -1 0 0 0 0.978 0.208 0 0.208 -0.978 32269.dat
1 15 0 -138.54 262.71 1 0 0 0 -0.208 -0.978 0 0.978 -0.208 32063.dat
1 1 0 -112.32 283.62 0 -1 0 -0.208 0 -0.978 0.978 0 -0.208 4274.dat
1 0 0 -92.76 287.78 -1 0 0 0 0.208 -0.978 0 -0.978 -0.208 2825.dat
1 0 0 -96.92 307.34 0 1 0 0.208 0 -0.978 -0.978 0 -0.208 3706.dat
1 1 0 -151.44 275.3 0 -1 0 -0.208 0 -0.978 0.978 0 -0.208 4274.dat
1 19 0 -189.104 260.134 0 1 0 -0.978 0 -0.208 -0.208 0 0.978 6589.dat
1 0 0 -196.8 296.32 0 0 1 -0.208 -0.978 0 0.978 -0.208 0 32054.dat
1 15 40 -139.8 124.44 0 -1 0 0.208 0 0.978 -0.978 0 0.208 32140.dat
1 0 40 -52 0 0 1 0 -0.978 0 -0.208 -0.208 0 0.978 32525.dat
1 1 40 -52 0 1 0 0 0 -0.978 0.208 0 -0.208 -0.978 6558.dat
1 1 40 -60.32 39.12 1 0 0 0 -0.978 0.208 0 -0.208 -0.978 6558.dat
1 0 55 -76.96 117.36 0 -1 0 0.978 0 -0.208 0.208 0 0.978 11478.dat
1 0 65 -76.96 117.36 0 -1 0 0.978 0 -0.208 0.208 0 0.978 11478.dat
1 1 50 -68.64 78.24 1 0 0 0 0.978 -0.208 0 0.208 0.978 43093.dat
1 0 50 -72.8 97.8 1 0 0 0 0.978 -0.208 0 0.208 0.978 2780.dat
1 72 40 -81.12 136.92 -1 0 0 0 -0.978 -0.208 0 -0.208 0.978 11214.dat
1 0 60 -76.96 117.36 -1 0 0 0 -0.978 -0.208 0 -0.208 0.978 32054.dat
1 0 0 -174.76 96.56 1 0 0 0 0.978 -0.208 0 0.208 0.978 63869.dat
1 71 0 -174.76 96.56 1 0 0 0 0.978 -0.208 0 0.208 0.978 32073.dat
1 0 -15 -174.76 96.56 0 1 0 0.208 0 -0.978 -0.978 0 -0.208 41677.dat
1 71 -25 -174.76 96.56 0 0 1 -0.978 0.208 0 -0.208 -0.978 0 32123.dat
1 4 0 -194.32 92.4 1 0 0 0 0.208 0.978 0 -0.978 0.208 32062.dat
1 15 0 -194.32 92.4 1 0 0 0 0.208 0.978 0 -0.978 0.208 6536.dat
1 0 15 -174.76 96.56 0 1 0 0.208 0 -0.978 -0.978 0 -0.208 41677.dat
1 71 25 -174.76 96.56 0 0 1 -0.978 0.208 0 -0.208 -0.978 0 32123.dat
1 4 0 -151.04 81.16 0 0 1 0.208 0.978 0 -0.978 0.208 0 87082.dat
1 72 0 -177.446 75.544 0 0 1 -0.978 0.208 0 -0.208 -0.978 0 32209.dat
1 0 0 -131.48 85.32 0 -1 0 0.208 0 0.978 -0.978 0 0.208 32270.dat
1 71 0 -170.6 77 0 -1 0 0.208 0 0.978 -0.978 0 0.208 3713.dat
1 71 0 -204.83 69.72 0 -1 0 -0.208 0 -0.978 0.978 0 -0.208 32123.dat
1 0 60 -52 0 0 1 0 -0.978 0 -0.208 -0.208 0 0.978 15100.dat
1 0 60 -60.32 39.12 0 1 0 -0.978 0 -0.208 -0.208 0 0.978 15100.dat
1 15 60 -88.2 74.08 -1 0 0 0 0.978 0.208 0 0.208 -0.978 64391.dat
1 0 40 -92.36 93.64 0 -1 0 0.208 0 0.978 -0.978 0 0.208 15100.dat
1 0 60 -92.36 93.64 0 -1 0 0.208 0 0.978 -0.978 0 0.208 15100.dat
1 0 40 -129.4 75.54 0 -1 0 0.208 0 0.978 -0.978 0 0.208 2780.dat
1 19 60 -92.36 93.64 -1 0 0 0 -0.978 -0.208 0 -0.208 0.978 32556.dat
1 0 -60 -60.32 39.12 0 1 0 -0.978 0 -0.208 -0.208 0 0.978 15100.dat
1 0 -60 -52 0 0 1 0 -0.978 0 -0.208 -0.208 0 0.978 15100.dat
1 15 -60 -88.2 74.08 -1 0 0 0 0.978 0.208 0 0.208 -0.978 64683.dat
1 0 -40 -129.4 75.54 0 1 0 -0.208 0 0.978 0.978 0 0.208 2780.dat
1 0 40 -151.04 81.16 1 0 0 0 0.208 0.978 0 -0.978 0.208 60483.dat
1 0 40 -153.12 90.94 0 0 1 0.208 0.978 0 -0.978 0.208 0 3705.dat
1 0 40 -174.76 96.56 0 0 1 0.208 0.978 0 -0.978 0.208 0 32184.dat
1 15 40 -159.36 120.28 1 0 0 0 0.978 -0.208 0 0.208 0.978 11947.dat
1 0 -40 -151.04 81.16 1 0 0 0 0.208 0.978 0 -0.978 0.208 60483.dat
1 0 -40 -153.12 90.94 0 0 1 0.208 0.978 0 -0.978 0.208 0 3705.dat
1 0 -40 -174.76 96.56 0 0 1 0.208 0.978 0 -0.978 0.208 0 32184.dat
1 15 -40 -159.36 120.28 1 0 0 0 0.978 -0.208 0 0.208 0.978 11946.dat
1 0 0 -147.92 66.49 0 0 -1 0.978 0.208 0 0.208 -0.978 0 11478.dat
1 15 -20 -97.1309 -66.3622 0 1 0 0.890876 0 0.45423 0.45423 0 -0.890876 11946.dat
1 71 -20 -106.2112 -48.5458 0 1 0 0.45423 0 -0.890876 -0.890876 0 -0.45423 22961.dat
1 72 -20 -106.2112 -48.5458 1 0 0 0 -0.890876 0.45423 0 -0.45423 -0.890876 11214.dat
1 15 0 -106.2112 -48.5458 1 0 0 0 0.890876 -0.45423 0 0.45423 0.890876 6536.dat
1 1 0 -94.6778 -25.6359 0 0 -1 -0.45423 0.890876 0 0.890876 0.45423 0 43093.dat
1 72 0 -102.4697 -11.8491 -1 0 0 0 0.45423 -0.890876 0 -0.890876 -0.45423 40001.dat
1 15 20 -97.1309 -66.3622 0 -1 0 -0.890876 0 0.45423 -0.45423 0 -0.890876 11947.dat
1 71 18 -106.2112 -48.5458 0 1 0 0.45423 0 -0.890876 -0.890876 0 -0.45423 22961.dat
1 0 28 -106.2112 -48.5458 1 0 0 0 0.890876 -0.45423 0 0.45423 0.890876 2780.dat
1 15 38 -106.2112 -48.5458 -1 0 0 0 0.54439 0.838502 0 0.838502 -0.54439 32013.dat
1 15 -40 -106.2112 -48.5458 -1 0 0 0 0.54439 0.838502 0 0.838502 -0.54439 32013.dat
1 0 0 -107.32 356.24 0 1 0 0.978 0 0.208 0.208 0 -0.978 32039.dat
1 71 0 -131.04 371.64 1 0 0 0 0.208 0.978 0 -0.978 0.208 57585.dat
1 71 0 -135.2 391.2 0 0 -1 0.208 -0.978 0 -0.978 -0.208 0 22961.dat
1 71 0 -135.2 391.2 0 -1 0 0.978 0 -0.208 0.208 0 0.978 4519.dat
1 0 0 -154.76 387.04 0 -1 0 0.208 0 0.978 -0.978 0 0.208 32039.dat
1 4 0 -172.24 373.1 0 -1 0 0.208 0 0.978 -0.978 0 0.208 32062.dat
1 15 0 -168.08 353.54 1 0 0 0 0.978 -0.208 0 0.208 0.978 61800.dat
1 0 0 -120.53 394.32 0 0 1 0.208 0.978 0 -0.978 0.208 0 41677.dat
1 71 20 -115.64 395.36 0 1 0 -0.978 0 -0.208 -0.208 0 0.978 2736.dat
1 15 -17.321 -140.82 369.56 0.5 0 -0.866 -0.846948 -0.208 -0.489 -0.180128 0.978 -0.104 11947.dat
1 15 17.321 -140.82 369.56 0.5 0 0.866 0.846948 -0.208 -0.489 0.180128 0.978 -0.104 11946.dat
1 0 80 -92.2525 93.2356 -1 0 0 0 -0.248868 0.968286 0 0.968286 0.248868 32016.dat
1 71 80 -62.5525 89.0302 0 1 0 -0.989686 0 0.140142 0.140142 0 0.989686 2736.dat
1 4 80 -121.3009 85.7542 0 1 0 -0.968286 0 -0.248868 -0.248868 0 0.968286 32062.dat
1 0 40 -82.36 238.88 0.968 0 0.25 -0.051022 -0.978624 0.19841 0.244708 -0.205066 -0.947328 32293.dat
1 0 0 -196.8 296.32 0.866 -0.5 0 -0.489 -0.846948 0.208 -0.104 -0.180128 -0.978 15790.dat
1 4 50 -104.84 152.32 -1 0 0 0 -0.208 0.978 0 0.978 0.208 32062.dat
1 1 50 -100.68 132.76 1 0 0 0 -0.208 -0.978 0 0.978 -0.208 43093.dat
1 4 80 -100.68 132.76 0 0 1 -0.208 -0.978 0 0.978 -0.208 0 32192.dat
1 4 80 -104.84 152.32 0 0 1 -0.208 -0.978 0 0.978 -0.208 0 32192.dat
1 0 80 -102.76 142.54 0 0 1 -0.208 -0.978 0 0.978 -0.208 0 2780.dat
1 72 108.284 -73.0182 138.6431 -0.707 -0.707 0 -0.691446 0.691446 0.208 -0.147056 0.147056 -0.978 11214.dat
1 15 122.426 -91.0091 155.2615 -0.707 0 0.707 0.691446 -0.208 0.691446 0.147056 0.978 0.147056 87086.dat
1 0 115.355 -70.2628 159.6738 0.707 0 0.707 0.691446 -0.208 -0.691446 0.147056 0.978 -0.147056 3705.dat
1 0 122.426 -63.3474 161.1446 -0.707 0.707 0 0.691446 0.691446 0.208 0.147056 0.147056 -0.978 60483.dat
1 0 143.64 -42.6001 165.5571 -0.707 0 -0.707 0.691446 0.208 -0.691446 0.147056 -0.978 -0.147056 59443.dat
1 19 157.782 -28.7692 168.4987 -0.707 0 0.707 -0.691446 0.208 -0.691446 -0.147056 -0.978 -0.147056 3749.dat
1 71 164.853 -21.8538 169.9694 0.707 0 0.707 -0.691446 0.208 0.691446 -0.147056 -0.978 0.147056 42610.dat
1 4 -50 -104.84 152.32 -1 0 0 0 -0.208 0.978 0 0.978 0.208 32062.dat
1 1 -50 -100.68 132.76 -1 0 0 0 -0.208 0.978 0 0.978 0.208 43093.dat
1 4 -80 -100.68 132.76 0 0 -1 0.208 -0.978 0 -0.978 -0.208 0 32192.dat
1 4 -80 -104.84 152.32 0 0 -1 0.208 -0.978 0 -0.978 -0.208 0 32192.dat
1 0 -80 -102.76 142.54 0 0 -1 0.208 -0.978 0 -0.978 -0.208 0 2780.dat
1 72 -108.284 -73.0182 138.6431 0.707 0.707 0 -0.691446 0.691446 -0.208 -0.147056 0.147056 0.978 11214.dat
1 15 -122.426 -91.0091 155.2615 -0.707 0 -0.707 -0.691446 -0.208 0.691446 -0.147056 0.978 0.147056 87080.dat
1 0 -115.355 -70.2628 159.6738 0.707 0 -0.707 -0.691446 -0.208 -0.691446 -0.147056 0.978 -0.147056 3705.dat
1 0 -122.426 -63.3474 161.1446 -0.707 -0.707 0 -0.691446 0.691446 0.208 -0.147056 0.147056 -0.978 60483.dat
1 0 -143.64 -42.6001 165.5571 -0.707 0 0.707 -0.691446 0.208 -0.691446 -0.147056 -0.978 -0.147056 59443.dat
1 19 -157.782 -28.7692 168.4987 0.707 0 0.707 -0.691446 0.208 0.691446 -0.147056 -0.978 0.147056 3749.dat
1 71 -164.853 -21.8538 169.9694 0.707 0 -0.707 0.691446 0.208 0.691446 0.147056 -0.978 0.147056 42610.dat
1 0 0 -239.06 62.44 0 0 1 -0.978 0.208 0 -0.208 -0.978 0 32054.dat
1 72 0 -239.06 62.44 0 0 1 -0.208 -0.978 0 0.978 -0.208 0 18654.dat
1 0 0 -258.62 58.28 0 0.707 -0.707 0.978 0.147056 0.147056 0.208 -0.691446 -0.691446 32034.dat
1 0 35.355 -265.9738 92.8572 -0.707 0 0.707 0.147056 0.978 0.147056 -0.691446 0.208 -0.691446 3705.dat
1 0 -35.355 -251.2662 23.7028 -0.707 0 0.707 0.147056 0.978 0.147056 -0.691446 0.208 -0.691446 3705.dat
1 72 70.711 -273.3279 127.4354 0.707 -0.707 0 0.147056 0.147056 0.978 -0.691446 -0.691446 0.208 99012.dat
1 72 -70.711 -243.9121 -10.8754 -0.707 0.707 0 -0.147056 -0.147056 0.978 0.691446 0.691446 0.208 99012.dat
