0 Main
0 Name: 42101 - Buggy - Race Car.mpd
0 Author: LTRON
1 1 0 0 0 1 0 0 0 1 0 0 0 1 6558.dat
1 0 -20 0 40 0 -1 0 1 0 0 0 0 1 32316.dat
1 14 0 0 20 1 0 0 0 1 0 0 0 1 4519.dat
1 4 -5 0 20 0 -1 0 -1 0 0 0 0 -1 32056.dat
1 4 5 0 20 0 -1 0 -1 0 0 0 0 -1 32056.dat
1 71 0 0 -20 1 0 0 0 1 0 0 0 1 32073.dat
1 0 0 -40 20 1 0 0 0 1 0 0 0 1 3705.dat
1 15 0 20 40 1 0 0 0 1 0 0 0 1 60483.dat
1 14 0 0 40 0 1 0 -1 0 0 0 0 1 4519.dat
1 4 0 0 40 -1 0 0 0 -1 0 0 0 1 87082.dat
1 71 0 -30 40 1 0 0 0 0 -1 0 1 0 59443.dat
1 0 -40 0 60 0 -1 0 1 0 0 0 0 1 32140.dat
1 71 0 0 60 1 0 0 0 1 0 0 0 1 32073.dat
1 0 -30 0 80 1 0 0 0 1 0 0 0 1 2780.dat
1 0 0 0 60 1 0 0 0 -1 0 0 0 -1 32291.dat
1 0 20 0 40 0 1 0 1 0 0 0 0 -1 32316.dat
1 0 30 0 80 1 0 0 0 -1 0 0 0 -1 2780.dat
1 71 0 20 120 1 0 0 0 1 0 0 0 1 60485.dat
1 4 -20 20 120 0 0 1 -1 0 0 0 -1 0 3713.dat
1 71 -5 20 120 0 0 1 -1 0 0 0 -1 0 32123.dat
1 71 5 20 120 0 0 1 -1 0 0 0 -1 0 32123.dat
1 4 20 20 120 0 0 -1 -1 0 0 0 1 0 3713.dat
1 0 40 0 60 0 -1 0 1 0 0 0 0 1 32140.dat
1 0 -20 0 -20 0 1 0 1 0 0 0 0 -1 2825.dat
1 0 0 0 -80 1 0 0 0 1 0 0 0 1 3705.dat
1 0 -30 0 -80 1 0 0 0 0 1 0 -1 0 32291.dat
1 0 0 0 -80 0 1 0 1 0 0 0 0 -1 32140.dat
1 1 0 0 -140 -1 0 0 0 1 0 0 0 -1 6558.dat
1 0 20 0 -20 0 -1 0 -1 0 0 0 0 -1 2825.dat
1 0 30 0 -80 -1 0 0 0 0 -1 0 -1 0 32291.dat
1 25 0 20 -100 0 0 -1 0 -1 0 -1 0 0 32523.dat
1 0 -20 10 -100 0 0 -1 1 0 0 0 -1 0 2780.dat
1 0 20 10 -100 0 0 -1 1 0 0 0 -1 0 2780.dat
1 71 40 20 -80 0 0 -1 1 0 0 0 -1 0 32184.dat
1 19 40 10 -100 0 0 -1 1 0 0 0 -1 0 3749.dat
1 19 40 30 -60 0 0 1 -1 0 0 0 -1 0 3749.dat
1 70 60 20 -80 -1 0 0 0 0 -1 0 -1 0 24316.dat
1 15 70 20 -80 0 0 -1 -1 0 0 0 1 0 55982.dat
1 4 80 20 -80 0 0 1 -1 0 0 0 -1 0 3713.dat
1 71 -40 20 -80 0 0 1 1 0 0 0 1 0 32184.dat
1 19 -40 10 -100 0 0 1 1 0 0 0 1 0 3749.dat
1 19 -40 30 -60 0 0 -1 -1 0 0 0 1 0 3749.dat
1 70 -60 20 -80 1 0 0 0 0 -1 0 1 0 24316.dat
1 15 -70 20 -80 0 0 1 -1 0 0 0 -1 0 55982.dat
1 4 -80 20 -80 0 0 -1 -1 0 0 0 1 0 3713.dat
1 0 0 20 0 1 0 0 0 -1 0 0 0 -1 32140.dat
1 0 0 30 -60 0 0 1 -1 0 0 0 -1 0 2780.dat
1 0 20 30 -60 0 0 1 -1 0 0 0 -1 0 2780.dat
1 25 0 40 -60 0 0 1 0 1 0 -1 0 0 32316.dat
1 0 0 40 0 -1 0 0 0 -1 0 0 0 1 2825.dat
1 19 0 30 60 0 0 -1 1 0 0 0 -1 0 3749.dat
1 4 0 30 0 0 0 -1 1 0 0 0 -1 0 32062.dat
1 71 0 45 60 -1 0 0 0 0 1 0 1 0 32123.dat
1 15 70 20 120 0 0 -1 -1 0 0 0 1 0 55982.dat
1 15 -70 20 120 0 0 1 -1 0 0 0 -1 0 55982.dat
1 4 -10 -20 80 0 0 1 0 1 0 -1 0 0 11214.dat
1 0 -10 -20 80 0 -0.707 0.707 0 0.707 0.707 -1 0 0 32013.dat
1 15 10 -20 100 0 0 -1 1 0 0 0 -1 0 60483.dat
1 4 10 -20 80 0 -1 0 0 0 -1 1 0 0 11214.dat
1 0 10 -20 80 0 -0.707 -0.707 0 -0.707 0.707 -1 0 0 32013.dat
1 4 31.213 -41.213 80 0.707 0.707 0 -0.707 0.707 0 0 0 1 32062.dat
1 4 -31.213 -41.213 80 0.707 -0.707 0 0.707 0.707 0 0 0 1 32062.dat
1 0 -15 -40 20 0 -1 0 0 0 -1 1 0 0 41677.dat
1 4 0 -60 20 1 0 0 0 0 -1 0 1 0 32062.dat
1 0 0 -60 20 1 0 0 0 0 -1 0 1 0 6536.dat
1 0 15 -40 20 0 1 0 0 0 -1 -1 0 0 41677.dat
1 14 0 -60 40 0 1 0 -1 0 0 0 0 1 4519.dat
1 0 0 -80 40 0 1 0 0 0 1 1 0 0 32270.dat
1 0 40 0 0 1 0 0 0 0 -1 0 1 0 42003.dat
1 0 40 -10 0 0 1 0 1 0 0 0 0 -1 2780.dat
1 0 40 -10 20 0 1 0 1 0 0 0 0 -1 2780.dat
1 25 40 -20 60 -1 0 0 0 1 0 0 0 -1 11946.dat
1 4 40 -20 70 0 0 1 0 1 0 -1 0 0 32062.dat
1 0 40 -20 100 1 0 0 0 1 0 0 0 1 32192.dat
1 1 40 -41.213 121.213 0 -1 0 0.707 0 0.707 -0.707 0 0.707 43093.dat
1 0 -40 0 0 1 0 0 0 0 -1 0 1 0 42003.dat
1 0 -40 -10 0 0 1 0 1 0 0 0 0 -1 2780.dat
1 0 -40 -10 20 0 1 0 1 0 0 0 0 -1 2780.dat
1 25 -40 -20 60 -1 0 0 0 1 0 0 0 -1 11947.dat
1 4 -40 -20 70 0 0 1 0 1 0 -1 0 0 32062.dat
1 0 -40 -20 100 1 0 0 0 1 0 0 0 1 32192.dat
1 1 -40 -41.213 121.213 0 -1 0 0.707 0 0.707 -0.707 0 0.707 43093.dat
1 25 0 -48.283 128.283 0 0 1 -0.707 0.707 0 -0.707 -0.707 0 32316.dat
1 25 -20 -21.488 -83.953 0 1 0 0.934 0 0.358 0.358 0 -0.934 11946.dat
1 25 20 -21.488 -83.953 0 -1 0 -0.934 0 0.358 -0.358 0 -0.934 11947.dat
1 0 20 -41.212 -32.638 0 0 -1 0.934 0.358 0 0.358 -0.934 0 6632.dat
1 71 0 -43.002 -27.968 0 0 -1 -0.358 0.934 0 0.934 0.358 0 4274.dat
1 0 -20 -32.262 -55.988 0 0 -1 -0.358 0.934 0 0.934 0.358 0 3705.dat
1 0 20 -32.262 -55.988 0 0 -1 -0.358 0.934 0 0.934 0.358 0 3705.dat
1 0 20 -37.632 -41.978 0 0 -1 0.934 0.358 0 0.358 -0.934 0 6632.dat
1 4 20 -32.262 -55.988 0 0 -1 -0.934 -0.358 0 -0.358 0.934 0 16646.dat
1 4 -20 -32.262 -55.988 0 0 1 0.934 -0.358 0 0.358 0.934 0 16646.dat
1 0 20 -26.892 -69.998 0 0 -1 0.934 0.358 0 0.358 -0.934 0 6632.dat
1 71 0 -45.866 -20.496 0 0 -1 0.934 0.358 0 0.358 -0.934 0 16091.dat
