0 Main
0 Name: 42081-1 - Volvo Concept Loader Zeux.mpd
0 Author: LTRON
1 0 0 -128 0 1 0 0 0 0.985 -0.175 0 0.175 0.985 64179.dat
1 0 50 -121 -39.4 1 0 0 0 0.985 -0.175 0 0.175 0.985 2780.dat
1 0 50 -135 39.4 1 0 0 0 0.985 -0.175 0 0.175 0.985 2780.dat
1 0 -50 -121 -39.4 1 0 0 0 0.985 -0.175 0 0.175 0.985 2780.dat
1 0 -50 -135 39.4 1 0 0 0 0.985 -0.175 0 0.175 0.985 2780.dat
1 0 -20 -140.25 68.95 0 0 -1 -0.175 0.985 0 0.985 0.175 0 2780.dat
1 0 20 -140.25 68.95 0 0 -1 -0.175 0.985 0 0.985 0.175 0 2780.dat
1 1 40 -117.5 -59.1 0 0 -1 -0.985 -0.175 0 -0.175 0.985 0 6558.dat
1 1 -40 -117.5 -59.1 0 0 -1 -0.985 -0.175 0 -0.175 0.985 0 6558.dat
1 14 100 -97.8 -55.6 0 0 -1 0.175 -0.985 0 -0.985 -0.175 0 32524.dat
1 14 -100 -97.8 -55.6 0 0 -1 0.175 -0.985 0 -0.985 -0.175 0 32524.dat
1 0 100 -97.8 -55.6 0 0 -1 0.985 0.175 0 0.175 -0.985 0 32054.dat
1 0 -100 -97.8 -55.6 0 0 -1 0.985 0.175 0 0.175 -0.985 0 32054.dat
1 14 0 -137.2 -62.6 0 0 -1 -0.175 0.985 0 0.985 0.175 0 32278.dat
1 19 120 -156.9 -66.1 0 0 -1 -0.985 -0.175 0 -0.175 0.985 0 32556.dat
1 19 -120 -156.9 -66.1 0 0 -1 -0.985 -0.175 0 -0.175 0.985 0 32556.dat
1 71 100 -137.2 -62.6 0 0 -1 -0.985 -0.175 0 -0.175 0.985 0 4519.dat
1 71 -100 -137.2 -62.6 0 0 -1 -0.985 -0.175 0 -0.175 0.985 0 4519.dat
1 1 40 -158.2 55.6 0 0 -1 -0.985 -0.175 0 -0.175 0.985 0 6558.dat
1 1 -40 -158.2 55.6 0 0 -1 -0.985 -0.175 0 -0.175 0.985 0 6558.dat
1 14 -60 -145.5 98.5 0 1 0 0.985 0 0.175 0.175 0 -0.985 32278.dat
1 0 -70 -166.5 216.7 1 0 0 0 0.985 -0.175 0 0.175 0.985 2780.dat
1 0 -70 -156 157.6 1 0 0 0 0.985 -0.175 0 0.175 0.985 2780.dat
1 0 -70 -142 78.8 1 0 0 0 0.985 -0.175 0 0.175 0.985 2780.dat
1 14 0 -158.2 55.6 0 0 -1 0.175 -0.985 0 -0.985 -0.175 0 32524.dat
1 71 -160 -107.65 -57.35 0 0 -1 0.985 0.175 0 0.175 -0.985 0 3673.dat
1 71 160 -107.65 -57.35 0 0 -1 0.985 0.175 0 0.175 -0.985 0 3673.dat
1 1 -160 -166.75 -67.85 0 0 1 -0.985 0.175 0 -0.175 -0.985 0 43093.dat
1 72 -190 -137.2 -62.6 0 0 1 0.175 0.985 0 -0.985 0.175 0 92909.dat
1 19 -160 -134.35 -21.45 0 0 1 0.985 -0.175 0 0.175 0.985 0 3749.dat
1 1 160 -166.75 -67.85 0 0 1 -0.985 0.175 0 -0.175 -0.985 0 43093.dat
1 72 190 -137.2 -62.6 0 0 -1 -0.175 0.985 0 0.985 0.175 0 92909.dat
1 19 160 -134.35 -21.45 0 0 1 0.985 -0.175 0 0.175 0.985 0 3749.dat
1 0 0 -147.7 -3.5 1 0 0 0 0.985 -0.175 0 0.175 0.985 64781.dat
1 28 100 -148.05 -1.53 0 0 -1 -0.175 0.985 0 0.985 0.175 0 6587.dat
1 14 100 -150.325 11.275 -1 0 0 0 0.985 0.175 0 0.175 -0.985 32123.dat
1 0 60 -152.075 21.125 0 0 1 0.985 -0.175 0 0.175 0.985 0 11478.dat
1 28 -100 -148.225 -0.545 0 0 1 -0.175 -0.985 0 0.985 -0.175 0 6587.dat
1 14 -100 -150.5 12.26 1 0 0 0 -0.985 0.175 0 -0.175 -0.985 32123.dat
1 0 -60 -152.25 22.11 0 0 -1 -0.985 -0.175 0 -0.175 0.985 0 11478.dat
1 0 160 -144.2 -23.2 0 -1 0 -0.175 0 -0.985 0.985 0 -0.175 92907.dat
1 71 120 -144.2 -23.2 0 -1 0 -0.175 0 -0.985 0.985 0 -0.175 32184.dat
1 4 140 -144.2 -23.2 0 -1 0 -0.175 0 -0.985 0.985 0 -0.175 32062.dat
1 71 120 -154.05 -24.95 0 -1 0 -0.985 0 0.175 -0.175 0 -0.985 3673.dat
1 0 -160 -144.2 -23.2 0 1 0 0.175 0 -0.985 -0.985 0 -0.175 92907.dat
1 71 -120 -144.2 -23.2 0 1 0 0.175 0 -0.985 -0.985 0 -0.175 32184.dat
1 4 -140 -144.2 -23.2 0 1 0 0.175 0 -0.985 -0.985 0 -0.175 32062.dat
1 71 -120 -154.05 -24.95 0 1 0 -0.985 0 -0.175 -0.175 0 0.985 3673.dat
1 14 120 -160.4 -46.4 1 0 0 0 0.985 -0.175 0 0.175 0.985 32523.dat
1 14 -120 -160.4 -46.4 1 0 0 0 0.985 -0.175 0 0.175 0.985 32523.dat
1 4 140 -156.9 -66.1 0 -1 0 -0.985 0 0.175 -0.175 0 -0.985 11214.dat
1 4 -140 -156.9 -66.1 0 -1 0 -0.985 0 0.175 -0.175 0 -0.985 11214.dat
1 72 140 -156.9 -66.1 1 0 0 0 0.985 -0.175 0 0.175 0.985 18654.dat
1 72 -140 -156.9 -66.1 1 0 0 0 0.985 -0.175 0 0.175 0.985 18654.dat
1 0 0 -167.4 -7 1 0 0 0 0.985 -0.175 0 0.175 0.985 64179.dat
1 0 -40 -166.75 -67.85 0 1 0 -0.985 0 -0.175 -0.175 0 0.985 2780.dat
1 0 40 -166.75 -67.85 0 1 0 -0.985 0 -0.175 -0.175 0 0.985 2780.dat
1 72 0 -169.15 2.85 0 1 0 0.175 0 -0.985 -0.985 0 -0.175 55013.dat
1 71 0 -162.15 -36.55 0 0 -1 0.175 -0.985 0 -0.985 -0.175 0 62462.dat
1 0 0 -167.4 -7 1 0 0 0 -0.985 0.175 0 -0.175 -0.985 32270.dat
1 15 0 -170.9 12.7 1 0 0 0 0.175 0.985 0 -0.985 0.175 74695.dat
1 14 0 -174.4 32.4 0 0 -1 -0.985 -0.175 0 -0.175 0.985 0 32523.dat
1 1 -20 -177.9 52.1 0 0 -1 0.175 -0.985 0 -0.985 -0.175 0 6558.dat
1 1 20 -177.9 52.1 0 0 -1 0.175 -0.985 0 -0.985 -0.175 0 6558.dat
1 0 50 -160.4 -46.4 1 0 0 0 -0.175 -0.985 0 0.985 -0.175 2780.dat
1 0 50 -174.4 32.4 1 0 0 0 -0.175 -0.985 0 0.985 -0.175 2780.dat
1 0 -50 -160.4 -46.4 1 0 0 0 -0.175 -0.985 0 0.985 -0.175 2780.dat
1 0 -50 -174.4 32.4 1 0 0 0 -0.175 -0.985 0 0.985 -0.175 2780.dat
1 14 0 -183.15 81.65 1 0 0 0 0.985 -0.175 0 0.175 0.985 59443.dat
1 14 20 -161.7 75.3 1 0 0 0 -0.175 -0.985 0 0.985 -0.175 32523.dat
1 14 -20 -161.7 75.3 1 0 0 0 -0.175 -0.985 0 0.985 -0.175 32523.dat
1 0 100 -176.6 -69.6 0 0 1 -0.985 0.175 0 -0.175 -0.985 0 32054.dat
1 0 -100 -176.6 -69.6 0 0 1 -0.985 0.175 0 -0.175 -0.985 0 32054.dat
1 14 100 -176.6 -69.6 0 0 -1 0.175 -0.985 0 -0.985 -0.175 0 32524.dat
1 14 -100 -176.6 -69.6 0 0 -1 0.175 -0.985 0 -0.985 -0.175 0 32524.dat
1 14 -60 -184.9 91.5 0 1 0 0.985 0 0.175 0.175 0 -0.985 32278.dat
1 0 -70 -205.9 209.7 1 0 0 0 0.985 -0.175 0 0.175 0.985 2780.dat
1 0 -70 -198.9 170.3 1 0 0 0 0.985 -0.175 0 0.175 0.985 2780.dat
1 1 -50 -191.9 130.9 1 0 0 0 0.985 -0.175 0 0.175 0.985 43093.dat
1 0 -40 -191.9 130.9 0 1 0 -0.175 0 0.985 0.985 0 0.175 32140.dat
1 0 -50 -152.5 137.9 1 0 0 0 0.985 -0.175 0 0.175 0.985 2780.dat
1 1 -50 -132.8 141.4 -1 0 0 0 0.985 0.175 0 0.175 -0.985 4274.dat
1 0 -100 -78.1 -52.1 1 0 0 0 0.175 0.985 0 -0.985 0.175 92907.dat
1 4 -100 -74.6 -71.8 1 0 0 0 0.175 0.985 0 -0.985 0.175 32062.dat
1 4 -100 -94.3 -75.3 1 0 0 0 0.175 0.985 0 -0.985 0.175 32062.dat
1 0 -100 -133.7 -82.3 0 1 0 -0.175 0 0.985 0.985 0 0.175 32524.dat
1 0 100 -78.1 -52.1 1 0 0 0 0.175 0.985 0 -0.985 0.175 92907.dat
1 4 100 -74.6 -71.8 1 0 0 0 0.175 0.985 0 -0.985 0.175 32062.dat
1 4 100 -94.3 -75.3 1 0 0 0 0.175 0.985 0 -0.985 0.175 32062.dat
1 0 100 -133.7 -82.3 0 1 0 -0.175 0 0.985 0.985 0 0.175 32524.dat
1 0 -100 -196.3 -73.1 -1 0 0 0 0.175 -0.985 0 -0.985 -0.175 92907.dat
1 4 -100 -192.8 -92.8 -1 0 0 0 0.175 -0.985 0 -0.985 -0.175 32062.dat
1 4 -100 -173.1 -89.3 -1 0 0 0 0.175 -0.985 0 -0.985 -0.175 32062.dat
1 0 100 -196.3 -73.1 -1 0 0 0 0.175 -0.985 0 -0.985 -0.175 92907.dat
1 4 100 -192.8 -92.8 -1 0 0 0 0.175 -0.985 0 -0.985 -0.175 32062.dat
1 4 100 -173.1 -89.3 -1 0 0 0 0.175 -0.985 0 -0.985 -0.175 32062.dat
1 0 -5 -177 275.8 0 -1 0 -0.985 0 0.175 -0.175 0 -0.985 11478.dat
1 14 0 -184 315.2 1 0 0 0 0.175 0.985 0 -0.985 0.175 60485.dat
1 14 0 -170 236.4 1 0 0 0 0.175 0.985 0 -0.985 0.175 60485.dat
1 0 5 -177 275.8 0 -1 0 -0.985 0 0.175 -0.175 0 -0.985 11478.dat
1 1 0 -177 275.8 1 0 0 0 0.175 0.985 0 -0.985 0.175 6558.dat
1 71 -20 -184 315.2 0 1 0 -0.985 0 -0.175 -0.175 0 0.985 40490.dat
1 71 20 -184 315.2 0 1 0 -0.985 0 -0.175 -0.175 0 0.985 40490.dat
1 1 -30 -187.5 334.9 -1 0 0 0 0.175 -0.985 0 -0.985 -0.175 4274.dat
1 1 30 -187.5 334.9 1 0 0 0 -0.175 -0.985 0 0.985 -0.175 4274.dat
1 0 -30 -198 394 1 0 0 0 -0.175 -0.985 0 0.985 -0.175 2780.dat
1 1 -30 -191 354.6 -1 0 0 0 0.175 -0.985 0 -0.985 -0.175 43093.dat
1 72 -40 -191 354.6 0 1 0 -0.985 0 -0.175 -0.175 0 0.985 32348.dat
1 0 30 -198 394 1 0 0 0 -0.175 -0.985 0 0.985 -0.175 2780.dat
1 1 30 -191 354.6 1 0 0 0 0.175 0.985 0 -0.985 0.175 43093.dat
1 72 40 -191 354.6 0 1 0 -0.985 0 -0.175 -0.175 0 0.985 32348.dat
1 0 -40 -236.1 265.3 0 -1 0 -0.175 0 -0.985 0.985 0 -0.175 64179.dat
1 0 40 -236.1 265.3 0 -1 0 -0.175 0 -0.985 0.985 0 -0.175 64179.dat
1 1 -40 -186.2 213.2 0 1 0 0.175 0 -0.985 -0.985 0 -0.175 6558.dat
1 1 40 -186.2 213.2 0 1 0 0.175 0 -0.985 -0.985 0 -0.175 6558.dat
1 14 0 -186.2 213.2 0 0 1 0.985 -0.175 0 0.175 0.985 0 32524.dat
1 0 50 -209.4 229.4 1 0 0 0 -0.175 -0.985 0 0.985 -0.175 2780.dat
1 0 -50 -209.4 229.4 1 0 0 0 -0.175 -0.985 0 0.985 -0.175 2780.dat
1 71 -40 -182.7 193.5 -1 0 0 0 0.985 0.175 0 0.175 -0.985 32184.dat
1 71 40 -182.7 193.5 -1 0 0 0 0.985 0.175 0 0.175 -0.985 32184.dat
1 1 -50 -202.4 190 1 0 0 0 0.175 0.985 0 -0.985 0.175 43093.dat
1 1 -50 -163 197 1 0 0 0 0.175 0.985 0 -0.985 0.175 43093.dat
1 1 50 -202.4 190 -1 0 0 0 -0.175 0.985 0 0.985 0.175 43093.dat
1 1 50 -163 197 -1 0 0 0 -0.175 0.985 0 0.985 0.175 43093.dat
1 14 60 -184.9 91.5 0 1 0 0.985 0 0.175 0.175 0 -0.985 32278.dat
1 14 60 -145.5 98.5 0 1 0 0.985 0 0.175 0.175 0 -0.985 32278.dat
1 0 70 -205.9 209.7 1 0 0 0 0.985 -0.175 0 0.175 0.985 2780.dat
1 0 70 -198.9 170.3 1 0 0 0 0.985 -0.175 0 0.175 0.985 2780.dat
1 0 70 -166.5 216.7 1 0 0 0 0.985 -0.175 0 0.175 0.985 2780.dat
1 0 70 -156 157.6 1 0 0 0 0.985 -0.175 0 0.175 0.985 2780.dat
1 0 70 -142 78.8 1 0 0 0 0.985 -0.175 0 0.175 0.985 2780.dat
1 0 40 -191.9 130.9 0 1 0 -0.175 0 0.985 0.985 0 0.175 32140.dat
1 0 50 -152.5 137.9 1 0 0 0 0.985 -0.175 0 0.175 0.985 2780.dat
1 1 50 -132.8 141.4 1 0 0 0 0.985 -0.175 0 0.175 0.985 4274.dat
1 1 50 -191.9 130.9 -1 0 0 0 0.985 0.175 0 0.175 -0.985 43093.dat
1 0 0 -211.15 239.25 1 0 0 0 0.175 0.985 0 -0.985 0.175 87408.dat
1 1 0 -230.85 235.75 0 1 0 -0.175 0 0.985 0.985 0 0.175 43093.dat
1 1 0 -191.45 242.75 0 1 0 -0.175 0 0.985 0.985 0 0.175 43093.dat
1 71 0 -229.1 225.9 -1 0 0 0 -0.175 0.985 0 0.985 0.175 60484.dat
1 0 -20 -187.95 223.05 0 -1 0 0.175 0 0.985 -0.985 0 0.175 2780.dat
1 0 20 -187.95 223.05 0 -1 0 0.175 0 0.985 -0.985 0 0.175 2780.dat
1 14 0 -212.9 249.1 0 -1 0 0.175 0 0.985 -0.985 0 0.175 32073.dat
1 14 0 -204.15 199.85 -1 0 0 0 0.985 0.175 0 0.175 -0.985 59443.dat
1 0 0 -216.4 268.8 -1 0 0 0 0.985 0.175 0 0.175 -0.985 32270.dat
1 71 0 -223.4 308.2 -1 0 0 0 0.985 0.175 0 0.175 -0.985 62520.dat
1 71 0 -223.4 308.2 0 1 0 -0.94051 0 0.34095 0.34095 0 0.94051 62520.dat
1 71 0 -223.4 308.2 -1 0 0 0 0.94051 -0.34095 0 -0.34095 -0.94051 62519.dat
1 4 0 -249.45 283.25 0 1 0 0.985 0 0.175 0.175 0 -0.985 32062.dat
1 19 0 -236.645 285.525 1 0 0 0 0.175 0.985 0 -0.985 0.175 6589.dat
1 4 0 -279 278 1 0 0 0 0.175 0.985 0 -0.985 0.175 26287.dat
1 14 0 -189.3055 402.254 0 1 0 0.34095 0 0.94051 0.94051 0 -0.34095 60485.dat
1 0 0 -193.65 140.75 0 1 0 -0.175 0 0.985 0.985 0 0.175 3706.dat
1 0 -40 -318.4 271 0 0 -1 0.985 0.175 0 0.175 -0.985 0 32054.dat
1 0 40 -318.4 271 0 0 -1 0.985 0.175 0 0.175 -0.985 0 32054.dat
1 72 0 -318.4 271 0 0 -1 -0.175 0.985 0 0.985 0.175 0 32316.dat
1 72 -40 -86.7889 450.2197 0 1 0 -0.34095 0 -0.94051 -0.94051 0 0.34095 32526.dat
1 0 -30 -105.5991 457.0387 -1 0 0 0 -0.94051 0.34095 0 0.34095 0.94051 2780.dat
1 0 -20 -143.2195 470.6767 0 -1 0 -0.34095 0 0.94051 -0.94051 0 -0.34095 32140.dat
1 71 -20 -124.4093 463.8577 -1 0 0 0 0.34095 0.94051 0 0.94051 -0.34095 32054.dat
1 4 20 -124.4093 463.8577 -1 0 0 0 0.34095 0.94051 0 0.94051 -0.34095 11214.dat
1 1 -30 -168.8487 458.6855 1 0 0 0 -0.34095 0.94051 0 -0.94051 -0.34095 43093.dat
1 71 0 -168.8487 458.6855 0 0 -1 0.34095 0.94051 0 0.94051 -0.34095 0 32034.dat
1 1 30 -168.8487 458.6855 -1 0 0 0 0.94051 -0.34095 0 -0.34095 -0.94051 43093.dat
1 0 20 -143.2195 470.6767 0 -1 0 -0.34095 0 0.94051 -0.94051 0 -0.34095 32140.dat
1 1 30 -143.2195 470.6767 -1 0 0 0 0.94051 -0.34095 0 -0.34095 -0.94051 43093.dat
1 0 30 -105.5991 457.0387 -1 0 0 0 -0.94051 0.34095 0 0.34095 0.94051 2780.dat
1 72 40 -86.7889 450.2197 0 1 0 -0.34095 0 -0.94051 -0.94051 0 0.34095 32526.dat
1 0 50 -175.6677 439.8753 -1 0 0 0 -0.94051 0.34095 0 0.34095 0.94051 2780.dat
1 0 50 -162.0297 477.4957 -1 0 0 0 -0.94051 0.34095 0 0.34095 0.94051 2780.dat
1 0 -50 -175.6677 439.8753 -1 0 0 0 -0.94051 0.34095 0 0.34095 0.94051 2780.dat
1 0 -50 -162.0297 477.4957 -1 0 0 0 -0.94051 0.34095 0 0.34095 0.94051 2780.dat
1 0 60 -189.3057 402.2549 0 1 0 -0.94051 0 0.34095 0.34095 0 0.94051 32525.dat
1 0 -60 -189.3057 402.2549 0 1 0 -0.94051 0 0.34095 0.34095 0 0.94051 32525.dat
1 1 60 -223.4007 308.2039 -1 0 0 0 -0.34095 -0.94051 0 -0.94051 0.34095 6558.dat
1 1 -60 -223.4007 308.2039 1 0 0 0 0.34095 -0.94051 0 0.94051 0.34095 6558.dat
1 72 100 -195.1622 494.0171 0 -1 0 0.057545 0 0.998755 -0.998755 0 0.057545 32526.dat
1 0 90 -115.2618 498.6207 1 0 0 0 -0.998755 0.057545 0 -0.057545 -0.998755 2780.dat
1 0 90 -114.1109 478.6456 1 0 0 0 -0.998755 0.057545 0 -0.057545 -0.998755 2780.dat
1 1 80 -112.96 458.6705 -1 0 0 0 -0.998755 -0.057545 0 -0.057545 0.998755 6558.dat
1 0 80 -116.4127 518.5958 0 1 0 -0.998755 0 -0.057545 -0.057545 0 0.998755 32524.dat
1 0 90 -175.1871 495.168 1 0 0 0 -0.998755 0.057545 0 -0.057545 -0.998755 2780.dat
1 1 100 -195.1622 494.0171 1 0 0 0 -0.998755 0.057545 0 -0.057545 -0.998755 6558.dat
1 1 80 -155.212 496.3189 -1 0 0 0 -0.998755 -0.057545 0 -0.057545 0.998755 6558.dat
1 0 60 -139.5796 404.8708 0 -1 0 0.896345 0 0.443378 -0.443378 0 0.896345 32525.dat
1 1 90 -118.7145 558.546 1 0 0 0 -0.057545 -0.998755 0 0.998755 -0.057545 4274.dat
1 0 120 -135.2369 497.4698 0 -1 0 -0.057545 0 -0.998755 0.998755 0 -0.057545 32524.dat
1 0 110 -135.2369 497.4698 -1 0 0 0 0.057545 -0.998755 0 -0.998755 -0.057545 2780.dat
1 72 80 -199.7658 573.9175 0 1 0 0.998755 0 0.057545 0.057545 0 -0.998755 32526.dat
1 0 80 -197.464 533.9673 -1 0 0 0 0.998755 0.057545 0 0.057545 -0.998755 32054.dat
1 0 80 -199.7658 573.9175 -1 0 0 0 0.998755 0.057545 0 0.057545 -0.998755 32054.dat
1 0 80 -173.5 256.1 0 1 0 0.985 0 0.175 0.175 0 -0.985 32525.dat
1 0 90 -163 197 1 0 0 0 0.985 -0.175 0 0.175 0.985 2780.dat
1 1 100 -177 275.8 1 0 0 0 0.985 -0.175 0 0.175 0.985 6558.dat
1 0 100 -173.5 256.1 1 0 0 0 0.985 -0.175 0 0.175 0.985 11954.dat
1 0 110 -170 236.4 1 0 0 0 0.985 -0.175 0 0.175 0.985 2780.dat
1 1 80 -232.15 357.45 0 0.259 -0.966 -0.175 0.95151 0.255115 0.985 0.16905 0.045325 43093.dat
1 0 80 -233.9 367.3 0.259 0 0.966 0.95151 -0.175 -0.255115 0.16905 0.985 -0.045325 74695.dat
1 19 99.319 -237.2484 356.5442 0 0.259 0.966 0.175 0.95151 -0.255115 -0.985 0.16905 -0.045325 32002.dat
1 1 80 -193.65 140.75 0 0.259 0.966 0.175 0.95151 -0.255115 -0.985 0.16905 -0.045325 43093.dat
1 0 80 -191.9 130.9 -0.259 0 0.966 -0.95151 0.175 -0.255115 -0.16905 -0.985 -0.045325 74695.dat
1 19 99.319 -198.7484 139.8442 0 0.259 -0.966 -0.175 0.95151 0.255115 0.985 0.16905 0.045325 32002.dat
1 72 -100 -195.1622 494.0171 0 -1 0 0.057545 0 0.998755 -0.998755 0 0.057545 32526.dat
1 0 -90 -115.2618 498.6207 1 0 0 0 -0.998755 0.057545 0 -0.057545 -0.998755 2780.dat
1 0 -90 -114.1109 478.6456 1 0 0 0 -0.998755 0.057545 0 -0.057545 -0.998755 2780.dat
1 1 -80 -112.96 458.6705 1 0 0 0 -0.998755 0.057545 0 -0.057545 -0.998755 6558.dat
1 0 -80 -116.4127 518.5958 0 -1 0 0.998755 0 -0.057545 0.057545 0 0.998755 32524.dat
1 0 -90 -175.1871 495.168 1 0 0 0 -0.998755 0.057545 0 -0.057545 -0.998755 2780.dat
1 1 -100 -195.1622 494.0171 -1 0 0 0 -0.998755 -0.057545 0 -0.057545 0.998755 6558.dat
1 1 -80 -155.212 496.3189 1 0 0 0 -0.998755 0.057545 0 -0.057545 -0.998755 6558.dat
1 0 -60 -139.5796 404.8708 0 1 0 -0.896345 0 0.443378 0.443378 0 0.896345 32525.dat
1 1 -90 -118.7145 558.546 -1 0 0 0 -0.057545 0.998755 0 0.998755 0.057545 4274.dat
1 0 -120 -135.2369 497.4698 0 1 0 0.057545 0 -0.998755 -0.998755 0 -0.057545 32524.dat
1 0 -110 -135.2369 497.4698 -1 0 0 0 0.057545 -0.998755 0 -0.998755 -0.057545 2780.dat
1 72 -80 -199.7658 573.9175 0 1 0 0.998755 0 0.057545 0.057545 0 -0.998755 32526.dat
1 0 -80 -197.464 533.9673 1 0 0 0 0.998755 -0.057545 0 0.057545 0.998755 32054.dat
1 0 -80 -199.7658 573.9175 1 0 0 0 0.998755 -0.057545 0 0.057545 0.998755 32054.dat
1 0 -100 -173.5 256.1 -1 0 0 0 0.985 0.175 0 0.175 -0.985 11954.dat
1 0 -80 -173.5 256.1 0 -1 0 -0.985 0 0.175 -0.175 0 -0.985 32525.dat
1 0 -90 -163 197 1 0 0 0 0.985 -0.175 0 0.175 0.985 2780.dat
1 1 -100 -177 275.8 -1 0 0 0 0.985 0.175 0 0.175 -0.985 6558.dat
1 0 -110 -170 236.4 1 0 0 0 0.985 -0.175 0 0.175 0.985 2780.dat
1 0 -80 -233.9 367.3 0.259 0 -0.966 -0.95151 -0.175 -0.255115 -0.16905 0.985 -0.045325 74695.dat
1 1 -80 -232.15 357.45 0 -0.259 -0.966 -0.175 0.95151 -0.255115 0.985 0.16905 -0.045325 43093.dat
1 19 -99.319 -237.2484 356.5442 0 -0.259 0.966 0.175 0.95151 0.255115 -0.985 0.16905 0.045325 32002.dat
1 1 -80 -193.65 140.75 0 -0.259 0.966 0.175 0.95151 0.255115 -0.985 0.16905 0.045325 43093.dat
1 0 -80 -191.9 130.9 -0.259 0 -0.966 0.95151 0.175 -0.255115 0.16905 -0.985 -0.045325 74695.dat
1 19 -99.319 -198.7484 139.8442 0 -0.259 -0.966 -0.175 0.95151 -0.255115 0.985 0.16905 -0.045325 32002.dat
1 1 -40 -167.15 277.55 0 0 -1 0.985 0.175 0 0.175 -0.985 0 43093.dat
1 1 40 -167.15 277.55 0 0 -1 0.985 0.175 0 0.175 -0.985 0 43093.dat
1 0 0 -162.225 278.425 0 0 -1 -0.175 0.985 0 0.985 0.175 0 11478.dat
1 0 -40 -163.65 257.85 0 0 -1 0.985 0.175 0 0.175 -0.985 0 2780.dat
1 1 -100 -163.65 257.85 0 0 -1 0.985 0.175 0 0.175 -0.985 0 43093.dat
1 0 -100 -153.8 259.6 0 0 1 0.175 0.985 0 -0.985 0.175 0 32140.dat
1 0 40 -163.65 257.85 0 0 1 -0.985 0.175 0 -0.175 -0.985 0 2780.dat
1 1 100 -163.65 257.85 0 0 -1 0.985 0.175 0 0.175 -0.985 0 43093.dat
1 0 100 -153.8 259.6 0 0 -1 0.175 -0.985 0 -0.985 -0.175 0 32140.dat
1 72 0 -127.857 210.4031 -1 0 0 0 -0.98621 0.16924 0 0.16924 0.98621 61904.dat
1 25 0 -127.857 210.4031 0 -1 0 0.98621 0 0.16924 -0.16924 0 0.98621 47157.dat
1 71 0 -127.857 210.4031 -1 0 0 0 -0.98621 0.16924 0 0.16924 0.98621 62271.dat
1 72 0 -86.7871 450.2211 -1 0 0 0 -0.98621 0.16924 0 0.16924 0.98621 62274.dat
1 4 0 -145.8894 223.6417 -1 0 0 0 -0.98621 0.16924 0 0.16924 0.98621 32062.dat
1 4 0 -149.2665 203.9199 -1 0 0 0 -0.98621 0.16924 0 0.16924 0.98621 32062.dat
1 71 0 -129.5456 200.5426 0 0 -1 0.16924 0.98621 0 0.98621 -0.16924 0 4519.dat
1 19 0 -131.741 187.7238 0 -1 0 -0.98621 0 -0.16924 0.16924 0 -0.98621 6589.dat
1 1 -10 -83.4098 469.9419 -1 0 0 0 0.98621 -0.16924 0 -0.16924 -0.98621 4274.dat
1 70 0 -86.7871 450.2211 -1 0 0 0 0.16924 0.98621 0 0.98621 -0.16924 15462.dat
1 71 0 -136.3 161.1 -1 0 0 0 -0.175 0.985 0 0.985 0.175 44294.dat
1 0 -71 -136.3 161.1 0 0 -1 -0.985 -0.175 0 -0.175 0.985 0 21755.dat
1 0 71 -136.3 161.1 0 0 1 -0.985 0.175 0 -0.175 -0.985 0 21755.dat
1 0 -120 -173.5 256.1 0 1 0 -0.985 0 -0.175 -0.175 0 0.985 32525.dat
1 1 -140 -187.5 334.9 -1 0 0 0 -0.175 0.985 0 0.985 0.175 6558.dat
1 1 -140 -184 315.2 -1 0 0 0 -0.175 0.985 0 0.985 0.175 6558.dat
1 1 -140 -159.5 177.3 -1 0 0 0 -0.175 0.985 0 0.985 0.175 6558.dat
1 1 -140 -163 197 -1 0 0 0 -0.175 0.985 0 0.985 0.175 6558.dat
1 0 -140 -180.5 295.5 0 1 0 0.985 0 0.175 0.175 0 -0.985 32524.dat
1 0 -140 -166.5 216.7 0 1 0 0.985 0 0.175 0.175 0 -0.985 32140.dat
1 0 -160 -177 275.8 0 1 0 -0.985 0 -0.175 -0.175 0 0.985 87080.dat
1 0 -200 -155.55 269.45 0 1 0 -0.175 0 0.985 0.985 0 0.175 2780.dat
1 0 -160 -175.25 265.95 0 1 0 -0.175 0 0.985 0.985 0 0.175 2780.dat
1 0 -160 -173.5 256.1 0 1 0 0.985 0 0.175 0.175 0 -0.985 64391.dat
1 0 -200 -150.95 300.75 0 1 0 0.985 0 0.175 0.175 0 -0.985 2780.dat
1 0 -200 -140.45 241.65 0 1 0 0.985 0 0.175 0.175 0 -0.985 2780.dat
1 25 -200 -135.85 272.95 0 -1 0 0.985 0 -0.175 0.175 0 0.985 59443.dat
1 25 -240 -130.6 243.4 0 0 1 0.175 0.985 0 -0.985 0.175 0 25214.dat
1 4 -240 -135.85 272.95 0 0 1 0.175 0.985 0 -0.985 0.175 0 32062.dat
1 25 -240 -141.1 302.5 0 0 1 -0.175 -0.985 0 0.985 -0.175 0 25214.dat
1 0 120 -173.5 256.1 0 -1 0 0.985 0 -0.175 0.175 0 0.985 32525.dat
1 1 140 -187.5 334.9 1 0 0 0 -0.175 -0.985 0 0.985 -0.175 6558.dat
1 1 140 -184 315.2 1 0 0 0 -0.175 -0.985 0 0.985 -0.175 6558.dat
1 1 140 -159.5 177.3 1 0 0 0 -0.175 -0.985 0 0.985 -0.175 6558.dat
1 1 140 -163 197 1 0 0 0 -0.175 -0.985 0 0.985 -0.175 6558.dat
1 0 140 -180.5 295.5 0 -1 0 -0.985 0 0.175 -0.175 0 -0.985 32524.dat
1 0 140 -166.5 216.7 0 1 0 0.985 0 0.175 0.175 0 -0.985 32140.dat
1 0 160 -177 275.8 0 -1 0 0.985 0 -0.175 0.175 0 0.985 87086.dat
1 0 200 -155.55 269.45 0 -1 0 0.175 0 0.985 -0.985 0 0.175 2780.dat
1 0 160 -175.25 265.95 0 -1 0 0.175 0 0.985 -0.985 0 0.175 2780.dat
1 0 160 -173.5 256.1 0 -1 0 -0.985 0 0.175 -0.175 0 -0.985 64683.dat
1 0 200 -150.95 300.75 0 -1 0 -0.985 0 0.175 -0.175 0 -0.985 2780.dat
1 0 200 -140.45 241.65 0 -1 0 -0.985 0 0.175 -0.175 0 -0.985 2780.dat
1 25 200 -135.85 272.95 0 1 0 -0.985 0 -0.175 -0.175 0 0.985 59443.dat
1 25 240 -130.6 243.4 1 0 0 0 0.985 -0.175 0 0.175 0.985 25214.dat
1 4 240 -135.85 272.95 0 0 -1 -0.175 0.985 0 0.985 0.175 0 32062.dat
1 25 240 -141.1 302.5 1 0 0 0 -0.985 0.175 0 -0.175 -0.985 25214.dat
1 72 152 -136.3 161.1 1 0 0 0 0.985 -0.175 0 0.175 0.985 55013.dat
1 14 225 -136.3 161.1 0 0 -1 -0.175 0.985 0 0.985 0.175 0 32123.dat
1 0 210 -136.3 161.1 0 0 1 0.175 0.985 0 -0.985 0.175 0 32270.dat
1 71 180 -136.3 161.1 1 0 0 0 0.985 -0.175 0 0.175 0.985 62462.dat
1 14 155 -136.3 161.1 0 0 -1 -0.175 0.985 0 0.985 0.175 0 32123.dat
1 14 -155 -136.3 161.1 0 0 1 0.175 0.985 0 -0.985 0.175 0 32123.dat
1 72 -152 -136.3 161.1 -1 0 0 0 0.985 0.175 0 0.175 -0.985 55013.dat
1 14 -225 -136.3 161.1 0 0 1 0.175 0.985 0 -0.985 0.175 0 32123.dat
1 0 -210 -136.3 161.1 0 0 -1 -0.175 0.985 0 0.985 0.175 0 32270.dat
1 71 -180 -136.3 161.1 -1 0 0 0 0.985 0.175 0 0.175 -0.985 62462.dat
1 71 0 -92.1 26.7 0 0 -1 -0.175 0.985 0 0.985 0.175 0 40490.dat
1 1 -80 -111.8 23.2 0 0 -1 -0.985 -0.175 0 -0.175 0.985 0 6558.dat
1 1 -40 -111.8 23.2 0 0 -1 -0.985 -0.175 0 -0.175 0.985 0 6558.dat
1 1 40 -111.8 23.2 0 0 -1 -0.985 -0.175 0 -0.175 0.985 0 6558.dat
1 1 80 -111.8 23.2 0 0 -1 -0.985 -0.175 0 -0.175 0.985 0 6558.dat
1 14 -20 -111.8 23.2 0 0 -1 0.175 -0.985 0 -0.985 -0.175 0 32348.dat
1 14 20 -111.8 23.2 0 0 1 0.175 0.985 0 -0.985 0.175 0 32348.dat
1 72 -80 -131.5 19.7 0 0 1 0.175 0.985 0 -0.985 0.175 0 18654.dat
1 72 80 -131.5 19.7 0 0 1 0.175 0.985 0 -0.985 0.175 0 18654.dat
1 4 -116 -93.55 -22.33 0 0.6 -0.8 -0.985 -0.14 -0.105 -0.175 0.788 0.591 32062.dat
1 4 116 -93.55 -22.33 0 -0.8 0.6 -0.985 0.105 0.14 -0.175 -0.591 -0.788 32062.dat
1 0 0 -198.597 553.9446 0 0 1 -0.057545 -0.998755 0 0.998755 -0.057545 0 64179.dat
1 19 60 -176.3201 515.1453 0 0 1 0.998755 -0.057545 0 0.057545 0.998755 0 32556.dat
1 19 -60 -176.3201 515.1453 0 0 1 0.998755 -0.057545 0 0.057545 0.998755 0 32556.dat
1 0 -100 -176.3201 515.1453 0 0 1 0.057545 0.998755 0 -0.998755 0.057545 0 32524.dat
1 1 -80 -156.345 516.2962 0 0 1 0.998755 -0.057545 0 0.057545 0.998755 0 6558.dat
1 71 -160 -166.3325 515.7208 0 0 1 0.998755 -0.057545 0 0.057545 0.998755 0 3673.dat
1 72 -80 -156.345 516.2962 0 0 1 0.057545 0.998755 0 -0.998755 0.057545 0 18654.dat
1 0 100 -176.3201 515.1453 0 0 -1 -0.057545 0.998755 0 0.998755 0.057545 0 32524.dat
1 1 80 -156.345 516.2962 0 0 -1 0.998755 0.057545 0 0.057545 -0.998755 0 6558.dat
1 71 160 -166.3325 515.7208 0 0 -1 0.998755 0.057545 0 0.057545 -0.998755 0 3673.dat
1 72 80 -156.345 516.2962 0 0 -1 -0.057545 0.998755 0 0.998755 0.057545 0 18654.dat
1 14 20 -156.345 516.2962 0 0 -1 -0.998755 -0.057545 0 -0.057545 0.998755 0 32073.dat
1 14 -20 -156.345 516.2962 0 0 -1 -0.998755 -0.057545 0 -0.057545 0.998755 0 32073.dat
1 71 0 -176.3201 515.1453 0 -1 0 0.998755 0 -0.057545 0.057545 0 0.998755 32184.dat
1 0 20 -156.345 516.2962 0 0 1 0.057545 0.998755 0 -0.998755 0.057545 0 74695.dat
1 0 -20 -156.345 516.2962 0 0 -1 -0.057545 0.998755 0 0.998755 0.057545 0 74695.dat
1 1 -40 -156.345 516.2962 0 0 1 -0.998755 0.057545 0 -0.057545 -0.998755 0 6558.dat
1 1 40 -156.345 516.2962 0 0 1 -0.998755 0.057545 0 -0.057545 -0.998755 0 6558.dat
1 72 -60 -157.4959 536.2713 1 0 0 0 0.998755 -0.057545 0 0.057545 0.998755 32523.dat
1 1 -60 -158.6468 556.2464 0 0 1 0.998755 -0.057545 0 0.057545 0.998755 0 6558.dat
1 0 0 -178.6219 555.0955 -1 0 0 0 -0.998755 -0.057545 0 -0.057545 0.998755 87761.dat
1 4 -40 -179.1973 565.083 0 0 1 -0.057545 -0.998755 0 0.998755 -0.057545 0 32062.dat
1 14 -40 -179.4851 570.0768 1 0 0 0 -0.998755 0.057545 0 -0.057545 -0.998755 32123.dat
1 71 -40 -180.0605 580.0643 0 0 1 -0.998755 0.057545 0 -0.057545 -0.998755 0 41677.dat
1 72 60 -157.4959 536.2713 1 0 0 0 0.998755 -0.057545 0 0.057545 0.998755 32523.dat
1 1 60 -158.6468 556.2464 0 0 1 0.998755 -0.057545 0 0.057545 0.998755 0 6558.dat
1 4 40 -179.1973 565.083 0 0 -1 0.057545 -0.998755 0 -0.998755 -0.057545 0 32062.dat
1 14 40 -179.4851 570.0768 1 0 0 0 -0.998755 0.057545 0 -0.057545 -0.998755 32123.dat
1 71 40 -180.0605 580.0643 0 0 -1 0.998755 0.057545 0 0.057545 -0.998755 0 41677.dat
1 4 -60 -180.9237 595.0457 0 -1 0 0.998755 0 -0.057545 0.057545 0 0.998755 11214.dat
1 72 -20 -180.9237 595.0457 0 0 -1 0.057545 -0.998755 0 -0.998755 -0.057545 0 32348.dat
1 0 -60 -140.9735 597.3475 0 0 -1 0.998755 0.057545 0 0.057545 -0.998755 0 32054.dat
1 1 -116 -168.174 547.6809 0 0.6 -0.8 -0.998755 -0.046036 -0.034527 -0.057545 0.799004 0.599253 43093.dat
1 72 -116 -158.1864 548.2563 -0.8 0 -0.6 -0.034527 0.998755 0.046036 0.599253 0.057545 -0.799004 32316.dat
1 0 -92 -170.0154 579.6411 0 0 -1 0.998755 0.057545 0 0.057545 -0.998755 0 2780.dat
1 1 -140 -156.345 516.2962 0 0 1 -0.998755 0.057545 0 -0.057545 -0.998755 0 6558.dat
1 4 60 -180.9237 595.0457 0 1 0 0.998755 0 0.057545 0.057545 0 -0.998755 11214.dat
1 72 20 -180.9237 595.0457 0 0 1 0.057545 0.998755 0 -0.998755 0.057545 0 32348.dat
1 0 60 -140.9735 597.3475 0 0 -1 0.998755 0.057545 0 0.057545 -0.998755 0 32054.dat
1 1 116 -168.174 547.6809 0 -0.6 -0.8 -0.998755 -0.046036 0.034527 -0.057545 0.799004 -0.599253 43093.dat
1 72 116 -158.1864 548.2563 -0.8 0 0.6 0.034527 0.998755 0.046036 -0.599253 0.057545 -0.799004 32316.dat
1 0 92 -170.0154 579.6411 0 0 1 -0.998755 0.057545 0 -0.057545 -0.998755 0 2780.dat
1 1 140 -156.345 516.2962 0 0 1 -0.998755 0.057545 0 -0.057545 -0.998755 0 6558.dat
1 14 20 -160.9486 596.1966 0 0 -1 -0.998755 -0.057545 0 -0.057545 0.998755 0 32073.dat
1 14 -20 -160.9486 596.1966 0 0 -1 -0.998755 -0.057545 0 -0.057545 0.998755 0 32073.dat
1 71 0 -160.9486 596.1966 0 -1 0 0.998755 0 -0.057545 0.057545 0 0.998755 32184.dat
1 70 0 -158.6468 556.2464 0 -1 0 -0.057545 0 -0.998755 0.998755 0 -0.057545 15462.dat
1 15 0 -159.7977 576.2215 1 0 0 0 -0.057545 -0.998755 0 0.998755 -0.057545 74695.dat
1 0 0 -158.6468 556.2464 0 1 0 -0.998755 0 -0.057545 -0.057545 0 0.998755 32270.dat
1 14 0 -157.7836 541.2651 0 1 0 -0.998755 0 -0.057545 -0.057545 0 0.998755 32123.dat
1 71 0 -197.1584 528.9757 1 0 0 0 0.057545 0.998755 0 -0.998755 0.057545 99773.dat
1 71 0 -155.1941 496.3211 0 -1 0 -0.940529 0 -0.340626 0.340626 0 -0.940529 62520.dat
1 71 0 -155.1941 496.3211 1 0 0 0 0.998755 -0.057545 0 0.057545 0.998755 62520.dat
1 71 0 -155.1941 496.3211 0 -1 0 -0.940529 0 -0.340626 0.340626 0 -0.940529 62519.dat
1 0 0 -136.3699 517.4471 0 0 -1 -0.057545 0.998755 0 0.998755 0.057545 0 32278.dat
1 0 0 -140.9735 597.3475 0 0 -1 -0.057545 0.998755 0 0.998755 0.057545 0 32524.dat
1 72 190 -136.3699 517.4471 0 0 -1 0.057545 -0.998755 0 -0.998755 -0.057545 0 92909.dat
1 1 160 -106.4072 519.1735 0 0 -1 0.998755 0.057545 0 0.057545 -0.998755 0 43093.dat
1 19 160 -148.6592 556.8218 0 0 -1 -0.998755 -0.057545 0 -0.057545 0.998755 0 3749.dat
1 72 -190 -136.3699 517.4471 0 0 1 -0.057545 -0.998755 0 0.998755 -0.057545 0 92909.dat
1 1 -160 -106.4072 519.1735 0 0 -1 0.998755 0.057545 0 0.057545 -0.998755 0 43093.dat
1 19 -160 -148.6592 556.8218 0 0 -1 -0.998755 -0.057545 0 -0.057545 0.998755 0 3749.dat
1 0 100 -138.6717 557.3973 0 0 -1 -0.057545 0.998755 0 0.998755 0.057545 0 32524.dat
1 0 -100 -138.6717 557.3973 0 0 -1 -0.057545 0.998755 0 0.998755 0.057545 0 32524.dat
1 1 120 -126.3823 518.0225 0 0 -1 0.998755 0.057545 0 0.057545 -0.998755 0 43093.dat
1 71 120 -96.4197 519.7489 0 0 -1 0.998755 0.057545 0 0.057545 -0.998755 0 32054.dat
1 1 -120 -126.3823 518.0225 0 0 -1 0.998755 0.057545 0 0.057545 -0.998755 0 43093.dat
1 71 -120 -96.4197 519.7489 0 0 -1 0.998755 0.057545 0 0.057545 -0.998755 0 32054.dat
1 0 120 -128.6841 557.9727 0 0 -1 0.998755 0.057545 0 0.057545 -0.998755 0 2780.dat
1 0 -120 -128.6841 557.9727 0 0 -1 0.998755 0.057545 0 0.057545 -0.998755 0 2780.dat
1 72 -120 -118.6966 558.5482 0 0 -1 0.057545 -0.998755 0 -0.998755 -0.057545 0 18654.dat
1 72 120 -118.6966 558.5482 0 0 -1 0.057545 -0.998755 0 -0.998755 -0.057545 0 18654.dat
1 0 0 -118.6966 558.5482 0 0 1 -0.057545 -0.998755 0 0.998755 -0.057545 0 64179.dat
1 1 -60 -116.3948 518.598 0 0 1 -0.998755 0.057545 0 -0.057545 -0.998755 0 6558.dat
1 1 60 -116.3948 518.598 0 0 1 -0.998755 0.057545 0 -0.057545 -0.998755 0 6558.dat
1 72 80 -162.0995 616.1717 0 -1 0 0.057545 0 0.998755 -0.998755 0 0.057545 32316.dat
1 0 70 -202.0497 613.8699 -1 0 0 0 0.057545 -0.998755 0 -0.998755 -0.057545 2780.dat
1 0 70 -142.1244 617.3226 -1 0 0 0 0.057545 -0.998755 0 -0.998755 -0.057545 2780.dat
1 72 60 -162.0995 616.1717 0 -1 0 0.057545 0 0.998755 -0.998755 0 0.057545 32316.dat
1 1 40 -162.0995 616.1717 -1 0 0 0 0.057545 -0.998755 0 -0.998755 -0.057545 6558.dat
1 1 40 -182.0746 615.0208 -1 0 0 0 0.057545 -0.998755 0 -0.998755 -0.057545 6558.dat
1 0 40 -122.1493 618.4735 1 0 0 0 -0.057545 -0.998755 0 0.998755 -0.057545 87082.dat
1 14 40 -182.0746 615.0208 0 0 -1 -0.057545 0.998755 0 0.998755 0.057545 0 42003.dat
1 72 20 -162.0995 616.1717 0 -1 0 0.057545 0 0.998755 -0.998755 0 0.057545 32316.dat
1 71 40 -198.597 553.9446 0 -1 0 0.057545 0 0.998755 -0.998755 0 0.057545 44294.dat
1 0 40 -121.5738 608.486 0 -1 0 0.057545 0 0.998755 -0.998755 0 0.057545 2780.dat
1 72 -80 -162.0995 616.1717 0 1 0 -0.057545 0 0.998755 0.998755 0 0.057545 32316.dat
1 0 -70 -202.0497 613.8699 -1 0 0 0 0.057545 -0.998755 0 -0.998755 -0.057545 2780.dat
1 0 -70 -142.1244 617.3226 -1 0 0 0 0.057545 -0.998755 0 -0.998755 -0.057545 2780.dat
1 72 -60 -162.0995 616.1717 0 1 0 -0.057545 0 0.998755 0.998755 0 0.057545 32316.dat
1 1 -40 -162.0995 616.1717 1 0 0 0 0.057545 0.998755 0 -0.998755 0.057545 6558.dat
1 1 -40 -182.0746 615.0208 1 0 0 0 0.057545 0.998755 0 -0.998755 0.057545 6558.dat
1 0 -40 -122.1493 618.4735 1 0 0 0 -0.057545 -0.998755 0 0.998755 -0.057545 87082.dat
1 14 -40 -182.0746 615.0208 0 0 1 0.057545 0.998755 0 -0.998755 0.057545 0 42003.dat
1 72 -20 -162.0995 616.1717 0 1 0 -0.057545 0 0.998755 0.998755 0 0.057545 32316.dat
1 71 -40 -198.597 553.9446 0 1 0 -0.057545 0 0.998755 0.998755 0 0.057545 44294.dat
1 0 -40 -121.5738 608.486 0 1 0 -0.057545 0 0.998755 0.998755 0 0.057545 2780.dat
1 1 40 -115.8193 508.6104 0 0 -1 0.057545 -0.998755 0 -0.998755 -0.057545 0 43093.dat
1 1 -40 -115.8193 508.6104 0 0 -1 0.057545 -0.998755 0 -0.998755 -0.057545 0 43093.dat
1 0 40 -155.4818 501.3148 -1 0 0 0 -0.057545 0.998755 0 0.998755 0.057545 11478.dat
1 0 -40 -155.4818 501.3148 -1 0 0 0 -0.057545 0.998755 0 0.998755 0.057545 11478.dat
1 0 100 -96.4197 519.7489 0 0 -1 -0.057545 0.998755 0 0.998755 0.057545 0 32524.dat
1 0 -100 -96.4197 519.7489 0 0 -1 -0.057545 0.998755 0 0.998755 0.057545 0 32524.dat
1 0 -120 -76.4446 520.8998 1 0 0 0 0.057545 0.998755 0 -0.998755 0.057545 92907.dat
1 4 -120 -75.2937 500.9247 1 0 0 0 0.057545 0.998755 0 -0.998755 0.057545 32062.dat
1 4 -120 -95.2688 499.7738 1 0 0 0 0.057545 0.998755 0 -0.998755 0.057545 32062.dat
1 0 120 -76.4446 520.8998 1 0 0 0 0.057545 0.998755 0 -0.998755 0.057545 92907.dat
1 4 120 -75.2937 500.9247 1 0 0 0 0.057545 0.998755 0 -0.998755 0.057545 32062.dat
1 4 120 -95.2688 499.7738 1 0 0 0 0.057545 0.998755 0 -0.998755 0.057545 32062.dat
1 0 80 -119.8382 578.4995 -1 0 0 0 0.985 0.175 0 0.175 -0.985 32054.dat
1 0 -80 -119.8382 578.4995 1 0 0 0 0.985 -0.175 0 0.175 0.985 32054.dat
1 0 40 -246.6 324.4 0 0 1 0.175 0.985 0 -0.985 0.175 0 32054.dat
1 0 -40 -246.6 324.4 0 0 1 0.175 0.985 0 -0.985 0.175 0 32054.dat
1 72 0 -246.6 324.4 0 0 -1 -0.985 -0.175 0 -0.175 0.985 0 32316.dat
1 71 -60 -248.8 222.4 1 0 0 0 0.985 -0.175 0 0.175 0.985 32054.dat
1 0 -60 -291.7 235.1 0 -1 0 -0.985 0 0.175 -0.175 0 -0.985 64179.dat
1 71 -60 -341.6 287.2 1 0 0 0 0.985 -0.175 0 0.175 0.985 32054.dat
1 0 -70 -320.6 169 1 0 0 0 0.985 -0.175 0 0.175 0.985 2780.dat
1 0 -60 -340.95 226.35 0 0 -1 -0.985 -0.175 0 -0.175 0.985 0 2780.dat
1 0 -60 -347.95 265.75 0 0 -1 -0.985 -0.175 0 -0.175 0.985 0 2780.dat
1 0 -60 -249.45 283.25 0 0 -1 -0.985 -0.175 0 -0.175 0.985 0 2780.dat
1 0 -60 -235.45 204.45 0 0 -1 -0.985 -0.175 0 -0.175 0.985 0 2780.dat
1 14 -60 -236.1 265.3 1 0 0 0 -0.985 0.175 0 -0.175 -0.985 32524.dat
1 25 0 -255.6701 130.9414 0 1 0 0.8023 0 -0.59819 -0.59819 0 -0.8023 47157.dat
1 71 0 -255.6701 130.9414 1 0 0 0 -0.8023 -0.59819 0 0.59819 -0.8023 62271.dat
1 72 0 -393.2538 -53.5876 1 0 0 0 -0.8023 -0.59819 0 0.59819 -0.8023 62274.dat
1 71 0 -249.6882 138.9644 0 0 1 0.59819 -0.8023 0 0.8023 0.59819 0 4519.dat
1 14 0 -277.698 134.8822 -1 0 0 0 -0.8023 0.59819 0 0.59819 0.8023 32073.dat
1 14 0 -265.7342 150.9282 -1 0 0 0 -0.8023 0.59819 0 0.59819 0.8023 32073.dat
1 72 0 -255.6701 130.9414 1 0 0 0 -0.8023 -0.59819 0 0.59819 -0.8023 61904.dat
1 71 25 -265.7342 150.9282 0 1 0 0.8023 0 -0.59819 -0.59819 0 -0.8023 41677.dat
1 71 -25 -265.7342 150.9282 0 1 0 0.8023 0 -0.59819 -0.59819 0 -0.8023 41677.dat
1 0 0 -237.7244 155.0104 0 1 0 0.8023 0 -0.59819 -0.59819 0 -0.8023 32270.dat
1 0 -40 -277.698 134.8822 0 -1 0 0.8023 0 0.59819 -0.59819 0 0.8023 32140.dat
1 0 40 -277.698 134.8822 0 -1 0 0.8023 0 0.59819 -0.59819 0 0.8023 32140.dat
1 71 0 -225.7606 171.0564 -1 0 0 0 -0.59819 -0.8023 0 -0.8023 0.59819 44294.dat
1 14 70 -225.7606 171.0564 0 0 1 -0.59819 0.8023 0 -0.8023 -0.59819 0 59443.dat
1 19 -17 -225.7606 171.0564 0 0 1 -0.59819 0.8023 0 -0.8023 -0.59819 0 6589.dat
1 14 -70 -225.7606 171.0564 0 0 1 -0.59819 0.8023 0 -0.8023 -0.59819 0 59443.dat
1 0 50 -241.8066 183.0202 1 0 0 0 0.8023 0.59819 0 -0.59819 0.8023 2780.dat
1 0 -50 -241.8066 183.0202 1 0 0 0 0.8023 0.59819 0 -0.59819 0.8023 2780.dat
1 28 102 -225.7622 171.0368 1 0 0 0 0.8023 0.59819 0 -0.59819 0.8023 6587.dat
1 71 100 -225.7622 171.0368 0 0 -1 0.59819 0.8023 0 0.8023 -0.59819 0 3713.dat
1 0 120 -225.7622 171.0368 0 0 -1 0.59819 0.8023 0 0.8023 -0.59819 0 32270.dat
1 28 -102 -225.7622 171.0368 -1 0 0 0 0.8023 -0.59819 0 -0.59819 -0.8023 6587.dat
1 71 -100 -225.7622 171.0368 0 0 1 -0.59819 0.8023 0 -0.8023 -0.59819 0 3713.dat
1 0 -120 -225.7622 171.0368 0 0 1 -0.59819 0.8023 0 -0.8023 -0.59819 0 32270.dat
1 0 20 -405.2131 -69.5333 0 -1 0 0.950825 0 -0.310165 0.310165 0 0.950825 32271.dat
1 4 20 -423.823 -12.4838 -1 0 0 0 -0.310165 0.950825 0 0.950825 0.310165 11214.dat
1 71 -20 -423.823 -12.4838 -1 0 0 0 -0.310165 0.950825 0 0.950825 0.310165 32054.dat
1 0 0 -430.9417 60.9383 1 0 0 0 0.574561 -0.818627 0 0.818627 0.574561 87082.dat
1 0 -20 -405.2131 -69.5333 0 -1 0 0.950825 0 -0.310165 0.310165 0 0.950825 32271.dat
1 1 40 -442.4329 44.5657 1 0 0 0 0.574561 -0.818627 0 0.818627 0.574561 6558.dat
1 1 -40 -442.4329 44.5657 -1 0 0 0 0.946759 -0.322363 0 -0.322363 -0.946759 6558.dat
1 4 40 -419.4505 77.3108 -1 0 0 0 -0.818627 0.574561 0 0.574561 0.818627 11214.dat
1 4 -40 -419.4505 77.3108 1 0 0 0 -0.574561 0.818627 0 -0.818627 -0.574561 11214.dat
1 0 40 -407.9593 93.6834 0 -1 0 0.818627 0 0.574561 -0.574561 0 0.818627 32278.dat
1 19 30 -373.4856 142.801 -1 0 0 0 0.818627 -0.574561 0 -0.574561 -0.818627 32002.dat
1 71 0 -361.9944 159.1735 -1 0 0 0 0.818627 -0.574561 0 -0.574561 -0.818627 44294.dat
1 0 0 -390.7224 118.2422 0 0 -1 0.818627 -0.574561 0 -0.574561 -0.818627 0 87408.dat
1 71 0 -384.9768 126.4284 0 0 -1 0.574561 0.818627 0 0.818627 -0.574561 0 4519.dat
1 19 0 -377.5075 137.0706 0 -1 0 0.818627 0 0.574561 -0.574561 0 0.818627 6589.dat
1 14 0 -402.2137 101.8696 -1 0 0 0 0.818627 -0.574561 0 -0.574561 -0.818627 59443.dat
1 14 0 -430.9417 60.9383 0 0 -1 -0.574561 -0.818627 0 -0.818627 0.574561 0 32073.dat
1 71 0 -465.4153 11.8207 -1 0 0 0 -0.818627 0.574561 0 0.574561 0.818627 62520.dat
1 71 0 -465.4153 11.8207 0 1 0 0.989601 0 0.142921 0.142921 0 -0.989601 62520.dat
1 71 0 -465.4153 11.8207 -1 0 0 0 -0.98505 -0.172997 0 -0.172997 0.98505 62519.dat
1 71 0 -459.6982 -27.7738 0 1 0 0.142921 0 -0.989601 -0.989601 0 -0.142921 4519.dat
1 71 20 -366.3669 69.3789 0 1 0 -0.818627 0 0.574561 0.574561 0 0.818627 6629.dat
1 14 0 -327.5207 208.2911 1 0 0 0 0.310165 0.950825 0 -0.950825 0.310165 60485.dat
1 4 20 -354.8757 85.7515 -1 0 0 0 -0.574561 -0.818627 0 -0.818627 0.574561 11214.dat
1 71 -20 -354.8757 85.7515 -1 0 0 0 -0.818627 0.574561 0 0.574561 0.818627 32054.dat
1 71 0 -327.5207 208.2911 0 0 1 0.310165 0.950825 0 -0.950825 0.310165 0 3713.dat
1 71 -20 -366.3669 69.3789 0 1 0 -0.818627 0 0.574561 0.574561 0 0.818627 6629.dat
1 0 -30 -308.9108 151.2416 1 0 0 0 0.818627 0.574561 0 -0.574561 0.818627 2780.dat
1 0 30 -308.9108 151.2416 1 0 0 0 0.818627 0.574561 0 -0.574561 0.818627 2780.dat
1 0 -40 -407.9593 93.6834 0 -1 0 0.818627 0 0.574561 -0.574561 0 0.818627 32278.dat
1 1 -60 -396.468 110.0559 -1 0 0 0 0.946759 -0.322363 0 -0.322363 -0.946759 6558.dat
1 1 60 -396.468 110.0559 1 0 0 0 -0.625005 -0.780794 0 0.780794 -0.625005 6558.dat
1 0 -40 -366.3669 69.3789 0 1 0 -0.818627 0 0.574561 0.574561 0 0.818627 32525.dat
1 0 40 -366.3669 69.3789 0 1 0 -0.818627 0 0.574561 0.574561 0 0.818627 32525.dat
1 1 -60 -488.3978 -20.9244 -1 0 0 0 0.946759 -0.322363 0 -0.322363 -0.946759 6558.dat
1 1 60 -488.3978 -20.9244 1 0 0 0 0.625005 0.780794 0 -0.780794 0.625005 6558.dat
1 4 40 -465.4153 11.8207 1 0 0 0 -0.574561 0.818627 0 -0.818627 -0.574561 11214.dat
1 4 -40 -465.4153 11.8207 -1 0 0 0 -0.574561 -0.818627 0 -0.818627 0.574561 11214.dat
1 72 0 -458.2681 -37.6727 1 0 0 0 -0.989601 0.142921 0 -0.142921 -0.989601 61904.dat
1 25 0 -458.2681 -37.6727 0 1 0 0.989601 0 0.142921 0.142921 0 -0.989601 47157.dat
1 71 0 -458.2681 -37.6727 1 0 0 0 -0.989601 0.142921 0 -0.142921 -0.989601 62271.dat
1 72 0 -422.5347 -285.1403 1 0 0 0 -0.989601 0.142921 0 -0.142921 -0.989601 62274.dat
1 4 0 -479.4953 -30.6328 1 0 0 0 -0.989601 0.142921 0 -0.142921 -0.989601 32062.dat
1 4 0 -476.6363 -50.4299 1 0 0 0 -0.989601 0.142921 0 -0.142921 -0.989601 32062.dat
1 0 60 -442.4329 44.5657 0 1 0 0.818627 0 -0.574561 -0.574561 0 -0.818627 32525.dat
1 0 50 -499.889 -37.297 -1 0 0 0 0.993221 0.115698 0 0.115698 -0.993221 2780.dat
1 0 40 -483.6712 -176.374 0 1 0 0.993221 0 0.115698 0.115698 0 -0.993221 32278.dat
1 0 30 -495.2523 -77.0366 -1 0 0 0 0.993221 0.115698 0 0.115698 -0.993221 2780.dat
1 1 40 -490.6244 -116.7655 1 0 0 0 -0.115698 -0.993221 0 0.993221 -0.115698 6558.dat
1 0 30 -481.3685 -196.2232 -1 0 0 0 0.993221 0.115698 0 0.115698 -0.993221 2780.dat
1 0 0 -488.3104 -136.6299 0 0 -1 -0.115698 0.993221 0 0.993221 0.115698 0 15458.dat
1 0 -30 -495.2523 -77.0366 1 0 0 0 -0.993221 0.115698 0 -0.115698 -0.993221 2780.dat
1 1 -40 -490.6244 -116.7655 -1 0 0 0 -0.115698 0.993221 0 0.993221 0.115698 6558.dat
1 0 -30 -481.3685 -196.2232 1 0 0 0 -0.993221 0.115698 0 -0.115698 -0.993221 2780.dat
1 1 0 -419.6757 -304.9373 -1 0 0 0 0.574561 0.818627 0 0.818627 -0.574561 6558.dat
1 0 20 -472.0872 -275.7136 0 -1 0 -0.487304 0 0.873271 -0.873271 0 -0.487304 32140.dat
1 71 0 -472.0872 -275.7136 -1 0 0 0 0.487304 0.873271 0 0.873271 -0.487304 44294.dat
1 0 -20 -472.0872 -275.7136 0 -1 0 -0.487304 0 0.873271 -0.873271 0 -0.487304 32140.dat
1 72 0 -472.0872 -275.7136 0 -1 0 0.818627 0 0.574561 -0.574561 0 0.818627 18654.dat
1 71 20 -467.4734 -315.425 1 0 0 0 0.655122 -0.755486 0 0.755486 0.655122 32054.dat
1 4 -20 -467.4734 -315.425 1 0 0 0 0.655122 -0.755486 0 0.755486 0.655122 11214.dat
1 14 20 -433.2163 -398.0603 0 -1 0 0.655122 0 -0.755486 0.755486 0 0.655122 32526.dat
1 14 5 -446.4415 -347.1369 0 1 0 -0.824373 0 0.566375 0.566375 0 0.824373 32449.dat
1 14 -5 -446.4415 -347.1369 0 1 0 -0.824373 0 0.566375 0.566375 0 0.824373 32449.dat
1 14 -20 -433.2163 -398.0603 0 -1 0 0.655122 0 -0.755486 0.755486 0 0.655122 32526.dat
1 0 -40 -483.657 -176.3915 0 1 0 0.993221 0 0.115698 0.115698 0 -0.993221 32278.dat
