0 Main
0 Name: 7632 - Crawler Crane.mpd
0 Author: LTRON
1 0 -80 0 0 -1 0 0 0 1 0 0 0 -1 32532.dat
1 0 0 10 -20 -1 0 0 0 1 0 0 0 -1 2780.dat
1 0 0 10 20 -1 0 0 0 1 0 0 0 -1 2780.dat
1 0 80 0 0 -1 0 0 0 1 0 0 0 -1 32532.dat
1 72 0 24 0 0 0 1 0 1 0 -1 0 0 3034.dat
1 72 0 0 -70 1 0 0 0 1 0 0 0 1 2877.dat
1 72 0 0 70 -1 0 0 0 1 0 0 0 -1 2877.dat
1 4 -140 24 -40 -1 0 0 0 1 0 0 0 -1 2654.dat
1 4 -140 24 40 -1 0 0 0 1 0 0 0 -1 2654.dat
1 4 140 24 -40 -1 0 0 0 1 0 0 0 -1 2654.dat
1 4 140 24 40 -1 0 0 0 1 0 0 0 -1 2654.dat
1 72 -100 24 0 0 0 1 0 1 0 -1 0 0 4282.dat
1 72 -100 0 -70 -1 0 0 0 1 0 0 0 -1 2877.dat
1 72 -100 0 70 1 0 0 0 1 0 0 0 1 2877.dat
1 14 -100 0 100 -1 0 0 0 1 0 0 0 -1 6232.dat
1 14 -100 0 140 -1 0 0 0 1 0 0 0 -1 6232.dat
1 14 -100 0 -140 -1 0 0 0 1 0 0 0 -1 6232.dat
1 14 -100 0 -100 -1 0 0 0 1 0 0 0 -1 6232.dat
1 72 100 24 0 0 0 -1 0 1 0 1 0 0 4282.dat
1 72 100 0 70 1 0 0 0 1 0 0 0 1 2877.dat
1 72 100 0 -70 -1 0 0 0 1 0 0 0 -1 2877.dat
1 14 100 0 -100 1 0 0 0 1 0 0 0 1 6232.dat
1 14 100 0 -140 1 0 0 0 1 0 0 0 1 6232.dat
1 14 100 0 140 1 0 0 0 1 0 0 0 1 6232.dat
1 14 100 0 100 1 0 0 0 1 0 0 0 1 6232.dat
1 72 -100 -8 0 0 0 1 0 1 0 -1 0 0 4282.dat
1 72 100 -8 0 0 0 -1 0 1 0 1 0 0 4282.dat
1 14 130 10 180 0 -1 0 -1 0 0 0 0 -1 32526.dat
1 14 130 10 -180 0 1 0 -1 0 0 0 0 1 32526.dat
1 14 -130 10 180 0 -1 0 -1 0 0 0 0 -1 32526.dat
1 14 -130 10 -180 0 1 0 -1 0 0 0 0 1 32526.dat
1 0 0 -8 -40 -1 0 0 0 1 0 0 0 -1 3035.dat
1 0 0 -8 40 -1 0 0 0 1 0 0 0 -1 3035.dat
1 0 0 -32 0 0 0 1 0 1 0 -1 0 0 32532.dat
1 14 70 -24 -60 0 0 -1 0 1 0 1 0 0 47457.dat
1 14 70 -24 60 0 0 -1 0 1 0 1 0 0 47457.dat
1 14 -70 -24 60 0 0 1 0 1 0 -1 0 0 47457.dat
1 14 -70 -24 -60 0 0 1 0 1 0 -1 0 0 47457.dat
1 1 150 -24 -40 0 0 -1 0 1 0 1 0 0 30414.dat
1 1 150 -24 40 0 0 -1 0 1 0 1 0 0 30414.dat
1 1 -150 -24 40 0 0 1 0 1 0 -1 0 0 30414.dat
1 1 -150 -24 -40 0 0 1 0 1 0 -1 0 0 30414.dat
1 14 -100 -48 0 0 0 1 0 1 0 -1 0 0 4515.dat
1 14 100 -48 0 0 0 -1 0 1 0 1 0 0 4515.dat
1 0 0 -72 0 1 0 0 0 1 0 0 0 1 2856.dat
1 71 -20 -22 70 0 0 1 0 1 0 -1 0 0 32054.dat
1 71 20 -22 70 0 0 1 0 1 0 -1 0 0 32054.dat
1 71 20 -22 -70 0 0 -1 0 1 0 1 0 0 32054.dat
1 71 -20 -22 -70 0 0 -1 0 1 0 1 0 0 32054.dat
1 71 0 -72 0 -1 0 0 0 1 0 0 0 -1 2855.dat
1 72 -30 -80 0 0 0 1 0 1 0 -1 0 0 3710.dat
1 72 30 -80 0 0 0 1 0 1 0 -1 0 0 3710.dat
1 14 0 -80 60 1 0 0 0 1 0 0 0 1 3020.dat
1 14 0 -80 -60 1 0 0 0 1 0 0 0 1 3020.dat
1 72 -30 -88 0 0 0 -1 0 1 0 1 0 0 3460.dat
1 72 30 -88 0 0 0 -1 0 1 0 1 0 0 3460.dat
1 71 140 -30 -100 -1 0 0 0 1 0 0 0 -1 3673.dat
1 71 140 -30 100 -1 0 0 0 1 0 0 0 -1 3673.dat
1 19 140 10 -180 1 0 0 0 1 0 0 0 1 3749.dat
1 19 140 10 180 1 0 0 0 1 0 0 0 1 3749.dat
1 0 150 10 180 0 0 -1 0 1 0 1 0 0 57520.dat
1 0 150 10 -180 0 0 -1 0 1 0 1 0 0 57520.dat
1 71 150 -30 100 0 0 -1 0 1 0 1 0 0 42610.dat
1 71 150 -30 -100 0 0 -1 0 1 0 1 0 0 42610.dat
1 71 -140 -30 100 1 0 0 0 1 0 0 0 1 3673.dat
1 71 -140 -30 -100 1 0 0 0 1 0 0 0 1 3673.dat
1 19 -140 10 180 -1 0 0 0 1 0 0 0 -1 3749.dat
1 19 -140 10 -180 -1 0 0 0 1 0 0 0 -1 3749.dat
1 0 -150 10 -180 0 0 1 0 1 0 -1 0 0 57520.dat
1 0 -150 10 180 0 0 1 0 1 0 -1 0 0 57520.dat
1 71 -150 -30 -100 0 0 1 0 1 0 -1 0 0 42610.dat
1 71 -150 -30 100 0 0 1 0 1 0 -1 0 0 42610.dat
1 72 176 -4 -60 0 -1 0 0 0 -1 1 0 0 3034.dat
1 1 176 -4 80 0 -1 0 0 0 -1 1 0 0 3795.dat
1 72 168 -4 0 0 -1 0 0 0 -1 1 0 0 3034.dat
1 14 184 -4 -60 0 -1 0 0 0 1 -1 0 0 6180.dat
1 14 184 -4 60 0 -1 0 0 0 1 -1 0 0 6180.dat
1 14 184 -4 -140 0 -1 0 1 0 0 0 0 1 51739.dat
1 14 184 -4 140 0 -1 0 -1 0 0 0 0 -1 51739.dat
1 72 -176 -4 60 0 1 0 0 0 -1 -1 0 0 3034.dat
1 1 -176 -4 -80 0 1 0 0 0 -1 -1 0 0 3795.dat
1 72 -168 -4 0 0 1 0 0 0 -1 -1 0 0 3034.dat
1 14 -184 -4 60 0 1 0 0 0 1 1 0 0 6180.dat
1 14 -184 -4 -60 0 1 0 0 0 1 1 0 0 6180.dat
1 14 -184 -4 140 0 1 0 1 0 0 0 0 -1 51739.dat
1 14 -184 -4 -140 0 1 0 -1 0 0 0 0 1 51739.dat
1 72 150 -20.017 180.01 -1 0 0 0 0.866025 -0.5 0 -0.5 -0.866025 57518.dat
1 72 150 -5 206 -1 0 0 0 0 -1 0 -1 0 57518.dat
1 72 150 25.017 205.99 -1 0 0 0 -0.866025 -0.5 0 -0.5 0.866025 57518.dat
1 72 150 40 180 -1 0 0 0 -1 0 0 0 1 57518.dat
1 72 150 40 150 -1 0 0 0 -1 0 0 0 1 57518.dat
1 72 150 40 120 -1 0 0 0 -1 0 0 0 1 57518.dat
1 72 150 40 90 -1 0 0 0 -1 0 0 0 1 57518.dat
1 72 150 40 60 -1 0 0 0 -1 0 0 0 1 57518.dat
1 72 150 40 30 -1 0 0 0 -1 0 0 0 1 57518.dat
1 72 150 40 0 -1 0 0 0 -1 0 0 0 1 57518.dat
1 72 150 40 -30 -1 0 0 0 -1 0 0 0 1 57518.dat
1 72 150 40 -60 -1 0 0 0 -1 0 0 0 1 57518.dat
1 72 150 40 -90 -1 0 0 0 -1 0 0 0 1 57518.dat
1 72 150 40 -120 -1 0 0 0 -1 0 0 0 1 57518.dat
1 72 150 40 -150 -1 0 0 0 -1 0 0 0 1 57518.dat
1 72 150 40.017 -180.01 -1 0 0 0 -0.866025 0.5 0 0.5 0.866025 57518.dat
1 72 150 25 -206 -1 0 0 0 0 1 0 1 0 57518.dat
1 72 150 -5.017 -205.99 -1 0 0 0 0.866025 0.5 0 0.5 -0.866025 57518.dat
1 72 150 -20.069 -180.008 -1 0 0 0 0.901833 0.432086 0 0.432086 -0.901833 57518.dat
1 72 150 -33.047 -152.965 -1 0 0 0 0.901833 0.432086 0 0.432086 -0.901833 57518.dat
1 72 150 -46 -125.8 -1 0 0 0 1 0 0 0 -1 57518.dat
1 72 150 -46 -94.3 -1 0 0 0 1 0 0 0 -1 57518.dat
1 72 150 -46 -62.7 -1 0 0 0 1 0 0 0 -1 57518.dat
1 72 150 -46 -31.1 -1 0 0 0 1 0 0 0 -1 57518.dat
1 72 150 -46 0.5 -1 0 0 0 1 0 0 0 -1 57518.dat
1 72 150 -46 32.1 -1 0 0 0 1 0 0 0 -1 57518.dat
1 72 150 -46 64 -1 0 0 0 1 0 0 0 -1 57518.dat
1 72 150 -46 95.7 -1 0 0 0 1 0 0 0 -1 57518.dat
1 72 150 -46 125.8 -1 0 0 0 0.901833 -0.432086 0 -0.432086 -0.901833 57518.dat
1 72 150 -33.047 152.865 -1 0 0 0 0.901833 -0.432086 0 -0.432086 -0.901833 57518.dat
1 72 -150 -20.017 180.01 -1 0 0 0 0.866025 -0.5 0 -0.5 -0.866025 57518.dat
1 72 -150 -5 206 -1 0 0 0 0 -1 0 -1 0 57518.dat
1 72 -150 25.017 205.99 -1 0 0 0 -0.866025 -0.5 0 -0.5 0.866025 57518.dat
1 72 -150 40 180 -1 0 0 0 -1 0 0 0 1 57518.dat
1 72 -150 40 150 -1 0 0 0 -1 0 0 0 1 57518.dat
1 72 -150 40 120 -1 0 0 0 -1 0 0 0 1 57518.dat
1 72 -150 40 90 -1 0 0 0 -1 0 0 0 1 57518.dat
1 72 -150 40 60 -1 0 0 0 -1 0 0 0 1 57518.dat
1 72 -150 40 30 -1 0 0 0 -1 0 0 0 1 57518.dat
1 72 -150 40 0 -1 0 0 0 -1 0 0 0 1 57518.dat
1 72 -150 40 -30 -1 0 0 0 -1 0 0 0 1 57518.dat
1 72 -150 40 -60 -1 0 0 0 -1 0 0 0 1 57518.dat
1 72 -150 40 -90 -1 0 0 0 -1 0 0 0 1 57518.dat
1 72 -150 40 -120 -1 0 0 0 -1 0 0 0 1 57518.dat
1 72 -150 40 -150 -1 0 0 0 -1 0 0 0 1 57518.dat
1 72 -150 40.017 -180.01 -1 0 0 0 -0.866025 0.5 0 0.5 0.866025 57518.dat
1 72 -150 25 -206 -1 0 0 0 0 1 0 1 0 57518.dat
1 72 -150 -5.017 -205.99 -1 0 0 0 0.866025 0.5 0 0.5 -0.866025 57518.dat
1 72 -150 -20.069 -180.008 -1 0 0 0 0.901833 0.432086 0 0.432086 -0.901833 57518.dat
1 72 -150 -33.047 -152.965 -1 0 0 0 0.901833 0.432086 0 0.432086 -0.901833 57518.dat
1 72 -150 -46 -125.8 -1 0 0 0 1 0 0 0 -1 57518.dat
1 72 -150 -46 -94.3 -1 0 0 0 1 0 0 0 -1 57518.dat
1 72 -150 -46 -62.7 -1 0 0 0 1 0 0 0 -1 57518.dat
1 72 -150 -46 -31.1 -1 0 0 0 1 0 0 0 -1 57518.dat
1 72 -150 -46 0.5 -1 0 0 0 1 0 0 0 -1 57518.dat
1 72 -150 -46 32.1 -1 0 0 0 1 0 0 0 -1 57518.dat
1 72 -150 -46 64 -1 0 0 0 1 0 0 0 -1 57518.dat
1 72 -150 -46 95.7 -1 0 0 0 1 0 0 0 -1 57518.dat
1 72 -150 -46 125.8 -1 0 0 0 0.901833 -0.432086 0 -0.432086 -0.901833 57518.dat
1 72 -150 -33.047 152.865 -1 0 0 0 0.901833 -0.432086 0 -0.432086 -0.901833 57518.dat
1 71 -10 -102 -20 0 -1 0 -1 0 0 0 0 -1 32009.dat
1 4 2 -102 140 1 0 0 0 0 1 0 -1 0 32062.dat
1 0 0 -102 20 1 0 0 0 0 1 0 -1 0 2780.dat
1 71 10 -102 -20 0 -1 0 -1 0 0 0 0 -1 32009.dat
1 0 20 -142 -20 1 0 0 0 0 1 0 -1 0 2780.dat
1 0 -20 -142 -20 1 0 0 0 0 1 0 -1 0 2780.dat
1 0 20 -102 40 1 0 0 0 0 1 0 -1 0 2780.dat
1 0 -20 -102 40 1 0 0 0 0 1 0 -1 0 2780.dat
1 0 20 -102 120 1 0 0 0 0 1 0 -1 0 2780.dat
1 0 -20 -102 120 1 0 0 0 0 1 0 -1 0 2780.dat
1 14 -30 -112 60 0 0 -1 0 1 0 1 0 0 32018.dat
1 1 0 -112 180 1 0 0 0 1 0 0 0 1 30000.dat
1 14 30 -112 60 0 0 -1 0 1 0 1 0 0 32018.dat
1 72 0 -88 180 1 0 0 0 1 0 0 0 1 3034.dat
1 14 60 -112 180 1 0 0 0 1 0 0 0 1 6232.dat
1 14 -60 -112 180 -1 0 0 0 1 0 0 0 -1 6232.dat
1 72 0 -120 180 1 0 0 0 1 0 0 0 1 3034.dat
1 71 30 -142 -20 0 0 -1 0 1 0 1 0 0 42610.dat
1 71 -30 -142 -20 0 0 -1 0 1 0 1 0 0 42610.dat
1 71 -50 -102 -20 1 0 0 0 1 0 0 0 1 32054.dat
1 71 -50 -102 20 1 0 0 0 1 0 0 0 1 32054.dat
1 71 50 -102 20 -1 0 0 0 1 0 0 0 -1 32054.dat
1 71 50 -102 -20 -1 0 0 0 1 0 0 0 -1 32054.dat
1 1 -80 -102 20 1 0 0 0 1 0 0 0 1 43093.dat
1 1 80 -102 20 -1 0 0 0 1 0 0 0 -1 43093.dat
1 1 40 -102 140 1 0 0 0 0.983571 0.180519 0 -0.180519 0.983571 43093.dat
1 72 50 -222.655 141.816 0 1 0 -0.983571 0 0.180519 0.180519 0 0.983571 55013.dat
1 4 50 -269.869 150.474 0 1 0 0.180519 0 0.983571 0.983571 0 -0.180519 3713.dat
1 72 50 -289.535 154.082 0 0 -1 -0.983571 0.180519 0 0.180519 0.983571 0 6536.dat
1 71 50 -285.928 173.75 1 0 0 0 -0.983571 -0.180519 0 0.180519 -0.983571 32054.dat
1 135 50 -102 140 1 0 0 0 -0.180519 0.983571 0 -0.983571 -0.180519 53586.dat
1 1 -40 -102 140 -1 0 0 0 0.983571 -0.180519 0 -0.180519 -0.983571 43093.dat
1 72 -50 -222.655 141.816 0 1 0 -0.983571 0 0.180519 0.180519 0 0.983571 55013.dat
1 4 -50 -269.869 150.474 0 1 0 0.180519 0 0.983571 0.983571 0 -0.180519 3713.dat
1 72 -50 -289.535 154.082 0 0 -1 -0.983571 0.180519 0 0.180519 0.983571 0 6536.dat
1 71 -50 -285.928 173.75 -1 0 0 0 -0.983571 0.180519 0 0.180519 0.983571 32054.dat
1 135 -50 -102 140 1 0 0 0 -0.180519 0.983571 0 -0.983571 -0.180519 53586.dat
1 14 0 -360.931 292.542 0 0 -1 -0.472551 0.881303 0 0.881303 0.472551 0 6232.dat
1 72 0 -339.776 303.887 -1 0 0 0 0.881303 0.472551 0 0.472551 -0.881303 3034.dat
1 14 70 -304.23 186.787 0 0 -1 -0.472551 0.881303 0 0.881303 0.472551 0 32018.dat
1 14 -70 -304.23 186.787 0 0 -1 -0.472551 0.881303 0 0.881303 0.472551 0 32018.dat
1 1 80 -352.121 297.268 1 0 0 0 0.881303 -0.472551 0 0.472551 0.881303 4274.dat
1 1 80 -314.312 226.765 1 0 0 0 0.881303 -0.472551 0 0.472551 0.881303 4274.dat
1 1 -80 -314.312 226.765 -1 0 0 0 0.881303 0.472551 0 0.472551 -0.881303 4274.dat
1 1 -80 -352.121 297.268 -1 0 0 0 0.881303 0.472551 0 0.472551 -0.881303 4274.dat
1 72 0 -367.98 288.763 -1 0 0 0 0.881303 0.472551 0 0.472551 -0.881303 3034.dat
1 1 80 -267.061 138.634 1 0 0 0 0.881303 -0.472551 0 0.472551 0.881303 4274.dat
1 1 80 -238.706 85.757 1 0 0 0 0.881303 -0.472551 0 0.472551 0.881303 4274.dat
1 1 -80 -238.706 85.757 -1 0 0 0 0.881303 0.472551 0 0.472551 -0.881303 4274.dat
1 1 -80 -267.061 138.634 -1 0 0 0 0.881303 0.472551 0 0.472551 -0.881303 4274.dat
1 14 50 -198.015 39.495 1 0 0 0 0.881303 -0.472551 0 0.472551 0.881303 50305.dat
1 14 -50 -198.015 39.495 1 0 0 0 0.881303 -0.472551 0 0.472551 0.881303 50304.dat
1 0 0 -242.794 72.22 -1 0 0 0 0.881303 0.472551 0 0.472551 -0.881303 3894.dat
1 72 -40 -252.246 89.844 -1 0 0 0 0.881303 0.472551 0 0.472551 -0.881303 3747.dat
1 72 40 -252.246 89.844 -1 0 0 0 0.881303 0.472551 0 0.472551 -0.881303 3747.dat
1 0 30 -209.714 10.528 0 0 1 0.472551 0.881303 0 -0.881303 0.472551 0 3894.dat
1 0 -30 -209.714 10.528 0 0 1 0.472551 0.881303 0 -0.881303 0.472551 0 3894.dat
1 72 -30 -197.862 -28.506 0 0 1 0.472551 0.881303 0 -0.881303 0.472551 0 2412.dat
1 72 30 -197.862 -28.506 0 0 1 0.472551 0.881303 0 -0.881303 0.472551 0 2412.dat
1 14 50 -245.114 59.626 1 0 0 0 0.881303 -0.472551 0 0.472551 0.881303 50305.dat
1 14 -50 -245.114 59.626 1 0 0 0 0.881303 -0.472551 0 0.472551 0.881303 50304.dat
1 72 -30 -280.519 108.72 0 0 -1 -0.472551 0.881303 0 0.881303 0.472551 0 3023.dat
1 72 30 -280.519 108.72 0 0 -1 -0.472551 0.881303 0 0.881303 0.472551 0 3023.dat
1 0 30 -292.221 79.756 0 0 1 0.472551 0.881303 0 -0.881303 0.472551 0 2744.dat
1 72 -40 -292.86 102.107 1 0 0 0 0.881303 -0.472551 0 0.472551 0.881303 55013.dat
1 72 0 -292.86 102.107 1 0 0 0 -0.95732 -0.289032 0 0.289032 -0.95732 32012.dat
1 0 -30 -292.221 79.756 0 0 1 0.472551 0.881303 0 -0.881303 0.472551 0 2744.dat
1 72 -50 -292.86 102.107 0 0 1 0.472551 0.881303 0 -0.881303 0.472551 0 3647.dat
1 14 -80 -292.86 102.107 1 0 0 0 0.881303 -0.472551 0 0.472551 0.881303 62462.dat
1 0 -110 -292.86 102.107 0 -1 0 0.881303 0 -0.472551 0.472551 0 0.881303 33299.dat
1 14 -140 -311.768 137.362 1 0 0 0 0.881303 -0.472551 0 0.472551 0.881303 62462.dat
1 1 -40 -283.409 84.48 -1 0 0 0 0.995056 0.09932 0 0.09932 -0.995056 43093.dat
1 72 -50 -283.409 84.48 0 0 1 0.09932 0.995056 0 -0.995056 0.09932 0 3647.dat
1 72 -30 -308.723 93.595 0 0 1 0.472551 0.881303 0 -0.881303 0.472551 0 2412.dat
1 72 30 -308.723 93.595 0 0 1 0.472551 0.881303 0 -0.881303 0.472551 0 2412.dat
1 0 70 -353.807 262.322 0 0 -1 -0.472551 0.881303 0 0.881303 0.472551 0 4085.dat
1 0 -70 -353.807 262.322 0 0 1 0.472551 0.881303 0 -0.881303 0.472551 0 4085.dat
1 57 -90 -346.753 266.102 0 0 1 0.472551 0.881303 0 -0.881303 0.472551 0 58176.dat
1 57 90 -346.753 266.102 0 0 1 0.472551 0.881303 0 -0.881303 0.472551 0 58176.dat
1 72 -88 -257.611 121.01 0 1 0 0.472551 0 -0.881303 -0.881303 0 -0.472551 6636.dat
1 72 88 -257.611 121.01 0 -1 0 -0.472551 0 -0.881303 0.881303 0 -0.472551 6636.dat
1 14 -88 -323.77 244.389 0 1 0 0.472551 0 -0.881303 -0.881303 0 -0.472551 4162.dat
1 14 88 -323.77 244.389 0 -1 0 -0.472551 0 -0.881303 0.881303 0 -0.472551 4162.dat
1 0 0 -182 -20 1 0 0 0 1 0 0 0 1 3705.dat
1 14 50 -94.929 -52.929 0 0 -1 0.707107 -0.707107 0 -0.707107 -0.707107 0 64449.dat
1 14 -50 -94.929 -52.929 0 0 1 -0.707107 -0.707107 0 0.707107 -0.707107 0 64449.dat
1 14 0 -314.131 -342.842 1 0 0 0 0.707107 -0.707107 0 0.707107 0.707107 64448.dat
1 14 0 -384.842 -272.131 -1 0 0 0 0.707107 0.707107 0 0.707107 -0.707107 64448.dat
1 14 50 -434.34 -392.34 0 0 -1 -0.707107 0.707107 0 0.707107 0.707107 0 64448.dat
1 14 -50 -434.34 -392.34 0 0 1 0.707107 0.707107 0 -0.707107 0.707107 0 64448.dat
1 14 0 -483.838 -512.548 1 0 0 0 0.707107 -0.707107 0 0.707107 0.707107 64448.dat
1 14 0 -554.548 -441.838 -1 0 0 0 0.707107 0.707107 0 0.707107 -0.707107 64448.dat
1 14 50 -604.046 -562.046 0 0 -1 -0.707107 0.707107 0 0.707107 0.707107 0 64448.dat
1 14 -50 -604.046 -562.046 0 0 1 0.707107 0.707107 0 -0.707107 0.707107 0 64448.dat
1 14 0 -653.544 -682.255 1 0 0 0 0.707107 -0.707107 0 0.707107 0.707107 64448.dat
1 14 0 -724.255 -611.544 -1 0 0 0 0.707107 0.707107 0 0.707107 -0.707107 64448.dat
1 72 0 -741.225 -628.514 -1 0 0 0 0.707107 0.707107 0 0.707107 -0.707107 2458.dat
1 4 50 -653.543 -682.254 0 0 1 0.707107 -0.707107 0 0.707107 0.707107 0 32062.dat
1 4 50 -724.254 -611.543 0 0 1 0.707107 -0.707107 0 0.707107 0.707107 0 32062.dat
1 4 -50 -653.543 -682.254 0 0 1 0.707107 -0.707107 0 0.707107 0.707107 0 32062.dat
1 4 -50 -724.254 -611.543 0 0 1 0.707107 -0.707107 0 0.707107 0.707107 0 32062.dat
1 4 50 -568.69 -597.401 0 0 1 0.707107 -0.707107 0 0.707107 0.707107 0 32062.dat
1 4 50 -639.401 -526.69 0 0 1 0.707107 -0.707107 0 0.707107 0.707107 0 32062.dat
1 4 -50 -568.69 -597.401 0 0 1 0.707107 -0.707107 0 0.707107 0.707107 0 32062.dat
1 4 -50 -639.401 -526.69 0 0 1 0.707107 -0.707107 0 0.707107 0.707107 0 32062.dat
1 4 50 -483.838 -512.548 0 0 1 0.707107 -0.707107 0 0.707107 0.707107 0 32062.dat
1 4 50 -554.548 -441.838 0 0 1 0.707107 -0.707107 0 0.707107 0.707107 0 32062.dat
1 4 -50 -483.838 -512.548 0 0 1 0.707107 -0.707107 0 0.707107 0.707107 0 32062.dat
1 4 -50 -554.548 -441.838 0 0 1 0.707107 -0.707107 0 0.707107 0.707107 0 32062.dat
1 4 50 -398.985 -427.696 0 0 1 0.707107 -0.707107 0 0.707107 0.707107 0 32062.dat
1 4 50 -469.696 -356.985 0 0 1 0.707107 -0.707107 0 0.707107 0.707107 0 32062.dat
1 4 -50 -398.985 -427.696 0 0 1 0.707107 -0.707107 0 0.707107 0.707107 0 32062.dat
1 4 -50 -469.696 -356.985 0 0 1 0.707107 -0.707107 0 0.707107 0.707107 0 32062.dat
1 4 50 -314.132 -342.843 0 0 1 0.707107 -0.707107 0 0.707107 0.707107 0 32062.dat
1 4 50 -384.843 -272.132 0 0 1 0.707107 -0.707107 0 0.707107 0.707107 0 32062.dat
1 4 -50 -314.132 -342.843 0 0 1 0.707107 -0.707107 0 0.707107 0.707107 0 32062.dat
1 4 -50 -384.843 -272.132 0 0 1 0.707107 -0.707107 0 0.707107 0.707107 0 32062.dat
1 4 50 -229.279 -257.99 0 0 1 0.707107 -0.707107 0 0.707107 0.707107 0 32062.dat
1 4 50 -299.99 -187.279 0 0 1 0.707107 -0.707107 0 0.707107 0.707107 0 32062.dat
1 4 -50 -229.279 -257.99 0 0 1 0.707107 -0.707107 0 0.707107 0.707107 0 32062.dat
1 4 -50 -299.99 -187.279 0 0 1 0.707107 -0.707107 0 0.707107 0.707107 0 32062.dat
1 14 50 -858.604 -816.604 0 0 -1 -0.707107 0.707107 0 0.707107 0.707107 0 64449.dat
1 72 50 -864.261 -822.261 0 0 -1 -0.707107 0.707107 0 0.707107 0.707107 0 32530.dat
1 72 -50 -864.261 -822.261 0 0 -1 -0.707107 0.707107 0 0.707107 0.707107 0 32530.dat
1 14 -50 -858.604 -816.604 0 0 1 0.707107 0.707107 0 -0.707107 0.707107 0 64449.dat
1 0 50 -439.997 -397.997 0 0 -1 -0.707107 0.707107 0 0.707107 0.707107 0 48336.dat
1 71 82.728 -449.583 -407.583 0 0.707107 0.707107 0.707107 0.5 -0.5 -0.707107 0.5 -0.5 60470.dat
1 46 88.385 -445.582 -403.582 0 0.707107 0.707107 0.707107 0.5 -0.5 -0.707107 0.5 -0.5 3023.dat
1 0 -50 -439.997 -397.997 0 0 1 0.707107 0.707107 0 -0.707107 0.707107 0 48336.dat
1 71 -82.728 -449.583 -407.583 0 -0.707107 -0.707107 -0.707107 0.5 -0.5 0.707107 0.5 -0.5 60470.dat
1 46 -88.385 -445.582 -403.582 0 -0.707107 -0.707107 -0.707107 0.5 -0.5 0.707107 0.5 -0.5 3023.dat
1 14 -30 -851.533 -809.533 0 1 0 0.707107 0 -0.707107 -0.707107 0 -0.707107 32348.dat
1 14 30 -851.533 -809.533 0 1 0 0.707107 0 -0.707107 -0.707107 0 -0.707107 32348.dat
1 0 40 -879.817 -837.817 1 0 0 0 -0.707107 -0.707107 0 0.707107 -0.707107 2780.dat
1 0 -40 -879.817 -837.817 -1 0 0 0 0.707107 -0.707107 0 -0.707107 -0.707107 2780.dat
1 1 40 -851.533 -809.533 -1 0 0 0 0.707107 -0.707107 0 -0.707107 -0.707107 43093.dat
1 1 -40 -851.533 -809.533 1 0 0 0 -0.707107 -0.707107 0 0.707107 -0.707107 43093.dat
1 1 -20.001 -893.96 -851.96 1 0 0 0 -0.707107 -0.707107 0 0.707107 -0.707107 43093.dat
1 1 20.001 -893.96 -851.96 -1 0 0 0 0.707107 -0.707107 0 -0.707107 -0.707107 43093.dat
1 14 0 -893.96 -851.96 -1 0 0 0 0.707107 0.707107 0 0.707107 -0.707107 41678.dat
1 0 -20 -865.675 -823.675 -1 0 0 0 0.707107 0.707107 0 0.707107 -0.707107 6628.dat
1 0 0 -885.474 -911.355 -1 0 0 0 0.141419 -0.98995 0 -0.98995 -0.141419 3705.dat
1 71 -10.001 -885.475 -911.356 0 0 -1 0.98995 0.141419 0 0.141419 -0.98995 0 42610.dat
1 71 10.001 -885.475 -911.356 0 0 -1 0.98995 0.141419 0 0.141419 -0.98995 0 42610.dat
1 71 50 -102 -60 -1 0 0 0 0.707107 0.707107 0 0.707107 -0.707107 32054.dat
1 71 -50 -102 -60 1 0 0 0 0.707107 -0.707107 0 0.707107 0.707107 32054.dat
1 72 0 -734.153 -593.159 1 0 0 0 -0.707107 0.707107 0 -0.707107 -0.707107 6536.dat
1 71 15.001 -734.153 -593.159 0 -1 0 0.707107 0 0.707107 -0.707107 0 0.707107 41677.dat
1 71 -15.001 -734.153 -593.159 0 -1 0 0.707107 0 0.707107 -0.707107 0 0.707107 41677.dat
1 4 0 -734.153 -593.159 1 0 0 0 0.707107 -0.707107 0 0.707107 0.707107 32062.dat
1 4 0 -720.011 -579.016 1 0 0 0 0.707107 -0.707107 0 0.707107 0.707107 32062.dat
1 71 0 -720.011 -579.016 0 1 0 0.940881 0 -0.338738 -0.338738 0 -0.940881 2637.dat
1 71 15 -618.394 -296.746 0 -1 0 0.940881 0 0.338738 -0.338738 0 0.940881 41677.dat
1 71 -15 -618.394 -296.746 0 -1 0 0.940881 0 0.338738 -0.338738 0 0.940881 41677.dat
1 4 0 -618.394 -296.746 1 0 0 0 0.338738 -0.940881 0 0.940881 0.338738 32062.dat
1 4 0 -611.623 -277.926 1 0 0 0 0.338738 -0.940881 0 0.940881 0.338738 32062.dat
1 71 0 -611.623 -277.926 0 1 0 0.940881 0 -0.338738 -0.338738 0 -0.940881 2637.dat
1 71 15.001 -510.002 4.332 0 -1 0 0.940881 0 0.338738 -0.338738 0 0.940881 41677.dat
1 71 -15.001 -510.002 4.332 0 -1 0 0.940881 0 0.338738 -0.338738 0 0.940881 41677.dat
1 4 0 -510.002 4.332 1 0 0 0 0.338738 -0.940881 0 0.940881 0.338738 32062.dat
1 4 0 -503.219 23.15 1 0 0 0 0.338738 -0.940881 0 0.940881 0.338738 32062.dat
1 71 0 -503.219 23.15 0 1 0 0.940881 0 -0.338738 -0.338738 0 -0.940881 2637.dat
1 72 0 -383.921 314.259 -1 0 0 0 0.881303 0.472551 0 0.472551 -0.881303 6536.dat
1 71 -15 -383.921 314.259 0 1 0 0.472551 0 -0.881303 -0.881303 0 -0.472551 41677.dat
1 71 15 -383.921 314.259 0 1 0 0.472551 0 -0.881303 -0.881303 0 -0.472551 41677.dat
1 4 0 -383.921 314.259 -1 0 0 0 -0.881303 -0.472551 0 -0.472551 0.881303 32062.dat
1 4 0 -401.549 304.809 -1 0 0 0 -0.881303 -0.472551 0 -0.472551 0.881303 32062.dat
1 72 120 -88 120 0 0 1 0 1 0 -1 0 0 3029.dat
1 0 150 -112 10 -1 0 0 0 1 0 0 0 -1 6231.dat
1 0 150 -112 110 0 0 1 0 1 0 -1 0 0 6231.dat
1 0 150 -112 60 0 0 1 0 1 0 -1 0 0 30413.dat
1 0 120 -112 10 -1 0 0 0 1 0 0 0 -1 4865.dat
1 0 120 -112 110 1 0 0 0 1 0 0 0 1 4865.dat
1 0 90 -112 100 0 0 -1 0 1 0 1 0 0 2730.dat
1 2 90 -112 210 1 0 0 0 1 0 0 0 1 6541.dat
1 2 120 -112 130 1 0 0 0 1 0 0 0 1 3004.dat
1 72 90 -120 20 0 0 -1 0 1 0 1 0 0 2412.dat
1 72 90 -120 60 0 0 -1 0 1 0 1 0 0 2412.dat
1 72 90 -120 100 0 0 -1 0 1 0 1 0 0 2412.dat
1 14 110 -136 130 1 0 0 0 1 0 0 0 1 3622.dat
1 14 110 -160 130 1 0 0 0 1 0 0 0 1 3622.dat
1 0 90 -136 180 0 0 -1 0 1 0 1 0 0 3010.dat
1 0 90 -160 180 0 0 -1 0 1 0 1 0 0 3010.dat
1 0 150 -160 130 0 0 -1 0 1 0 1 0 0 60583.dat
1 0 150 -160 230 0 0 -1 0 1 0 1 0 0 60583.dat
1 0 150 -160 180 0 0 1 0 1 0 -1 0 0 60594.dat
1 72 170 -160 130 -1 0 0 0 1 0 0 0 -1 60800b.dat
1 72 170 -88 230 -1 0 0 0 -1 0 0 0 1 60800b.dat
1 72 100 -96 230 1 0 0 0 1 0 0 0 1 3710.dat
1 1 100 -120 230 -1 0 0 0 1 0 0 0 -1 30414.dat
1 72 100 -128 230 1 0 0 0 1 0 0 0 1 3710.dat
1 72 100 -136 230 1 0 0 0 1 0 0 0 1 3710.dat
1 1 100 -160 230 -1 0 0 0 1 0 0 0 -1 30414.dat
1 14 120 -168 180 0 0 1 0 1 0 -1 0 0 6180.dat
1 72 -120 -88 120 0 0 1 0 1 0 -1 0 0 3029.dat
1 0 -90 -112 100 0 0 -1 0 1 0 1 0 0 2730.dat
1 72 -150 -112 100 0 0 -1 0 1 0 1 0 0 2877.dat
1 0 -150 -112 40 0 0 -1 0 1 0 1 0 0 3010.dat
1 14 -120 -120 80 0 0 -1 0 1 0 1 0 0 3031.dat
1 72 -150 -120 20 0 0 -1 0 1 0 1 0 0 2412.dat
1 72 -90 -120 20 0 0 -1 0 1 0 1 0 0 2412.dat
1 2 -90 -112 210 1 0 0 0 1 0 0 0 1 6541.dat
1 2 -120 -112 130 1 0 0 0 1 0 0 0 1 3004.dat
1 14 -110 -136 130 1 0 0 0 1 0 0 0 1 3622.dat
1 14 -110 -160 130 1 0 0 0 1 0 0 0 1 3622.dat
1 0 -90 -136 180 0 0 1 0 1 0 -1 0 0 3010.dat
1 0 -90 -160 180 0 0 1 0 1 0 -1 0 0 3010.dat
1 0 -150 -160 230 0 0 1 0 1 0 -1 0 0 60583.dat
1 0 -150 -160 130 0 0 1 0 1 0 -1 0 0 60583.dat
1 0 -150 -160 180 0 0 -1 0 1 0 1 0 0 60594.dat
1 72 -170 -160 230 1 0 0 0 1 0 0 0 1 60800b.dat
1 72 -170 -88 130 1 0 0 0 -1 0 0 0 -1 60800b.dat
1 72 -100 -96 230 1 0 0 0 1 0 0 0 1 3710.dat
1 1 -100 -120 230 -1 0 0 0 1 0 0 0 -1 30414.dat
1 72 -100 -128 230 1 0 0 0 1 0 0 0 1 3710.dat
1 72 -100 -136 230 1 0 0 0 1 0 0 0 1 3710.dat
1 1 -100 -160 230 -1 0 0 0 1 0 0 0 -1 30414.dat
1 14 -120 -168 180 0 0 -1 0 1 0 1 0 0 6180.dat
1 14 -140 -192 50 -1 0 0 0 1 0 0 0 -1 3684.dat
1 14 -100 -192 50 -1 0 0 0 1 0 0 0 -1 3684.dat
1 72 -150 -200 40 0 0 1 0 1 0 -1 0 0 3023.dat
1 72 -90 -200 40 0 0 1 0 1 0 -1 0 0 3023.dat
1 0 -120 -200 50 1 0 0 0 1 0 0 0 1 48336.dat
1 14 -120 -208 50 1 0 0 0 1 0 0 0 1 2431.dat
1 72 -120 -88 -10 1 0 0 0 1 0 0 0 1 3710.dat
1 14 -130 -96 -10 1 0 0 0 1 0 0 0 1 4592.dat
1 0 -130 -96 -10 1 0 0 0 1 0 0 0 1 4593.dat
1 14 -110 -96 -10 1 0 0 0 1 0 0 0 1 4592.dat
1 0 -110 -96 -10 1 0 0 0 1 0 0 0 1 4593.dat
1 40 -120 -184 -10 1 0 0 0 1 0 0 0 1 4872.dat
1 72 -120 -192 -30 1 0 0 0 1 0 0 0 1 3710.dat
1 0 -140 -192 -50 1 0 0 0 1 0 0 0 1 48336.dat
1 0 -100 -192 -50 1 0 0 0 1 0 0 0 1 48336.dat
1 72 -120 -192 0 1 0 0 0 1 0 0 0 1 3020.dat
1 71 -120 -200 10 -1 0 0 0 1 0 0 0 -1 60470.dat
1 14 -120 -208 10 1 0 0 0 1 0 0 0 1 45677.dat
1 71 -100 -205.556 -82.728 -1 0 0 0 0.707107 -0.707107 0 -0.707107 -0.707107 60470.dat
1 46 -100 -199.899 -88.385 -1 0 0 0 0.707107 -0.707107 0 -0.707107 -0.707107 3023.dat
1 71 -140 -205.556 -82.728 -1 0 0 0 0.707107 -0.707107 0 -0.707107 -0.707107 60470.dat
1 46 -140 -199.899 -88.385 -1 0 0 0 0.707107 -0.707107 0 -0.707107 -0.707107 3023.dat
1 14 0 -168 230 -1 0 0 0 1 0 0 0 -1 3460.dat
1 72 -80 -176 230 -1 0 0 0 1 0 0 0 -1 2412.dat
1 72 80 -176 230 -1 0 0 0 1 0 0 0 -1 2412.dat
1 57 -110 -168 230 0 0 1 0 1 0 -1 0 0 54200.dat
1 57 110 -168 230 0 0 -1 0 1 0 1 0 0 54200.dat
1 0 -100 -120 248 -1 0 0 0 0 -1 0 -1 0 3032.dat
1 0 -80 -100 272 0 0 1 -1 0 0 0 -1 0 41766.dat
1 0 -80 -140 272 0 0 1 -1 0 0 0 -1 0 41766.dat
1 14 0 -120 248 -1 0 0 0 0 -1 0 -1 0 3020.dat
1 0 100 -120 248 1 0 0 0 0 1 0 -1 0 3032.dat
1 0 80 -140 272 0 0 -1 1 0 0 0 -1 0 41766.dat
1 0 80 -100 272 0 0 -1 1 0 0 0 -1 0 41766.dat
1 0 0 -120 280 1 0 0 0 0 1 0 -1 0 6179.dat
1 72 -20 -90 288 1 0 0 0 0 1 0 -1 0 2412.dat
1 72 20 -90 288 1 0 0 0 0 1 0 -1 0 2412.dat
