0 
0 Name: New Model.ldr
0 Author: 
1 7 -170 44 -250 0.707107 0 0.707107 0 1 0 -0.707107 0 0.707107 3795.dat
1 7 -198.2843 52 -221.7157 -0.707107 0 0.707107 0 1 0 -0.707107 0 -0.707107 122.dat
1 7 -170 52 -250 -0.707107 0 0.707107 0 1 0 -0.707107 0 -0.707107 3020.dat
1 7 -141.7157 52 -278.2843 -0.707107 0 0.707107 0 1 0 -0.707107 0 -0.707107 122.dat
1 256 -177.0711 58 -200.5025 -0.707107 0 -0.707107 0 1 0 0.707107 0 -0.707107 3641.dat
1 256 -219.4975 58 -242.9289 0.707107 0 0.707107 0 1 0 -0.707107 0 0.707107 3641.dat
1 256 -162.9289 58 -299.4975 0.707107 0 0.707107 0 1 0 -0.707107 0 0.707107 3641.dat
1 256 -120.5025 58 -257.0711 -0.707107 0 -0.707107 0 1 0 0.707107 0 -0.707107 3641.dat
1 7 -205.3553 20 -214.6447 0.707107 0 -0.707107 0 1 0 0.707107 0 0.707107 3039.dat
1 7 -198.2843 12 -207.5736 -0.707107 0 0.707107 0 1 0 -0.707107 0 -0.707107 4085.dat
1 7 -148.7868 36 -271.2132 0.707107 0 -0.707107 0 1 0 0.707107 0 0.707107 3829.dat
1 7 -134.6447 36 -285.3553 0.707107 0 -0.707107 0 1 0 0.707107 0 0.707107 3794.dat
1 7 -212.4264 12 -221.7157 -0.707107 0 -0.707107 0 1 0 0.707107 0 -0.707107 3957.dat
1 0 -212.4264 4 -193.4314 -1.000001 0 0 0 1 0 0 0 -1.000001 4006.dat
1 7 -134.6447 36 -285.3553 -0.707107 0 0.707107 0 1 0 -0.707107 0 -0.707107 3838.dat
