0 Main
0 Name: 6821 - Shovel Buggy.mpd
0 Author: LTRON
1 7 0 0 0 0 0 1 0 1 0 -1 0 0 3795.dat
1 7 0 -11.3929 -99.4013 0 1 0 -0.500119 0 -0.866205 -0.866205 0 0.500119 3613.dat
1 7 0 7.2715 -133.7294 1 0 0 0 0.866218 -0.500096 0 0.500096 0.866218 4089.dat
1 14 0 22.4477 -146.8459 1 0 0 0 0.998419 -0.059917 0 0.059917 0.998419 3024.dat
1 7 0 -8.2885 -87.8087 0 1 0 -0.966056 0 0.258706 0.258706 0 0.966056 3612.dat
1 7 0 6.408 -73.108 0 1 0 -0.259 0 0.966 0.966 0 0.259 3612.dat
1 7 0 18 -60 0 1 0 1 0 0 0 0 -1 795.dat
1 7 0 8 50 -1 0 0 0 1 0 0 0 -1 3004.dat
1 7 0 8 30 1 0 0 0 1 0 0 0 1 3747.dat
1 7 0 8 -40 -1 0 0 0 1 0 0 0 -1 794.dat
1 7 0 8 -40 -1 0 0 0 1 0 0 0 -1 792.dat
1 7 0 32 40 1 0 0 0 1 0 0 0 1 122.dat
1 7 0 32 -40 1 0 0 0 1 0 0 0 1 122.dat
1 256 -30 38 40 0 0 1 0 1 0 -1 0 0 3641.dat
1 256 30 38 40 0 0 1 0 1 0 -1 0 0 3641.dat
1 256 -30 38 -40 0 0 1 0 1 0 -1 0 0 3641.dat
1 256 30 38 -40 0 0 1 0 1 0 -1 0 0 3641.dat
1 7 0 -24 50 1 0 0 0 1 0 0 0 1 3039.dat
1 7 10 -32 50 0 0 -1 0 1 0 1 0 0 4085.dat
1 7 -30 -8 -50 0 0 1 0 1 0 -1 0 0 3963.dat
1 7 30 -8 -50 0 0 -1 0 1 0 1 0 0 3963.dat
1 7 -10 -32 50 0 0 -1 0 1 0 1 0 0 3957.dat
1 7 0 -8 -30 1 0 0 0 1 0 0 0 1 3829.dat
