0 Main
0 Name: 9394-1 - Jet Plane - Propeller Plane.mpd
0 Author: LTRON
1 4 -20 40 -260 0 -1 0 -1 0 0 0 0 -1 32525.dat
1 0 -30 40 -160 1 0 0 0 1 0 0 0 1 3673.dat
1 0 -30 40 -180 1 0 0 0 1 0 0 0 1 3673.dat
1 0 -30 40 -260 1 0 0 0 1 0 0 0 1 3673.dat
1 0 -30 40 -320 1 0 0 0 1 0 0 0 1 3673.dat
1 1 0 40 -360 1 0 0 0 1 0 0 0 1 32556.dat
1 1 0 40 -340 1 0 0 0 1 0 0 0 1 32556.dat
1 71 0 40 -200 1 0 0 0 0 1 0 -1 0 87082.dat
1 4 0 40 -320 0 -1 0 -1 0 0 0 0 -1 32348.dat
1 4 20 40 -260 0 -1 0 -1 0 0 0 0 -1 32525.dat
1 1 0 40 -380 1 0 0 0 1 0 0 0 1 32556.dat
1 1 0 8 -404 1 0 0 0 1 0 0 0 1 32556.dat
1 4 20 24 -392 0 -1 0 0.6 0 0.799999 -0.799999 0 0.6 32523.dat
1 4 -20 24 -392 0 -1 0 0.6 0 0.799999 -0.799999 0 0.6 32523.dat
1 0 30 40 -160 1 0 0 0 1 0 0 0 1 3673.dat
1 0 30 40 -180 1 0 0 0 1 0 0 0 1 3673.dat
1 0 30 40 -260 1 0 0 0 1 0 0 0 1 3673.dat
1 0 30 40 -320 1 0 0 0 1 0 0 0 1 3673.dat
1 4 -40 40 -40 0 -1 0 -1 0 0 0 0 -1 32278.dat
1 4 -60 40 120 0 -1 0 -1 0 0 0 0 -1 32524.dat
1 0 -50 40 60 1 0 0 0 1 0 0 0 1 3673.dat
1 0 -50 40 140 1 0 0 0 1 0 0 0 1 3673.dat
1 0 -50 40 180 1 0 0 0 1 0 0 0 1 3673.dat
1 0 -60 40 100 1 0 0 0 1 0 0 0 1 32054.dat
1 1 -90 40 100 1 0 0 0 1 0 0 0 1 3749.dat
1 71 0 40 -40 -1 0 0 0 1 0 0 0 -1 32073.dat
1 4 -15 40 -40 0 1 0 0 0 -1 -1 0 0 41677.dat
1 4 0 40 -40 -1 0 0 0 1 0 0 0 -1 6536.dat
1 4 0 20 -40 -1 0 0 0 1 0 0 0 -1 32062.dat
1 4 0 0 -40 -1 0 0 0 -1 0 0 0 1 42003.dat
1 4 15 40 -40 0 1 0 0 0 -1 -1 0 0 41677.dat
1 0 -20 40 20 0 -1 0 -1 0 0 0 0 -1 2825.dat
1 0 0 60 -10 0 0 1 0 1 0 -1 0 0 3707.dat
1 71 0 60 40 -1 0 0 0 1 0 0 0 -1 3713.dat
1 71 0 60 80 -1 0 0 0 1 0 0 0 -1 32034.dat
1 4 0 40 20 -1 0 0 0 1 0 0 0 -1 6536.dat
1 71 0 60 -10 -1 0 0 0 1 0 0 0 -1 4716.dat
1 71 0 60 -60 -1 0 0 0 1 0 0 0 -1 3713.dat
1 71 0 40 20 -1 0 0 0 1 0 0 0 -1 32073.dat
1 71 0 40 0 -1 0 0 0 0.707107 0.707107 0 0.707107 -0.707107 44294.dat
1 72 0 40 0 0 0 1 0.707107 0.707107 0 -0.707107 0.707107 0 3647.dat
1 71 -15 40 0 0 0 1 0.707107 0.707107 0 -0.707107 0.707107 0 32123.dat
1 71 15 40 0 0 0 1 0.707107 0.707107 0 -0.707107 0.707107 0 32123.dat
1 0 20 40 20 0 1 0 1 0 0 0 0 -1 2825.dat
1 71 -70 40 0 0 0 -1 -0.707106 0.707106 0 0.707107 0.707106 0 59443.dat
1 71 0 40 120 -1 0 0 0 1 0 0 0 -1 4519.dat
1 0 40 40 120 1 0 0 0 1 0 0 0 1 32054.dat
1 0 -40 40 120 -1 0 0 0 1 0 0 0 -1 32054.dat
1 4 0 40 120 -1 0 0 0 1 0 0 0 -1 6536.dat
1 4 -40 0 120 0 1 0 0 0 -1 -1 0 0 32316.dat
1 0 0 60 130 0 0 1 0 1 0 -1 0 0 3705.dat
1 0 0 60 140 -1 0 0 0 1 0 0 0 -1 32270.dat
1 71 0 60 155 -1 0 0 0 1 0 0 0 -1 32123.dat
1 4 40 40 -40 0 -1 0 -1 0 0 0 0 -1 32278.dat
1 71 70 40 0 0 0 -1 -0.707106 0.707106 0 0.707107 0.707106 0 59443.dat
1 0 50 40 60 1 0 0 0 1 0 0 0 1 3673.dat
1 4 -20 40 400 0 -1 0 -1 0 0 0 0 -1 32525.dat
1 0 -30 40 300 1 0 0 0 1 0 0 0 1 3673.dat
1 0 -30 40 340 1 0 0 0 1 0 0 0 1 3673.dat
1 0 -10 40 500 1 0 0 0 1 0 0 0 1 3673.dat
1 1 0 40 480 1 0 0 0 1 0 0 0 1 32556.dat
1 4 0 40 560 0 -1 0 -1 0 0 0 0 -1 40490.dat
1 1 0 40 460 1 0 0 0 1 0 0 0 1 32556.dat
1 1 0 40 420 1 0 0 0 1 0 0 0 1 32556.dat
1 1 0 40 360 1 0 0 0 1 0 0 0 1 32556.dat
1 1 0 40 320 1 0 0 0 1 0 0 0 1 32556.dat
1 4 -40 40 240 0 -1 0 -1 0 0 0 0 -1 32525.dat
1 0 -10 40 520 1 0 0 0 1 0 0 0 1 3673.dat
1 0 10 40 540 1 0 0 0 1 0 0 0 1 3673.dat
1 0 -10 40 580 1 0 0 0 1 0 0 0 1 3673.dat
1 4 0 -40 320 0 1 0 0 0 1 1 0 0 32526.dat
1 4 0 -40 460 0 -1 0 0 0 1 -1 0 0 32526.dat
1 4 20 40 420 0 -1 0 -1 0 0 0 0 -1 41239.dat
1 71 0 40 200 0 0 -1 0 1 0 1 0 0 32034.dat
1 1 30 40 200 -1 0 0 0 1 0 0 0 -1 3749.dat
1 1 -30 40 200 1 0 0 0 1 0 0 0 1 3749.dat
1 0 30 40 300 1 0 0 0 1 0 0 0 1 3673.dat
1 0 30 40 340 1 0 0 0 1 0 0 0 1 3673.dat
1 4 40 40 240 0 -1 0 -1 0 0 0 0 -1 32525.dat
1 0 50 40 140 1 0 0 0 1 0 0 0 1 3673.dat
1 0 50 40 180 1 0 0 0 1 0 0 0 1 3673.dat
1 0 -15 0 0 0 -1 0 0 0 -1 1 0 0 6632.dat
1 4 0 -40 0 -1 0 0 0 1 0 0 0 -1 32062.dat
1 4 0 0 0 -1 0 0 0 1 0 0 0 -1 32062.dat
1 0 0 -40 0 -1 0 0 0 -1 0 0 0 1 6553.dat
1 0 0 -20 0 -1 0 0 0 1 0 0 0 -1 3705.dat
1 71 -25 -20 0 0 0 1 0 1 0 -1 0 0 32123.dat
1 71 0 -20 0 1 0 0 0 1 0 0 0 1 32034.dat
1 0 0 0 140 0 1 0 -1 0 0 0 0 1 32278.dat
1 0 15 0 0 0 -1 0 0 0 -1 1 0 0 6632.dat
1 71 25 -20 0 0 0 1 0 1 0 -1 0 0 32123.dat
1 1 0 -20 -30 0 0 -1 0 1 0 1 0 0 3749.dat
1 71 0 -20 60 -1 0 0 0 1 0 0 0 -1 32034.dat
1 4 0 -20 30 0 0 1 0 1 0 -1 0 0 32062.dat
1 4 0 -20 90 0 0 1 0 1 0 -1 0 0 32062.dat
1 4 0 -20 100 -1 0 0 0 1 0 0 0 -1 32039.dat
1 71 0 -20 120 -1 0 0 0 1 0 0 0 -1 32073.dat
1 71 -20 -20 120 0 0 1 0 1 0 -1 0 0 3713.dat
1 71 20 -20 120 0 0 1 0 1 0 -1 0 0 3713.dat
1 1 -30 -20 40 -1 0 0 0 1 0 0 0 -1 3749.dat
1 71 -40 -20 40 0 0 1 0 1 0 -1 0 0 3713.dat
1 1 -20 -80 60 0 -1 0 0 0 1 -1 0 0 32140.dat
1 1 0 -20 60 1 0 0 0 1 0 0 0 1 32556.dat
1 71 0 -80 60 1 0 0 0 1 0 0 0 1 4519.dat
1 0 0 -80 60 0 1 0 0 0 -1 -1 0 0 60483.dat
1 1 20 -80 60 0 -1 0 0 0 1 -1 0 0 32140.dat
1 1 30 -20 40 1 0 0 0 1 0 0 0 1 3749.dat
1 71 40 -20 40 0 0 -1 0 1 0 1 0 0 3713.dat
1 0 -20 0 380 0 1 0 1 0 0 0 0 -1 32140.dat
1 0 -10 0 320 1 0 0 0 1 0 0 0 1 3673.dat
1 0 -10 20 320 1 0 0 0 1 0 0 0 1 3673.dat
1 1 -10 0 380 -1 0 0 0 1 0 0 0 -1 3749.dat
1 4 0 0 380 0 -1 0 0 0 1 -1 0 0 32523.dat
1 71 10 -20 380 1 0 0 0 1 0 0 0 1 3673.dat
1 0 20 20 380 0 -1 0 -1 0 0 0 0 -1 32140.dat
1 19 10 20 380 1 0 0 0 1 0 0 0 1 3749.dat
1 0 30 20 320 1 0 0 0 1 0 0 0 1 3673.dat
1 0 30 0 320 1 0 0 0 1 0 0 0 1 3673.dat
1 0 40 0 260 0 -1 0 1 0 0 0 0 1 32140.dat
1 71 20 0 260 1 0 0 0 1 0 0 0 1 4519.dat
1 1 20 0 280 -1 0 0 0 1 0 0 0 -1 32556.dat
1 0 20 0 260 0 1 0 -1 0 0 0 0 1 60483.dat
1 4 -20 -40 200 0 -1 0 -1 0 0 0 0 -1 32526.dat
1 0 -30 -40 120 1 0 0 0 1 0 0 0 1 3673.dat
1 0 -30 -60 120 1 0 0 0 1 0 0 0 1 3673.dat
1 1 0 -80 120 1 0 0 0 1 0 0 0 1 32556.dat
1 1 0 -40 180 1 0 0 0 1 0 0 0 1 32556.dat
1 1 0 -40 200 1 0 0 0 1 0 0 0 1 32556.dat
1 0 0 -40 240 0 -1 0 -1 0 0 0 0 -1 32140.dat
1 0 0 -96 132 0 -1 0 -0.6 0 0.8 -0.8 0 -0.6 60483.dat
1 4 20 -40 200 0 -1 0 -1 0 0 0 0 -1 32526.dat
1 71 0 -96 132 1 0 0 0 0.8 0.6 0 -0.6 0.8 4519.dat
1 0 30 -40 120 1 0 0 0 1 0 0 0 1 3673.dat
1 0 30 -60 120 1 0 0 0 1 0 0 0 1 3673.dat
1 1 -20 -60 180 -1 0 0 0 1 0 0 0 -1 32556.dat
1 4 -20 -60 180 0 1 0 0.8 0 -0.6 -0.6 0 -0.8 32526.dat
1 71 0 -72 164 1 0 0 0 -0.6 0.8 0 -0.8 -0.6 87082.dat
1 0 0 -78 156 0 0 -1 0.6 0.8 0 0.8 -0.6 0 3673.dat
1 71 0 -84 148 1 0 0 0 -0.6 0.8 0 -0.8 -0.6 87082.dat
1 71 0 -108 116 1 0 0 0 0.923879 0.382683 0 -0.382683 0.923879 32073.dat
1 71 0 -108 116 0 0 -1 0.382683 0.923879 0 0.923879 -0.382683 0 3713.dat
1 4 20 -60 180 0 1 0 0.8 0 -0.6 -0.6 0 -0.8 32526.dat
1 0 30 -60 180 1 0 0 0 1 0 0 0 1 3673.dat
1 71 0 -40 240 1 0 0 0 1 0 0 0 1 32073.dat
1 4 60 40 120 0 -1 0 -1 0 0 0 0 -1 32524.dat
1 4 40 0 120 0 1 0 0 0 -1 -1 0 0 32316.dat
1 0 60 40 100 -1 0 0 0 1 0 0 0 -1 32054.dat
1 1 90 40 100 -1 0 0 0 1 0 0 0 -1 3749.dat
1 4 -20 -40 520 0 -1 0 1 0 0 0 0 1 32140.dat
1 1 0 -40 540 1 0 0 0 1 0 0 0 1 32556.dat
1 71 0 -40 520 1 0 0 0 1 0 0 0 1 4519.dat
1 4 0 -40 480 0 1 0 -1 0 0 0 0 1 32348.dat
1 1 0 -40 500 1 0 0 0 1 0 0 0 1 32556.dat
1 71 0 -40 480 1 0 0 0 1 0 0 0 1 4519.dat
1 4 -20 -40 360 0 -1 0 1 0 0 0 0 1 32278.dat
1 1 0 -40 460 1 0 0 0 1 0 0 0 1 32556.dat
1 1 0 -40 220 1 0 0 0 1 0 0 0 1 32556.dat
1 1 0 -40 320 -1 0 0 0 1 0 0 0 -1 32556.dat
1 4 20 -40 360 0 -1 0 1 0 0 0 0 1 32278.dat
1 4 40 -40 240 1 0 0 0 1 0 0 0 1 6536.dat
1 4 -40 -40 240 1 0 0 0 1 0 0 0 1 6536.dat
1 0 20 -10.0126 479.5 0 1 0 -0.995 0 0.099875 0.099875 0 0.995 32525.dat
1 0 0 -20 580 1 0 0 0 0.998749 0.050007 0 -0.050007 0.998749 3708.dat
1 0 0 -20 580 0 1 0 0.050007 0 0.998749 0.998749 0 -0.050007 60483.dat
1 71 10 -0.025 579 1 0 0 0 1 0 0 0 1 3673.dat
1 4 20 -40 520 0 -1 0 1 0 0 0 0 1 32140.dat
1 71 -35 -20 580 0 0 1 -0.050007 0.998749 0 -0.998749 -0.050007 0 32123.dat
1 71 35 -20 580 0 0 1 -0.050007 0.998749 0 -0.998749 -0.050007 0 32123.dat
1 4 60 -20 160 1 0 0 0 1 0 0 0 1 64681.dat
1 0 60 -20 150 0 0 -1 0 1 0 1 0 0 3673.dat
1 0 40 -60 150 0 0 -1 0 1 0 1 0 0 3673.dat
1 4 60 -20 140 -1 0 0 0 1 0 0 0 -1 87086.dat
1 0 60 -10 100 0 0 -1 1 0 0 0 -1 0 3673.dat
1 0 60 -10 80 0 0 -1 1 0 0 0 -1 0 3673.dat
1 4 60 0 60 1 0 0 0 1 0 0 0 1 32316.dat
1 0 60 -10 40 0 0 -1 1 0 0 0 -1 0 3673.dat
1 0 60 -10 20 0 0 -1 1 0 0 0 -1 0 3673.dat
1 4 60 -20 -100 1 0 0 0 1 0 0 0 1 32278.dat
1 1 60 -10 -40 0 -1 0 1 0 0 0 0 1 3749.dat
1 4 80 0 -40 0 1 0 1 0 0 0 0 -1 42003.dat
1 0 80 0 -50 0 0 1 0 1 0 -1 0 0 3673.dat
1 0 100 0 -50 0 0 1 0 1 0 -1 0 0 3673.dat
1 4 80 -20 -60 0 -1 0 1 0 0 0 0 1 64393.dat
1 0 60 -10 -240 0 0 -1 1 0 0 0 -1 0 3673.dat
1 0 60 -10 -200 0 0 -1 1 0 0 0 -1 0 3673.dat
1 0 60 -30 -120 0 0 -1 1 0 0 0 -1 0 3673.dat
1 4 60 0 -280 -1 0 0 0 -1 0 0 0 1 64391.dat
1 0 40 40 -290 0 0 1 0 1 0 -1 0 0 3673.dat
1 0 60 0 -290 0 0 1 0 1 0 -1 0 0 3673.dat
1 4 60 0 -300 1 0 0 0 -1 0 0 0 -1 64683.dat
1 0 60 -10 -340 0 0 -1 1 0 0 0 -1 0 3673.dat
1 1 60 -20 -380 0 0 1 -1 0 0 0 -1 0 32556.dat
1 4 60 -20 -340 -1 0 0 0 1 0 0 0 -1 32526.dat
1 4 -60 -20 160 1 0 0 0 1 0 0 0 1 64393.dat
1 0 -60 -20 150 0 0 1 0 1 0 -1 0 0 3673.dat
1 0 -40 -60 150 0 0 1 0 1 0 -1 0 0 3673.dat
1 4 -60 -20 140 -1 0 0 0 1 0 0 0 -1 87080.dat
1 0 -60 -10 100 0 0 1 -1 0 0 0 -1 0 3673.dat
1 0 -60 -10 80 0 0 1 -1 0 0 0 -1 0 3673.dat
1 4 -60 0 60 1 0 0 0 1 0 0 0 1 32316.dat
1 0 -60 -10 40 0 0 1 -1 0 0 0 -1 0 3673.dat
1 0 -60 -10 20 0 0 1 -1 0 0 0 -1 0 3673.dat
1 4 -60 -20 -100 1 0 0 0 1 0 0 0 1 32278.dat
1 0 -60 -10 -240 0 0 1 -1 0 0 0 -1 0 3673.dat
1 0 -60 -10 -200 0 0 1 -1 0 0 0 -1 0 3673.dat
1 0 -60 -30 -120 0 0 1 -1 0 0 0 -1 0 3673.dat
1 1 -60 -10 -40 0 1 0 1 0 0 0 0 -1 3749.dat
1 4 -80 0 -40 0 -1 0 1 0 0 0 0 1 42003.dat
1 0 -80 0 -50 0 0 -1 0 1 0 1 0 0 3673.dat
1 0 -100 0 -50 0 0 -1 0 1 0 1 0 0 3673.dat
1 4 -80 -20 -60 0 1 0 -1 0 0 0 0 1 64681.dat
1 4 -60 0 -300 1 0 0 0 -1 0 0 0 -1 64391.dat
1 4 -60 0 -280 -1 0 0 0 -1 0 0 0 1 64683.dat
1 0 -60 0 -290 0 0 -1 0 1 0 1 0 0 3673.dat
1 0 -40 40 -290 0 0 -1 0 1 0 1 0 0 3673.dat
1 0 -60 -10 -340 0 0 -1 1 0 0 0 -1 0 3673.dat
1 1 -60 -20 -380 0 0 1 -1 0 0 0 -1 0 32556.dat
1 4 -60 -20 -340 1 0 0 0 -1 0 0 0 -1 32526.dat
1 71 0 -40 -140 0 0 -1 0 1 0 1 0 0 32034.dat
1 71 -40 -40 -140 1 0 0 0 1 0 0 0 1 4519.dat
1 71 40 -40 -140 1 0 0 0 1 0 0 0 1 4519.dat
1 71 -35 -40 -140 0 0 -1 0 1 0 1 0 0 32123.dat
1 71 35 -40 -140 0 0 -1 0 1 0 1 0 0 32123.dat
1 4 45 -60 -140 0 1 0 0 0 1 1 0 0 41677.dat
1 4 -45 -60 -140 0 1 0 0 0 1 1 0 0 41677.dat
1 71 0 -40 -140 0 0 -1 0 1 0 1 0 0 4519.dat
1 0 0 -40 -170 1 0 0 0 1 0 0 0 1 59443.dat
1 72 0 -40 -120 1 0 0 0 1 0 0 0 1 3648.dat
1 1 -50 -60 -140 1 0 0 0 1 0 0 0 1 3749.dat
1 1 50 -60 -140 -1 0 0 0 1 0 0 0 -1 3749.dat
1 71 -60 -40 -120 -1 0 0 0 0 1 0 1 0 32184.dat
1 71 60 -40 -120 -1 0 0 0 0 1 0 1 0 32184.dat
1 1 -50 -40 -100 -1 0 0 0 1 0 0 0 -1 3749.dat
1 1 50 -40 -100 1 0 0 0 1 0 0 0 1 3749.dat
1 4 -40 -40 -100 -1 0 0 0 0.707107 0.707107 0 0.707107 -0.707107 32013.dat
1 1 -40 -61.2132 -78.7868 0 0 1 0.707107 0.707107 0 -0.707107 0.707107 0 3749.dat
1 4 40 -40 -100 -1 0 0 0 0.707107 0.707107 0 0.707107 -0.707107 32013.dat
1 1 40 -61.2132 -78.7868 0 0 1 0.707107 0.707107 0 -0.707107 0.707107 0 3749.dat
1 4 0 -54.1421 -85.8579 0 0 -1 0.707107 0.707107 0 0.707107 -0.707107 0 32523.dat
1 0 -20 -61.2132 -78.7868 0 0 -1 -0.707107 0.707107 0 0.707107 0.707107 0 3673.dat
1 0 20 -61.2132 -78.7868 0 0 -1 -0.707107 0.707107 0 0.707107 0.707107 0 3673.dat
1 4 0 -68.2843 -71.7157 0 0 -1 0.707107 0.707107 0 0.707107 -0.707107 0 32316.dat
1 0 0 -40 -270 0 0 -1 0 1 0 1 0 0 3737.dat
1 0 0 -40 -370 1 0 0 0 1 0 0 0 1 59443.dat
1 0 0 -40 -410 0 0 -1 0 1 0 1 0 0 3705.dat
1 71 0 -40 -400 1 0 0 0 1 0 0 0 1 3713.dat
1 71 0 -40 -420 0 -1 0 1 0 0 0 0 1 32184.dat
1 1 -20 -30 -420 0 0 -1 -1 0 0 0 1 0 3749.dat
1 1 20 -30 -420 0 0 -1 -1 0 0 0 1 0 3749.dat
1 0 0 -40 -460 0 0 1 0 1 0 -1 0 0 32054.dat
1 4 -20 -60 -340 0 1 0 -1 0 0 0 0 1 64681.dat
1 0 -60 -40 -350 0 0 -1 0 1 0 1 0 0 3673.dat
1 0 -20 -60 -350 0 0 -1 0 1 0 1 0 0 3673.dat
1 4 -20 -60 -360 0 1 0 1 0 0 0 0 -1 87086.dat
1 1 0 -60 -260 1 0 0 0 1 0 0 0 1 32556.dat
1 1 0 -60 -420 1 0 0 0 1 0 0 0 1 32556.dat
1 4 0 -60 -300 0 1 0 -1 0 0 0 0 1 41239.dat
1 4 20 -60 -340 0 -1 0 1 0 0 0 0 1 64393.dat
1 0 20 -60 -350 0 0 1 0 1 0 -1 0 0 3673.dat
1 0 60 -40 -350 0 0 1 0 1 0 -1 0 0 3673.dat
1 4 20 -60 -360 0 -1 0 -1 0 0 0 0 -1 87080.dat
1 1 60 -30 -320 0 -0.67559 0.737277 1 0 0 0 0.737277 0.67559 3749.dat
1 1 -60 -30 -320 0 -0.737277 0.67559 1 0 0 0 0.67559 0.737277 3749.dat
1 0 40.3492 -20 -283.753 0.737277 0 -0.67559 0 1 0 0.67559 0 0.737277 3705.dat
1 71 47.7219 -20 -276.997 -0.67559 0 -0.737277 0 1 0 0.737277 0 -0.67559 3713.dat
1 71 69.8403 -20 -256.729 -0.67559 0 -0.737277 0 1 0 0.737277 0 -0.67559 59443.dat
1 4 46.4882 -20 -305.255 0 -0.67559 -0.737277 -1 0 0 0 0.737277 -0.67559 42003.dat
1 71 18.2309 -20 -304.021 -0.67559 0 -0.737277 0 1 0 0.737277 0 -0.67559 3713.dat
1 1 53.861 -20 -298.499 0.737277 0 -0.67559 0 1 0 0.67559 0 0.737277 3749.dat
1 71 68.6065 -20 -284.987 -0.67559 0 -0.737277 0 1 0 0.737277 0 -0.67559 59443.dat
1 4 -46.4882 -20 -305.255 0 0.67559 0.737277 1 0 0 0 0.737277 -0.67559 42003.dat
1 1 -53.861 -20 -298.499 -0.737277 0 0.67559 0 -1 0 0.67559 0 0.737277 3749.dat
1 71 -68.6065 -20 -284.987 0.67559 0 0.737277 0 -1 0 0.737277 0 -0.67559 59443.dat
1 0 -40.3492 -20 -283.753 -0.737277 0 0.67559 0 -1 0 0.67559 0 0.737277 3705.dat
1 71 -69.8403 -20 -256.729 0.67559 0 0.737277 0 -1 0 0.737277 0 -0.67559 59443.dat
1 71 -47.7219 -20 -276.997 0.67559 0 0.737277 0 -1 0 0.737277 0 -0.67559 3713.dat
1 71 -18.2309 -20 -304.021 0.67559 0 0.737277 0 -1 0 0.737277 0 -0.67559 3713.dat
1 4 60 -60 -140 -1 0 0 0 0.5 0.866025 0 0.866025 -0.5 32013.dat
1 4 40 -115.654 97.5225 -1 0 0 0 0.92388 -0.382684 0 -0.382684 -0.92388 32039.dat
1 4 -60 -60 -140 -1 0 0 0 0.5 0.866025 0 0.866025 -0.5 32013.dat
1 4 -40 -115.654 97.5224 -1 0 0 0 0.92388 -0.382684 0 -0.382684 -0.92388 32039.dat
1 4 -100 20 100 0 0 1 0 1 0 -1 0 0 6536.dat
1 4 100 20 100 0 0 -1 0 1 0 1 0 0 6536.dat
1 4 0 20 60 0 0 -1 -1 0 0 0 1 0 32525.dat
1 0 -60 20 70 0 0 -1 0 1 0 1 0 0 3673.dat
1 0 -20 20 70 0 0 -1 0 1 0 1 0 0 3673.dat
1 0 20 20 70 0 0 -1 0 1 0 1 0 0 3673.dat
1 0 60 20 70 0 0 -1 0 1 0 1 0 0 3673.dat
1 1 80 20 50 0 0 1 0 1 0 -1 0 0 3749.dat
1 4 -160 20 80 0 0 -1 -1 0 0 0 1 0 32278.dat
1 4 160 20 80 0 0 -1 -1 0 0 0 1 0 32278.dat
1 0 260 20 70 0 0 -1 0 1 0 1 0 0 3673.dat
1 0 220 20 70 0 0 -1 0 1 0 1 0 0 3673.dat
1 0 -260 20 70 0 0 -1 0 1 0 1 0 0 3673.dat
1 0 -220 20 70 0 0 -1 0 1 0 1 0 0 3673.dat
1 4 80 20 40 0 0 1 1 0 0 0 1 0 32140.dat
1 0 120 20 50 0 0 1 0 1 0 -1 0 0 6628.dat
1 4 -80 20 40 0 0 -1 1 0 0 0 -1 0 32140.dat
1 1 -80 20 50 0 0 1 0 1 0 -1 0 0 3749.dat
1 0 -120 20 50 0 0 1 0 1 0 -1 0 0 6628.dat
1 71 -100 20 40 0 0 1 0 1 0 -1 0 0 44294.dat
1 71 -100 20 20 1 0 0 0 1 0 0 0 1 3713.dat
1 4 -100 20 0 0 0 -1 0 1 0 1 0 0 6536.dat
1 0 -100 20 -40 0 0 1 0 1 0 -1 0 0 32054.dat
1 71 100 20 40 0 0 1 0 1 0 -1 0 0 44294.dat
1 71 100 20 20 1 0 0 0 1 0 0 0 1 3713.dat
1 4 100 20 0 0 0 -1 0 1 0 1 0 0 6536.dat
1 0 100 20 -40 0 0 1 0 1 0 -1 0 0 32054.dat
1 71 -100 40 0 -1 0 0 0 0.707106 0.707107 0 0.707106 -0.707107 4519.dat
1 0 -120 40 0 0 0 1 0.707107 0.707106 0 -0.707107 0.707106 0 32072.dat
1 71 100 40 0 1 0 0 0 0.707106 -0.707107 0 0.707106 0.707107 4519.dat
1 0 120 40 0 0 0 -1 -0.707107 0.707106 0 0.707107 0.707106 0 32072.dat
1 0 0 20 -60 0 0 -1 1 0 0 0 -1 0 32524.dat
1 0 40 20 -50 0 0 -1 0 -1 0 -1 0 0 3673.dat
1 0 -40 20 -50 0 0 -1 0 -1 0 -1 0 0 3673.dat
1 1 -60 20 -60 0 0 -1 0 -1 0 -1 0 0 32556.dat
1 1 60 20 -60 0 0 -1 0 -1 0 -1 0 0 32556.dat
1 4 80 20 -40 0 0 -1 1 0 0 0 -1 0 32316.dat
1 4 -80 20 -40 0 0 -1 1 0 0 0 -1 0 32316.dat
1 4 -60 40 -80 -1 0 0 0 -1 0 0 0 1 6536.dat
1 4 60 40 -80 -1 0 0 0 -1 0 0 0 1 6536.dat
1 71 0 40 -80 1 0 0 0 1 0 0 0 1 44294.dat
1 71 -140 40 40 0 1 0 0 0 1 1 0 0 4519.dat
1 71 -140 40 10 0 1 0 1 0 0 0 0 -1 59443.dat
1 71 -140 40 -40 0 1 0 0 0 -1 -1 0 0 32073.dat
1 0 -140 40 -20 0 1 0 1 0 0 0 0 -1 32072.dat
1 71 140 40 40 0 -1 0 0 0 -1 1 0 0 4519.dat
1 71 140 40 -40 0 -1 0 0 0 1 -1 0 0 32073.dat
1 71 140 40 10 0 -1 0 -1 0 0 0 0 -1 59443.dat
1 0 140 40 -20 0 -1 0 -1 0 0 0 0 -1 32072.dat
1 4 140 40 60 0 1 0 0 0 1 1 0 0 6536.dat
1 4 -140 40 60 0 -1 0 0 0 -1 1 0 0 6536.dat
1 71 -160 30 60 0 -1 0 -1 0 0 0 0 -1 4274.dat
1 71 160 30 60 0 1 0 -1 0 0 0 0 1 4274.dat
1 71 100 40 -40 1 0 0 0 0 1 0 -1 0 4519.dat
1 0 60 40 -40 0 0 -1 1 0 0 0 -1 0 32013.dat
1 4 120 40 -40 0 0 -1 0 1 0 1 0 0 32039.dat
1 71 60 50 -40 0 0 -1 1 0 0 0 -1 0 3673.dat
1 71 60 60 -40 -1 0 0 0 0 -1 0 -1 0 42610.dat
1 256 60 60 -40 -1 0 0 0 0 -1 0 -1 0 51011.dat
1 4 -120 40 -40 0 0 1 0 1 0 -1 0 0 32039.dat
1 71 -100 40 -40 -1 0 0 0 0 1 0 1 0 4519.dat
1 0 -60 40 -40 0 0 1 1 0 0 0 1 0 32013.dat
1 71 -60 50 -40 0 0 1 1 0 0 0 1 0 3673.dat
1 71 -60 60 -40 1 0 0 0 0 -1 0 1 0 42610.dat
1 256 -60 60 -40 1 0 0 0 0 -1 0 1 0 51011.dat
1 4 80 20 -60 0 0 1 1 0 0 0 1 0 32140.dat
1 1 80 20 -50 0 0 1 0 1 0 -1 0 0 3749.dat
1 4 -80 20 -60 0 0 -1 1 0 0 0 -1 0 32140.dat
1 1 -80 20 -50 0 0 1 0 1 0 -1 0 0 3749.dat
1 0 -140 20 -70 0 0 -1 0 1 0 1 0 0 3673.dat
1 0 140 20 -70 0 0 -1 0 1 0 1 0 0 3673.dat
1 1 -120 20 -60 0 0 1 0 -1 0 1 0 0 32556.dat
1 1 120 20 -60 0 0 1 0 -1 0 1 0 0 32556.dat
1 0 140 40 -80 -1 0 0 0 0 1 0 1 0 60483.dat
1 0 -140 40 -80 -1 0 0 0 0 1 0 1 0 60483.dat
1 4 -300 20 60 0 0 1 1 0 0 0 1 0 64680.dat
1 0 -310 20 60 -1 0 0 0 -1 0 0 0 1 3673.dat
1 0 -310 40 20 -1 0 0 0 -1 0 0 0 1 3673.dat
1 0 -310 40 -20 -1 0 0 0 -1 0 0 0 1 3673.dat
1 4 -320 20 60 0 0 -1 -1 0 0 0 1 0 64392.dat
1 0 -360 20 70 0 0 -1 0 -1 0 -1 0 0 3673.dat
1 0 -400 20 70 0 0 -1 0 -1 0 -1 0 0 3673.dat
1 4 -440 20 80 0 0 -1 -1 0 0 0 1 0 32525.dat
1 4 320 20 60 0 0 1 1 0 0 0 1 0 64682.dat
1 0 310 20 60 -1 0 0 0 1 0 0 0 -1 3673.dat
1 0 310 40 20 -1 0 0 0 1 0 0 0 -1 3673.dat
1 0 310 40 -20 -1 0 0 0 1 0 0 0 -1 3673.dat
1 4 300 20 60 0 0 -1 -1 0 0 0 1 0 64394.dat
1 0 400 20 70 0 0 -1 0 1 0 1 0 0 3673.dat
1 0 360 20 70 0 0 -1 0 1 0 1 0 0 3673.dat
1 4 440 20 80 0 0 -1 -1 0 0 0 1 0 32525.dat
1 4 -80 20 -80 0 0 -1 -1 0 0 0 1 0 64681.dat
1 1 -160 20 -70 0 -0.707107 -0.707107 0 0.707107 -0.707107 1 0 0 3749.dat
1 0 -160 20 -60 -0.707107 0 -0.707107 -0.707107 0 0.707107 0 1 0 60483.dat
1 0 -174.142 34.1421 -60 0 0 -1 0 1 0 1 0 0 32054.dat
1 1 -174.142 34.1421 -91 0 0 -1 0 1 0 1 0 0 3749.dat
1 4 80 20 -80 0 0 1 1 0 0 0 1 0 64393.dat
1 1 160 20 -70 0 0.707107 -0.707106 0 0.707106 0.707107 1 0 0 3749.dat
1 0 160 20 -60 -0.707106 0 0.707107 0.707107 0 0.707106 0 1 0 60483.dat
1 0 174.142 34.1421 -60 0 0 -1 0 1 0 1 0 0 32054.dat
1 1 174.142 34.1421 -91 0 0 -1 0 1 0 1 0 0 3749.dat
1 4 174.142 34.1422 -101 0 0.034904 -1 0 1 0.034904 1 0 0 32013.dat
1 4 540 20 40 -0.043631 0.706865 0.706865 -0.999695 -0.030851 -0.030851 0 -0.707107 0.707107 32192.dat
1 1 540 20 70 0 0.043629 0.999657 0 0.999657 -0.043629 -1 0 0 3749.dat
1 4 -174.142 34.1421 -101 0 -0.034904 1 0 1 0.034904 -1 0 0 32013.dat
1 1 -540 20 70 0 0.043629 -0.999657 0 -0.999657 -0.043629 -1 0 0 3749.dat
1 4 -540 20 40 -0.043631 -0.706865 -0.706865 0.999695 -0.030851 -0.030851 0 -0.707107 0.707107 32192.dat
1 0 -70 -20 580 0 1 0 0.998749 0 -0.050007 -0.050007 0 -0.998749 60483.dat
1 0 -60 -21 560.025 -1 0 0 0 0.998749 -0.050007 0 -0.050007 -0.998749 3673.dat
1 4 -50 -37.9747 620.95 0 0 -1 -0.998749 0.050007 0 0.050007 0.998749 0 64392.dat
1 0 70 -20 580 0 1 0 0.998749 0 -0.050007 -0.050007 0 -0.998749 60483.dat
1 0 60 -21 560.025 -1 0 0 0 0.998749 -0.050007 0 -0.050007 -0.998749 3673.dat
1 4 50 -37.9747 620.95 0 0 1 0.998749 0.050007 0 -0.050007 0.998749 0 64682.dat
1 71 -90 -20 580 0 0 1 -0.998749 -0.050007 0 0.050007 -0.998749 0 3713.dat
1 71 90 -20 580 0 0 1 -0.998749 -0.050007 0 0.050007 -0.998749 0 3713.dat
1 4 -20 40 520 -1 0 0 0 1 0 0 0 -1 32013.dat
1 4 -20 40 550 0 0 -1 0 1 0 1 0 0 32062.dat
1 4 -20 40 580 -1 0 0 0 -1 0 0 0 1 32192.dat
1 4 -20 61.2133 601.213 0 0 -1 0.707107 0.707107 0 0.707107 -0.707107 0 32062.dat
1 4 -20 82.4265 622.427 -1 0 0 0 -0.707106 0.707107 0 0.707107 0.707106 32013.dat
1 71 -10 82.4265 622.427 1 0 0 0 1 0 0 0 1 3673.dat
1 71 0 82.4265 622.427 0 0 -1 0 1 0 1 0 0 42610.dat
1 256 0 82.4265 622.427 0 0 -1 0 1 0 1 0 0 51011.dat
1 4 0 -88 576 1 0 0 0 0.599998 -0.800001 0 0.800001 0.599998 32062.dat
1 4 -15 -88 576 0 1 0 -0.599998 0 -0.800001 -0.800001 0 0.599998 41677.dat
1 4 15 -88 576 0 1 0 -0.599998 0 -0.800001 -0.800001 0 0.599998 41677.dat
1 4 0 -104 588 1 0 0 0 0.599998 -0.800001 0 0.800001 0.599998 32062.dat
1 4 0 -104 588 0 -1 0 0.599998 0 -0.800001 0.800001 0 0.599998 32271.dat
1 4 0 -200 700 1 0 0 0 1 0 0 0 1 32062.dat
1 4 0 -200 680 1 0 0 0 1 0 0 0 1 32062.dat
1 0 -20 -200 740 0 1 0 1 0 0 0 0 -1 2825.dat
1 0 20 -200 740 0 -1 0 -1 0 0 0 0 -1 2825.dat
1 4 -20 21.5385 647.692 0 -1 0 -0.384615 0 0.923077 -0.923077 0 -0.384615 32523.dat
1 0 -10 21.5385 647.692 1 0 0 0 0.384615 -0.923077 0 0.923077 0.384615 3673.dat
1 0 -10 40 640 1 0 0 0 1 0 0 0 1 3673.dat
1 0 -10 3.0769 655.385 1 0 0 0 0.384615 -0.923077 0 0.923077 0.384615 3673.dat
1 0 0 -89.2307 693.846 0 1 0 -0.384615 0 -0.923077 -0.923077 0 0.384615 41239.dat
1 71 0 -200 740 1 0 0 0 1 0 0 0 1 4519.dat
1 0 0 -40 -460 0 0 1 1 0 0 0 1 0 32278.dat
