0 Main
0 Name: 10124 - Wright Flyer.mpd
0 Author: LTRON
1 6 19.998 -99.999 537.984 -0.239 0 -0.971 0 1 0 0.971 0 -0.239 2429.dat
1 6 -19.998 -99.999 537.984 -0.239 0 0.971 0 1 0 -0.971 0 -0.239 2430.dat
1 6 -20 -100 537.984 0 0 1 0 1 0 -1 0 0 2429.dat
1 6 20 -100 537.984 0 0 -1 0 1 0 1 0 0 2430.dat
1 6 0 -108 577.984 0 0 -1 0 1 0 1 0 0 3020.dat
1 6 -28.921 -95.27 459.766 0.217 0.1 -0.971 -0.418 0.908 0 0.882 0.406 0.239 44302.dat
1 6 28.921 -95.27 459.766 -0.217 -0.1 -0.971 -0.418 0.908 0 0.882 0.406 -0.239 44302.dat
1 6 -15.06 -107.999 516.175 -0.239 0 0.971 0 1 0 -0.971 0 -0.239 44301.dat
1 6 15.06 -107.999 516.175 0.239 0 0.971 0 1 0 -0.971 0 0.239 44301.dat
1 6 45.464 -54.547 392.446 0.217 -0.1 0.971 0.418 0.908 0 -0.882 0.406 0.239 4477.dat
1 6 -45.464 -54.547 392.446 -0.217 0.1 0.971 0.418 0.908 0 -0.882 0.406 -0.239 4477.dat
1 6 71.476 -4.363 286.593 0.217 -0.1 0.971 0.418 0.908 0 -0.882 0.406 0.239 44301.dat
1 6 -71.476 -4.363 286.593 -0.217 0.1 0.971 0.418 0.908 0 -0.882 0.406 -0.239 44301.dat
1 6 84.938 8 231.809 -0.239 0 -0.971 0 1 0 0.971 0 -0.239 44302.dat
1 6 -84.938 8 231.809 0.239 0 -0.971 0 1 0 0.971 0 0.239 44302.dat
1 6 54.933 -45.086 353.913 0.217 -0.1 0.971 0.418 0.908 0 -0.882 0.406 0.239 4477.dat
1 6 -54.933 -45.086 353.913 -0.217 0.1 0.971 0.418 0.908 0 -0.882 0.406 -0.239 4477.dat
1 6 20 -116 537.984 0 0 -1 0 1 0 1 0 0 2430.dat
1 6 -20 -116 537.984 0 0 1 0 1 0 -1 0 0 2429.dat
1 6 19.998 -115.999 537.984 -0.239 0 -0.971 0 1 0 0.971 0 -0.239 2429.dat
1 6 -19.998 -115.999 537.984 -0.239 0 0.971 0 1 0 -0.971 0 -0.239 2430.dat
1 6 20 -116 597.984 0 0 -1 0 1 0 1 0 0 3176.dat
1 6 -20 -116 597.984 0 0 1 0 1 0 -1 0 0 3176.dat
1 6 0 -124 577.984 0 0 1 0 1 0 -1 0 0 3020.dat
1 6 38.39 -85.808 421.233 0.217 -0.1 0.971 0.418 0.908 0 -0.882 0.406 0.239 6636.dat
1 6 -38.39 -85.808 421.233 -0.217 0.1 0.971 0.418 0.908 0 -0.882 0.406 -0.239 6636.dat
1 6 64.402 -35.624 315.38 0.217 -0.1 0.971 0.418 0.908 0 -0.882 0.406 0.239 6636.dat
1 6 -64.402 -35.624 315.38 -0.217 0.1 0.971 0.418 0.908 0 -0.882 0.406 -0.239 6636.dat
1 6 -90 8 130 0 0 -1 0 1 0 1 0 0 3460.dat
1 6 90 8 130 0 0 -1 0 1 0 1 0 0 3460.dat
1 6 90 8 -10 0 0 -1 0 1 0 1 0 0 3666.dat
1 6 -90 8 -10 0 0 -1 0 1 0 1 0 0 3666.dat
1 6 -80 0 210 0 0 -1 0 1 0 1 0 0 2429.dat
1 6 80 0 210 0.239 0 0.971 0 1 0 -0.971 0 0.239 2429.dat
1 6 -80 0 210 0.239 0 -0.971 0 1 0 0.971 0 0.239 2430.dat
1 6 80 0 210 0 0 1 0 1 0 -1 0 0 2430.dat
1 6 -90 0 90 0 0 -1 0 1 0 1 0 0 3460.dat
1 6 90 0 90 0 0 -1 0 1 0 1 0 0 3460.dat
1 6 0 0 0 1 0 0 0 1 0 0 0 1 4477.dat
1 6 90 8 -170 0 0 1 0 1 0 -1 0 0 4477.dat
1 6 -90 8 -170 0 0 1 0 1 0 -1 0 0 4477.dat
1 6 90 8 -370 0 0 1 0 1 0 -1 0 0 4477.dat
1 6 -90 8 -370 0 0 1 0 1 0 -1 0 0 4477.dat
1 6 0 0 -140 1 0 0 0 1 0 0 0 1 4477.dat
1 6 90 0 -70 0 0 -1 0 1 0 1 0 0 3666.dat
1 6 -90 0 -70 0 0 -1 0 1 0 1 0 0 3666.dat
1 6 -90 0 -250 0 0 -1 0 1 0 1 0 0 4477.dat
1 6 90 0 -250 0 0 -1 0 1 0 1 0 0 4477.dat
1 6 -90 0 -390 0 0 -1 0 1 0 1 0 0 3710.dat
1 6 90 0 -390 0 0 -1 0 1 0 1 0 0 3710.dat
1 6 -84.938 -8 231.809 -0.239 0 0.971 0 1 0 -0.971 0 -0.239 3069.dat
1 6 84.938 -8 231.809 0.239 0 0.971 0 1 0 -0.971 0 0.239 3069.dat
1 6 90 -8 170 0 0 -1 0 1 0 1 0 0 3184.dat
1 6 -90 -8 170 0 0 1 0 1 0 -1 0 0 3184.dat
1 6 -90 -8 30 0 0 1 0 1 0 -1 0 0 4477.dat
1 6 -90 -8 -170 0 0 1 0 1 0 -1 0 0 4477.dat
1 6 -90 -8 -350 0 0 1 0 1 0 -1 0 0 3460.dat
1 6 90 -8 30 0 0 1 0 1 0 -1 0 0 4477.dat
1 6 90 -8 -170 0 0 1 0 1 0 -1 0 0 4477.dat
1 6 90 -8 -350 0 0 1 0 1 0 -1 0 0 3460.dat
1 6 90 -16 -460 1 0 0 0 1 0 0 0 1 4070.dat
1 6 -90 -16 -460 1 0 0 0 1 0 0 0 1 4070.dat
1 6 -70 -8 -140 1 0 0 0 1 0 0 0 1 3024.dat
1 6 70 -8 -140 1 0 0 0 1 0 0 0 1 3024.dat
1 6 -90 -16 50 0 0 1 0 1 0 -1 0 0 3023.dat
1 6 90 -16 50 0 0 1 0 1 0 -1 0 0 3023.dat
1 6 -90 -16 -390 0 0 1 0 1 0 -1 0 0 3710.dat
1 6 90 -16 -390 0 0 1 0 1 0 -1 0 0 3710.dat
1 6 -80 -32 -140 -1 0 0 0 1 0 0 0 -1 3004.dat
1 6 80 -32 -140 -1 0 0 0 1 0 0 0 -1 3004.dat
1 6 -90 -40 50 0 0 -1 0 1 0 1 0 0 3700.dat
1 6 90 -40 50 0 0 -1 0 1 0 1 0 0 3700.dat
1 7 -100 -30 50 -1 0 0 0 1 0 0 0 -1 4274.dat
1 7 100 -30 50 1 0 0 0 1 0 0 0 1 4274.dat
1 6 -90 -56 -140 1 0 0 0 1 0 0 0 1 3005.dat
1 6 -90 -80 -140 1 0 0 0 1 0 0 0 1 3005.dat
1 6 90 -56 -140 1 0 0 0 1 0 0 0 1 3005.dat
1 6 90 -80 -140 1 0 0 0 1 0 0 0 1 3005.dat
1 6 -90 -48 50 0 0 1 0 1 0 -1 0 0 3023.dat
1 6 90 -48 50 0 0 1 0 1 0 -1 0 0 3023.dat
1 6 -90 -72 40 -1 0 0 0 1 0 0 0 -1 3040.dat
1 6 90 -72 40 -1 0 0 0 1 0 0 0 -1 3040.dat
1 6 0 -80 40 -1 0 0 0 1 0 0 0 -1 4477.dat
1 6 0 -80 -140 -1 0 0 0 1 0 0 0 -1 3308.dat
1 6 90 -88 40 -1 0 0 0 1 0 0 0 -1 6141.dat
1 6 -90 -88 40 -1 0 0 0 1 0 0 0 -1 6141.dat
1 6 90 -96 40 -1 0 0 0 1 0 0 0 -1 6141.dat
1 6 -90 -96 40 -1 0 0 0 1 0 0 0 -1 6141.dat
1 7 -90 -104 40 -0.105 0 0.995 0 1 0 -0.995 0 -0.105 3614.dat
1 7 90 -104 40 -0.122 0 -0.993 0 1 0 0.993 0 -0.122 3614.dat
1 6 -70 -104 -140 0 0 -1 0 1 0 1 0 0 3040.dat
1 6 -70 -104 40 0 0 -1 0 1 0 1 0 0 3040.dat
1 6 70 -104 -140 0 0 1 0 1 0 -1 0 0 3040.dat
1 6 70 -104 40 0 0 1 0 1 0 -1 0 0 3040.dat
1 6 -90 -104 -140 0 0 1 0 1 0 -1 0 0 6541.dat
1 6 90 -104 -140 0 0 1 0 1 0 -1 0 0 6541.dat
1 7 100 -94 -140 1 0 0 0 1 0 0 0 1 4274.dat
1 7 -100 -94 -140 -1 0 0 0 1 0 0 0 -1 4274.dat
1 6 -80 -112 -50 0 0 -1 0 1 0 1 0 0 3832.dat
1 6 80 -112 -50 0 0 -1 0 1 0 1 0 0 3832.dat
1 19 -70 -120 -50 0 0 -1 0 1 0 1 0 0 3710.dat
1 19 70 -120 -50 0 0 -1 0 1 0 1 0 0 3710.dat
1 6 -70 -128 -50 0 0 -1 0 1 0 1 0 0 2431.dat
1 6 70 -128 -50 0 0 -1 0 1 0 1 0 0 2431.dat
1 6 -118 -4 170 0.042 0.998 0.056 0.799 0 -0.602 -0.6 0.07 -0.797 32293.dat
1 6 118 -4 170 0.042 -0.998 -0.056 -0.799 0 -0.602 0.6 0.07 -0.797 32293.dat
1 6 -108 -58.73 -35.291 0 1 0 -0.948 0 0.319 0.319 0 0.948 42445.dat
1 6 108 -58.73 -35.291 0 -1 0 0.948 0 0.319 -0.319 0 0.948 42445.dat
1 6 0 -6 -440 -1 0 0 0 0.714 0.7 0 0.7 -0.714 75535.dat
1 0 20 -6 -440 -1 0 0 0 0.714 0.7 0 0.7 -0.714 2780.dat
1 0 -20 -6 -440 -1 0 0 0 0.714 0.7 0 0.7 -0.714 2780.dat
1 6 40 -6 -440 -1 0 0 0 0.714 0.7 0 0.7 -0.714 75535.dat
1 6 -40 -6 -440 -1 0 0 0 0.714 0.7 0 0.7 -0.714 75535.dat
1 0 -70 -6 -440 -1 0 0 0 0.714 0.7 0 0.7 -0.714 6558.dat
1 0 70 -6 -440 1 0 0 0 0.714 -0.7 0 0.7 0.714 6558.dat
1 6 70 -24.574 -458.193 0 0 1 0.7 0.714 0 -0.714 0.7 0 32529.dat
1 6 -70 -24.574 -458.193 0 0 1 0.7 0.714 0 -0.714 0.7 0 32529.dat
1 6 -90 -16 -440 0 0 1 0 1 0 -1 0 0 6541.dat
1 6 90 -16 -440 0 0 1 0 1 0 -1 0 0 6541.dat
1 6 0 -120 -130 1 0 0 0 1 0 0 0 1 4282.dat
1 6 0 -120 30 1 0 0 0 1 0 0 0 1 4282.dat
1 6 -90 -24 -430 0 0 1 0 1 0 -1 0 0 2431.dat
1 6 90 -24 -430 0 0 1 0 1 0 -1 0 0 2431.dat
1 6 -70 -321.615 -189.227 0 0 1 0.7 0.714 0 -0.714 0.7 0 3710.dat
1 6 -70 -341.327 -180.547 0 0 -1 -0.7 0.714 0 0.714 0.7 0 44302.dat
1 6 -70 -231.903 -269.307 -1 0 0 0 0.714 0.7 0 0.7 -0.714 42445.dat
1 6 -70 -100.191 -392.227 1 0 0 0 0.714 -0.7 0 0.7 0.714 42445.dat
1 6 70 -321.615 -189.227 0 0 1 0.7 0.714 0 -0.714 0.7 0 3710.dat
1 6 70 -341.327 -180.547 0 0 -1 -0.7 0.714 0 0.714 0.7 0 44302.dat
1 6 70 -231.903 -269.307 -1 0 0 0 0.714 0.7 0 0.7 -0.714 42445.dat
1 6 70 -100.191 -392.227 1 0 0 0 0.714 -0.7 0 0.7 0.714 42445.dat
1 19 68 -298.745 610.583 0 -1 0 -0.999 0 0.041 -0.041 0 -0.999 6180.dat
1 19 68 -178.865 615.503 0 -1 0 -0.999 0 0.041 -0.041 0 -0.999 6180.dat
1 19 -68 -178.865 615.503 0 1 0 0.999 0 0.041 0.041 0 -0.999 6180.dat
1 19 -68 -298.745 610.583 0 1 0 0.999 0 0.041 0.041 0 -0.999 6180.dat
1 19 -76 -237.575 583.073 0 1 0 -0.999 0 -0.041 -0.041 0 0.999 6636.dat
1 19 76 -237.575 583.073 0 -1 0 -0.999 0 0.041 -0.041 0 -0.999 6636.dat
1 19 -76 -238.805 613.043 0 1 0 -0.999 0 -0.041 -0.041 0 0.999 3068.dat
1 19 76 -238.805 613.043 0 -1 0 -0.999 0 0.041 -0.041 0 -0.999 3068.dat
1 6 -60 -138.085 597.163 0 1 0 0.999 0 0.041 0.041 0 -0.999 2444.dat
1 6 -60 -139.725 637.123 0 1 0 0.999 0 0.041 0.041 0 -0.999 2444.dat
1 6 60 -139.725 637.123 0 -1 0 0.999 0 -0.041 0.041 0 0.999 2444.dat
1 6 60 -138.085 597.163 0 -1 0 0.999 0 -0.041 0.041 0 0.999 2444.dat
1 6 -60 -337.885 588.963 0 1 0 -0.999 0 -0.041 -0.041 0 0.999 2444.dat
1 6 60 -337.885 588.963 0 -1 0 -0.999 0 0.041 -0.041 0 -0.999 2444.dat
1 8 50 -119.745 637.943 0 -1 0 0.999 0 -0.041 0.041 0 0.999 32002.dat
1 8 -50 -119.745 637.943 0 1 0 0.999 0 0.041 0.041 0 -0.999 32002.dat
1 0 -50 -118.105 597.983 0 1 0 0.999 0 0.041 0.041 0 -0.999 2780.dat
1 0 50 -118.105 597.983 0 -1 0 0.999 0 -0.041 0.041 0 0.999 2780.dat
1 0 -50 -357.865 588.143 0 1 0 0.999 0 0.041 0.041 0 -0.999 2780.dat
1 0 50 -357.865 588.143 0 -1 0 0.999 0 -0.041 0.041 0 0.999 2780.dat
1 6 0 -114.75 638.148 0 0 1 0.041 0.999 0 -0.999 0.041 0 32063.dat
1 0 10 -132 547.984 0 0 1 0 1 0 -1 0 0 572.dat
1 0 -10 -132 547.984 0 0 1 0 1 0 -1 0 0 572.dat
1 19 -190 -152 -500 0 0 1 0 1 0 -1 0 0 2625.dat
1 19 0 -152 -500 1 0 0 0 1 0 0 0 1 6178.dat
1 19 190 -152 -500 0 0 -1 0 1 0 1 0 0 2625.dat
1 19 -120 -160 -500 0 0 1 0 1 0 -1 0 0 6179.dat
1 19 120 -160 -500 0 0 -1 0 1 0 1 0 0 6179.dat
1 19 -120 -144 -440 0 0 1 0 1 0 -1 0 0 41769.dat
1 19 120 -144 -440 0 0 -1 0 1 0 1 0 0 41770.dat
1 19 0 -144 -440 1 0 0 0 1 0 0 0 1 3034.dat
1 6 -90 -184 -530 -1 0 0 0 1 0 0 0 -1 3005.dat
1 6 90 -184 -530 -1 0 0 0 1 0 0 0 -1 3005.dat
1 6 90 -184 -510 -1 0 0 0 1 0 0 0 -1 4286.dat
1 6 -90 -184 -510 -1 0 0 0 1 0 0 0 -1 4286.dat
1 6 -90 -208 -520 0 0 -1 0 1 0 1 0 0 3004.dat
1 6 90 -208 -520 0 0 -1 0 1 0 1 0 0 3004.dat
1 6 -90 -232 -520 0 0 -1 0 1 0 1 0 0 3700.dat
1 6 90 -232 -520 0 0 -1 0 1 0 1 0 0 3700.dat
1 7 -100 -222 -520 -1 0 0 0 1 0 0 0 -1 4274.dat
1 7 100 -222 -520 1 0 0 0 1 0 0 0 1 4274.dat
1 19 -190 -248 -500 0 0 1 0 1 0 -1 0 0 2625.dat
1 19 0 -248 -500 1 0 0 0 1 0 0 0 1 6178.dat
1 19 190 -248 -500 0 0 -1 0 1 0 1 0 0 2625.dat
1 19 -120 -256 -500 0 0 1 0 1 0 -1 0 0 6179.dat
1 19 120 -256 -500 0 0 -1 0 1 0 1 0 0 6179.dat
1 19 -120 -240 -440 0 0 1 0 1 0 -1 0 0 41769.dat
1 19 120 -240 -440 0 0 -1 0 1 0 1 0 0 41770.dat
1 19 0 -240 -440 1 0 0 0 1 0 0 0 1 3034.dat
1 6 0 -240 -520 1 0 0 0 1 0 0 0 1 3832.dat
1 7 -80 -144 -520 1 0 0 0 1 0 0 0 1 2476.dat
1 7 80 -144 -520 1 0 0 0 1 0 0 0 1 2476.dat
1 6 0 -126 -538 -1 0 0 0 0 1 0 1 0 4477.dat
1 6 80 -116 -530 0 0 -1 -1 0 0 0 1 0 2444.dat
1 6 -80 -116 -530 0 0 -1 -1 0 0 0 1 0 2444.dat
1 6 90 -96 -546 1 0 0 0 0 -1 0 1 0 6060.dat
1 6 -90 -96 -546 1 0 0 0 0 -1 0 1 0 6060.dat
1 6 70 -106 -538 1 0 0 0 0 -1 0 1 0 3024.dat
1 6 -70 -106 -538 1 0 0 0 0 -1 0 1 0 3024.dat
1 6 90 -86 -546 1 0 0 0 0 -1 0 1 0 3070.dat
1 6 -90 -86 -546 1 0 0 0 0 -1 0 1 0 3070.dat
1 6 80 -116 -546 1 0 0 0 0 -1 0 1 0 3068.dat
1 6 -80 -116 -546 1 0 0 0 0 -1 0 1 0 3068.dat
1 6 0 -126 -546 1 0 0 0 0 -1 0 1 0 6636.dat
1 6 108 -186.886 -415.755 0 -1 0 0.948 0 0.319 -0.319 0 0.948 42445.dat
1 6 116 -129.466 -245.115 0 -1 0 -0.948 0 -0.319 0.319 0 -0.948 42445.dat
1 6 -108 -186.886 -415.755 0 1 0 -0.948 0 0.319 0.319 0 0.948 42445.dat
1 6 -116 -129.466 -245.115 0 1 0 0.948 0 -0.319 -0.319 0 -0.948 42445.dat
1 19 0 -128 50 -1 0 0 0 1 0 0 0 -1 6205.dat
1 19 320 -128 50 -1 0 0 0 1 0 0 0 -1 6205.dat
1 19 -320 -128 50 -1 0 0 0 1 0 0 0 -1 6205.dat
1 19 570 -128 10 0 0 -1 0 1 0 1 0 0 2621.dat
1 19 -570 -128 10 0 0 1 0 1 0 -1 0 0 2621.dat
1 19 -170 -136 30 -1 0 0 0 1 0 0 0 -1 3021.dat
1 19 -170 -136 70 -1 0 0 0 1 0 0 0 -1 3021.dat
1 19 170 -136 30 -1 0 0 0 1 0 0 0 -1 3021.dat
1 19 170 -136 70 -1 0 0 0 1 0 0 0 -1 3021.dat
1 19 -160 -136 -50 -1 0 0 0 1 0 0 0 -1 6205.dat
1 19 -480 -136 -50 -1 0 0 0 1 0 0 0 -1 6205.dat
1 19 160 -136 -50 -1 0 0 0 1 0 0 0 -1 6205.dat
1 19 480 -136 -50 -1 0 0 0 1 0 0 0 -1 6205.dat
1 19 -600 -136 40 0 0 -1 0 1 0 1 0 0 3021.dat
1 19 -470 -136 30 -1 0 0 0 1 0 0 0 -1 3021.dat
1 19 -480 -136 70 -1 0 0 0 1 0 0 0 -1 3022.dat
1 19 480 -136 70 -1 0 0 0 1 0 0 0 -1 3022.dat
1 19 470 -136 30 -1 0 0 0 1 0 0 0 -1 3021.dat
1 19 600 -136 40 0 0 -1 0 1 0 1 0 0 3021.dat
1 19 0 -128 -130 1 0 0 0 1 0 0 0 1 3029.dat
1 19 -240 -128 -130 1 0 0 0 1 0 0 0 1 3029.dat
1 19 240 -128 -130 1 0 0 0 1 0 0 0 1 3029.dat
1 19 -480 -128 -130 1 0 0 0 1 0 0 0 1 3029.dat
1 19 480 -128 -130 1 0 0 0 1 0 0 0 1 3029.dat
1 19 -320 -128 -50 0 0 1 0 1 0 -1 0 0 3020.dat
1 19 320 -128 -50 0 0 1 0 1 0 -1 0 0 3020.dat
1 8 0 -128 -50 -1 0 0 0 1 0 0 0 -1 3795.dat
1 19 -640 -128 -130 0 0 1 0 1 0 -1 0 0 30565.dat
1 19 -650 -128 -60 0 0 -1 0 1 0 1 0 0 2450.dat
1 19 650 -128 -60 -1 0 0 0 1 0 0 0 -1 2450.dat
1 19 640 -128 -130 1 0 0 0 1 0 0 0 1 30565.dat
1 19 -660 -136 -10 -1 0 0 0 1 0 0 0 -1 41770.dat
1 19 660 -136 -10 -1 0 0 0 1 0 0 0 -1 41769.dat
1 19 -650 -136 -80 0 0 -1 0 1 0 1 0 0 3623.dat
1 19 650 -136 -80 0 0 -1 0 1 0 1 0 0 3623.dat
1 19 310 -136 -140 0 0 -1 0 1 0 1 0 0 3623.dat
1 19 -310 -136 -140 0 0 -1 0 1 0 1 0 0 3623.dat
1 19 -150 -136 -140 0 0 -1 0 1 0 1 0 0 3623.dat
1 19 150 -136 -140 0 0 -1 0 1 0 1 0 0 3623.dat
1 19 -450 -136 -140 0 0 -1 0 1 0 1 0 0 3623.dat
1 19 -600 -136 -130 0 0 -1 0 1 0 1 0 0 3022.dat
1 19 600 -136 -130 0 0 -1 0 1 0 1 0 0 3022.dat
1 19 450 -136 -140 0 0 -1 0 1 0 1 0 0 3623.dat
1 19 -310 -144 -50 0 0 -1 0 1 0 1 0 0 4477.dat
1 19 -450 -144 -50 0 0 -1 0 1 0 1 0 0 4477.dat
1 19 -590 -144 -50 0 0 -1 0 1 0 1 0 0 4477.dat
1 19 590 -144 -50 0 0 -1 0 1 0 1 0 0 4477.dat
1 19 310 -144 -50 0 0 -1 0 1 0 1 0 0 4477.dat
1 19 450 -144 -50 0 0 -1 0 1 0 1 0 0 4477.dat
1 19 -310 -136 50 0 0 -1 0 1 0 1 0 0 3710.dat
1 19 310 -136 50 0 0 -1 0 1 0 1 0 0 3710.dat
1 19 0 -144 -10 0 0 -1 0 1 0 1 0 0 3068.dat
1 19 0 -144 -80 1 0 0 0 1 0 0 0 1 3794.dat
1 19 0 -144 -100 1 0 0 0 1 0 0 0 1 3794.dat
1 19 0 -136 -160 1 0 0 0 1 0 0 0 1 3794.dat
1 19 0 -136 -120 1 0 0 0 1 0 0 0 1 3794.dat
1 19 0 -136 -140 1 0 0 0 1 0 0 0 1 3794.dat
1 6 -590 -152 -130 0 0 1 0 1 0 -1 0 0 32530.dat
1 6 -590 -152 30 0 0 1 0 1 0 -1 0 0 32530.dat
1 6 -310 -152 -130 0 0 1 0 1 0 -1 0 0 32530.dat
1 6 -450 -152 30 0 0 1 0 1 0 -1 0 0 32530.dat
1 6 -450 -152 -130 0 0 1 0 1 0 -1 0 0 32530.dat
1 6 -310 -152 30 0 0 1 0 1 0 -1 0 0 32530.dat
1 6 310 -152 30 0 0 1 0 1 0 -1 0 0 32530.dat
1 6 310 -152 -130 0 0 1 0 1 0 -1 0 0 32530.dat
1 6 590 -152 -130 0 0 1 0 1 0 -1 0 0 32530.dat
1 6 590 -152 30 0 0 1 0 1 0 -1 0 0 32530.dat
1 6 450 -152 30 0 0 1 0 1 0 -1 0 0 32530.dat
1 6 450 -152 -130 0 0 1 0 1 0 -1 0 0 32530.dat
1 0 460 -174 -130 -1 0 0 0 1 0 0 0 -1 6628.dat
1 0 460 -174 30 -1 0 0 0 1 0 0 0 -1 6628.dat
1 0 320 -174 -130 -1 0 0 0 1 0 0 0 -1 6628.dat
1 0 320 -174 30 -1 0 0 0 1 0 0 0 -1 6628.dat
1 0 600 -174 30 -1 0 0 0 1 0 0 0 -1 6628.dat
1 0 600 -174 -130 -1 0 0 0 1 0 0 0 -1 6628.dat
1 0 -460 -174 -130 1 0 0 0 1 0 0 0 1 6628.dat
1 0 -460 -174 30 1 0 0 0 1 0 0 0 1 6628.dat
1 0 -320 -174 30 1 0 0 0 1 0 0 0 1 6628.dat
1 0 -320 -174 -130 1 0 0 0 1 0 0 0 1 6628.dat
1 0 -600 -174 -130 1 0 0 0 1 0 0 0 1 6628.dat
1 0 -600 -174 30 1 0 0 0 1 0 0 0 1 6628.dat
1 8 0 -144 -130 0 0 -1 0 1 0 1 0 0 3023.dat
1 6 -150 -160 40 1 0 0 0 1 0 0 0 1 4286.dat
1 6 150 -160 40 1 0 0 0 1 0 0 0 1 4286.dat
1 6 150 -160 60 1 0 0 0 1 0 0 0 1 6541.dat
1 6 150 -160 80 1 0 0 0 1 0 0 0 1 6541.dat
1 6 -150 -160 60 1 0 0 0 1 0 0 0 1 6541.dat
1 6 -150 -160 80 1 0 0 0 1 0 0 0 1 6541.dat
1 6 -150 -168 60 0 0 1 0 1 0 -1 0 0 3623.dat
1 6 150 -168 60 0 0 1 0 1 0 -1 0 0 3623.dat
1 8 0 -168 -140 0 0 1 0 1 0 -1 0 0 3005.dat
1 8 0 -168 -120 -1 0 0 0 1 0 0 0 -1 4286.dat
1 8 -40 -144 -50 -1 0 0 0 1 0 0 0 -1 3795.dat
1 19 -80 -152 -50 -1 0 0 0 1 0 0 0 -1 3022.dat
1 0 -50 -160 -120 0 0 -1 0 1 0 1 0 0 6091.dat
1 0 -110 -160 -120 0 0 1 0 1 0 -1 0 0 6091.dat
1 8 -150 -144 -160 1 0 0 0 1 0 0 0 1 6019.dat
1 8 150 -144 -160 1 0 0 0 1 0 0 0 1 6019.dat
1 0 -80 -160 -70 0 0 1 0 1 0 -1 0 0 3032.dat
1 0 -110 -168 -70 0 0 1 0 1 0 -1 0 0 3666.dat
1 0 -80 -184 -20 -1 0 0 0 1 0 0 0 -1 32000.dat
1 8 -50 -184 -40 0 0 -1 0 1 0 1 0 0 4070.dat
1 8 -50 -184 -60 0 0 -1 0 1 0 1 0 0 4070.dat
1 8 -50 -184 -80 0 0 -1 0 1 0 1 0 0 4070.dat
1 8 -50 -184 -100 0 0 -1 0 1 0 1 0 0 4070.dat
1 0 -50 -184 -20 -1 0 0 0 1 0 0 0 -1 3665.dat
1 0 -80 -184 -120 -1 0 0 0 1 0 0 0 -1 32000.dat
1 0 -40 -184 -120 -1 0 0 0 1 0 0 0 -1 32000.dat
1 0 -90 -200 -70 0 0 1 0 1 0 -1 0 0 6081.dat
1 0 -90 -200 -20 0 0 1 0 1 0 -1 0 0 6091.dat
1 0 -90 -200 -120 0 0 1 0 1 0 -1 0 0 6091.dat
1 0 -60 -192 -70 0 0 1 0 1 0 -1 0 0 3795.dat
1 7 -50 -208 0 0 0 -1 0 1 0 1 0 0 4599.dat
1 7 -30 -174 -40 0 -1 0 0 0 -1 1 0 0 4349.dat
1 7 -30 -174 -60 0 -1 0 0 0 -1 1 0 0 4349.dat
1 7 -30 -174 -80 0 -1 0 0 0 -1 1 0 0 4349.dat
1 7 -30 -174 -100 0 -1 0 0 0 -1 1 0 0 4349.dat
1 0 -90 -200 -70 0 0 1 0 1 0 -1 0 0 6636.dat
1 0 -90 -174 -50 0 -1 0 0 0 1 -1 0 0 3737.dat
1 7 -90 -174 40 0 -1 0 -1 0 0 0 0 -1 4019.dat
1 7 -90 -174 20 0 -1 0 -1 0 0 0 0 -1 4019.dat
1 7 -90 -174 5 0 -1 0 -1 0 0 0 0 -1 4185.dat
1 7 -90 -174 -5 0 -1 0 -1 0 0 0 0 -1 32123.dat
1 7 -90 -174 -135 0 -1 0 1 0 0 0 0 1 32123.dat
1 19 -30 -174 -130 0 -1 0 0 0 1 -1 0 0 3749.dat
1 0 -50 -200 -70 0 0 1 0 1 0 -1 0 0 6636.dat
1 7 -70 -200 -20 -1 0 0 0 1 0 0 0 -1 2555.dat
1 7 -70 -200 -120 -1 0 0 0 1 0 0 0 -1 2555.dat
1 7 -30 -174 -135 0 -1 0 1 0 0 0 0 1 32123.dat
1 0 -70 -206 -128 0 0 -1 1 0 0 0 -1 0 4095.dat
1 7 -30.068 -202.857 -40 0 -0.927 0.375 0 -0.375 -0.927 1 0 0 30377.dat
1 7 -30.068 -202.857 -60 0 -0.927 0.375 0 -0.375 -0.927 1 0 0 30377.dat
1 7 -30.068 -202.857 -80 0 -0.927 0.375 0 -0.375 -0.927 1 0 0 30377.dat
1 7 -30.068 -202.857 -100 0 -0.927 0.375 0 -0.375 -0.927 1 0 0 30377.dat
1 8 0 -288 -130 0 0 1 0 1 0 -1 0 0 2454.dat
1 6 -150 -288 70 0 0 1 0 1 0 -1 0 0 2454.dat
1 6 150 -288 70 0 0 1 0 1 0 -1 0 0 2454.dat
1 6 -150 -256 -130 0 0 1 0 1 0 -1 0 0 2454.dat
1 6 150 -256 -130 0 0 1 0 1 0 -1 0 0 2454.dat
1 6 -150 -312 70 0 0 1 0 1 0 -1 0 0 3004.dat
1 6 150 -312 70 0 0 1 0 1 0 -1 0 0 3004.dat
1 0 -18 -142 -180 0 1 0 -1 0 0 0 0 1 2714.dat
1 0 0 -142 -180 -1 0 0 0 -1 0 0 0 1 75535.dat
1 0 18 -142 -180 0 -1 0 -1 0 0 0 0 -1 2714.dat
1 7 50 -179.986 -167.29 -1 0 0 0 0.809 -0.588 0 -0.588 -0.809 30377.dat
1 7 110 -179.986 -167.29 -1 0 0 0 0.809 -0.588 0 -0.588 -0.809 30377.dat
1 6 -150 -336 60 1 0 0 0 1 0 0 0 1 3005.dat
1 6 150 -336 60 1 0 0 0 1 0 0 0 1 3005.dat
1 6 -150 -336 80 -1 0 0 0 1 0 0 0 -1 3665.dat
1 6 150 -336 80 -1 0 0 0 1 0 0 0 -1 3665.dat
1 8 0 -312 -130 0 0 1 0 1 0 -1 0 0 3004.dat
1 6 150 -280 -130 0 0 1 0 1 0 -1 0 0 3004.dat
1 6 150 -304 -130 0 0 1 0 1 0 -1 0 0 3004.dat
1 6 150 -328 -130 0 0 1 0 1 0 -1 0 0 3004.dat
1 6 -150 -280 -130 0 0 1 0 1 0 -1 0 0 3004.dat
1 6 -150 -304 -130 0 0 1 0 1 0 -1 0 0 3004.dat
1 6 -150 -328 -130 0 0 1 0 1 0 -1 0 0 3004.dat
1 6 -150 -336 -130 0 0 1 0 1 0 -1 0 0 3023.dat
1 6 150 -336 -130 0 0 1 0 1 0 -1 0 0 3023.dat
1 8 0 -320 -130 0 0 1 0 1 0 -1 0 0 3023.dat
1 8 0 -328 -130 0 0 1 0 1 0 -1 0 0 3023.dat
1 6 -150 -344 80 0 0 1 0 1 0 -1 0 0 3024.dat
1 6 150 -344 80 0 0 1 0 1 0 -1 0 0 3024.dat
1 6 -150 -344 -30 0 0 1 0 1 0 -1 0 0 4477.dat
1 6 150 -344 -30 0 0 1 0 1 0 -1 0 0 4477.dat
1 6 0 -160 -160 0 0 1 0 1 0 -1 0 0 3062.dat
1 6 0 -184 -160 0 0 1 0 1 0 -1 0 0 3062.dat
1 6 0 -208 -160 0 0 1 0 1 0 -1 0 0 3062.dat
1 6 0 -232 -160 0 0 1 0 1 0 -1 0 0 3062.dat
1 6 0 -256 -160 0 0 1 0 1 0 -1 0 0 3062.dat
1 6 0 -280 -160 0 0 1 0 1 0 -1 0 0 3062.dat
1 6 0 -304 -160 0 0 1 0 1 0 -1 0 0 3062.dat
1 6 0 -328 -160 0 0 1 0 1 0 -1 0 0 3062.dat
1 6 0 -336 -140 0 0 1 0 1 0 -1 0 0 3623.dat
1 8 0 -344 -130 0 0 1 0 1 0 -1 0 0 3794.dat
1 6 -150 -360 100 -1 0 0 0 1 0 0 0 -1 6541.dat
1 6 150 -360 100 -1 0 0 0 1 0 0 0 -1 6541.dat
1 16 150 -344 -140 -1 0 0 0 1 0 0 0 -1 572.dat
1 16 470 -144 -100 -1 0 0 0 1 0 0 0 -1 572.dat
1 16 -150 -344 -140 -1 0 0 0 1 0 0 0 -1 572.dat
1 16 -470 -144 -100 -1 0 0 0 1 0 0 0 -1 572.dat
1 6 -150 -352 -30 0 0 1 0 1 0 -1 0 0 3460.dat
1 6 150 -352 -30 0 0 1 0 1 0 -1 0 0 3460.dat
1 6 0 -352 70 -1 0 0 0 1 0 0 0 -1 4282.dat
1 6 0 -352 -130 -1 0 0 0 1 0 0 0 -1 4282.dat
1 6 -20 -360 -30 0 0 -1 0 1 0 1 0 0 2445.dat
1 6 20 -360 -30 0 0 -1 0 1 0 1 0 0 2445.dat
1 6 -150 -360 10 0 0 -1 0 1 0 1 0 0 3460.dat
1 6 150 -360 10 0 0 -1 0 1 0 1 0 0 3460.dat
1 6 -70 -360 130 0 0 -1 0 1 0 1 0 0 3460.dat
1 6 70 -360 130 0 0 -1 0 1 0 1 0 0 3460.dat
1 16 50 -360 80 1 0 0 0 1 0 0 0 1 572.dat
1 16 10 -176 450 1 0 0 0 1 0 0 0 1 572.dat
1 16 -50 -360 80 1 0 0 0 1 0 0 0 1 572.dat
1 16 -10 -176 450 1 0 0 0 1 0 0 0 1 572.dat
1 0 0 -168 450 -1 0 0 0 1 0 0 0 -1 2540.dat
1 0 0 -184 450 -1 0 0 0 1 0 0 0 -1 3069.dat
1 6 -70 -360 -130 0 0 1 0 1 0 -1 0 0 44301.dat
1 6 70 -360 -130 0 0 1 0 1 0 -1 0 0 44301.dat
1 6 -140 -360 -140 -1 0 0 0 1 0 0 0 -1 3023.dat
1 6 140 -360 -140 -1 0 0 0 1 0 0 0 -1 3023.dat
1 6 -150 -360 -100 0 0 -1 0 1 0 1 0 0 3623.dat
1 6 150 -360 -100 0 0 -1 0 1 0 1 0 0 3623.dat
1 19 0 -368 -30 1 0 0 0 1 0 0 0 1 3020.dat
1 6 0 -368 -130 -1 0 0 0 1 0 0 0 -1 4282.dat
1 6 0 -368 90 -1 0 0 0 1 0 0 0 -1 4282.dat
1 6 100 -368 60 -1 0 0 0 1 0 0 0 -1 4162.dat
1 6 -100 -368 60 -1 0 0 0 1 0 0 0 -1 4162.dat
1 6 -150 -368 -30 0 0 -1 0 1 0 1 0 0 4162.dat
1 6 150 -368 -30 0 0 -1 0 1 0 1 0 0 4162.dat
1 0 -274.9 -250 110 0 -1 0 0 0 -1 1 0 0 3737.dat
1 7 -274.9 -250 40 0 -1 0 1 0 0 0 0 1 3648.dat
1 7 -274.9 -250 20 0 -1 0 1 0 0 0 0 1 3713.dat
1 0 -212.45 -300 100 -0.625 0 -0.781 -0.781 0 0.625 0 1 0 32294.dat
1 0 -212.45 -200 80 0.625 0 -0.781 -0.781 0 -0.625 0 1 0 32294.dat
1 0 -274.9 -250 110 0 -1 0 0 0 -1 1 0 0 75535.dat
1 0 -212.45 -200 120 -0.625 0 -0.781 0.781 0 -0.625 0 -1 0 32294.dat
1 0 -150 -150 80 0 0.625 -0.781 0 -0.781 -0.625 -1 0 0 6558.dat
1 0 -150 -350 110 0 0.625 0.781 0 0.781 -0.625 -1 0 0 2780.dat
1 0 -212.45 -300 140 0.625 0 -0.781 0.781 0 0.625 0 -1 0 32294.dat
1 7 -274.9 -250 180 0 -1 0 -1 0 0 0 0 -1 3713.dat
1 0 -274.9 -250 260 0 0 1 -1 0 0 0 -1 0 6553.dat
1 8 -274.9 -210 260 0 0 1 0 -1 0 1 0 0 30374.dat
1 7 -274.9 -265 260 0 1 0 0 0 1 1 0 0 32123.dat
1 7 -274.9 -235 260 0 1 0 0 0 1 1 0 0 32123.dat
1 0 -274.9 -290 260 -0.707 0.707 0 0 0 1 0.707 0.707 0 30552.dat
1 0 -274.9 -210 260 -0.707 -0.707 0 0 0 -1 0.707 -0.707 0 30552.dat
1 6 -273.486 -190 261.414 -0.707 -0.707 0 0 0 -1 0.707 -0.707 0 30407.dat
1 6 -276.314 -310 258.586 -0.707 0.707 0 0 0 1 0.707 0.707 0 30407.dat
1 0 -274.9 -250 210 0 1 0 -1 0 0 0 0 1 6538.dat
1 0 274.9 -250 110 0 -1 0 0 0 -1 1 0 0 3737.dat
1 7 274.9 -250 20 0 -1 0 1 0 0 0 0 1 3648.dat
1 7 274.9 -250 40 0 -1 0 1 0 0 0 0 1 3713.dat
1 0 212.45 -300 100 -0.625 0 0.781 0.781 0 0.625 0 1 0 32294.dat
1 0 212.45 -200 80 0.625 0 0.781 0.781 0 -0.625 0 1 0 32294.dat
1 0 274.9 -250 110 0 -1 0 0 0 -1 1 0 0 75535.dat
1 0 212.45 -200 120 -0.625 0 0.781 -0.781 0 -0.625 0 -1 0 32294.dat
1 0 150 -150 80 0 0.625 0.781 0 0.781 -0.625 -1 0 0 6558.dat
1 0 150 -350 110 0 0.625 -0.781 0 -0.781 -0.625 -1 0 0 2780.dat
1 0 212.45 -300 140 0.625 0 0.781 -0.781 0 0.625 0 -1 0 32294.dat
1 7 274.9 -250 180 0 -1 0 -1 0 0 0 0 -1 3713.dat
1 0 274.9 -250 260 0 0 1 -1 0 0 0 -1 0 6553.dat
1 8 274.9 -210 260 0 0 1 0 -1 0 1 0 0 30374.dat
1 7 274.9 -265 260 0 1 0 0 0 1 1 0 0 32123.dat
1 7 274.9 -235 260 0 1 0 0 0 1 1 0 0 32123.dat
1 0 274.9 -290 260 -0.707 0.707 0 0 0 1 0.707 0.707 0 30552.dat
1 0 274.9 -210 260 -0.707 -0.707 0 0 0 -1 0.707 -0.707 0 30552.dat
1 6 276.314 -190 261.414 -0.707 -0.707 0 0 0 -1 0.707 -0.707 0 30407.dat
1 6 273.486 -310 258.586 -0.707 0.707 0 0 0 1 0.707 0.707 0 30407.dat
1 0 274.9 -250 210 0 1 0 -1 0 0 0 0 1 6538.dat
1 16 -69.5182 -174.5882 40 0 -0.929351 -0.368789 0 -0.368789 0.929351 -1 0 0 3711.dat
1 16 -76.2854 -189.084 40 0 -0.905985 0.422951 0 0.422951 0.905985 -1 0 0 3711.dat
1 16 -90.3728 -196.6647 40 0 -0.473795 0.880463 0 0.880463 0.473795 -1 0 0 3711.dat
1 16 -104.7995 -203.5781 40 0 -0.432084 0.901665 0 0.901665 0.432084 -1 0 0 3711.dat
1 16 -119.2369 -210.4689 40 0 -0.430677 0.902339 0 0.902339 0.430677 -1 0 0 3711.dat
1 16 -133.6755 -217.3573 40 0 -0.430523 0.902412 0 0.902412 0.430523 -1 0 0 3711.dat
1 16 -148.1141 -224.2456 40 0 -0.430521 0.902413 0 0.902413 0.430521 -1 0 0 3711.dat
1 16 -162.5527 -231.134 40 0 -0.430521 0.902413 0 0.902413 0.430521 -1 0 0 3711.dat
1 16 -176.9913 -238.0223 40 0 -0.430521 0.902413 0 0.902413 0.430521 -1 0 0 3711.dat
1 16 -191.4299 -244.9107 40 0 -0.430521 0.902413 0 0.902413 0.430521 -1 0 0 3711.dat
1 16 -205.8685 -251.799 40 0 -0.430521 0.902413 0 0.902413 0.430521 -1 0 0 3711.dat
1 16 -220.3071 -258.6873 40 0 -0.430521 0.902413 0 0.902413 0.430521 -1 0 0 3711.dat
1 16 -234.7457 -265.5757 40 0 -0.430521 0.902413 0 0.902413 0.430521 -1 0 0 3711.dat
1 16 -249.1843 -272.464 40 0 -0.430521 0.902413 0 0.902413 0.430521 -1 0 0 3711.dat
1 16 -263.6731 -279.2462 40 0 -0.42389 0.905548 0 0.905548 0.42389 -1 0 0 3711.dat
1 16 -279.5831 -280.9184 40 0 -0.104512 0.994371 0 0.994371 0.104512 -1 0 0 3711.dat
1 16 -294.2442 -274.5175 40 0 0.40006 0.916324 0 0.916324 -0.40006 -1 0 0 3711.dat
1 16 -303.7439 -261.6458 40 0 0.804476 0.593732 0 0.593732 -0.804476 -1 0 0 3711.dat
1 16 -305.6757 -245.7653 40 0 0.992533 0.120732 0 0.120732 -0.992533 -1 0 0 3711.dat
1 16 -299.4082 -231.0466 40 0 0.919922 -0.391716 0 -0.391716 -0.919922 -1 0 0 3711.dat
1 16 -286.7043 -221.3238 40 0 0.607676 -0.793996 0 -0.793996 -0.607676 -1 0 0 3711.dat
1 16 -271.6226 -215.9885 40 0 0.333454 -0.942606 0 -0.942606 -0.333454 -1 0 0 3711.dat
1 16 -256.5171 -210.7209 40 0 0.329228 -0.94409 0 -0.94409 -0.329228 -1 0 0 3711.dat
1 16 -241.41 -205.458 40 0 0.32893 -0.944195 0 -0.944195 -0.32893 -1 0 0 3711.dat
1 16 -226.3027 -200.1956 40 0 0.328898 -0.944206 0 -0.944206 -0.328898 -1 0 0 3711.dat
1 16 -211.1954 -194.9333 40 0 0.328896 -0.944206 0 -0.944206 -0.328896 -1 0 0 3711.dat
1 16 -196.0881 -189.671 40 0 0.328896 -0.944206 0 -0.944206 -0.328896 -1 0 0 3711.dat
1 16 -180.9808 -184.4086 40 0 0.328896 -0.944206 0 -0.944206 -0.328896 -1 0 0 3711.dat
1 16 -165.8735 -179.1463 40 0 0.328896 -0.944206 0 -0.944206 -0.328896 -1 0 0 3711.dat
1 16 -150.7662 -173.884 40 0 0.328896 -0.944206 0 -0.944206 -0.328896 -1 0 0 3711.dat
1 16 -135.6589 -168.6216 40 0 0.328896 -0.944206 0 -0.944206 -0.328896 -1 0 0 3711.dat
1 16 -120.5516 -163.3593 40 0 0.328896 -0.944206 0 -0.944206 -0.328896 -1 0 0 3711.dat
1 16 -105.4443 -158.097 40 0 0.328896 -0.944206 0 -0.944206 -0.328896 -1 0 0 3711.dat
1 16 -90.0259 -153.8315 40 0 0.266594 -0.963652 0 -0.963652 -0.266594 -1 0 0 3711.dat
1 16 -75.4188 -159.7186 40 0 -0.373758 -0.927363 0 -0.927363 0.373758 -1 0 0 3711.dat
1 16 -72.2515 -157.5101 20 0 -0.174999 -0.984569 0 -0.984569 0.174999 -1 0 0 3711.dat
1 16 -56.5066 -160.3554 20 0 -0.177829 -0.984061 0 -0.984061 0.177829 -1 0 0 3711.dat
1 16 -40.7621 -163.2038 20 0 -0.178026 -0.984026 0 -0.984026 0.178026 -1 0 0 3711.dat
1 16 -25.0178 -166.0525 20 0 -0.178043 -0.984023 0 -0.984023 0.178043 -1 0 0 3711.dat
1 16 -9.2734 -168.9012 20 0 -0.178047 -0.984022 0 -0.984022 0.178047 -1 0 0 3711.dat
1 16 6.4709 -171.75 20 0 -0.178047 -0.984022 0 -0.984022 0.178047 -1 0 0 3711.dat
1 16 22.2153 -174.5987 20 0 -0.178047 -0.984022 0 -0.984022 0.178047 -1 0 0 3711.dat
1 16 37.9596 -177.4475 20 0 -0.178047 -0.984022 0 -0.984022 0.178047 -1 0 0 3711.dat
1 16 53.704 -180.2962 20 0 -0.178047 -0.984022 0 -0.984022 0.178047 -1 0 0 3711.dat
1 16 69.4483 -183.145 20 0 -0.178047 -0.984022 0 -0.984022 0.178047 -1 0 0 3711.dat
1 16 85.1927 -185.9938 20 0 -0.178047 -0.984022 0 -0.984022 0.178047 -1 0 0 3711.dat
1 16 100.937 -188.8425 20 0 -0.178047 -0.984022 0 -0.984022 0.178047 -1 0 0 3711.dat
1 16 116.6814 -191.6913 20 0 -0.178047 -0.984022 0 -0.984022 0.178047 -1 0 0 3711.dat
1 16 132.4257 -194.54 20 0 -0.178047 -0.984022 0 -0.984022 0.178047 -1 0 0 3711.dat
1 16 148.1701 -197.3888 20 0 -0.178047 -0.984022 0 -0.984022 0.178047 -1 0 0 3711.dat
1 16 163.9144 -200.2375 20 0 -0.178047 -0.984022 0 -0.984022 0.178047 -1 0 0 3711.dat
1 16 179.6588 -203.0863 20 0 -0.178047 -0.984022 0 -0.984022 0.178047 -1 0 0 3711.dat
1 16 195.4031 -205.935 20 0 -0.178047 -0.984022 0 -0.984022 0.178047 -1 0 0 3711.dat
1 16 211.1475 -208.7838 20 0 -0.178047 -0.984022 0 -0.984022 0.178047 -1 0 0 3711.dat
1 16 226.8918 -211.6325 20 0 -0.178047 -0.984022 0 -0.984022 0.178047 -1 0 0 3711.dat
1 16 242.6362 -214.4813 20 0 -0.178047 -0.984022 0 -0.984022 0.178047 -1 0 0 3711.dat
1 16 258.3806 -217.33 20 0 -0.178047 -0.984022 0 -0.984022 0.178047 -1 0 0 3711.dat
1 16 274.1249 -220.1788 20 0 -0.178047 -0.984022 0 -0.984022 0.178047 -1 0 0 3711.dat
1 16 289.4854 -224.657 20 0 -0.279892 -0.960032 0 -0.960032 0.279892 -1 0 0 3711.dat
1 16 300.6593 -236.1088 20 0 -0.715738 -0.698369 0 -0.698369 0.715738 -1 0 0 3711.dat
1 16 304.1155 -251.7311 20 0 -0.97639 -0.216013 0 -0.216013 0.97639 -1 0 0 3711.dat
1 16 298.8735 -266.848 20 0 -0.944807 0.327628 0 0.327628 0.944807 -1 0 0 3711.dat
1 16 286.4017 -276.8708 20 0 -0.626423 0.779484 0 0.779484 0.626423 -1 0 0 3711.dat
1 16 270.5197 -278.8098 20 0 -0.121191 0.992629 0 0.992629 0.121191 -1 0 0 3711.dat
1 16 254.9186 -275.2591 20 0 0.221919 0.975065 0 0.975065 -0.221919 -1 0 0 3711.dat
1 16 239.3426 -271.6004 20 0 0.228668 0.973504 0 0.973504 -0.228668 -1 0 0 3711.dat
1 16 223.7691 -267.9305 20 0 0.229369 0.97334 0 0.97334 -0.229369 -1 0 0 3711.dat
1 16 208.1962 -264.2584 20 0 0.229505 0.973307 0 0.973307 -0.229505 -1 0 0 3711.dat
1 16 192.6233 -260.5863 20 0 0.229506 0.973307 0 0.973307 -0.229506 -1 0 0 3711.dat
1 16 177.0504 -256.9142 20 0 0.229506 0.973307 0 0.973307 -0.229506 -1 0 0 3711.dat
1 16 161.4775 -253.2421 20 0 0.229506 0.973307 0 0.973307 -0.229506 -1 0 0 3711.dat
1 16 145.9046 -249.57 20 0 0.229506 0.973307 0 0.973307 -0.229506 -1 0 0 3711.dat
1 16 130.3316 -245.8979 20 0 0.229506 0.973307 0 0.973307 -0.229506 -1 0 0 3711.dat
1 16 114.7587 -242.2258 20 0 0.229506 0.973307 0 0.973307 -0.229506 -1 0 0 3711.dat
1 16 99.1858 -238.5537 20 0 0.229506 0.973307 0 0.973307 -0.229506 -1 0 0 3711.dat
1 16 83.6129 -234.8816 20 0 0.229506 0.973307 0 0.973307 -0.229506 -1 0 0 3711.dat
1 16 68.04 -231.2095 20 0 0.229506 0.973307 0 0.973307 -0.229506 -1 0 0 3711.dat
1 16 52.4671 -227.5374 20 0 0.229506 0.973307 0 0.973307 -0.229506 -1 0 0 3711.dat
1 16 36.8942 -223.8653 20 0 0.229506 0.973307 0 0.973307 -0.229506 -1 0 0 3711.dat
1 16 21.3212 -220.1932 20 0 0.229506 0.973307 0 0.973307 -0.229506 -1 0 0 3711.dat
1 16 5.7483 -216.5211 20 0 0.229506 0.973307 0 0.973307 -0.229506 -1 0 0 3711.dat
1 16 -9.8246 -212.849 20 0 0.229506 0.973307 0 0.973307 -0.229506 -1 0 0 3711.dat
1 16 -25.3975 -209.1769 20 0 0.229506 0.973307 0 0.973307 -0.229506 -1 0 0 3711.dat
1 16 -40.9704 -205.5048 20 0 0.229506 0.973307 0 0.973307 -0.229506 -1 0 0 3711.dat
1 16 -56.5433 -201.8327 20 0 0.229506 0.973307 0 0.973307 -0.229506 -1 0 0 3711.dat
1 16 -72.1162 -198.1606 20 0 0.229506 0.973307 0 0.973307 -0.229506 -1 0 0 3711.dat
1 16 -87.6892 -194.4885 20 0 0.229506 0.973307 0 0.973307 -0.229506 -1 0 0 3711.dat
1 16 -102.6151 -188.7251 20 0 0.360207 0.932872 0 0.932872 -0.360207 -1 0 0 3711.dat
1 16 -109.4188 -174.2438 20 0 0.905086 0.425229 0 0.425229 -0.905086 -1 0 0 3711.dat
1 16 -102.9559 -159.6071 20 0 0.91479 -0.40393 0 -0.40393 -0.91479 -1 0 0 3711.dat
1 16 -88.0046 -154.7101 20 0 0.31126 -0.950325 0 -0.950325 -0.31126 -1 0 0 3711.dat
1 6 0 -360 568.119 0 0 1 0 1 0 -1 0 0 3020.dat
1 6 -25.088 -360 447.658 -0.186 0 0.982 0 1 0 -0.982 0 -0.186 3460.dat
1 6 25.088 -360 447.658 0.186 0 0.982 0 1 0 -0.982 0 0.186 3460.dat
1 6 -20 -368 528.119 -0.186 0 0.982 0 1 0 -0.982 0 -0.186 2430.dat
1 6 20 -368 528.119 -0.186 0 -0.982 0 1 0 0.982 0 -0.186 2429.dat
1 6 20 -368 528.119 0 0 -1 0 1 0 1 0 0 2430.dat
1 6 -20 -368 528.119 0 0 1 0 1 0 -1 0 0 2429.dat
1 6 54.912 -360 290.462 0.186 0 0.982 0 1 0 -0.982 0 0.186 3460.dat
1 6 -54.912 -360 290.462 -0.186 0 0.982 0 1 0 -0.982 0 -0.186 3460.dat
1 6 -20 -368 588.119 0 0 1 0 1 0 -1 0 0 3176.dat
1 6 20 -368 588.119 0 0 -1 0 1 0 1 0 0 3176.dat
1 6 -70 -368 150 0 0 1 0 1 0 -1 0 0 3023.dat
1 6 70 -368 150 0 0 1 0 1 0 -1 0 0 3023.dat
1 6 -60 -368 210 0 0 -1 0 1 0 1 0 0 2429.dat
1 6 -60 -368 210 0.186 0 -0.982 0 1 0 0.982 0 0.186 2430.dat
1 6 60 -368 210 0 0 1 0 1 0 -1 0 0 2430.dat
1 6 60 -368 210 0.186 0 0.982 0 1 0 -0.982 0 0.186 2429.dat
1 6 -70 -376 170 0 0 1 0 1 0 -1 0 0 2431.dat
1 6 70 -376 170 0 0 1 0 1 0 -1 0 0 2431.dat
1 6 -43.728 -368 349.41 -0.186 0 0.982 0 1 0 -0.982 0 -0.186 4477.dat
1 6 43.728 -368 349.41 0.186 0 0.982 0 1 0 -0.982 0 0.186 4477.dat
1 6 -21.36 -368 467.307 -0.186 0 0.982 0 1 0 -0.982 0 -0.186 3023.dat
1 6 21.36 -368 467.307 0.186 0 0.982 0 1 0 -0.982 0 0.186 3023.dat
1 6 -54.912 -376 290.462 -0.186 0 0.982 0 1 0 -0.982 0 -0.186 4162.dat
1 6 -25.088 -376 447.658 -0.186 0 0.982 0 1 0 -0.982 0 -0.186 4162.dat
1 6 25.088 -376 447.658 0.186 0 0.982 0 1 0 -0.982 0 0.186 4162.dat
1 6 54.912 -376 290.462 0.186 0 0.982 0 1 0 -0.982 0 0.186 4162.dat
1 6 0 -376 568.119 0 0 1 0 1 0 -1 0 0 3020.dat
1 19 0 -376 50 -1 0 0 0 1 0 0 0 -1 6205.dat
1 19 320 -376 50 -1 0 0 0 1 0 0 0 -1 6205.dat
1 19 -320 -376 50 -1 0 0 0 1 0 0 0 -1 6205.dat
1 19 570 -376 10 0 0 -1 0 1 0 1 0 0 2621.dat
1 19 -570 -376 10 0 0 1 0 1 0 -1 0 0 2621.dat
1 19 -170 -384 30 -1 0 0 0 1 0 0 0 -1 3021.dat
1 19 -170 -384 70 -1 0 0 0 1 0 0 0 -1 3021.dat
1 19 170 -384 30 -1 0 0 0 1 0 0 0 -1 3021.dat
1 19 170 -384 70 -1 0 0 0 1 0 0 0 -1 3021.dat
1 19 -160 -384 -50 -1 0 0 0 1 0 0 0 -1 6205.dat
1 19 -480 -384 -50 -1 0 0 0 1 0 0 0 -1 6205.dat
1 19 160 -384 -50 -1 0 0 0 1 0 0 0 -1 6205.dat
1 19 480 -384 -50 -1 0 0 0 1 0 0 0 -1 6205.dat
1 19 -480 -384 50 0 0 -1 0 1 0 1 0 0 3020.dat
1 19 480 -384 50 0 0 -1 0 1 0 1 0 0 3020.dat
1 19 -590 -384 40 0 0 -1 0 1 0 1 0 0 3623.dat
1 19 590 -384 40 0 0 -1 0 1 0 1 0 0 3623.dat
1 19 0 -376 -130 1 0 0 0 1 0 0 0 1 3029.dat
1 19 -240 -376 -130 1 0 0 0 1 0 0 0 1 3029.dat
1 19 240 -376 -130 1 0 0 0 1 0 0 0 1 3029.dat
1 19 -480 -376 -130 1 0 0 0 1 0 0 0 1 3029.dat
1 19 480 -376 -130 1 0 0 0 1 0 0 0 1 3029.dat
1 19 -320 -376 -50 0 0 1 0 1 0 -1 0 0 3020.dat
1 19 320 -376 -50 0 0 1 0 1 0 -1 0 0 3020.dat
1 19 0 -376 -50 0 0 1 0 1 0 -1 0 0 3020.dat
1 19 -640 -376 -130 0 0 1 0 1 0 -1 0 0 30565.dat
1 19 -650 -376 -60 0 0 -1 0 1 0 1 0 0 2450.dat
1 19 650 -376 -60 -1 0 0 0 1 0 0 0 -1 2450.dat
1 19 640 -376 -130 1 0 0 0 1 0 0 0 1 30565.dat
1 19 -660 -384 -10 -1 0 0 0 1 0 0 0 -1 41770.dat
1 19 660 -384 -10 -1 0 0 0 1 0 0 0 -1 41769.dat
1 19 -650 -384 -80 0 0 -1 0 1 0 1 0 0 3623.dat
1 19 650 -384 -80 0 0 -1 0 1 0 1 0 0 3623.dat
1 19 290 -384 -140 0 0 -1 0 1 0 1 0 0 3623.dat
1 19 -290 -384 -140 0 0 -1 0 1 0 1 0 0 3623.dat
1 19 -190 -384 -140 0 0 -1 0 1 0 1 0 0 3623.dat
1 19 190 -384 -140 0 0 -1 0 1 0 1 0 0 3623.dat
1 19 -490 -384 -140 0 0 -1 0 1 0 1 0 0 3623.dat
1 19 -600 -384 -130 0 0 -1 0 1 0 1 0 0 3022.dat
1 19 600 -384 -130 0 0 -1 0 1 0 1 0 0 3022.dat
1 19 490 -384 -140 0 0 -1 0 1 0 1 0 0 3623.dat
1 19 -390 -384 -140 0 0 -1 0 1 0 1 0 0 3623.dat
1 19 -70 -384 -140 0 0 -1 0 1 0 1 0 0 3623.dat
1 19 70 -384 -140 0 0 -1 0 1 0 1 0 0 3623.dat
1 19 390 -384 -140 0 0 -1 0 1 0 1 0 0 3623.dat
1 19 0 -392 -30 0 0 -1 0 1 0 1 0 0 3068.dat
1 19 0 -392 -70 0 0 -1 0 1 0 1 0 0 3068.dat
1 19 -290 -392 -50 0 0 -1 0 1 0 1 0 0 4477.dat
1 19 -490 -392 -50 0 0 -1 0 1 0 1 0 0 4477.dat
1 19 -590 -392 -50 0 0 -1 0 1 0 1 0 0 4477.dat
1 19 590 -392 -50 0 0 -1 0 1 0 1 0 0 4477.dat
1 19 390 -392 -50 0 0 -1 0 1 0 1 0 0 4477.dat
1 19 490 -392 -50 0 0 -1 0 1 0 1 0 0 4477.dat
1 19 -290 -384 50 0 0 -1 0 1 0 1 0 0 3710.dat
1 19 390 -384 50 0 0 -1 0 1 0 1 0 0 3710.dat
1 19 -390 -392 -50 0 0 -1 0 1 0 1 0 0 4477.dat
1 19 -190 -392 -50 0 0 -1 0 1 0 1 0 0 4477.dat
1 19 -70 -392 -50 0 0 -1 0 1 0 1 0 0 4477.dat
1 19 70 -392 -50 0 0 -1 0 1 0 1 0 0 4477.dat
1 19 190 -392 -50 0 0 -1 0 1 0 1 0 0 4477.dat
1 19 290 -392 -50 0 0 -1 0 1 0 1 0 0 4477.dat
1 19 -390 -384 50 0 0 -1 0 1 0 1 0 0 3710.dat
1 19 -70 -384 50 0 0 -1 0 1 0 1 0 0 3710.dat
1 19 70 -384 50 0 0 -1 0 1 0 1 0 0 3710.dat
1 19 290 -384 50 0 0 -1 0 1 0 1 0 0 3710.dat
1 6 -600 -368 -130 0 0 -1 0 1 0 1 0 0 3022.dat
1 6 600 -368 -130 0 0 -1 0 1 0 1 0 0 3022.dat
1 6 -450 -368 -50 0 0 -1 0 1 0 1 0 0 4477.dat
1 6 450 -368 -50 0 0 -1 0 1 0 1 0 0 4477.dat
1 6 -310 -368 -50 0 0 -1 0 1 0 1 0 0 4477.dat
1 6 310 -368 -50 0 0 -1 0 1 0 1 0 0 4477.dat
1 6 -600 -368 30 0 0 -1 0 1 0 1 0 0 3022.dat
1 6 600 -368 30 0 0 -1 0 1 0 1 0 0 3022.dat
1 6 590 -360 -130 0 0 -1 0 1 0 1 0 0 32529.dat
1 6 450 -360 -130 0 0 -1 0 1 0 1 0 0 32529.dat
1 6 450 -360 30 0 0 -1 0 1 0 1 0 0 32529.dat
1 6 590 -360 30 0 0 -1 0 1 0 1 0 0 32529.dat
1 6 310 -360 30 0 0 -1 0 1 0 1 0 0 32529.dat
1 6 310 -360 -130 0 0 -1 0 1 0 1 0 0 32529.dat
1 6 -310 -360 30 0 0 -1 0 1 0 1 0 0 32529.dat
1 6 -310 -360 -130 0 0 -1 0 1 0 1 0 0 32529.dat
1 6 -450 -360 30 0 0 -1 0 1 0 1 0 0 32529.dat
1 6 -450 -360 -130 0 0 -1 0 1 0 1 0 0 32529.dat
1 6 -590 -360 -130 0 0 -1 0 1 0 1 0 0 32529.dat
1 6 -590 -360 30 0 0 -1 0 1 0 1 0 0 32529.dat
1 0 600 -334 -130 -1 0 0 0 1 0 0 0 -1 6628.dat
1 0 460 -334 -130 -1 0 0 0 1 0 0 0 -1 6628.dat
1 0 320 -334 -130 -1 0 0 0 1 0 0 0 -1 6628.dat
1 0 600 -334 30 -1 0 0 0 1 0 0 0 -1 6628.dat
1 0 460 -334 30 -1 0 0 0 1 0 0 0 -1 6628.dat
1 0 320 -334 30 -1 0 0 0 1 0 0 0 -1 6628.dat
1 0 -600 -334 -130 1 0 0 0 1 0 0 0 1 6628.dat
1 0 -460 -334 -130 1 0 0 0 1 0 0 0 1 6628.dat
1 0 -320 -334 -130 1 0 0 0 1 0 0 0 1 6628.dat
1 0 -320 -334 30 1 0 0 0 1 0 0 0 1 6628.dat
1 0 -460 -334 30 1 0 0 0 1 0 0 0 1 6628.dat
1 0 -600 -334 30 1 0 0 0 1 0 0 0 1 6628.dat
1 6 330 -334 -130 0 -1 0 0 0 1 -1 0 0 32293.dat
1 6 470 -334 -130 0 -1 0 0 0 1 -1 0 0 32293.dat
1 6 610 -334 -130 0 -1 0 0 0 1 -1 0 0 32293.dat
1 6 330 -334 30 0 -1 0 0 0 1 -1 0 0 32293.dat
1 6 470 -334 30 0 -1 0 0 0 1 -1 0 0 32293.dat
1 6 610 -334 30 0 -1 0 0 0 1 -1 0 0 32293.dat
1 6 -330 -334 -130 0 1 0 0 0 1 1 0 0 32293.dat
1 6 -470 -334 -130 0 1 0 0 0 1 1 0 0 32293.dat
1 6 -330 -334 30 0 1 0 0 0 1 1 0 0 32293.dat
1 6 -470 -334 30 0 1 0 0 0 1 1 0 0 32293.dat
1 6 -610 -334 -130 0 1 0 0 0 1 1 0 0 32293.dat
1 6 -610 -334 30 0 1 0 0 0 1 1 0 0 32293.dat
