0 Main
0 Name: 42088 - Cherry Picker.mpd
0 Author: LTRON
1 71 -25.882 0 -182.593 -0.707 0.707 0 0 0 1 0.707 0.707 0 87082.dat
1 0 44.829 0 -140.167 0 0.707 -0.707 1 0 0 0 -0.707 -0.707 40490.dat
1 19 115.54 0 -97.739 0.707 0 -0.707 0 -1 0 -0.707 0 -0.707 32556.dat
1 19 16.545 0 -196.735 0.707 0 -0.707 0 -1 0 -0.707 0 -0.707 32556.dat
1 71 66.043 0 -90.669 0.707 -0.707 0 0 0 1 -0.707 -0.707 0 32138.dat
1 1 44.829 0 -111.882 -0.707 0 -0.707 0 1 0 0.707 0 -0.707 6558.dat
1 0 16.545 0 -111.882 0 0.707 -0.707 1 0 0 0 -0.707 -0.707 40490.dat
1 19 58.971 0 -41.172 -0.707 0 -0.707 0 1 0 0.707 0 -0.707 32556.dat
1 19 -40.024 0 -140.166 -0.707 0 -0.707 0 1 0 0.707 0 -0.707 32556.dat
1 25 51.899 -20 -133.096 0 0.707 -0.707 1 0 0 0 -0.707 -0.707 41239.dat
1 1 80.179 -20 -76.536 -0.707 0 -0.707 0 1 0 0.707 0 -0.707 6558.dat
1 1 -18.801 -20 -175.516 -0.707 0 -0.707 0 1 0 0.707 0 -0.707 6558.dat
1 1 -32.941 -20 -189.656 -0.707 0 -0.707 0 1 0 0.707 0 -0.707 6558.dat
1 71 9.479 -20 -147.236 -0.707 0 -0.707 0 1 0 0.707 0 -0.707 87082.dat
1 25 -25.871 0 -182.586 0.707 0.707 0 0 0 1 0.707 -0.707 0 41678.dat
1 71 9.479 0 -147.236 -0.707 0 0.707 0 1 0 -0.707 0 -0.707 87082.dat
1 0 9.479 -20 -147.236 0 0.707 0.707 -1 0 0 0 -0.707 0.707 18651.dat
1 71 23.619 -20 -133.096 0.707 0 -0.707 0 -1 0 -0.707 0 -0.707 4519.dat
1 15 23.619 -20 -133.096 -0.707 0 -0.707 0 1 0 0.707 0 -0.707 6536.dat
1 15 -4.661 -20 -161.376 -0.707 0 -0.707 0 1 0 0.707 0 -0.707 6536.dat
1 71 -4.661 -20 -161.376 0.707 0 -0.707 0 -1 0 -0.707 0 -0.707 4519.dat
1 25 66.039 -30 -90.676 0 0.707 -0.707 1 0 0 0 -0.707 -0.707 41678.dat
1 19 80.179 -40 -76.536 -0.707 -0.704172 -0.061509 0 0.087 -0.996 0.707 -0.704172 -0.061509 32556.dat
1 71 100.7456 -50.834 -84.2494 0.061509 -0.704172 -0.707 0.996 0.087 0 0.061509 -0.704172 0.707 18677.dat
1 1 93.8792 -70.06 -91.1158 0.061509 -0.704172 -0.707 0.996 0.087 0 0.061509 -0.704172 0.707 3023.dat
1 1 93.8792 -70.06 -91.1158 0.707 -0.704172 0.061509 0 0.087 0.996 -0.707 -0.704172 0.061509 11477.dat
1 25 23.619 -20 -104.816 0 0.707 -0.707 1 0 0 0 -0.707 -0.707 41239.dat
1 1 101.389 -20 -12.906 -0.707 0 -0.707 0 1 0 0.707 0 -0.707 43093.dat
1 1 143.809 -20 -55.326 0.707 0 -0.707 0 -1 0 -0.707 0 -0.707 43093.dat
1 71 72.4656 -50.834 -55.9694 0.061509 -0.704172 -0.707 0.996 0.087 0 0.061509 -0.704172 0.707 18677.dat
1 1 65.5992 -70.06 -62.8358 0.061509 -0.704172 -0.707 0.996 0.087 0 0.061509 -0.704172 0.707 3023.dat
1 1 65.5992 -70.06 -62.8358 0.707 -0.704172 0.061509 0 0.087 0.996 -0.707 -0.704172 0.061509 11477.dat
1 1 92.8569 -41.569 -63.8581 -0.707 -0.704172 -0.061509 0 0.087 -0.996 0.707 -0.704172 -0.061509 3623.dat
1 1 92.8569 -41.569 -63.8581 -0.707 -0.704172 -0.061509 0 0.087 -0.996 0.707 -0.704172 -0.061509 54200.dat
1 1 106.9969 -41.569 -77.9981 -0.707 -0.704172 -0.061509 0 0.087 -0.996 0.707 -0.704172 -0.061509 54200.dat
1 1 78.7169 -41.569 -49.7181 -0.707 -0.704172 -0.061509 0 0.087 -0.996 0.707 -0.704172 -0.061509 54200.dat
1 0 -54.166 0 -210.877 0.707 0 0.707 0 1 0 -0.707 0 0.707 3705.dat
1 0 -18.816 0 -246.227 -0.707 0 0.707 0 1 0 -0.707 0 -0.707 32013.dat
1 0 -54.166 0 -210.877 -0.707 0.707 0 0 0 1 0.707 0.707 0 6553.dat
1 71 -43.561 0 -221.482 -0.707 0 0.707 0 1 0 -0.707 0 -0.707 32123.dat
1 0 -89.516 0 -175.527 -0.707 0 -0.707 0 -1 0 -0.707 0 0.707 32013.dat
1 71 -64.771 0 -200.272 -0.707 0 0.707 0 1 0 -0.707 0 -0.707 32123.dat
1 36 -96.586 0 -182.597 0 -0.707 0.707 -1 0 0 0 -0.707 -0.707 6141.dat
1 36 -25.886 0 -253.297 0 -0.707 0.707 -1 0 0 0 -0.707 -0.707 6141.dat
1 25 94.326 -40 -5.816 -0.707 0 0.707 0 -1 0 0.707 0 0.707 42003.dat
1 0 87.255 -40 -12.887 0.707 0.707 0 0 0 1 0.707 -0.707 0 2780.dat
1 71 101.397 -60 1.255 0.707 0.707 0 0 0 1 0.707 -0.707 0 4274.dat
1 47 107.054 -60 6.912 0.707 -0.707 0 0 0 1 -0.707 -0.707 0 6141.dat
1 25 150.895 -40 -62.384 -0.707 0 0.707 0 -1 0 0.707 0 0.707 42003.dat
1 0 143.824 -40 -69.455 0.707 0.707 0 0 0 1 0.707 -0.707 0 2780.dat
1 71 157.966 -60 -55.313 0.707 0.707 0 0 0 1 0.707 -0.707 0 4274.dat
1 47 163.623 -60 -49.657 0.707 -0.707 0 0 0 1 -0.707 -0.707 0 6141.dat
1 1 122.611 -60 -34.105 -0.707 0.707 0 0 0 1 0.707 0.707 0 6558.dat
1 0 122.611 -50 -62.385 0 0.707 0.707 1 0 0 0 0.707 -0.707 32291.dat
1 1 122.611 -40 -34.105 -0.707 0.707 0 0 0 1 0.707 0.707 0 6558.dat
1 25 122.611 0 -34.105 -0.707 0.707 0 0 0 -1 -0.707 -0.707 0 32140.dat
1 0 94.331 -50 -34.105 0 0.707 0.707 1 0 0 0 0.707 -0.707 32291.dat
1 4 94.331 -50 -34.105 0 0.707 0.707 1 0 0 0 0.707 -0.707 32062.dat
1 25 94.331 -50 -34.105 0 0.707 0.707 1 0 0 0 0.707 -0.707 41678.dat
1 4 122.611 -50 -62.385 0 -0.707 -0.707 1 0 0 0 -0.707 0.707 32062.dat
1 25 122.611 -50 -62.385 0 -0.707 -0.707 1 0 0 0 -0.707 0.707 41678.dat
1 0 122.611 0 -34.1 -0.707 0 0.707 0 -1 0 0.707 0 0.707 3705.dat
1 71 133.218 0 -44.707 0.707 0 0.707 0 -1 0 0.707 0 -0.707 32123.dat
1 0 157.966 0 -69.455 0.707 0 0.707 0 -1 0 0.707 0 -0.707 32013.dat
1 71 165.038 0 -62.385 0.707 0 0.707 0 -1 0 0.707 0 -0.707 4274.dat
1 57 170.694 0 -56.727 0 -0.707 0.707 -1 0 0 0 -0.707 -0.707 6141.dat
1 71 112.004 0 -23.493 -0.707 0 -0.707 0 -1 0 -0.707 0 0.707 32123.dat
1 0 87.256 0 1.255 0.707 0 -0.707 0 1 0 0.707 0 0.707 32013.dat
1 71 94.327 0 8.326 0.707 0 -0.707 0 1 0 0.707 0 0.707 4274.dat
1 57 99.983 0 13.983 0 -0.707 -0.707 1 0 0 0 -0.707 0.707 6141.dat
1 25 66.043 -60 -90.669 0 0.707 -0.707 -1 0 0 0 0.707 0.707 32034.dat
1 25 37.759 -60 -62.384 0 -0.707 -0.707 -1 0 0 0 0.707 -0.707 10197.dat
1 25 94.327 -60 -118.953 0 0.707 -0.707 1 0 0 0 -0.707 -0.707 10197.dat
1 25 66.042 -60 -34.1 0.707 0 -0.707 0 1 0 0.707 0 0.707 32054.dat
1 25 122.611 -60 -90.668 0.707 0 -0.707 0 1 0 0.707 0 0.707 32054.dat
1 71 66.043 -40 -90.669 0 0.707 -0.707 -1 0 0 0 0.707 0.707 32073.dat
1 25 94.327 -100 -118.94 0.707 0 -0.707 0 -1 0 -0.707 0 -0.707 10197.dat
1 25 94.327 -60 -118.94 0 0.707 -0.707 1 0 0 0 -0.707 -0.707 32054.dat
1 0 80.187 -100 -104.8 -0.707 0 -0.707 0 1 0 0.707 0 -0.707 18651.dat
1 25 122.607 -100 -90.66 -0.707 0 0.707 0 -1 0 0.707 0 0.707 32015.dat
1 0 94.327 -100 -90.66 -0.707 0.707 0 0 0 1 0.707 0.707 0 32184.dat
1 71 94.327 -100 -62.38 -0.707 0 -0.707 0 1 0 0.707 0 -0.707 32073.dat
1 71 66.047 -80 -90.66 -0.707 0.707 0 0 0 1 0.707 0.707 0 32039.dat
1 25 94.327 -100 -62.38 0 0.707 -0.707 1 0 0 0 -0.707 -0.707 60483.dat
1 1 44.837 -100 -69.45 0.707 0 -0.707 0 -1 0 -0.707 0 -0.707 43093.dat
1 0 66.047 -100 -62.38 -0.707 0.707 0 0 0 1 0.707 0.707 0 32184.dat
1 25 66.047 -100 -34.1 -0.707 0 0.707 0 -1 0 0.707 0 0.707 32015.dat
1 25 37.767 -100 -62.38 0.707 0 -0.707 0 -1 0 -0.707 0 -0.707 10197.dat
1 25 37.767 -60 -62.38 0 0.707 -0.707 1 0 0 0 -0.707 -0.707 32054.dat
1 71 94.326 -110 -90.669 0 -0.707 -0.707 -1 0 0 0 0.707 -0.707 4274.dat
1 71 66.042 -110 -62.384 0 -0.707 -0.707 -1 0 0 0 0.707 -0.707 4274.dat
1 57 94.326 -99 -90.669 -0.707 0 -0.707 0 1 0 0.707 0 -0.707 58176.dat
1 57 66.042 -101 -62.384 -0.707 0 -0.707 0 1 0 0.707 0 -0.707 58176.dat
1 256 51.9 0 -34.1 -0.707 0 0.707 0 1 0 -0.707 0 -0.707 89201.dat
1 0 51.9 0 -34.1 -0.707 0 0.707 0 1 0 -0.707 0 -0.707 55981.dat
1 256 -47.095 0 -133.095 -0.707 0 0.707 0 1 0 -0.707 0 -0.707 89201.dat
1 0 -47.095 0 -133.095 -0.707 0 0.707 0 1 0 -0.707 0 -0.707 55981.dat
1 256 122.61 0 -104.81 -0.707 0 -0.707 0 -1 0 -0.707 0 0.707 89201.dat
1 0 122.61 0 -104.81 -0.707 0 -0.707 0 -1 0 -0.707 0 0.707 55981.dat
1 0 23.616 0 -203.806 -0.707 0 -0.707 0 -1 0 -0.707 0 0.707 55981.dat
1 256 23.616 0 -203.806 -0.707 0 -0.707 0 -1 0 -0.707 0 0.707 89201.dat
1 0 -5.848 -59 -160.088 0.643 0 -0.766 0 -1 0 -0.766 0 -0.643 3705.dat
1 0 16.657 -59 -186.898 0 0.643 -0.766 1 0 0 0 -0.766 -0.643 6632.dat
1 0 -36.488 -59 -185.808 0.643 0 -0.766 0 -1 0 -0.766 0 -0.643 3705.dat
1 0 10.227 -59 -179.238 -0.766 0.643 0 0 0 -1 -0.643 -0.766 0 32250.dat
1 71 -26.843 -59 -197.298 0 0.766 0.643 1 0 0 0 0.643 -0.766 32123.dat
1 15 -36.488 -59 -185.808 0.643 0 -0.766 0 -1 0 -0.766 0 -0.643 6536.dat
1 71 -46.133 -59 -174.318 0 0.766 0.643 1 0 0 0 0.643 -0.766 32123.dat
1 4 24.792 -99 -134.368 -0.643 0 -0.766 0 1 0 0.766 0 -0.643 32062.dat
1 71 24.792 -59 -134.368 -0.643 0 -0.766 0 1 0 0.766 0 -0.643 4519.dat
1 0 34.437 -59 -145.858 0 -0.643 -0.766 -1 0 0 0 0.766 -0.643 32056.dat
1 71 9.472 -39 -147.228 0.766 0.643 0 0 0 1 0.643 -0.766 0 32138.dat
1 0 -5.848 -59 -160.088 -0.643 0 -0.766 0 1 0 0.766 0 -0.643 32291.dat
1 0 24.792 -59 -134.368 0.643 0 0.766 0 1 0 -0.766 0 0.643 32291.dat
1 72 -11.976 -79 -165.232 0.766 0.454601 -0.454601 0 0.707 0.707 0.643 -0.541562 0.541562 55013.dat
1 15 24.792 -99 -134.368 -0.643 0 -0.766 0 1 0 0.766 0 -0.643 6536.dat
1 71 43.942 -79 -118.293 0.454601 0.454601 -0.766 0.707 -0.707 0 -0.541562 -0.541562 -0.643 32123.dat
1 71 36.282 -79 -124.723 0.454601 0.454601 -0.766 0.707 -0.707 0 -0.541562 -0.541562 -0.643 32123.dat
1 71 13.302 -79 -144.013 0.454601 0.454601 -0.766 0.707 -0.707 0 -0.541562 -0.541562 -0.643 32123.dat
1 71 -24.998 -79 -176.163 0.454601 0.454601 -0.766 0.707 -0.707 0 -0.541562 -0.541562 -0.643 32123.dat
1 0 15.147 -59 -122.878 0 -0.643 -0.766 -1 0 0 0 0.766 -0.643 32056.dat
1 71 -47.978 -79 -195.453 0 -0.643 0.766 1 0 0 0 0.766 0.643 32123.dat
1 4 47.222 -159 -115.5397 0.643 -0.383 -0.663356 0 -0.866 0.5 -0.766 -0.3215 -0.556838 32062.dat
1 15 30.3328 -139 -149.3032 0.383 0.643 -0.663356 0.866 0 0.5 0.3215 -0.766 -0.556838 11478.dat
1 15 76.9713 -179 -97.0962 0.383 0.643 -0.663356 0.866 0 0.5 0.3215 -0.766 -0.556838 32065.dat
1 0 33.9549 -149 -126.6764 0.643 -0.383 -0.663356 0 -0.866 0.5 -0.766 -0.3215 -0.556838 2780.dat
1 4 100.2905 -199 -70.9926 0.643 -0.383 -0.663356 0 -0.866 0.5 -0.766 -0.3215 -0.556838 32062.dat
1 15 136.4697 -219 -60.2091 0.383 0.643 -0.663356 0.866 0 0.5 0.3215 -0.766 -0.556838 11478.dat
1 4 153.359 -239 -26.4456 0.643 -0.383 -0.663356 0 -0.866 0.5 -0.766 -0.3215 -0.556838 32062.dat
1 0 113.5576 -209 -59.8559 0.643 -0.383 -0.663356 0 -0.866 0.5 -0.766 -0.3215 -0.556838 2780.dat
1 15 70.5413 -179 -89.4362 0.383 0.643 -0.663356 0.866 0 0.5 0.3215 -0.766 -0.556838 32065.dat
1 0 -5.8465 -119 -160.0867 -0.643 0.383 -0.663356 0 0.866 0.5 0.766 0.3215 -0.556838 3705.dat
1 72 -5.8465 -119 -160.0867 -0.663356 0.383 0.643 0.5 0.866 0 -0.556838 0.3215 -0.766 3648.dat
1 15 11.0428 -139 -126.3232 0.383 0.643 -0.663356 0.866 0 0.5 0.3215 -0.766 -0.556838 11478.dat
1 15 138.039 -238.9995 -39.3056 0 0.765966 -0.643 -0.999956 0 0 0 0.642972 0.766 6536.dat
1 15 117.1797 -219 -37.2291 0.383 0.643 -0.663356 0.866 0 0.5 0.3215 -0.766 -0.556838 11478.dat
1 0 -21.923 -59 -140.938 -0.766 0.643 0 0 0 -1 -0.643 -0.766 0 32250.dat
1 0 -28.353 -59 -133.278 0 -0.643 -0.766 -1 0 0 0 0.766 -0.643 6632.dat
1 0 -59.468 -79 -205.098 -0.454601 0.454601 -0.766 0.707 0.707 0 0.541562 -0.541562 -0.643 32270.dat
1 0 142.3886 -159 -63.9252 0.984856 0.173838 0 0 0 1 0.173838 -0.984856 0 32249.dat
1 71 138.0427 -159 -39.3038 0.173838 0 -0.984856 0 -1 0 -0.984856 0 -0.173838 4519.dat
1 71 140.6503 -159 -54.0766 0 0.984856 0.173838 1 0 0 0 0.173838 -0.984856 32123.dat
1 71 138.0427 -179 -39.3038 -0.173838 -0.984856 0 0 0 -1 0.984856 -0.173838 0 32039.dat
1 71 177.4369 -159 -32.3503 0.173838 0 -0.984856 0 -1 0 -0.984856 0 -0.173838 4519.dat
1 71 138.0427 -119 -39.3038 0.173838 0 -0.984856 0 -1 0 -0.984856 0 -0.173838 4519.dat
1 71 135.4351 -159 -24.5309 0 0.984856 0.173838 1 0 0 0 0.173838 -0.984856 32123.dat
1 15 179.1753 -159 -42.1988 -0.173838 0 -0.984856 0 1 0 0.984856 0 -0.173838 6536.dat
1 15 139.7811 -119 -49.1523 -0.173838 0.984856 0 0 0 1 0.984856 0.173838 0 6536.dat
1 15 175.6985 -159 -22.5017 -0.173838 0 -0.984856 0 1 0 0.984856 0 -0.173838 6536.dat
1 15 136.3043 -119 -29.4552 -0.173838 0.984856 0 0 0 1 0.984856 0.173838 0 6536.dat
1 0 133.6967 -159 -14.6824 0.984856 0.173838 0 0 0 1 0.173838 -0.984856 0 32249.dat
1 1 138.0427 -189 -39.3038 0 0.173838 -0.984856 1 0 0 0 -0.984856 -0.173838 43093.dat
1 15 138.0427 -209 -39.3038 0 0.984856 0.173838 1 0 0 0 0.173838 -0.984856 62462.dat
1 1 138.0427 -229 -39.3038 0 0.173838 0.984856 -1 0 0 0 -0.984856 0.173838 43093.dat
