0 
0 Name: New Model.ldr
0 Author: 
1 0 -85.46 -60 -55.844 -0.966 0.259 0 0 0 1 0.259 0.966 0 6536.dat
1 71 -104.78 -60 -50.664 -0.966 0 -0.259 0 1 0 0.259 0 -0.966 4519.dat
1 0 -104.78 -60 -50.664 0.966 0 -0.259 0 -1 0 -0.259 0 -0.966 63869.dat
1 0 -124.1 -60 -45.484 -0.966 0.259 0 0 0 1 0.259 0.966 0 6536.dat
1 0 -80.28 -50 -36.524 0 -0.966 -0.259 -1 0 0 0 0.259 -0.966 2780.dat
1 0 -118.92 -50 -26.164 0 -0.966 -0.259 -1 0 0 0 0.259 -0.966 2780.dat
1 71 -99.6 -40 -31.344 -0.259 0 0.966 0 1 0 -0.966 0 -0.259 32524.dat
1 0 -99.6 -80 -31.344 0 -0.259 0.966 -1 0 0 0 -0.966 -0.259 32524.dat
1 0 -102.19 -80 -41.004 0.259 -0.966 0 0 0 -1 0.966 0.259 0 2780.dat
1 71 -39.05 -80 -37.224 0.259 0 0.966 0 -1 0 0.966 0 -0.259 4274.dat
1 71 -154.97 -80 -6.144 0.259 0 0.966 0 -1 0 0.966 0 -0.259 4274.dat
1 36 -36.978 -80 -29.496 0 -0.259 0.966 -1 0 0 0 -0.966 -0.259 98138.dat
1 36 -152.898 -80 1.584 0 -0.259 0.966 -1 0 0 0 -0.966 -0.259 98138.dat
1 72 -88.05 -80 -65.504 0.259 0 0.966 0 -1 0 0.966 0 -0.259 87083.dat
1 72 -126.69 -80 -55.144 0.259 0 0.966 0 -1 0 0.966 0 -0.259 87083.dat
1 0 -129.28 -80 -64.804 0.259 0 -0.966 0 1 0 0.966 0 0.259 6536.dat
1 0 -90.64 -80 -75.164 0.259 0 -0.966 0 1 0 0.966 0 0.259 6536.dat
1 71 -115.14 -60 -89.304 0 0.259 0.966 1 0 0 0 0.966 -0.259 48989.dat
1 1 -115.14 -60 -89.304 0.966 0 -0.259 0 -1 0 -0.259 0 -0.966 6558.dat
1 72 -134.46 -60 -84.124 -0.259 0 0.966 0 1 0 -0.966 0 -0.259 42003.dat
1 72 -95.82 -60 -94.484 -0.259 0 0.966 0 1 0 -0.966 0 -0.259 42003.dat
1 0 -101 -60 -113.804 0 -0.966 -0.259 -1 0 0 0 0.259 -0.966 32526.dat
1 0 -101.7 -60 -155.034 0.966 0 0.259 0 1 0 -0.259 0 0.966 2780.dat
1 0 -112.06 -80 -193.674 0.966 0 0.259 0 1 0 -0.259 0 0.966 2780.dat
1 1 -116.54 -60 -171.764 -0.966 0 -0.259 0 1 0 0.259 0 -0.966 6558.dat
1 1 -150 -60 -142.084 -0.966 0 -0.259 0 1 0 0.259 0 -0.966 6558.dat
1 72 -121.72 -60 -191.084 -0.966 0 -0.259 0 1 0 0.259 0 -0.966 11214.dat
1 71 -160.36 -60 -180.724 -0.966 0 -0.259 0 1 0 0.259 0 -0.966 32054.dat
1 0 -139.64 -60 -103.444 0 -0.966 -0.259 -1 0 0 0 0.259 -0.966 32526.dat
1 0 -164.84 -60 -158.814 0.966 0 0.259 0 1 0 -0.259 0 0.966 2780.dat
1 0 -170.02 -80 -178.134 0.966 0 0.259 0 1 0 -0.259 0 0.966 2780.dat
1 72 -109.96 -80 -69.984 0 -0.966 -0.259 -1 0 0 0 0.259 -0.966 11214.dat
1 0 -120.32 -70 -108.624 0 0.966 0.259 -1 0 0 0 -0.259 0.966 2780.dat
1 0 -135.86 -80 -166.584 -0.966 0 0.259 0 -1 0 0.259 0 0.966 32525.dat
1 0 -146.22 -90 -205.224 0 0.966 0.259 -1 0 0 0 -0.259 0.966 2780.dat
1 1 -161.76 -100 -263.184 0 -0.966 -0.259 -1 0 0 0 0.259 -0.966 6558.dat
1 72 -161.76 -100 -263.184 0.966 0.259 0 0 0 -1 -0.259 0.966 0 42003.dat
1 0 -146.22 -100 -205.224 0.966 0.259 0 0 0 -1 -0.259 0.966 0 32184.dat
1 71 -141.04 -100 -185.904 0.966 0.259 0 0 0 -1 -0.259 0.966 0 32073.dat
1 15 -179.68 -140 -175.544 -0.259 0.966 0 0 0 -1 -0.966 -0.259 0 40490.dat
1 0 -189.34 -180 -172.954 0.966 0 0.259 0 1 0 -0.259 0 0.966 2780.dat
1 72 -179.68 -220 -175.544 0.966 0 -0.259 0 -1 0 -0.259 0 -0.966 11214.dat
1 15 -141.04 -220 -185.904 -0.259 0 -0.966 0 -1 0 -0.966 0 0.259 18948.dat
1 72 -102.4 -220 -196.264 -0.966 0 0.259 0 -1 0 0.259 0 0.966 11214.dat
1 15 -102.4 -140 -196.264 -0.259 0.966 0 0 0 -1 -0.966 -0.259 0 40490.dat
1 0 -92.74 -180 -198.854 0.966 0 0.259 0 1 0 -0.259 0 0.966 2780.dat
1 0 -171.91 -40 -146.564 -0.259 -0.966 0 0 0 1 -0.966 0.259 0 41678.dat
1 4 -171.91 -40 -146.564 -0.259 -0.966 0 0 0 1 -0.966 0.259 0 32062.dat
1 0 -171.91 -40 -146.564 -0.259 -0.966 0 0 0 1 -0.966 0.259 0 63869.dat
1 0 -196.41 -50 -160.704 0 0.966 0.259 -1 0 0 0 -0.259 0.966 2780.dat
1 0 -186.05 -50 -122.064 0 0.966 0.259 -1 0 0 0 -0.259 0.966 2780.dat
1 15 -191.23 -60 -141.384 -0.966 0 0.259 0 -1 0 0.259 0 0.966 32523.dat
1 0 -94.63 -40 -167.284 0.259 0.966 0 0 0 1 0.966 -0.259 0 41678.dat
1 4 -94.63 -40 -167.284 0.259 0.966 0 0 0 1 0.966 -0.259 0 32062.dat
1 0 -94.63 -40 -167.284 0.259 0.966 0 0 0 1 0.966 -0.259 0 63869.dat
1 0 -70.13 -50 -153.144 0 -0.966 -0.259 -1 0 0 0 0.259 -0.966 2780.dat
1 0 -80.49 -50 -191.784 0 -0.966 -0.259 -1 0 0 0 0.259 -0.966 2780.dat
1 15 -75.31 -60 -172.464 0.966 0 -0.259 0 -1 0 -0.259 0 -0.966 32523.dat
1 71 -172.12 -40 -301.824 0.259 0 -0.966 0 1 0 0.966 0 0.259 32524.dat
1 0 -191.44 -60 -296.644 0 0.966 0.259 -1 0 0 0 -0.259 0.966 87082.dat
1 0 -152.8 -60 -307.004 0 0.966 0.259 -1 0 0 0 -0.259 0.966 87082.dat
1 71 -172.12 -60 -301.824 -0.966 0 0.259 0 -1 0 0.259 0 0.966 32073.dat
1 0 -172.12 -80 -301.824 -0.966 0 0.259 0 -1 0 0.259 0 0.966 32184.dat
1 15 -210.76 -60 -291.464 -0.259 0 0.966 0 1 0 -0.966 0 -0.259 32126.dat
1 47 -230.08 -60 -286.284 0 -0.259 0.966 -1 0 0 0 -0.966 -0.259 3024.dat
1 47 -114.16 -60 -317.364 0 -0.259 -0.966 1 0 0 0 -0.966 0.259 3024.dat
1 15 -133.48 -60 -312.184 -0.259 0 -0.966 0 -1 0 -0.966 0 0.259 32126.dat
1 0 -152.8 -80 -307.004 0 -0.259 -0.966 1 0 0 0 -0.966 0.259 10197.dat
1 0 -191.44 -80 -296.644 0 -0.259 0.966 -1 0 0 0 -0.966 -0.259 10197.dat
1 0 -169.53 -80 -292.164 -0.259 0.966 0 0 0 -1 -0.966 -0.259 0 2780.dat
1 0 -166.94 -60 -282.504 0.966 0 -0.259 0 -1 0 -0.259 0 -0.966 63869.dat
1 4 -166.94 -60 -282.504 0.966 0 -0.259 0 -1 0 -0.259 0 -0.966 32062.dat
1 71 -166.94 -40 -282.504 0.966 0 -0.259 0 -1 0 -0.259 0 -0.966 92907.dat
1 4 -161.76 -60 -263.184 0.966 0 -0.259 0 -1 0 -0.259 0 -0.966 32062.dat
1 0 -161.76 -60 -263.184 0.966 0.259 0 0 0 -1 -0.259 0.966 0 63869.dat
1 15 -230.08 -80 -286.284 0 0.259 -0.966 -1 0 0 0 0.966 0.259 32013.dat
1 15 -114.16 -80 -317.364 0 0.259 0.966 1 0 0 0 0.966 -0.259 32013.dat
1 71 -172.12 -100 -301.824 0.966 0.259 0 0 0 -1 -0.259 0.966 0 32073.dat
1 15 -230.08 -100 -286.284 0 0.259 -0.966 -1 0 0 0 0.966 0.259 32013.dat
1 15 -114.16 -100 -317.364 0 0.259 0.966 1 0 0 0 0.966 -0.259 32013.dat
1 0 -186.61 -100 -297.939 0 0.966 0.259 -1 0 0 0 -0.259 0.966 41677.dat
1 0 -196.27 -100 -295.349 0 0.966 0.259 -1 0 0 0 -0.259 0.966 41677.dat
1 0 -157.63 -100 -305.709 0 0.966 0.259 -1 0 0 0 -0.259 0.966 41677.dat
1 0 -147.97 -100 -308.299 0 0.966 0.259 -1 0 0 0 -0.259 0.966 41677.dat
1 1 -230.08 -100 -286.284 0 -0.966 0.259 1 0 0 0 0.259 0.966 6558.dat
1 1 -114.16 -100 -317.364 0 -0.966 0.259 1 0 0 0 0.259 0.966 6558.dat
1 71 -170.72 -40 -219.364 0.966 0.259 0 0 0 -1 -0.259 0.966 0 48989.dat
1 71 -132.08 -40 -229.724 0.966 0.259 0 0 0 -1 -0.259 0.966 0 48989.dat
1 4 -156.58 -70 -243.864 0 0.259 0.966 1 0 0 0 0.966 -0.259 3706.dat
1 1 -156.58 -45 -243.864 -0.966 0 0.259 0 -1 0 0.259 0 0.966 6632.dat
1 14 -156.58 -35 -243.864 -0.966 0.259 0 0 0 1 0.259 0.966 0 32123.dat
1 15 -156.58 -20 -243.864 0.259 0 -0.966 0 1 0 0.966 0 0.259 32523.dat
1 15 -146.22 -60 -205.224 0.259 0 -0.966 0 1 0 0.966 0 0.259 32523.dat
1 71 -166.94 -100 -282.504 0.966 0.259 0 0 0 -1 -0.259 0.966 0 32073.dat
1 15 -224.9 -100 -266.964 0 0.259 -0.966 -1 0 0 0 0.966 0.259 32013.dat
1 15 -108.98 -100 -298.044 0 0.259 0.966 1 0 0 0 0.966 -0.259 32013.dat
1 71 -151.4 -100 -224.544 0.966 0.259 0 0 0 -1 -0.259 0.966 0 32073.dat
1 0 -180.38 -100 -216.774 0.966 0 0.259 0 1 0 -0.259 0 0.966 41678.dat
1 1 -175.2 -160 -197.454 -0.259 -0.966 0 0 0 1 -0.966 0.259 0 32140.dat
1 4 -175.2 -160 -197.454 -0.966 -0.259 0 0 0 -1 0.259 -0.966 0 32062.dat
1 1 -189.69 -120 -193.569 0.259 -0.966 0 0 0 -1 0.966 0.259 0 6632.dat
1 1 -160.71 -120 -201.339 0.259 -0.966 0 0 0 -1 0.966 0.259 0 6632.dat
1 0 -122.42 -100 -232.314 0.966 0 0.259 0 1 0 -0.259 0 0.966 41678.dat
1 1 -117.24 -160 -212.994 -0.259 -0.966 0 0 0 1 -0.966 0.259 0 32140.dat
1 4 -117.24 -160 -212.994 -0.966 -0.259 0 0 0 -1 0.259 -0.966 0 32062.dat
1 1 -131.73 -120 -209.109 0.259 -0.966 0 0 0 -1 0.966 0.259 0 6632.dat
1 1 -102.75 -120 -216.879 0.259 -0.966 0 0 0 -1 0.966 0.259 0 6632.dat
1 15 -219.72 -220 -247.644 0 -0.966 0.259 1 0 0 0 0.259 0.966 32526.dat
1 0 -194.52 -220 -192.274 0.966 0.008288 0.258741 0 0.999 -0.032 -0.259 0.030912 0.965034 2780.dat
1 71 -156.58 -140 -243.864 0.259 0.966 0 0 0 1 0.966 -0.259 0 62520.dat
1 71 -156.58 -140 -243.864 -0.966 -0.231546 0.115773 0 -0.447 -0.894 0.259 -0.863604 0.431802 62520.dat
1 71 -156.58 -140 -243.864 0.259 0.966 0 0 0 1 0.966 -0.259 0 62519.dat
1 0 -184.86 -220 -194.864 0.115773 0.966 0.231546 -0.894 0 0.447 0.431802 -0.259 0.863604 15100.dat
1 1 -143.9035 -237.889 -196.5841 -0.231546 -0.115773 0.966 -0.447 0.894 0 -0.863604 -0.431802 -0.259 32316.dat
1 71 -147.3138 -211.554 -209.3034 0.115773 0.231546 -0.966 -0.894 0.447 0 0.431802 0.863604 0.259 44294.dat
1 0 -141.5223 -256.276 -187.7027 -0.231546 -0.966 -0.115773 -0.447 0 0.894 -0.863604 0.259 -0.431802 32270.dat
1 0 -107.58 -220 -215.584 0.115773 0.966 0.231546 -0.894 0 0.447 0.431802 -0.259 0.863604 15100.dat
1 14 -145.6922 -224.076 -203.2553 0.966 -0.231546 -0.115773 0 -0.447 0.894 -0.259 -0.863604 -0.431802 32123.dat
1 71 -166.94 -120 -282.504 0.966 0 0.259 0 1 0 -0.259 0 0.966 32073.dat
1 0 -195.92 -120 -274.734 -0.966 0.259 0 0 0 1 0.259 0.966 0 41678.dat
1 0 -166.94 -120 -282.504 -0.966 0.259 0 0 0 1 0.259 0.966 0 6536.dat
1 0 -152.45 -140 -286.389 0.259 0.966 0 0 0 1 0.966 -0.259 0 41677.dat
1 0 -147.62 -140 -287.684 0.966 -0.259 0 0 0 1 -0.259 -0.966 0 18651.dat
1 0 -166.94 -140 -282.504 -0.259 -0.966 0 0 0 1 -0.966 0.259 0 15100.dat
1 0 -137.96 -140 -290.274 0.259 0.966 0 0 0 1 0.966 -0.259 0 85940.dat
1 0 -123.47 -140 -294.159 0.259 0.966 0 0 0 1 0.966 -0.259 0 41677.dat
1 0 -172.12 -140 -301.824 -0.259 0 0.966 0 1 0 -0.966 0 -0.259 32034.dat
1 16 -133.9126 -155.343 -275.1783 -0.183113 -0.183113 0.966 -0.707 0.707 0 -0.682962 -0.682962 -0.259 30663.dat
1 0 -133.48 -140 -312.184 -0.966 0.259 0 0 0 1 0.259 0.966 0 18651.dat
1 0 -210.76 -140 -291.464 0.966 0.259 0 0 0 -1 -0.259 0.966 0 18651.dat
1 0 -133.48 -140 -312.184 0 -0.966 0.259 1 0 0 0 0.259 0.966 15100.dat
1 0 -210.76 -140 -291.464 0 -0.966 0.259 1 0 0 0 0.259 0.966 15100.dat
1 15 -172.12 -120 -301.824 -0.259 0 -0.966 0 -1 0 -0.966 0 0.259 32524.dat
1 0 -230.08 -140 -286.284 0.966 -0.250712 -0.065009 0 -0.251 0.968 -0.259 -0.935088 -0.242466 32013.dat
1 71 -227.4794 -178.719 -276.5844 0.065009 -0.966 -0.250712 -0.968 0 -0.251 0.242466 0.259 -0.935088 4519.dat
1 0 -227.4794 -178.719 -276.5844 -0.250712 0.065009 -0.966 -0.251 -0.968 0 -0.935088 0.242466 0.259 60483.dat
1 0 -246.1493 -188.399 -268.9797 -0.065009 0.966 -0.250712 0.968 0 -0.251 -0.242466 -0.259 -0.935088 2780.dat
1 0 -226.1789 -198.079 -271.7341 0.966 -0.250712 -0.065009 0 -0.251 0.968 -0.259 -0.935088 -0.242466 32039.dat
1 0 -245.4989 -198.079 -266.5541 -0.250712 0.065009 -0.966 -0.251 -0.968 0 -0.935088 0.242466 0.259 18654.dat
1 72 -195.22 -220 -233.504 0.966 -0.008288 -0.258741 0 -0.999 0.032 -0.259 -0.030912 -0.965034 11214.dat
1 15 -200.3894 -218.719 -252.7844 0.016576 -0.966 0.258482 0.998 0 -0.064 0.061824 0.259 0.964068 32523.dat
1 71 -166.9188 -217.438 -282.4248 -0.966 0.056721 0.252784 0 -0.976 0.219 0.259 0.211554 0.942816 44294.dat
1 15 -156.58 -220 -243.864 0.258741 -0.008288 0.966 -0.032 -0.999 0 0.965034 -0.030912 -0.259 18948.dat
1 72 -117.94 -220 -254.224 -0.966 0.008288 -0.258741 0 0.999 0.032 0.259 0.030912 -0.965034 11214.dat
1 15 -123.1094 -218.719 -273.5044 0.016576 -0.966 0.258482 0.998 0 -0.064 0.061824 0.259 0.964068 32523.dat
1 0 -186.2388 -217.438 -277.2448 0.966 -0.252784 -0.056721 0 -0.219 0.976 -0.259 -0.942816 -0.211554 6536.dat
1 0 -147.5988 -217.438 -287.6048 0.966 -0.252784 -0.056721 0 -0.219 0.976 -0.259 -0.942816 -0.211554 6536.dat
1 0 -166.9188 -217.438 -282.4248 -0.258741 0.966 -0.008288 0.032 0 -0.999 -0.965034 -0.259 -0.030912 18654.dat
1 0 -191.8606 -212.066 -298.2128 0.056721 -0.221613 0.973063 -0.976 -0.219 0.007 0.211554 -0.950138 -0.228795 2780.dat
1 0 -153.2206 -212.066 -308.5728 0.056721 -0.221613 0.973063 -0.976 -0.219 0.007 0.211554 -0.950138 -0.228795 2780.dat
1 0 -173.1083 -202.309 -305.5103 0.252784 0.056721 0.966 0.219 -0.976 0 0.942816 0.211554 -0.259 32524.dat
1 0 -114.16 -140 -317.364 0.966 -0.250712 -0.065009 0 -0.251 0.968 -0.259 -0.935088 -0.242466 32013.dat
1 71 -111.5594 -178.719 -307.6644 -0.065009 0.966 -0.250712 0.968 0 -0.251 -0.242466 -0.259 -0.935088 4519.dat
1 0 -111.5594 -178.719 -307.6644 0.250712 0.065009 0.966 0.251 -0.968 0 0.935088 0.242466 -0.259 60483.dat
1 0 -91.5893 -188.399 -310.4197 0.065009 -0.966 -0.250712 -0.968 0 -0.251 0.242466 0.259 -0.935088 2780.dat
1 0 -110.2589 -198.079 -302.8141 0.966 -0.250712 -0.065009 0 -0.251 0.968 -0.259 -0.935088 -0.242466 32039.dat
1 0 -90.9389 -198.079 -307.9941 0.250712 0.065009 0.966 0.251 -0.968 0 0.935088 0.242466 -0.259 18654.dat
1 0 -97.92 -220 -218.174 0.966 0 0.259 0 1 0 -0.259 0 0.966 2780.dat
1 15 -103.8 -220 -278.724 0 -0.966 0.259 1 0 0 0 0.259 0.966 32526.dat
1 0 -224.9 -110 -266.964 0 0.966 0.259 -1 0 0 0 -0.259 0.966 2780.dat
1 1 -214.54 -120 -228.324 -0.966 0 -0.259 0 1 0 0.259 0 -0.966 32316.dat
1 0 -219.72 -130 -247.644 0 0.966 0.259 -1 0 0 0 -0.259 0.966 2780.dat
1 1 -214.54 -120 -228.324 0 0.966 0.259 -1 0 0 0 -0.259 0.966 6558.dat
1 0 -209.36 -110 -209.004 0 0.966 0.259 -1 0 0 0 -0.259 0.966 2780.dat
1 15 -211.95 -105 -218.664 -0.966 0 0.259 0 -1 0 0.259 0 0.966 32449.dat
1 15 -211.95 -95 -218.664 -0.966 0 0.259 0 -1 0 0.259 0 0.966 32449.dat
1 15 -204.18 -140 -189.684 -0.966 0 -0.259 0 1 0 0.259 0 -0.966 11947.dat
1 0 -108.98 -110 -298.044 0 -0.966 0.259 1 0 0 0 0.259 0.966 2780.dat
1 1 -98.62 -120 -259.404 -0.966 0 -0.259 0 1 0 0.259 0 -0.966 32316.dat
1 0 -103.8 -130 -278.724 0 -0.966 0.259 1 0 0 0 0.259 0.966 2780.dat
1 1 -98.62 -120 -259.404 0 -0.966 -0.259 -1 0 0 0 0.259 -0.966 6558.dat
1 0 -93.44 -110 -240.084 0 -0.966 0.259 1 0 0 0 0.259 0.966 2780.dat
1 15 -96.03 -105 -249.744 -0.966 0 0.259 0 -1 0 0.259 0 0.966 32449.dat
1 15 -96.03 -95 -249.744 -0.966 0 0.259 0 -1 0 0.259 0 0.966 32449.dat
1 15 -88.26 -140 -220.764 -0.966 0 -0.259 0 1 0 0.259 0 -0.966 11946.dat
1 19 -86.16 -40 -97.074 0.966 0 0.259 0 1 0 -0.259 0 0.966 3749.dat
1 0 -66.84 -40 -102.254 0.259 0 -0.966 0 1 0 0.966 0 0.259 55982.dat
1 256 -66.84 -40 -102.254 0.259 0 -0.966 0 1 0 0.966 0 0.259 58090.dat
1 19 -144.12 -40 -81.534 -0.966 0 -0.259 0 1 0 0.259 0 -0.966 3749.dat
1 0 -163.44 -40 -76.354 -0.259 0 0.966 0 1 0 -0.966 0 -0.259 55982.dat
1 256 -163.44 -40 -76.354 -0.259 0 0.966 0 1 0 -0.966 0 -0.259 58090.dat
1 19 -117.94 -40 -254.224 0.966 0 -0.259 0 -1 0 -0.259 0 -0.966 32556.dat
1 0 -108.28 -40 -256.814 0.259 0 -0.966 0 1 0 0.966 0 0.259 55981.dat
1 256 -108.28 -40 -256.814 0.259 0 -0.966 0 1 0 0.966 0 0.259 58090.dat
1 19 -195.22 -40 -233.504 -0.966 0 0.259 0 -1 0 0.259 0 0.966 32556.dat
1 0 -204.88 -40 -230.914 -0.259 0 0.966 0 1 0 -0.966 0 -0.259 55981.dat
1 256 -204.88 -40 -230.914 -0.259 0 0.966 0 1 0 -0.966 0 -0.259 58090.dat
1 71 -130 -100 330 0 1 0 -1 0 0 0 0 1 32525.dat
1 1 -110 -100 230 1 0 0 0 1 0 0 0 1 6558.dat
1 1 -110 -100 270 1 0 0 0 1 0 0 0 1 6558.dat
1 1 -110 -100 150 0 -1 0 1 0 0 0 0 1 41239.dat
1 1 -110 -100 410 1 0 0 0 1 0 0 0 1 6558.dat
1 72 -110 -100 410 0 -1 0 1 0 0 0 0 1 18654.dat
1 71 -90 -100 330 0 1 0 -1 0 0 0 0 1 32525.dat
1 71 -150 -100 430 1 0 0 0 1 0 0 0 1 32054.dat
1 71 -70 -100 430 -1 0 0 0 -1 0 0 0 1 32054.dat
1 72 -150 -120 430 0 -1 0 0 0 1 -1 0 0 60483.dat
1 72 -70 -120 430 0 -1 0 0 0 1 -1 0 0 60483.dat
1 19 -160 -120 430 1 0 0 0 -1 0 0 0 -1 3749.dat
1 19 -60 -120 430 -1 0 0 0 1 0 0 0 -1 3749.dat
1 0 -150 -100 390 1 0 0 0 1 0 0 0 1 15100.dat
1 0 -70 -100 390 -1 0 0 0 1 0 0 0 -1 15100.dat
1 0 -140 -100 250 -1 0 0 0 1 0 0 0 -1 2780.dat
1 0 -80 -100 250 -1 0 0 0 1 0 0 0 -1 2780.dat
1 72 -70 -80 250 0 -1 0 0 0 -1 1 0 0 60483.dat
1 72 -150 -80 250 0 -1 0 0 0 -1 1 0 0 60483.dat
1 71 -50 -80 250 -1 0 0 0 1 0 0 0 -1 22961.dat
1 71 -170 -80 250 1 0 0 0 1 0 0 0 1 22961.dat
1 71 -50 -80 250 0 1 0 -1 0 0 0 0 1 32054.dat
1 71 -170 -80 250 0 1 0 -1 0 0 0 0 1 32054.dat
1 1 -170 -100 290 -1 0 0 0 -1 0 0 0 1 41239.dat
1 1 -50 -100 290 -1 0 0 0 -1 0 0 0 1 41239.dat
1 19 -170 -110 410 0 -1 0 -1 0 0 0 0 -1 3749.dat
1 19 -50 -110 410 0 -1 0 -1 0 0 0 0 -1 3749.dat
1 71 -170 -120 410 0 0 -1 -1 0 0 0 1 0 6536.dat
1 71 -50 -120 410 0 0 -1 -1 0 0 0 1 0 6536.dat
1 71 -110 -40 430 0 0 1 0 1 0 -1 0 0 32524.dat
1 0 -130 -50 430 0 0 1 1 0 0 0 1 0 2780.dat
1 0 -90 -50 430 0 0 1 1 0 0 0 1 0 2780.dat
1 0 -130 -60 370 1 0 0 0 1 0 0 0 1 32524.dat
1 0 -90 -60 370 1 0 0 0 1 0 0 0 1 32524.dat
1 1 -90 -50 330 0 -1 0 1 0 0 0 0 1 43093.dat
1 1 -90 -50 370 0 -1 0 1 0 0 0 0 1 43093.dat
1 71 -90 -40 350 0 0 1 1 0 0 0 1 0 32184.dat
1 1 -130 -50 330 0 -1 0 1 0 0 0 0 1 43093.dat
1 1 -130 -50 370 0 -1 0 1 0 0 0 0 1 43093.dat
1 71 -130 -40 350 0 0 1 1 0 0 0 1 0 32184.dat
1 0 -130 -70 310 0 0 1 1 0 0 0 1 0 2780.dat
1 0 -90 -70 310 0 0 1 1 0 0 0 1 0 2780.dat
1 0 -130 -70 390 0 0 1 1 0 0 0 1 0 2780.dat
1 0 -90 -70 390 0 0 1 1 0 0 0 1 0 2780.dat
1 0 -130 -80 410 0 0 1 1 0 0 0 1 0 15100.dat
1 0 -90 -80 410 0 0 1 1 0 0 0 1 0 15100.dat
1 0 -90 -80 420 0 0 -1 0 1 0 1 0 0 2780.dat
1 0 -130 -80 420 0 0 -1 0 1 0 1 0 0 2780.dat
1 0 -110 -80 430 0 0 -1 1 0 0 0 -1 0 32524.dat
1 71 -50 -80 440 0 0 -1 0 1 0 1 0 0 4274.dat
1 71 -170 -80 440 0 0 -1 0 1 0 1 0 0 4274.dat
1 36 -170 -80 448 0 0 -1 1 0 0 0 -1 0 98138.dat
1 71 -110 -80 390 0 0 1 0 1 0 -1 0 0 32524.dat
1 71 -110 -80 310 0 0 1 0 1 0 -1 0 0 32524.dat
1 0 -170 -90 310 0 0 1 1 0 0 0 1 0 2780.dat
1 0 -50 -90 310 0 0 1 1 0 0 0 1 0 2780.dat
1 0 -170 -90 390 0 0 1 1 0 0 0 1 0 2780.dat
1 0 -150 -90 390 0 0 1 1 0 0 0 1 0 2780.dat
1 0 -70 -90 390 0 0 1 1 0 0 0 1 0 2780.dat
1 0 -50 -90 390 0 0 1 1 0 0 0 1 0 2780.dat
1 1 -110 -100 30 -1 0 0 0 -1 0 0 0 1 6558.dat
1 1 -110 -100 70 -1 0 0 0 -1 0 0 0 1 6558.dat
1 71 -90 -100 -30 0 1 0 -1 0 0 0 0 1 32525.dat
1 1 -110 -100 -110 -1 0 0 0 -1 0 0 0 1 6558.dat
1 72 -110 -100 -110 0 1 0 -1 0 0 0 0 1 18654.dat
1 71 -110 -100 -50 0 0 -1 -1 0 0 0 1 0 48989.dat
1 71 -130 -100 -30 0 1 0 -1 0 0 0 0 1 32525.dat
1 0 -140 -100 50 1 0 0 0 1 0 0 0 1 4459.dat
1 0 -80 -100 50 1 0 0 0 1 0 0 0 1 4459.dat
1 72 -70 -80 50 0 1 0 0 0 -1 -1 0 0 60483.dat
1 72 -150 -80 50 0 1 0 0 0 -1 -1 0 0 60483.dat
1 19 -50 -110 170 0 -1 0 -1 0 0 0 0 -1 3749.dat
1 71 -50 -120 150 0 0 1 -1 0 0 0 -1 0 32184.dat
1 19 -50 -110 130 0 -1 0 -1 0 0 0 0 -1 3749.dat
1 0 -60 -120 150 1 0 0 0 1 0 0 0 1 4459.dat
1 72 -70 -120 150 0 1 0 -1 0 0 0 0 1 18654.dat
1 19 -170 -110 130 0 1 0 -1 0 0 0 0 1 3749.dat
1 71 -170 -120 150 0 0 -1 -1 0 0 0 1 0 32184.dat
1 19 -170 -110 170 0 1 0 -1 0 0 0 0 1 3749.dat
1 0 -160 -120 150 -1 0 0 0 1 0 0 0 -1 4459.dat
1 72 -150 -120 150 0 -1 0 -1 0 0 0 0 -1 18654.dat
1 71 -150 -100 -130 1 0 0 0 1 0 0 0 1 32054.dat
1 71 -70 -100 -130 -1 0 0 0 -1 0 0 0 1 32054.dat
1 72 -150 -120 -130 0 -1 0 0 0 1 -1 0 0 60483.dat
1 72 -70 -120 -130 0 -1 0 0 0 1 -1 0 0 60483.dat
1 19 -160 -120 -130 1 0 0 0 1 0 0 0 1 3749.dat
1 19 -60 -120 -130 -1 0 0 0 1 0 0 0 -1 3749.dat
1 1 -170 -100 10 1 0 0 0 1 0 0 0 1 41239.dat
1 19 -170 -110 -110 0 1 0 -1 0 0 0 0 1 3749.dat
1 71 -170 -120 -110 0 0 -1 1 0 0 0 -1 0 6536.dat
1 1 -50 -100 10 1 0 0 0 1 0 0 0 1 41239.dat
1 19 -50 -110 -110 0 1 0 -1 0 0 0 0 1 3749.dat
1 71 -50 -120 -110 0 0 -1 1 0 0 0 -1 0 6536.dat
1 71 -170 -80 50 1 0 0 0 -1 0 0 0 -1 22961.dat
1 71 -170 -80 50 0 1 0 -1 0 0 0 0 1 32054.dat
1 71 -50 -80 50 0 -1 0 -1 0 0 0 0 -1 32054.dat
1 71 -50 -80 50 -1 0 0 0 -1 0 0 0 1 22961.dat
1 1 -50 -50 50 0 -1 0 -1 0 0 0 0 -1 43093.dat
1 1 -170 -50 50 0 -1 0 -1 0 0 0 0 -1 43093.dat
1 1 -50 -50 250 0 -1 0 -1 0 0 0 0 -1 43093.dat
1 1 -170 -50 250 0 -1 0 -1 0 0 0 0 -1 43093.dat
1 1 -50 -40 150 1 0 0 0 1 0 0 0 1 41239.dat
1 1 -170 -40 150 1 0 0 0 1 0 0 0 1 41239.dat
1 19 -80 -40 350 1 0 0 0 1 0 0 0 1 3749.dat
1 0 -60 -40 350 0 0 -1 0 1 0 1 0 0 55982.dat
1 256 -60 -40 350 0 0 -1 0 1 0 1 0 0 58090.dat
1 19 -140 -40 350 -1 0 0 0 -1 0 0 0 1 3749.dat
1 0 -160 -40 350 0 0 1 0 -1 0 1 0 0 55982.dat
1 256 -160 -40 350 0 0 1 0 -1 0 1 0 0 58090.dat
1 71 -110.353 -180 -108.637 -1 0 0 0 0 -1 0 -1 0 64179.dat
1 1 -150.353 -160 -98.637 0 -1 0 0 0 -1 1 0 0 43093.dat
1 1 -150.353 -200 -98.637 0 -1 0 0 0 -1 1 0 0 43093.dat
1 1 -70.353 -160 -98.637 0 -1 0 0 0 -1 1 0 0 43093.dat
1 1 -70.353 -200 -98.637 0 -1 0 0 0 -1 1 0 0 43093.dat
1 0 -150.353 -240 -98.637 0 -1 0 0 0 -1 1 0 0 2780.dat
1 0 -70.353 -240 -98.637 0 -1 0 0 0 -1 1 0 0 2780.dat
1 0 -150.353 -120 -98.637 0 -1 0 0 0 -1 1 0 0 2780.dat
1 0 -70.353 -120 -98.637 0 -1 0 0 0 -1 1 0 0 2780.dat
1 71 -110.353 -240 11.363 0 0 -1 0 1 0 1 0 0 64782.dat
1 71 -110.353 -120 11.363 0 0 -1 0 1 0 1 0 0 64782.dat
1 0 -70.353 -240 121.363 0 -1 0 0 0 -1 1 0 0 2780.dat
1 0 -150.353 -240 121.363 0 -1 0 0 0 -1 1 0 0 2780.dat
1 0 -70.353 -120 121.363 0 -1 0 0 0 -1 1 0 0 2780.dat
1 0 -150.353 -120 121.363 0 -1 0 0 0 -1 1 0 0 2780.dat
1 71 -150.353 -180 11.363 0 1 0 0 0 1 1 0 0 64782.dat
1 71 -70.353 -180 9.363 0 -1 0 0 0 -1 1 0 0 64782.dat
1 71 -110.353 -180 131.363 -1 0 0 0 0 -1 0 -1 0 64179.dat
1 1 -70.353 -160 121.363 0 0 -1 0 -1 0 -1 0 0 43093.dat
1 1 -70.353 -200 121.363 0 0 -1 0 -1 0 -1 0 0 43093.dat
1 1 -150.353 -200 121.363 0 0 -1 0 -1 0 -1 0 0 43093.dat
1 1 -150.353 -160 121.363 0 0 -1 0 -1 0 -1 0 0 43093.dat
