0 Main
0 Name: 6780-1 - XT Starship.mpd
0 Author: LTRON
1 15 0 -64 100 0 0 -1 0 1 0 1 0 0 3006.dat
1 15 0 -64 210 -1 0 0 0 1 0 0 0 -1 3747.dat
1 0 0 -72 10 -1 0 0 0 1 0 0 0 -1 3023.dat
1 0 0 -72 120 -1 0 0 0 1 0 0 0 -1 3022.dat
1 0 0 -72 70 0 0 1 0 1 0 -1 0 0 3021.dat
1 0 -30 -72 30 0 0 1 0 1 0 -1 0 0 3963.dat
1 0 30 -72 30 0 0 -1 0 1 0 1 0 0 3963.dat
1 15 0 -88 190 0 0 -1 0 1 0 1 0 0 3002.dat
1 15 0 -80 20 0 0 -1 0 1 0 1 0 0 3022.dat
1 15 0 -88 20 0 0 -1 0 1 0 1 0 0 3022.dat
1 15 0 -88 250 -1 0 0 0 1 0 0 0 -1 3747.dat
1 15 0 -88 150 -1 0 0 0 1 0 0 0 -1 3009.dat
1 15 0 -88 230 -1 0 0 0 1 0 0 0 -1 3008.dat
1 15 0 -80 100 -1 0 0 0 1 0 0 0 -1 3068.dat
1 15 0 -80 60 -1 0 0 0 1 0 0 0 -1 3068.dat
1 15 0 -80 130 -1 0 0 0 1 0 0 0 -1 3069.dat
1 15 -50 -88 210 -1 0 0 0 1 0 0 0 -1 3622.dat
1 15 50 -88 210 -1 0 0 0 1 0 0 0 -1 3622.dat
1 15 -70 -64 220 0 0 1 0 1 0 -1 0 0 3004.dat
1 15 70 -64 220 0 0 -1 0 1 0 1 0 0 3004.dat
1 15 50 -64 220 0 0 1 0 1 0 -1 0 0 3660.dat
1 15 -50 -64 220 0 0 -1 0 1 0 1 0 0 3660.dat
1 36 -30 -48 30 0 0 1 0 1 0 -1 0 0 3024.dat
1 36 30 -48 30 0 0 1 0 1 0 -1 0 0 3024.dat
1 0 0 -40 40 1 0 0 0 1 0 0 0 1 4229.dat
1 0 -60 -40 220 1 0 0 0 1 0 0 0 1 4229.dat
1 0 60 -40 220 1 0 0 0 1 0 0 0 1 4229.dat
1 0 0 -40 200 1 0 0 0 1 0 0 0 1 4229.dat
1 34 30 -80 30 1 0 0 0 1 0 0 0 1 3024.dat
1 34 -30 -80 30 1 0 0 0 1 0 0 0 1 3024.dat
1 15 50 -112 220 0 0 -1 0 1 0 1 0 0 3039.dat
1 15 -50 -112 220 0 0 1 0 1 0 -1 0 0 3039.dat
1 15 0 -96 0 0 0 -1 0 1 0 1 0 0 3020.dat
1 15 0 -120 -30 1 0 0 0 1 0 0 0 1 3700.dat
1 15 0 -120 30 1 0 0 0 1 0 0 0 1 3700.dat
1 15 10 -120 0 0 0 -1 0 1 0 1 0 0 3004.dat
1 15 -10 -120 0 0 0 1 0 1 0 -1 0 0 3004.dat
1 15 0 -128 0 0 0 -1 0 1 0 1 0 0 3020.dat
1 7 0 -110 -40 0 0 1 0 1 0 -1 0 0 3673.dat
1 15 0 -136 20 0 0 -1 0 1 0 1 0 0 3022.dat
1 15 0 -136 -20 -1 0 0 0 1 0 0 0 -1 3068.dat
1 15 0 -144 20 0 0 -1 0 1 0 1 0 0 3022.dat
1 15 0 -144 220 1 0 0 0 1 0 0 0 1 4760.dat
1 15 0 -96 220 -1 0 0 0 1 0 0 0 -1 4761.dat
1 7 0 -152 290 1 0 0 0 1 0 0 0 1 4762.dat
1 15 0 -152 80 0 0 -1 0 1 0 1 0 0 4758.dat
1 15 0 -152 220 1 0 0 0 1 0 0 0 1 4757.dat
1 15 40 -124 180 0 1 0 0 0 1 1 0 0 3956.dat
1 15 40 -124 260 0 1 0 0 0 1 1 0 0 3956.dat
1 15 -40 -124 180 0 -1 0 0 0 1 -1 0 0 3956.dat
1 15 -40 -124 260 0 -1 0 0 0 1 -1 0 0 3956.dat
1 15 30 -152 290 0 0 -1 0 1 0 1 0 0 4081.dat
1 15 -30 -152 290 0 0 1 0 1 0 -1 0 0 4081.dat
1 15 30 -152 150 0 0 -1 0 1 0 1 0 0 4085.dat
1 15 -30 -152 150 0 0 1 0 1 0 -1 0 0 4085.dat
1 15 48 -124 180 0 1 0 1 0 0 0 0 -1 4476.dat
1 15 48 -124 260 0 1 0 1 0 0 0 0 -1 4476.dat
1 15 -48 -124 180 0 -1 0 -1 0 0 0 0 -1 4476.dat
1 15 -48 -124 260 0 -1 0 -1 0 0 0 0 -1 4476.dat
1 46 30 -170 250 1 0 0 0 1 0 0 0 1 752.dat
1 46 50 -150 310 0 0 1 -1 0 0 0 -1 0 752.dat
1 65 30 -170 250 1 0 0 0 -1 0 0 0 1 755.dat
1 65 30 -176.9505 250 0.9998 0 0.0174 0 -1 0 -0.0174 0 0.9998 756.dat
1 65 30.0227 -180.03 250.0351 0.9995 0.0076 0.031 0.0072 -0.9999 0.0119 -0.031 0.0117 0.9994 756.dat
1 65 30.1438 -183.1097 250.228 0.9983 0.0401 0.0433 0.0372 -0.9971 0.0657 -0.0458 0.064 0.9969 756.dat
1 65 30.3828 -186.137 250.6257 0.9955 0.0788 0.0526 0.0711 -0.9882 0.1356 -0.0627 0.1312 0.9894 756.dat
1 65 30.756 -189.1321 251.2786 0.9909 0.1221 0.0574 0.1066 -0.9692 0.2219 -0.0827 0.2138 0.9734 756.dat
1 65 31.2698 -191.9966 252.2316 0.9841 0.1687 0.0551 0.142 -0.9346 0.3262 -0.1065 0.3132 0.9437 756.dat
1 65 31.932 -194.7188 253.5439 0.9756 0.2154 0.0435 0.174 -0.878 0.446 -0.1343 0.4276 0.894 756.dat
1 65 32.7145 -197.1597 255.2184 0.9663 0.2563 0.0216 0.1982 -0.7954 0.5728 -0.164 0.5493 0.8194 756.dat
1 65 33.5918 -199.2964 257.2634 0.9585 0.2851 -0.0081 0.211 -0.6894 0.693 -0.192 0.6659 0.7209 756.dat
1 65 34.5064 -201.065 259.6078 0.9539 0.2976 -0.0398 0.2115 -0.5719 0.7926 -0.213 0.7644 0.6085 756.dat
1 65 35.4091 -202.4723 262.1748 0.9532 0.2945 -0.0677 0.2027 -0.4569 0.8661 -0.2242 0.8393 0.4952 756.dat
1 65 36.2684 -203.5642 264.9074 0.9559 0.28 -0.0883 0.1883 -0.3539 0.9161 -0.2252 0.8924 0.391 756.dat
1 65 37.0619 -204.3892 267.7555 0.9608 0.258 -0.1012 0.1715 -0.2668 0.9484 -0.2177 0.9286 0.3006 756.dat
1 65 37.782 -205.0006 270.7006 0.9668 0.232 -0.107 0.1542 -0.1955 0.9685 -0.2038 0.9529 0.2248 756.dat
1 65 38.4129 -205.4311 273.6825 0.973 0.2043 -0.1074 0.1373 -0.1384 0.9808 -0.1855 0.9691 0.1627 756.dat
1 65 38.9567 -205.7204 276.6982 0.9789 0.1759 -0.1035 0.1212 -0.0928 0.9883 -0.1643 0.98 0.1122 756.dat
1 65 39.4117 -205.8959 279.7257 0.9843 0.1477 -0.0966 0.106 -0.0565 0.9928 -0.1412 0.9874 0.0712 756.dat
1 65 39.7822 -205.9823 282.7745 0.9889 0.1199 -0.0875 0.0914 -0.0274 0.9954 -0.117 0.9924 0.0381 756.dat
1 65 40.0735 -205.982 285.8312 0.9925 0.0943 -0.0773 0.0776 0.0007 0.997 -0.0941 0.9955 0.0066 756.dat
1 65 40.3672 -205.6889 288.9075 0.9928 0.0946 -0.0729 0.0636 0.0977 0.9932 -0.1011 0.9907 -0.091 756.dat
1 65 40.6789 -205.0626 291.8845 0.9923 0.1021 -0.0703 0.048 0.2068 0.9772 -0.1143 0.973 -0.2004 756.dat
1 65 41.0117 -204.14 294.8162 0.9919 0.1078 -0.067 0.0317 0.3012 0.953 -0.1229 0.9475 -0.2953 756.dat
1 65 41.3569 -202.9717 297.6466 0.9917 0.1122 -0.0629 0.0155 0.3812 0.9244 -0.1276 0.9177 -0.3763 756.dat
1 65 41.7114 -201.5974 300.37 0.9916 0.1155 -0.0579 -0.0001 0.449 0.8935 -0.1292 0.886 -0.4453 756.dat
1 65 42.073 -200.0475 302.9862 0.9916 0.1181 -0.0523 -0.015 0.5073 0.8616 -0.1283 0.8536 -0.5048 756.dat
1 65 42.4451 -198.3253 305.5337 0.9917 0.1202 -0.0459 -0.0292 0.5576 0.8296 -0.1253 0.8214 -0.5564 756.dat
1 65 42.8179 -196.4893 307.9504 0.9918 0.1219 -0.039 -0.0425 0.6012 0.7979 -0.1207 0.7897 -0.6015 756.dat
1 65 43.1961 -194.5297 310.2772 0.9918 0.1234 -0.0317 -0.0551 0.6401 0.7663 -0.1149 0.7584 -0.6416 756.dat
1 65 43.5802 -192.453 312.5205 0.9919 0.1247 -0.024 -0.0671 0.6749 0.7348 -0.1079 0.7273 -0.6778 756.dat
1 65 43.9661 -190.289 314.6561 0.9919 0.1259 -0.0162 -0.0782 0.7068 0.7031 -0.1 0.6962 -0.7109 756.dat
1 65 44.3596 -188.011 316.7189 0.9919 0.1271 -0.0081 -0.0888 0.7362 0.671 -0.0912 0.6648 -0.7415 756.dat
1 65 44.7515 -185.6774 318.6548 0.9917 0.1282 -0.0001 -0.0986 0.7638 0.6379 -0.0819 0.6326 -0.7701 756.dat
1 65 45.1534 -183.2241 320.5203 0.9916 0.1293 0.008 -0.1079 0.7902 0.6033 -0.0717 0.599 -0.7975 756.dat
1 65 45.5555 -180.7135 322.26 0.9913 0.1305 0.0158 -0.1164 0.8156 0.5668 -0.0611 0.5638 -0.8237 756.dat
1 65 45.9582 -178.146 323.8687 0.991 0.1318 0.0232 -0.1241 0.8405 0.5275 -0.05 0.5256 -0.8493 756.dat
1 65 46.368 -175.4844 325.3599 0.9906 0.1331 0.0301 -0.131 0.8652 0.4839 -0.0384 0.4834 -0.8746 756.dat
1 65 46.779 -172.7668 326.6904 0.9902 0.1346 0.0361 -0.1369 0.8904 0.4341 -0.0263 0.4348 -0.9001 756.dat
1 65 47.2034 -169.9148 327.8734 0.9898 0.1362 0.0412 -0.1417 0.916 0.3754 -0.0134 0.3774 -0.9259 756.dat
1 65 47.6269 -167.0231 328.8241 0.9895 0.1378 0.0445 -0.1448 0.9415 0.3044 -0.0001 0.3076 -0.9515 756.dat
1 65 48.0525 -164.0731 329.4939 0.9892 0.1393 0.0449 -0.1457 0.966 0.2134 0.0136 0.2177 -0.9759 756.dat
1 65 48.4863 -161.0223 329.8045 0.9893 0.1401 0.0412 -0.1433 0.9854 0.0915 0.0278 0.0964 -0.995 756.dat
1 65 48.9066 -158.0231 329.583 0.9899 0.1384 0.0305 -0.1356 0.9875 -0.0799 0.0412 -0.075 -0.9963 756.dat
1 65 49.3078 -155.1202 328.6221 0.9915 0.1297 0.0105 -0.1195 0.9391 -0.3221 0.0517 -0.3181 -0.9466 756.dat
1 65 49.6353 -152.7184 326.768 0.9942 0.1068 -0.016 -0.0941 0.7835 -0.6143 0.0531 -0.6122 -0.7889 756.dat
1 65 49.855 -151.0882 324.1751 0.9969 0.0706 -0.0342 -0.0662 0.5237 -0.8493 0.042 -0.849 -0.5268 756.dat
1 65 49.9655 -150.2607 321.2513 0.9987 0.0358 -0.0359 -0.0442 0.2685 -0.9623 0.0248 -0.9626 -0.2697 756.dat
1 65 49.9992 -150.0059 318.1936 0.9996 0.0104 -0.0269 -0.0276 0.0787 -0.9965 0.0083 -0.9968 -0.079 756.dat
1 65 50 -150 315.1229 0.9999 0 -0.0138 -0.0138 0.0001 -0.9999 0 -1 -0.0001 756.dat
1 65 50.0001 -149.9995 310 1 0 0 0 -0.0001 -1 0 1 -0.0001 755.dat
1 46 -30 -170 250 1 0 0 0 1 0 0 0 1 752.dat
1 46 -50 -150 310 0 0 1 -1 0 0 0 -1 0 752.dat
1 65 -30 -170 250 1 0 0 0 -1 0 0 0 1 755.dat
1 65 -30 -176.9505 250 0.9998 0 -0.0174 0 -1 0 0.0174 0 0.9998 756.dat
1 65 -30.0227 -180.03 250.0351 0.9995 -0.0076 -0.031 -0.0072 -0.9999 0.0119 0.031 0.0117 0.9994 756.dat
1 65 -30.1438 -183.1097 250.228 0.9983 -0.0401 -0.0433 -0.0372 -0.9971 0.0657 0.0458 0.064 0.9969 756.dat
1 65 -30.3828 -186.137 250.6257 0.9955 -0.0788 -0.0526 -0.0711 -0.9882 0.1356 0.0627 0.1312 0.9894 756.dat
1 65 -30.756 -189.1321 251.2786 0.9909 -0.1221 -0.0574 -0.1066 -0.9692 0.2219 0.0827 0.2138 0.9734 756.dat
1 65 -31.2698 -191.9966 252.2316 0.9841 -0.1687 -0.0551 -0.142 -0.9346 0.3262 0.1065 0.3132 0.9437 756.dat
1 65 -31.932 -194.7188 253.5439 0.9756 -0.2154 -0.0435 -0.174 -0.878 0.446 0.1343 0.4276 0.894 756.dat
1 65 -32.7145 -197.1597 255.2184 0.9663 -0.2563 -0.0216 -0.1982 -0.7954 0.5728 0.164 0.5493 0.8194 756.dat
1 65 -33.5918 -199.2964 257.2634 0.9585 -0.2851 0.0081 -0.211 -0.6894 0.693 0.192 0.6659 0.7209 756.dat
1 65 -34.5064 -201.065 259.6078 0.9539 -0.2976 0.0398 -0.2115 -0.5719 0.7926 0.213 0.7644 0.6085 756.dat
1 65 -35.4091 -202.4723 262.1748 0.9532 -0.2945 0.0677 -0.2027 -0.4569 0.8661 0.2242 0.8393 0.4952 756.dat
1 65 -36.2684 -203.5642 264.9074 0.9559 -0.28 0.0883 -0.1883 -0.3539 0.9161 0.2252 0.8924 0.391 756.dat
1 65 -37.0619 -204.3892 267.7555 0.9608 -0.258 0.1012 -0.1715 -0.2668 0.9484 0.2177 0.9286 0.3006 756.dat
1 65 -37.782 -205.0006 270.7006 0.9668 -0.232 0.107 -0.1542 -0.1955 0.9685 0.2038 0.9529 0.2248 756.dat
1 65 -38.4129 -205.4311 273.6825 0.973 -0.2043 0.1074 -0.1373 -0.1384 0.9808 0.1855 0.9691 0.1627 756.dat
1 65 -38.9567 -205.7204 276.6982 0.9789 -0.1759 0.1035 -0.1212 -0.0928 0.9883 0.1643 0.98 0.1122 756.dat
1 65 -39.4117 -205.8959 279.7257 0.9843 -0.1477 0.0966 -0.106 -0.0565 0.9928 0.1412 0.9874 0.0712 756.dat
1 65 -39.7822 -205.9823 282.7745 0.9889 -0.1199 0.0875 -0.0914 -0.0274 0.9954 0.117 0.9924 0.0381 756.dat
1 65 -40.0735 -205.982 285.8312 0.9925 -0.0943 0.0773 -0.0776 0.0007 0.997 0.0941 0.9955 0.0066 756.dat
1 65 -40.3672 -205.6889 288.9075 0.9928 -0.0946 0.0729 -0.0636 0.0977 0.9932 0.1011 0.9907 -0.091 756.dat
1 65 -40.6789 -205.0626 291.8845 0.9923 -0.1021 0.0703 -0.048 0.2068 0.9772 0.1143 0.973 -0.2004 756.dat
1 65 -41.0117 -204.14 294.8162 0.9919 -0.1078 0.067 -0.0317 0.3012 0.953 0.1229 0.9475 -0.2953 756.dat
1 65 -41.3569 -202.9717 297.6466 0.9917 -0.1122 0.0629 -0.0155 0.3812 0.9244 0.1276 0.9177 -0.3763 756.dat
1 65 -41.7114 -201.5974 300.37 0.9916 -0.1155 0.0579 0.0001 0.449 0.8935 0.1292 0.886 -0.4453 756.dat
1 65 -42.073 -200.0475 302.9862 0.9916 -0.1181 0.0523 0.015 0.5073 0.8616 0.1283 0.8536 -0.5048 756.dat
1 65 -42.4451 -198.3253 305.5337 0.9917 -0.1202 0.0459 0.0292 0.5576 0.8296 0.1253 0.8214 -0.5564 756.dat
1 65 -42.8179 -196.4893 307.9504 0.9918 -0.1219 0.039 0.0425 0.6012 0.7979 0.1207 0.7897 -0.6015 756.dat
1 65 -43.1961 -194.5297 310.2772 0.9918 -0.1234 0.0317 0.0551 0.6401 0.7663 0.1149 0.7584 -0.6416 756.dat
1 65 -43.5802 -192.453 312.5205 0.9919 -0.1247 0.024 0.0671 0.6749 0.7348 0.1079 0.7273 -0.6778 756.dat
1 65 -43.9661 -190.289 314.6561 0.9919 -0.1259 0.0162 0.0782 0.7068 0.7031 0.1 0.6962 -0.7109 756.dat
1 65 -44.3596 -188.011 316.7189 0.9919 -0.1271 0.0081 0.0888 0.7362 0.671 0.0912 0.6648 -0.7415 756.dat
1 65 -44.7515 -185.6774 318.6548 0.9917 -0.1282 0.0001 0.0986 0.7638 0.6379 0.0819 0.6326 -0.7701 756.dat
1 65 -45.1534 -183.2241 320.5203 0.9916 -0.1293 -0.008 0.1079 0.7902 0.6033 0.0717 0.599 -0.7975 756.dat
1 65 -45.5555 -180.7135 322.26 0.9913 -0.1305 -0.0158 0.1164 0.8156 0.5668 0.0611 0.5638 -0.8237 756.dat
1 65 -45.9582 -178.146 323.8687 0.991 -0.1318 -0.0232 0.1241 0.8405 0.5275 0.05 0.5256 -0.8493 756.dat
1 65 -46.368 -175.4844 325.3599 0.9906 -0.1331 -0.0301 0.131 0.8652 0.4839 0.0384 0.4834 -0.8746 756.dat
1 65 -46.779 -172.7668 326.6904 0.9902 -0.1346 -0.0361 0.1369 0.8904 0.4341 0.0263 0.4348 -0.9001 756.dat
1 65 -47.2034 -169.9148 327.8734 0.9898 -0.1362 -0.0412 0.1417 0.916 0.3754 0.0134 0.3774 -0.9259 756.dat
1 65 -47.6269 -167.0231 328.8241 0.9895 -0.1378 -0.0445 0.1448 0.9415 0.3044 0.0001 0.3076 -0.9515 756.dat
1 65 -48.0525 -164.0731 329.4939 0.9892 -0.1393 -0.0449 0.1457 0.966 0.2134 -0.0136 0.2177 -0.9759 756.dat
1 65 -48.4863 -161.0223 329.8045 0.9893 -0.1401 -0.0412 0.1433 0.9854 0.0915 -0.0278 0.0964 -0.995 756.dat
1 65 -48.9066 -158.0231 329.583 0.9899 -0.1384 -0.0305 0.1356 0.9875 -0.0799 -0.0412 -0.075 -0.9963 756.dat
1 65 -49.3078 -155.1202 328.6221 0.9915 -0.1297 -0.0105 0.1195 0.9391 -0.3221 -0.0517 -0.3181 -0.9466 756.dat
1 65 -49.6353 -152.7184 326.768 0.9942 -0.1068 0.016 0.0941 0.7835 -0.6143 -0.0531 -0.6122 -0.7889 756.dat
1 65 -49.855 -151.0882 324.1751 0.9969 -0.0706 0.0342 0.0662 0.5237 -0.8493 -0.042 -0.849 -0.5268 756.dat
1 65 -49.9655 -150.2607 321.2513 0.9987 -0.0358 0.0359 0.0442 0.2685 -0.9623 -0.0248 -0.9626 -0.2697 756.dat
1 65 -49.9992 -150.0059 318.1936 0.9996 -0.0104 0.0269 0.0276 0.0787 -0.9965 -0.0083 -0.9968 -0.079 756.dat
1 65 -50 -150 315.1229 0.9999 0 0.0138 0.0138 0.0001 -0.9999 0 -1 -0.0001 756.dat
1 65 -50.0001 -149.9995 310 1 0 0 0 -0.0001 -1 0 1 -0.0001 755.dat
1 15 168 -124 270 0 1 0 -1 0 0 0 0 1 3747.dat
1 15 168 -124 310 0 1 0 0 0 1 1 0 0 3002.dat
1 15 -168 -124 310 0 -1 0 0 0 -1 1 0 0 3002.dat
1 15 -168 -124 270 0 -1 0 1 0 0 0 0 1 3747.dat
1 15 30 -168 220 0 0 -1 0 1 0 1 0 0 73666.dat
1 15 -30 -168 220 0 0 -1 0 1 0 1 0 0 73666.dat
1 15 0 -168 110 -1 0 0 0 1 0 0 0 -1 73664.dat
1 0 192 -124 280 0 1 0 -1 0 0 0 0 1 4229.dat
1 0 -192 -124 280 0 -1 0 1 0 0 0 0 1 4229.dat
1 34 30 -168 110 -1 0 0 0 1 0 0 0 -1 4770.dat
1 34 -30 -168 110 -1 0 0 0 1 0 0 0 -1 4770.dat
1 36 30 -168 220 -1 0 0 0 1 0 0 0 -1 4770.dat
1 36 -30 -168 220 -1 0 0 0 1 0 0 0 -1 4770.dat
1 36 50 -96 150 0 0 1 0 1 0 -1 0 0 3957.dat
1 36 -50 -96 150 0 0 1 0 1 0 -1 0 0 3957.dat
1 36 218 -124 232 0 0 1 1 0 0 0 1 0 3957.dat
1 36 -218 -124 232 0 0 1 1 0 0 0 1 0 3957.dat
1 36 -218 -124 320 0 0 1 1 0 0 0 1 0 4588.dat
1 36 218 -124 320 0 0 1 1 0 0 0 1 0 4588.dat
1 15 0 -160 80 0 0 -1 0 1 0 1 0 0 4774.dat
1 15 0 -272 200 1 0 0 0 1 0 0 0 1 4476.dat
1 15 0 -272 280 1 0 0 0 1 0 0 0 1 4476.dat
1 15 0 -280 240 0 0 -1 0 1 0 1 0 0 3020.dat
1 15 0 -280 190 1 0 0 0 1 0 0 0 1 3839.dat
1 15 0 -280 290 -1 0 0 0 1 0 0 0 -1 3839.dat
1 0 0 -328 260 1 0 0 0 1 0 0 0 1 4746.dat
1 15 0 -308 176 1 0 0 0 0 -1 0 1 0 4589.dat
1 15 0 -308 300 1 0 0 0 0 -1 0 1 0 4591.dat
1 36 0 -308 348 1 0 0 0 0 -1 0 1 0 4589.dat
1 36 26 -274 320 1 0 0 0 0 -1 0 1 0 4589.dat
1 36 -26 -274 320 1 0 0 0 0 -1 0 1 0 4589.dat
1 34 -26 -274 160 -1 0 0 0 0 -1 0 -1 0 4740.dat
1 34 26 -274 160 -1 0 0 0 0 -1 0 -1 0 4740.dat
1 36 218 -124 148 0 0 1 -1 0 0 0 -1 0 4740.dat
1 36 -218 -124 148 0 0 1 -1 0 0 0 -1 0 4740.dat
1 15 0 -176 50 1 0 0 0 1 0 0 0 1 3298.dat
1 15 0 -88 80 0 0 -1 0 1 0 1 0 0 3020.dat
1 15 40 -96 80 0 0 -1 0 1 0 1 0 0 3935.dat
1 15 -40 -96 80 0 0 1 0 1 0 -1 0 0 3936.dat
1 15 0 -96 50 1 0 0 0 1 0 0 0 1 3023.dat
1 15 0 -104 100 1 0 0 0 1 0 0 0 1 3022.dat
1 36 30 -104 70 1 0 0 0 1 0 0 0 1 3024.dat
1 36 -30 -104 70 1 0 0 0 1 0 0 0 1 3024.dat
1 0 30 -104 110 1 0 0 0 1 0 0 0 1 4592.dat
1 0 -30 -104 110 1 0 0 0 1 0 0 0 1 4592.dat
1 0 30 -104 110 1 0 0 0 0.7071 0.7071 0 -0.7071 0.7071 4593.dat
1 0 -30 -104 110 1 0 0 0 0.7071 0.7071 0 -0.7071 0.7071 4593.dat
1 15 0 -120 60 0 0 1 0 1 0 -1 0 0 4730.dat
1 15 50 -104 100 0 0 -1 0 1 0 1 0 0 3069.dat
1 15 -50 -104 100 0 0 -1 0 1 0 1 0 0 3069.dat
1 0 30 -128 70 0 0 -1 0 1 0 1 0 0 3963.dat
1 0 -30 -128 70 0 0 1 0 1 0 -1 0 0 3963.dat
1 15 0 -48 -240 0 0 1 0 1 0 -1 0 0 3020.dat
1 15 0 -64 -80 0 0 1 0 1 0 -1 0 0 3003.dat
1 15 0 -64 -50 -1 0 0 0 1 0 0 0 -1 3747.dat
1 15 0 -56 -220 0 0 1 0 1 0 -1 0 0 3022.dat
1 15 0 -64 -220 0 0 1 0 1 0 -1 0 0 3022.dat
1 0 0 -72 -40 0 0 1 0 1 0 -1 0 0 3020.dat
1 0 20 -72 -160 -1 0 0 0 1 0 0 0 -1 4732.dat
1 0 -20 -72 -160 -1 0 0 0 1 0 0 0 -1 4732.dat
1 15 30 -72 -130 0 0 -1 0 1 0 1 0 0 3665.dat
1 15 -30 -72 -130 0 0 1 0 1 0 -1 0 0 3665.dat
1 0 -10 -64 -250 0.342 0 0.9397 0 1 0 -0.9397 0 0.342 4735.dat
1 0 10 -64 -250 0.342 0 -0.9397 0 1 0 0.9397 0 0.342 4735.dat
1 15 0 -72 -270 1 0 0 0 1 0 0 0 1 3747.dat
1 0 0 -72 -250 -1 0 0 0 1 0 0 0 -1 3023.dat
1 15 40 -72 -160 0 0 -1 0 1 0 1 0 0 3003.dat
1 15 -40 -72 -160 0 0 -1 0 1 0 1 0 0 3003.dat
1 15 30 -80 -110 0 0 -1 0 1 0 1 0 0 3024.dat
1 15 -30 -80 -110 0 0 -1 0 1 0 1 0 0 3024.dat
1 15 0 -80 -80 -1 0 0 0 1 0 0 0 -1 4475.dat
1 15 0 -80 -240 0 0 1 0 1 0 -1 0 0 3795.dat
1 0 0 -40 -60 1 0 0 0 1 0 0 0 1 4229.dat
1 0 0 -40 -140 1 0 0 0 1 0 0 0 1 4229.dat
1 0 -50 -48 -160 0 0 -1 0 1 0 1 0 0 3023.dat
1 0 50 -48 -160 0 0 -1 0 1 0 1 0 0 3023.dat
1 0 -40 -40 -160 1 0 0 0 1 0 0 0 1 4229.dat
1 0 40 -40 -160 1 0 0 0 1 0 0 0 1 4229.dat
1 15 30 -96 -210 1 0 0 0 1 0 0 0 1 3040.dat
1 15 -30 -96 -210 1 0 0 0 1 0 0 0 1 3040.dat
1 15 30 -88 -100 0 0 -1 0 1 0 1 0 0 3023.dat
1 15 30 -96 -100 0 0 -1 0 1 0 1 0 0 3023.dat
1 15 -30 -88 -100 0 0 -1 0 1 0 1 0 0 3023.dat
1 15 -30 -96 -100 0 0 -1 0 1 0 1 0 0 3023.dat
1 15 0 -80 -310 1 0 0 0 1 0 0 0 1 4596.dat
1 15 0 -88 -20 1 0 0 0 1 0 0 0 1 3068.dat
1 15 0 -88 -300 1 0 0 0 1 0 0 0 1 4032.dat
1 15 0 -88 -260 1 0 0 0 1 0 0 0 1 4032.dat
1 15 0 -88 -220 1 0 0 0 1 0 0 0 1 4032.dat
1 15 30 -96 -180 0 0 1 0 1 0 -1 0 0 4865.dat
1 15 30 -96 -140 0 0 1 0 1 0 -1 0 0 4865.dat
1 15 -30 -96 -180 0 0 -1 0 1 0 1 0 0 4865.dat
1 15 -30 -96 -140 0 0 -1 0 1 0 1 0 0 4865.dat
1 15 30 -104 -40 0 0 -1 0 1 0 1 0 0 3010.dat
1 15 -30 -104 -40 0 0 -1 0 1 0 1 0 0 3010.dat
1 15 -30 -104 -90 0 0 1 0 1 0 -1 0 0 4085.dat
1 15 30 -104 -90 0 0 -1 0 1 0 1 0 0 4085.dat
1 15 0 -88 -50 -1 0 0 0 1 0 0 0 -1 3023.dat
1 15 0 -96 -50 -1 0 0 0 1 0 0 0 -1 3023.dat
1 15 0 -128 -50 -1 0 0 0 1 0 0 0 -1 3023.dat
1 15 0 -136 -50 -1 0 0 0 1 0 0 0 -1 3023.dat
1 15 0 -120 -50 -1 0 0 0 1 0 0 0 -1 3700.dat
1 0 -30 -112 -20 0 0 1 0 1 0 -1 0 0 3023.dat
1 0 30 -112 -20 0 0 1 0 1 0 -1 0 0 3023.dat
1 0 -30 -112 -80 0 0 1 0 1 0 -1 0 0 3023.dat
1 0 30 -112 -80 0 0 1 0 1 0 -1 0 0 3023.dat
1 0 50 -112 -50 0 0 -1 0 1 0 1 0 0 3963.dat
1 0 -50 -112 -50 0 0 1 0 1 0 -1 0 0 3963.dat
1 15 0 -104 -190 -1 0 0 0 1 0 0 0 -1 3937.dat
1 15 0 -101.0711 -182.929 -1 0 0 0 0.7071 -0.7071 0 -0.7071 -0.7071 3938.dat
1 15 50 -80 -170 0 0 -1 0 1 0 1 0 0 4081.dat
1 15 -50 -80 -170 0 0 1 0 1 0 -1 0 0 4081.dat
1 0 70 -78 -196 0 0 1 1 0 0 0 1 0 4589.dat
1 0 -70 -78 -196 0 0 1 1 0 0 0 1 0 4589.dat
1 0 -70 -78 -160 1 0 0 0 0 1 0 -1 0 4592.dat
1 0 70 -78 -160 1 0 0 0 0 1 0 -1 0 4592.dat
1 0 70 -78 -160 1 0 0 0 0.5 0.866 0 -0.866 0.5 4593.dat
1 0 -70 -78 -160 1 0 0 0 0.5 0.866 0 -0.866 0.5 4593.dat
1 15 -30 -136 -10 -1 0 0 0 1 0 0 0 -1 3005.dat
1 15 30 -136 -10 -1 0 0 0 1 0 0 0 -1 3005.dat
1 15 30 -136 -60 0 0 -1 0 1 0 1 0 0 3010.dat
1 15 -30 -136 -60 0 0 1 0 1 0 -1 0 0 3010.dat
1 7 0 -106.728 -177.2721 -1 0 0 0 0.7071 -0.7071 0 -0.7071 -0.7071 3069.dat
1 15 0 -144 -40 -1 0 0 0 1 0 0 0 -1 3031.dat
1 15 0 -144 -90 1 0 0 0 1 0 0 0 1 4315.dat
1 33 0 -140 -104 1 0 0 0 1 0 0 0 1 4474.dat
1 0 -20 -192 -40 1 0 0 0 1 0 0 0 1 4746.dat
1 0 20 -192 -40 1 0 0 0 1 0 0 0 1 4746.dat
1 36 0 -78 -380 0 0 -1 1 0 0 0 -1 0 4589.dat
1 36 0 -78 -404 0 0 -1 1 0 0 0 -1 0 4740.dat
1 36 50 -88 -90 0 0 -1 0 1 0 1 0 0 3957.dat
1 36 -50 -88 -90 0 0 -1 0 1 0 1 0 0 3957.dat
1 0 50 -130 -50 0 0 -1 0 1 0 1 0 0 752.dat
1 0 49 -172 -30 0 -1 0 0 0 -1 1 0 0 752.dat
1 256 50 -130 -50 0 0 -1 0 -1 0 1 0 0 755.dat
1 256 50 -136.9505 -50 0.0039 0 -1 0 -1 0 1 0 0.0039 756.dat
1 256 50.0009 -139.0907 -50.0012 0.006 0.0003 -1 -0.0004 -1 -0.0003 1 -0.0004 0.006 756.dat
1 256 50.0769 -141.2292 -50.099 0.0085 0.0255 -0.9996 -0.0326 -0.9991 -0.0257 0.9994 -0.0328 0.0077 756.dat
1 256 50.2531 -143.3587 -50.322 0.013 0.066 -0.9977 -0.0831 -0.9943 -0.0668 0.9965 -0.0837 0.0074 756.dat
1 256 50.5099 -145.4682 -50.6416 0.019 0.1044 -0.9944 -0.1291 -0.9859 -0.106 0.9914 -0.1304 0.0053 756.dat
1 256 50.842 -147.5508 -51.0472 0.0263 0.1405 -0.9897 -0.1704 -0.975 -0.1429 0.985 -0.1724 0.0017 756.dat
1 256 51.2433 -149.6037 -51.5277 0.0343 0.1738 -0.9842 -0.2066 -0.9623 -0.1772 0.9778 -0.2094 -0.0029 756.dat
1 256 51.7042 -151.5987 -52.0678 0.0427 0.2049 -0.9778 -0.2381 -0.9485 -0.2091 0.9703 -0.2418 -0.0083 756.dat
1 256 52.2312 -153.594 -52.6713 0.0512 0.2338 -0.9709 -0.2652 -0.9341 -0.239 0.9628 -0.2698 -0.0142 756.dat
1 256 52.8092 -155.5384 -53.3161 0.0595 0.2607 -0.9636 -0.2881 -0.9197 -0.2666 0.9558 -0.2934 -0.0204 756.dat
1 256 53.4428 -157.4645 -54.0033 0.0674 0.286 -0.9559 -0.3071 -0.9056 -0.2926 0.9493 -0.3132 -0.0268 756.dat
1 256 54.1309 -159.3785 -54.7264 0.0746 0.3096 -0.9479 -0.3221 -0.8921 -0.3168 0.9437 -0.329 -0.0332 756.dat
1 256 54.8549 -161.2336 -55.4603 0.081 0.332 -0.9398 -0.3336 -0.8795 -0.3395 0.9392 -0.341 -0.0395 756.dat
1 256 55.6335 -163.0894 -56.2181 0.0864 0.3536 -0.9314 -0.3415 -0.8677 -0.3611 0.9359 -0.3492 -0.0458 756.dat
1 256 56.4574 -164.9265 -56.9832 0.0905 0.3744 -0.9228 -0.3458 -0.8572 -0.3817 0.9339 -0.3536 -0.0519 756.dat
1 256 57.3155 -166.7239 -57.7368 0.093 0.3947 -0.9141 -0.3463 -0.8479 -0.4014 0.9335 -0.3539 -0.0578 756.dat
1 256 58.2205 -168.5134 -58.4805 0.0936 0.4151 -0.905 -0.3427 -0.84 -0.4207 0.9347 -0.3496 -0.0636 756.dat
1 256 59.1739 -170.2997 -59.2028 0.0918 0.4355 -0.8955 -0.3345 -0.8335 -0.4397 0.9379 -0.3399 -0.0691 756.dat
1 256 60.1626 -172.0581 -59.8769 0.0867 0.4564 -0.8855 -0.3206 -0.8288 -0.4586 0.9432 -0.3237 -0.0744 756.dat
1 256 61.2018 -173.8165 -60.4921 0.0771 0.4784 -0.8747 -0.2993 -0.8258 -0.478 0.951 -0.2987 -0.0795 756.dat
1 256 62.3072 -175.6008 -61.0283 0.0611 0.5016 -0.863 -0.2682 -0.8245 -0.4982 0.9614 -0.2619 -0.0841 756.dat
1 256 63.4417 -177.3457 -61.42 0.0353 0.5261 -0.8497 -0.2229 -0.8247 -0.5198 0.9742 -0.2078 -0.0881 756.dat
1 256 64.6476 -179.1167 -61.6213 -0.0063 0.5515 -0.8342 -0.1554 -0.8246 -0.544 0.9878 -0.1262 -0.0909 756.dat
1 256 65.8981 -180.8684 -61.5175 -0.0736 0.574 -0.8155 -0.0533 -0.8189 -0.5715 0.9959 -0.0014 -0.0909 756.dat
1 256 67.1416 -182.5282 -60.9479 -0.1816 0.5814 -0.7931 0.1007 -0.7913 -0.6031 0.9782 0.1894 -0.0851 756.dat
1 256 68.2616 -183.952 -59.7526 -0.3372 0.5435 -0.7687 0.3114 -0.7061 -0.6359 0.8884 0.4538 -0.0689 756.dat
1 256 69.0934 -184.9611 -57.9855 -0.4991 0.4346 -0.7497 0.5212 -0.5407 -0.6603 0.6923 0.7203 -0.0433 756.dat
1 256 69.604 -185.5565 -55.9396 -0.6031 0.2946 -0.7413 0.6521 -0.3532 -0.6709 0.4594 0.888 -0.0209 756.dat
1 256 69.8829 -185.8724 -53.8177 -0.6493 0.1776 -0.7395 0.7101 -0.2066 -0.6731 0.2723 0.9622 -0.0081 756.dat
1 256 70.0099 -186.0126 -51.6735 -0.6659 0.0932 -0.7402 0.7326 -0.1059 -0.6724 0.141 0.99 -0.0022 756.dat
1 256 70.027 -186.03 -49.539 -0.6702 0.0328 -0.7415 0.7406 -0.0365 -0.671 0.0491 0.9988 -0.0002 756.dat
1 256 70.0056 -185.8965 -47.4093 -0.6699 0.0024 -0.7424 0.7421 0.0339 -0.6695 -0.0235 0.9994 0.0245 756.dat
1 256 70.0119 -185.5008 -45.3018 -0.6686 0.0029 -0.7437 0.7364 0.1416 -0.6615 -0.1034 0.9899 0.0968 756.dat
1 256 69.9989 -184.8659 -43.2433 -0.6669 -0.0035 -0.7451 0.7205 0.2519 -0.6461 -0.19 0.9677 0.1655 756.dat
1 256 69.9427 -184.0076 -41.2776 -0.6643 -0.0197 -0.7472 0.693 0.3585 -0.6255 -0.2801 0.9333 0.2245 756.dat
1 256 69.8164 -182.9456 -39.4163 -0.6593 -0.0477 -0.7503 0.6536 0.4569 -0.6034 -0.3716 0.8883 0.2701 756.dat
1 256 69.5884 -181.7092 -37.6777 -0.6506 -0.0897 -0.7541 0.6026 0.5433 -0.5845 -0.4622 0.8347 0.2995 756.dat
1 256 69.2216 -180.3331 -36.0744 -0.636 -0.148 -0.7574 0.5406 0.615 -0.5741 -0.5507 0.7745 0.3111 756.dat
1 256 68.6723 -178.8587 -34.6187 -0.6129 -0.2257 -0.7573 0.4678 0.6687 -0.5779 -0.6368 0.7084 0.3042 756.dat
1 256 67.8888 -177.3398 -33.3278 -0.5772 -0.3264 -0.7485 0.3847 0.6998 -0.6019 -0.7203 0.6354 0.2784 756.dat
1 256 66.8119 -175.8415 -32.2169 -0.5238 -0.4525 -0.7217 0.2927 0.7 -0.6513 -0.8 0.5524 0.2342 756.dat
1 256 65.4025 -174.4674 -31.3189 -0.4478 -0.5988 -0.664 0.198 0.6577 -0.7267 -0.8719 0.4569 0.176 756.dat
1 256 63.6782 -173.3433 -30.6658 -0.3502 -0.7476 -0.5643 0.1122 0.5646 -0.8177 -0.9299 0.3497 0.1139 756.dat
1 256 61.7108 -172.5469 -30.2497 -0.2425 -0.8713 -0.4266 0.0486 0.4283 -0.9023 -0.9689 0.2396 0.0615 756.dat
1 256 59.6099 -172.0895 -30.0327 -0.1434 -0.9508 -0.2745 0.0125 0.2756 -0.9612 -0.9896 0.1413 0.0276 756.dat
1 256 57.4723 -171.9305 -29.9657 -0.0643 -0.9891 -0.1328 -0.002 0.1332 -0.9911 -0.9979 0.0635 0.0106 756.dat
1 256 55.3181 -171.9817 -29.9916 -0.0096 -0.9997 -0.0209 -0.0042 0.0209 -0.9998 -0.9999 0.0095 0.0044 756.dat
1 256 53.1879 -171.9999 -29.9998 -0.0001 -1 0 -0.0022 0 -1 -1 0.0001 0.0022 756.dat
1 256 49 -171.9998 -29.9997 -0.0001 1 0 0 0 -1 -1 -0.0001 0 755.dat
1 0 -50 -130 -50 0 0 -1 0 1 0 1 0 0 752.dat
1 0 -49 -172 -30 0 1 0 0 0 1 1 0 0 752.dat
1 256 -50 -130 -50 0 0 -1 0 -1 0 1 0 0 755.dat
1 256 -50 -136.9505 -50 0.1123 0 -0.9937 0 -1 0 0.9937 0 0.1123 756.dat
1 256 -50.0009 -139.0907 -50.0012 0.1726 -0.0003 -0.985 -0.0004 -1 0.0002 0.985 -0.0004 0.1726 756.dat
1 256 -50.0769 -141.2292 -50.099 0.2318 -0.0255 -0.9724 -0.0378 -0.9991 0.0172 0.972 -0.0328 0.2326 756.dat
1 256 -50.2531 -143.3587 -50.322 0.288 -0.066 -0.9554 -0.0993 -0.9943 0.0387 0.9525 -0.0837 0.2929 756.dat
1 256 -50.5099 -145.4682 -50.6416 0.3409 -0.1044 -0.9343 -0.1586 -0.9859 0.0523 0.9266 -0.1304 0.3527 756.dat
1 256 -50.842 -147.5508 -51.0472 0.3907 -0.1405 -0.9097 -0.2146 -0.975 0.0584 0.8952 -0.1724 0.411 756.dat
1 256 -51.2433 -149.6037 -51.5277 0.4377 -0.1738 -0.8822 -0.266 -0.9623 0.0577 0.8589 -0.2094 0.4674 756.dat
1 256 -51.7042 -151.5987 -52.0678 0.4813 -0.2049 -0.8523 -0.3127 -0.9485 0.0514 0.8189 -0.2418 0.5206 756.dat
1 256 -52.2312 -153.594 -52.6713 0.5233 -0.2338 -0.8194 -0.3548 -0.9341 0.04 0.7748 -0.2698 0.5718 756.dat
1 256 -52.8092 -155.5384 -53.3161 0.5626 -0.2607 -0.7846 -0.3917 -0.9197 0.0247 0.728 -0.2934 0.6196 756.dat
1 256 -53.4428 -157.4645 -54.0033 0.5999 -0.286 -0.7472 -0.4241 -0.9056 0.0061 0.6785 -0.3132 0.6645 756.dat
1 256 -54.1309 -159.3785 -54.7264 0.6354 -0.3096 -0.7074 -0.4515 -0.8921 -0.0151 0.6264 -0.329 0.7067 756.dat
1 256 -54.8549 -161.2336 -55.4603 0.668 -0.332 -0.6659 -0.4744 -0.8795 -0.0374 0.5733 -0.341 0.7451 756.dat
1 256 -55.6335 -163.0894 -56.2181 0.6989 -0.3536 -0.6217 -0.4933 -0.8677 -0.0609 0.5179 -0.3492 0.7809 756.dat
1 256 -56.4574 -164.9265 -56.9832 0.7275 -0.3744 -0.5749 -0.508 -0.8572 -0.0846 0.4612 -0.3536 0.8138 756.dat
1 256 -57.3155 -166.7239 -57.7368 0.7532 -0.3947 -0.5262 -0.5192 -0.8479 -0.1071 0.4038 -0.3539 0.8436 756.dat
1 256 -58.2205 -168.5134 -58.4805 0.7764 -0.4151 -0.4743 -0.5273 -0.84 -0.1281 0.3453 -0.3496 0.871 756.dat
1 256 -59.1739 -170.2997 -59.2028 0.7967 -0.4355 -0.419 -0.5327 -0.8335 -0.1465 0.2855 -0.3399 0.8961 756.dat
1 256 -60.1626 -172.0581 -59.8769 0.8135 -0.4564 -0.3604 -0.5361 -0.8288 -0.1605 0.2255 -0.3237 0.9189 756.dat
1 256 -61.2018 -173.8165 -60.4921 0.8265 -0.4784 -0.2966 -0.5383 -0.8258 -0.1683 0.1644 -0.2987 0.9401 756.dat
1 256 -62.3072 -175.6008 -61.0283 0.8353 -0.5016 -0.2253 -0.5404 -0.8245 -0.1678 0.1016 -0.2619 0.9597 756.dat
1 256 -63.4417 -177.3457 -61.42 0.8379 -0.5261 -0.1456 -0.5444 -0.8247 -0.1534 0.0393 -0.2078 0.9774 756.dat
1 256 -64.6476 -179.1167 -61.6213 0.8327 -0.5515 -0.0497 -0.5532 -0.8246 -0.1185 -0.0244 -0.1262 0.9917 756.dat
1 256 -65.8981 -180.8684 -61.5175 0.8158 -0.574 0.0704 -0.5717 -0.8189 -0.051 -0.0869 -0.0014 0.9962 756.dat
1 256 -67.1416 -182.5282 -60.9479 0.7811 -0.5814 0.2278 -0.608 -0.7913 0.0652 -0.1424 0.1894 0.9715 756.dat
1 256 -68.2616 -183.952 -59.7526 0.7223 -0.5435 0.4277 -0.6689 -0.7061 0.2322 -0.1758 0.4538 0.8736 756.dat
1 256 -69.0934 -184.9611 -57.9855 0.6457 -0.4346 0.6279 -0.7446 -0.5407 0.3915 -0.1693 0.7203 0.6727 756.dat
1 256 -69.604 -185.5565 -55.9396 0.5712 -0.2946 0.7662 -0.81 -0.3532 0.4681 -0.1327 0.888 0.4403 756.dat
1 256 -69.8829 -185.8724 -53.8177 0.506 -0.1776 0.844 -0.8577 -0.2066 0.4708 -0.0908 0.9622 0.2569 756.dat
1 256 -70.0099 -186.0126 -51.6735 0.4463 -0.0932 0.89 -0.8933 -0.1059 0.4369 -0.0535 0.99 0.1305 756.dat
1 256 -70.027 -186.03 -49.539 0.389 -0.0328 0.9206 -0.921 -0.0365 0.3879 -0.0209 0.9988 0.0444 756.dat
1 256 -70.0056 -185.8965 -47.4093 0.3315 -0.0024 0.9435 -0.9429 0.0339 0.3314 0.0328 0.9994 -0.009 756.dat
1 256 -70.0119 -185.5008 -45.3018 0.2732 -0.0029 0.9619 -0.9521 0.1416 0.2709 0.137 0.9899 -0.036 756.dat
1 256 -69.9989 -184.8659 -43.2433 0.214 0.0035 0.9768 -0.9455 0.2519 0.2062 0.2454 0.9677 -0.0572 756.dat
1 256 -69.9427 -184.0076 -41.2776 0.1554 0.0197 0.9877 -0.9233 0.3585 0.1382 0.3513 0.9333 -0.0739 756.dat
1 256 -69.8164 -182.9456 -39.4163 0.0986 0.0477 0.994 -0.8871 0.4569 0.066 0.451 0.8883 -0.0873 756.dat
1 256 -69.5884 -181.7092 -37.6777 0.0448 0.0897 0.995 -0.8394 0.5433 -0.0112 0.5416 0.8347 -0.0996 756.dat
1 256 -69.2216 -180.3331 -36.0744 -0.0046 0.148 0.989 -0.7827 0.615 -0.0957 0.6224 0.7745 -0.113 756.dat
1 256 -68.6723 -178.8587 -34.6187 -0.0482 0.2257 0.973 -0.7187 0.6687 -0.1907 0.6937 0.7084 -0.13 756.dat
1 256 -67.8888 -177.3398 -33.3278 -0.0839 0.3264 0.9415 -0.6481 0.6998 -0.3004 0.7569 0.6354 -0.1529 756.dat
1 256 -66.8119 -175.8415 -32.2169 -0.1092 0.4525 0.8851 -0.5713 0.7 -0.4284 0.8134 0.5524 -0.1821 756.dat
1 256 -65.4025 -174.4674 -31.3189 -0.1209 0.5988 0.7917 -0.4898 0.6577 -0.5723 0.8634 0.4569 -0.2137 756.dat
1 256 -63.6782 -173.3433 -30.6658 -0.1166 0.7476 0.6538 -0.4067 0.5646 -0.7182 0.9061 0.3497 -0.2383 756.dat
1 256 -61.7108 -172.5469 -30.2497 -0.0979 0.8713 0.4808 -0.3266 0.4283 -0.8426 0.9401 0.2396 -0.2427 756.dat
1 256 -59.6099 -172.0895 -30.0327 -0.0701 0.9508 0.3017 -0.2528 0.2756 -0.9274 0.965 0.1413 -0.2211 756.dat
1 256 -57.4723 -171.9305 -29.9657 -0.038 0.9891 0.1426 -0.1856 0.1332 -0.9736 0.9819 0.0635 -0.1785 756.dat
1 256 -55.3181 -171.9817 -29.9916 -0.0069 0.9997 0.0219 -0.1227 0.0209 -0.9922 0.9924 0.0095 -0.1225 756.dat
1 256 -53.1879 -171.9999 -29.9998 -0.0001 1 0.0001 -0.0623 0 -0.9981 0.9981 0.0001 -0.0623 756.dat
1 256 -49 -171.9998 -29.9997 -0.0001 -1 0 0 0 -1 1 -0.0001 0 755.dat
1 14 0 -101 -131 1 0 0 0 1 0 0 0 1 973.dat
1 14 0 -101 -131 1 0 0 0 1 0 0 0 1 3838.dat
1 14 0 -126 -131 1 0 0 0 1 0 0 0 1 3626.dat
1 14 0 -126 -131 1 0 0 0 1 0 0 0 1 3842.dat
