0 Main
0 Name: 6830-1 - Space Patroller.mpd
0 Author: LTRON
1 0 0 0 0 1 0 0 0 1 0 0 0 1 3022.dat
1 0 -40 0 -20 0 0 1 0 1 0 -1 0 0 2429.dat
1 0 40 0 -20 0 0 -1 0 1 0 1 0 0 2430.dat
1 15 0 -8 0 1 0 0 0 1 0 0 0 1 3020.dat
1 15 0 -16 20 0 0 1 0 1 0 -1 0 0 3020.dat
1 15 0 -24 -60 1 0 0 0 1 0 0 0 1 4732.dat
1 15 10 8 -10 0 0 1 0 1 0 -1 0 0 2420.dat
1 15 -10 8 -10 -1 0 0 0 1 0 0 0 -1 2420.dat
1 15 0 8 -100 -1 0 0 0 1 0 0 0 -1 4032.dat
1 15 0 -24 30 1 0 0 0 1 0 0 0 1 4590.dat
1 15 0 -24 50 1 0 0 0 1 0 0 0 1 4590.dat
1 15 0 -32 10 1 0 0 0 1 0 0 0 1 3023.dat
1 15 0 -32 -130 1 0 0 0 1 0 0 0 1 3069.dat
1 0 0 -8 -90 -1 0 0 0 1 0 0 0 -1 2342.dat
1 15 0 -47.71 -81.735 -1 0 0 0 0.928031 -0.372502 0 -0.372502 -0.928031 3070.dat
1 15 0 -56 10 1 0 0 0 1 0 0 0 1 3937.dat
1 0 40 0 -20 -0.707107 0 0.707107 0 1 0 -0.707107 0 -0.707107 2429.dat
1 15 75.3553 -8 29.4975 -0.707107 0 0.707107 0 1 0 -0.707107 0 -0.707107 2419.dat
1 0 -40 0 -20 -0.707107 0 -0.707107 0 1 0 0.707107 0 -0.707107 2430.dat
1 15 -75.3553 -8 29.4975 -0.707107 0 -0.707107 0 1 0 0.707107 0 -0.707107 2419.dat
1 15 0 -46 0 -1 0 0 0 0 1 0 1 0 3938.dat
1 33 0 -46 -136 -1 0 0 0 0 1 0 1 0 2466.dat
1 15 0 -46 -144 -1 0 0 0 0 1 0 1 0 4590.dat
1 15 30 -36 -128 -1 0 0 0 0 1 0 1 0 3062.dat
1 15 -30 -36 -128 -1 0 0 0 0 1 0 1 0 3062.dat
1 15 0 -26 -168 -1 0 0 0 0 1 0 1 0 3039.dat
1 0 0 -26 -176 -1 0 0 0 0 1 0 1 0 2412.dat
1 15 30 -36 -224 -1 0 0 0 0 -1 0 -1 0 3957.dat
1 36 30 -36 -232 -1 0 0 0 0 -1 0 -1 0 6141.dat
1 15 -30 -36 -224 -1 0 0 0 0 -1 0 -1 0 3957.dat
1 36 -30 -36 -232 -1 0 0 0 0 -1 0 -1 0 6141.dat
1 15 30 -38 86 -1 0 0 0 0 1 0 1 0 4740.dat
1 15 30 -48 50 -1 0 0 0 1 0 0 0 -1 4595.dat
1 15 30 -32 50 0 0 -1 0 1 0 1 0 0 3023.dat
1 15 30 -38 22 -1 0 0 0 0 1 0 1 0 6141.dat
1 36 30 -38 14 -1 0 0 0 0 1 0 1 0 3024.dat
1 15 30 -38 6 -1 0 0 0 0 1 0 1 0 3070.dat
1 0 4 -38 40 0 1 0 1 0 0 0 0 -1 4735.dat
1 0 56 -38 40 0 -1 0 -1 0 0 0 0 -1 4735.dat
1 15 -30 -38 86 -1 0 0 0 0 1 0 1 0 4740.dat
1 15 -30 -48 50 -1 0 0 0 1 0 0 0 -1 4595.dat
1 15 -30 -32 50 0 0 -1 0 1 0 1 0 0 3023.dat
1 15 -30 -38 22 -1 0 0 0 0 1 0 1 0 6141.dat
1 36 -30 -38 14 -1 0 0 0 0 1 0 1 0 3024.dat
1 15 -30 -38 6 -1 0 0 0 0 1 0 1 0 3070.dat
1 0 -56 -38 40 0 1 0 1 0 0 0 0 -1 4735.dat
1 0 -4 -38 40 0 -1 0 -1 0 0 0 0 -1 4735.dat
