0 
0 Name: New Model.ldr
0 Author: 
1 0 142.938 -40 -162.308 0.707 0 -0.707 0 1 0 0.707 0 0.707 3034.dat
1 0 100.518 -32 -204.728 0.707 0 0.707 0 1 0 -0.707 0 0.707 2817.dat
1 0 185.358 -32 -119.888 0.707 0 0.707 0 1 0 -0.707 0 0.707 2817.dat
1 15 142.938 -48 -162.308 0.707 0 0.707 0 1 0 -0.707 0 0.707 3020.dat
1 15 107.588 -48 -197.658 -0.707 0 0.707 0 1 0 -0.707 0 -0.707 3021.dat
1 15 185.358 -48 -119.888 -0.707 0 0.707 0 1 0 -0.707 0 -0.707 3020.dat
1 15 206.568 -56 -98.678 -0.707 0 -0.707 0 1 0 0.707 0 -0.707 3710.dat
1 15 121.728 -56 -141.098 0.707 0 -0.707 0 1 0 0.707 0 0.707 3710.dat
1 15 164.148 -56 -183.518 0.707 0 -0.707 0 1 0 0.707 0 0.707 3710.dat
1 15 185.358 -64 -119.888 0.707 0 0.707 0 1 0 -0.707 0 0.707 3788.dat
1 15 100.518 -64 -204.728 0.707 0 0.707 0 1 0 -0.707 0 0.707 3788.dat
1 14 121.728 -72 -183.518 0.707 0 0.707 0 1 0 -0.707 0 0.707 3004.dat
1 14 135.868 -56 -169.378 0.707 0 0.707 0 1 0 -0.707 0 0.707 3829.dat
1 36 185.358 -64 -77.468 0.707 0 0.707 0 1 0 -0.707 0 0.707 3024.dat
1 36 227.778 -64 -119.888 0.707 0 0.707 0 1 0 -0.707 0 0.707 3024.dat
1 4 142.938 -64 -204.728 0.707 0 0.707 0 1 0 -0.707 0 0.707 3024.dat
1 4 100.518 -64 -162.308 0.707 0 0.707 0 1 0 -0.707 0 0.707 3024.dat
1 4 107.588 -64 -197.658 0.707 0 0.707 0 1 0 -0.707 0 0.707 3023.dat
1 4 178.288 -64 -126.958 0.707 0 0.707 0 1 0 -0.707 0 0.707 3023.dat
1 15 93.448 -64 -211.798 0.707 0 0.707 0 1 0 -0.707 0 0.707 2436.dat
1 46 99.104 -53 -248.562 0.707 0.707 0 0 0 -1 -0.707 0.707 0 3024.dat
1 46 56.684 -53 -206.142 0.707 0.707 0 0 0 -1 -0.707 0.707 0 3024.dat
1 7 77.894 -53 -227.352 0.707 0.707 0 0 0 -1 -0.707 0.707 0 2412.dat
1 4 100.518 -72 -218.868 0.707 0 0.707 0 1 0 -0.707 0 0.707 2420.dat
1 4 86.378 -72 -204.728 0.707 0 -0.707 0 1 0 0.707 0 0.707 2420.dat
1 4 135.868 -72 -211.798 0.707 0 -0.707 0 1 0 0.707 0 0.707 3069.dat
1 4 93.448 -72 -169.378 0.707 0 -0.707 0 1 0 0.707 0 0.707 3069.dat
1 4 178.288 -88 -84.538 0.707 0 -0.707 0 1 0 0.707 0 0.707 4865.dat
1 4 220.708 -88 -126.958 -0.707 0 0.707 0 1 0 -0.707 0 -0.707 4865.dat
1 4 121.728 -80 -183.518 -0.707 0 -0.707 0 1 0 0.707 0 -0.707 3023.dat
1 4 178.288 -72 -126.958 -0.707 0 -0.707 0 1 0 0.707 0 -0.707 3710.dat
1 4 199.498 -80 -105.748 -0.707 0 -0.707 0 1 0 0.707 0 -0.707 2584.dat
1 4 178.288 -80 -126.958 -0.707 0 -0.707 0 1 0 0.707 0 -0.707 3710.dat
1 4 157.078 -80 -190.588 0.707 0 0.707 0 1 0 -0.707 0 0.707 3822.dat
1 4 114.658 -80 -148.168 0.707 0 0.707 0 1 0 -0.707 0 0.707 3821.dat
1 0 199.498 -84 -105.748 -0.707 0 -0.707 0 1 0 0.707 0 -0.707 2585.dat
1 4 100.518 -80 -204.728 0.707 0 0.707 0 1 0 -0.707 0 0.707 4859.dat
1 41 135.868 -128 -169.378 0.707 0 0.707 0 1 0 -0.707 0 0.707 3823.dat
1 4 178.288 -128 -126.958 0.707 0 0.707 0 1 0 -0.707 0 0.707 4214.dat
1 4 157.078 -136 -148.168 0.707 0 0.707 0 1 0 -0.707 0 0.707 4213.dat
1 7 200.912 -22 -135.442 0.707 0 0.707 0 1 0 -0.707 0 0.707 3749.dat
1 7 116.072 -22 -220.282 0.707 0 0.707 0 1 0 -0.707 0 0.707 3749.dat
1 7 169.804 -22 -104.334 -0.707 0 0.707 0 -1 0 0.707 0 0.707 3749.dat
1 7 84.964 -22 -189.174 -0.707 0 0.707 0 -1 0 0.707 0 0.707 3749.dat
1 15 150.008 -144 -155.238 0.707 0 0.707 0 1 0 -0.707 0 0.707 3794.dat
1 33 128.798 -144 -134.028 0.707 0 0.707 0 1 0 -0.707 0 0.707 3024.dat
1 33 171.218 -144 -176.448 0.707 0 0.707 0 1 0 -0.707 0 0.707 3024.dat
1 0 157.078 -22 -91.608 -0.707 0 0.707 0 1 0 -0.707 0 -0.707 4288.dat
1 0 72.238 -22 -176.448 -0.707 0 0.707 0 1 0 -0.707 0 -0.707 4288.dat
1 0 213.638 -22 -148.168 -0.707 0 0.707 0 1 0 -0.707 0 -0.707 4288.dat
1 0 128.798 -22 -233.008 -0.707 0 0.707 0 1 0 -0.707 0 -0.707 4288.dat
1 0 150.008 -152 -155.238 0.707 0 0.707 0 1 0 -0.707 0 0.707 4592.dat
1 15 220.708 -22 -155.238 -0.707 0.707 0 0 0 -1 -0.707 -0.707 0 6141.dat
1 15 147.18 -22 -81.71 -0.707 0.707 0 0 0 -1 -0.707 -0.707 0 6141.dat
1 15 62.34 -22 -166.55 -0.707 0.707 0 0 0 -1 -0.707 -0.707 0 6141.dat
1 15 135.868 -22 -240.078 -0.707 0.707 0 0 0 -1 -0.707 -0.707 0 6141.dat
