0 Main
0 Name: 42039-1 - 24 Hours Race Car.mpd
0 Author: LTRON
1 71 0 -120 680 1 0 0 0 1 0 0 0 1 64178.dat
1 1 -20 -120 600 0 0 1 0 1 0 -1 0 0 6558.dat
1 1 20 -120 600 0 0 1 0 1 0 -1 0 0 6558.dat
1 0 0 -80 600 -1 0 0 0 0 -1 0 -1 0 60484.dat
1 28 0 -120 620 0 1 0 0 0 -1 -1 0 0 6587.dat
1 0 0 -120 640 0 1 0 -1 0 0 0 0 1 32269.dat
1 72 0 -120 680 0 0 1 1 0 0 0 1 0 62821.dat
1 72 60 -120 680 0 0 1 1 0 0 0 1 0 92906.dat
1 72 -60 -120 680 0 0 -1 1 0 0 0 -1 0 92906.dat
1 19 -19 -120 680 0 0 1 1 0 0 0 1 0 6589.dat
1 19 19 -120 680 0 0 -1 -1 0 0 0 1 0 6589.dat
1 19 0 -120 662 -1 0 0 0 -1 0 0 0 1 6589.dat
1 1 40 -120 660 0 0 1 -1 0 0 0 -1 0 6558.dat
1 1 40 -120 700 0 0 1 -1 0 0 0 -1 0 6558.dat
1 1 -40 -120 660 0 0 1 -1 0 0 0 -1 0 6558.dat
1 1 -40 -120 700 0 0 1 -1 0 0 0 -1 0 6558.dat
1 0 60 -140 680 0 -1 0 0 0 1 -1 0 0 63869.dat
1 0 -60 -100 680 0 1 0 0 0 1 1 0 0 63869.dat
1 0 -60 -140 680 0 1 0 0 0 1 1 0 0 63869.dat
1 0 60 -100 680 0 -1 0 0 0 1 -1 0 0 63869.dat
1 71 60 -140 680 0 1 0 0 0 1 1 0 0 44294.dat
1 71 -60 -140 680 0 1 0 0 0 1 1 0 0 44294.dat
1 0 60 -100 690 0 1 0 0 0 1 1 0 0 3706.dat
1 0 -60 -100 690 0 1 0 0 0 1 1 0 0 3706.dat
1 71 119.5963 -93.0512 660 0.1158 0 -0.9933 -0.9933 0 -0.1158 0 1 0 32524.dat
1 71 119.5963 -133.0512 660 0.1158 0 -0.9933 -0.9933 0 -0.1158 0 1 0 32524.dat
1 71 -119.5963 -133.0512 660 -0.1158 0 -0.9933 -0.9933 0 0.1158 0 1 0 32524.dat
1 71 -119.5963 -93.0512 660 -0.1158 0 -0.9933 -0.9933 0 0.1158 0 1 0 32524.dat
1 71 60 -140 640 1 0 0 0 0 -1 0 1 0 32316.dat
1 71 -60 -140 640 1 0 0 0 0 -1 0 1 0 32316.dat
1 10 80 -140 620 0 1 0 0 0 -1 -1 0 0 42003.dat
1 10 -80 -140 620 0 -1 0 0 0 -1 1 0 0 42003.dat
1 1 80 -120 620 0 0 1 -1 0 0 0 -1 0 6558.dat
1 1 -80 -120 620 0 0 1 -1 0 0 0 -1 0 6558.dat
1 71 100 -120 620 0 0 -1 0 1 0 1 0 0 60483.dat
1 71 -100 -120 620 0 0 1 0 1 0 -1 0 0 60483.dat
1 71 100 -140 620 0 0 1 1 0 0 0 1 0 4519.dat
1 71 -100 -140 620 0 0 1 1 0 0 0 1 0 4519.dat
1 71 100 -180 620 -1 0 0 0 0 -1 0 -1 0 32015.dat
1 71 -100 -180 620 -1 0 0 0 0 -1 0 -1 0 32015.dat
1 71 100 -191.4803 647.7162 0 1 0 0.3827 0 -0.9239 -0.9239 0 -0.3827 4519.dat
1 71 -100 -195.3072 656.955 0 1 0 0.3827 0 -0.9239 -0.9239 0 -0.3827 4519.dat
1 0 40 -110 620 0 1 0 1 0 0 0 0 -1 2780.dat
1 0 -40 -110 620 0 1 0 1 0 0 0 0 -1 2780.dat
1 0 0 -100 620 0 0 1 0 -1 0 1 0 0 32525.dat
1 0 0 -80 620 0 0 1 -1 0 0 0 -1 0 15100.dat
1 1 179.1925 -86.1025 680 0 -0.1158 0.9933 0 0.9933 0.1158 -1 0 0 6558.dat
1 1 -179.1925 -86.1025 680 0 0.1158 0.9933 0 0.9933 -0.1158 -1 0 0 6558.dat
1 71 179.1925 -106.1025 680 0 0 -1 0 1 0 1 0 0 11950.dat
1 71 -179.1925 -106.1025 680 0 0 1 0 1 0 -1 0 0 11950.dat
1 72 209.1925 -106.1025 680 0 0 -1 -1 0 0 0 1 0 92909.dat
1 72 -209.1925 -106.1025 680 0 0 1 -1 0 0 0 -1 0 92909.dat
1 71 60 -120 680 -0.1158 0 0.9933 0.9933 0 0.1158 0 1 0 32494.dat
1 71 -60 -120 680 0.1158 0 -0.9933 0.9933 0 0.1158 0 -1 0 32494.dat
1 0 119.5963 -113.0512 680 0.9933 -0.1158 0 0.1158 0.9933 0 0 0 1 3705.dat
1 0 -119.5963 -113.0512 680 0.9933 0.1158 0 -0.1158 0.9933 0 0 0 1 3705.dat
1 71 -179.1925 -106.1025 680 0.1158 0 0.9933 0.9933 0 -0.1158 0 1 0 32494.dat
1 71 179.1925 -106.1025 680 -0.1158 0 -0.9933 0.9933 0 -0.1158 0 -1 0 32494.dat
1 1 179.1925 -126.1025 680 0 -0.1158 0.9933 0 0.9933 0.1158 -1 0 0 6558.dat
1 1 -179.1925 -126.1025 680 0 0.1158 0.9933 0 0.9933 -0.1158 -1 0 0 6558.dat
1 71 119.5963 -133.0512 700 0.1158 0 -0.9933 -0.9933 0 -0.1158 0 1 0 32524.dat
1 71 119.5963 -93.0512 700 0.1158 0 -0.9933 -0.9933 0 -0.1158 0 1 0 32524.dat
1 71 -119.5963 -133.0512 700 -0.1158 0 -0.9933 -0.9933 0 0.1158 0 1 0 32524.dat
1 71 -119.5963 -93.0512 700 -0.1158 0 -0.9933 -0.9933 0 0.1158 0 1 0 32524.dat
1 0 119.5963 -93.0512 710 0 0.9933 0.1158 0 0.1158 -0.9933 -1 0 0 2780.dat
1 0 139.4617 -90.735 710 0 0.9933 0.1158 0 0.1158 -0.9933 -1 0 0 2780.dat
1 0 -139.4617 -90.735 710 0 0.9933 -0.1158 0 -0.1158 -0.9933 -1 0 0 2780.dat
1 0 -119.5963 -93.0512 710 0 0.9933 -0.1158 0 -0.1158 -0.9933 -1 0 0 2780.dat
1 71 126.545 -152.6475 720 0.9933 0 -0.1158 0.1158 0 0.9933 0 -1 0 32140.dat
1 71 -126.545 -152.6475 720 -0.9933 0 0.1158 0.1158 0 0.9933 0 1 0 32140.dat
1 71 126.545 -152.6475 680 0 0.9933 -0.1158 0 0.1158 0.9933 1 0 0 32073.dat
1 71 -126.545 -152.6475 680 0 0.9933 0.1158 0 -0.1158 0.9933 1 0 0 32073.dat
1 71 126.545 -152.6475 700 -0.1158 0.9933 0 0.9933 0.1158 0 0 0 -1 3713.dat
1 71 -126.545 -152.6475 700 0.1158 0.9933 0 0.9933 -0.1158 0 0 0 -1 3713.dat
1 0 60 -180 650 0 1 0 0 0 -1 -1 0 0 2780.dat
1 0 -60 -180 650 0 1 0 0 0 -1 -1 0 0 2780.dat
1 71 0 -180 660 0 0 1 -1 0 0 0 -1 0 32524.dat
1 1 20 -180 680 0 0 1 0 1 0 -1 0 0 6558.dat
1 1 -20 -180 680 0 0 1 0 1 0 -1 0 0 6558.dat
1 16 20 -180 680 -0.2487 0.9686 0 0.9686 0.2487 0 0 0 -1 4255.dat
1 0 126.546 -152.643 680 -0.2487 0.9686 0 0.9686 0.2487 0 0 0 -1 4254.dat
1 16 -20 -180 680 0.2487 -0.9686 0 0.9686 0.2487 0 0 0 1 4255.dat
1 0 -126.546 -152.643 680 0.2487 -0.9686 0 0.9686 0.2487 0 0 0 1 4254.dat
1 71 0 -180 700 0 0 1 -1 0 0 0 -1 0 32524.dat
1 0 60 -180 710 0 1 0 0 0 -1 -1 0 0 2780.dat
1 0 -60 -180 710 0 1 0 0 0 -1 -1 0 0 2780.dat
1 71 60 -140 720 1 0 0 0 0 -1 0 1 0 32316.dat
1 71 -60 -140 720 1 0 0 0 0 -1 0 1 0 32316.dat
1 71 60 -140 740 0 1 0 1 0 0 0 0 -1 3713.dat
1 71 60 -100 740 0 1 0 1 0 0 0 0 -1 3713.dat
1 71 -60 -140 740 0 1 0 1 0 0 0 0 -1 3713.dat
1 71 -60 -100 740 0 1 0 1 0 0 0 0 -1 3713.dat
1 0 -139.4617 -90.735 650 0 0.9933 -0.1158 0 -0.1158 -0.9933 -1 0 0 2780.dat
1 0 -119.5963 -93.0512 650 0 0.9933 -0.1158 0 -0.1158 -0.9933 -1 0 0 2780.dat
1 0 139.4617 -90.735 650 0 0.9933 -0.1158 0 -0.1158 -0.9933 -1 0 0 2780.dat
1 0 119.5963 -93.0512 650 0 0.9933 -0.1158 0 -0.1158 -0.9933 -1 0 0 2780.dat
1 71 126.545 -152.6475 660 -0.1158 0.9933 0 0.9933 0.1158 0 0 0 -1 3713.dat
1 71 -126.545 -152.6475 660 0.1158 0.9933 0 0.9933 -0.1158 0 0 0 -1 3713.dat
1 71 -126.545 -152.6475 640 -0.9933 0 0.1158 0.1158 0 0.9933 0 1 0 32140.dat
1 71 126.545 -152.6475 640 0.9933 0 -0.1158 0.1158 0 0.9933 0 -1 0 32140.dat
1 71 60 -120 780 0 -1 0 0 0 1 -1 0 0 32140.dat
1 1 50 -120 780 1 0 0 0 0 1 0 -1 0 43093.dat
1 1 -50 -120 780 -1 0 0 0 0 1 0 1 0 43093.dat
1 71 -60 -120 780 0 -1 0 0 0 1 -1 0 0 32140.dat
1 1 -60 -60 760 -1 0 0 0 1 0 0 0 -1 6558.dat
1 1 -60 -60 780 -1 0 0 0 1 0 0 0 -1 6558.dat
1 1 60 -60 760 1 0 0 0 1 0 0 0 1 6558.dat
1 1 60 -60 780 1 0 0 0 1 0 0 0 1 6558.dat
1 71 0 -60 680 1 0 0 0 -1 0 0 0 -1 64178.dat
1 1 -60 -60 600 -1 0 0 0 1 0 0 0 -1 6558.dat
1 1 60 -60 600 1 0 0 0 1 0 0 0 1 6558.dat
1 0 -50 -60 580 1 0 0 0 0 1 0 -1 0 2780.dat
1 0 50 -60 580 1 0 0 0 0 1 0 -1 0 2780.dat
1 71 -60 -140 580 0 1 0 0 0 1 1 0 0 32526.dat
1 71 60 -140 580 0 1 0 0 0 1 1 0 0 32526.dat
1 0 -80 -60 620 0 1 0 -1 0 0 0 0 1 32278.dat
1 0 80 -60 620 0 1 0 -1 0 0 0 0 1 32278.dat
1 1 -100 -60 540 -1 0 0 0 1 0 0 0 -1 6558.dat
1 1 100 -60 540 1 0 0 0 1 0 0 0 1 6558.dat
1 0 -90 -60 480 1 0 0 0 0 1 0 -1 0 2780.dat
1 0 90 -60 480 1 0 0 0 0 1 0 -1 0 2780.dat
1 0 100 -60 400 0 1 0 -1 0 0 0 0 1 32278.dat
1 1 100 -60 420 -1 0 0 0 1 0 0 0 -1 6558.dat
1 1 100 -60 400 -1 0 0 0 1 0 0 0 -1 6558.dat
1 1 90 -60 440 -1 0 0 0 0 -1 0 -1 0 43093.dat
1 15 80 -60 360 0 1 0 0 0 1 1 0 0 32009.dat
1 0 70 -140 360 1 0 0 0 0 1 0 -1 0 2780.dat
1 72 60 -220 360 1 0 0 0 0 1 0 -1 0 11214.dat
1 71 60 -180 360 0 -1 0 0 0 1 -1 0 0 32316.dat
1 0 50 -180 360 1 0 0 0 0 1 0 -1 0 2780.dat
1 71 0 -220 360 1 0 0 0 0 1 0 -1 0 64179.dat
1 0 50 -260 360 1 0 0 0 0 1 0 -1 0 2780.dat
1 0 -50 -260 360 1 0 0 0 0 1 0 -1 0 2780.dat
1 0 -50 -180 360 1 0 0 0 0 1 0 -1 0 2780.dat
1 0 0 -170 360 0 0 -1 1 0 0 0 -1 0 2780.dat
1 0 -20 -170 360 0 0 -1 1 0 0 0 -1 0 2780.dat
1 72 -60 -220 360 -1 0 0 0 0 1 0 1 0 11214.dat
1 71 -60 -180 360 0 -1 0 0 0 1 -1 0 0 32316.dat
1 15 -80 -60 360 0 1 0 0 0 1 1 0 0 32009.dat
1 0 -70 -140 360 1 0 0 0 0 1 0 -1 0 2780.dat
1 0 -90 -60 400 1 0 0 0 0 1 0 -1 0 2780.dat
1 1 -90 -60 440 1 0 0 0 0 1 0 -1 0 43093.dat
1 0 -100 -60 400 0 1 0 -1 0 0 0 0 1 32278.dat
1 71 -100 -60 580 0 0 -1 1 0 0 0 -1 0 55615.dat
1 0 -180 -60 560 0 0 -1 1 0 0 0 -1 0 40490.dat
1 0 -120 -60 540 0 1 0 0 0 1 1 0 0 15100.dat
1 71 100 -60 580 0 0 1 -1 0 0 0 -1 0 55615.dat
1 0 180 -60 560 0 0 1 -1 0 0 0 -1 0 40490.dat
1 0 120 -60 540 0 -1 0 0 0 -1 1 0 0 15100.dat
1 0 -100 -70 580 0 0 1 -1 0 0 0 -1 0 2780.dat
1 0 -40 -70 620 0 0 1 -1 0 0 0 -1 0 2780.dat
1 0 40 -70 620 0 0 1 -1 0 0 0 -1 0 2780.dat
1 0 100 -70 580 0 0 1 -1 0 0 0 -1 0 2780.dat
1 1 -100 -80 620 0 -1 0 -1 0 0 0 0 -1 6558.dat
1 1 100 -80 620 0 -1 0 -1 0 0 0 0 -1 6558.dat
1 71 -20 -80 620 0 0 -1 0 -1 0 -1 0 0 32526.dat
1 71 20 -80 620 0 0 1 0 1 0 -1 0 0 32526.dat
1 71 52.7282 -119.6199 510 0.6018 -0.7986 0 0.7986 0.6018 0 0 0 1 2850.dat
1 1 44 -88 530 0 0 1 0 1 0 -1 0 0 4274.dat
1 71 0 -130 540 1 0 0 0 1 0 0 0 1 32333.dat
1 1 20 -120 540 0 0 1 0 -1 0 1 0 0 6558.dat
1 0 20 -120 490 0 0 1 0 -1 0 1 0 0 2780.dat
1 0 44 -88 490 0 0 1 0 -1 0 1 0 0 2780.dat
1 1 -44 -88 530 0 0 1 0 1 0 -1 0 0 4274.dat
1 0 44 -88 450 0 0 1 0 -1 0 1 0 0 2780.dat
1 0 20 -120 450 0 0 1 0 -1 0 1 0 0 2780.dat
1 71 52.7282 -119.6199 470 0.6018 -0.7986 0 0.7986 0.6018 0 0 0 1 2850.dat
1 0 44 -88 410 0 0 1 0 -1 0 1 0 0 2780.dat
1 0 20 -120 410 0 0 1 0 -1 0 1 0 0 2780.dat
1 71 52.7282 -119.6199 430 0.6018 -0.7986 0 0.7986 0.6018 0 0 0 1 2850.dat
1 0 44 -88 370 0 0 1 0 -1 0 1 0 0 2780.dat
1 0 20 -120 370 0 0 1 0 -1 0 1 0 0 2780.dat
1 71 52.7282 -119.6199 390 0.6018 -0.7986 0 0.7986 0.6018 0 0 0 1 2850.dat
1 14 0 -80 510 0 -1 0 -1 0 0 0 0 -1 2853.dat
1 71 0.0318 -68.9955 510 -0.7547 -0.6561 0 -0.6561 0.7547 0 0 0 -1 2852.dat
1 71 0.0318 -68.9955 510 0.7547 0.6561 0 -0.6561 0.7547 0 0 0 1 2852.dat
1 14 -27.172 -100.3617 510 0.6018 0.7986 0 -0.7986 0.6018 0 0 0 1 2851.dat
1 14 27.1719 -100.3618 510 0.6018 -0.7986 0 0.7986 0.6018 0 0 0 1 2851.dat
1 19 0 -80 490 0 -1 0 -1 0 0 0 0 -1 2854.dat
1 4 0 -90 470 0 -1 0 0 0 -1 1 0 0 32062.dat
1 14 35.9569 -106.9818 470 0.6018 -0.7986 0 0.7986 0.6018 0 0 0 1 2851.dat
1 71 0.0318 -88.9955 470 -0.454 -0.891 0 -0.891 0.454 0 0 0 -1 2852.dat
1 71 0.0318 -88.9955 470 0.454 0.891 0 -0.891 0.454 0 0 0 1 2852.dat
1 14 -35.957 -106.9816 470 0.6018 0.7986 0 -0.7986 0.6018 0 0 0 1 2851.dat
1 4 0 -70 430 0 -1 0 0 0 -1 1 0 0 32062.dat
1 19 0 -80 450 0 1 0 -1 0 0 0 0 1 2854.dat
1 14 27.1719 -100.3618 430 0.6018 -0.7986 0 0.7986 0.6018 0 0 0 1 2851.dat
1 71 0.0318 -68.9955 430 -0.7547 -0.6561 0 -0.6561 0.7547 0 0 0 -1 2852.dat
1 71 0.0318 -68.9955 430 0.7547 0.6561 0 -0.6561 0.7547 0 0 0 1 2852.dat
1 14 -27.172 -100.3617 430 0.6018 0.7986 0 -0.7986 0.6018 0 0 0 1 2851.dat
1 19 0 -80 410 0 -1 0 -1 0 0 0 0 -1 2854.dat
1 4 0 -90 390 0 -1 0 0 0 -1 1 0 0 32062.dat
1 71 0.0318 -88.9955 390 0.454 0.891 0 -0.891 0.454 0 0 0 1 2852.dat
1 71 0.0318 -88.9955 390 -0.454 -0.891 0 -0.891 0.454 0 0 0 -1 2852.dat
1 14 -35.957 -106.9816 390 0.6018 0.7986 0 -0.7986 0.6018 0 0 0 1 2851.dat
1 14 35.9569 -106.9818 390 0.6018 -0.7986 0 0.7986 0.6018 0 0 0 1 2851.dat
1 14 0 -90 360 0 -1 0 -1 0 0 0 0 -1 2853.dat
1 71 0 -80 590 0 0 1 0 -1 0 1 0 0 44294.dat
1 71 -52.7283 -119.6197 510 0.6018 0.7986 0 -0.7986 0.6018 0 0 0 1 2850.dat
1 0 -44 -88 490 0 0 1 0 -1 0 1 0 0 2780.dat
1 0 -20 -120 490 0 0 1 0 -1 0 1 0 0 2780.dat
1 0 -44 -88 450 0 0 1 0 -1 0 1 0 0 2780.dat
1 0 -20 -120 450 0 0 1 0 -1 0 1 0 0 2780.dat
1 71 -52.7283 -119.6197 470 0.6018 0.7986 0 -0.7986 0.6018 0 0 0 1 2850.dat
1 0 -44 -88 410 0 0 1 0 -1 0 1 0 0 2780.dat
1 0 -20 -120 410 0 0 1 0 -1 0 1 0 0 2780.dat
1 71 -52.7283 -119.6197 430 0.6018 0.7986 0 -0.7986 0.6018 0 0 0 1 2850.dat
1 0 -44 -88 370 0 0 1 0 -1 0 1 0 0 2780.dat
1 0 -20 -120 370 0 0 1 0 -1 0 1 0 0 2780.dat
1 71 -52.7283 -119.6197 390 0.6018 0.7986 0 -0.7986 0.6018 0 0 0 1 2850.dat
1 1 -20 -120 540 0 0 -1 0 -1 0 -1 0 0 6558.dat
1 71 0 -80 560 -1 0 0 0 -1 0 0 0 1 3713.dat
1 71 0 -80 580 -1 0 0 0 -1 0 0 0 1 3713.dat
1 71 0 -130 360 1 0 0 0 1 0 0 0 1 32333.dat
1 0 -20 -80 350 0 0 1 0 -1 0 1 0 0 2780.dat
1 0 20 -80 350 0 0 1 0 -1 0 1 0 0 2780.dat
1 71 20 -120 570 0 0 1 0 1 0 -1 0 0 62462.dat
1 71 -20 -120 570 0 0 1 0 1 0 -1 0 0 62462.dat
1 4 0 -138 450 0 0 1 0 1 0 -1 0 0 3832.dat
1 4 10 -146 450 0 0 1 0 1 0 -1 0 0 4162.dat
1 4 -10 -146 450 0 0 1 0 1 0 -1 0 0 4162.dat
1 71 0 -146 540 -1 0 0 0 1 0 0 0 -1 2412.dat
1 71 0 -146 360 -1 0 0 0 1 0 0 0 -1 2412.dat
1 0 0 -80 640 1 0 0 0 1 0 0 0 1 32270.dat
1 71 -100 -200.6648 669.889 0 0 -1 0.9239 0.3827 0 0.3827 -0.9239 0 3941.dat
1 71 -100 -209.8489 692.0623 0 0 -1 0.9239 0.3827 0 0.3827 -0.9239 0 30367.dat
1 71 -100 -217.5027 710.5398 0 0 -1 0.3827 -0.9239 0 -0.9239 -0.3827 0 62462.dat
1 71 100 -200.6648 669.889 0 0 -1 0.9239 0.3827 0 0.3827 -0.9239 0 3941.dat
1 71 100 -209.8489 692.0623 0 0 -1 0.9239 0.3827 0 0.3827 -0.9239 0 30367.dat
1 71 100 -217.5027 710.5398 0 0 -1 0.3827 -0.9239 0 -0.9239 -0.3827 0 62462.dat
1 71 -80 -60 200 0 -1 0 1 0 0 0 0 1 41239.dat
1 71 -80 -60 320 -1 0 0 0 -1 0 0 0 1 32054.dat
1 0 -90 -60 260 -1 0 0 0 -1 0 0 0 1 2780.dat
1 71 -60 -60 180 -1 0 0 0 -1 0 0 0 1 32054.dat
1 71 -60 -60 60 0 -1 0 1 0 0 0 0 1 41239.dat
1 72 -60 -60 0 -1 0 0 0 -1 0 0 0 1 11214.dat
1 0 50 -60 -60 -1 0 0 0 -1 0 0 0 1 2780.dat
1 0 -50 -60 -60 -1 0 0 0 -1 0 0 0 1 2780.dat
1 0 -50 -60 -100 -1 0 0 0 -1 0 0 0 1 2780.dat
1 0 50 -60 -100 -1 0 0 0 -1 0 0 0 1 2780.dat
1 71 0 -60 -100 -1 0 0 0 -1 0 0 0 1 64178.dat
1 71 0 -60 320 -1 0 0 0 -1 0 0 0 1 44294.dat
1 71 0 -60 180 -1 0 0 0 -1 0 0 0 1 32073.dat
1 71 80 -60 320 1 0 0 0 1 0 0 0 1 32054.dat
1 71 60 -60 180 1 0 0 0 1 0 0 0 1 32054.dat
1 0 20 -60 180 1 0 0 0 0 -1 0 1 0 63869.dat
1 0 0 -70 200 0 1 0 -1 0 0 0 0 1 2780.dat
1 0 40 -70 200 0 1 0 -1 0 0 0 0 1 2780.dat
1 71 60 -60 60 0 -1 0 1 0 0 0 0 1 41239.dat
1 71 80 -60 200 0 -1 0 1 0 0 0 0 1 41239.dat
1 72 60 -60 0 1 0 0 0 1 0 0 0 1 11214.dat
1 0 90 -60 260 -1 0 0 0 -1 0 0 0 1 2780.dat
1 0 90 -60 240 -1 0 0 0 -1 0 0 0 1 2780.dat
1 0 90 -60 220 -1 0 0 0 -1 0 0 0 1 2780.dat
1 71 60 -80 -100 -1 0 0 0 0 -1 0 -1 0 44809.dat
1 71 -60 -80 -100 0 0 -1 1 0 0 0 -1 0 44809.dat
1 1 60 -120 580 -1 0 0 0 1 0 0 0 -1 6558.dat
1 1 80 -100 580 -1 0 0 0 1 0 0 0 -1 6558.dat
1 71 80 -100 500 0 1 0 -1 0 0 0 0 1 32526.dat
1 1 100 -100 500 1 0 0 0 -1 0 0 0 -1 6558.dat
1 0 90 -100 560 1 0 0 0 0 1 0 -1 0 2780.dat
1 0 90 -100 540 1 0 0 0 0 1 0 -1 0 2780.dat
1 1 -60 -120 580 1 0 0 0 -1 0 0 0 -1 6558.dat
1 1 -80 -100 580 1 0 0 0 -1 0 0 0 -1 6558.dat
1 71 -80 -100 500 0 1 0 -1 0 0 0 0 1 32526.dat
1 0 -90 -100 540 1 0 0 0 0 1 0 -1 0 2780.dat
1 0 -90 -100 560 1 0 0 0 0 1 0 -1 0 2780.dat
1 0 -90 -100 500 -1 0 0 0 1 0 0 0 -1 2780.dat
1 0 -100 -100 400 0 1 0 -1 0 0 0 0 1 32278.dat
1 0 100 -100 400 0 1 0 -1 0 0 0 0 1 32278.dat
1 1 110 -60 360 1 0 0 0 0 1 0 -1 0 43093.dat
1 72 100 -100 360 1 0 0 0 0 1 0 -1 0 11214.dat
1 4 120 -80 360 -1 0 0 0 1 0 0 0 -1 32184.dat
1 71 120 -80 360 0 0 1 0 1 0 -1 0 0 32054.dat
1 71 -120 -80 360 0 0 1 0 1 0 -1 0 0 32054.dat
1 1 -110 -60 360 -1 0 0 0 0 1 0 1 0 43093.dat
1 72 -100 -100 360 -1 0 0 0 0 1 0 1 0 11214.dat
1 4 -120 -80 360 1 0 0 0 1 0 0 0 1 32184.dat
1 71 0 -80 340 0 0 1 -1 0 0 0 -1 0 41239.dat
1 71 100 -120 560 0 -1 0 0 0 1 -1 0 0 60483.dat
1 1 90 -120 560 1 0 0 0 0 -1 0 1 0 43093.dat
1 1 -90 -120 560 -1 0 0 0 0 -1 0 -1 0 43093.dat
1 71 -100 -120 560 0 1 0 0 0 1 1 0 0 60483.dat
1 0 110 -100 380 1 0 0 0 0 1 0 -1 0 2780.dat
1 0 120 -118.1262 371.5476 0 0 1 0.4226 0.9063 0 -0.9063 0.4226 0 6536.dat
1 1 120 -122.3523 380.6107 0 1 0 0.4226 0 -0.9063 -0.9063 0 -0.4226 43093.dat
1 0 -110 -100 380 1 0 0 0 0 1 0 -1 0 2780.dat
1 0 -120 -118.1262 371.5476 0 0 1 0.4226 0.9063 0 -0.9063 0.4226 0 6536.dat
1 1 -120 -122.3523 380.6107 0 1 0 0.4226 0 -0.9063 -0.9063 0 -0.4226 43093.dat
1 16 -120 -123.4376 383.4733 0 0 1 -0.9063 0.4226 0 -0.4226 -0.9063 0 79.dat
1 16 -120 -125.7871 388.5121 0 0 1 -0.9063 0.4226 0 -0.4226 -0.9063 0 80.dat
1 16 -120 -128.0224 393.306 0 0 1 -0.9063 0.4226 0 -0.4226 -0.9063 0 80.dat
1 16 -120 -130.2578 398.0998 0 0 1 -0.9063 0.4226 0 -0.4226 -0.9063 0 80.dat
1 16 -120 -132.493 402.8935 0 -0.0108 0.9999 -0.909765 0.415126 0.004564 -0.415168 -0.909675 -0.009788 80.dat
1 16 -119.8806 -134.6425 407.7188 0.0032 -0.0701 0.9975 -0.927683 0.372284 0.029123 -0.373431 -0.925459 -0.063876 80.dat
1 16 -119.2776 -136.4217 412.6305 0.0178 -0.1798 0.9835 -0.955701 0.285957 0.069573 -0.293703 -0.941218 -0.166714 80.dat
1 16 -118.0713 -137.5986 417.3646 0.0411 -0.2801 0.9591 -0.97522 0.197515 0.099543 -0.217295 -0.939427 -0.265061 80.dat
1 16 -116.377 -138.4361 422.2969 0.0622 -0.3466 0.9359 -0.984616 0.132135 0.114371 -0.163309 -0.928647 -0.333065 80.dat
1 16 -114.4087 -138.9919 427.1707 0.079 -0.3921 0.9165 -0.989165 0.083043 0.12079 -0.123502 -0.916121 -0.381378 80.dat
1 16 -112.2343 -139.3154 431.9794 0.0915 -0.4234 0.9013 -0.991427 0.046087 0.122271 -0.093332 -0.904776 -0.415553 80.dat
1 16 -109.9308 -139.4789 436.7366 0.1005 -0.4454 0.8897 -0.992519 0.017539 0.120832 -0.069457 -0.895138 -0.440387 80.dat
1 16 -107.5241 -139.5018 441.4459 0.1069 -0.4617 0.8806 -0.992996 -0.00568 0.117636 -0.049268 -0.886987 -0.45909 80.dat
1 16 -105.0471 -139.4182 446.1181 0.1115 -0.4739 0.8735 -0.993268 -0.025402 0.113035 -0.03141 -0.880185 -0.473593 80.dat
1 16 -102.5113 -139.2335 450.7559 0.1145 -0.4831 0.8681 -0.993318 -0.042249 0.107498 -0.015214 -0.87458 -0.484671 80.dat
1 16 -99.9367 -138.971 455.3687 0.116 -0.4896 0.8642 -0.993277 -0.056577 0.101279 -0.00063 -0.870117 -0.492867 80.dat
1 16 -97.3322 -138.6348 459.9598 0.1164 -0.4942 0.8615 -0.993122 -0.069498 0.094269 0.013234 -0.866543 -0.498894 80.dat
1 16 -94.7085 -138.2359 464.5352 0.1159 -0.4972 0.8599 -0.992888 -0.081235 0.086819 0.026694 -0.863851 -0.50303 80.dat
1 16 -92.0729 -137.7758 469.0979 0.1143 -0.4986 0.8593 -0.99263 -0.091607 0.07888 0.039392 -0.861957 -0.505407 80.dat
1 16 -89.4341 -137.2669 473.6537 0.1118 -0.4986 0.8596 -0.992343 -0.100929 0.070586 0.051553 -0.860897 -0.506075 80.dat
1 16 -86.9229 -136.7358 477.9902 0.1086 -0.4974 0.8607 -0.992013 -0.109598 0.061838 0.063623 -0.860525 -0.505299 80.dat
1 16 -84.2975 -136.1326 482.5422 0.1045 -0.4948 0.8627 -0.991592 -0.117886 0.052506 0.075735 -0.86097 -0.503031 80.dat
1 16 -81.6883 -135.4884 487.0978 0.0997 -0.4909 0.8655 -0.991081 -0.125746 0.042817 0.08789 -0.862097 -0.499053 80.dat
1 16 -79.1044 -134.8019 491.6617 0.094 -0.4855 0.8692 -0.990479 -0.133358 0.032591 0.100087 -0.863992 -0.49345 80.dat
1 16 -76.5517 -134.0775 496.2372 0.0874 -0.4786 0.8737 -0.989829 -0.140681 0.022015 0.112416 -0.866744 -0.485913 80.dat
1 16 -74.042 -133.3135 500.83 0.0798 -0.4696 0.8793 -0.988949 -0.147895 0.01083 0.124963 -0.870439 -0.476123 80.dat
1 16 -71.5838 -132.5128 505.4444 0.0711 -0.4582 0.886 -0.987882 -0.15514 -0.000952 0.137819 -0.875252 -0.463632 80.dat
1 16 -69.1956 -131.672 510.0882 0.0612 -0.4439 0.894 -0.986627 -0.162283 -0.013139 0.150982 -0.88123 -0.44791 80.dat
1 16 -66.8873 -130.795 514.7653 0.0498 -0.4261 0.9033 -0.985192 -0.169643 -0.02571 0.16423 -0.888634 -0.428284 80.dat
1 16 -64.6883 -129.877 519.487 0.0364 -0.4033 0.9143 -0.983435 -0.177185 -0.039023 0.177737 -0.897778 -0.403046 80.dat
1 16 -62.6203 -128.9198 524.2592 0.0207 -0.3736 0.9274 -0.981317 -0.185229 -0.052672 0.191414 -0.908922 -0.370462 80.dat
1 16 -60.823 -127.9653 528.8678 0.002 -0.3343 0.9425 -0.978806 -0.193558 -0.066578 0.204721 -0.922294 -0.327626 80.dat
1 16 -59.1818 -126.9166 533.7822 -0.0214 -0.2788 0.9601 -0.975963 -0.202685 -0.080556 0.217081 -0.938687 -0.267833 80.dat
1 16 -57.8738 -125.8193 538.782 -0.0522 -0.1935 0.9797 -0.972577 -0.212556 -0.093867 0.226383 -0.957744 -0.177055 80.dat
1 16 -57.1474 -124.6656 543.8759 -0.0933 -0.0544 0.9942 -0.969592 -0.221623 -0.103102 0.225899 -0.973557 -0.032077 80.dat
1 16 -57.2896 -123.4753 548.9843 -0.1408 0.1796 0.9736 -0.969842 -0.222367 -0.099247 0.19875 -0.958236 0.205508 80.dat
1 16 -58.9972 -122.3374 553.7203 -0.1664 0.5175 0.8394 -0.977688 -0.196926 -0.072467 0.127787 -0.832727 0.53874 80.dat
1 16 -62.4623 -121.4427 557.348 -0.1325 0.8226 0.5529 -0.99017 -0.134773 -0.036836 0.044291 -0.552402 0.832407 80.dat
1 16 -67.2605 -120.9603 559.2562 -0.0653 0.9659 0.2506 -0.997825 -0.063545 -0.014877 0.001552 -0.251074 0.967987 80.dat
1 16 -72.4704 -120.7899 559.9194 -0.0179 0.9976 0.0675 -0.999815 -0.017552 -0.005341 -0.00412 -0.067655 0.997701 80.dat
1 16 -77.7584 -120.7725 559.9862 -0.0017 1 0.0066 -1.000037 -0.001748 -0.000761 -0.000803 -0.006663 0.999947 80.dat
1 16 -83.0479 -120.7725 559.9862 0 1 0 -0.999958 0 0.000447 0.000447 0 0.999958 80.dat
1 16 -88.1838 -120.7725 559.9862 0 -1 0 -0.999958 0 -0.000447 0.000447 0 -0.999958 79.dat
1 16 120 -123.1777 382.3808 0 0 1 -0.9063 0.4226 0 -0.4226 -0.9063 0 79.dat
1 16 120 -125.4982 387.3574 0 0 1 -0.9063 0.4226 0 -0.4226 -0.9063 0 80.dat
1 16 120 -127.7068 392.0938 0 0 1 -0.9063 0.4226 0 -0.4226 -0.9063 0 80.dat
1 16 120 -129.9153 396.8301 0 0 1 -0.9063 0.4226 0 -0.4226 -0.9063 0 80.dat
1 16 120 -132.1238 401.5665 0 0.0011 1 -0.90668 0.421784 -0.000465 -0.421784 -0.90668 0.000997 80.dat
1 16 119.9877 -134.3229 406.307 -0.0009 0.0313 0.9995 -0.9171 0.398426 -0.01336 -0.398728 -0.916689 0.028416 80.dat
1 16 119.6875 -136.2896 411.1209 -0.0089 0.1174 0.993 -0.943485 0.328071 -0.047202 -0.331259 -0.937359 0.107855 80.dat
1 16 118.7693 -137.7268 416.0389 -0.0284 0.2207 0.9749 -0.96856 0.234853 -0.081443 -0.246959 -0.946621 0.207079 80.dat
1 16 117.3877 -138.7267 420.9687 -0.0502 0.2969 0.9536 -0.982151 0.158489 -0.101047 -0.181137 -0.941626 0.283668 80.dat
1 16 115.6764 -139.3818 425.858 -0.0679 0.3476 0.9352 -0.98857 0.102877 -0.109978 -0.134479 -0.931919 0.336658 80.dat
1 16 113.6609 -139.8134 430.9281 -0.0815 0.383 0.9201 -0.991719 0.060611 -0.113138 -0.099095 -0.921726 0.374905 80.dat
1 16 111.5868 -140.0384 435.718 -0.0915 0.408 0.9084 -0.993202 0.028203 -0.112736 -0.071541 -0.912564 0.402676 80.dat
1 16 109.3987 -140.1088 440.4622 -0.0987 0.4263 0.8992 -0.993884 0.002295 -0.110156 -0.04902 -0.904564 0.423409 80.dat
1 16 107.1317 -140.0618 445.17 -0.1037 0.4401 0.892 -0.994156 -0.019216 -0.106182 -0.029507 -0.897712 0.439495 80.dat
1 16 104.8002 -139.9087 449.8442 -0.1069 0.4503 0.8864 -0.994187 -0.03718 -0.101062 -0.01264 -0.892076 0.451702 80.dat
1 16 102.425 -139.6736 454.4929 -0.1088 0.4581 0.8822 -0.994031 -0.052753 -0.095169 0.00288 -0.887311 0.46107 80.dat
1 16 100.0128 -139.3584 459.118 -0.1094 0.4639 0.8791 -0.993815 -0.06638 -0.088618 0.017324 -0.883404 0.468318 80.dat
1 16 97.5766 -138.9793 463.7256 -0.109 0.4679 0.877 -0.993582 -0.078643 -0.081542 0.030784 -0.880296 0.473493 80.dat
1 16 95.1223 -138.537 468.318 -0.1076 0.4705 0.8758 -0.993227 -0.089625 -0.073887 0.043748 -0.877803 0.476952 80.dat
1 16 92.6587 -138.0428 472.9002 -0.1054 0.4718 0.8754 -0.992843 -0.099689 -0.065828 0.056174 -0.876097 0.478834 80.dat
1 16 90.1915 -137.4955 477.4744 -0.1023 0.4718 0.8758 -0.992374 -0.108962 -0.057225 0.06842 -0.874904 0.479315 80.dat
1 16 87.7273 -136.9041 482.0448 -0.0985 0.4706 0.8768 -0.991826 -0.117449 -0.048302 0.08026 -0.874448 0.4784 80.dat
1 16 85.2726 -136.2676 486.6142 -0.0939 0.4683 0.8786 -0.991327 -0.125508 -0.039018 0.091968 -0.874675 0.475999 80.dat
1 16 82.8327 -135.5923 491.1859 -0.0885 0.4646 0.8811 -0.990647 -0.133223 -0.029239 0.10376 -0.875404 0.472063 80.dat
1 16 80.4166 -134.8755 495.764 -0.0823 0.4595 0.8843 -0.989876 -0.140557 -0.019013 0.115594 -0.876948 0.46646 80.dat
1 16 78.0293 -134.1227 500.3514 -0.0752 0.453 0.8883 -0.988973 -0.147687 -0.008431 0.12738 -0.879169 0.459147 80.dat
1 16 75.6821 -133.3318 504.953 -0.0673 0.4446 0.8932 -0.987978 -0.154617 0.002627 0.139208 -0.88229 0.449629 80.dat
1 16 73.3819 -132.5062 509.5722 -0.0583 0.434 0.899 -0.986706 -0.161571 0.014066 0.151387 -0.886305 0.437639 80.dat
1 16 71.1466 -131.6427 514.2161 -0.0481 0.4206 0.906 -0.985343 -0.168556 0.025865 0.163607 -0.891438 0.422509 80.dat
1 16 68.9856 -130.7443 518.8884 -0.0366 0.4037 0.9142 -0.983708 -0.175578 0.038141 0.175955 -0.897912 0.403518 80.dat
1 16 66.9285 -129.8068 523.5995 -0.0231 0.3814 0.9241 -0.981753 -0.183005 0.050929 0.188562 -0.906119 0.378697 80.dat
1 16 64.9105 -128.783 528.585 -0.0071 0.3513 0.9362 -0.979477 -0.191031 0.064245 0.201429 -0.916592 0.345406 80.dat
1 16 63.1612 -127.7635 533.4012 0.012 0.3106 0.9505 -0.976815 -0.199523 0.07757 0.213704 -0.929379 0.300976 80.dat
1 16 61.668 -126.6963 538.2913 0.0362 0.2512 0.9673 -0.973743 -0.208632 0.090587 0.224625 -0.945101 0.237093 80.dat
1 16 60.5345 -125.5808 543.2622 0.0687 0.1553 0.9855 -0.970479 -0.218436 0.102131 0.231113 -0.963354 0.13567 80.dat
1 16 60.0581 -124.4116 548.3118 0.1126 -0.0136 0.9935 -0.96824 -0.22593 0.106675 0.222999 -0.974021 -0.038527 80.dat
1 16 60.6491 -123.2259 553.29 0.1568 -0.3162 0.9356 -0.972019 -0.217034 0.089491 0.174786 -0.923532 -0.341466 80.dat
1 16 63.1841 -122.2001 557.4684 0.1518 -0.7034 0.6944 -0.98503 -0.165722 0.047389 0.081774 -0.691181 -0.718033 80.dat
1 16 67.455 -121.5713 559.9696 0.0811 -0.9428 0.3233 -0.996596 -0.080598 0.014757 0.012166 -0.323351 -0.946197 80.dat
1 16 72.5714 -121.3901 560.6752 0.0203 -0.9968 0.0773 -0.999814 -0.020008 0.004018 -0.002465 -0.077296 -0.996993 80.dat
1 16 77.7949 -121.3734 560.7397 0.0015 -1 0.0059 -0.999983 -0.001548 0.000447 -0.000447 -0.005908 -0.999983 80.dat
1 16 83.0209 -121.3734 560.7397 0 -1 0 -0.999958 0 -0.000447 0.000447 0 -0.999958 80.dat
1 16 88.2795 -121.3734 560.7397 0 1 0 -0.999958 0 0.000447 0.000447 0 0.999958 79.dat
1 71 120 -80 200 0 0 1 0 -1 0 1 0 0 41239.dat
1 0 -90 -100 320 1 0 0 0 0 1 0 -1 0 2780.dat
1 0 -90 -100 260 1 0 0 0 0 1 0 -1 0 2780.dat
1 71 -80 -100 200 0 -1 0 1 0 0 0 0 1 41239.dat
1 0 -70 -100 120 1 0 0 0 0 1 0 -1 0 2780.dat
1 0 90 -100 300 1 0 0 0 0 1 0 -1 0 2780.dat
1 0 90 -100 260 1 0 0 0 0 1 0 -1 0 2780.dat
1 71 80 -100 200 0 -1 0 1 0 0 0 0 1 41239.dat
1 0 90 -100 220 1 0 0 0 0 1 0 -1 0 2780.dat
1 0 90 -100 160 1 0 0 0 0 1 0 -1 0 2780.dat
1 1 80 -100 120 -1 0 0 0 1 0 0 0 -1 6558.dat
1 72 80 -100 80 1 0 0 0 0 1 0 -1 0 11214.dat
1 72 80 -60 80 1 0 0 0 0 1 0 -1 0 11214.dat
1 72 -80 -100 80 -1 0 0 0 0 -1 0 -1 0 11214.dat
1 72 -80 -60 80 -1 0 0 0 0 -1 0 -1 0 11214.dat
1 4 100 -80 80 -1 0 0 0 1 0 0 0 -1 32184.dat
1 4 -100 -80 80 -1 0 0 0 1 0 0 0 -1 32184.dat
1 0 100 -80 90 0 -1 0 0 0 1 -1 0 0 2780.dat
1 0 -100 -80 90 0 -1 0 0 0 1 -1 0 0 2780.dat
1 71 60 -100 140 0 -1 0 -1 0 0 0 0 -1 32526.dat
1 71 -60 -100 140 0 -1 0 -1 0 0 0 0 -1 32526.dat
1 0 0 -80 100 0 0 1 -1 0 0 0 -1 0 32278.dat
1 10 100 -60 220 0 0 1 1 0 0 0 1 0 42003.dat
1 10 100 -100 220 0 0 1 1 0 0 0 1 0 42003.dat
1 71 100 -80 200 0 0 1 1 0 0 0 1 0 4519.dat
1 71 100 -100 240 -1 0 0 0 0 1 0 1 0 32073.dat
1 71 100 -100 280 -1 0 0 0 0 1 0 1 0 32073.dat
1 0 50 -100 240 0 0 1 1 0 0 0 1 0 59443.dat
1 0 50 -100 280 0 0 1 1 0 0 0 1 0 59443.dat
1 71 0 -100 240 -1 0 0 0 0 1 0 1 0 32073.dat
1 71 0 -100 280 -1 0 0 0 0 1 0 1 0 32073.dat
1 0 -50 -100 240 0 0 1 1 0 0 0 1 0 59443.dat
1 0 -50 -100 280 0 0 1 1 0 0 0 1 0 59443.dat
1 71 -80 -100 240 1 0 0 0 -1 0 0 0 -1 4519.dat
1 14 -110 -100 240 0 0 1 1 0 0 0 1 0 59443.dat
1 71 -180 -100 240 1 0 0 0 -1 0 0 0 -1 44294.dat
1 0 70 -100 140 1 0 0 0 -1 0 0 0 -1 3705.dat
1 0 30 -100 140 0 0 1 1 0 0 0 1 0 59443.dat
1 71 0 -100 140 -1 0 0 0 0 1 0 1 0 4519.dat
1 0 -30 -100 140 0 0 1 1 0 0 0 1 0 59443.dat
1 0 -70 -100 140 1 0 0 0 -1 0 0 0 -1 3705.dat
1 14 -110 -100 140 0 0 1 1 0 0 0 1 0 59443.dat
1 0 -150 -100 140 1 0 0 0 -1 0 0 0 -1 3705.dat
1 71 -140 -100 140 0 0 -1 0 -1 0 -1 0 0 3713.dat
1 72 -160 -100 140 0 0 -1 0 -1 0 -1 0 0 10928.dat
1 19 -90 -100 160 -1 0 0 0 -1 0 0 0 1 3749.dat
1 14 -110 -100 160 0 0 1 1 0 0 0 1 0 59443.dat
1 0 -150 -100 160 1 0 0 0 -1 0 0 0 -1 3705.dat
1 71 -140 -100 160 0 0 -1 0 -1 0 -1 0 0 3713.dat
1 72 -160 -100 160 0 0 -1 0 -1 0 -1 0 0 10928.dat
1 71 120 -80 200 0 1 0 1 0 0 0 0 -1 32054.dat
1 1 120 -110 200 0 1 0 1 0 0 0 0 -1 43093.dat
1 15 140 -60 200 0 0 -1 0 1 0 1 0 0 32523.dat
1 0 140 -70 200 0 0 -1 1 0 0 0 -1 0 2780.dat
1 72 160 -110 200 0 0 -1 1 0 0 0 -1 0 87083.dat
1 0 50 -60 -140 1 0 0 0 0 1 0 -1 0 2780.dat
1 0 -50 -60 -140 1 0 0 0 0 1 0 -1 0 2780.dat
1 1 60 -60 -200 1 0 0 0 -1 0 0 0 -1 6558.dat
1 1 -60 -60 -200 -1 0 0 0 1 0 0 0 -1 6558.dat
1 71 60 -60 -180 0 1 0 1 0 0 0 0 -1 32316.dat
1 71 -60 -60 -180 0 1 0 1 0 0 0 0 -1 32316.dat
1 71 -80 -60 -220 0 0 -1 1 0 0 0 -1 0 55615.dat
1 71 80 -60 -220 0 -1 0 1 0 0 0 0 1 55615.dat
1 0 0 -60 -240 0 0 1 -1 0 0 0 -1 0 32278.dat
1 0 140 -60 -250 0 -1 0 0 0 1 -1 0 0 2780.dat
1 0 -140 -60 -250 0 -1 0 0 0 1 -1 0 0 2780.dat
1 1 100 -60 -240 0 0 1 0 -1 0 1 0 0 6558.dat
1 1 -100 -60 -240 0 0 1 0 -1 0 1 0 0 6558.dat
1 0 -20 -60 -300 0 -1 0 1 0 0 0 0 1 32316.dat
1 0 -30 -60 -260 -1 0 0 0 -1 0 0 0 1 2780.dat
1 0 -20 -60 -340 -1 0 0 0 -1 0 0 0 1 32054.dat
1 0 -140 -60 -300 1 0 0 0 1 0 0 0 1 64782.dat
1 0 -250 -60 -260 -1 0 0 0 -1 0 0 0 1 2780.dat
1 0 -250 -60 -340 -1 0 0 0 -1 0 0 0 1 2780.dat
1 71 0 -60 -300 -1 0 0 0 -1 0 0 0 1 4519.dat
1 15 0 -60 -300 0 -1 0 -0.342 0 -0.9397 0.9397 0 -0.342 32140.dat
1 72 20 -60 -340 -1 0 0 0 0 -1 0 -1 0 11214.dat
1 0 20 -60 -300 0 -1 0 1 0 0 0 0 1 32316.dat
1 0 30 -60 -260 -1 0 0 0 -1 0 0 0 1 2780.dat
1 0 140 -60 -300 1 0 0 0 1 0 0 0 1 64782.dat
1 0 250 -60 -340 -1 0 0 0 -1 0 0 0 1 2780.dat
1 0 250 -60 -260 -1 0 0 0 -1 0 0 0 1 2780.dat
1 0 200 -60 -240 0 0 -1 0 -1 0 -1 0 0 15100.dat
1 0 -200 -60 -240 0 0 -1 0 -1 0 -1 0 0 15100.dat
1 0 -200 -70 -240 0 -1 0 1 0 0 0 0 1 2780.dat
1 0 200 -70 -240 0 -1 0 1 0 0 0 0 1 2780.dat
1 0 260 -60 -260 0 -1 0 1 0 0 0 0 1 40490.dat
1 0 -260 -60 -260 0 -1 0 1 0 0 0 0 1 40490.dat
1 0 250 -60 -200 -1 0 0 0 -1 0 0 0 1 2780.dat
1 0 250 -60 -180 -1 0 0 0 -1 0 0 0 1 2780.dat
1 0 -250 -60 -200 -1 0 0 0 -1 0 0 0 1 2780.dat
1 0 -250 -60 -180 -1 0 0 0 -1 0 0 0 1 2780.dat
1 10 240 -60 -200 0 0 -1 -1 0 0 0 1 0 42003.dat
1 10 -240 -60 -200 0 0 -1 -1 0 0 0 1 0 42003.dat
1 72 240 -80 -220 0 0 1 1 0 0 0 1 0 11214.dat
1 72 -240 -80 -220 0 0 1 1 0 0 0 1 0 11214.dat
1 0 60 -70 -260 0 0 -1 1 0 0 0 -1 0 2780.dat
1 0 -60 -70 -260 0 0 -1 1 0 0 0 -1 0 2780.dat
1 1 120 -80 -220 0 1 0 1 0 0 0 0 -1 6558.dat
1 1 -120 -80 -220 0 1 0 1 0 0 0 0 -1 6558.dat
1 0 40 -80 -260 0 0 1 0 -1 0 1 0 0 32526.dat
1 0 -40 -80 -260 0 0 -1 0 1 0 1 0 0 32526.dat
1 71 0 -80 -60 0 0 1 1 0 0 0 1 0 41239.dat
1 1 -40 -80 -60 0 1 0 0 0 1 1 0 0 6558.dat
1 1 40 -80 -60 0 1 0 0 0 1 1 0 0 6558.dat
1 1 60 -80 -80 0 -1 0 0 0 1 -1 0 0 6558.dat
1 1 -60 -80 -80 0 -1 0 0 0 1 -1 0 0 6558.dat
1 72 -80.2691 -84.6322 -60 0 -0.1158 0.9933 0 -0.9933 -0.1158 1 0 0 57515.dat
1 72 -120 -80 -50 0 0.1158 0.9933 0 0.9933 -0.1158 -1 0 0 87083.dat
1 71 -120 -120 -85 -1 0 0 0 0 1 0 1 0 32017.dat
1 72 120 -80 -50 0 -0.1158 0.9933 0 0.9933 0.1158 -1 0 0 87083.dat
1 72 80.2691 -84.6322 -60 0 0.1158 -0.9933 0 -0.9933 -0.1158 -1 0 0 57515.dat
1 71 120 -120 -85 1 0 0 0 0 -1 0 1 0 32017.dat
1 0 -60 -140 -80 1 0 0 0 0 1 0 -1 0 32140.dat
1 0 60 -140 -80 -1 0 0 0 0 1 0 1 0 32140.dat
1 19 -120 -140 -90 0 1 0 0 0 1 1 0 0 32002.dat
1 19 120 -140 -90 0 1 0 0 0 1 1 0 0 32002.dat
1 71 -60 -140 -60 0 1 0 0 0 1 1 0 0 32073.dat
1 71 60 -140 -60 0 1 0 0 0 1 1 0 0 32073.dat
1 0 60 -140 -100 0 0 1 -1 0 0 0 -1 0 32140.dat
1 0 -60 -140 -100 0 0 -1 -1 0 0 0 1 0 32140.dat
1 0 0 -140 -60 0 0 1 -1 0 0 0 -1 0 32524.dat
1 0 60 -140 -40 -1 0 0 0 0 1 0 1 0 32140.dat
1 0 -60 -140 -40 1 0 0 0 0 1 0 -1 0 32140.dat
1 28 120 -160 -60 0 -0.9933 -0.1158 0 -0.1158 0.9933 -1 0 0 15462.dat
1 28 -120 -160 -60 0 -0.9933 0.1158 0 0.1158 0.9933 -1 0 0 15462.dat
1 72 80.2691 -164.6322 -60 0 -0.1158 -0.9933 0 0.9933 -0.1158 1 0 0 57515.dat
1 71 80.2691 -164.6322 -60 0 0 -1 0 1 0 1 0 0 4519.dat
1 14 80.2691 -164.6322 -35 1 0 0 0 1 0 0 0 1 32123.dat
1 14 80.2691 -164.6322 -85 1 0 0 0 1 0 0 0 1 32123.dat
1 16 80.2691 -164.6322 -60 0.6561 0.7547 0 -0.7547 0.6561 0 0 0 1 4255.dat
1 0 159.5126 -95.7417 -60 0.6561 0.7547 0 -0.7547 0.6561 0 0 0 1 4254.dat
1 16 -80.2691 -164.6322 -60 -0.6561 -0.7547 0 -0.7547 0.6561 0 0 0 -1 4255.dat
1 0 -159.5126 -95.7417 -60 -0.6561 -0.7547 0 -0.7547 0.6561 0 0 0 -1 4254.dat
1 72 -80.2691 -164.6322 -60 0 0.1158 0.9933 0 0.9933 -0.1158 -1 0 0 57515.dat
1 14 -80.2691 -164.6322 -35 -1 0 0 0 1 0 0 0 -1 32123.dat
1 14 -80.2691 -164.6322 -85 -1 0 0 0 1 0 0 0 -1 32123.dat
1 71 -80.2691 -164.6322 -60 0 0 1 0 1 0 -1 0 0 4519.dat
1 19 159.5136 -95.746 -60 0 0 1 0 1 0 -1 0 0 32556.dat
1 19 -159.5136 -95.746 -60 0 0 1 0 1 0 -1 0 0 32556.dat
1 71 179.5963 -114.0518 -60 0 0 -1 0 -1 0 -1 0 0 11949.dat
1 0 179.5963 -144.0518 -60 0 0 -1 1 0 0 0 -1 0 6628.dat
1 0 179.5963 -83.0518 -60 0 0 -1 -1 0 0 0 1 0 6628.dat
1 0 -179.5963 -83.0518 -60 0 0 1 -1 0 0 0 -1 0 6628.dat
1 0 -179.5963 -144.0518 -60 0 0 1 1 0 0 0 1 0 6628.dat
1 71 -179.5963 -114.0518 -60 0 0 1 0 -1 0 1 0 0 11949.dat
1 72 209.5963 -114.0518 -60 0 0 -1 -1 0 0 0 1 0 92909.dat
1 72 -209.5963 -114.0518 -60 0 0 1 -1 0 0 0 -1 0 92909.dat
1 71 120 -120 -35 1 0 0 0 0 -1 0 1 0 32017.dat
1 71 -120 -120 -35 1 0 0 0 0 -1 0 1 0 32017.dat
1 19 -120 -140 -30 0 -1 0 0 0 1 -1 0 0 32002.dat
1 19 120 -140 -30 0 -1 0 0 0 1 -1 0 0 32002.dat
1 0 60 -140 -20 0 0 1 -1 0 0 0 -1 0 32140.dat
1 0 -60 -140 -20 0 0 -1 -1 0 0 0 1 0 32140.dat
1 0 159.5136 -115.746 -45 1 0 0 0 0 1 0 -1 0 11478.dat
1 0 159.5136 -115.746 -75 1 0 0 0 0 1 0 -1 0 11478.dat
1 71 159.5136 -155.746 -60 0 -1 0 0 0 1 -1 0 0 4519.dat
1 71 159.5136 -75.746 -60 0 -1 0 0 0 1 -1 0 0 4519.dat
1 71 -159.7309 -75.3678 -60 0 -1 0 0 0 1 -1 0 0 4519.dat
1 0 -159.7309 -115.3678 -45 1 0 0 0 0 1 0 -1 0 11478.dat
1 71 -159.7309 -155.3678 -60 0 -1 0 0 0 1 -1 0 0 4519.dat
1 0 -159.7309 -115.3678 -75 1 0 0 0 0 1 0 -1 0 11478.dat
1 71 0 -80 0 0 0 1 1 0 0 0 1 0 32524.dat
1 1 -20 -80 0 0 1 0 0 0 1 1 0 0 6558.dat
1 1 20 -80 0 0 1 0 0 0 1 1 0 0 6558.dat
1 1 -60 -80 -20 0 -1 0 0 0 1 -1 0 0 6558.dat
1 1 60 -80 -20 0 -1 0 0 0 1 -1 0 0 6558.dat
1 0 40 -80 -10 0 -1 0 0 0 1 -1 0 0 2780.dat
1 0 -40 -80 -10 0 -1 0 0 0 1 -1 0 0 2780.dat
1 71 80 -80 -20 0 0 -1 -1 0 0 0 1 0 32316.dat
1 71 -80 -80 -20 0 0 -1 -1 0 0 0 1 0 32316.dat
1 0 0 -120 -20 1 0 0 0 0 1 0 -1 0 60484.dat
1 0 0 -120 20 1 0 0 0 0 1 0 -1 0 60484.dat
1 0 0 -100 0 1 0 0 0 1 0 0 0 1 87761.dat
1 4 40 -100 -10 0 0 1 0 1 0 -1 0 0 32062.dat
1 4 -40 -100 -10 0 0 1 0 1 0 -1 0 0 32062.dat
1 10 -60 -100 -20 0 -1 0 0 0 -1 1 0 0 42003.dat
1 10 60 -100 -20 0 1 0 0 0 1 1 0 0 42003.dat
1 0 80 -110 -20 0 1 0 1 0 0 0 0 -1 6628.dat
1 0 -80 -110 -20 0 1 0 1 0 0 0 0 -1 6628.dat
1 0 -80 -120 -20 0 -0.0523 -0.9986 0 -0.9986 0.0523 -1 0 0 32005.dat
1 0 80 -120 -20 0 -0.0523 0.9986 0 0.9986 0.0523 -1 0 0 32005.dat
1 72 0 -120 10 0 0 -1 0 -1 0 -1 0 0 87083.dat
1 0 0 -120 0 0 1 0 -1 0 0 0 0 1 32270.dat
1 0 0 -120 60 0 -1 0 -1 0 0 0 0 -1 32034.dat
1 0 0 -120 170 0 -1 0 0 0 -1 1 0 0 3737.dat
1 0 80 -60 0 1 0 0 0 -1 0 0 0 -1 6536.dat
1 0 -80 -60 0 1 0 0 0 -1 0 0 0 -1 6536.dat
1 71 -80 -80 0 0 0 1 0 1 0 -1 0 0 32054.dat
1 71 80 -80 0 0 0 1 0 1 0 -1 0 0 32054.dat
1 0 120 -90 -260 0 0 -1 1 0 0 0 -1 0 2780.dat
1 0 -120 -90 -260 0 0 -1 1 0 0 0 -1 0 2780.dat
1 0 120 -100 -180 -1 0 0 0 -1 0 0 0 1 40490.dat
1 0 -120 -100 -180 -1 0 0 0 -1 0 0 0 1 40490.dat
1 0 120 -110 -100 0 0 -1 1 0 0 0 -1 0 2780.dat
1 0 120 -110 -120 0 0 -1 1 0 0 0 -1 0 2780.dat
1 0 -120 -110 -100 0 0 -1 1 0 0 0 -1 0 2780.dat
1 0 -120 -110 -120 0 0 -1 1 0 0 0 -1 0 2780.dat
1 0 60 -120 -100 0 0 1 0 1 0 -1 0 0 32140.dat
1 0 -60 -120 -100 0 0 -1 0 -1 0 -1 0 0 32140.dat
1 0 100 -110 -100 0 0 -1 1 0 0 0 -1 0 2780.dat
1 0 -100 -110 -100 0 0 -1 1 0 0 0 -1 0 2780.dat
1 1 -60 -110 -100 0 1 0 -1 0 0 0 0 1 43093.dat
1 1 60 -110 -100 0 1 0 -1 0 0 0 0 1 43093.dat
1 0 0 -100 -100 0 0 1 0 1 0 -1 0 0 32525.dat
1 71 0 -180 300 -1 0 0 0 -1 0 0 0 1 32140.dat
1 1 0 -170 340 0 -1 0 1 0 0 0 0 1 43093.dat
1 4 0 -170 300 0 -1 0 1 0 0 0 0 1 32062.dat
1 0 0 -170 320 -1 0 0 0 -1 0 0 0 1 87408.dat
1 0 0 -170 320 0 1 0 -1 0 0 0 0 1 3705.dat
1 72 0 -120 310 0 0 1 0 -1 0 1 0 0 87083.dat
1 19 0 -120 303 1 0 0 0 -1 0 0 0 -1 32198.dat
1 19 0 -147 320 0 1 0 0 0 1 1 0 0 6589.dat
1 0 0 -220 320 0 1 0 0 0 1 1 0 0 32034.dat
1 0 0 -120 270 1 0 0 0 1 0 0 0 1 59443.dat
1 72 -40 -100 -100 0 0 -1 -1 0 0 0 1 0 11214.dat
1 72 40 -100 -100 0 0 -1 -1 0 0 0 1 0 11214.dat
1 15 -40 -140 -100 0 -1 0 0 0 -1 1 0 0 32013.dat
1 15 40 -140 -100 0 -1 0 0 0 -1 1 0 0 32013.dat
1 72 40 -140 -70 0 0 1 0 1 0 -1 0 0 87083.dat
1 0 0 -160 -80 0 -1 0 -1 0 0 0 0 -1 32140.dat
1 71 0 -160 -80 1 0 0 0 -1 0 0 0 -1 44294.dat
1 1 0 -160 -120 1 0 0 0 -1 0 0 0 -1 6558.dat
1 0 -20 -200 -100 0 1 0 0 0 1 1 0 0 60484.dat
1 1 -40 -160 -100 -1 0 0 0 -1 0 0 0 1 6558.dat
1 0 -40 -140 -80 0 0 -1 0 -1 0 -1 0 0 63869.dat
1 0 -60 -160 -20 0 -1 0 1 0 0 0 0 1 40490.dat
1 0 -50 -160 -60 -1 0 0 0 -1 0 0 0 1 2780.dat
1 0 -50 -160 -40 -1 0 0 0 -1 0 0 0 1 2780.dat
1 10 -40 -140 -40 0 0 1 0 -1 0 1 0 0 6536.dat
1 0 20 -200 -100 0 1 0 0 0 1 1 0 0 60484.dat
1 1 40 -160 -100 1 0 0 0 -1 0 0 0 -1 6558.dat
1 0 40 -140 -80 0 0 -1 0 -1 0 -1 0 0 63869.dat
1 0 60 -160 -20 0 -1 0 1 0 0 0 0 1 40490.dat
1 0 50 -160 -60 -1 0 0 0 -1 0 0 0 1 2780.dat
1 0 50 -160 -40 -1 0 0 0 -1 0 0 0 1 2780.dat
1 1 0 -180 -140 1 0 0 0 0.3256 0.9455 0 -0.9455 0.3256 6558.dat
1 0 -20 -173.4886 -158.9104 0 0 1 0.9455 -0.3256 0 0.3256 0.9455 0 6536.dat
1 0 20 -173.4886 -158.9104 0 0 1 0.9455 -0.3256 0 0.3256 0.9455 0 6536.dat
1 1 -20 -182.9438 -162.1661 0 0 1 0.9455 -0.3256 0 0.3256 0.9455 0 43093.dat
1 1 20 -182.9438 -162.1661 0 0 1 0.9455 -0.3256 0 0.3256 0.9455 0 43093.dat
1 72 -40 -140 -70 0 0 1 0 1 0 -1 0 0 87083.dat
1 1 80 -140 -10 0 0 1 0 -1 0 1 0 0 43093.dat
1 1 -80 -140 -10 0 0 1 0 -1 0 1 0 0 43093.dat
1 10 80 -160 0 0 0 1 0 -1 0 1 0 0 42003.dat
1 10 -80 -160 0 0 0 1 0 -1 0 1 0 0 42003.dat
1 71 80 -160 0 -1 0 0 0 1 0 0 0 -1 32054.dat
1 71 -80 -160 0 1 0 0 0 -1 0 0 0 -1 32054.dat
1 0 70 -60 60 1 0 0 0 0 1 0 -1 0 2780.dat
1 0 70 -100 60 1 0 0 0 0 1 0 -1 0 2780.dat
1 0 70 -140 60 1 0 0 0 0 1 0 -1 0 2780.dat
1 0 -70 -60 60 1 0 0 0 0 1 0 -1 0 2780.dat
1 0 -70 -100 60 1 0 0 0 0 1 0 -1 0 2780.dat
1 0 -70 -140 60 1 0 0 0 0 1 0 -1 0 2780.dat
1 1 80 -160 60 1 0 0 0 1 0 0 0 1 6558.dat
1 1 -80 -160 60 -1 0 0 0 1 0 0 0 -1 6558.dat
1 0 80 -120 60 0 -1 0 0 0 1 -1 0 0 32524.dat
1 0 -80 -120 60 0 -1 0 0 0 1 -1 0 0 32524.dat
1 4 120 -100 240 0 0 -1 0 -1 0 -1 0 0 18946.dat
1 15 160 -100 240 0 0 -1 0 -1 0 -1 0 0 18948.dat
1 0 211.5 -100 240 -1 0 0 0 -1 0 0 0 1 3705.dat
1 72 160 -100 240 0 0 1 0 -1 0 1 0 0 18947.dat
1 71 120 -100 280 0 0 1 0 -1 0 1 0 0 94925.dat
1 14 150 -100 280 0 0 1 1 0 0 0 1 0 59443.dat
1 0 190 -100 280 1 0 0 0 -1 0 0 0 -1 3705.dat
1 71 180 -100 280 0 0 -1 0 -1 0 -1 0 0 3713.dat
1 4 160 -100 180 0 1 0 1 0 0 0 0 -1 6641.dat
1 0 110 -100 420 1 0 0 0 0 1 0 -1 0 2780.dat
1 71 120 -120 420 0 -1 0 0 0 1 -1 0 0 32140.dat
1 0 185 -120 460 0 1 0 1 0 0 0 0 -1 11478.dat
1 72 152 -120 500 1 0 0 0 -1 0 0 0 -1 87083.dat
1 0 175 -120 460 0 1 0 1 0 0 0 0 -1 11478.dat
1 4 160 -100 500 1 0 0 0 -1 0 0 0 -1 32184.dat
1 4 160 -100 420 1 0 0 0 -1 0 0 0 -1 32184.dat
1 72 152 -120 420 1 0 0 0 -1 0 0 0 -1 87083.dat
1 0 160 -100 450 0 -1 0 0 0 1 -1 0 0 3706.dat
1 14 160 -100 485 0 -1 0 1 0 0 0 0 1 32123.dat
1 14 160 -100 435 0 -1 0 1 0 0 0 0 1 32123.dat
1 71 160 -100 460 0 -1 0 1 0 0 0 0 1 4716.dat
1 72 150 -120 460 1 0 0 0 0.6157 0.788 0 -0.788 0.6157 87083.dat
1 72 160 -120 460 0 0 1 -0.788 0.6157 0 -0.6157 -0.788 0 10928.dat
1 0 145 -120 460 0 1 0 1 0 0 0 0 -1 11478.dat
1 0 135 -120 460 0 1 0 1 0 0 0 0 -1 11478.dat
1 10 180 -120 380 0 0 -1 0 -1 0 -1 0 0 42003.dat
1 4 180 -100 370 0 0 -1 0 -1 0 -1 0 0 32062.dat
1 0 160 -100 370 0 0 -1 -1 0 0 0 1 0 87408.dat
1 0 160 -100 340 0 1 0 -1 0 0 0 0 1 32270.dat
1 71 160 -100 360 0 0 -1 0 -1 0 -1 0 0 4519.dat
1 14 160 -100 390 0 1 0 -1 0 0 0 0 1 59443.dat
1 71 160 -100 320 1 0 0 0 1 0 0 0 1 60485.dat
