0 
0 Name: New Model.ldr
0 Author: 
1 0 -250 24 260 0.382683 0 -0.92388 0 1 0 0.92388 0 0.382683 4600.dat
1 0 -323.9104 24 290.6147 0.382683 0 -0.92388 0 1 0 0.92388 0 0.382683 4600.dat
1 0 -286.9552 16 275.3073 0.92388 0 0.382683 0 1 0 -0.382683 0 0.92388 3034.dat
1 0 -314.6716 8 286.7878 -0.382683 0 0.92388 0 1 0 -0.92388 0 -0.382683 3023.dat
1 0 -342.388 8 298.2683 -0.382683 0 0.92388 0 1 0 -0.92388 0 -0.382683 2460.dat
1 0 -314.6716 0 286.7878 -0.382683 0 0.92388 0 1 0 -0.92388 0 -0.382683 3839.dat
1 0 -240.7612 -8 256.1732 -0.382683 0 0.92388 0 1 0 -0.92388 0 -0.382683 3298.dat
1 0 -240.7612 -16 256.1732 -0.382683 0 0.92388 0 1 0 -0.92388 0 -0.382683 3829.dat
1 0 -314.6716 -32 286.7878 0.382683 0 -0.92388 0 1 0 0.92388 0 0.382683 2432.dat
1 4 -351.6268 -2 302.0951 0.382683 0.92388 0 0 0 1 0.92388 -0.382683 0 2607.dat
1 0 -343.3119 -28.5 298.651 0.382683 0.83732 -0.390448 0 0.422618 0.906308 0.92388 -0.346829 0.161729 2959.dat
1 7 -312.4299 29 318.3311 -0.92388 0 -0.382683 0 1 0 0.382683 0 -0.92388 4624.dat
1 256 -312.4299 29 318.3311 -0.92388 0 -0.382683 0 1 0 0.382683 0 -0.92388 3641.dat
1 7 -238.5195 29 287.7164 -0.92388 0 -0.382683 0 1 0 0.382683 0 -0.92388 4624.dat
1 256 -238.5195 29 287.7164 -0.92388 0 -0.382683 0 1 0 0.382683 0 -0.92388 3641.dat
1 7 -261.4805 29 232.2836 0.92388 0 0.382683 0 1 0 -0.382683 0 0.92388 4624.dat
1 256 -261.4805 29 232.2836 0.92388 0 0.382683 0 1 0 -0.382683 0 0.92388 3641.dat
1 7 -335.3909 29 262.8983 0.92388 0 0.382683 0 1 0 -0.382683 0 0.92388 4624.dat
1 256 -335.3909 29 262.8983 0.92388 0 0.382683 0 1 0 -0.382683 0 0.92388 3641.dat
