0 Main
0 Name: 8062 - Universal Set with Storage _WPbMdmz.mpd
0 Author: LTRON
1 0 -40 0 -20 1 0 0 0 1 0 0 0 1 2780.dat
1 0 -40 0 0 1 0 0 0 1 0 0 0 1 2780.dat
1 0 -30 -10 -100 0 0 1 0 1 0 -1 0 0 3895.dat
1 0 -50 -10 80 0 0 1 0 1 0 -1 0 0 3895.dat
1 0 -40 0 40 1 0 0 0 1 0 0 0 1 2780.dat
1 0 -40 0 -180 1 0 0 0 1 0 0 0 1 2780.dat
1 7 -20 0 -40 1 0 0 0 1 0 0 0 1 3749.dat
1 7 -10 0 -40 0 0 1 0 1 0 -1 0 0 3648.dat
1 7 0 -10 -30 -1 0 0 0 1 0 0 0 -1 3673.dat
1 0 0 0 -100 -1 0 0 0 1 0 0 0 -1 3707.dat
1 7 -10 0 -100 0 0 1 0 1 0 -1 0 0 3648.dat
1 0 0 14 -210 -1 0 0 0 1 0 0 0 -1 3710.dat
1 7 10 0 -100 0 0 -1 0 1 0 1 0 0 3713.dat
1 0 0 0 120 1 0 0 0 1 0 0 0 1 3706.dat
1 7 -30 0 120 0 0 1 0 1 0 -1 0 0 3713.dat
1 7 -10 0 120 0 0 -1 0 1 0 1 0 0 3713.dat
1 15 -1 0 120 0 0 1 0 1 0 -1 0 0 6580.dat
1 0 -1 0 120 0 0 1 0 1 0 -1 0 0 6579.dat
1 7 30 0 120 0 0 -1 0 1 0 1 0 0 3713.dat
1 7 10 -18.76 -25.18 -1 0 0 0 0.876 -0.482 0 -0.482 -0.876 4261.dat
1 0 10 -109.872 -20.696 0 -1 0 -0.876 0 -0.482 0.482 0 -0.876 3737.dat
1 0 0 -10 -210 1 0 0 0 1 0 0 0 1 3700.dat
1 0 40 0 -20 1 0 0 0 1 0 0 0 1 2780.dat
1 0 30 -10 -100 0 0 1 0 1 0 -1 0 0 3895.dat
1 0 40 0 0 1 0 0 0 1 0 0 0 1 2780.dat
1 0 50 -10 80 0 0 1 0 1 0 -1 0 0 3895.dat
1 0 40 0 40 1 0 0 0 1 0 0 0 1 2780.dat
1 0 40 0 -180 1 0 0 0 1 0 0 0 1 2780.dat
1 0 -30 -20 30 0 0 -1 -1 0 0 0 1 0 3701.dat
1 0 30 -20 30 0 0 -1 -1 0 0 0 1 0 3701.dat
1 0 -40 -40 40 1 0 0 0 1 0 0 0 1 2780.dat
1 0 40 -40 40 1 0 0 0 1 0 0 0 1 2780.dat
1 0 -40 -18 -210 -1 0 0 0 1 0 0 0 -1 3710.dat
1 0 40 -18 -210 -1 0 0 0 1 0 0 0 -1 3710.dat
1 0 0 -18 190 -1 0 0 0 1 0 0 0 -1 3460.dat
1 0 0 -18 -160 -1 0 0 0 1 0 0 0 -1 3709.dat
1 7 50 0 -100 0 0 1 0 1 0 -1 0 0 3713.dat
1 7 -50 0 -100 0 0 -1 0 1 0 1 0 0 3713.dat
1 0 0 -18 10 -1 0 0 0 1 0 0 0 -1 3460.dat
1 0 30 -26 -180 0 0 -1 0 1 0 1 0 0 3710.dat
1 0 -30 -26 -180 0 0 -1 0 1 0 1 0 0 3710.dat
1 0 -50 -60 30 0 0 -1 -1 0 0 0 1 0 3701.dat
1 0 50 -60 30 0 0 -1 -1 0 0 0 1 0 3701.dat
1 15 81 0 -100 0 0 -1 0 1 0 1 0 0 6580.dat
1 0 81 0 -100 0 0 -1 0 1 0 1 0 0 6579.dat
1 0 -81 0 -100 0 0 1 0 1 0 -1 0 0 6579.dat
1 15 -81 0 -100 0 0 1 0 1 0 -1 0 0 6580.dat
1 0 0 -40 -180 1 0 0 0 1 0 0 0 1 3707.dat
1 7 -10 -40 -180 0 0 1 0 1 0 -1 0 0 3713.dat
1 7 10 -40 -180 0 0 -1 0 1 0 1 0 0 3713.dat
1 0 -30 -50 -180 0 0 -1 0 1 0 1 0 0 3700.dat
1 0 30 -50 -180 0 0 -1 0 1 0 1 0 0 3700.dat
1 0 0 -30 30 -1 0 0 0 0 1 0 1 0 3700.dat
1 0 0 -30 54 -1 0 0 0 0 1 0 1 0 3666.dat
1 14 -70 -26 140 0 0 1 0 1 0 -1 0 0 3460.dat
1 14 -70 -26 20 0 0 1 0 1 0 -1 0 0 3710.dat
1 14 -70 -50 180 0 0 1 0 1 0 -1 0 0 3894.dat
1 14 -70 -50 40 0 0 1 0 1 0 -1 0 0 3702.dat
1 14 -80 -58 20 0 0 1 0 1 0 -1 0 0 3738.dat
1 0 0 -30 22 -1 0 0 0 0 1 0 1 0 3666.dat
1 0 50 -40 -190 0 0 1 1 0 0 0 1 0 3894.dat
1 0 -50 -40 -190 0 0 1 1 0 0 0 1 0 3894.dat
1 14 70 -26 -200 0 0 1 0 1 0 -1 0 0 3023.dat
1 14 70 -50 -180 0 0 1 0 1 0 -1 0 0 3700.dat
1 14 -70 -26 -200 0 0 1 0 1 0 -1 0 0 3023.dat
1 14 -70 -50 -180 0 0 1 0 1 0 -1 0 0 3700.dat
1 14 0 -96.356 303.785 1 0 0 0 0.744 -0.668 0 0.668 0.744 3709.dat
1 14 -30 -100.852 272.873 0 0 1 0.668 0.744 0 -0.744 0.668 0 3701.dat
1 14 30 -100.852 272.873 0 0 1 0.668 0.744 0 -0.744 0.668 0 3701.dat
1 0 -40 -80.052 264.673 -1 0 0 0 -0.668 0.744 0 0.744 0.668 2780.dat
1 0 -50 -93.412 279.553 -1 0 0 0 -0.668 0.744 0 0.744 0.668 6558.dat
1 0 50 -93.412 279.553 1 0 0 0 -0.668 -0.744 0 0.744 -0.668 6558.dat
1 0 40 -80.052 264.673 -1 0 0 0 -0.668 0.744 0 0.744 0.668 2780.dat
1 14 -50 -74.132 243.113 0 0 1 0.668 0.744 0 -0.744 0.668 0 3894.dat
1 14 50 -74.132 243.113 0 0 1 0.668 0.744 0 -0.744 0.668 0 3894.dat
1 0 -60 -39.972 220.033 -1 0 0 0 -0.668 0.744 0 0.744 0.668 2780.dat
1 0 60 -39.972 220.033 -1 0 0 0 -0.668 0.744 0 0.744 0.668 2780.dat
1 14 -10 -127.572 302.633 0 0 1 0.668 0.744 0 -0.744 0.668 0 3700.dat
1 14 10 -127.572 302.633 0 0 1 0.668 0.744 0 -0.744 0.668 0 3700.dat
1 14 0 -42.916 244.265 1 0 0 0 0.744 -0.668 0 0.668 0.744 3795.dat
1 14 0 -43.644 257.049 1 0 0 0 0.744 -0.668 0 0.668 0.744 3710.dat
1 14 0 -30.284 242.169 1 0 0 0 0.744 -0.668 0 0.668 0.744 3710.dat
1 14 0 -120.164 282.409 1 0 0 0 0.744 -0.668 0 0.668 0.744 3709.dat
1 14 70 -26 140 0 0 1 0 1 0 -1 0 0 3460.dat
1 14 70 -26 20 0 0 1 0 1 0 -1 0 0 3710.dat
1 14 70 -50 180 0 0 1 0 1 0 -1 0 0 3894.dat
1 14 70 -50 40 0 0 1 0 1 0 -1 0 0 3702.dat
1 14 80 -58 20 0 0 1 0 1 0 -1 0 0 3738.dat
1 14 0 -50 -210 1 0 0 0 1 0 0 0 1 3702.dat
1 14 80 -58 -180 0 0 1 0 1 0 -1 0 0 3709.dat
1 14 -80 -58 -180 0 0 1 0 1 0 -1 0 0 3709.dat
1 14 0 -66 10 -1 0 0 0 1 0 0 0 -1 4477.dat
1 14 -80 -66 -50 -1 0 0 0 1 0 0 0 -1 3023.dat
1 14 80 -66 -50 -1 0 0 0 1 0 0 0 -1 3023.dat
1 14 90 -66 80 0 0 -1 0 1 0 1 0 0 3023.dat
1 14 -90 -66 80 0 0 -1 0 1 0 1 0 0 3023.dat
1 0 70 -80 40 -1 0 0 0 0 1 0 1 0 6558.dat
1 0 -70 -80 40 1 0 0 0 0 -1 0 1 0 6558.dat
1 14 -80 -66 -210 -1 0 0 0 1 0 0 0 -1 3023.dat
1 14 0 -66 -150 -1 0 0 0 1 0 0 0 -1 4477.dat
1 14 80 -66 -210 -1 0 0 0 1 0 0 0 -1 3023.dat
1 0 70 -80 -180 -1 0 0 0 1 0 0 0 -1 4519.dat
1 7 70 -80 -180 0 0 -1 0 1 0 1 0 0 3713.dat
1 0 -70 -80 -180 1 0 0 0 -1 0 0 0 -1 4519.dat
1 7 -70 -80 -180 0 0 1 0 -1 0 1 0 0 3713.dat
1 0 -2 -80 -60 1 0 0 0 0.876 0.482 0 -0.482 0.876 3737.dat
1 7 10 -80.482 -60.876 1 0 0 0 0.482 -0.876 0 0.876 0.482 6536.dat
1 7 -34 -99.28 -95.04 0 -1 0 0.876 0 0.482 -0.482 0 0.876 4261.dat
1 7 30 -99.28 -95.04 0 1 0 -0.876 0 0.482 0.482 0 0.876 4261.dat
1 0 48 -80 -60 0 -1 0 0.482 0 -0.876 0.876 0 0.482 2825.dat
1 0 -52 -80 -60 0 1 0 -0.482 0 -0.876 -0.876 0 0.482 2825.dat
1 7 -72 -80 -60 0 0 1 0.482 -0.876 0 0.876 0.482 0 3713.dat
1 7 68 -80 -60 0 0 -1 -0.482 -0.876 0 -0.876 0.482 0 3713.dat
1 14 90 -90 -60 0 0 1 0 1 0 -1 0 0 3703.dat
1 14 -90 -90 -60 0 0 1 0 1 0 -1 0 0 3703.dat
1 14 0 -90 -210 1 0 0 0 1 0 0 0 1 3702.dat
1 0 80 -80 80 1 0 0 0 0.998 -0.067 0 0.067 0.998 2780.dat
1 0 100 -80 20 1 0 0 0 1 0 0 0 1 2780.dat
1 0 100 -80 -20 1 0 0 0 1 0 0 0 1 2780.dat
1 0 -100 -80 20 1 0 0 0 1 0 0 0 1 2780.dat
1 0 -100 -80 -20 1 0 0 0 1 0 0 0 1 2780.dat
1 0 -80 -80 80 1 0 0 0 0.998 -0.067 0 0.067 0.998 2780.dat
1 14 80 -98 -210 -1 0 0 0 1 0 0 0 -1 3023.dat
1 14 -80 -98 -210 -1 0 0 0 1 0 0 0 -1 3023.dat
1 14 -70 -96.688 179.103 0 0 -1 -0.067 0.998 0 0.998 0.067 0 3895.dat
1 14 70 -96.688 179.103 0 0 -1 -0.067 0.998 0 0.998 0.067 0 3895.dat
1 7 10 -208.033 -12.476 1 0 0 0 0.876 0.482 0 -0.482 0.876 4261.dat
1 0 0 -132.586 -31.108 1 0 0 0 0.876 0.482 0 -0.482 0.876 3706.dat
1 0 0 -132.9433 48.4313 1 0 0 0 0.235618 -0.971624 0 0.971624 0.235618 2780.dat
1 0 -10 -135.3039 38.7153 0 0 1 0.971624 0.235618 0 -0.235618 0.971624 0 3894.dat
1 0 10 -135.3039 38.7153 0 0 1 0.971624 0.235618 0 -0.235618 0.971624 0 3894.dat
1 7 -20 -94.08 38.987 -1 0 0 0 0.876 -0.482 0 -0.482 -0.876 3673.dat
1 7 20 -94.08 38.987 -1 0 0 0 0.876 -0.482 0 -0.482 -0.876 3673.dat
1 0 0 -203.314 55.2442 1 0 0 0 0.235618 -0.971624 0 0.971624 0.235618 3701.dat
1 7 -20 -210.6685 67.3204 0 0 -1 -0.971624 0.235618 0 0.235618 0.971624 0 4274.dat
1 7 20 -210.6685 67.3204 0 0 -1 -0.971624 0.235618 0 0.235618 0.971624 0 4274.dat
1 0 0 -168.5004 71.4777 0 0 -1 -0.971624 0.235618 0 0.235618 0.971624 0 3709.dat
1 0 -30 -81.816 32.239 0 0 1 -0.482 0.876 0 -0.876 -0.482 0 3710.dat
1 0 -30 -122.12 8.767 0 0 1 -0.482 0.876 0 -0.876 -0.482 0 3894.dat
1 0 30 -81.816 32.239 0 0 1 -0.482 0.876 0 -0.876 -0.482 0 3710.dat
1 0 30 -122.12 8.767 0 0 1 -0.482 0.876 0 -0.876 -0.482 0 3894.dat
1 0 0 -176.0562 40.3877 0 0 -1 -0.971624 0.235618 0 0.235618 0.971624 0 3709.dat
1 14 -110 -90 -34 0 0 1 -1 0 0 0 -1 0 3623.dat
1 14 -110 -80 -10 0 0 1 -1 0 0 0 -1 0 3700.dat
1 14 -140 -110 -10 -1 0 0 0 0 -1 0 -1 0 3701.dat
1 14 -110 -90 -2 0 0 1 -1 0 0 0 -1 0 3623.dat
1 14 -110 -80 6 0 0 1 -1 0 0 0 -1 0 3023.dat
1 14 -110 -80 30 0 0 1 -1 0 0 0 -1 0 3700.dat
1 14 110 -90 -34 0 0 1 -1 0 0 0 -1 0 3623.dat
1 14 110 -80 -10 0 0 1 -1 0 0 0 -1 0 3700.dat
1 14 140 -110 -10 -1 0 0 0 0 -1 0 -1 0 3701.dat
1 14 110 -90 -2 0 0 1 -1 0 0 0 -1 0 3623.dat
1 14 110 -80 6 0 0 1 -1 0 0 0 -1 0 3023.dat
1 14 110 -80 30 0 0 1 -1 0 0 0 -1 0 3700.dat
1 0 0 -199.268 -17.291 1 0 0 0 -0.343 0.939 0 -0.939 -0.343 3707.dat
1 7 -10 -199.268 -17.291 0 0 1 -0.939 -0.343 0 0.343 -0.939 0 3713.dat
1 0 -160 -200 -20 0 1 0 0 0 -1 -1 0 0 3704.dat
1 14 -160 -200 -10 -1 0 0 0 0 1 0 1 0 2825.dat
1 0 -160 -140 -20 0 -1 0 0 0 1 -1 0 0 3705.dat
1 7 -160 -140 -20 0 0 1 0 1 0 -1 0 0 6553.dat
1 14 -160 -200 -30 1 0 0 0 0 1 0 -1 0 2825.dat
1 0 160 -200 -20 0 1 0 0 0 -1 -1 0 0 3704.dat
1 14 160 -200 -10 -1 0 0 0 0 1 0 1 0 2825.dat
1 0 160 -140 -20 0 -1 0 0 0 1 -1 0 0 3705.dat
1 7 160 -140 -20 0 0 1 0 1 0 -1 0 0 6553.dat
1 14 160 -200 -30 1 0 0 0 0 1 0 -1 0 2825.dat
1 0 30 -194.933 23.711 0 0 1 -0.343 0.939 0 -0.939 -0.343 0 3894.dat
1 0 40 -185.543 20.281 0 1 0 -0.343 0 -0.939 -0.939 0 0.343 2711.dat
1 0 -30 -194.933 23.711 0 0 -1 0.343 0.939 0 0.939 -0.343 0 3894.dat
1 0 -40 -185.543 20.281 0 -1 0 0.343 0 -0.939 0.939 0 0.343 2711.dat
1 0 0 -171.812 57.85 1 0 0 0 -0.939 -0.343 0 0.343 -0.939 3706.dat
1 0 0 -218.462 69.156 1 0 0 0 0.972 0.236 0 -0.236 0.972 3709.dat
1 15 0 -226.238 71.044 1 0 0 0 0.972 0.236 0 -0.236 0.972 4032.dat
1 46 0 -249.566 76.708 1 0 0 0 0.972 0.236 0 -0.236 0.972 6143.dat
1 14 0 -254.982 88.316 1 0 0 0 0.972 0.236 0 -0.236 0.972 3023.dat
1 14 -10 -262.062 59.156 0 0 1 -0.236 0.972 0 -0.972 -0.236 0 3023.dat
1 14 10 -262.062 59.156 0 0 1 -0.236 0.972 0 -0.972 -0.236 0 3023.dat
1 15 0 -265.118 80.484 0 0 1 -0.236 0.972 0 -0.972 -0.236 0 4150.dat
1 0 -399.437 -123.9283 -44.8113 -0.259 0 0.966 -0.907074 -0.343 -0.243201 0.331338 -0.939 0.088837 4519.dat
1 7 -399.437 -123.9283 -44.8113 -0.259 0.966 0 -0.907074 -0.243201 0.343 0.331338 0.088837 0.939 6553.dat
1 14 -459.981 -118.4163 -46.8247 0 -0.259 0.966 0.343 -0.907074 -0.243201 0.939 0.331338 0.088837 2825.dat
1 7 -351.141 -136.0799 -40.3725 0 -0.259 0.966 0.343 -0.907074 -0.243201 0.939 0.331338 0.088837 6538.dat
1 7 -454.804 -100.2767 -53.4507 0 0.259 0.966 -0.343 0.907074 -0.243201 -0.939 -0.331338 0.088837 2825.dat
1 0 -235.23 -165.2433 -29.7196 0.966 -0.259 0 -0.243201 -0.907074 -0.343 0.088837 0.331338 -0.939 3708.dat
1 7 -128.978 -191.9767 -19.9544 0.259 0 -0.966 0.907074 -0.343 0.243201 -0.331338 -0.939 -0.088837 3712.dat
1 7 -100 -199.268 -17.291 0.259 0 -0.966 0.907074 -0.343 0.243201 -0.331338 -0.939 -0.088837 3326.dat
1 7 -70 -199.268 -17.291 0 0 1 -0.343 0.939 0 -0.939 -0.343 0 3712.dat
1 0 399.437 -123.9283 -44.8113 0.259 0 -0.966 -0.907074 0.343 -0.243201 0.331338 0.939 0.088837 4519.dat
1 7 399.437 -123.9283 -44.8113 0.259 -0.966 0 -0.907074 -0.243201 -0.343 0.331338 0.088837 -0.939 6553.dat
1 14 459.981 -118.4163 -46.8247 0 0.259 -0.966 -0.343 -0.907074 -0.243201 -0.939 0.331338 0.088837 2825.dat
1 7 351.141 -136.0799 -40.3725 0 0.259 -0.966 -0.343 -0.907074 -0.243201 -0.939 0.331338 0.088837 6538.dat
1 7 454.804 -100.2767 -53.4507 0 -0.259 -0.966 0.343 0.907074 -0.243201 0.939 -0.331338 0.088837 2825.dat
1 0 235.23 -165.2433 -29.7196 -0.966 0.259 0 -0.243201 -0.907074 0.343 0.088837 0.331338 0.939 3708.dat
1 7 128.978 -191.9767 -19.9544 -0.259 0 0.966 0.907074 0.343 0.243201 -0.331338 0.939 -0.088837 3712.dat
1 7 100 -199.268 -17.291 -0.259 0 0.966 0.907074 0.343 0.243201 -0.331338 0.939 -0.088837 3326.dat
1 7 70 -199.268 -17.291 0 0 -1 0.343 0.939 0 0.939 -0.343 0 3712.dat
