0 
0 Name: New Model.ldr
0 Author: 
1 4 -263.607 -55.346 -146.772 0.5 0.21 -0.84 0 0.97 0.242 0.866 -0.121 0.485 4362ac01.dat
1 1 -198.087 -123.686 -184.614 0.5 0.21 -0.84 0 0.97 0.242 0.866 -0.121 0.485 u608.dat
1 1 -181.287 -128.526 -194.314 0.5 0.21 -0.84 0 0.97 0.242 0.866 -0.121 0.485 u609.dat
1 1 -256.887 -106.746 -150.664 0.5 0.21 -0.84 0 0.97 0.242 0.866 -0.121 0.485 4461.dat
1 1 -334.047 -64.106 -140.748 0.84 0.21 0.5 -0.242 0.97 0 -0.485 -0.121 0.866 3010.dat
1 1 -304.047 -64.106 -88.788 0.84 0.21 0.5 -0.242 0.97 0 -0.485 -0.121 0.866 3010.dat
1 1 -361.047 -52.006 -90.518 -0.5 0.21 0.84 0 0.97 -0.242 -0.866 -0.121 -0.485 3010.dat
1 4 -340.887 -82.546 -102.164 0.5 0.21 -0.84 0 0.97 0.242 0.866 -0.121 0.485 4452.dat
