0 
0 Name: New Model.ldr
0 Author: 
1 72 280.897 -488 -92.209 -0.93 0 0.368 0 1 0 -0.368 0 -0.93 3021.dat
1 71 299.497 -496 -84.849 -0.368 0 -0.93 0 1 0 0.93 0 -0.368 48336.dat
1 72 243.697 -488 -106.929 0.368 0 0.93 0 1 0 -0.93 0 0.368 2540.dat
1 71 280.897 -496 -92.209 -0.368 0 -0.93 0 1 0 0.93 0 -0.368 3023.dat
1 71 252.997 -496 -103.249 -0.368 0 -0.93 0 1 0 0.93 0 -0.368 3020.dat
1 43 238.277 -488 -66.049 -0.368 0 -0.93 0 1 0 0.93 0 -0.368 2654.dat
1 43 267.717 -488 -140.449 -0.368 0 -0.93 0 1 0 0.93 0 -0.368 2654.dat
1 71 271.397 -496 -149.749 0.93 0 -0.368 0 1 0 0.368 0 0.93 48336.dat
1 71 234.597 -496 -56.749 -0.93 0 0.368 0 1 0 -0.368 0 -0.93 48336.dat
1 71 280.897 -504 -92.209 -0.368 0 -0.93 0 1 0 0.93 0 -0.368 2419.dat
1 71 299.497 -512 -84.849 -0.368 0 -0.93 0 1 0 0.93 0 -0.368 3023.dat
1 71 223.357 -504 -82.709 -0.93 0 0.368 0 1 0 -0.368 0 -0.93 43723.dat
1 71 245.437 -504 -138.509 0.93 0 -0.368 0 1 0 0.368 0 0.93 43722.dat
1 272 271.597 -512 -95.889 0.368 0 0.93 0 1 0 -0.93 0 0.368 51739.dat
1 272 243.697 -512 -106.929 0.368 0 0.93 0 1 0 -0.93 0 0.368 15573.dat
1 272 234.397 -504 -110.609 0.368 0 0.93 0 1 0 -0.93 0 0.368 11477.dat
1 71 277.217 -520 -82.909 -0.93 0 0.368 0 1 0 -0.368 0 -0.93 63864.dat
1 71 284.577 -520 -101.509 -0.93 0 0.368 0 1 0 -0.368 0 -0.93 63864.dat
1 0 243.697 -480 -106.929 0.368 0 0.93 0 1 0 -0.93 0 0.368 6134.dat
1 0 299.497 -480 -84.849 -0.368 0 -0.93 0 1 0 0.93 0 -0.368 6134.dat
1 72 323.677 -514 -75.281 0.368 0.93 0 0 0 -1 -0.93 0.368 0 4590.dat
1 0 316.237 -514 -78.225 0.368 0.93 0 0 0 -1 -0.93 0.368 0 60470.dat
1 40 308.797 -514 -81.169 0.368 0.93 0 0 0 -1 -0.93 0.368 0 3069.dat
1 72 312.397 -524 -112.013 0.355488 0.93 0.095312 0.259 0 -0.966 -0.89838 0.368 -0.24087 4588.dat
1 72 290.317 -524 -56.213 0.355488 0.93 -0.095312 -0.259 0 -0.966 -0.89838 0.368 0.24087 4588.dat
1 72 290.317 -524 -56.213 -0.368 0.93 0 0 0 1 0.93 0.368 0 54200.dat
1 72 312.397 -524 -112.013 -0.368 0.93 0 0 0 1 0.93 0.368 0 54200.dat
1 71 271.317 -494 -171.293 0.343712 -0.93 -0.131744 0.358 0 0.934 -0.86862 -0.368 0.33294 30259.dat
1 71 219.797 -494 -41.093 0.343712 -0.93 0.131744 -0.358 0 0.934 -0.86862 -0.368 -0.33294 30259.dat
1 72 207.2484 -480.026 -121.3517 -0.368 0.36363 -0.85653 0 0.921 0.391 0.93 0.143888 -0.338928 61252.dat
1 71 204.3394 -487.394 -122.5028 0.368 0.36363 0.85653 0 0.921 -0.391 -0.93 0.143888 0.338928 4081.dat
1 0 201.4304 -494.762 -123.6539 0.368 0.36363 0.85653 0 0.921 -0.391 -0.93 0.143888 0.338928 3024.dat
1 272 195.0294 -481.642 -121.8843 -0.36363 0.368 0.85653 -0.921 0 -0.391 -0.143888 -0.93 0.338928 11477.dat
1 272 197.9734 -481.642 -129.3243 0.36363 -0.368 0.85653 0.921 0 -0.391 0.143888 0.93 0.338928 11477.dat
1 40 195.9517 -500.957 -125.8218 0.85653 0.36363 -0.368 -0.391 0.921 0 0.338928 0.143888 0.93 3069.dat
