0 
0 Name: New Model.ldr
0 Author: 
1 0 -610 -24 -150 0 0 1 0 1 0 -1 0 0 2621.dat
1 0 -460 -24 -150 0 0 1 0 1 0 -1 0 0 3033.dat
1 0 -340 -24 -150 0 0 1 0 1 0 -1 0 0 3033.dat
1 0 -220 -24 -150 0 0 1 0 1 0 -1 0 0 3033.dat
1 0 -100 -24 -150 0 0 1 0 1 0 -1 0 0 3033.dat
1 16 -460 -48 -240 -1 0 0 0 1 0 0 0 -1 3008.dat
1 16 -300 -48 -240 -1 0 0 0 1 0 0 0 -1 3008.dat
1 16 -140 -48 -240 -1 0 0 0 1 0 0 0 -1 3008.dat
1 16 -550 -48 -240 -1 0 0 0 1 0 0 0 -1 3005.dat
1 16 -460 -48 -60 -1 0 0 0 1 0 0 0 -1 3008.dat
1 16 -300 -48 -60 -1 0 0 0 1 0 0 0 -1 3008.dat
1 16 -140 -48 -60 -1 0 0 0 1 0 0 0 -1 3008.dat
1 16 -550 -48 -60 -1 0 0 0 1 0 0 0 -1 3005.dat
1 16 -50 -48 -230 0 0 -1 0 1 0 1 0 0 3747.dat
1 16 -50 -48 -190 0 0 -1 0 1 0 1 0 0 3747.dat
1 16 -50 -48 -150 0 0 -1 0 1 0 1 0 0 3747.dat
1 16 -50 -48 -110 0 0 -1 0 1 0 1 0 0 3747.dat
1 16 -50 -48 -70 0 0 -1 0 1 0 1 0 0 3747.dat
1 16 -590 -48 -150 0 0 1 0 1 0 -1 0 0 3009.dat
1 16 -560 -48 -150 0 0 1 0 1 0 -1 0 0 3003.dat
1 16 -200 -48 -150 0 0 1 0 1 0 -1 0 0 3003.dat
1 16 -380 -48 -150 -1 0 0 0 1 0 0 0 -1 3001.dat
1 16 -380 -48 -220 -1 0 0 0 1 0 0 0 -1 3004.dat
1 16 -380 -48 -80 -1 0 0 0 1 0 0 0 -1 3004.dat
1 16 -190 -48 -90 0 0 -1 0 1 0 1 0 0 3004.dat
1 16 -190 -48 -210 0 0 -1 0 1 0 1 0 0 3004.dat
1 16 -550 -72 -150 0 0 -1 0 1 0 1 0 0 3004.dat
1 16 -410 -72 -150 0 0 -1 0 1 0 1 0 0 3004.dat
1 16 -350 -72 -150 0 0 -1 0 1 0 1 0 0 3004.dat
1 16 -210 -72 -150 0 0 -1 0 1 0 1 0 0 3004.dat
1 15 -30 -72 -210 0 0 -1 0 1 0 1 0 0 3004.dat
1 15 -30 -72 -90 0 0 -1 0 1 0 1 0 0 3004.dat
1 15 -190 -72 -150 0 0 -1 0 1 0 1 0 0 3009.dat
1 15 -120 -72 -220 1 0 0 0 1 0 0 0 1 3008.dat
1 15 -120 -72 -80 1 0 0 0 1 0 0 0 1 3008.dat
1 16 -380 -72 -150 0 0 -1 0 1 0 1 0 0 3007.dat
1 16 -640 -48 -150 0 0 1 0 1 0 -1 0 0 2622.dat
1 16 -10 -72 -150 0 0 -1 0 1 0 1 0 0 3008.dat
1 16 -80 -72 -240 1 0 0 0 1 0 0 0 1 3008.dat
1 16 -80 -72 -60 1 0 0 0 1 0 0 0 1 3008.dat
1 16 -240 -72 -60 1 0 0 0 1 0 0 0 1 3008.dat
1 16 -240 -72 -240 1 0 0 0 1 0 0 0 1 3008.dat
1 16 -400 -72 -240 1 0 0 0 1 0 0 0 1 3008.dat
1 16 -580 -72 -150 0 0 1 0 1 0 -1 0 0 3007.dat
1 16 -550 -72 -240 1 0 0 0 1 0 0 0 1 3622.dat
1 16 -550 -72 -60 1 0 0 0 1 0 0 0 1 3622.dat
1 16 -400 -72 -60 1 0 0 0 1 0 0 0 1 3008.dat
1 16 -500 -72 -60 1 0 0 0 1 0 0 0 1 3004.dat
1 16 -500 -72 -240 1 0 0 0 1 0 0 0 1 3004.dat
1 16 -660 -72 -150 0 0 1 0 1 0 -1 0 0 2622.dat
1 16 -10 -96 -230 0 0 1 0 1 0 -1 0 0 3004.dat
1 16 -10 -96 -70 0 0 1 0 1 0 -1 0 0 3004.dat
1 16 -10 -96 -110 0 0 1 0 1 0 -1 0 0 4865.dat
1 16 -10 -96 -150 0 0 1 0 1 0 -1 0 0 4865.dat
1 16 -10 -96 -190 0 0 1 0 1 0 -1 0 0 4865.dat
1 16 -40 -96 -60 1 0 0 0 1 0 0 0 1 4865.dat
1 16 -80 -96 -60 1 0 0 0 1 0 0 0 1 4865.dat
1 16 -120 -96 -60 1 0 0 0 1 0 0 0 1 4865.dat
1 16 -160 -96 -60 1 0 0 0 1 0 0 0 1 4865.dat
1 16 -160 -96 -240 -1 0 0 0 1 0 0 0 -1 4865.dat
1 16 -120 -96 -240 -1 0 0 0 1 0 0 0 -1 4865.dat
1 16 -80 -96 -240 -1 0 0 0 1 0 0 0 -1 4865.dat
1 16 -40 -96 -240 -1 0 0 0 1 0 0 0 -1 4865.dat
1 7 -190 -80 -90 0 0 -1 0 1 0 1 0 0 3794.dat
1 7 -190 -80 -130 0 0 -1 0 1 0 1 0 0 3794.dat
1 7 -190 -80 -170 0 0 -1 0 1 0 1 0 0 3794.dat
1 7 -190 -80 -210 0 0 -1 0 1 0 1 0 0 3794.dat
1 7 -210 -80 -150 0 0 -1 0 1 0 1 0 0 3794.dat
1 7 -390 -80 -90 0 0 -1 0 1 0 1 0 0 3794.dat
1 7 -390 -80 -130 0 0 -1 0 1 0 1 0 0 3794.dat
1 7 -390 -80 -170 0 0 -1 0 1 0 1 0 0 3794.dat
1 7 -390 -80 -210 0 0 -1 0 1 0 1 0 0 3794.dat
1 7 -410 -80 -150 0 0 -1 0 1 0 1 0 0 3794.dat
1 7 -370 -80 -210 0 0 1 0 1 0 -1 0 0 3794.dat
1 7 -370 -80 -170 0 0 1 0 1 0 -1 0 0 3794.dat
1 7 -370 -80 -130 0 0 1 0 1 0 -1 0 0 3794.dat
1 7 -370 -80 -90 0 0 1 0 1 0 -1 0 0 3794.dat
1 7 -350 -80 -150 0 0 1 0 1 0 -1 0 0 3794.dat
1 7 -570 -80 -210 0 0 1 0 1 0 -1 0 0 3794.dat
1 7 -570 -80 -170 0 0 1 0 1 0 -1 0 0 3794.dat
1 7 -570 -80 -130 0 0 1 0 1 0 -1 0 0 3794.dat
1 7 -570 -80 -90 0 0 1 0 1 0 -1 0 0 3794.dat
1 7 -550 -80 -150 0 0 1 0 1 0 -1 0 0 3794.dat
1 16 -440 -96 -60 1 0 0 0 1 0 0 0 1 4865.dat
1 16 -480 -96 -60 1 0 0 0 1 0 0 0 1 4865.dat
1 16 -520 -96 -60 1 0 0 0 1 0 0 0 1 4865.dat
1 16 -560 -96 -60 1 0 0 0 1 0 0 0 1 4865.dat
1 16 -280 -96 -60 1 0 0 0 1 0 0 0 1 4865.dat
1 16 -200 -96 -240 -1 0 0 0 1 0 0 0 -1 4865.dat
1 16 -240 -96 -240 -1 0 0 0 1 0 0 0 -1 4865.dat
1 16 -280 -96 -240 -1 0 0 0 1 0 0 0 -1 4865.dat
1 16 -320 -96 -240 -1 0 0 0 1 0 0 0 -1 4865.dat
1 16 -360 -96 -240 -1 0 0 0 1 0 0 0 -1 4865.dat
1 16 -400 -96 -240 -1 0 0 0 1 0 0 0 -1 4865.dat
1 16 -440 -96 -240 -1 0 0 0 1 0 0 0 -1 4865.dat
1 16 -480 -96 -240 -1 0 0 0 1 0 0 0 -1 4865.dat
1 16 -520 -96 -240 -1 0 0 0 1 0 0 0 -1 4865.dat
1 16 -560 -96 -240 -1 0 0 0 1 0 0 0 -1 4865.dat
1 16 -320 -96 -60 1 0 0 0 1 0 0 0 1 4865.dat
1 16 -200 -96 -60 1 0 0 0 1 0 0 0 1 4865.dat
1 16 -240 -96 -60 1 0 0 0 1 0 0 0 1 4865.dat
1 16 -360 -96 -60 1 0 0 0 1 0 0 0 1 4865.dat
1 16 -400 -96 -60 1 0 0 0 1 0 0 0 1 4865.dat
1 15 -100 -96 -80 1 0 0 0 1 0 0 0 1 3009.dat
1 15 -100 -96 -220 1 0 0 0 1 0 0 0 1 3009.dat
1 15 -30 -96 -150 0 0 1 0 1 0 -1 0 0 3008.dat
1 15 -170 -96 -150 0 0 1 0 1 0 -1 0 0 3008.dat
1 16 -480 -88 -150 1 0 0 0 1 0 0 0 1 4162.dat
1 16 -280 -88 -150 1 0 0 0 1 0 0 0 1 4162.dat
1 7 -320 -88 -100 0 0 -1 0 1 0 1 0 0 4213.dat
1 7 -370 -88 -100 0 0 -1 0 1 0 1 0 0 4315.dat
1 7 -320 -88 -200 0 0 -1 0 1 0 1 0 0 4213.dat
1 7 -370 -88 -200 0 0 -1 0 1 0 1 0 0 4315.dat
1 7 -520 -88 -200 0 0 -1 0 1 0 1 0 0 4213.dat
1 7 -570 -88 -200 0 0 -1 0 1 0 1 0 0 4315.dat
1 7 -520 -88 -100 0 0 -1 0 1 0 1 0 0 4213.dat
1 7 -570 -88 -100 0 0 -1 0 1 0 1 0 0 4315.dat
1 7 -440 -88 -100 0 0 1 0 1 0 -1 0 0 4213.dat
1 7 -390 -88 -100 0 0 1 0 1 0 -1 0 0 4315.dat
1 7 -440 -88 -200 0 0 1 0 1 0 -1 0 0 4213.dat
1 7 -390 -88 -200 0 0 1 0 1 0 -1 0 0 4315.dat
1 7 -240 -88 -200 0 0 1 0 1 0 -1 0 0 4213.dat
1 7 -190 -88 -200 0 0 1 0 1 0 -1 0 0 4315.dat
1 7 -240 -88 -100 0 0 1 0 1 0 -1 0 0 4213.dat
1 7 -190 -88 -100 0 0 1 0 1 0 -1 0 0 4315.dat
1 15 -30 -120 -150 0 0 1 0 1 0 -1 0 0 3701.dat
1 15 -170 -120 -80 0 0 1 0 1 0 -1 0 0 2357.dat
1 15 -170 -120 -220 1 0 0 0 1 0 0 0 1 2357.dat
1 15 -30 -120 -220 0 0 -1 0 1 0 1 0 0 2357.dat
1 15 -30 -120 -80 -1 0 0 0 1 0 0 0 -1 2357.dat
1 15 -100 -144 -220 1 0 0 0 1 0 0 0 1 4863.dat
1 41 -80 -144 -220 1 0 0 0 1 0 0 0 1 4862.dat
1 41 -120 -144 -220 1 0 0 0 1 0 0 0 1 4862.dat
1 15 -170 -144 -150 0 0 1 0 1 0 -1 0 0 4863.dat
1 41 -170 -144 -170 0 0 1 0 1 0 -1 0 0 4862.dat
1 41 -170 -144 -130 0 0 1 0 1 0 -1 0 0 4862.dat
1 15 -100 -144 -80 -1 0 0 0 1 0 0 0 -1 4863.dat
1 41 -120 -144 -80 -1 0 0 0 1 0 0 0 -1 4862.dat
1 41 -80 -144 -80 -1 0 0 0 1 0 0 0 -1 4862.dat
1 15 -40 -144 -80 -1 0 0 0 1 0 0 0 -1 3660.dat
1 15 -40 -144 -220 1 0 0 0 1 0 0 0 1 3660.dat
1 15 -160 -144 -80 -1 0 0 0 1 0 0 0 -1 3660.dat
1 15 -160 -144 -220 1 0 0 0 1 0 0 0 1 3660.dat
1 15 -170 -144 -200 1 0 0 0 1 0 0 0 1 3005.dat
1 15 -170 -144 -100 1 0 0 0 1 0 0 0 1 3005.dat
1 15 -30 -144 -150 0 0 1 0 1 0 -1 0 0 3009.dat
1 14 -230 -96 -100 0 0 -1 0 1 0 1 0 0 3023.dat
1 14 -230 -96 -130 0 0 -1 0 1 0 1 0 0 3070.dat
1 14 -230 -96 -70 0 0 -1 0 1 0 1 0 0 3070.dat
1 14 -230 -96 -200 0 0 -1 0 1 0 1 0 0 3023.dat
1 14 -230 -96 -230 0 0 -1 0 1 0 1 0 0 3070.dat
1 14 -230 -96 -170 0 0 -1 0 1 0 1 0 0 3070.dat
1 14 -330 -96 -200 0 0 -1 0 1 0 1 0 0 3023.dat
1 14 -330 -96 -230 0 0 -1 0 1 0 1 0 0 3070.dat
1 14 -330 -96 -170 0 0 -1 0 1 0 1 0 0 3070.dat
1 14 -330 -96 -100 0 0 -1 0 1 0 1 0 0 3023.dat
1 14 -330 -96 -130 0 0 -1 0 1 0 1 0 0 3070.dat
1 14 -330 -96 -70 0 0 -1 0 1 0 1 0 0 3070.dat
1 14 -430 -96 -200 0 0 -1 0 1 0 1 0 0 3023.dat
1 14 -430 -96 -230 0 0 -1 0 1 0 1 0 0 3070.dat
1 14 -430 -96 -170 0 0 -1 0 1 0 1 0 0 3070.dat
1 14 -430 -96 -100 0 0 -1 0 1 0 1 0 0 3023.dat
1 14 -430 -96 -130 0 0 -1 0 1 0 1 0 0 3070.dat
1 14 -430 -96 -70 0 0 -1 0 1 0 1 0 0 3070.dat
1 14 -530 -96 -200 0 0 -1 0 1 0 1 0 0 3023.dat
1 14 -530 -96 -230 0 0 -1 0 1 0 1 0 0 3070.dat
1 14 -530 -96 -170 0 0 -1 0 1 0 1 0 0 3070.dat
1 14 -530 -96 -100 0 0 -1 0 1 0 1 0 0 3023.dat
1 14 -530 -96 -130 0 0 -1 0 1 0 1 0 0 3070.dat
1 14 -530 -96 -70 0 0 -1 0 1 0 1 0 0 3070.dat
1 16 -590 -96 -240 0 0 -1 0 1 0 1 0 0 3005.dat
1 16 -590 -96 -60 0 0 -1 0 1 0 1 0 0 3005.dat
1 15 -690 -96 -150 0 0 -1 0 1 0 1 0 0 3010.dat
1 7 -650 -96 -100 0 0 -1 0 1 0 1 0 0 3005.dat
1 7 -650 -96 -200 0 0 -1 0 1 0 1 0 0 3005.dat
1 16 -590 -96 -150 0 0 -1 0 1 0 1 0 0 3008.dat
1 14 -230 -104 -100 0 0 -1 0 1 0 1 0 0 3069.dat
1 14 -230 -104 -200 0 0 -1 0 1 0 1 0 0 3069.dat
1 14 -330 -104 -100 0 0 -1 0 1 0 1 0 0 3069.dat
1 14 -330 -104 -200 0 0 -1 0 1 0 1 0 0 3069.dat
1 14 -430 -104 -100 0 0 -1 0 1 0 1 0 0 3069.dat
1 14 -430 -104 -200 0 0 -1 0 1 0 1 0 0 3069.dat
1 14 -530 -104 -100 0 0 -1 0 1 0 1 0 0 3069.dat
1 14 -530 -104 -200 0 0 -1 0 1 0 1 0 0 3069.dat
1 15 -120 -152 -150 0 0 -1 0 1 0 1 0 0 3033.dat
1 16 -680 -96 -150 0 0 1 0 1 0 -1 0 0 2622.dat
1 15 -40 -152 -150 0 0 -1 0 1 0 1 0 0 3832.dat
1 7 -30 -160 -110 0 0 -1 0 1 0 1 0 0 4175.dat
1 7 -30 -160 -190 0 0 -1 0 1 0 1 0 0 4175.dat
1 15 -150 -176 -150 0 0 -1 0 1 0 1 0 0 3004.dat
1 16 -620 -104 -150 0 0 1 0 1 0 -1 0 0 3032.dat
1 7 -600 -104 -80 -1 0 0 0 1 0 0 0 -1 2412.dat
1 7 -600 -104 -220 -1 0 0 0 1 0 0 0 -1 2412.dat
1 15 -70 -176 -190 0 0 -1 0 1 0 1 0 0 3004.dat
1 15 -70 -176 -110 0 0 -1 0 1 0 1 0 0 3004.dat
1 15 -170 -176 -150 0 0 -1 0 1 0 1 0 0 3009.dat
1 15 -120 -176 -80 1 0 0 0 1 0 0 0 1 3066.dat
1 15 -120 -176 -220 1 0 0 0 1 0 0 0 1 3066.dat
1 15 -170 -176 -80 -1 0 0 0 1 0 0 0 -1 3665.dat
1 15 -170 -176 -220 1 0 0 0 1 0 0 0 1 3665.dat
1 0 -40 -176 -150 1 0 0 0 1 0 0 0 1 3003.dat
1 15 -70 -200 -150 0 0 1 0 1 0 -1 0 0 3009.dat
1 0 -40 -200 -150 0 0 1 0 1 0 -1 0 0 3003.dat
1 15 -100 -200 -80 -1 0 0 0 1 0 0 0 -1 3004.dat
1 15 -100 -200 -220 -1 0 0 0 1 0 0 0 -1 3004.dat
1 15 -170 -200 -150 0 0 -1 0 1 0 1 0 0 3004.dat
1 15 -140 -200 -220 -1 0 0 0 1 0 0 0 -1 4865.dat
1 15 -140 -200 -80 1 0 0 0 1 0 0 0 1 4865.dat
1 15 -170 -200 -110 0 0 -1 0 1 0 1 0 0 3039.dat
1 15 -170 -200 -190 0 0 -1 0 1 0 1 0 0 3039.dat
1 15 -170 -184 -80 0 0 -1 0 1 0 1 0 0 3024.dat
1 15 -170 -192 -80 0 0 -1 0 1 0 1 0 0 3024.dat
1 15 -170 -184 -220 0 0 -1 0 1 0 1 0 0 3024.dat
1 15 -170 -192 -220 0 0 -1 0 1 0 1 0 0 3024.dat
1 34 -170 -184 -60 0 0 -1 0 1 0 1 0 0 6141.dat
1 34 -170 -192 -60 0 0 -1 0 1 0 1 0 0 6141.dat
1 36 -170 -184 -240 0 0 -1 0 1 0 1 0 0 6141.dat
1 36 -170 -192 -240 0 0 -1 0 1 0 1 0 0 6141.dat
1 16 -610 -120 -240 0 0 -1 0 1 0 1 0 0 3040.dat
1 16 -610 -120 -60 0 0 -1 0 1 0 1 0 0 3040.dat
1 15 -610 -112 -150 0 0 -1 0 1 0 1 0 0 3794.dat
1 15 -700 -112 -180 1 0 0 0 1 0 0 0 1 3794.dat
1 15 -700 -128 -120 1 0 0 0 1 0 0 0 1 3004.dat
1 15 -610 -136 -150 1 0 0 0 1 0 0 0 1 4589.dat
1 16 -700 -104 -150 0 0 1 0 1 0 -1 0 0 2623.dat
1 15 -170 -200 -230 0 0 -1 0 1 0 1 0 0 3023.dat
1 15 -170 -200 -70 0 0 -1 0 1 0 1 0 0 3023.dat
1 1 -150 -184 -150 0 0 1 0 1 0 -1 0 0 3829.dat
1 0 -50 -224 -150 -1 0 0 0 1 0 0 0 -1 3002.dat
1 15 -70 -224 -80 0 0 -1 0 1 0 1 0 0 4460.dat
1 15 -70 -224 -220 0 0 -1 0 1 0 1 0 0 4460.dat
1 0 -700 -120 -180 0 0 1 0 1 0 -1 0 0 4592.dat
1 7 -700 -128 -150 0 0 1 0 1 0 -1 0 0 2584.dat
1 0 -700 -132 -150 0 0 1 0 1 0 -1 0 0 2585.dat
1 15 -610 -208 -150 1 0 0 0 -1 0 0 0 -1 3957.dat
1 15 -50 -232 -150 1 0 0 0 1 0 0 0 1 3021.dat
1 15 -100 -248 -220 1 0 0 0 1 0 0 0 1 2377.dat
1 41 -100 -248 -220 1 0 0 0 1 0 0 0 1 4862.dat
1 15 -70 -248 -110 0 0 -1 0 1 0 1 0 0 2377.dat
1 41 -70 -248 -110 0 0 -1 0 1 0 1 0 0 4862.dat
1 15 -70 -248 -190 0 0 -1 0 1 0 1 0 0 2377.dat
1 41 -70 -248 -190 0 0 -1 0 1 0 1 0 0 4862.dat
1 15 -100 -248 -80 -1 0 0 0 1 0 0 0 -1 2377.dat
1 41 -100 -248 -80 -1 0 0 0 1 0 0 0 -1 4862.dat
1 15 -70 -248 -80 -1 0 0 0 1 0 0 0 -1 3005.dat
1 15 -70 -248 -220 -1 0 0 0 1 0 0 0 -1 3005.dat
1 15 -170 -248 -150 0 0 1 0 1 0 -1 0 0 2634.dat
1 15 -190 -256 -150 0 0 1 0 1 0 -1 0 0 3460.dat
1 15 -140 -256 -80 -1 0 0 0 1 0 0 0 -1 3710.dat
1 15 -140 -256 -220 -1 0 0 0 1 0 0 0 -1 3710.dat
1 15 -70 -256 -80 -1 0 0 0 1 0 0 0 -1 2420.dat
1 15 -70 -256 -220 0 0 -1 0 1 0 1 0 0 2420.dat
1 15 -70 -256 -120 0 0 -1 0 1 0 1 0 0 3024.dat
1 4 -50 -256 -150 -1 0 0 0 1 0 0 0 -1 3002.dat
1 46 -610 -216 -150 1 0 0 0 -1 0 0 0 -1 6141.dat
1 7 -700 -136 -120 -1 0 0 0 1 0 0 0 -1 3127.dat
1 15 -70 -256 -180 0 0 -1 0 1 0 1 0 0 3024.dat
1 15 -40 -264 -150 0 0 -1 0 1 0 1 0 0 3022.dat
1 15 -70 -264 -150 0 0 -1 0 1 0 1 0 0 3460.dat
1 15 -180 -264 -80 1 0 0 0 1 0 0 0 1 3069.dat
1 15 -180 -264 -220 1 0 0 0 1 0 0 0 1 3069.dat
1 15 -120 -264 -80 1 0 0 0 1 0 0 0 1 2431.dat
1 15 -120 -264 -220 1 0 0 0 1 0 0 0 1 2431.dat
1 7 -190 -264 -150 0 0 1 0 1 0 -1 0 0 3023.dat
1 15 -190 -264 -190 0 0 1 0 1 0 -1 0 0 3023.dat
1 15 -190 -264 -110 0 0 1 0 1 0 -1 0 0 3023.dat
1 15 -70 -272 -110 0 0 1 0 1 0 -1 0 0 4315.dat
1 15 -70 -272 -190 0 0 1 0 1 0 -1 0 0 4315.dat
1 15 -190 -272 -150 0 0 1 0 1 0 -1 0 0 3460.dat
1 15 -70 -280 -120 0 0 -1 0 1 0 1 0 0 4085.dat
1 15 -70 -280 -180 0 0 -1 0 1 0 1 0 0 4085.dat
1 0 -70 -280 -150 0 0 1 0 1 0 -1 0 0 3023.dat
1 0 -50 -336 -150 0 0 -1 0 1 0 1 0 0 3684.dat
1 0 -70 -304 -150 0 0 -1 0 1 0 1 0 0 3004.dat
1 0 -70 -328 -150 0 0 -1 0 1 0 1 0 0 3004.dat
1 0 -70 -336 -150 0 0 -1 0 1 0 1 0 0 2412.dat
1 15 -150 -280 -150 -1 0 0 0 1 0 0 0 -1 3021.dat
1 15 -120 -272 -110 0 0 1 0 1 0 -1 0 0 4213.dat
1 15 -120 -272 -190 0 0 1 0 1 0 -1 0 0 4213.dat
1 15 -170 -272 -150 0 0 1 0 1 0 -1 0 0 3460.dat
1 4 -50 -272 -180 0 0 1 0 1 0 -1 0 0 2569.dat
1 4 -50 -272 -120 0 0 1 0 1 0 -1 0 0 2569.dat
1 15 -160 -288 -150 0 0 1 0 1 0 -1 0 0 3022.dat
1 15 -170 -296 -150 0 0 1 0 1 0 -1 0 0 2540.dat
1 15 -150 -296 -150 0 0 1 0 1 0 -1 0 0 3023.dat
1 7 -198 -294 -150 0 -1 0 1 0 0 0 0 1 2555.dat
1 15 -130 -280 -200 0 0 1 0 1 0 -1 0 0 3957.dat
1 15 -160 -304 -150 0 0 1 0 1 0 -1 0 0 4289.dat
1 46 -150 -376 -150 0 0 1 0 1 0 -1 0 0 6141.dat
1 7 -150 -384 -150 0 0 1 0 1 0 -1 0 0 4740.dat
1 7 -150 -392 -150 0 0 1 0 1 0 -1 0 0 4740.dat
1 46 -150 -400 -150 0 0 1 0 1 0 -1 0 0 6141.dat
1 14 -148 -364 -170 0 -1 0 0 0 1 -1 0 0 4599.dat
1 14 -148 -364 -130 0 -1 0 0 0 1 -1 0 0 4599.dat
1 4 -130 -360 -200 0 0 1 0 1 0 -1 0 0 2335.dat
1 46 -207 -294 -150 0 -1 0 1 0 0 0 0 1 6141.dat
1 0 -80 -16 -150 0 0 1 0 1 0 -1 0 0 2654.dat
1 0 -160 -16 -220 0 0 1 0 1 0 -1 0 0 2654.dat
1 0 -160 -16 -80 0 0 1 0 1 0 -1 0 0 2654.dat
1 0 -280 -16 -220 0 0 1 0 1 0 -1 0 0 2654.dat
1 0 -280 -16 -80 0 0 1 0 1 0 -1 0 0 2654.dat
1 0 -400 -16 -220 0 0 1 0 1 0 -1 0 0 2654.dat
1 0 -400 -16 -80 0 0 1 0 1 0 -1 0 0 2654.dat
1 0 -520 -16 -220 0 0 1 0 1 0 -1 0 0 2654.dat
1 0 -660 -16 -150 0 0 1 0 1 0 -1 0 0 2654.dat
1 0 -520 -16 -80 0 0 1 0 1 0 -1 0 0 2654.dat
1 0 -320 -136 -80 1 0 0 0 1 0 0 0 1 3003.dat
1 15 -320 -136 -120 1 0 0 0 1 0 0 0 1 3941.dat
1 4 -279.999 -136 -120 -1 0 0 0 1 0 0 0 -1 3003.dat
1 4 -280.001 -136 -80 -1 0 0 0 1 0 0 0 -1 3941.dat
1 15 -240 -136 -80 1 0 0 0 1 0 0 0 1 3003.dat
1 0 -240 -136 -120 1 0 0 0 1 0 0 0 1 3941.dat
1 0 -320 -160 -80 1 0 0 0 1 0 0 0 1 3003.dat
1 15 -320 -160 -120 1 0 0 0 1 0 0 0 1 3941.dat
1 4 -279.999 -160 -120 -1 0 0 0 1 0 0 0 -1 3003.dat
1 4 -280.001 -160 -80 -1 0 0 0 1 0 0 0 -1 3941.dat
1 15 -240 -160 -80 1 0 0 0 1 0 0 0 1 3003.dat
1 0 -240 -160 -120 1 0 0 0 1 0 0 0 1 3941.dat
1 16 -350 -104 -130 1 0 0 0 1 0 0 0 1 2420.dat
1 16 -350 -104 -70 0 0 1 0 1 0 -1 0 0 2420.dat
1 16 -210 -104 -70 -1 0 0 0 1 0 0 0 -1 2420.dat
1 16 -210 -104 -130 0 0 -1 0 1 0 1 0 0 2420.dat
1 16 -280 -112 -100 1 0 0 0 1 0 0 0 1 3035.dat
1 16 -350.001 -184 -100.002 0 0 -1 0 1 0 1 0 0 4215.dat
1 16 -210.001 -184 -100.002 0 0 1 0 1 0 -1 0 0 4215.dat
1 16 -280 -192 -70 1 0 0 0 1 0 0 0 1 3460.dat
1 16 -280 -192 -130 1 0 0 0 1 0 0 0 1 3460.dat
1 4 -480 -152 -100 1 0 0 0 1 0 0 0 1 3795.dat
1 4 -530 -176 -90.001 0 0 1 0 1 0 -1 0 0 4070.dat
1 4 -530 -176 -110.001 0 0 1 0 1 0 -1 0 0 4070.dat
1 0 -510 -176 -90 1 0 0 0 1 0 0 0 1 3062.dat
1 0 -510 -176 -110 1 0 0 0 1 0 0 0 1 3062.dat
1 4 -490 -176 -100 0 0 1 0 1 0 -1 0 0 3004.dat
1 4 -510 -184 -100 1 0 0 0 1 0 0 0 1 3021.dat
1 46 -545.001 -166 -110.002 0 1 0 0 0 -1 -1 0 0 6141.dat
1 46 -545.001 -166 -90.002 0 1 0 0 0 -1 -1 0 0 6141.dat
1 0 -520 -144 -100 1 0 0 0 1 0 0 0 1 3022.dat
1 0 -520 -136 -100 0 0 -1 0 1 0 1 0 0 4600.dat
1 0 -440 -144 -100 0 0 -1 0 1 0 1 0 0 4600.dat
1 0 -440 -138 -130 1 0 0 0 1 0 0 0 1 4084.dat
1 15 -440 -138 -130 1 0 0 0 1 0 0 0 1 4624.dat
1 0 -440 -138 -70 -1 0 0 0 1 0 0 0 -1 4084.dat
1 15 -440 -138 -70 -1 0 0 0 1 0 0 0 -1 4624.dat
1 15 -519.999 -132 -70 -1 0 0 0 1 0 0 0 -1 4624.dat
1 0 -519.999 -132 -70 -1 0 0 0 1 0 0 0 -1 3641.dat
1 15 -519.999 -132 -130 1 0 0 0 1 0 0 0 1 4624.dat
1 0 -519.999 -132 -130 1 0 0 0 1 0 0 0 1 3641.dat
1 16 -550 -104 -130 1 0 0 0 1 0 0 0 1 2420.dat
1 16 -550 -104 -70 0 0 1 0 1 0 -1 0 0 2420.dat
1 16 -410 -104 -70 -1 0 0 0 1 0 0 0 -1 2420.dat
1 16 -410 -104 -130 0 0 -1 0 1 0 1 0 0 2420.dat
1 16 -550.001 -184 -100.002 0 0 -1 0 1 0 1 0 0 4215.dat
1 16 -410.001 -184 -100.002 0 0 1 0 1 0 -1 0 0 4215.dat
1 16 -480 -192 -70 1 0 0 0 1 0 0 0 1 3460.dat
1 16 -480 -192 -130 1 0 0 0 1 0 0 0 1 3460.dat
1 16 -480 -112 -70 1 0 0 0 1 0 0 0 1 3460.dat
1 16 -480 -112 -130 1 0 0 0 1 0 0 0 1 3460.dat
1 16 -550 -112 -100 0 0 1 0 1 0 -1 0 0 3023.dat
1 16 -410 -112 -100 0 0 1 0 1 0 -1 0 0 3023.dat
1 4 -480 -120 -70 1 0 0 0 1 0 0 0 1 3829.dat
1 15 -439.998 -160.002 -100.001 0 0 1 0 -1 0 1 0 0 4079.dat
1 1 -270 -112 -200 1 0 0 0 1 0 0 0 1 3021.dat
1 1 -250 -136 -190.001 0 0 -1 0 1 0 1 0 0 4070.dat
1 1 -250 -136 -210.001 0 0 -1 0 1 0 1 0 0 4070.dat
1 1 -290 -136 -200.001 0 0 1 0 1 0 -1 0 0 3004.dat
1 14 -270 -136 -209.998 1 0 0 0 1 0 0 0 1 3040.dat
1 14 -270 -136 -189.998 -1 0 0 0 1 0 0 0 -1 3040.dat
1 1 -290 -144 -210.001 1 0 0 0 1 0 0 0 1 6019.dat
1 1 -290 -144 -190.001 -1 0 0 0 1 0 0 0 -1 6019.dat
1 1 -250 -144 -200.001 1 0 0 0 1 0 0 0 1 3021.dat
1 1 -300 -124 -200 0 -1 0 0 0 1 -1 0 0 3956.dat
1 1 -240 -152 -200.001 1 0 0 0 1 0 0 0 1 3022.dat
1 16 -296 -142 -230 0 -1 0 1 0 0 0 0 1 752.dat
1 16 -296 -142 -230 0 1 0 1 0 0 0 0 -1 755.dat
1 16 -226 -126 -210 0 -1 0 1 0 0 0 0 1 752.dat
1 16 -226 -126 -210 0 1 0 1 0 0 0 0 -1 755.dat
1 16 -290.2213 -141.9973 -229.9966 -0.001511 -0.999997 -0.001889 0.999999 -0.001511 0 -0.000003 -0.001889 0.999998 754.dat
1 16 -287.6641 -141.9891 -229.9864 -0.003948 -0.99998 -0.004935 0.999992 -0.003948 0 -0.000019 -0.004934 0.999988 754.dat
1 16 -285.1069 -141.9745 -229.9681 -0.006484 -0.999946 -0.008105 0.999979 -0.006484 0 -0.000053 -0.008105 0.999967 754.dat
1 16 -282.5498 -141.9532 -229.9415 -0.009128 -0.999893 -0.011411 0.999958 -0.009129 0 -0.000104 -0.011411 0.999935 754.dat
1 16 -279.9929 -141.925 -229.9062 -0.011891 -0.999819 -0.014867 0.999929 -0.011893 0 -0.000177 -0.014866 0.999889 754.dat
1 16 -277.4362 -141.8894 -229.8618 -0.014785 -0.99972 -0.018486 0.999891 -0.014787 0 -0.000273 -0.018484 0.999829 754.dat
1 16 -274.8799 -141.845 -229.8062 -0.018489 -0.999562 -0.023121 0.999829 -0.018494 0 -0.000428 -0.023117 0.999733 754.dat
1 16 -272.324 -141.7917 -229.7396 -0.021874 -0.999386 -0.027359 0.999761 -0.021882 0 -0.000599 -0.027352 0.999626 754.dat
1 16 -269.7686 -141.7307 -229.6633 -0.0247 -0.999217 -0.030899 0.999695 -0.024712 0 -0.000764 -0.030889 0.999523 754.dat
1 16 -267.2138 -141.6598 -229.5747 -0.029031 -0.998918 -0.036328 0.999578 -0.02905 0 -0.001055 -0.036312 0.99934 754.dat
1 16 -264.6598 -141.5784 -229.4729 -0.033026 -0.998599 -0.04134 0.999454 -0.033054 0 -0.001366 -0.041318 0.999145 754.dat
1 16 -262.1067 -141.4863 -229.3579 -0.03725 -0.998217 -0.046645 0.999304 -0.03729 0 -0.001739 -0.046613 0.998912 754.dat
1 16 -259.555 -141.3809 -229.2261 -0.042879 -0.997635 -0.053726 0.999078 -0.042941 0 -0.002307 -0.053677 0.998556 754.dat
1 16 -257.0045 -141.2641 -229.0801 -0.0468 -0.99718 -0.058666 0.9989 -0.046881 0 -0.00275 -0.058601 0.998278 754.dat
1 16 -254.4557 -141.1341 -228.9176 -0.052433 -0.996456 -0.065774 0.998618 -0.052546 0 -0.003456 -0.065683 0.997835 754.dat
1 16 -251.9088 -140.9905 -228.7382 -0.05756 -0.995724 -0.07226 0.998333 -0.057711 0 -0.00417 -0.072139 0.997386 754.dat
1 16 -249.3642 -140.8317 -228.5396 -0.063836 -0.994731 -0.080218 0.997947 -0.064043 0 -0.005137 -0.080054 0.996777 754.dat
1 16 -247.0708 -140.6741 -228.3427 -0.070175 -0.993621 -0.088282 0.997515 -0.07045 0 -0.006219 -0.088062 0.996096 754.dat
1 16 -244.7805 -140.4991 -228.1239 -0.077104 -0.992281 -0.09713 0.996995 -0.07747 0 -0.007525 -0.096838 0.995272 754.dat
1 16 -242.4198 -140.2939 -227.8674 -0.089652 -0.989513 -0.113253 0.995921 -0.090233 0 -0.010219 -0.112791 0.993566 756.dat
1 16 -238.085 -139.8875 -227.3593 -0.103389 0.985967 0.131075 0.994547 0.104288 0 -0.01367 0.13036 -0.991372 754.dat
1 16 -235.5664 -139.6112 -227.014 -0.115331 0.982428 0.146743 0.99318 0.116593 0 -0.017109 0.145742 -0.989175 754.dat
1 16 -233.0568 -139.3044 -226.6304 -0.126068 0.978872 0.160986 0.991808 0.127734 0 -0.020563 0.159667 -0.986957 754.dat
1 16 -230.8015 -139.0005 -226.2506 -0.142521 0.972699 0.183152 0.989436 0.144973 0 -0.026552 0.181217 -0.983085 754.dat
1 16 -228.5614 -138.6553 -225.8191 -0.155475 0.967188 0.200937 0.987325 0.158712 0 -0.031891 0.19839 -0.979604 754.dat
1 16 -226.0954 -138.2334 -225.2918 -0.17461 0.957911 0.227853 0.983789 0.179328 0 -0.04086 0.224159 -0.973696 754.dat
1 16 -223.6563 -137.7548 -224.6935 -0.19792 0.944578 0.261915 0.978745 0.205079 0 -0.053713 0.256348 -0.965091 754.dat
1 16 -221.2554 -137.2065 -224.0082 -0.224661 0.926048 0.303253 0.971811 0.235763 0 -0.071496 0.294704 -0.95291 754.dat
1 16 -218.911 -136.5715 -223.2144 -0.258504 0.8962 0.360556 0.960828 0.277146 0 -0.099927 0.346432 -0.932738 754.dat
1 16 -216.6597 -135.8193 -222.2742 -0.299111 0.845592 0.442162 0.942757 0.333481 0 -0.147453 0.416851 -0.896935 754.dat
1 16 -214.5686 -134.9098 -221.1373 -0.338401 0.757281 0.558579 0.91299 0.407982 0 -0.22789 0.509977 -0.829451 754.dat
1 16 -212.7783 -133.7897 -219.7372 -0.341973 0.575314 0.743013 0.859605 0.510958 0 -0.379649 0.638698 -0.669277 754.dat
1 16 -211.5951 -132.4152 -218.019 -0.163494 0.212116 0.963471 0.792032 0.61048 0 -0.58818 0.7631 -0.267812 754.dat
1 16 -211.4111 -130.872 -216.09 0.188863 -0.248493 0.950043 0.796149 0.605101 0 -0.574872 0.756376 0.312118 754.dat
1 16 -212.2966 -129.407 -214.2587 0.342145 -0.576194 0.742251 0.859835 0.510571 0 -0.378972 0.638214 0.670121 754.dat
1 16 -213.9109 -128.1862 -212.7328 0.337225 -0.761464 0.553581 0.914347 0.404932 0 -0.224163 0.506165 0.832795 754.dat
1 16 -215.9412 -127.2273 -211.5341 0.281344 -0.870398 0.404045 0.951526 0.307568 0 -0.124271 0.38446 0.914739 754.dat
1 16 -218.2244 -126.5233 -210.6541 0.195313 -0.94619 0.258026 0.979353 0.202159 0 -0.052162 0.252699 0.966138 754.dat
1 16 -220.4571 -126.1208 -210.151 0.077328 -0.992235 0.097416 0.996977 0.077697 0 -0.007569 0.097122 0.995244 754.dat
1 16 -296 -142.816 -171.2 0 -1 0 -0.174 0 0.985 -0.985 0 -0.174 752.dat
1 16 -296 -142.816 -171.2 0 1 0 -0.174 0 -0.985 -0.985 0 0.174 755.dat
1 16 -226 -125.9 -190.44 0 -1 0 -0.174 0 0.985 -0.985 0 -0.174 752.dat
1 16 -226 -125.9 -190.44 0 1 0 -0.174 0 -0.985 -0.985 0 0.174 755.dat
1 16 -290.2213 -142.8132 -171.2032 -0.001511 -0.999997 -0.001889 -0.174003 -0.001598 0.984998 -0.984998 0.001817 -0.174 754.dat
1 16 -287.6641 -142.8045 -171.2131 -0.003948 -0.99998 -0.004935 -0.174017 -0.004173 0.984988 -0.984989 0.004747 -0.173998 754.dat
1 16 -285.1069 -142.789 -171.2307 -0.006484 -0.999946 -0.008105 -0.174049 -0.006855 0.984967 -0.98497 0.007797 -0.173994 754.dat
1 16 -282.5498 -142.7665 -171.2563 -0.009128 -0.999893 -0.011411 -0.174095 -0.009651 0.984936 -0.984941 0.010978 -0.173989 754.dat
1 16 -279.9929 -142.7367 -171.2902 -0.011891 -0.999819 -0.014867 -0.174162 -0.012574 0.984891 -0.984899 0.014301 -0.173981 754.dat
1 16 -277.4362 -142.6991 -171.333 -0.014785 -0.99972 -0.018486 -0.17425 -0.015634 0.984832 -0.984845 0.017781 -0.17397 754.dat
1 16 -274.8799 -142.6521 -171.3864 -0.018489 -0.999562 -0.023121 -0.174392 -0.019552 0.984737 -0.984757 0.022239 -0.173954 754.dat
1 16 -272.324 -142.5957 -171.4505 -0.021874 -0.999386 -0.027359 -0.174548 -0.023134 0.984632 -0.98466 0.026313 -0.173935 754.dat
1 16 -269.7686 -142.5313 -171.5239 -0.0247 -0.999217 -0.030899 -0.174699 -0.026126 0.98453 -0.984567 0.029716 -0.173917 754.dat
1 16 -267.2138 -142.4563 -171.6091 -0.029031 -0.998918 -0.036328 -0.174966 -0.030713 0.98435 -0.984401 0.034933 -0.173885 754.dat
1 16 -264.6598 -142.3702 -171.707 -0.033026 -0.998599 -0.04134 -0.175251 -0.034947 0.984158 -0.984225 0.039748 -0.173851 754.dat
1 16 -262.1067 -142.2729 -171.8177 -0.03725 -0.998217 -0.046645 -0.175592 -0.039425 0.983928 -0.984012 0.044841 -0.173811 754.dat
1 16 -259.555 -142.1614 -171.9445 -0.042879 -0.997635 -0.053726 -0.176112 -0.0454 0.983578 -0.98369 0.051637 -0.173749 754.dat
1 16 -257.0045 -142.0379 -172.085 -0.0468 -0.99718 -0.058666 -0.176517 -0.049565 0.983304 -0.983438 0.056374 -0.1737 754.dat
1 16 -254.4557 -141.9005 -172.2413 -0.052433 -0.996456 -0.065774 -0.177164 -0.055555 0.982867 -0.983037 0.063187 -0.173623 754.dat
1 16 -251.9088 -141.7487 -172.4139 -0.05756 -0.995724 -0.07226 -0.177817 -0.061015 0.982425 -0.982632 0.069398 -0.173545 754.dat
1 16 -249.3642 -141.5808 -172.6049 -0.063836 -0.994731 -0.080218 -0.178703 -0.06771 0.981825 -0.982084 0.077012 -0.173439 754.dat
1 16 -247.0708 -141.4142 -172.7944 -0.070175 -0.993621 -0.088282 -0.179693 -0.074483 0.981155 -0.98147 0.084716 -0.173321 754.dat
1 16 -244.7805 -141.2292 -173.0049 -0.077104 -0.992281 -0.09713 -0.180889 -0.081906 0.980343 -0.980731 0.093158 -0.173177 754.dat
1 16 -242.4198 -141.0123 -173.2515 -0.089652 -0.989513 -0.113253 -0.183356 -0.095399 0.978663 -0.979204 0.108505 -0.17288 756.dat
1 16 -238.085 -140.5825 -173.7403 -0.103389 0.985967 0.131075 -0.186516 0.110258 -0.976501 -0.97725 -0.125406 0.172499 754.dat
1 16 -235.5664 -140.2904 -174.0726 -0.115331 0.982428 0.146743 -0.189666 0.123269 -0.974337 -0.975305 -0.140203 0.172116 754.dat
1 16 -233.0568 -139.966 -174.4415 -0.126068 0.978872 0.160986 -0.192829 0.135046 -0.972153 -0.973353 -0.1536 0.171731 754.dat
1 16 -230.8015 -139.6448 -174.8069 -0.142521 0.972699 0.183152 -0.198316 0.153273 -0.968339 -0.969974 -0.17433 0.171057 754.dat
1 16 -228.5614 -139.2798 -175.222 -0.155475 0.967188 0.200937 -0.203207 0.167798 -0.96491 -0.966966 -0.190851 0.170451 754.dat
1 16 -226.0954 -138.8338 -175.7293 -0.17461 0.957911 0.227853 -0.211426 0.189594 -0.959091 -0.961923 -0.215642 0.169423 754.dat
1 16 -223.6563 -138.3278 -176.3049 -0.19792 0.944578 0.261915 -0.223209 0.216819 -0.950615 -0.954718 -0.246607 0.167926 754.dat
1 16 -221.2554 -137.7481 -176.9641 -0.224661 0.926048 0.303253 -0.239519 0.249261 -0.938616 -0.944794 -0.283505 0.165806 754.dat
1 16 -218.911 -137.0768 -177.7277 -0.258504 0.8962 0.360556 -0.265612 0.293012 -0.918747 -0.929028 -0.333268 0.162296 754.dat
1 16 -216.6597 -136.2815 -178.6322 -0.299111 0.845592 0.442162 -0.309281 0.352573 -0.883481 -0.902959 -0.401011 0.156067 754.dat
1 16 -214.5686 -135.3199 -179.7259 -0.338401 0.757281 0.558579 -0.383332 0.431338 -0.817009 -0.859642 -0.490598 0.144324 754.dat
1 16 -212.7783 -134.1357 -181.0728 -0.341973 0.575314 0.743013 -0.523526 0.540211 -0.659238 -0.780652 -0.614427 0.116454 754.dat
1 16 -211.5951 -132.6824 -182.7258 -0.163494 0.212116 0.963471 -0.717171 0.64543 -0.263795 -0.677808 -0.734102 0.046599 754.dat
1 16 -211.4111 -131.0509 -184.5814 0.188863 -0.248493 0.950043 -0.704779 0.639743 0.307436 -0.684179 -0.727634 -0.054309 754.dat
1 16 -212.2966 -129.502 -186.3432 0.342145 -0.576194 0.742251 -0.522899 0.539801 0.660069 -0.780996 -0.613962 -0.116601 754.dat
1 16 -213.9109 -128.2114 -187.8111 0.337225 -0.761464 0.553581 -0.379897 0.428114 0.820303 -0.861627 -0.486931 -0.144906 754.dat
1 16 -215.9412 -127.1976 -188.9642 0.281344 -0.870398 0.404045 -0.287972 0.325176 0.901018 -0.91563 -0.369851 -0.159165 754.dat
1 16 -218.2244 -126.4533 -189.8107 0.195313 -0.94619 0.258026 -0.221787 0.213733 0.951646 -0.955587 -0.243096 -0.168108 754.dat
1 16 -220.4571 -126.0277 -190.2947 0.077328 -0.992235 0.097416 -0.180929 0.082146 0.980315 -0.980705 -0.093431 -0.173172 754.dat
1 1 -240 -176 -210.001 1 0 0 0 1 0 0 0 1 3937.dat
1 1 -240 -176 -210.001 1 0 0 0 1 0 0 0 1 3938.dat
1 1 -280 -176 -210.001 1 0 0 0 1 0 0 0 1 3937.dat
1 1 -280 -176 -210.001 1 0 0 0 1 0 0 0 1 3938.dat
1 1 -280 -176 -189.999 -1 0 0 0 1 0 0 0 -1 3937.dat
1 1 -280 -176 -189.999 -1 0 0 0 1 0 0 0 -1 3938.dat
1 1 -240 -176 -190.002 -1 0 0 0 1 0 0 0 -1 3937.dat
1 1 -240 -176 -190.002 -1 0 0 0 1 0 0 0 -1 3938.dat
1 1 -306.998 -123.999 -199.998 0 -1 0 -1 0 0 0 0 -1 3941.dat
1 7 -230 -184 -210.001 1 0 0 0 1 0 0 0 1 6141.dat
1 7 -250 -184 -210.001 1 0 0 0 1 0 0 0 1 6141.dat
1 7 -230 -184 -190.001 1 0 0 0 1 0 0 0 1 6141.dat
1 7 -250 -184 -190.001 1 0 0 0 1 0 0 0 1 6141.dat
1 7 -270 -184 -210.001 1 0 0 0 1 0 0 0 1 6141.dat
1 7 -290 -184 -210.001 1 0 0 0 1 0 0 0 1 6141.dat
1 7 -270 -184 -190.001 1 0 0 0 1 0 0 0 1 6141.dat
1 7 -290 -184 -190.001 1 0 0 0 1 0 0 0 1 6141.dat
1 16 -350 -104 -230 1 0 0 0 1 0 0 0 1 2420.dat
1 16 -350 -104 -170 0 0 1 0 1 0 -1 0 0 2420.dat
1 16 -210 -104 -170 -1 0 0 0 1 0 0 0 -1 2420.dat
1 16 -210 -104 -230 0 0 -1 0 1 0 1 0 0 2420.dat
1 16 -350.001 -184 -200.002 0 0 -1 0 1 0 1 0 0 4215.dat
1 16 -210.001 -184 -200.002 0 0 1 0 1 0 -1 0 0 4215.dat
1 16 -280 -192 -170 1 0 0 0 1 0 0 0 1 3460.dat
1 16 -280 -192 -230 1 0 0 0 1 0 0 0 1 3460.dat
1 16 -280 -112 -170 1 0 0 0 1 0 0 0 1 3460.dat
1 16 -280 -112 -230 1 0 0 0 1 0 0 0 1 3460.dat
1 16 -350 -112 -200 0 0 1 0 1 0 -1 0 0 3023.dat
1 16 -210 -112 -200 0 0 1 0 1 0 -1 0 0 3023.dat
