0 Main
0 Name: 6831-1 - Message Decoder.mpd
0 Author: LTRON
1 0 0 2.1145 -2.1035 0 0 -1 -0.1002 0.995 0 0.995 0.1002 0 3832.dat
1 0 0 2.1705 -82.5051 0 0 -1 -0.1002 0.995 0 0.995 0.1002 0 3020.dat
1 0 0 -15.8095 16.1933 1 0 0 0 0.995 -0.1002 0 0.1002 0.995 3787.dat
1 1 0 -28.7795 65.1417 -1 0 0 0 0.995 0.1002 0 0.1002 -0.995 3039.dat
1 0 0 -15.7535 -64.2083 -1 0 0 0 0.995 0.1002 0 0.1002 -0.995 3787.dat
1 1 -10 -52.6595 62.7369 -1 0 0 0 0.995 0.1002 0 0.1002 -0.995 4070.dat
1 1 10 -52.6595 62.7369 -1 0 0 0 0.995 0.1002 0 0.1002 -0.995 4070.dat
1 0 0 -41.7075 53.7889 -1 0 0 0 0.1002 -0.995 0 -0.995 -0.1002 3938.dat
1 1 0 -1.7815 -123.1067 1 0 0 0 0.995 -0.1002 0 0.1002 0.995 4859.dat
1 0 -10 -16.7555 -54.2583 0.866 0 -0.5 -0.0501 0.995 -0.086773 0.4975 0.1002 0.86167 4592.dat
1 0 10 -16.7555 -54.2583 0.866 0 0.5 0.0501 0.995 -0.086773 -0.4975 0.1002 0.86167 4592.dat
1 1 0 -40.3127 53.8319 1 0 0 0 -0.039276 0.999296 0 -0.999296 -0.039276 3937.dat
1 0 0 -41.2554 29.8488 1 0 0 0 -0.039276 0.999296 0 -0.999296 -0.039276 4873.dat
1 36 50 -42.198 5.8656 1 0 0 0 -0.039276 0.999296 0 -0.999296 -0.039276 4740.dat
1 36 -50 -42.198 5.8656 1 0 0 0 -0.039276 0.999296 0 -0.999296 -0.039276 4740.dat
1 0 -50 -45.4972 -78.0753 1 0 0 0 -0.039276 0.999296 0 -0.999296 -0.039276 3957.dat
1 0 50 -45.4972 -78.0753 1 0 0 0 -0.039276 0.999296 0 -0.999296 -0.039276 3957.dat
1 0 0 -30.6715 -75.7615 1 0 0 0 0.995 -0.1002 0 0.1002 0.995 3298.dat
1 0 0 8.0705 18.5981 1 0 0 0 0.995 -0.1002 0 0.1002 0.995 3022.dat
1 0 0 16.0305 19.3997 1 0 0 0 0.995 -0.1002 0 0.1002 0.995 122.dat
1 256 -41 22.0005 20.0009 0 0 1 0.1002 0.995 0 -0.995 0.1002 0 4288.dat
1 256 40 22.0005 20.0009 0 0 -1 0.1002 -0.995 0 -0.995 -0.1002 0 4288.dat
1 0 0 16.0865 -61.0019 1 0 0 0 0.995 -0.1002 0 0.1002 0.995 122.dat
1 256 -41 22.0565 -60.4007 0 0 1 0.1002 0.995 0 -0.995 0.1002 0 4288.dat
1 256 40 22.0565 -60.4007 0 0 -1 0.1002 -0.995 0 -0.995 -0.1002 0 4288.dat
1 0 0 -44.1123 77.6689 -1 0 0 0 0.1002 -0.995 0 -0.995 -0.1002 4590.dat
1 36 -30 -52.4591 60.7469 -1 0 0 0 0.1002 -0.995 0 -0.995 -0.1002 6141.dat
1 36 30 -52.4591 60.7469 -1 0 0 0 0.1002 -0.995 0 -0.995 -0.1002 6141.dat
