0 Main
0 Name: 10271 - Fiat 500.mpd
0 Author: LTRON
1 72 100 -18 -90 1 0 0 0 1 0 0 0 1 18671.dat
1 71 110 -2 -120 0 0 -1 0 1 0 1 0 0 3023.dat
1 71 20 -2 -120 -1 0 0 0 1 0 0 0 -1 3034.dat
1 72 -60 -18 -90 1 0 0 0 1 0 0 0 1 18671.dat
1 0 -20 -10 -100 0 0 -1 0 1 0 1 0 0 10247.dat
1 0 20 -10 -100 0 0 -1 0 1 0 1 0 0 10247.dat
1 0 60 -10 -100 0 0 -1 0 1 0 1 0 0 10247.dat
1 72 -120 -10 -70 -1 0 0 0 1 0 0 0 -1 3895.dat
1 1 -200 0 -80 0 1 0 0 0 -1 -1 0 0 4274.dat
1 1 -220 0 -80 0 1 0 0 0 -1 -1 0 0 4274.dat
1 0 -60 0 -60 0 1 0 0 0 -1 -1 0 0 2780.dat
1 0 -100 0 -60 0 1 0 0 0 -1 -1 0 0 2780.dat
1 72 120 -10 -70 -1 0 0 0 1 0 0 0 -1 3895.dat
1 1 200 0 -80 0 1 0 0 0 -1 -1 0 0 4274.dat
1 1 220 0 -80 0 1 0 0 0 -1 -1 0 0 4274.dat
1 1 60 0 -70 0 1 0 0 0 -1 -1 0 0 32556.dat
1 1 20 0 -70 0 1 0 0 0 -1 -1 0 0 32556.dat
1 1 -20 0 -70 0 1 0 0 0 -1 -1 0 0 32556.dat
1 70 -20 -2 0 1 0 0 0 1 0 0 0 1 2445.dat
1 72 -120 -10 0 0 0 1 0 1 0 -1 0 0 30157.dat
1 72 -40 -10 0 0 0 1 0 1 0 -1 0 0 30157.dat
1 72 0 -10 0 0 0 1 0 1 0 -1 0 0 30157.dat
1 72 80 -10 0 0 0 1 0 1 0 -1 0 0 30157.dat
1 72 -90 -10 0 0 0 1 0 1 0 -1 0 0 92593.dat
1 72 50 -10 0 0 0 1 0 1 0 -1 0 0 92593.dat
1 71 30 -10 0 0 0 1 0 1 0 -1 0 0 3710.dat
1 71 -70 -10 0 0 0 1 0 1 0 -1 0 0 3710.dat
1 72 -20 -10 -50 -1 0 0 0 1 0 0 0 -1 3895.dat
1 72 -20 -10 50 -1 0 0 0 1 0 0 0 -1 3895.dat
1 226 40 -2 30 -1 0 0 0 1 0 0 0 -1 32803.dat
1 226 -80 -2 30 -1 0 0 0 1 0 0 0 -1 32803.dat
1 226 40 -2 -30 1 0 0 0 1 0 0 0 1 32803.dat
1 226 -80 -2 -30 1 0 0 0 1 0 0 0 1 32803.dat
1 72 100 -18 90 -1 0 0 0 1 0 0 0 -1 18671.dat
1 71 110 -2 120 0 0 -1 0 1 0 1 0 0 3023.dat
1 71 20 -2 120 -1 0 0 0 1 0 0 0 -1 3034.dat
1 72 -60 -18 90 -1 0 0 0 1 0 0 0 -1 18671.dat
1 0 60 -10 100 0 0 1 0 1 0 -1 0 0 10247.dat
1 0 20 -10 100 0 0 1 0 1 0 -1 0 0 10247.dat
1 0 -20 -10 100 0 0 1 0 1 0 -1 0 0 10247.dat
1 72 -120 -10 70 -1 0 0 0 1 0 0 0 -1 3895.dat
1 1 -220 0 80 0 -1 0 0 0 -1 1 0 0 4274.dat
1 1 -200 0 80 0 -1 0 0 0 -1 1 0 0 4274.dat
1 0 -100 0 60 0 1 0 0 0 -1 -1 0 0 2780.dat
1 0 -60 0 60 0 1 0 0 0 -1 -1 0 0 2780.dat
1 72 120 -10 70 -1 0 0 0 1 0 0 0 -1 3895.dat
1 1 200 0 80 0 -1 0 0 0 -1 1 0 0 4274.dat
1 1 220 0 80 0 -1 0 0 0 -1 1 0 0 4274.dat
1 1 -20 0 70 0 -1 0 0 0 -1 1 0 0 32556.dat
1 1 20 0 70 0 -1 0 0 0 -1 1 0 0 32556.dat
1 1 60 0 70 0 -1 0 0 0 -1 1 0 0 32556.dat
1 226 100 -10 -110 1 0 0 0 1 0 0 0 1 3023.dat
1 226 100 -10 110 1 0 0 0 1 0 0 0 1 3023.dat
1 0 -100 -18 0 0 0 1 0 1 0 -1 0 0 3832.dat
1 0 -160 -18 0 0 0 1 0 1 0 -1 0 0 3035.dat
1 226 -50 -10 110 0 0 1 0 1 0 -1 0 0 3024.dat
1 226 110 -10 130 0 0 1 0 1 0 -1 0 0 3024.dat
1 226 -50 -18 110 0 0 1 0 1 0 -1 0 0 3024.dat
1 226 110 -10 -130 0 0 1 0 1 0 -1 0 0 3024.dat
1 226 -50 -10 -110 0 0 1 0 1 0 -1 0 0 3024.dat
1 226 -50 -18 -110 0 0 1 0 1 0 -1 0 0 3024.dat
1 226 20 -10 130 -1 0 0 0 1 0 0 0 -1 4162.dat
1 226 20 -10 -130 -1 0 0 0 1 0 0 0 -1 4162.dat
1 71 -220 6 0 0 0 -1 0 1 0 1 0 0 3795.dat
1 72 -230 -2 0 1 0 0 0 1 0 0 0 1 3021.dat
1 71 -210 -26 -40 0 0 1 0 1 0 -1 0 0 11215.dat
1 71 -210 -26 40 0 0 1 0 1 0 -1 0 0 11215.dat
1 0 -250 6 0 0 0 -1 0 1 0 1 0 0 3460.dat
1 226 -250 -2 70 0 0 -1 0 1 0 1 0 0 3024.dat
1 226 -250 -2 -70 0 0 -1 0 1 0 1 0 0 3024.dat
1 0 -250 -10 70 0 0 -1 0 1 0 1 0 0 3623.dat
1 0 -250 -10 -70 0 0 -1 0 1 0 1 0 0 3623.dat
1 226 -250 -10 110 -1 0 0 0 1 0 0 0 -1 24201.dat
1 226 -250 -10 -110 1 0 0 0 1 0 0 0 1 24201.dat
1 226 -250 -18 100 0 0 1 0 1 0 -1 0 0 3023.dat
1 226 -250 -18 -100 0 0 1 0 1 0 -1 0 0 3023.dat
1 0 -230 -18 70 1 0 0 0 1 0 0 0 1 3623.dat
1 0 -230 -18 -70 1 0 0 0 1 0 0 0 1 3623.dat
1 71 -250 -18 20 0 0 1 0 1 0 -1 0 0 99206.dat
1 71 -250 -18 -20 0 0 1 0 1 0 -1 0 0 99206.dat
1 226 -250 -26 90 0 0 1 0 1 0 -1 0 0 3623.dat
1 226 -250 -26 -90 0 0 1 0 1 0 -1 0 0 3623.dat
1 0 -90 -26 90 -1 0 0 0 1 0 0 0 -1 3623.dat
1 0 -90 -26 -90 -1 0 0 0 1 0 0 0 -1 3623.dat
1 72 -180 -26 70 -1 0 0 0 1 0 0 0 -1 3666.dat
1 72 -180 -26 -70 -1 0 0 0 1 0 0 0 -1 3666.dat
1 226 -220 -26 0 1 0 0 0 1 0 0 0 1 3020.dat
1 72 -250 -34 -70 0 0 1 0 1 0 -1 0 0 15712.dat
1 71 -230 -26 -70 1 0 0 0 1 0 0 0 1 49307.dat
1 71 -230 -26 -70 1 0 0 0 1 0 0 0 1 49307.dat
1 71 -210 -26 -70 1 0 0 0 1 0 0 0 1 49307.dat
1 70 -250 -34 90 1 0 0 0 1 0 0 0 1 6141.dat
1 70 -250 -34 -90 1 0 0 0 1 0 0 0 1 6141.dat
1 72 -250 -58 90 1 0 0 0 1 0 0 0 1 3062.dat
1 72 -250 -58 -90 1 0 0 0 1 0 0 0 1 3062.dat
1 0 -268 -12 0 0 1 0 0 0 -1 -1 0 0 3460.dat
1 72 -276 -12 0 0 1 0 0 0 -1 -1 0 0 3666.dat
1 71 -276 -32 -70 0 1 0 1 0 0 0 0 -1 2420.dat
1 71 -276 -32 70 0 1 0 0 0 1 1 0 0 2420.dat
1 226 -268 -42 90 0 1 0 -1 0 0 0 0 1 3710.dat
1 226 -268 -42 -90 0 1 0 -1 0 0 0 0 1 3710.dat
1 71 -276 -12 -100 0 1 0 -1 0 0 0 0 1 15672.dat
1 71 -276 -12 100 0 1 0 1 0 0 0 0 -1 15672.dat
1 71 -268 -12 110 0 1 0 1 0 0 0 0 -1 3024.dat
1 71 -268 -12 -110 0 1 0 1 0 0 0 0 -1 3024.dat
1 71 -284 -12 0 0 1 0 0 0 -1 -1 0 0 4477.dat
1 71 -292 -12 -20 0 1 0 0 0 1 1 0 0 48336.dat
1 71 -292 -12 20 0 1 0 0 0 1 1 0 0 48336.dat
1 71 -292 -12 50 0 1 0 1 0 0 0 0 -1 3024.dat
1 0 -292 -12 -50 0 1 0 0 0 -1 -1 0 0 60897.dat
1 71 -300 -12 0 0 1 0 0 0 -1 -1 0 0 3710.dat
1 71 -276 -62 90 0 1 0 -1 0 0 0 0 1 3023.dat
1 71 -276 -62 -90 0 1 0 -1 0 0 0 0 1 3023.dat
1 71 -308 -12 0 0 1 0 0 0 -1 -1 0 0 3069.dat
1 71 -308 -12 60 0 1 0 1 0 0 0 0 -1 61678.dat
1 71 -308 -12 -60 0 1 0 -1 0 0 0 0 1 61678.dat
1 36 -284 -42 90 0 1 0 -1 0 0 0 0 1 3069.dat
1 36 -284 -42 -90 0 1 0 -1 0 0 0 0 1 3069.dat
1 57 -284 -72 90 0 1 0 0 0 1 1 0 0 24246.dat
1 57 -284 -72 -90 0 1 0 0 0 1 1 0 0 24246.dat
1 72 -250 -34 0 0 0 -1 0 1 0 1 0 0 30350.dat
1 0 -190 -50 0 0 0 -1 0 1 0 1 0 0 3009.dat
1 0 -190 -50 70 0 0 -1 0 1 0 1 0 0 60477.dat
1 0 -190 -50 -70 0 0 -1 0 1 0 1 0 0 60477.dat
1 226 -190 -74 40 0 0 1 0 1 0 -1 0 0 3010.dat
1 226 -190 -74 -40 0 0 1 0 1 0 -1 0 0 3010.dat
1 71 -190 -82 0 0 0 1 0 1 0 -1 0 0 4477.dat
1 71 -180 -90 0 0 0 1 0 1 0 -1 0 0 3795.dat
1 226 -180 -98 20 0 0 1 0 1 0 -1 0 0 3020.dat
1 71 -170 -98 -30 -1 0 0 0 1 0 0 0 -1 2420.dat
1 0 -190 -98 -50 0 0 1 0 1 0 -1 0 0 4081.dat
1 226 -60 -26 120 0 0 1 0 1 0 -1 0 0 2430.dat
1 226 -60 -26 120 0.995 0 -0.105 0 1 0 0.105 0 0.995 2429.dat
1 226 -90.881 -18 126.809 0.995 0 -0.105 0 1 0 0.105 0 0.995 3623.dat
1 226 -90.881 -10 126.809 0.995 0 -0.105 0 1 0 0.105 0 0.995 3623.dat
1 71 -90.881 -2 126.809 0.995 0 -0.105 0 1 0 0.105 0 0.995 3623.dat
1 226 -110.771 -26 124.719 0.995 0 -0.105 0 1 0 0.105 0 0.995 3024.dat
1 226 -60 -26 -120 -0.995 0 -0.105 0 1 0 0.105 0 -0.995 2430.dat
1 226 -60 -26 -120 0 0 1 0 1 0 -1 0 0 2429.dat
1 226 -90.881 -18 -126.809 -0.995 0 -0.105 0 1 0 0.105 0 -0.995 3623.dat
1 226 -90.881 -10 -126.809 -0.995 0 -0.105 0 1 0 0.105 0 -0.995 3623.dat
1 71 -90.881 -2 -126.809 -0.995 0 -0.105 0 1 0 0.105 0 -0.995 3623.dat
1 226 -110.771 -26 -124.719 -0.995 0 -0.105 0 1 0 0.105 0 -0.995 3024.dat
1 0 -70 -50 -90 0 0 -1 0 1 0 1 0 0 3040.dat
1 0 -70 -50 90 0 0 -1 0 1 0 1 0 0 3040.dat
1 0 -100 -50 -90 -1 0 0 0 1 0 0 0 -1 3004.dat
1 0 -100 -50 90 -1 0 0 0 1 0 0 0 -1 3004.dat
1 226 -240 -66 90 -1 0 0 0 1 0 0 0 -1 35480.dat
1 226 -240 -74 90 -1 0 0 0 1 0 0 0 -1 35480.dat
1 226 -240 -82 90 -1 0 0 0 1 0 0 0 -1 35480.dat
1 226 -100 -82 90 -1 0 0 0 1 0 0 0 -1 3710.dat
1 226 -180 -90 90 -1 0 0 0 1 0 0 0 -1 3460.dat
1 226 -90 -90 90 -1 0 0 0 1 0 0 0 -1 3024.dat
1 0 -80 -74 90 -1 0 0 0 1 0 0 0 -1 3004.dat
1 0 -110 -74 90 0 0 1 0 1 0 -1 0 0 3665.dat
1 0 -80 -74 -90 -1 0 0 0 1 0 0 0 -1 3004.dat
1 0 -110 -74 -90 0 0 1 0 1 0 -1 0 0 3665.dat
1 226 -90 -90 -90 -1 0 0 0 1 0 0 0 -1 3024.dat
1 226 -180 -90 -90 -1 0 0 0 1 0 0 0 -1 3460.dat
1 226 -100 -82 -90 -1 0 0 0 1 0 0 0 -1 3710.dat
1 226 -240 -82 -90 -1 0 0 0 1 0 0 0 -1 35480.dat
1 226 -240 -74 -90 -1 0 0 0 1 0 0 0 -1 35480.dat
1 226 -240 -66 -90 -1 0 0 0 1 0 0 0 -1 35480.dat
1 226 -70 -90 90 -1 0 0 0 1 0 0 0 -1 25269.dat
1 226 -70 -90 -90 0 0 1 0 1 0 -1 0 0 25269.dat
1 226 -80.936 -50 127.855 0.995 0 -0.105 0 1 0 0.105 0 0.995 3004.dat
1 226 -110.771 -50 124.719 0.105 0 0.995 0 1 0 -0.995 0 0.105 3665.dat
1 226 -90.881 -58 126.809 0.995 0 -0.105 0 1 0 0.105 0 0.995 3623.dat
1 226 -180.388 -74 117.402 -0.105 0 -0.995 0 1 0 0.995 0 -0.105 62361.dat
1 226 -250 -50 110 -0.105 0 -0.995 0 1 0 0.995 0 -0.105 3665.dat
1 226 -250 -58 110 0.995 0 -0.105 0 1 0 0.105 0 0.995 3024.dat
1 226 -240.059 -66 111.13 0.995 0 -0.105 0 1 0 0.105 0 0.995 3023.dat
1 226 -100.826 -66 125.764 0.995 0 -0.105 0 1 0 0.105 0 0.995 3710.dat
1 226 -120.717 -74 123.674 0.995 0 -0.105 0 1 0 0.105 0 0.995 3710.dat
1 226 -210.224 -74 114.266 0.995 0 -0.105 0 1 0 0.105 0 0.995 3024.dat
1 226 -240.059 -74 111.13 0.105 0 0.995 0 1 0 -0.995 0 0.105 15672.dat
1 226 -68.9 -98 109.009 -0.995 0 0.105 0 1 0 -0.105 0 -0.995 6091.dat
1 226 -100.826 -98 125.764 -0.995 0 0.105 0 1 0 -0.105 0 -0.995 37352.dat
1 226 -140.607 -98 121.583 -0.995 0 0.105 0 1 0 -0.105 0 -0.995 37352.dat
1 226 -180.388 -98 117.402 -0.995 0 0.105 0 1 0 -0.105 0 -0.995 37352.dat
1 226 -220.169 -98 113.221 -0.995 0 0.105 0 1 0 -0.105 0 -0.995 37352.dat
1 226 -68.9 -98 109.009 0.105 0 0.995 0 1 0 -0.995 0 0.105 25269.dat
1 226 -110.771 -50 -124.719 -0.105 0 0.995 0 1 0 -0.995 0 -0.105 3665.dat
1 226 -80.936 -50 -127.855 -0.995 0 -0.105 0 1 0 0.105 0 -0.995 3004.dat
1 226 -90.881 -58 -126.809 -0.995 0 -0.105 0 1 0 0.105 0 -0.995 3623.dat
1 226 -180.388 -74 -117.402 -0.105 0 0.995 0 1 0 -0.995 0 -0.105 62361.dat
1 226 -250.004 -50 -110.085 0.105 0 -0.995 0 1 0 0.995 0 0.105 3665.dat
1 226 -250.004 -58 -110.085 0.105 0 -0.995 0 1 0 0.995 0 0.105 3024.dat
1 226 -240.059 -66 -111.13 -0.995 0 -0.105 0 1 0 0.105 0 -0.995 3023.dat
1 226 -100.826 -66 -125.764 -0.995 0 -0.105 0 1 0 0.105 0 -0.995 3710.dat
1 226 -240.059 -74 -111.13 -0.105 0 0.995 0 1 0 -0.995 0 -0.105 15672.dat
1 226 -210.224 -74 -114.266 -0.105 0 0.995 0 1 0 -0.995 0 -0.105 3024.dat
1 226 -120.717 -74 -123.674 -0.995 0 -0.105 0 1 0 0.105 0 -0.995 3710.dat
1 226 -68.9 -98 -109.009 0.995 0 0.105 0 1 0 -0.105 0 0.995 6091.dat
1 226 -100.826 -98 -125.764 0.995 0 0.105 0 1 0 -0.105 0 0.995 37352.dat
1 226 -140.607 -98 -121.583 0.995 0 0.105 0 1 0 -0.105 0 0.995 37352.dat
1 226 -180.388 -98 -117.402 0.995 0 0.105 0 1 0 -0.105 0 0.995 37352.dat
1 226 -220.169 -98 -113.221 0.995 0 0.105 0 1 0 -0.105 0 0.995 37352.dat
1 226 -68.9 -98 -109.009 -0.995 0 -0.105 0 1 0 0.105 0 -0.995 25269.dat
1 226 -140 -98 90 -1 0 0 0 1 0 0 0 -1 3460.dat
1 226 -140 -98 -90 -1 0 0 0 1 0 0 0 -1 3460.dat
1 226 -240 -98 90 0 0 1 0 1 0 -1 0 0 92946.dat
1 226 -240 -98 -90 0 0 1 0 1 0 -1 0 0 92946.dat
1 226 -220 -106 90 1 0 0 0 1 0 0 0 1 3023.dat
1 226 -220 -114 90 1 0 0 0 1 0 0 0 1 3023.dat
1 226 -220 -106 -90 1 0 0 0 1 0 0 0 1 3023.dat
1 226 -220 -114 -90 1 0 0 0 1 0 0 0 1 3023.dat
1 226 -220 -122 90 0 0 1 0 1 0 -1 0 0 92946.dat
1 226 -220 -122 -90 0 0 1 0 1 0 -1 0 0 92946.dat
1 226 -210 -130 90 0 0 1 0 1 0 -1 0 0 3024.dat
1 226 -210 -130 -90 0 0 1 0 1 0 -1 0 0 3024.dat
1 71 -190 -108 -100 -1 0 0 0 0 1 0 1 0 4070.dat
1 71 -190 -108 100 1 0 0 0 0 1 0 -1 0 4070.dat
1 226 -190 -122 -90 0 0 1 0 1 0 -1 0 0 3024.dat
1 226 -190 -122 90 0 0 1 0 1 0 -1 0 0 3024.dat
1 71 -180 -106 0 0 0 1 0 1 0 -1 0 0 3795.dat
1 71 -190 -114 0 0 0 1 0 1 0 -1 0 0 3023.dat
1 71 -190 -114 -40 0 0 1 0 1 0 -1 0 0 48336.dat
1 71 -190 -114 40 0 0 1 0 1 0 -1 0 0 48336.dat
1 72 -190 -122 0 0 0 1 0 1 0 -1 0 0 3666.dat
1 3 -170 -130 0 0 0 1 0 1 0 -1 0 0 3008.dat
1 71 -190 -130 0 0 0 1 0 1 0 -1 0 0 4477.dat
1 320 -180 -138 0 0 0 1 0 1 0 -1 0 0 3068.dat
1 320 -180 -138 40 0 0 1 0 1 0 -1 0 0 3068.dat
1 320 -180 -138 -40 0 0 1 0 1 0 -1 0 0 3068.dat
1 320 -180 -138 -70 -1 0 0 0 1 0 0 0 -1 3023.dat
1 320 -180 -138 70 -1 0 0 0 1 0 0 0 -1 3023.dat
1 226 -190 -138 -70 0 0 1 0 1 0 -1 0 0 54200.dat
1 226 -190 -138 70 0 0 1 0 1 0 -1 0 0 54200.dat
1 226 -200 -138 90 1 0 0 0 1 0 0 0 1 3023.dat
1 226 -200 -138 -90 1 0 0 0 1 0 0 0 1 3023.dat
1 0 -70 -18 0 0 0 -1 0 1 0 1 0 0 3794.dat
1 0 -50 -18 0 0 0 -1 0 1 0 1 0 0 3794.dat
1 0 -30 -18 0 0 0 -1 0 1 0 1 0 0 3794.dat
1 0 10 -18 0 0 0 -1 0 1 0 1 0 0 3794.dat
1 0 30 -18 0 0 0 -1 0 1 0 1 0 0 3794.dat
1 0 70 -18 0 0 0 -1 0 1 0 1 0 0 3794.dat
1 0 90 -18 0 0 0 -1 0 1 0 1 0 0 3794.dat
1 0 20 -18 -30 1 0 0 0 1 0 0 0 1 2412.dat
1 0 20 -18 -70 1 0 0 0 1 0 0 0 1 2412.dat
1 0 20 -18 30 1 0 0 0 1 0 0 0 1 2412.dat
1 0 20 -18 70 1 0 0 0 1 0 0 0 1 2412.dat
1 0 20 -18 -50 1 0 0 0 1 0 0 0 1 92280.dat
1 0 20 -18 -90 1 0 0 0 1 0 0 0 1 92280.dat
1 0 20 -18 50 1 0 0 0 1 0 0 0 1 92280.dat
1 0 20 -18 90 1 0 0 0 1 0 0 0 1 92280.dat
1 0 -10 -34 60 0 0 -1 0 1 0 1 0 0 15207.dat
1 0 -10 -34 -60 0 0 -1 0 1 0 1 0 0 15207.dat
1 0 -50 -26 -10 0 0 -1 0 1 0 1 0 0 43722.dat
1 71 20 -26 0 1 0 0 0 1 0 0 0 1 14418.dat
1 0 -10 -18 10 -0.259 0 -0.966 0 1 0 0.966 0 -0.259 4592.dat
1 0 -10 -18 -10 0.259 0 -0.966 0 1 0 0.966 0 0.259 4592.dat
1 0 -10 -18 -10 0.259 -0.933 -0.25 0 0.259 -0.966 0.966 0.25 0.067 4593.dat
1 0 -10 -18 10 -0.259 -0.933 -0.25 0 0.259 -0.966 0.966 -0.25 -0.067 4593.dat
1 0 -60 -34 0 1 0 0 0 1 0 0 0 1 92280.dat
1 0 0 -34 0 1 0 0 0 1 0 0 0 1 2431.dat
1 0 80 -26 0 1 0 0 0 1 0 0 0 1 3023.dat
1 0 80 -34 0 1 0 0 0 1 0 0 0 1 2412.dat
1 0 90 -10 30 0 0 1 0 1 0 -1 0 0 54200.dat
1 70 90 -18 50 0 0 1 0 1 0 -1 0 0 6141.dat
1 0 150 -18 -70 -1 0 0 0 1 0 0 0 -1 3623.dat
1 0 150 -18 70 -1 0 0 0 1 0 0 0 -1 3623.dat
1 0 90 -18 50 0 0 1 0 1 0 -1 0 0 54200.dat
1 0 90 -18 70 0 0 1 0 1 0 -1 0 0 54200.dat
1 0 -70 -42 0 0 0 1 0 1 0 -1 0 0 98138.dat
1 0 250 6 0 0 0 -1 0 1 0 1 0 0 3460.dat
1 226 250 -2 0 0 0 -1 0 1 0 1 0 0 3460.dat
1 226 250 -10 -40 0 0 -1 0 1 0 1 0 0 3666.dat
1 226 250 -10 60 0 0 -1 0 1 0 1 0 0 3710.dat
1 226 250 -18 0 0 0 -1 0 1 0 1 0 0 3666.dat
1 71 220 -18 -70 -1 0 0 0 1 0 0 0 -1 3710.dat
1 71 220 -18 70 -1 0 0 0 1 0 0 0 -1 3710.dat
1 226 250 -18 -100 0 0 1 0 1 0 -1 0 0 3023.dat
1 226 250 -18 100 0 0 1 0 1 0 -1 0 0 3023.dat
1 226 250 -26 -80 0 0 -1 0 1 0 1 0 0 3710.dat
1 226 250 -26 80 0 0 -1 0 1 0 1 0 0 3710.dat
1 0 250 -26 0 0 0 -1 0 1 0 1 0 0 2431.dat
1 226 250 -10 110 -1 0 0 0 1 0 0 0 -1 24201.dat
1 226 250 -10 -110 1 0 0 0 1 0 0 0 1 24201.dat
1 226 -160 -106 90 -1 0 0 0 1 0 0 0 -1 99207.dat
1 226 -120 -106 90 -1 0 0 0 1 0 0 0 -1 99207.dat
1 226 -80 -106 90 -1 0 0 0 1 0 0 0 -1 99207.dat
1 226 -120 -114 90 -1 0 0 0 1 0 0 0 -1 3666.dat
1 226 -150 -138 90 -1 0 0 0 1 0 0 0 -1 3622.dat
1 226 -90 -138 90 -1 0 0 0 1 0 0 0 -1 3622.dat
1 226 -120 -108 112 1 0 0 0 0 1 0 -1 0 3666.dat
1 226 -160 -118 104 1 0 0 0 0 1 0 -1 0 15068.dat
1 226 -120 -118 104 1 0 0 0 0 1 0 -1 0 15068.dat
1 226 -80 -118 104 1 0 0 0 0 1 0 -1 0 15068.dat
1 226 -160 -106 -90 1 0 0 0 1 0 0 0 1 99207.dat
1 226 -120 -106 -90 1 0 0 0 1 0 0 0 1 99207.dat
1 226 -80 -106 -90 1 0 0 0 1 0 0 0 1 99207.dat
1 226 -120 -114 -90 -1 0 0 0 1 0 0 0 -1 3666.dat
1 226 -150 -138 -90 -1 0 0 0 1 0 0 0 -1 3622.dat
1 226 -90 -138 -90 -1 0 0 0 1 0 0 0 -1 3622.dat
1 226 -120 -108 -112 1 0 0 0 0 -1 0 1 0 3666.dat
1 226 -160 -118 -104 -1 0 0 0 0 1 0 1 0 15068.dat
1 226 -120 -118 -104 -1 0 0 0 0 1 0 1 0 15068.dat
1 226 -80 -118 -104 -1 0 0 0 0 1 0 1 0 15068.dat
1 226 -210 -138 90 0 0 1 0 1 0 -1 0 0 54200.dat
1 226 -210 -138 -90 0 0 1 0 1 0 -1 0 0 54200.dat
1 226 -140 -146 90 -1 0 0 0 1 0 0 0 -1 3666.dat
1 226 -140 -146 -90 -1 0 0 0 1 0 0 0 -1 3666.dat
1 71 30 -24 100 0 0 1 -1 0 0 0 -1 0 30374.dat
1 71 30 -24 -20 0 0 1 -1 0 0 0 -1 0 30374.dat
1 226 -200 -108 108 1 0 0 0 0 1 0 -1 0 3023.dat
1 226 -190 -118 100 1 0 0 0 0 1 0 -1 0 11477.dat
1 226 -210 -118 100 1 0 0 0 0 1 0 -1 0 29119.dat
1 226 -200 -108 -108 -1 0 0 0 0 1 0 1 0 3023.dat
1 226 -190 -118 -100 -1 0 0 0 0 1 0 1 0 11477.dat
1 226 -210 -118 -100 -1 0 0 0 0 1 0 1 0 29120.dat
1 0 -100 -42 0 0 0 1 0 1 0 -1 0 0 3007.dat
1 72 -100 -50 -50 0 0 1 0 1 0 -1 0 0 3021.dat
1 72 -100 -50 50 0 0 1 0 1 0 -1 0 0 3021.dat
1 0 -100 -50 -10 -1 0 0 0 1 0 0 0 -1 60478.dat
1 0 -100 -50 10 -1 0 0 0 1 0 0 0 -1 60478.dat
1 71 -100 -58 0 0 0 1 0 1 0 -1 0 0 3034.dat
1 320 -90 -74 -70 0 0 -1 0 1 0 1 0 0 6091.dat
1 320 -90 -74 -50 0 0 -1 0 1 0 1 0 0 6091.dat
1 320 -90 -74 -30 0 0 -1 0 1 0 1 0 0 6091.dat
1 320 -90 -74 -10 0 0 -1 0 1 0 1 0 0 6091.dat
1 320 -90 -74 10 0 0 -1 0 1 0 1 0 0 6091.dat
1 320 -90 -74 30 0 0 -1 0 1 0 1 0 0 6091.dat
1 320 -90 -74 50 0 0 -1 0 1 0 1 0 0 6091.dat
1 320 -90 -74 70 0 0 -1 0 1 0 1 0 0 6091.dat
1 320 -110 -66 -70 0 0 -1 0 1 0 1 0 0 3024.dat
1 320 -110 -66 70 0 0 -1 0 1 0 1 0 0 3024.dat
1 320 -100 -58 -40 0 0 1 0 1 0 -1 0 0 15068.dat
1 320 -100 -58 0 0 0 1 0 1 0 -1 0 0 15068.dat
1 320 -100 -58 40 0 0 1 0 1 0 -1 0 0 15068.dat
1 320 -100 -66 -70 -1 0 0 0 1 0 0 0 -1 85984.dat
1 320 -100 -66 70 1 0 0 0 1 0 0 0 1 85984.dat
1 0 110 -42 0 0 0 1 0 1 0 -1 0 0 6111.dat
1 72 160 -42 -70 1 0 0 0 1 0 0 0 1 3066.dat
1 72 160 -42 70 1 0 0 0 1 0 0 0 1 3066.dat
1 0 110 -50 0 0 0 -1 0 1 0 1 0 0 6636.dat
1 0 110 -66 -90 -1 0 0 0 1 0 0 0 -1 3040.dat
1 0 110 -66 90 1 0 0 0 1 0 0 0 1 3040.dat
1 70 220 -26 -70 -1 0 0 0 1 0 0 0 -1 32028.dat
1 70 220 -26 70 1 0 0 0 1 0 0 0 1 32028.dat
1 0 230 -34 -70 1 0 0 0 1 0 0 0 1 3623.dat
1 0 230 -42 -70 1 0 0 0 1 0 0 0 1 3623.dat
1 0 230 -34 70 1 0 0 0 1 0 0 0 1 3623.dat
1 0 230 -42 70 1 0 0 0 1 0 0 0 1 3623.dat
1 15 250 -50 -70 1 0 0 0 1 0 0 0 1 98138.dat
1 15 250 -50 70 1 0 0 0 1 0 0 0 1 98138.dat
1 71 200 -50 -70 1 0 0 0 1 0 0 0 1 3710.dat
1 0 190 -58 -70 1 0 0 0 1 0 0 0 1 3623.dat
1 226 170 -66 -80 0 0 1 0 1 0 -1 0 0 11458.dat
1 226 180 -58 -70 0 0 -1 0 1 0 1 0 0 11477.dat
1 226 220 -66 -70 1 0 0 0 1 0 0 0 1 35480.dat
1 72 230 -58 -70 0 0 -1 0 1 0 1 0 0 36840.dat
1 0 180 -72 -90 -1 0 0 0 1 0 0 0 -1 2780.dat
1 0 200 -72 -90 -1 0 0 0 -1 0 0 0 1 62462.dat
1 71 200 -50 70 1 0 0 0 1 0 0 0 1 3710.dat
1 0 190 -58 70 1 0 0 0 1 0 0 0 1 3623.dat
1 226 170 -66 80 0 0 -1 0 1 0 1 0 0 11458.dat
1 226 180 -58 70 0 0 -1 0 1 0 1 0 0 11477.dat
1 226 220 -66 70 1 0 0 0 1 0 0 0 1 35480.dat
1 72 230 -58 70 0 0 -1 0 1 0 1 0 0 36840.dat
1 0 180 -72 90 -1 0 0 0 1 0 0 0 -1 2780.dat
1 0 200 -72 90 -1 0 0 0 -1 0 0 0 1 62462.dat
1 0 104 -70 -20 0 -1 0 0 0 1 -1 0 0 3020.dat
1 0 112 -80 -20 0 -1 0 1 0 0 0 0 1 3021.dat
1 0 112 -80 20 0 -1 0 1 0 0 0 0 1 3021.dat
1 226 112 -60 -50 0 -1 0 1 0 0 0 0 1 3024.dat
1 0 104 -60 30 0 -1 0 0 0 -1 1 0 0 2420.dat
1 71 112 -60 50 0 -1 0 0 0 1 -1 0 0 26047.dat
1 0 112 -90 -60 0 -1 0 0 0 1 -1 0 0 33909.dat
1 226 104 -80 -70 0 -1 0 1 0 0 0 0 1 3024.dat
1 0 120 -60 0 0 -1 0 0 0 -1 1 0 0 3666.dat
1 0 120 -80 -20 0 -1 0 0 0 -1 1 0 0 3666.dat
1 0 120 -100 0 0 -1 0 0 0 -1 1 0 0 3023.dat
1 0 128 -90 10 0 -1 0 -1 0 0 0 0 -1 60478.dat
1 0 128 -90 -10 0 -1 0 -1 0 0 0 0 -1 60478.dat
1 226 128 -60 0 0 -1 0 0 0 1 -1 0 0 3023.dat
1 71 128 -70 50 0 -1 0 0 0 1 -1 0 0 3021.dat
1 71 128 -70 -50 0 -1 0 0 0 1 -1 0 0 3021.dat
1 226 136 -70 0 0 -1 0 0 0 1 -1 0 0 3795.dat
1 2 136 -60 70 0 -1 0 0 0 1 -1 0 0 6141.dat
1 2 136 -60 -70 0 -1 0 0 0 1 -1 0 0 6141.dat
1 71 140 -50 -60 0 0 -1 0 1 0 1 0 0 41682.dat
1 71 140 -50 60 0 0 -1 0 1 0 1 0 0 41682.dat
1 320 144 -60 0 0 -1 0 0 0 1 -1 0 0 3710.dat
1 226 152 -60 0 0 -1 0 0 0 1 -1 0 0 3460.dat
1 0 152 -80 80 0 -1 0 0 0 1 -1 0 0 11211.dat
1 0 152 -80 -80 0 -1 0 0 0 1 -1 0 0 11211.dat
1 71 136 -80 50 0 -1 0 0 0 1 -1 0 0 49307.dat
1 71 136 -80 30 0 -1 0 0 0 1 -1 0 0 49307.dat
1 71 136 -80 10 0 -1 0 0 0 1 -1 0 0 49307.dat
1 71 136 -80 -10 0 -1 0 0 0 1 -1 0 0 49307.dat
1 71 136 -80 -30 0 -1 0 0 0 1 -1 0 0 49307.dat
1 71 136 -80 -50 0 -1 0 0 0 1 -1 0 0 49307.dat
1 72 160 -80 -70 0 -1 0 0 0 1 -1 0 0 14719.dat
1 72 160 -80 70 0 -1 0 1 0 0 0 0 1 14719.dat
1 0 160 -60 40 0 -1 0 0 0 1 -1 0 0 99207.dat
1 0 160 -60 0 0 -1 0 0 0 1 -1 0 0 99207.dat
1 0 160 -60 -40 0 -1 0 0 0 1 -1 0 0 99207.dat
1 0 184 -60 0 0 -1 0 0 0 1 -1 0 0 3009.dat
1 0 192 -60 0 0 -1 0 0 0 1 -1 0 0 6636.dat
1 0 172 -82 -20 0 0 -1 0 1 0 1 0 0 87079.dat
1 0 172 -82 40 0 0 -1 0 1 0 1 0 0 87580.dat
1 72 172 -90 40 0 0 -1 0 1 0 1 0 0 6141.dat
1 0 172 -98 40 0 0 -1 0 1 0 1 0 0 98138.dat
1 226 120 -80 70 0 -1 0 0 0 -1 1 0 0 3005.dat
1 226 104 -100 70 0 -1 0 0 0 1 -1 0 0 24201.dat
1 0 112 -100 70 0 -1 0 0 0 1 -1 0 0 3070.dat
1 226 104 -100 30 0 -1 0 0 0 1 -1 0 0 24201.dat
1 226 104 -100 -70 0 -1 0 0 0 1 -1 0 0 24201.dat
1 226 104 -100 0 0 -1 0 0 0 1 -1 0 0 32803.dat
1 226 104 -100 -40 0 -1 0 0 0 1 -1 0 0 32803.dat
1 72 109.4 -102.35 50 -0.423 0.906 0 0.906 0.423 0 0 0 -1 6141.dat
1 72 102.152 -105.734 50 -0.423 0.906 0 0.906 0.423 0 0 0 -1 6141.dat
1 15 90.674 -100.058 50 -0.423 0.906 0 0.906 0.423 0 0 0 -1 35480.dat
1 226 89.462 -78.554 50 -0.423 0.906 0 0.906 0.423 0 0 0 -1 35480.dat
1 71 87.656 -112.502 50 0 0.906 0.423 0 0.423 -0.906 -1 0 0 98138.dat
1 0 79.196 -94.382 50 -0.109557 0.906 -0.408618 0.234654 0.423 0.875196 0.966 0 -0.259 32828.dat
1 71 110 -80 50 0.423 -0.906 0 -0.906 -0.423 0 0 0 -1 48729.dat
1 71 57.452 -104.534 50 0.366318 0.906 0.2115 -0.784596 0.423 -0.453 -0.5 0 0.866 2819.dat
1 226 110 -18 120 0 0 1 0 1 0 -1 0 0 3023.dat
1 226 100 -26 140 0 0 1 0 1 0 -1 0 0 2430.dat
1 226 110 -50 120 0 0 -1 0 1 0 1 0 0 11211.dat
1 226 120 -40 120 0 -1 0 0 0 -1 1 0 0 85984.dat
1 226 100 -58 140 0 0 1 0 1 0 -1 0 0 2430.dat
1 226 110 -66 110 0 0 1 0 1 0 -1 0 0 3024.dat
1 226 110 -82 130 1 0 0 0 1 0 0 0 1 6231.dat
1 226 110 -18 -120 0 0 1 0 1 0 -1 0 0 3023.dat
1 226 100 -26 -140 0 0 1 0 1 0 -1 0 0 2429.dat
1 226 110 -50 -120 0 0 -1 0 1 0 1 0 0 11211.dat
1 226 120 -40 -120 0 -1 0 0 0 -1 1 0 0 85984.dat
1 226 100 -58 -140 0 0 1 0 1 0 -1 0 0 2429.dat
1 226 110 -66 -110 0 0 -1 0 1 0 1 0 0 3024.dat
1 226 110 -82 -130 0 0 -1 0 1 0 1 0 0 6231.dat
1 226 -197.68 -164.43 -72 0.574 0 0.819 -0.819 0 0.574 0 -1 0 3666.dat
1 71 -220.64 -131.67 -48 0.574 0 0.819 -0.819 0 0.574 0 -1 0 3004.dat
1 226 -214.9 -139.86 -40 0.574 0 0.819 -0.819 0 0.574 0 -1 0 3024.dat
1 0 -226.38 -123.48 -40 -0.574 0 -0.819 0.819 0 -0.574 0 -1 0 60897.dat
1 71 -220.64 -131.67 0 0.574 0 0.819 -0.819 0 0.574 0 -1 0 22885.dat
1 71 -220.64 -131.67 40 0.574 0 0.819 -0.819 0 0.574 0 -1 0 22885.dat
1 0 -226.38 -123.48 48 -0.574 0 -0.819 0.819 0 -0.574 0 -1 0 60897.dat
1 226 -214.9 -139.86 48 0.574 0 0.819 -0.819 0 0.574 0 -1 0 3024.dat
1 71 -220.64 -131.67 72 0.574 0 0.819 -0.819 0 0.574 0 -1 0 3004.dat
1 0 -186.2 -180.81 72 -0.574 0 -0.819 0.819 0 -0.574 0 -1 0 60596.dat
1 47 -190.295 -183.68 68 -0.574 0 -0.819 0.819 0 -0.574 0 -1 0 57895.dat
1 226 -214.9 -139.86 80 -0.574 0 -0.819 0.819 0 -0.574 0 -1 0 63864.dat
1 226 -180.46 -189 80 -0.574 0 -0.819 0.819 0 -0.574 0 -1 0 63864.dat
1 226 -241.122 -133.812 0 0 0.819 -0.574 0 0.574 0.819 1 0 0 4162.dat
1 226 -229.642 -150.192 0 0 0.819 -0.574 0 0.574 0.819 1 0 0 4162.dat
1 226 250 -50 100 0 0 -1 0 1 0 1 0 0 52107.dat
1 226 250 -50 -100 0 0 -1 0 1 0 1 0 0 52107.dat
1 47 268 -40 -110 0 -1 0 0 0 -1 1 0 0 6141.dat
1 47 268 -40 110 0 -1 0 0 0 -1 1 0 0 6141.dat
1 226 240 -40 100 0 1 0 0 0 -1 -1 0 0 85984.dat
1 226 240 -40 -100 0 1 0 0 0 -1 -1 0 0 85984.dat
1 226 240 -58 -90 1 0 0 0 1 0 0 0 1 35480.dat
1 226 240 -66 -90 1 0 0 0 1 0 0 0 1 35480.dat
1 0 250 -74 -90 1 0 0 0 1 0 0 0 1 32828.dat
1 0 230 -74 -80 -1 0 0 0 1 0 0 0 -1 15672.dat
1 226 240 -82 -90 1 0 0 0 1 0 0 0 1 35480.dat
1 226 240 -90 -90 1 0 0 0 1 0 0 0 1 35480.dat
1 226 250 -98 -90 1 0 0 0 1 0 0 0 1 24246.dat
1 226 240 -58 90 1 0 0 0 1 0 0 0 1 35480.dat
1 226 240 -66 90 1 0 0 0 1 0 0 0 1 35480.dat
1 0 250 -74 90 1 0 0 0 1 0 0 0 1 32828.dat
1 0 230 -74 80 1 0 0 0 1 0 0 0 1 15672.dat
1 226 240 -82 90 1 0 0 0 1 0 0 0 1 35480.dat
1 226 240 -90 90 1 0 0 0 1 0 0 0 1 35480.dat
1 226 250 -98 90 -1 0 0 0 1 0 0 0 -1 24246.dat
1 71 252 -80 0 0 -1 0 0 0 1 -1 0 0 87609.dat
1 72 276 -40 -20 0 -1 0 0 0 1 -1 0 0 18671.dat
1 72 276 -40 20 0 -1 0 0 0 1 -1 0 0 18671.dat
1 70 252 -70 60 0 -1 0 0 0 1 -1 0 0 3022.dat
1 70 252 -70 -60 0 -1 0 0 0 1 -1 0 0 3022.dat
1 226 260 -60 30 0 -1 0 0 0 1 -1 0 0 34103.dat
1 226 260 -80 30 0 -1 0 0 0 1 -1 0 0 34103.dat
1 226 260 -60 -30 0 -1 0 0 0 1 -1 0 0 34103.dat
1 226 260 -80 -30 0 -1 0 0 0 1 -1 0 0 34103.dat
1 226 260 -70 70 0 -1 0 1 0 0 0 0 1 3069.dat
1 226 260 -70 -70 0 -1 0 1 0 0 0 0 1 3069.dat
1 226 268 -60 40 0 -1 0 0 0 -1 1 0 0 3623.dat
1 226 268 -60 -30 0 -1 0 0 0 -1 1 0 0 3710.dat
1 71 284 -20 0 0 -1 0 0 0 -1 1 0 0 3666.dat
1 71 292 -20 0 0 -1 0 0 0 -1 1 0 0 2431.dat
1 71 292 -20 -80 0 -1 0 1 0 0 0 0 1 61678.dat
1 71 292 -20 80 0 -1 0 -1 0 0 0 0 -1 61678.dat
1 71 276 -20 60 0 -1 0 0 0 -1 1 0 0 3023.dat
1 71 276 -20 -60 0 -1 0 0 0 -1 1 0 0 3023.dat
1 71 268 -20 -90 0 -1 0 0 0 -1 1 0 0 3623.dat
1 71 268 -20 90 0 -1 0 0 0 -1 1 0 0 3623.dat
1 71 268 -20 -50 0 -1 0 0 0 -1 1 0 0 2420.dat
1 71 268 -20 50 0 -1 0 -1 0 0 0 0 -1 2420.dat
1 226 276 -60 0 0 -1 0 -1 0 0 0 0 -1 3024.dat
1 226 276 -60 20 0 -1 0 -1 0 0 0 0 -1 15712.dat
1 226 276 -60 -20 0 -1 0 -1 0 0 0 0 -1 15712.dat
1 226 260 -80 20 0 -1 0 0 0 1 -1 0 0 54200.dat
1 226 260 -80 -10 0 -1 0 0 0 1 -1 0 0 85984.dat
1 226 260 -70 40 0 -1 0 0 0 1 -1 0 0 11477.dat
1 226 260 -70 -40 0 -1 0 0 0 1 -1 0 0 11477.dat
1 226 260 -70 60 0 -1 0 0 0 1 -1 0 0 29119.dat
1 226 260 -70 -60 0 -1 0 0 0 1 -1 0 0 29120.dat
1 226 284 -40 -60 0 -1 0 1 0 0 0 0 1 61678.dat
1 226 284 -40 60 0 -1 0 -1 0 0 0 0 -1 61678.dat
1 226 284 -40 0 0 -1 0 0 0 1 -1 0 0 35480.dat
1 71 282 -60 24 0 -1 0 0 0 1 -1 0 0 89522.dat
1 71 282 -60 -24 0 1 0 0 0 1 1 0 0 89522.dat
1 226 246 -98 0 0 0 1 0 1 0 -1 0 0 4162.dat
1 0 292 -40 0 0 -1 0 0 0 1 -1 0 0 63864.dat
1 226 120 -74 120 0 0 -1 0 1 0 1 0 0 2429.dat
1 226 120 -74 120 0.988 0 0.152 0 1 0 -0.152 0 0.988 2430.dat
1 0 110 -82 100 0 0 -1 0 1 0 1 0 0 3023.dat
1 226 110 -90 110 0 0 -1 0 1 0 1 0 0 3024.dat
1 0 110 -90 90 0 0 -1 0 1 0 1 0 0 3070.dat
1 226 110 -82 120 -1 0 0 0 1 0 0 0 -1 11477.dat
1 226 131.405 -66 128.362 0.988 0 0.152 0 1 0 -0.152 0 0.988 3024.dat
1 226 180.823 -74 120.756 0.152 0 -0.988 0 1 0 0.988 0 0.152 62361.dat
1 226 250.008 -58 110.108 0.988 0 0.152 0 1 0 -0.152 0 0.988 3024.dat
1 226 240.125 -66 111.629 0.988 0 0.152 0 1 0 -0.152 0 0.988 3023.dat
1 226 240.125 -74 111.629 0.988 0 0.152 0 1 0 -0.152 0 0.988 3023.dat
1 226 141.288 -98 126.841 -0.988 0 -0.152 0 1 0 0.152 0 -0.988 37352.dat
1 226 180.823 -98 120.756 -0.988 0 -0.152 0 1 0 0.152 0 -0.988 37352.dat
1 226 240.125 -98 111.629 -0.988 0 -0.152 0 1 0 0.152 0 -0.988 37352.dat
1 226 207.431 -98 96.425 -0.988 0 -0.152 0 1 0 0.152 0 -0.988 6091.dat
1 226 120 -74 -120 0 0 -1 0 1 0 1 0 0 2430.dat
1 226 120 -74 -120 -0.988 0 0.152 0 1 0 -0.152 0 -0.988 2429.dat
1 0 110 -82 -100 0 0 -1 0 1 0 1 0 0 3023.dat
1 226 110 -90 -110 0 0 -1 0 1 0 1 0 0 3024.dat
1 0 110 -90 -90 0 0 -1 0 1 0 1 0 0 3070.dat
1 226 110 -82 -120 1 0 0 0 1 0 0 0 1 11477.dat
1 226 131.405 -66 -128.362 -0.988 0 0.152 0 1 0 -0.152 0 -0.988 3024.dat
1 226 180.823 -74 -120.756 0.152 0 0.988 0 1 0 -0.988 0 0.152 62361.dat
1 226 250 -58 -110 0.152 0 0.988 0 1 0 -0.988 0 0.152 3024.dat
1 226 240.125 -66 -111.629 0.988 0 -0.152 0 1 0 0.152 0 0.988 3023.dat
1 226 240.125 -74 -111.629 0.988 0 -0.152 0 1 0 0.152 0 0.988 3023.dat
1 226 141.288 -98 -126.841 0.988 0 -0.152 0 1 0 0.152 0 0.988 37352.dat
1 226 180.823 -98 -120.756 0.988 0 -0.152 0 1 0 0.152 0 0.988 37352.dat
1 226 240.125 -98 -111.629 0.988 0 -0.152 0 1 0 0.152 0 0.988 37352.dat
1 226 207.431 -98 -96.425 0.988 0 -0.152 0 1 0 0.152 0 0.988 6091.dat
1 0 132 -98 -80 0 0 -1 0 1 0 1 0 0 33909.dat
1 226 122 -106 -90 0 0 -1 0 1 0 1 0 0 3623.dat
1 226 122 -106 -110 1 0 0 0 1 0 0 0 1 54200.dat
1 0 132 -98 80 0 0 -1 0 1 0 1 0 0 33909.dat
1 226 122 -106 90 0 0 -1 0 1 0 1 0 0 3623.dat
1 226 122 -106 110 -1 0 0 0 1 0 0 0 -1 54200.dat
1 71 268 -72 90 0 -1 0 -1 0 0 0 0 -1 18674.dat
1 47 276 -72 90 0 -1 0 -1 0 0 0 0 -1 4740.dat
1 71 268 -72 -90 0 -1 0 -1 0 0 0 0 -1 18674.dat
1 47 276 -72 -90 0 -1 0 -1 0 0 0 0 -1 4740.dat
1 47 -90 -170 90 -1 0 0 0 1 0 0 0 -1 3005.dat
1 47 -90 -194 90 -1 0 0 0 1 0 0 0 -1 3005.dat
1 47 -90 -202 80 0 0 -1 0 1 0 1 0 0 3023.dat
1 47 -90 -210 90 0 0 -1 0 1 0 1 0 0 3024.dat
1 47 -90 -170 -90 -1 0 0 0 1 0 0 0 -1 3005.dat
1 47 -90 -194 -90 -1 0 0 0 1 0 0 0 -1 3005.dat
1 47 -90 -202 -80 0 0 -1 0 1 0 1 0 0 3023.dat
1 47 -90 -210 -90 0 0 -1 0 1 0 1 0 0 3024.dat
1 0 -70 -178 90 -1 0 0 0 1 0 0 0 -1 32952.dat
1 0 -70 -202 90 1 0 0 0 1 0 0 0 1 3665.dat
1 0 -70 -178 -90 1 0 0 0 1 0 0 0 1 32952.dat
1 0 -70 -202 -90 -1 0 0 0 1 0 0 0 -1 3665.dat
1 0 122 -130 -80 0 0 1 0 1 0 -1 0 0 3937.dat
1 0 122 -130 80 0 0 1 0 1 0 -1 0 0 3937.dat
1 226 -100 -226 90 0 0 1 0 1 0 -1 0 0 6060.dat
1 226 -100 -226 -90 0 0 1 0 1 0 -1 0 0 6060.dat
1 226 53.372 -211.086 0 0 0.602 -0.799 0 0.799 0.602 1 0 0 4162.dat
1 226 53.372 -211.086 90 -0.799 0.602 0 0.602 0.799 0 0 0 -1 15712.dat
1 226 53.372 -211.086 90 -0.799 0.602 0 0.602 0.799 0 0 0 -1 15712.dat
1 226 53.372 -211.086 -90 -0.799 0.602 0 0.602 0.799 0 0 0 -1 15712.dat
1 0 115.98 -127.99 -80 0 0.602 0.799 0 0.799 -0.602 -1 0 0 3938.dat
1 0 115.98 -127.99 80 0 0.602 0.799 0 0.799 -0.602 -1 0 0 3938.dat
1 0 115.98 -127.99 40 0 0.602 0.799 0 0.799 -0.602 -1 0 0 3023.dat
1 0 115.98 -127.99 -40 0 0.602 0.799 0 0.799 -0.602 -1 0 0 3023.dat
1 0 -100 -210 0 0 0 -1 0 1 0 1 0 0 3035.dat
1 226 -70 -218 -60 0 0 -1 0 1 0 1 0 0 3710.dat
1 226 -70 -218 40 0 0 -1 0 1 0 1 0 0 3666.dat
1 226 -120 -218 0 0 0 -1 0 1 0 1 0 0 3035.dat
1 226 -70 -226 0 0 0 -1 0 1 0 1 0 0 2431.dat
1 0 -80 -226 -50 1 0 0 0 1 0 0 0 1 92280.dat
1 0 -80 -226 50 1 0 0 0 1 0 0 0 1 92280.dat
1 226 -80 -226 -70 1 0 0 0 1 0 0 0 1 3069.dat
1 226 -80 -226 70 1 0 0 0 1 0 0 0 1 3069.dat
1 226 -120 -226 -70 1 0 0 0 1 0 0 0 1 3023.dat
1 226 -120 -226 -50 1 0 0 0 1 0 0 0 1 3023.dat
1 226 -120 -226 70 1 0 0 0 1 0 0 0 1 3023.dat
1 226 -120 -226 50 1 0 0 0 1 0 0 0 1 3023.dat
1 0 -110 -226 -20 1 0 0 0 1 0 0 0 1 3021.dat
1 0 -110 -226 20 1 0 0 0 1 0 0 0 1 3021.dat
1 226 -100 -234 -40 0 0 -1 0 1 0 1 0 0 87079.dat
1 226 -100 -234 40 0 0 -1 0 1 0 1 0 0 87079.dat
1 226 -140 -218 -60 0 0 1 0 1 0 -1 0 0 15068.dat
1 226 -140 -218 -20 0 0 1 0 1 0 -1 0 0 15068.dat
1 226 -140 -218 20 0 0 1 0 1 0 -1 0 0 15068.dat
1 226 -140 -218 60 0 0 1 0 1 0 -1 0 0 15068.dat
1 0 -20 -210 90 -1 0 0 0 1 0 0 0 -1 3666.dat
1 226 -40 -218 90 -1 0 0 0 1 0 0 0 -1 3023.dat
1 226 20 -218 90 1 0 0 0 1 0 0 0 1 60478.dat
1 226 -10 -218 90 0 0 1 0 1 0 -1 0 0 32828.dat
1 71 -10 -216 75 1 0 0 0 1 0 0 0 1 32123.dat
1 0 -20 -210 -90 -1 0 0 0 1 0 0 0 -1 3666.dat
1 226 -40 -218 -90 -1 0 0 0 1 0 0 0 -1 3023.dat
1 226 20 -218 -90 1 0 0 0 1 0 0 0 1 60478.dat
1 226 -10 -218 -90 0 0 -1 0 1 0 1 0 0 32828.dat
1 71 -10 -216 -75 -1 0 0 0 1 0 0 0 -1 32123.dat
1 226 -40 -226 90 1 0 0 0 1 0 0 0 1 4162.dat
1 226 -40 -226 -90 1 0 0 0 1 0 0 0 1 4162.dat
1 0 -70 -232 -42 0 0 -1 1 0 0 0 -1 0 63965.dat
1 226 -70 -178 108 0 0 -1 1 0 0 0 -1 0 2431.dat
1 226 -70 -178 -108 0 0 1 1 0 0 0 1 0 2431.dat
1 0 -274 8 -50 0 -1 0 0 0 1 -1 0 0 64644.dat
1 71 180 0 0 1 0 0 0 1 0 0 0 1 26287.dat
1 71 180 0 -60 0 0 1 0 1 0 -1 0 0 32073.dat
1 71 180 0 60 0 0 1 0 1 0 -1 0 0 32073.dat
1 14 180 0 -35 -1 0 0 0 1 0 0 0 -1 32123.dat
1 14 180 0 35 -1 0 0 0 1 0 0 0 -1 32123.dat
1 4 180 0 -50 -1 0 0 0 -1 0 0 0 1 3713.dat
1 4 180 0 50 1 0 0 0 -1 0 0 0 -1 3713.dat
1 14 180 0 -85 -1 0 0 0 1 0 0 0 -1 32123.dat
1 14 180 0 85 -1 0 0 0 1 0 0 0 -1 32123.dat
1 15 180 0 110 1 0 0 0 1 0 0 0 1 56904.dat
1 256 180 0 110 1 0 0 0 1 0 0 0 1 30699.dat
1 15 180 0 -110 -1 0 0 0 1 0 0 0 -1 56904.dat
1 256 180 0 -110 -1 0 0 0 1 0 0 0 -1 30699.dat
1 80 180 0 118 1 0 0 0 0 1 0 -1 0 6141.dat
1 80 180 0 126 1 0 0 0 0 1 0 -1 0 6141.dat
1 80 180 0 134 1 0 0 0 0 1 0 -1 0 15587.dat
1 80 180 0 -118 -1 0 0 0 0 1 0 1 0 6141.dat
1 80 180 0 -126 -1 0 0 0 0 1 0 1 0 6141.dat
1 80 180 0 -134 -1 0 0 0 0 1 0 1 0 15587.dat
1 71 -180 0 0 1 0 0 0 1 0 0 0 1 26287.dat
1 71 -180 0 -60 0 0 1 0 1 0 -1 0 0 32073.dat
1 71 -180 0 60 0 0 1 0 1 0 -1 0 0 32073.dat
1 14 -180 0 -35 -1 0 0 0 1 0 0 0 -1 32123.dat
1 14 -180 0 35 -1 0 0 0 1 0 0 0 -1 32123.dat
1 4 -180 0 -50 -1 0 0 0 -1 0 0 0 1 3713.dat
1 4 -180 0 50 1 0 0 0 -1 0 0 0 -1 3713.dat
1 14 -180 0 -85 -1 0 0 0 1 0 0 0 -1 32123.dat
1 14 -180 0 85 -1 0 0 0 1 0 0 0 -1 32123.dat
1 15 -180 0 110 1 0 0 0 1 0 0 0 1 56904.dat
1 256 -180 0 110 1 0 0 0 1 0 0 0 1 30699.dat
1 15 -180 0 -110 -1 0 0 0 1 0 0 0 -1 56904.dat
1 256 -180 0 -110 -1 0 0 0 1 0 0 0 -1 30699.dat
1 80 -180 0 118 1 0 0 0 0 1 0 -1 0 6141.dat
1 80 -180 0 126 1 0 0 0 0 1 0 -1 0 6141.dat
1 80 -180 0 134 1 0 0 0 0 1 0 -1 0 15587.dat
1 80 -180 0 -118 -1 0 0 0 0 1 0 1 0 6141.dat
1 80 -180 0 -126 -1 0 0 0 0 1 0 1 0 6141.dat
1 80 -180 0 -134 -1 0 0 0 0 1 0 1 0 15587.dat
1 71 -210 -34 -30 0 0 -1 0 1 0 1 0 0 2420.dat
1 0 -210 -42 10 0 0 -1 0 1 0 1 0 0 2711.dat
1 72 -230 -42 -20 0 0 1 0 1 0 -1 0 0 63868.dat
1 72 -210 -66 -20 0 0 1 0 1 0 -1 0 0 3700.dat
1 0 -220 -56 -20 1 0 0 0 0 -1 0 1 0 2780.dat
1 72 -230 -66 -20 0 0 1 0 1 0 -1 0 0 3700.dat
1 72 -220 -34 50 0 0 1 0 1 0 -1 0 0 3021.dat
1 0 -230 -42 40 0 0 1 0 1 0 -1 0 0 21445.dat
1 0 -220 -74 -20 0 0 1 0 1 0 -1 0 0 3022.dat
1 72 -220 -66 10 -1 0 0 0 1 0 0 0 -1 3298.dat
1 71 -240 -42 10 -1 0 0 0 1 0 0 0 -1 3023.dat
1 0 -220 -42 70 -1 0 0 0 1 0 0 0 -1 60478.dat
1 71 -250 -37 40 0 0 1 -1 0 0 0 -1 0 4624.dat
1 4 -220 -74 10 -1 0 0 0 1 0 0 0 -1 15573.dat
1 0 -220 -50 70 -1 0 0 0 1 0 0 0 -1 15573.dat
1 0 -230 -82 -20 0 0 1 0 1 0 -1 0 0 32028.dat
1 0 -220 -74 70 0 0 1 0 1 0 -1 0 0 3626.dat
1 297 -230 -90 -10 0.5 0 0.866 0 1 0 -0.866 0 0.5 24866.dat
1 0 -230 -40 -50 0 0 1 0.259 0.966 0 -0.966 0.259 0 23443.dat
1 4 -230 -68.978 -57.765 0 0 -1 0.259 -0.966 0 -0.966 -0.259 0 20482.dat
1 70 -220 -82 70 0 0 1 0 1 0 -1 0 0 6141.dat
1 70 -220 -82 10 0 0 1 0 1 0 -1 0 0 6141.dat
1 72 -220 -90 10 -1 0 0 0 1 0 0 0 -1 15712.dat
1 72 -220 -90 70 -1 0 0 0 1 0 0 0 -1 15712.dat
1 71 -238 -56 -20 0 1 0 -0.952 0 -0.305 -0.305 0 0.952 60849.dat
1 71 -250 -40 -70 0 0 1 -0.952 0.305 0 -0.305 -0.952 0 23443.dat
1 0 -220 -96 40 0 0 1 0 1 0 -1 0 0 2780.dat
1 135 -220 -96 50 1 0 0 0 0 -1 0 1 0 18654.dat
1 135 -220 -96 30 1 0 0 0 0 -1 0 1 0 18654.dat
1 71 -220 -96 0 1 0 0 0 0 -1 0 1 0 30374.dat
1 16 -210 -96 -28 0 0 -1 1 0 0 0 -1 0 752.dat
1 16 -210 -96 -28 0 0 1 1 0 0 0 1 0 755.dat
1 16 -250 -60 10 -1 0 0 0 1 0 0 0 -1 752.dat
1 16 -250 -60 10 -1 0 0 0 -1 0 0 0 1 755.dat
1 16 -209.9917 -95.9973 -22.2467 -0.000004 -0.004746 -0.999989 0.999999 -0.001513 0.000004 -0.001513 -0.999988 0.004746 754.dat
1 16 -209.9626 -95.9876 -19.7403 -0.049377 -0.014532 -0.998674 0.998772 -0.004892 -0.04931 -0.004169 -0.999882 0.014756 754.dat
1 16 -209.9064 -95.9677 -17.2344 -0.103597 -0.025812 -0.994284 0.994598 -0.009245 -0.10339 -0.006523 -0.999624 0.026631 754.dat
1 16 -209.8176 -95.9341 -14.7296 -0.162846 -0.039541 -0.985859 0.986614 -0.015215 -0.16236 -0.00858 -0.999102 0.04149 754.dat
1 16 -209.6914 -95.8826 -12.2268 -0.227073 -0.055008 -0.972323 0.973829 -0.022846 -0.226132 -0.009775 -0.998224 0.058756 754.dat
1 16 -209.5221 -95.8077 -9.7271 -0.295937 -0.072924 -0.95242 0.955156 -0.032908 -0.294267 -0.009883 -0.996794 0.079393 754.dat
1 16 -209.303 -95.7018 -7.2326 -0.368679 -0.093637 -0.924828 0.929517 -0.046268 -0.365864 -0.008532 -0.994531 0.104095 754.dat
1 16 -209.0248 -95.5528 -4.7462 -0.444097 -0.118432 -0.888117 0.89596 -0.065087 -0.439339 -0.005773 -0.990827 0.135015 754.dat
1 16 -208.6807 -95.3458 -2.2725 -0.520444 -0.145379 -0.841429 0.853895 -0.090116 -0.512585 -0.001307 -0.985264 0.171038 754.dat
1 16 -208.2695 -95.0636 0.1834 -0.595661 -0.172099 -0.784582 0.803223 -0.122201 -0.583009 0.004458 -0.977471 0.211025 754.dat
1 16 -207.7994 -94.6891 2.6161 -0.66772 -0.194181 -0.71864 0.744345 -0.161147 -0.648061 0.010035 -0.967639 0.252139 754.dat
1 16 -207.2942 -94.2114 5.0236 -0.734922 -0.204737 -0.646508 0.678023 -0.203217 -0.706391 0.013243 -0.957489 0.288165 754.dat
1 16 -206.7919 -93.6363 7.4106 -0.795766 -0.198553 -0.57213 0.605466 -0.240721 -0.758593 0.012897 -0.950069 0.311775 754.dat
1 16 -206.3308 -92.9865 9.7868 -0.848736 -0.177707 -0.498064 0.52872 -0.267174 -0.805651 0.0101 -0.947121 0.320717 754.dat
1 16 -205.9378 -92.2907 12.1622 -0.892983 -0.147806 -0.425128 0.450058 -0.282085 -0.847275 0.00531 -0.947935 0.318418 754.dat
1 16 -205.6234 -91.575 14.5434 -0.92816 -0.115831 -0.353699 0.372182 -0.287029 -0.882664 0.000718 -0.950893 0.309519 754.dat
1 16 -205.384 -90.8578 16.933 -0.954777 -0.086767 -0.284379 0.297313 -0.285715 -0.911028 -0.002204 -0.954379 0.298591 754.dat
1 16 -205.2108 -90.1496 19.331 -0.973979 -0.061456 -0.218148 0.226603 -0.281192 -0.932514 -0.004033 -0.957682 0.287801 754.dat
1 16 -205.0967 -89.4561 21.7369 -0.987022 -0.038697 -0.15585 0.160465 -0.274712 -0.948042 -0.006128 -0.960747 0.277357 754.dat
1 16 -205.0304 -88.7788 24.1493 -0.994974 -0.021192 -0.097865 0.099957 -0.26825 -0.95815 -0.005948 -0.963116 0.26902 754.dat
1 16 -205.007 -88.1186 26.5672 -0.999001 -0.004257 -0.044475 0.044041 -0.261304 -0.964251 -0.007517 -0.965247 0.261231 754.dat
1 16 -205.0365 -87.4716 28.9885 -0.999826 0.018638 0.000001 -0.004787 -0.256764 -0.966462 -0.018013 -0.966295 0.256808 754.dat
1 16 -205.144 -86.8354 31.4102 -0.998578 0.053316 0.00002 -0.013504 -0.252559 -0.967487 -0.051578 -0.966112 0.252919 754.dat
1 16 -205.3497 -86.2115 33.8285 -0.995529 0.09446 0.00007 -0.023541 -0.247382 -0.968632 -0.091479 -0.964303 0.2485 754.dat
1 16 -205.6701 -85.6026 36.238 -0.989844 0.142159 0.000173 -0.034781 -0.240991 -0.969904 -0.137839 -0.960059 0.243488 754.dat
1 16 -206.131 -85.0138 38.629 -0.979418 0.201841 0.000371 -0.048257 -0.232378 -0.971428 -0.195988 -0.951452 0.237335 754.dat
1 16 -206.7621 -84.4512 40.9865 -0.961933 0.273284 0.000728 -0.06355 -0.221096 -0.973179 -0.265794 -0.93618 0.230047 754.dat
1 16 -207.6134 -83.9267 43.2811 -0.929687 0.368349 0.001417 -0.08243 -0.204295 -0.975433 -0.35901 -0.906963 0.220293 754.dat
1 16 -208.7479 -83.4583 45.459 -0.872118 0.489287 0.002762 -0.103828 -0.179545 -0.978255 -0.478152 -0.853441 0.207386 754.dat
1 16 -210.2219 -83.1458 47.135 -0.688227 0.725467 0.006379 -0.131867 -0.116442 -0.984405 -0.71341 -0.678335 0.175804 756.dat
1 16 -213.4867 -82.7221 49.7757 -0.332821 -0.942853 -0.016066 -0.098061 0.01766 0.995024 -0.937877 0.332741 -0.098335 754.dat
1 16 -215.8882 -82.7302 50.3849 -0.062704 -0.998026 0.003634 0.854806 -0.051826 0.516354 -0.515146 0.035484 0.856368 754.dat
1 16 -218.3669 -82.8966 50.2827 -0.240252 -0.970632 0.012332 0.358414 -0.100507 -0.928137 0.902119 -0.218567 0.372035 754.dat
1 16 -220.7473 -83.169 49.5923 -0.428173 -0.903658 0.008332 0.251587 -0.128053 -0.959326 0.86797 -0.408661 0.282178 754.dat
1 16 -222.9462 -83.4997 48.4558 -0.575974 -0.817448 0.005769 0.190626 -0.141171 -0.971459 0.794931 -0.558435 0.237138 754.dat
1 16 -224.9223 -83.8545 46.9665 -0.692576 -0.721334 0.003975 0.142955 -0.142653 -0.979395 0.707038 -0.677736 0.201916 754.dat
1 16 -226.6487 -84.2056 45.1922 -0.78986 -0.613281 0.002614 0.100868 -0.134112 -0.985819 0.604935 -0.778396 0.16779 754.dat
1 16 -228.089 -84.5272 43.1749 -0.874521 -0.484985 0.001521 0.061944 -0.114806 -0.991455 0.481015 -0.866954 0.130442 754.dat
1 16 -229.1823 -84.7899 40.9453 -0.946411 -0.322964 0.000648 0.027166 -0.081608 -0.996294 0.32182 -0.942886 0.086009 754.dat
1 16 -229.8268 -84.9538 38.5443 -0.994566 -0.104106 0.000076 0.002831 -0.027773 -0.99961 0.104067 -0.994178 0.027917 754.dat
1 16 -230.0342 -84.9959 36.0489 -0.999452 -0.03311 -0.000004 -0.000287 0.008777 -0.999961 0.033109 -0.999413 -0.008782 754.dat
1 16 -230.1711 -84.9625 33.5476 -0.994498 -0.104749 0.000917 -0.003437 0.023881 -0.999709 0.104697 -0.994212 -0.02411 754.dat
1 16 -230.4892 -84.8873 31.0639 -0.983944 -0.178432 0.003949 -0.012025 0.0442 -0.99895 0.17807 -0.982959 -0.045636 754.dat
1 16 -230.9965 -84.7572 28.6145 -0.966067 -0.258131 0.009125 -0.028096 0.0699 -0.997158 0.256759 -0.963578 -0.07478 754.dat
