0 
0 Name: New Model.ldr
0 Author: 
1 14 -200 -100 160 0 0 1 0 1 0 -1 0 0 3666.dat
1 14 -100 -100 160 0 0 1 0 1 0 -1 0 0 3666.dat
1 0 -150 -124 190 1 0 0 0 1 0 0 0 1 6140.dat
1 0 -150 -124 130 1 0 0 0 1 0 0 0 1 6140.dat
1 14 -150 -132 180 1 0 0 0 1 0 0 0 1 3022.dat
1 14 -150 -132 130 0 0 1 0 1 0 -1 0 0 3021.dat
1 14 -150 -124 110 1 0 0 0 1 0 0 0 1 48336.dat
1 0 -150 -103.029 96.64 -1 0 0 0 -0.422618 0.906308 0 0.906308 0.422618 6019.dat
1 42 -150 -103.029 96.64 1 0 0 0 -0.422618 -0.906308 0 0.906308 -0.422618 54200.dat
1 14 -150 -156 190 -1 0 0 0 1 0 0 0 -1 3747.dat
1 14 -150 -156 150 0 0 1 0 1 0 -1 0 0 3002.dat
1 14 -150 -156 110 1 0 0 0 1 0 0 0 1 3747.dat
1 14 -150 -164 160 0 0 1 0 1 0 -1 0 0 3034.dat
1 14 -150 -188 230 1 0 0 0 1 0 0 0 1 32064.dat
1 14 -150 -188 180 0 0 1 0 1 0 -1 0 0 3001.dat
1 0 -150 -178 300 0 0 1 0 1 0 -1 0 0 3707.dat
1 14 -150 -178 350 0 0 1 0 1 0 -1 0 0 6536.dat
1 14 -150 -178 390 1 0 0 0 1 0 0 0 1 32013.dat
1 34 -160 -158 350 0 -1 0 1 0 0 0 0 1 6141.dat
1 36 -140 -158 350 0 1 0 -1 0 0 0 0 1 6141.dat
1 18 -140 -178 390 1 0 0 0 1 0 0 0 1 3749.dat
1 0 -128 -178 390 0 0 1 0 1 0 -1 0 0 6041.dat
1 14 -150 -204 210 -1 0 0 0 1 0 0 0 -1 47456.dat
1 8 -160 -196 180 0 0 -1 0 1 0 1 0 0 3475.dat
1 8 -140 -196 180 0 0 1 0 1 0 -1 0 0 3475.dat
1 40 -150 -196 150 1 0 0 0 1 0 0 0 1 6070.dat
1 14 -150 -204 190 1 0 0 0 1 0 0 0 1 2412.dat
1 14 -150 -204 160 1 0 0 0 1 0 0 0 1 2460.dat
1 0 -150 -228 160 0.707107 0 0.707107 0 1 0 -0.707107 0 0.707107 2479.dat
1 0 -213.64 -236 223.64 0.707107 0 0.707107 0 1 0 -0.707107 0 0.707107 4162.dat
1 0 -86.36 -236 96.36 0.707107 0 0.707107 0 1 0 -0.707107 0 0.707107 4162.dat
