0 Main
0 Name: 5971-1 - Gold Heist.mpd
0 Author: LTRON
1 7 0 0 110 1 0 0 0 1 0 0 0 1 3023.dat
1 0 0 0 -160 0 0 1 0 1 0 -1 0 0 3795.dat
1 7 0 -8 110 1 0 0 0 1 0 0 0 1 3023.dat
1 7 0 -8 -110 1 0 0 0 1 0 0 0 1 3023.dat
1 15 -10 -24 -180 0 0 1 0 1 0 -1 0 0 3894.dat
1 15 10 -24 -180 0 0 1 0 1 0 -1 0 0 3894.dat
1 7 -20 -14 -140 1 0 0 0 1 0 0 0 1 3673.dat
1 7 20 -14 -140 1 0 0 0 1 0 0 0 1 3673.dat
1 19 -20 -14 -160 -1 0 0 0 1 0 0 0 -1 3749.dat
1 19 20 -14 -160 1 0 0 0 1 0 0 0 1 3749.dat
1 19 -20 -14 -200 -1 0 0 0 1 0 0 0 -1 3749.dat
1 19 20 -14 -200 1 0 0 0 1 0 0 0 1 3749.dat
1 7 -20 -14 -220 1 0 0 0 1 0 0 0 1 3673.dat
1 7 20 -14 -220 1 0 0 0 1 0 0 0 1 3673.dat
1 15 0 -32 110 1 0 0 0 1 0 0 0 1 3700.dat
1 0 0 -32 -110 1 0 0 0 1 0 0 0 1 32064.dat
1 0 0 -32 -180 0 0 1 0 1 0 -1 0 0 3795.dat
1 0 0 -22 -80 0 0 1 0 1 0 -1 0 0 3705.dat
1 7 0 -40 -230 1 0 0 0 1 0 0 0 1 3023.dat
1 0 0 -48 -230 -1 0 0 0 1 0 0 0 -1 2540.dat
1 7 -20 -46 -210 0 1 0 0 0 -1 -1 0 0 2335.dat
1 15 -10 -104 0 0 0 1 0 1 0 -1 0 0 6108.dat
1 15 10 -104 0 0 0 1 0 1 0 -1 0 0 6108.dat
1 15 0 -56 -130 1 0 0 0 1 0 0 0 1 3039.dat
1 7 0 -80 110 1 0 0 0 1 0 0 0 1 3004.dat
1 15 0 -80 -110 1 0 0 0 1 0 0 0 1 3039.dat
1 15 0 -88 100 1 0 0 0 1 0 0 0 1 51739.dat
1 15 -10 -104 -100 0 0 1 0 1 0 -1 0 0 3700.dat
1 15 10 -104 -100 0 0 1 0 1 0 -1 0 0 3700.dat
1 0 0 -94 -100 1 0 0 0 1 0 0 0 1 3705.dat
1 7 -30 -14 -100 0 1 0 -1 0 0 0 0 1 32009.dat
1 7 30 -14 -100 0 1 0 -1 0 0 0 0 1 32009.dat
1 0 -40 -14 -240 1 0 0 0 1 0 0 0 1 3673.dat
1 0 40 -14 -240 1 0 0 0 1 0 0 0 1 3673.dat
1 1 -20 -14 -260 -1 0 0 0 1 0 0 0 -1 3749.dat
1 1 20 -14 -260 1 0 0 0 1 0 0 0 1 3749.dat
1 15 0 -112 110 1 0 0 0 1 0 0 0 1 3701.dat
1 7 0 -112 90 1 0 0 0 1 0 0 0 1 3004.dat
1 1 -20 -102 120 0 0 -1 0 1 0 1 0 0 3749.dat
1 0 0 -102 120 0 0 1 0 1 0 -1 0 0 3673.dat
1 1 20 -102 120 0 0 -1 0 1 0 1 0 0 3749.dat
1 15 0 -62 130 1 0 0 0 0 1 0 -1 0 32316.dat
1 1 0 -82 140 0 0 -1 0 1 0 1 0 0 3749.dat
1 0 0 -82 150 -1 0 0 0 0 1 0 1 0 2825.dat
1 15 0 -120 100 1 0 0 0 1 0 0 0 1 51739.dat
1 0 0 -128 100 1 0 0 0 1 0 0 0 1 4032.dat
1 7 0 -128 70 1 0 0 0 1 0 0 0 1 3004.dat
1 15 -10 -128 -20 0 0 1 0 1 0 -1 0 0 3660.dat
1 15 10 -128 -20 0 0 -1 0 1 0 1 0 0 3660.dat
1 7 0 -128 -50 1 0 0 0 1 0 0 0 1 3004.dat
1 15 0 -128 -70 1 0 0 0 1 0 0 0 1 3298.dat
1 15 0 -152 0 -1 0 0 0 1 0 0 0 -1 44126.dat
1 15 -30 -152 -20 0 0 1 0 1 0 -1 0 0 3700.dat
1 15 30 -152 -20 0 0 1 0 1 0 -1 0 0 3700.dat
1 15 0 -152 -30 1 0 0 0 1 0 0 0 1 3298.dat
1 0 -40 -142 -20 1 0 0 0 1 0 0 0 1 3673.dat
1 0 40 -142 -20 1 0 0 0 1 0 0 0 1 3673.dat
1 0 -20 -160 -20 1 0 0 0 1 0 0 0 1 4150.dat
1 0 20 -160 -20 1 0 0 0 1 0 0 0 1 4150.dat
1 15 0 -73.408 -243.734 1 0 0 0 0.038 -0.999 0 0.999 0.038 3003.dat
1 0 0 -83.702 -251.346 -1 0 0 0 0.038 0.999 0 0.999 -0.038 2436.dat
1 43 0 -119.764 -199.952 1 0 0 0 0.999 0.038 0 -0.038 0.999 62360.dat
1 0 0 -84.31 -267.33 1 0 0 0 0.038 -0.999 0 0.999 0.038 6183.dat
1 15 -20 -64.33 -268.09 1 0 0 0 0.038 -0.999 0 0.999 0.038 3660.dat
1 15 20 -64.33 -268.09 1 0 0 0 0.038 -0.999 0 0.999 0.038 3660.dat
1 0 0 -14.38 -269.99 1 0 0 0 0.038 -0.999 0 0.999 0.038 2817.dat
1 36 -30 -64.33 -268.09 0 0 1 0.999 0.038 0 -0.038 0.999 0 54200.dat
1 33 30 -64.33 -268.09 0 0 -1 -0.999 0.038 0 0.038 0.999 0 54200.dat
1 57 -30 -44.654 -276.842 1 0 0 0 0.038 -0.999 0 0.999 0.038 6141.dat
1 57 30 -44.654 -276.842 1 0 0 0 0.038 -0.999 0 0.999 0.038 6141.dat
1 15 0 -24.674 -277.602 0 0 1 0.999 0.038 0 -0.038 0.999 0 3021.dat
1 15 0 -14.988 -285.974 1 0 0 0 0.038 -0.999 0 0.999 0.038 48183.dat
1 15 -10 -55.252 -292.446 -1 0 0 0 0.038 0.999 0 0.999 -0.038 61678.dat
1 15 10 -55.252 -292.446 -1 0 0 0 0.038 0.999 0 0.999 -0.038 61678.dat
1 0 0 -5.302 -294.346 1 0 0 0 0.038 -0.999 0 0.999 0.038 2412.dat
1 0 -60 0 -240 0 0 1 0 1 0 -1 0 0 3020.dat
1 15 -70 -24 -240 0 0 1 0 1 0 -1 0 0 3660.dat
1 15 -50 -24 -240 0 0 1 0 1 0 -1 0 0 3700.dat
1 15 -70 -34 -240 1 0 0 0 1 0 0 0 1 30360.dat
1 15 -90 -48 -240 0 0 1 0 1 0 -1 0 0 2436.dat
1 7 -60 -48 -240 1 0 0 0 1 0 0 0 1 3022.dat
1 7 -70 -34 -300 1 0 0 0 0 -1 0 1 0 30367.dat
1 15 -176 -38 -280 0 1 0 1 0 0 0 0 -1 2340.dat
1 15 -184 -38 -280 0 1 0 0 0 -1 -1 0 0 60470.dat
1 15 -182 -18 -330 1 0 0 0 0 1 0 -1 0 3957.dat
1 36 -184 -38 -290 0 1 0 -1 0 0 0 0 1 54200.dat
1 34 -182 -18 -340 1 0 0 0 0 1 0 -1 0 4589.dat
1 0 -80 -56 -240 1 0 0 0 1 0 0 0 1 4032.dat
1 7 -70 -64 -240 0 0 1 0 1 0 -1 0 0 3023.dat
1 0 -70 -72 -220 0 0 1 0 1 0 -1 0 0 2540.dat
1 15 -70 -88 -250 1 0 0 0 1 0 0 0 1 50950.dat
1 0 -90 -70 -220 -1 0 0 0 -1 0 0 0 1 53989.dat
1 0 -140 -87.5 -220 0.707107 0 -0.707107 0.707107 0 0.707107 0 -1 0 85940.dat
1 0 60 0 -240 0 0 1 0 1 0 -1 0 0 3020.dat
1 15 70 -24 -240 0 0 -1 0 1 0 1 0 0 3660.dat
1 15 50 -24 -240 0 0 1 0 1 0 -1 0 0 3700.dat
1 15 70 -34 -240 1 0 0 0 1 0 0 0 1 30360.dat
1 15 90 -48 -240 0 0 -1 0 1 0 1 0 0 2436.dat
1 7 60 -48 -240 1 0 0 0 1 0 0 0 1 3022.dat
1 7 70 -34 -300 1 0 0 0 0 -1 0 1 0 30367.dat
1 15 176 -38 -280 0 -1 0 -1 0 0 0 0 -1 2340.dat
1 15 184 -38 -280 0 -1 0 0 0 -1 1 0 0 60470.dat
1 15 182 -18 -330 1 0 0 0 0 1 0 -1 0 3957.dat
1 36 184 -38 -290 0 -1 0 1 0 0 0 0 1 54200.dat
1 34 182 -18 -340 1 0 0 0 0 1 0 -1 0 4589.dat
1 0 80 -56 -240 1 0 0 0 1 0 0 0 1 4032.dat
1 7 70 -64 -240 0 0 1 0 1 0 -1 0 0 3023.dat
1 0 70 -72 -220 0 0 -1 0 1 0 1 0 0 2540.dat
1 15 70 -88 -250 1 0 0 0 1 0 0 0 1 50950.dat
1 0 90 -70 -220 1 0 0 0 -1 0 0 0 -1 53989.dat
1 0 140 -87.5 -220 -0.707107 0 0.707107 0.707107 0 0.707107 0 1 0 85940.dat
1 8 0 -22 97 0 0 -1 0 1 0 1 0 0 32209.dat
1 14 0 -22 145 1 0 0 0 1 0 0 0 1 32123.dat
1 0 -50 -111.32 -181.24 0 -1 0 0.999 0 -0.033 0.033 0 0.999 32526.dat
1 4 -50 -74 -100 1 0 0 0 0.999 -0.033 0 0.033 0.999 32054.dat
1 0 50 -111.32 -181.24 0 -1 0 0.999 0 -0.033 0.033 0 0.999 32526.dat
1 4 50 -74 -100 -1 0 0 0 0.999 0.033 0 0.033 -0.999 32054.dat
1 7 0 -121.3183 -181.3203 1 0 0 0 0.999825 -0.008025 0 0.008025 0.999825 30157.dat
1 15 0 -129.4774 -161.388 1 0 0 0 0.999825 -0.008025 0 0.008025 0.999825 3795.dat
1 15 -10 -129.2366 -191.3827 -1 0 0 0 0.999825 0.008025 0 0.008025 -0.999825 30357.dat
1 15 10 -129.2366 -191.3827 0 0 1 0.008025 0.999825 0 -0.999825 0.008025 0 30357.dat
1 15 0 -145.3943 -171.5146 1 0 0 0 0.999825 -0.008025 0 0.008025 0.999825 52031.dat
1 0 0 -153.3929 -171.5788 -1 0 0 0 0.999825 0.008025 0 0.008025 -0.999825 2540.dat
1 0 -10 -161.3915 -171.643 0 0 1 0.008025 0.999825 0 -0.999825 0.008025 0 4081.dat
1 0 10 -161.3915 -171.643 0 0 -1 -0.008025 0.999825 0 0.999825 0.008025 0 4081.dat
1 47 -30 -159.2314 -191.6234 1 0 0 0 -0.008025 -0.999825 0 0.999825 -0.008025 6141.dat
1 47 30 -159.2314 -191.6234 1 0 0 0 -0.008025 -0.999825 0 0.999825 -0.008025 6141.dat
1 0 0 -153.5377 -131.592 1 0 0 0 0.99909 0 0 0 0.99909 6019.dat
1 0 0 -161.5304 -131.592 1 0 0 0 0.99909 0 0 0 0.99909 2569.dat
1 0 -80 -142 2 1 0 0 0 0 -1 0 1 0 6233.dat
1 15 -80 -142 -6 1 0 0 0 0 -1 0 1 0 30033.dat
1 15 -80 -142 -20 1 0 0 0 -1 0 0 0 -1 41531.dat
1 8 -80 -142 0 0 1 0 0 0 -1 -1 0 0 6587.dat
1 7 -80 -142 -54 1 0 0 0 0 -1 0 1 0 30367.dat
1 0 -80 -181.508 13.714 1 0 0 0 0.924 -0.383 0 0.383 0.924 6019.dat
1 15 -80 -203.952 26.066 -1 0 0 0 0.924 0.383 0 0.383 -0.924 50950.dat
1 0 -107.939 -114.061 13.714 -0.707 0.653 -0.271 -0.707 -0.653 0.271 0 0.383 0.924 6019.dat
1 15 -123.807 -98.193 26.066 0.707 0.653 0.271 0.707 -0.653 -0.271 0 0.383 -0.924 50950.dat
1 0 -52.061 -114.061 13.714 -0.707 -0.653 0.271 0.707 -0.653 0.271 0 0.383 0.924 6019.dat
1 15 -36.193 -98.193 26.066 0.707 -0.653 -0.271 -0.707 -0.653 -0.271 0 0.383 -0.924 50950.dat
1 0 80 -142 2 1 0 0 0 0 -1 0 1 0 6233.dat
1 15 80 -142 -6 1 0 0 0 0 -1 0 1 0 30033.dat
1 15 80 -142 -20 1 0 0 0 -1 0 0 0 -1 41531.dat
1 8 80 -142 0 0 1 0 0 0 -1 -1 0 0 6587.dat
1 7 80 -142 -54 1 0 0 0 0 -1 0 1 0 30367.dat
1 0 80 -181.508 13.714 1 0 0 0 0.924 -0.383 0 0.383 0.924 6019.dat
1 15 80 -203.952 26.066 -1 0 0 0 0.924 0.383 0 0.383 -0.924 50950.dat
1 0 52.061 -114.061 13.714 -0.707 0.653 -0.271 -0.707 -0.653 0.271 0 0.383 0.924 6019.dat
1 15 36.193 -98.193 26.066 0.707 0.653 0.271 0.707 -0.653 -0.271 0 0.383 -0.924 50950.dat
1 0 107.939 -114.061 13.714 -0.707 -0.653 0.271 0.707 -0.653 0.271 0 0.383 0.924 6019.dat
1 15 123.807 -98.193 26.066 0.707 -0.653 -0.271 -0.707 -0.653 -0.271 0 0.383 -0.924 50950.dat
1 7 -154.142 -73.358 -230 0 0 1 0 1 0 -1 0 0 61184.dat
1 16 -154.142 -73.358 -254 1 0 0 0 0 -1 0 1 0 4589.dat
1 7 154.142 -73.358 -230 0 0 1 0 1 0 -1 0 0 61184.dat
1 16 154.142 -73.358 -254 1 0 0 0 0 -1 0 1 0 4589.dat
1 14 0 -8 0 0 0 1 0 1 0 -1 0 0 3020.dat
1 0 -10 -16 0 0 0 1 0 1 0 -1 0 0 2540.dat
1 0 10 -16 0 0 0 -1 0 1 0 1 0 0 2540.dat
1 334 0 -28 0 1 0 0 0 1 0 0 0 1 3069.dat
1 334 0 -36 10 1 0 0 0 1 0 0 0 1 3069.dat
1 14 -30 -14 -20 0.987033 0 0.160519 0.160519 0 -0.987033 0 1 0 2335.dat
1 14 30 -14 -20 0.987033 0 -0.160519 -0.160519 0 -0.987033 0 1 0 2335.dat
1 14 0 -56 -30 1 0 0 0 1 0 0 0 1 4864.dat
1 14 0 -56 30 -1 0 0 0 1 0 0 0 -1 4864.dat
1 14 0 -64 0 0 0 1 0 1 0 -1 0 0 3020.dat
1 14 0 -72 30 -1 0 0 0 1 0 0 0 -1 44728.dat
1 14 -10 -72 0 0 0 1 0 1 0 -1 0 0 88072.dat
1 14 10 -72 0 0 0 -1 0 1 0 1 0 0 88072.dat
1 14 0 -72 -30 1 0 0 0 1 0 0 0 1 44728.dat
1 0 0 -52 52 -1 0 0 0 0 -1 0 -1 0 3176.dat
1 0 0 -52 -52 1 0 0 0 0 -1 0 1 0 3176.dat
1 0 0 -80 20 1 0 0 0 1 0 0 0 1 4150.dat
1 0 0 -80 -20 1 0 0 0 1 0 0 0 1 4150.dat
1 34 -30 -76 0 1 0 0 0 -1 0 0 0 -1 4589.dat
1 34 30 -76 0 1 0 0 0 -1 0 0 0 -1 4589.dat
