0 
0 Name: New Model.ldr
0 Author: 
1 1 -347 40 130 -0.382683 0 0.92388 0 1 0 -0.92388 0 -0.382683 2625.dat
1 15 -291.5672 32 107.039 -0.382683 0 0.92388 0 1 0 -0.92388 0 -0.382683 3069.dat
1 15 -402.4328 32 152.961 0.382683 0 -0.92388 0 1 0 0.92388 0 0.382683 3069.dat
1 15 -353.9971 32 165.3701 0.382683 0 -0.92388 0 1 0 0.92388 0 0.382683 4592.dat
1 0 -353.9971 32 165.3701 0.382683 0.653276 -0.653276 0 0.7071 0.7071 0.92388 -0.270595 0.270595 4593.dat
1 1 -307.8031 16 146.2359 0.92388 0 0.382683 0 1 0 -0.382683 0 0.92388 3010.dat
1 1 -312.2865 16 83.1495 0.92388 0 0.382683 0 1 0 -0.382683 0 0.92388 3004.dat
1 1 -358.4805 16 102.2836 0.92388 0 0.382683 0 1 0 -0.382683 0 0.92388 2607.dat
1 0 -368.6599 25 77.7084 0.92388 0.099038 0.369634 0 0.9659 -0.2588 -0.382683 0.2391 0.892376 2959.dat
1 15 -291.5672 8 107.039 -0.382683 0 0.92388 0 1 0 -0.92388 0 -0.382683 3710.dat
1 15 -317.0419 8 150.0627 -0.92388 0 -0.382683 0 1 0 0.382683 0 -0.92388 3623.dat
1 15 -340.0029 8 94.6299 -0.92388 0 -0.382683 0 1 0 0.382683 0 -0.92388 3623.dat
1 15 -310.0448 0 114.6927 -0.382683 0 0.92388 0 1 0 -0.92388 0 -0.382683 2419.dat
1 1 -315.4568 -8 127.7583 -0.92388 0 -0.382683 0 1 0 0.382683 0 -0.92388 4623.dat
1 1 -323.1104 -8 109.2807 0.92388 0 0.382683 0 1 0 -0.382683 0 0.92388 4623.dat
1 1 -319.2836 -16 118.5195 -0.382683 0 0.92388 0 1 0 -0.92388 0 -0.382683 3068.dat
1 38 -329.6817 -11 88.19 -0.382683 0 0.92388 0 1 0 -0.92388 0 -0.382683 6120.dat
1 38 -305.19 -11 147.3183 -0.382683 0 0.92388 0 1 0 -0.92388 0 -0.382683 6120.dat
