0 Main
0 Name: 952 - Tractor.mpd
0 Author: LTRON
1 4 0 -88 0 0 0 1 0 1 0 -1 0 0 3035.dat
1 4 0 -88 90 1 0 0 0 1 0 0 0 1 3710.dat
1 4 0 -96 -80 1 0 0 0 1 0 0 0 1 3020.dat
1 4 0 -96 60 0 0 1 0 1 0 -1 0 0 3020.dat
1 4 0 -104 60 0 0 1 0 1 0 -1 0 0 3020.dat
1 4 0 -110 10 -1 0 0 0 1 0 0 0 -1 3149.dat
1 4 0 -110 10 -1 0 0 0 0.599 0.801 0 0.801 -0.599 3148.dat
1 4 0 -110 10 1 0 0 0 1 0 0 0 1 313.dat
1 4 0 -135.2198 26.3694 1 0 0 0 0.599032 -0.800723 0 0.800723 0.599032 3022.dat
1 4 -30 -112 -20 0 0 1 0 1 0 -1 0 0 3010.dat
1 4 30 -112 -20 0 0 1 0 1 0 -1 0 0 3010.dat
1 4 -30 -112 100 0 0 1 0 1 0 -1 0 0 3702.dat
1 0 -80 -101.9802 160 1 0 0 0 1 0 0 0 1 3707.dat
1 7 -12 -101.9802 160 0 0 1 0 1 0 -1 0 0 3650.dat
1 4 30 -112 100 0 0 1 0 1 0 -1 0 0 3702.dat
1 0 80 -102 160 1 0 0 0 1 0 0 0 1 3707.dat
1 7 10 -102 160 0 0 1 -1 0 0 0 -1 0 3713.dat
1 4 -30 -120 20 0 0 1 0 1 0 -1 0 0 3460.dat
1 4 30 -120 20 0 0 1 0 1 0 -1 0 0 3460.dat
1 4 -30 -120 160 0 0 1 0 1 0 -1 0 0 3666.dat
1 4 30 -120 160 0 0 1 0 1 0 -1 0 0 3666.dat
1 4 -30 -112 190 1 0 0 0 1 0 0 0 1 3005.dat
1 4 30 -112 190 1 0 0 0 1 0 0 0 1 3005.dat
1 4 0 -112 210 1 0 0 0 1 0 0 0 1 3701.dat
1 4 0 -112 230 1 0 0 0 1 0 0 0 1 3700.dat
1 0 0 -102 220 0 0.38268 -0.923881 0 0.923881 0.38268 1 0 0 3705.dat
1 7 0 -102 190 0.923881 0.38268 0 -0.38268 0.923881 0 0 0 1 3647.dat
1 7 0 -102.0001 248 0.38268 -0.923881 0 0.923881 0.38268 0 0 0 1 3650.dat
1 4 0 -120 -90 1 0 0 0 1 0 0 0 1 3701.dat
1 4 0 -120 -70 1 0 0 0 1 0 0 0 1 3701.dat
1 4 -30 -88 160 0 0 1 0 1 0 -1 0 0 3666.dat
1 4 30 -88 160 0 0 1 0 1 0 -1 0 0 3666.dat
1 4 0 -88 220 1 0 0 0 1 0 0 0 1 3022.dat
1 7 40 -102 60 1 0 0 0 1 0 0 0 1 3673.dat
1 7 40 -102 100 1 0 0 0 1 0 0 0 1 3673.dat
1 4 50 -112 80 0 0 1 0 1 0 -1 0 0 3701.dat
1 4 0 -120 220 1 0 0 0 1 0 0 0 1 3022.dat
1 4 -50 -141.6351 206.1418 0 0 1 0.518026 0.855362 0 -0.855362 0.518025 0 3702.dat
1 4 -50 -79.6644 150.145 0 0 -1 -0.518026 0.855362 0 0.855362 0.518025 0 3710.dat
1 4 -50 -72.8215 154.2891 0 0 -1 -0.518026 0.855362 0 0.855362 0.518025 0 3710.dat
1 4 -50 -65.9785 158.4335 0 0 1 0.518026 0.855362 0 -0.855362 0.518025 0 3701.dat
1 4 50 -141.6349 206.1416 0 0 1 0.518025 0.855362 0 -0.855362 0.518026 0 3702.dat
1 4 50 -100.3853 184.3595 0 0 -1 -0.518026 0.855362 0 0.855362 0.518025 0 3710.dat
1 4 50 -93.5425 188.5037 0 0 -1 -0.518026 0.855362 0 0.855362 0.518025 0 3710.dat
1 4 50 -76.3392 175.5407 0 0 1 0.518026 0.855362 0 -0.855362 0.518025 0 3700.dat
1 7 -60 -67.7854 180.721 1 0 0 0 0.855362 -0.518026 0 0.518025 0.855362 3673.dat
1 7 60 -67.7854 180.721 1 0 0 0 0.855362 -0.518026 0 0.518025 0.855362 3673.dat
1 4 -70 -79.7124 161.8068 0 0 1 0.855362 -0.518026 0 0.518025 0.855362 0 3701.dat
1 4 70 -79.7124 161.8068 0 0 1 0.855362 -0.518026 0 0.518025 0.855362 0 3701.dat
1 7 -90 -101.9802 160 0 0 1 -1 0 0 0 -1 0 3713.dat
1 7 90 -102 160 0 0 -1 -1 0 0 0 1 0 3713.dat
1 4 -30 -128 160 0 0 1 0 1 0 -1 0 0 3710.dat
1 4 -30.0001 -136 160.0005 0 0 1.000004 0 1 0 -1.000004 0 0 3710.dat
1 4 30 -128 160 0 0 1 0 1 0 -1 0 0 3710.dat
1 4 30 -136 160.0006 0 0 1.000003 0 1 0 -1.000003 0 0 3710.dat
1 4 0 -120 90 1 0 0 0 1 0 0 0 1 3023.dat
1 4 0 -144.0001 210 1 0 0 0 1 0 0 0 1 3010.dat
1 4 0 -144 110 1 0 0 0 1 0 0 0 1 3037.dat
1 4 0 -162.3958 6.7365 -1 0 0 0 0.599024 0.800731 0 0.800731 -0.599024 3700.dat
1 4 0 -178.4102 18.7171 -1 0 0 0 0.599024 0.800731 0 0.800731 -0.599024 3700.dat
1 4 0 -194.4247 30.6977 -1 0 0 0 0.599024 0.800731 0 0.800731 -0.599024 3700.dat
1 0 0 -110 -100 0 0 -1 0 1 0 1 0 0 3706.dat
1 7 0 -110 -130 1 0 0 0 1 0 0 0 1 3647.dat
1 7 0 -110 -110 1 0 0 0 1 0 0 0 1 3647.dat
1 7 0 -110 -50 0 1 0 1 0 0 0 0 -1 3712.dat
1 7 0 -110 -20 1 0 0 0 1 0 0 0 1 3326.dat
1 7 0 -134.0219 -2.0293 1 0 0 0 0.599024 -0.800732 0 0.800732 0.599024 3712.dat
1 0 0 -174.0585 27.9219 0 0 -1 -0.800732 0.599024 0 0.599024 0.800732 0 3706.dat
1 7 0 -214.0951 57.8731 0 -1 0 0.599024 0 -0.800732 0.800732 0 0.599024 3648.dat
1 7 -30 -128 -100 0 0 1 0 1 0 -1 0 0 3460.dat
1 7 30 -128 -100 0 0 1 0 1 0 -1 0 0 3460.dat
1 7 -30 -128 0 0 0 1 0 1 0 -1 0 0 3023.dat
1 7 30 -128 0 0 0 1 0 1 0 -1 0 0 3023.dat
1 4 -30 -128 40 0 0 1 0 1 0 -1 0 0 3023.dat
1 4 30 -128 40 0 0 1 0 1 0 -1 0 0 3023.dat
1 4 -30 -136 30 1 0 0 0 1 0 0 0 1 3024.dat
1 4 30 -136 30 1 0 0 0 1 0 0 0 1 3024.dat
1 4 -30 -120 -120 0 0 1 0 1 0 -1 0 0 3023.dat
1 4 -30 -112 -120 0 0 1 0 1 0 -1 0 0 3023.dat
1 4 30 -120 -120 0 0 1 0 1 0 -1 0 0 3023.dat
1 4 30 -112 -120 0 0 1 0 1 0 -1 0 0 3023.dat
1 4 0 -152 110 -1 0 0 0 1 0 0 0 -1 3023.dat
1 4 0 -136 50 1 0 0 0 1 0 0 0 1 3710.dat
1 4 0 -128 -80 1 0 0 0 1 0 0 0 1 3022.dat
1 4 -30 -160 40 0 0 1 0 1 0 -1 0 0 3004.dat
1 4 30 -160 40 0 0 1 0 1 0 -1 0 0 3004.dat
1 4 -30.0001 -144 130.0004 1 0 0 0 1 0 0 0 1 3024.dat
1 4 30 -144 130.0005 1 0 0 0 1 0 0 0 1 3024.dat
1 4 0 -144 160.0006 1 0 0 0 1 0 0 0 1 3034.dat
1 4 -70 -136 160.0006 0 0 1 0 1 0 -1 0 0 3710.dat
1 4 70 -136 160.0006 0 0 1 0 1 0 -1 0 0 3710.dat
1 4 -30 -152 140 0 0 1 0 1 0 -1 0 0 3710.dat
1 4 30 -152 140.0006 0 0 1 0 1 0 -1 0 0 3710.dat
1 7 -30 -136 0 0 0 1 0 1 0 -1 0 0 3023.dat
1 4 0 -160 120.0006 1 0 0 0 1 0 0 0 1 3020.dat
1 4 -30 -160 160 0 0 1 0 1 0 -1 0 0 3023.dat
1 4 30 -160 160.0006 0 0 1 0 1 0 -1 0 0 3023.dat
1 0 0 -168 100.0006 1 0 0 0 1 0 0 0 1 3022.dat
1 0 0 -176 100.0006 1 0 0 0 1 0 0 0 1 3022.dat
1 4 -30 -184 140.0006 0 0 1 0 1 0 -1 0 0 3701.dat
1 4 30 -184 140.0006 0 0 1 0 1 0 -1 0 0 3701.dat
1 0 0 -174 160.0006 1 0 0 0 1 0 0 0 1 3706.dat
1 4 0 -223.374 195.5286 0 0 1 0.704633 0.70957 0 -0.70957 0.704633 0 3702.dat
1 0 -30 -208 130.0006 1 0 0 0 1 0 0 0 1 3040.dat
1 0 30 -208 130.0006 1 0 0 0 1 0 0 0 1 3040.dat
1 0 0 -216 130.0006 1 0 0 0 1 0 0 0 1 3710.dat
1 0 0 -208 130.0006 1 0 0 0 1 0 0 0 1 3004.dat
1 4 -70 -152 160.0006 0 0 1 0 1 0 -1 0 0 3023.dat
1 4 -70 -160 160.0006 0 0 1 0 1 0 -1 0 0 3023.dat
1 4 -70 -160 130.001 1 0 0 0 1 0 0 0 1 3665.dat
1 4 -70 -160 190 -1 0 0 0 1 0 0 0 -1 3665.dat
1 4 -70 -184 110.001 1 0 0 0 1 0 0 0 1 3665.dat
1 4 -70 -184 210 -1 0 0 0 1 0 0 0 -1 3665.dat
1 4 -70 -184 160.0006 0 0 1 0 1 0 -1 0 0 3010.dat
1 4 -70 -192 160.0006 0 0 1 0 1 0 -1 0 0 3460.dat
1 4 -70 -216 110.0006 1 0 0 0 1 0 0 0 1 3040.dat
1 4 -70 -216 210.0006 -1 0 0 0 1 0 0 0 -1 3040.dat
1 4 -70 -216 160.0006 0 0 1 0 1 0 -1 0 0 3010.dat
1 4 70 -152 160.0004 0 0 1 0 1 0 -1 0 0 3023.dat
1 4 70 -160 160.0006 0 0 1.000002 0 1 0 -1.000002 0 0 3023.dat
1 4 70 -160 130 1 0 0 0 1 0 0 0 1 3665.dat
1 4 70 -160 190.001 -1 0 0 0 1 0 0 0 -1 3665.dat
1 4 70 -184 110 1 0 0 0 1 0 0 0 1 3665.dat
1 4 70 -184 210.001 -1 0 0 0 1 0 0 0 -1 3665.dat
1 4 70 -184 160.0005 0 0 1.000002 0 1 0 -1.000002 0 0 3010.dat
1 4 70 -192 160.0006 0 0 1.000002 0 1 0 -1.000002 0 0 3460.dat
1 4 70 -216 110.0005 1 0 0 0 1 0 0 0 1 3040.dat
1 4 70 -216 210.0007 -1 0 0 0 1 0 0 0 -1 3040.dat
1 4 70 -216 160.0006 0 0 1.000002 0 1 0 -1.000002 0 0 3010.dat
1 4 -90 -224 120.0006 1 0 0 0 1 0 0 0 1 3021.dat
1 4 -90 -224 160.0006 1 0 0 0 1 0 0 0 1 3021.dat
1 4 -90 -224 200.0006 1 0 0 0 1 0 0 0 1 3021.dat
1 4 90 -224 120.0005 1 0 0 0 1 0 0 0 1 3021.dat
1 4 90 -224 160.0006 1 0 0 0 1 0 0 0 1 3021.dat
1 4 90 -224 200.0006 1 0 0 0 1 0 0 0 1 3021.dat
1 4 -70 -232 160.0006 0 0 1 0 1 0 -1 0 0 3710.dat
1 4 70 -232 160.0006 0 0 1 0 1 0 -1 0 0 3710.dat
1 4 0 -32 -150 1 0 0 0 1 0 0 0 1 3460.dat
1 4 -60 -40 -160 1 0 0 0 1 0 0 0 1 3680.dat
1 4 60 -40 -160 1 0 0 0 1 0 0 0 1 3680.dat
1 7 -60 -40 -160 1 0 0 0 1 0 0 0 1 3679.dat
1 7 60 -40 -160 1 0 0 0 1 0 0 0 1 3679.dat
1 4 -70 -64 -160 0 0 1 0 1 0 -1 0 0 3700.dat
1 4 -50 -64 -160 0 0 1 0 1 0 -1 0 0 3700.dat
1 4 50 -64 -160 0 0 1 0 1 0 -1 0 0 3700.dat
1 4 70 -64 -160 0 0 1 0 1 0 -1 0 0 3700.dat
1 0 -60 -54 -160 1 0 0 0 1 0 0 0 1 3706.dat
1 7 -90 -54 -160 0 0 -1 1 0 0 0 -1 0 3713.dat
1 7 -30 -54 -160 0 0 1 0 1 0 -1 0 0 3713.dat
1 0 60 -54 -160 -1 0 0 0 1 0 0 0 -1 3706.dat
1 7 30 -54 -160 0 0 -1 0 1 0 1 0 0 3713.dat
1 7 90 -54 -160 0 0 1 1 0 0 0 1 0 3713.dat
1 4 -60 -72 -140 0 0 1 0 1 0 -1 0 0 3020.dat
1 4 60 -72 -140 0 0 1 0 1 0 -1 0 0 3020.dat
1 4 -60 -80 -100 1 0 0 0 1 0 0 0 1 3680.dat
1 4 60 -80 -100 1 0 0 0 1 0 0 0 1 3680.dat
1 7 -60 -80 -100 1 0 0 0 1 0 0 0 1 3679.dat
1 7 60 -80 -100 1 0 0 0 1 0 0 0 1 3679.dat
1 4 -60 -80 -160 1 0 0 0 1 0 0 0 1 3680.dat
1 4 60 -80 -160 1 0 0 0 1 0 0 0 1 3680.dat
1 7 -60 -80 -160 1 0 0 0 1 0 0 0 1 3679.dat
1 7 60 -80 -160 1 0 0 0 1 0 0 0 1 3679.dat
1 7 0 -88 -110 1 0 0 0 1 0 0 0 1 3460.dat
1 7 -40 -96 -110 1 0 0 0 1 0 0 0 1 3743.dat
1 7 40 -96 -110 1 0 0 0 1 0 0 0 1 3743.dat
1 4 0 -88 -160 1 0 0 0 1 0 0 0 1 3034.dat
1 7 0 -80 -170 0 0 1 0 1 0 -1 0 0 3021.dat
1 7 0 -88 -190 1 0 0 0 1 0 0 0 1 3710.dat
1 7 0 -96 -190 1 0 0 0 1 0 0 0 1 3710.dat
1 4 -30 -96 -160 1 0 0 0 1 0 0 0 1 3021.dat
1 4 30 -96 -160 1 0 0 0 1 0 0 0 1 3021.dat
1 7 0 -104 -180 1 0 0 0 1 0 0 0 1 3020.dat
1 7 -30 -104 -150 1 0 0 0 1 0 0 0 1 3024.dat
1 7 30 -104 -150 1 0 0 0 1 0 0 0 1 3024.dat
1 4 0 -120 -150 1 0 0 0 1 0 0 0 1 3700.dat
1 0 0 -112 -190 1 0 0 0 1 0 0 0 1 3710.dat
1 7 -30 -112 -160 0 0 1 0 1 0 -1 0 0 3023.dat
1 7 30 -112 -160 0 0 1 0 1 0 -1 0 0 3023.dat
1 7 0 -120 -180 1 0 0 0 1 0 0 0 1 3020.dat
1 7 -30 -120 -150 1 0 0 0 1 0 0 0 1 3024.dat
1 7 30 -120 -150 1 0 0 0 1 0 0 0 1 3024.dat
1 0 -30 -128 -200 0 0 1 0 1 0 -1 0 0 3023.dat
1 0 30 -128 -200 0 0 1 0 1 0 -1 0 0 3023.dat
1 0 0 -128 -170 0 0 1 0 1 0 -1 0 0 3021.dat
1 47 -30 -120 -210 1 0 0 0 1 0 0 0 1 3024.dat
1 47 -30 -136 -210 1 0 0 0 1 0 0 0 1 3024.dat
1 47 30 -120 -210 1 0 0 0 1 0 0 0 1 3024.dat
1 47 30 -136 -210 1 0 0 0 1 0 0 0 1 3024.dat
1 7 0 -136 -190 1 0 0 0 1 0 0 0 1 3710.dat
1 7 0 -136 -100 0 0 1 0 1 0 -1 0 0 3034.dat
1 7 0 -144 -60 0 0 1 0 1 0 -1 0 0 3020.dat
1 7 20 -144 -110 1 0 0 0 1 0 0 0 1 3023.dat
1 7 -30 -136 -160 0 0 1 0 1 0 -1 0 0 3023.dat
1 7 30 -136 -160 0 0 1 0 1 0 -1 0 0 3023.dat
1 7 30 -152 -100 0 0 1 0 1 0 -1 0 0 3023.dat
1 0 0 -144 -190 1 0 0 0 1 0 0 0 1 3710.dat
1 7 0 -144 -160 1 0 0 0 1 0 0 0 1 3020.dat
1 7 -30 -152 -180 0 0 1 0 1 0 -1 0 0 3023.dat
1 7 0 -152 -190 -1 0 0 0 1 0 0 0 -1 3023.dat
1 7 30 -152 -180 0 0 -1 0 1 0 1 0 0 3023.dat
1 7 -30 -152 -150 1 0 0 0 1 0 0 0 1 3024.dat
1 7 30 -152 -150 1 0 0 0 1 0 0 0 1 3024.dat
1 7 0 -152 -100 0 0 1 0 1 0 -1 0 0 3034.dat
1 4 0 -160 -120 0 0 1 0 1 0 -1 0 0 3030.dat
1 4 -30 -168 -160 0 0 1 0 1 0 -1 0 0 3666.dat
1 4 30 -168 -160.0001 0 0 1 0 1 0 -1 0 0 3666.dat
1 4 -30 -168 -20.0001 0 0 1 0 1 0 -1 0 0 3460.dat
1 4 30 -168 -20 0 0 1 0 1 0 -1 0 0 3460.dat
1 0 0 -168 -190 1 0 0 0 1 0 0 0 1 3023.dat
1 7 30 -152 -60 0 0 1 0 1 0 -1 0 0 3023.dat
1 4 -30 -160 -0.0001 0 0 1 0 1 0 -1 0 0 3023.dat
1 4 30 -160 0 0 0 1 0 1 0 -1 0 0 3023.dat
1 4 -30 -192 29.9999 -1 0 0 0 1 0 0 0 -1 3040.dat
1 4 30 -192 30 -1 0 0 0 1 0 0 0 -1 3040.dat
1 7 0 -176 -200.0001 1 0 0 0 1 0 0 0 1 3020.dat
1 7 -30 -176 -100.0001 0 0 1 0 1 0 -1 0 0 3460.dat
1 7 30 -176 -100.0001 0 0 1 0 1 0 -1 0 0 3460.dat
1 7 -30 -176 -0.0001 0 0 1 0 1 0 -1 0 0 3023.dat
1 7 30 -176 0 0 0 1 0 1 0 -1 0 0 3023.dat
1 4 -30 -184 -180.0001 0 0 1 0 1 0 -1 0 0 3710.dat
1 4 30 -184 -180.0001 0 0 1 0 1 0 -1 0 0 3710.dat
1 0 0 -184 -190.0001 1 0 0 0 1 0 0 0 1 3023.dat
1 4 -30 -184 -60.0001 0 0 1 0 1 0 -1 0 0 3460.dat
1 4 30 -184 -60.0001 0 0 1 0 1 0 -1 0 0 3460.dat
1 4 0 -192 -100.0001 0 0 1 0 1 0 -1 0 0 3029.dat
1 4 0 -200 -180.0001 0 0 1 0 1 0 -1 0 0 3020.dat
1 4 0 -200 -100.0001 0 0 1 0 1 0 -1 0 0 3020.dat
1 4 0 -200 -20.0001 0 0 1 0 1 0 -1 0 0 3020.dat
1 4 30 -55.8103 187.9732 1 0 0 0 0.855362 -0.518026 0 0.518025 0.855362 3021.dat
1 4 -30 -55.8103 187.9732 1 0 0 0 0.855362 -0.518026 0 0.518025 0.855362 3021.dat
1 4 0 -62.6533 183.8289 1 0 0 0 0.855362 -0.518026 0 0.518025 0.855362 3020.dat
1 7 -40 -102 120 1 0 0 0 1 0 0 0 1 3673.dat
1 7 -60 -47.0644 146.5064 1 0 0 0 0.855362 -0.518026 0 0.518025 0.855362 3673.dat
1 7 -40 -102 60 1 0 0 0 1 0 0 0 1 3673.dat
1 4 -50 -83.6152 98.1837 0 0 -1 -0.707107 -0.707105 0 -0.707106 0.707107 0 3700.dat
1 4 -50 -109.0711 38.7868 0 0 -1 -0.707107 -0.707106 0 -0.707106 0.707107 0 3702.dat
1 4 -50 -168.468 13.331 0 0 -1 -0.707107 -0.707105 0 -0.707106 0.707107 0 3460.dat
1 7 -60 -90.6863 105.2548 1 0 0 0 -0.707106 -0.707107 0 0.707107 -0.707106 3673.dat
1 7 -70 -76.1548 118.9966 1 0 0 0 0.687088 0.726575 0 -0.726575 0.687087 3651.dat
1 0 -70 -68.889 125.8675 0 0 1 -0.726575 0.687088 0 -0.687087 -0.726575 0 3704.dat
1 7 -70.0001 -61.6229 132.7388 -1 0 0 0 0.68709 -0.726576 0 -0.726572 -0.687088 3651.dat
1 7 30 -216 -110.0001 1 0 0 0 1 0 0 0 1 3062.dat
1 7 30 -240 -110.0001 1 0 0 0 1 0 0 0 1 3062.dat
1 7 30 -264 -110.0001 1 0 0 0 1 0 0 0 1 3062.dat
1 4 -30 -216 -10.0001 1 0 0 0 1 0 0 0 1 3062.dat
1 4 -100 -244 204 0 0 -1 1 0 0 0 -1 0 3023.dat
1 47 -100 -254 212 0 0 -1 1 0 0 0 -1 0 3024.dat
1 7 -110 -54 -160 0 0 1 -1 0 0 0 -1 0 3482.dat
1 7 110 -54 -160 0 0 1 -1 0 0 0 -1 0 3482.dat
1 256 -110 -54 -159.5 0 0 1 1 0 0 0 1 0 3634.dat
1 256 110 -54 -160.5 -0.000001 0 -1 1 0 -0.000001 0 -1 0 3634.dat
1 16 -150 -101.98 160 -1 0 0 0 0 -1 0 -1 0 3739.dat
1 256 -120 -101.98 160 0 0 1 -1 0 0 0 -1 0 3740.dat
1 16 150 -102 160 1 0 0 0 0 -1 0 1 0 3739.dat
1 256 120 -102 160 0 0 -1 -1 0 0 0 1 0 3740.dat
1 7 -150 -101.9802 160 0 0 1 1 0 0 0 1 0 3713.dat
1 7 150 -102 160 0 0 -1 -1 0 0 0 1 0 3713.dat
1 4 0 -154.033 284.886 1 0 0 0 0.983 -0.182 0 0.182 0.983 3709.dat
1 4 0 -164.953 343.866 1 0 0 0 0.983 -0.182 0 0.182 0.983 3709.dat
1 4 30 -184.905 319.838 0 0 -1 -0.182 0.983 0 0.983 0.182 0 3702.dat
1 4 -30 -184.905 319.838 0 0 -1 -0.182 0.983 0 0.983 0.182 0 3702.dat
1 7 40 -178.715 341.318 1 0 0 0 0.983 -0.182 0 0.182 0.983 3673.dat
1 7 -40 -178.715 341.318 1 0 0 0 0.983 -0.182 0 0.182 0.983 3673.dat
1 4 50 -188.545 339.498 0 0 -1 -0.182 0.983 0 0.983 0.182 0 3700.dat
1 4 -50 -188.545 339.498 0 0 -1 -0.182 0.983 0 0.983 0.182 0 3700.dat
1 4 120 -164.953 343.866 -1 0 0 0 0.983 0.182 0 0.182 -0.983 3738.dat
1 4 -120 -164.953 343.866 -1 0 0 0 0.983 0.182 0 0.182 -0.983 3738.dat
1 4 170 -188.545 339.498 0 0 -1 -0.182 0.983 0 0.983 0.182 0 3004.dat
1 4 -170 -188.545 339.498 0 0 -1 -0.182 0.983 0 0.983 0.182 0 3004.dat
1 4 30 -185.489 279.062 0 0 -1 -0.182 0.983 0 0.983 0.182 0 3710.dat
1 4 -30 -185.489 279.062 0 0 -1 -0.182 0.983 0 0.983 0.182 0 3710.dat
1 4 100 -196.409 338.042 -1 0 0 0 0.983 0.182 0 0.182 -0.983 3738.dat
1 4 -100 -196.409 338.042 -1 0 0 0 0.983 0.182 0 0.182 -0.983 3738.dat
1 4 0 -204.273 336.586 -1 0 0 0 0.983 0.182 0 0.182 -0.983 3709.dat
1 0 0 -171.834 342.592 0 0.92388 -0.382684 0.983 0.069648 0.168146 0.182 -0.376178 -0.908174 3706.dat
1 7 0 -220.984 333.492 -0.92388 -0.382684 0 -0.069648 0.168146 -0.983 0.376178 -0.908174 -0.182 3647.dat
1 7 0 -178.715 341.318 -0.92388 -0.382684 0 -0.069648 0.168146 -0.983 0.376178 -0.908174 -0.182 3713.dat
1 0 100 -161.021 344.594 0 0.80902 0.587782 0.983 -0.106976 0.147242 0.182 0.57779 -0.795267 3706.dat
1 7 100 -210.171 335.494 -0.587782 -0.809019 0 -0.147241 0.106976 -0.983 0.795266 -0.57779 -0.182 3713.dat
1 0 -100 -161.021 344.594 0 0.951059 0.309011 0.983 -0.05624 0.173093 0.182 0.303758 -0.934891 3706.dat
1 7 -100 -210.171 335.494 -0.309011 -0.951059 0 -0.173093 0.05624 -0.983 0.934891 -0.303758 -0.182 3713.dat
1 4 0 -193.353 277.606 -1 0 0 0 0.983 0.182 0 0.182 -0.983 3738.dat
1 4 70 -216.945 273.238 0 0 -1 -0.182 0.983 0 0.983 0.182 0 3004.dat
1 4 -70 -216.945 273.238 0 0 -1 -0.182 0.983 0 0.983 0.182 0 3004.dat
1 4 40 -203.037 285.98 -1 0 0 0 0.983 0.182 0 0.182 -0.983 3069.dat
1 4 -40 -203.037 285.98 -1 0 0 0 0.983 0.182 0 0.182 -0.983 3069.dat
1 0 0 -180.574 279.972 0 1 0 0.983 0 0.182 0.182 0 -0.983 3705.dat
1 7 0 -167.795 282.338 0 1 0 0.182 0 -0.983 -0.983 0 -0.182 3713.dat
1 7 0 -210.064 274.512 -1 0 0 0 0.182 -0.983 0 -0.983 -0.182 3649.dat
1 4 60 -222.989 261.952 0 0 -1 -0.182 0.983 0 0.983 0.182 0 3021.dat
1 4 -60 -222.989 261.952 0 0 -1 -0.182 0.983 0 0.983 0.182 0 3021.dat
1 4 0 -234.493 280.156 -1 0 0 0 0.983 0.182 0 0.182 -0.983 3460.dat
1 4 30 -244.761 247.754 0 0 -1 -0.182 0.983 0 0.983 0.182 0 3298.dat
1 4 -30 -244.761 247.754 0 0 1 0.182 0.983 0 -0.983 0.182 0 3298.dat
1 4 30 -268.353 243.386 0 0 -1 -0.182 0.983 0 0.983 0.182 0 3700.dat
1 4 -30 -268.353 243.386 0 0 -1 -0.182 0.983 0 0.983 0.182 0 3700.dat
1 4 180 -157.089 345.322 -1 0 0 0 0.983 0.182 0 0.182 -0.983 3003.dat
1 4 -180 -157.089 345.322 -1 0 0 0 0.983 0.182 0 0.182 -0.983 3003.dat
1 4 180 -133.497 349.69 -1 0 0 0 0.983 0.182 0 0.182 -0.983 8.dat
1 4 -180 -133.497 349.69 -1 0 0 0 0.983 0.182 0 0.182 -0.983 8.dat
1 4 180 -111.871 353.694 0 0 -1 -0.182 0.983 0 0.983 0.182 0 3464.dat
1 4 -180 -111.871 353.694 0 0 -1 -0.182 0.983 0 0.983 0.182 0 3464.dat
1 7 100 -143.327 347.87 0.587782 0.80902 0 0.147241 -0.106976 -0.983 -0.795266 0.57779 -0.182 3649.dat
1 14 82.3666 -139.8802 373.184 -0.80902 0 0.587782 0.106976 0.983 0.147241 -0.57779 0.182 -0.795266 3004.dat
1 14 117.6334 -131.0458 325.4681 -0.80902 0 0.587782 0.106976 0.983 0.147241 -0.57779 0.182 -0.795266 3004.dat
1 14 76.4887 -117.7607 385.5047 -0.80902 0 0.587782 0.106976 0.983 0.147241 -0.57779 0.182 -0.795266 3022.dat
1 14 123.5113 -105.9814 321.8834 -0.80902 0 0.587782 0.106976 0.983 0.147241 -0.57779 0.182 -0.795266 3022.dat
1 7 0 -143.327 347.87 -0.92388 -0.382684 0 -0.069648 0.168146 -0.983 0.376178 -0.908174 -0.182 3649.dat
1 14 27.7164 -133.3736 338.0407 0.382684 0 -0.92388 -0.168146 0.983 -0.069648 0.908174 0.182 0.376178 3004.dat
1 14 -27.7164 -137.5524 360.6113 0.382684 0 -0.92388 -0.168146 0.983 -0.069648 0.908174 0.182 0.376178 3004.dat
1 14 36.9552 -109.0851 338.6469 0.382684 0 -0.92388 -0.168146 0.983 -0.069648 0.908174 0.182 0.376178 3022.dat
1 14 -36.9552 -114.6569 368.7412 0.382684 0 -0.92388 -0.168146 0.983 -0.069648 0.908174 0.182 0.376178 3022.dat
1 7 -100 -143.327 347.87 0.309011 0.951059 0 0.173093 -0.05624 -0.983 -0.934891 0.303758 -0.182 3649.dat
1 14 -109.2703 -140.6558 377.3728 -0.951059 0 0.309011 0.05624 0.983 0.173093 -0.303758 0.182 -0.934891 3004.dat
1 14 -90.7297 -130.2702 321.2792 -0.951059 0 0.309011 0.05624 0.983 0.173093 -0.303758 0.182 -0.934891 3004.dat
1 14 -112.3604 -118.7947 391.0897 -0.951059 0 0.309011 0.05624 0.983 0.173093 -0.303758 0.182 -0.934891 3022.dat
1 14 -87.6396 -104.9473 316.2983 -0.951059 0 0.309011 0.05624 0.983 0.173093 -0.303758 0.182 -0.934891 3022.dat
1 0 0 -164.1627 262.6432 1 0 0 0 0.855362 -0.518026 0 0.518026 0.855362 3707.dat
1 7 70 -164.1627 262.6431 0 0 -1 0.855361 0.518026 0 0.518026 -0.855362 0 3713.dat
1 0 0 -258.5552 245.1488 1 0 0 0 0.983255 -0.182235 0 0.182235 0.983255 3706.dat
1 7 -50 -258.5552 245.1488 0 0 1 -0.983255 0.182235 0 -0.182235 -0.983255 0 3713.dat
