0 Main
0 Name: 31313 - Mindstorms EV3 - Track3r_PZuFAfi.mpd
0 Author: LTRON
1 71 -80 -52 0 0 0 -1 0.07 0.998 0 0.998 -0.07 0 64179.dat
1 71 0 -52 0 0 0 -1 0.998 -0.07 0 -0.07 -0.998 0 48989.dat
1 71 80 -52 0 0 0 -1 0.07 0.998 0 0.998 -0.07 0 64179.dat
1 0 -40 -55.5 -49.9 0 0 -1 0.07 0.998 0 0.998 -0.07 0 2780.dat
1 0 -80 -55.5 -49.9 0 0 -1 0.07 0.998 0 0.998 -0.07 0 2780.dat
1 0 40 -55.5 -49.9 0 0 -1 0.07 0.998 0 0.998 -0.07 0 2780.dat
1 0 80 -55.5 -49.9 0 0 -1 0.07 0.998 0 0.998 -0.07 0 2780.dat
1 0 -80 -48.5 49.9 0 0 -1 0.07 0.998 0 0.998 -0.07 0 2780.dat
1 0 -40 -48.5 49.9 0 0 -1 0.07 0.998 0 0.998 -0.07 0 2780.dat
1 0 40 -48.5 49.9 0 0 -1 0.07 0.998 0 0.998 -0.07 0 2780.dat
1 0 80 -48.5 49.9 0 0 -1 0.07 0.998 0 0.998 -0.07 0 2780.dat
1 71 0 -45 99.8 0 0 -1 0.07 0.998 0 0.998 -0.07 0 64178.dat
1 71 0 -59 -99.8 0 0 -1 0.07 0.998 0 0.998 -0.07 0 64178.dat
1 71 -40 -45 99.8 0 0 -1 0.998 -0.07 0 -0.07 -0.998 0 48989.dat
1 71 40 -45 99.8 0 0 -1 0.998 -0.07 0 -0.07 -0.998 0 48989.dat
1 71 -40 -59 -99.8 0 0 -1 0.998 -0.07 0 -0.07 -0.998 0 48989.dat
1 71 40 -59 -99.8 0 0 -1 0.998 -0.07 0 -0.07 -0.998 0 48989.dat
1 15 -140 -63.2 -159.68 -1 0 0 0 0.998 -0.07 0 -0.07 -0.998 95658.dat
1 4 -120 -50.6 19.96 -1 0 0 0 0.998 -0.07 0 -0.07 -0.998 32054.dat
1 4 -120 -53.4 -19.96 -1 0 0 0 0.998 -0.07 0 -0.07 -0.998 32054.dat
1 0 -40 -70.38 -119.06 0 1 0 0.998 0 -0.07 -0.07 0 -0.998 2780.dat
1 0 40 -70.38 -119.06 0 1 0 0.998 0 -0.07 -0.07 0 -0.998 2780.dat
1 0 -40 -53.58 120.46 0 1 0 0.998 0 -0.07 -0.07 0 -0.998 2780.dat
1 0 40 -53.58 120.46 0 1 0 0.998 0 -0.07 -0.07 0 -0.998 2780.dat
1 4 120 -50.6 19.96 1 0 0 0 -0.998 -0.07 0 0.07 -0.998 32054.dat
1 4 120 -53.4 -19.96 1 0 0 0 -0.998 -0.07 0 0.07 -0.998 32054.dat
1 15 140 -63.2 -159.68 -1 0 0 0 0.998 -0.07 0 -0.07 -0.998 95658.dat
1 15 0 -151.8 7 1 0 0 0 0.998 0.07 0 -0.07 0.998 95646.dat
1 0 260 -54.8 -39.92 0 -1 0 -0.998 0 -0.07 0.07 0 -0.998 41239.dat
1 0 250 -47.8 59.88 -1 0 0 0 0.998 -0.07 0 -0.07 -0.998 2780.dat
1 0 250 -61.8 -139.72 -1 0 0 0 0.998 -0.07 0 -0.07 -0.998 2780.dat
1 1 240 -50.6 19.96 -1 0 0 0 0.998 -0.07 0 -0.07 -0.998 6558.dat
1 0 240 -46.4 79.84 0 1 0 0.998 0 -0.07 -0.07 0 -0.998 32523.dat
1 0 240 -63.2 -159.68 0 1 0 0.998 0 -0.07 -0.07 0 -0.998 32523.dat
1 72 190 -63.2 -159.68 1 0 0 0 -0.998 -0.07 0 0.07 -0.998 55013.dat
1 0 220 -63.2 -159.68 0 0 1 0.998 0.07 0 -0.07 0.998 0 56145.dat
1 14 195 -63.2 -159.68 0 0 1 0.998 0.07 0 -0.07 0.998 0 32123.dat
1 0 240 -52 0 0 -1 0 0.998 0 0.07 -0.07 0 0.998 74695.dat
1 0 220 -52 0 0 -1 0 0.998 0 0.07 -0.07 0 0.998 74695.dat
1 72 190 -52 0 1 0 0 0 -0.998 -0.07 0 0.07 -0.998 55013.dat
1 0 200 -52 0 0 -1 0 0.998 0 0.07 -0.07 0 0.998 74695.dat
1 0 190 -50.6 19.96 1 0 0 0 0.998 0.07 0 -0.07 0.998 2780.dat
1 71 220 -56.2 -59.88 1 0 0 0 0.998 0.07 0 -0.07 0.998 32073.dat
1 0 240 -56.2 -59.88 0 0 1 -0.998 -0.07 0 0.07 -0.998 0 32498.dat
1 4 220 -56.2 -59.88 0 0 1 -0.998 -0.07 0 0.07 -0.998 0 3713.dat
1 0 200 -56.2 -59.88 0 0 1 -0.998 -0.07 0 0.07 -0.998 0 32498.dat
1 71 220 -46.4 79.84 1 0 0 0 0.998 0.07 0 -0.07 0.998 32073.dat
1 14 195 -46.4 79.84 0 0 1 0.998 0.07 0 -0.07 0.998 0 32123.dat
1 0 220 -46.4 79.84 0 0 1 0.998 0.07 0 -0.07 0.998 0 56145.dat
1 0 180 -54.8 -39.92 0 -1 0 -0.998 0 -0.07 0.07 0 -0.998 41239.dat
1 0 170 -53.4 -19.96 -1 0 0 0 0.998 -0.07 0 -0.07 -0.998 2780.dat
1 0 -260 -54.8 -39.92 0 1 0 0.998 0 -0.07 -0.07 0 -0.998 41239.dat
1 0 -250 -47.8 59.88 1 0 0 0 -0.998 -0.07 0 0.07 -0.998 2780.dat
1 0 -250 -61.8 -139.72 1 0 0 0 -0.998 -0.07 0 0.07 -0.998 2780.dat
1 1 -240 -50.6 19.96 1 0 0 0 -0.998 -0.07 0 0.07 -0.998 6558.dat
1 0 -240 -46.4 79.84 0 -1 0 -0.998 0 -0.07 0.07 0 -0.998 32523.dat
1 0 -240 -63.2 -159.68 0 -1 0 -0.998 0 -0.07 0.07 0 -0.998 32523.dat
1 72 -190 -63.2 -159.68 -1 0 0 0 0.998 -0.07 0 -0.07 -0.998 55013.dat
1 0 -220 -63.2 -159.68 0 0 -1 -0.998 0.07 0 0.07 0.998 0 56145.dat
1 14 -195 -63.2 -159.68 0 0 -1 -0.998 0.07 0 0.07 0.998 0 32123.dat
1 0 -240 -52 0 0 1 0 -0.998 0 0.07 0.07 0 0.998 74695.dat
1 0 -220 -52 0 0 1 0 -0.998 0 0.07 0.07 0 0.998 74695.dat
1 72 -190 -52 0 -1 0 0 0 0.998 -0.07 0 -0.07 -0.998 55013.dat
1 0 -200 -52 0 0 1 0 -0.998 0 0.07 0.07 0 0.998 74695.dat
1 0 -190 -50.6 19.96 -1 0 0 0 -0.998 0.07 0 0.07 0.998 2780.dat
1 71 -220 -56.2 -59.88 -1 0 0 0 -0.998 0.07 0 0.07 0.998 32073.dat
1 0 -240 -56.2 -59.88 0 0 -1 0.998 -0.07 0 -0.07 -0.998 0 32498.dat
1 4 -220 -56.2 -59.88 0 0 -1 0.998 -0.07 0 -0.07 -0.998 0 3713.dat
1 0 -200 -56.2 -59.88 0 0 -1 0.998 -0.07 0 -0.07 -0.998 0 32498.dat
1 71 -220 -46.4 79.84 -1 0 0 0 -0.998 0.07 0 0.07 0.998 32073.dat
1 14 -195 -46.4 79.84 0 0 -1 -0.998 0.07 0 0.07 0.998 0 32123.dat
1 0 -220 -46.4 79.84 0 0 -1 -0.998 0.07 0 0.07 0.998 0 56145.dat
1 0 -180 -54.8 -39.92 0 1 0 0.998 0 -0.07 -0.07 0 -0.998 41239.dat
1 0 -170 -53.4 -19.96 1 0 0 0 -0.998 -0.07 0 0.07 -0.998 2780.dat
1 16 140 -105.124 71.924 -1 0 0 0 -0.998 0.07 0 0.07 0.998 933.dat
1 16 -29 -123.878 133.414 -1 0 0 0 -0.998 0.07 0 0.07 0.998 933.dat
1 16 139.9921 -104.0622 86.8929 -0.000047 0.007911 0.999969 -0.997099 -0.08183 0.000601 0.081838 -0.996988 0.007892 932.dat
1 16 139.9688 -103.975 87.6378 -0.000721 0.030988 0.999519 -0.993667 -0.116275 0.002889 0.116317 -0.993107 0.030879 932.dat
1 16 139.962 -103.9297 88.1359 -0.000284 0.019456 0.999811 -0.995532 -0.099077 0.001645 0.099099 -0.995263 0.019399 932.dat
1 16 139.9249 -103.8394 88.6275 -0.002356 0.055969 0.998429 -0.988596 -0.153423 0.006269 0.153546 -0.986949 0.055697 932.dat
1 16 139.8946 -103.7593 89.1205 -0.002616 0.058973 0.998256 -0.987891 -0.15788 0.006739 0.158014 -0.98607 0.058676 932.dat
1 16 139.8731 -103.6922 89.6158 -0.001759 0.048377 0.998827 -0.990287 -0.142148 0.005142 0.142241 -0.989037 0.048161 932.dat
1 16 139.8246 -103.5851 90.1027 -0.004912 0.080703 0.996726 -0.982173 -0.190061 0.010552 0.190306 -0.978826 0.080204 932.dat
1 16 139.7816 -103.4861 90.5913 -0.00536 0.084282 0.996427 -0.981127 -0.195352 0.01125 0.195617 -0.977482 0.083745 932.dat
1 16 139.7468 -103.3993 91.0827 -0.004178 0.074458 0.997215 -0.983928 -0.180824 0.009382 0.181034 -0.981069 0.074023 932.dat
1 16 139.6884 -103.2775 91.5648 -0.007993 0.102781 0.994671 -0.975241 -0.222645 0.015172 0.223036 -0.969845 0.102024 932.dat
1 16 139.6338 -103.1615 92.0485 -0.008669 0.106999 0.99422 -0.973786 -0.228857 0.016142 0.22928 -0.96794 0.106187 932.dat
1 16 139.5871 -103.0572 92.5354 -0.007241 0.097864 0.995173 -0.976884 -0.215399 0.014078 0.215754 -0.971988 0.097169 932.dat
1 16 139.5197 -102.9222 93.0127 -0.011412 0.12258 0.992392 -0.968043 -0.251767 0.01997 0.252319 -0.960374 0.121546 932.dat
1 16 139.4676 -102.8099 93.4974 -0.009214 0.110276 0.993857 -0.972627 -0.23368 0.016916 0.234129 -0.966418 0.109419 932.dat
1 16 139.3926 -102.6639 93.9704 -0.014251 0.136766 0.990499 -0.962305 -0.272572 0.023797 0.273259 -0.952746 0.135506 932.dat
1 16 139.3228 -102.5255 94.446 -0.014661 0.138686 0.990226 -0.96149 -0.275385 0.024341 0.276091 -0.951659 0.137394 932.dat
1 16 139.2591 -102.3961 94.9249 -0.013092 0.131169 0.991272 -0.964627 -0.264368 0.022248 0.265001 -0.95584 0.13 932.dat
1 16 139.178 -102.2413 95.3939 -0.01761 0.151749 0.98826 -0.955704 -0.294493 0.028198 0.295338 -0.943911 0.150226 932.dat
1 16 139.1098 -102.1053 95.8704 -0.015275 0.141514 0.989817 -0.960274 -0.279523 0.025151 0.28026 -0.950034 0.140173 932.dat
1 16 139.0228 -101.9417 96.3353 -0.020443 0.163247 0.986371 -0.950254 -0.311275 0.03183 0.312255 -0.936577 0.161503 932.dat
1 16 138.9397 -101.784 96.8027 -0.020943 0.165185 0.986038 -0.949303 -0.3141 0.032465 0.315102 -0.935294 0.163402 932.dat
1 16 138.8619 -101.6339 97.2733 -0.019332 0.158847 0.987112 -0.95238 -0.304856 0.030414 0.305783 -0.939441 0.157189 932.dat
1 16 138.7698 -101.463 97.7345 -0.02378 0.175742 0.984146 -0.943946 -0.329475 0.036035 0.330611 -0.928049 0.173741 932.dat
1 16 138.6882 -101.3074 98.2028 -0.021508 0.167346 0.985661 -0.94823 -0.31725 0.03318 0.318279 -0.933844 0.165519 932.dat
1 16 138.5913 -101.1295 98.6603 -0.026444 0.185048 0.982371 -0.938982 -0.343001 0.039346 0.344262 -0.921314 0.182842 932.dat
1 16 138.5054 -100.9676 99.1256 -0.023923 0.176256 0.984051 -0.943678 -0.330221 0.036214 0.331364 -0.927686 0.174243 932.dat
1 16 138.4045 -100.784 99.58 -0.02891 0.193218 0.980727 -0.934432 -0.354856 0.042378 0.356235 -0.915125 0.190823 932.dat
1 16 138.3068 -100.605 100.0367 -0.029374 0.194712 0.980417 -0.933581 -0.357025 0.042946 0.358424 -0.913964 0.192282 932.dat
1 16 138.2132 -100.4319 100.4964 -0.027859 0.189784 0.981428 -0.936367 -0.349876 0.041089 0.351204 -0.917758 0.187469 932.dat
1 16 138.1086 -100.2428 100.9475 -0.031955 0.202792 0.978697 -0.928869 -0.368729 0.046088 0.370249 -0.907535 0.200167 932.dat
1 16 138.012 -100.0655 101.4051 -0.029882 0.196334 0.980079 -0.93265 -0.359375 0.043567 0.360797 -0.912695 0.193866 932.dat
1 16 137.9037 -99.8712 101.8531 -0.034308 0.209849 0.977128 -0.924605 -0.378936 0.04893 0.380567 -0.901706 0.207045 932.dat
1 16 137.8038 -99.689 102.3081 -0.032069 0.203142 0.978621 -0.928661 -0.369236 0.046226 0.370761 -0.907251 0.200508 932.dat
1 16 137.6926 -99.4904 102.7535 -0.036478 0.216119 0.975681 -0.920698 -0.387993 0.051535 0.389726 -0.896356 0.213151 932.dat
1 16 137.5893 -99.3034 103.2057 -0.034251 0.209682 0.977166 -0.924707 -0.378694 0.048861 0.380323 -0.901847 0.206882 932.dat
1 16 137.4754 -99.1009 103.6487 -0.038515 0.221816 0.974324 -0.917051 -0.396211 0.053966 0.39804 -0.891354 0.218694 932.dat
1 16 137.369 -98.9094 104.0982 -0.036365 0.215798 0.975757 -0.920901 -0.387529 0.051399 0.389257 -0.896634 0.212838 932.dat
1 16 137.2527 -98.7035 104.539 -0.040449 0.227068 0.973034 -0.913604 -0.403782 0.056264 0.405702 -0.886621 0.223801 932.dat
1 16 137.1383 -98.5003 104.9813 -0.04091 0.228301 0.972726 -0.912783 -0.405557 0.056811 0.407498 -0.885493 0.224999 932.dat
1 16 137.0267 -98.3012 105.4263 -0.03965 0.224916 0.973567 -0.915026 -0.400681 0.055316 0.402563 -0.888575 0.221709 932.dat
1 16 136.9077 -98.0914 105.8644 -0.042959 0.233675 0.971361 -0.909153 -0.413291 0.059232 0.415329 -0.880499 0.230219 932.dat
1 16 136.7941 -97.8895 106.3076 -0.041299 0.229332 0.972467 -0.912093 -0.407041 0.057271 0.409002 -0.884544 0.226001 932.dat
1 16 136.6727 -97.6763 106.7435 -0.044786 0.238346 0.970142 -0.905927 -0.420005 0.061382 0.422129 -0.876058 0.234753 932.dat
1 16 136.5569 -97.4712 107.1846 -0.043038 0.233878 0.971308 -0.909014 -0.413584 0.059325 0.415625 -0.880308 0.230417 932.dat
1 16 136.4335 -97.2551 107.6184 -0.046467 0.242545 0.969022 -0.902969 -0.426037 0.063354 0.428239 -0.871983 0.238826 932.dat
1 16 136.3155 -97.0467 108.0574 -0.044749 0.238251 0.970167 -0.905993 -0.419869 0.061338 0.421992 -0.876149 0.234661 932.dat
1 16 136.1903 -96.8281 108.4894 -0.04804 0.246395 0.967973 -0.900211 -0.431562 0.065193 0.433839 -0.868177 0.242559 932.dat
1 16 136.0701 -96.6167 108.9264 -0.046393 0.242361 0.969071 -0.9031 -0.425773 0.063267 0.427972 -0.872163 0.238648 932.dat
1 16 135.9433 -96.3957 109.3567 -0.049523 0.249957 0.966985 -0.897616 -0.436669 0.066922 0.439015 -0.864597 0.24601 932.dat
1 16 135.8211 -96.1814 109.7918 -0.047958 0.246195 0.968028 -0.900354 -0.431276 0.065097 0.433548 -0.868376 0.242366 932.dat
1 16 135.6928 -95.9582 110.2205 -0.050924 0.253263 0.966051 -0.895173 -0.441406 0.068552 0.443818 -0.861222 0.249212 932.dat
1 16 135.5688 -95.7413 110.6537 -0.049442 0.249764 0.967039 -0.897758 -0.436392 0.066828 0.438734 -0.864792 0.245823 932.dat
1 16 135.439 -95.5161 111.0809 -0.052245 0.256333 0.96517 -0.892873 -0.445802 0.070085 0.448276 -0.858043 0.252184 932.dat
1 16 135.3133 -95.2968 111.5124 -0.050846 0.253081 0.966103 -0.895308 -0.441146 0.068461 0.443554 -0.861409 0.249037 932.dat
1 16 135.1822 -95.0697 111.9382 -0.053489 0.259183 0.96434 -0.89071 -0.449879 0.071526 0.452411 -0.855053 0.254941 932.dat
1 16 135.0549 -94.848 112.368 -0.052171 0.256163 0.965219 -0.893 -0.445559 0.07 0.448029 -0.85822 0.25202 932.dat
1 16 134.9226 -94.6192 112.7926 -0.054659 0.261824 0.963561 -0.888682 -0.453656 0.072879 0.456243 -0.852247 0.257495 932.dat
1 16 134.7938 -94.3955 113.2208 -0.053419 0.259023 0.964387 -0.890832 -0.449651 0.071445 0.45218 -0.855221 0.254787 932.dat
1 16 134.6604 -94.1651 113.6441 -0.055755 0.264269 0.96283 -0.886785 -0.457149 0.074144 0.459788 -0.849621 0.259859 932.dat
1 16 134.5303 -93.9393 114.071 -0.054592 0.261674 0.963605 -0.888798 -0.453441 0.072801 0.456026 -0.852407 0.25735 932.dat
1 16 134.3958 -93.7075 114.4931 -0.056778 0.266526 0.962148 -0.885016 -0.460374 0.075323 0.463061 -0.847171 0.26204 932.dat
1 16 134.2644 -93.4799 114.9186 -0.055691 0.264127 0.962873 -0.886896 -0.456946 0.07407 0.459582 -0.849774 0.259721 932.dat
1 16 134.129 -93.2467 115.3397 -0.057731 0.268606 0.961513 -0.88337 -0.463342 0.076419 0.466073 -0.844892 0.26405 932.dat
1 16 133.9964 -93.0174 115.7639 -0.056717 0.266392 0.962189 -0.885122 -0.460181 0.075252 0.462866 -0.847318 0.26191 932.dat
1 16 133.8601 -92.783 116.184 -0.058615 0.270515 0.960924 -0.881847 -0.466067 0.077435 0.468839 -0.842781 0.265893 932.dat
1 16 133.7264 -92.5522 116.607 -0.057672 0.268477 0.961552 -0.883473 -0.463158 0.076352 0.465887 -0.845034 0.263925 932.dat
1 16 133.5894 -92.3166 117.0263 -0.05943 0.272261 0.96038 -0.880444 -0.468557 0.078371 0.471367 -0.840835 0.267578 932.dat
1 16 133.4547 -92.0844 117.4482 -0.058557 0.270391 0.960962 -0.881946 -0.46589 0.077369 0.468659 -0.842919 0.265773 932.dat
1 16 133.3169 -91.8478 117.8666 -0.060178 0.27385 0.959882 -0.879158 -0.470822 0.079229 0.473668 -0.839052 0.269112 932.dat
1 16 133.1813 -91.6143 118.2875 -0.059374 0.272141 0.960418 -0.880541 -0.468386 0.078307 0.471194 -0.84097 0.267462 932.dat
1 16 133.0429 -91.3768 118.7052 -0.060859 0.275288 0.959427 -0.877986 -0.472871 0.080009 0.47575 -0.837427 0.270499 932.dat
1 16 132.9065 -91.1421 119.1251 -0.060123 0.273734 0.959918 -0.879252 -0.470656 0.079166 0.4735 -0.839183 0.269 932.dat
1 16 132.7696 -90.9068 119.5446 -0.060123 0.273734 0.959918 -0.879252 -0.470656 0.079166 0.4735 -0.839183 0.269 932.dat
1 16 132.6297 -90.6671 119.9606 -0.0621 0.277881 0.9586 -0.875855 -0.476564 0.081429 0.479501 -0.834471 0.273 932.dat
1 16 132.4923 -90.431 120.3795 -0.06112 0.275834 0.959254 -0.877539 -0.473649 0.080308 0.47654 -0.836806 0.271027 932.dat
1 16 132.3526 -90.1916 120.7957 -0.062307 0.278308 0.958462 -0.875502 -0.477172 0.081666 0.480119 -0.833981 0.273413 932.dat
1 16 132.2144 -89.9544 121.2136 -0.061719 0.277087 0.958854 -0.876511 -0.475434 0.080993 0.478352 -0.835379 0.272234 932.dat
1 16 132.0743 -89.7144 121.6293 -0.062755 0.279235 0.958164 -0.874734 -0.478492 0.082177 0.481459 -0.832914 0.274306 932.dat
1 16 131.9355 -89.4764 122.0466 -0.062242 0.278175 0.958505 -0.875613 -0.476983 0.081591 0.479926 -0.834134 0.273284 932.dat
1 16 131.795 -89.236 122.462 -0.063151 0.28005 0.9579 -0.874056 -0.479651 0.08263 0.482637 -0.831973 0.275091 932.dat
1 16 131.6557 -88.9972 122.8786 -0.062701 0.279125 0.958199 -0.874826 -0.478335 0.082116 0.4813 -0.833041 0.2742 932.dat
1 16 131.515 -88.7563 123.2937 -0.063485 0.280736 0.957676 -0.873483 -0.480628 0.083011 0.48363 -0.831177 0.275754 932.dat
1 16 131.3752 -88.5169 123.7099 -0.063098 0.279941 0.957935 -0.874146 -0.479497 0.082569 0.482481 -0.832098 0.274987 932.dat
1 16 131.2343 -88.2758 124.1246 -0.063759 0.281296 0.957494 -0.873015 -0.481424 0.083324 0.484438 -0.830526 0.276292 932.dat
1 16 131.0942 -88.0359 124.5404 -0.063432 0.280628 0.957712 -0.873573 -0.480475 0.082951 0.483474 -0.831302 0.275648 932.dat
1 16 130.9531 -87.7945 124.955 -0.063971 0.281729 0.957352 -0.872651 -0.482042 0.083566 0.485066 -0.830022 0.276711 932.dat
1 16 130.8126 -87.5541 125.3703 -0.063705 0.281186 0.95753 -0.873106 -0.481269 0.083262 0.48428 -0.830654 0.276187 932.dat
1 16 130.6714 -87.3126 125.7848 -0.064123 0.282038 0.957251 -0.872391 -0.482481 0.083739 0.485513 -0.829661 0.277008 932.dat
1 16 130.5308 -87.0719 126.1999 -0.063917 0.281618 0.957389 -0.872743 -0.481884 0.083504 0.484906 -0.83015 0.276604 932.dat
1 16 130.3895 -86.8304 126.6144 -0.064215 0.282224 0.95719 -0.872235 -0.482745 0.083844 0.485782 -0.829444 0.277187 932.dat
1 16 130.2487 -86.5894 127.0293 -0.064068 0.281926 0.957288 -0.872486 -0.482321 0.083676 0.48535 -0.829793 0.276899 932.dat
1 16 130.1078 -86.3483 127.444 -0.064068 0.281926 0.957288 -0.872486 -0.482321 0.083676 0.48535 -0.829793 0.276899 932.dat
1 16 129.9664 -86.1066 127.8584 -0.064326 0.28245 0.957116 -0.872045 -0.483066 0.08397 0.486107 -0.829181 0.277404 932.dat
1 16 129.8254 -85.8654 128.2731 -0.064199 0.282192 0.957201 -0.872262 -0.482699 0.083826 0.485734 -0.829482 0.277156 932.dat
1 16 129.6844 -85.6241 128.6877 -0.06421 0.282215 0.957193 -0.872243 -0.482733 0.083838 0.485768 -0.829454 0.277179 932.dat
1 16 129.5433 -85.3828 129.1024 -0.064205 0.282204 0.957197 -0.872252 -0.482716 0.083832 0.485752 -0.829468 0.277167 932.dat
1 16 129.4024 -85.1417 129.5172 -0.064092 0.281975 0.957272 -0.872445 -0.482391 0.083704 0.48542 -0.829736 0.276947 932.dat
1 16 129.2614 -84.9005 129.9319 -0.064147 0.282087 0.957235 -0.87235 -0.482551 0.083766 0.485583 -0.829604 0.277055 932.dat
1 16 129.1207 -84.6598 130.347 -0.063916 0.281615 0.95739 -0.872747 -0.481879 0.083503 0.484901 -0.830154 0.276601 932.dat
1 16 128.9798 -84.4186 130.7617 -0.06403 0.281848 0.957314 -0.872552 -0.482209 0.083633 0.485236 -0.829884 0.276824 932.dat
1 16 128.8394 -84.1784 131.1772 -0.063679 0.281132 0.957547 -0.873152 -0.481192 0.083232 0.484202 -0.830717 0.276135 932.dat
1 16 128.6986 -83.9374 131.5922 -0.063851 0.281484 0.957432 -0.872856 -0.481693 0.083429 0.484711 -0.830307 0.276474 932.dat
1 16 128.5586 -83.6977 132.0081 -0.063381 0.280523 0.957746 -0.873661 -0.480326 0.082892 0.483322 -0.831424 0.275548 932.dat
1 16 128.418 -83.4571 132.4232 -0.063612 0.280996 0.957592 -0.873266 -0.480998 0.083156 0.484006 -0.830875 0.276003 932.dat
1 16 128.2785 -83.2179 132.8396 -0.063023 0.279787 0.957985 -0.874275 -0.479277 0.082484 0.482257 -0.832277 0.274839 932.dat
1 16 128.1382 -82.9777 133.2552 -0.063312 0.280381 0.957792 -0.87378 -0.480124 0.082814 0.483117 -0.831588 0.275411 932.dat
1 16 127.9991 -82.7393 133.6721 -0.062603 0.278921 0.958265 -0.874995 -0.478046 0.082004 0.481006 -0.833276 0.274004 932.dat
1 16 127.8592 -82.4995 134.088 -0.062951 0.279639 0.958033 -0.874397 -0.479068 0.082401 0.482043 -0.832447 0.274696 932.dat
1 16 127.7194 -82.2601 134.5042 -0.062951 0.279639 0.958033 -0.874397 -0.479068 0.082401 0.482043 -0.832447 0.274696 932.dat
1 16 127.5815 -82.0233 134.9224 -0.061742 0.277136 0.958838 -0.87647 -0.475503 0.08102 0.478424 -0.835323 0.272283 932.dat
1 16 127.442 -81.7842 135.3389 -0.062335 0.278366 0.958444 -0.875454 -0.477256 0.081698 0.480203 -0.833914 0.273469 932.dat
1 16 127.3044 -81.5479 135.7576 -0.061317 0.276248 0.959122 -0.8772 -0.474239 0.080533 0.477138 -0.836337 0.271425 932.dat
1 16 127.1656 -81.3098 136.1748 -0.061816 0.277289 0.95879 -0.876345 -0.475721 0.081104 0.478644 -0.835149 0.272429 932.dat
1 16 127.0287 -81.0745 136.5943 -0.060684 0.27492 0.959544 -0.878286 -0.472347 0.079809 0.475217 -0.837844 0.270144 932.dat
1 16 126.8904 -80.8371 137.0121 -0.061238 0.276083 0.959174 -0.877335 -0.474004 0.080443 0.476901 -0.836524 0.271267 932.dat
1 16 126.7544 -80.603 137.4325 -0.059983 0.273439 0.960011 -0.879492 -0.470235 0.079005 0.473072 -0.839515 0.268715 932.dat
1 16 126.6167 -80.3666 137.8511 -0.060598 0.274737 0.959602 -0.878435 -0.472086 0.07971 0.474952 -0.83805 0.269969 932.dat
1 16 126.4816 -80.1337 138.2725 -0.059217 0.271807 0.960522 -0.880811 -0.467908 0.078127 0.47071 -0.841343 0.26714 932.dat
1 16 126.3447 -79.8983 138.6918 -0.059892 0.273245 0.960072 -0.879649 -0.46996 0.078901 0.472793 -0.839732 0.268528 932.dat
1 16 126.2105 -79.6668 139.1143 -0.058384 0.270019 0.961077 -0.882245 -0.465359 0.07717 0.468121 -0.843331 0.265414 932.dat
1 16 126.0743 -79.4325 139.5346 -0.059121 0.271602 0.960586 -0.880975 -0.467618 0.078016 0.470413 -0.841571 0.266942 932.dat
1 16 125.9412 -79.2025 139.9582 -0.057485 0.26807 0.961677 -0.883796 -0.462577 0.076136 0.465297 -0.845481 0.263531 932.dat
1 16 125.8059 -78.9694 140.3794 -0.058284 0.269803 0.961144 -0.882417 -0.46505 0.077055 0.467808 -0.84357 0.265205 932.dat
1 16 125.6739 -78.7411 140.8042 -0.056517 0.265952 0.962322 -0.885467 -0.459553 0.075022 0.462228 -0.847796 0.261486 932.dat
1 16 125.5396 -78.5093 141.2265 -0.05738 0.267841 0.961747 -0.883978 -0.46225 0.076016 0.464966 -0.845733 0.263311 932.dat
1 16 125.4088 -78.2827 141.6527 -0.05548 0.263658 0.963014 -0.88726 -0.456278 0.073827 0.458904 -0.850279 0.259269 932.dat
1 16 125.2755 -78.0524 142.076 -0.056406 0.265709 0.962396 -0.885657 -0.459207 0.074894 0.461876 -0.84806 0.261251 932.dat
1 16 125.146 -77.8278 142.5036 -0.054372 0.261181 0.963752 -0.889178 -0.452736 0.072547 0.455309 -0.852934 0.256874 932.dat
1 16 125.0138 -77.5991 142.9282 -0.055364 0.263401 0.963091 -0.887461 -0.455909 0.073693 0.45853 -0.850557 0.25902 932.dat
1 16 124.8858 -77.3764 143.3573 -0.053194 0.258509 0.964538 -0.891224 -0.448916 0.071185 0.451434 -0.855763 0.254289 932.dat
1 16 124.7548 -77.1494 143.7832 -0.054251 0.260907 0.963833 -0.889389 -0.452344 0.072407 0.454912 -0.853225 0.256609 932.dat
1 16 124.6283 -76.929 144.2139 -0.051942 0.255634 0.965372 -0.893399 -0.4448 0.069734 0.44726 -0.858771 0.251507 932.dat
1 16 124.4986 -76.7038 144.6411 -0.053066 0.258217 0.964623 -0.891445 -0.448498 0.071037 0.45101 -0.85607 0.254007 932.dat
1 16 124.3738 -76.4857 145.0735 -0.050617 0.252543 0.966256 -0.895708 -0.440375 0.068195 0.442773 -0.861962 0.248515 932.dat
1 16 124.2454 -76.2626 145.5022 -0.051808 0.255323 0.965461 -0.893632 -0.444355 0.069578 0.446809 -0.859094 0.251206 932.dat
1 16 124.1224 -76.047 145.9363 -0.049216 0.249224 0.967189 -0.898153 -0.435619 0.066565 0.437952 -0.865338 0.2453 932.dat
1 16 123.9956 -75.8261 146.3666 -0.050476 0.252211 0.96635 -0.895954 -0.439899 0.068031 0.44229 -0.862302 0.248193 932.dat
1 16 123.8744 -75.6132 146.8026 -0.047739 0.245664 0.968174 -0.900737 -0.430513 0.064841 0.432775 -0.868905 0.24185 932.dat
1 16 123.7492 -75.3945 147.2346 -0.049068 0.248869 0.967288 -0.898413 -0.43511 0.066392 0.437435 -0.865696 0.244956 932.dat
1 16 123.63 -75.1846 147.6726 -0.046185 0.241845 0.96921 -0.903466 -0.425033 0.063023 0.427222 -0.872668 0.238148 932.dat
1 16 123.5066 -74.9684 148.1063 -0.047583 0.245283 0.968278 -0.901011 -0.429967 0.064659 0.432223 -0.869283 0.241482 932.dat
1 16 123.3896 -74.7616 148.5463 -0.044551 0.237752 0.970299 -0.906341 -0.419153 0.061106 0.421265 -0.876628 0.234177 932.dat
1 16 123.268 -74.5481 148.9819 -0.04602 0.241437 0.96932 -0.903754 -0.424447 0.06283 0.426628 -0.873066 0.237753 932.dat
1 16 123.1534 -74.3446 149.4241 -0.042839 0.233364 0.971441 -0.909365 -0.412843 0.05909 0.414876 -0.880793 0.229917 932.dat
1 16 123.0337 -74.134 149.8616 -0.044379 0.237313 0.970414 -0.906645 -0.418522 0.060903 0.420627 -0.877048 0.233751 932.dat
1 16 122.9216 -73.9341 150.3061 -0.041045 0.228659 0.972637 -0.912544 -0.406072 0.05697 0.40802 -0.885165 0.225346 932.dat
1 16 122.8041 -73.7265 150.7457 -0.042657 0.232892 0.971562 -0.909687 -0.412164 0.058875 0.414188 -0.881235 0.229458 932.dat
1 16 122.6946 -73.5305 151.1926 -0.03917 0.223613 0.973886 -0.91588 -0.398803 0.054746 0.400663 -0.889747 0.220442 932.dat
1 16 122.5795 -73.3262 151.6343 -0.040854 0.22815 0.972764 -0.912884 -0.405339 0.056744 0.407279 -0.885631 0.224852 932.dat
1 16 122.4729 -73.1344 152.0837 -0.037214 0.218199 0.975191 -0.919378 -0.390995 0.052415 0.392763 -0.894545 0.215176 932.dat
1 16 122.3601 -72.9337 152.5277 -0.038969 0.223063 0.974021 -0.916239 -0.39801 0.054507 0.399861 -0.89024 0.219907 932.dat
1 16 122.2566 -72.7462 152.9797 -0.035177 0.212385 0.976549 -0.923038 -0.382601 0.049975 0.384273 -0.899562 0.209515 932.dat
1 16 122.1466 -72.5493 153.426 -0.037002 0.217603 0.975332 -0.919757 -0.390135 0.052161 0.391894 -0.895066 0.214596 932.dat
1 16 122.0464 -72.3667 153.8808 -0.033058 0.206136 0.977961 -0.926866 -0.373567 0.047423 0.375139 -0.904798 0.203427 932.dat
1 16 121.9391 -72.1739 154.3296 -0.034954 0.211739 0.976697 -0.923439 -0.381666 0.049707 0.383329 -0.900111 0.208886 932.dat
1 16 121.8425 -71.9965 154.7872 -0.03086 0.199412 0.979427 -0.930863 -0.363833 0.044758 0.365302 -0.910257 0.196869 932.dat
1 16 121.7447 -71.8173 155.2437 -0.030079 0.196956 0.979948 -0.93229 -0.360276 0.043807 0.361709 -0.912204 0.194473 932.dat
1 16 121.6431 -71.6327 155.6972 -0.031402 0.201092 0.979066 -0.929876 -0.366267 0.045417 0.367762 -0.90891 0.198508 932.dat
1 16 121.5516 -71.4627 156.1587 -0.027624 0.189008 0.981584 -0.936799 -0.34875 0.0408 0.350067 -0.918346 0.186711 932.dat
1 16 121.4527 -71.2819 156.6144 -0.029434 0.194906 0.980377 -0.93347 -0.357305 0.04302 0.358707 -0.913813 0.192472 932.dat
1 16 121.3659 -71.1187 157.0792 -0.025188 0.180728 0.983208 -0.941315 -0.336725 0.03779 0.337927 -0.924482 0.178618 932.dat
1 16 121.2704 -70.9429 157.5375 -0.027215 0.187647 0.981857 -0.937554 -0.346775 0.040297 0.348072 -0.919373 0.185382 932.dat
1 16 121.1884 -70.7866 158.0057 -0.022737 0.171942 0.984842 -0.945908 -0.323943 0.034728 0.325031 -0.930705 0.17002 932.dat
1 16 121.0966 -70.6163 158.4669 -0.024867 0.179605 0.983422 -0.941914 -0.335091 0.037391 0.336279 -0.925294 0.177519 932.dat
1 16 121.0197 -70.4675 158.9383 -0.020254 0.162507 0.986497 -0.950615 -0.310195 0.03159 0.311166 -0.937064 0.160777 932.dat
1 16 120.9407 -70.3157 159.4083 -0.019478 0.159432 0.987015 -0.9521 -0.305709 0.0306 0.306643 -0.939065 0.157762 932.dat
1 16 120.8569 -70.1568 159.875 -0.020893 0.164993 0.986071 -0.949397 -0.31382 0.032402 0.31482 -0.93542 0.163213 932.dat
1 16 120.7869 -70.0182 160.3506 -0.016802 0.148294 0.988799 -0.957275 -0.289442 0.02715 0.29025 -0.94602 0.146833 932.dat
1 16 120.7067 -69.8646 160.8198 -0.018737 0.156432 0.987509 -0.953525 -0.301332 0.029651 0.30223 -0.940983 0.154821 932.dat
1 16 120.6434 -69.7358 161.2992 -0.014194 0.136499 0.990537 -0.962417 -0.27218 0.023721 0.272865 -0.952896 0.135243 932.dat
1 16 120.5679 -69.5891 161.7714 -0.016325 0.146211 0.989117 -0.958209 -0.286397 0.026528 0.287182 -0.947271 0.144788 932.dat
1 16 120.5115 -69.4704 162.2543 -0.011662 0.123898 0.992225 -0.967532 -0.253701 0.020312 0.254266 -0.959694 0.122844 932.dat
1 16 120.4519 -69.347 162.7354 -0.011072 0.120759 0.992619 -0.968744 -0.249092 0.019504 0.249629 -0.961301 0.119752 932.dat
1 16 120.3864 -69.215 163.2133 -0.012374 0.127575 0.99175 -0.96608 -0.259097 0.02128 0.259695 -0.957769 0.126464 932.dat
1 16 120.3391 -69.1096 163.7003 -0.008447 0.105631 0.994369 -0.974262 -0.226843 0.015825 0.227255 -0.968564 0.104837 932.dat
1 16 120.2906 -69.0025 164.1865 -0.007549 0.099905 0.994968 -0.976209 -0.218407 0.014528 0.218777 -0.971108 0.099185 932.dat
1 16 120.2346 -68.8845 164.6693 -0.008814 0.107882 0.994124 -0.973476 -0.230156 0.016349 0.230586 -0.967534 0.107057 932.dat
1 16 120.1986 -68.7959 165.1606 -0.005325 0.084009 0.99645 -0.981207 -0.194949 0.011195 0.195213 -0.977585 0.083475 932.dat
1 16 120.1479 -68.6855 165.6459 -0.00691 0.095616 0.995394 -0.977615 -0.212085 0.01359 0.212424 -0.97294 0.094949 932.dat
1 16 120.122 -68.6119 166.1406 -0.003317 0.06638 0.997789 -0.986063 -0.168862 0.007957 0.169031 -0.983778 0.06602 932.dat
1 16 120.0926 -68.533 166.6338 -0.002836 0.061389 0.99811 -0.987309 -0.161463 0.007128 0.161608 -0.985343 0.061073 932.dat
1 16 120.0549 -68.4419 167.1242 -0.003766 0.070713 0.997489 -0.984937 -0.17528 0.008709 0.17547 -0.982352 0.070314 932.dat
1 16 120.0415 -68.3869 167.6217 -0.001289 0.041428 0.999141 -0.99172 -0.131817 0.004187 0.131887 -0.990782 0.041258 932.dat
1 16 120.0262 -68.329 168.1185 -0.000876 0.034157 0.999416 -0.993102 -0.120995 0.003265 0.121046 -0.992438 0.03403 932.dat
1 16 120.0013 -68.2569 168.6128 -0.001493 0.044582 0.999004 -0.991083 -0.136507 0.004611 0.136588 -0.99001 0.044392 932.dat
1 16 120.0031 -68.2245 169.1127 -0.000117 0.012511 0.999922 -0.996511 -0.088705 0.000993 0.088718 -0.996352 0.012479 932.dat
1 16 120.0031 -68.1895 169.6119 -0.000013 0.004166 0.999991 -0.997543 -0.076229 0.000305 0.076236 -0.997454 0.004157 932.dat
1 16 119.9923 -68.1384 170.1094 -0.000186 0.015747 0.999876 -0.996068 -0.09354 0.001288 0.093555 -0.995863 0.015703 932.dat
1 16 120.0054 -68.1355 170.6103 -0.000214 -0.012233 0.999925 -0.999837 -0.035059 -0.000643 0.035067 -0.999682 -0.012225 932.dat
1 16 120.0014 -68.0967 171.1093 -0.000739 0.001315 0.999999 -0.99844 -0.063408 -0.000654 0.063413 -0.998359 0.001361 932.dat
1 16 120.0007 -68.065 171.6084 -0.002204 0.001315 0.999997 -0.998438 -0.063408 -0.002118 0.063411 -0.998359 0.001453 932.dat
1 16 120.0001 -68.0333 172.1074 -0.00367 0.001315 0.999992 -0.998433 -0.063408 -0.003581 0.063408 -0.998359 0.001546 932.dat
1 16 119.9994 -68.0016 172.6065 -0.005136 0.001315 0.999986 -0.998427 -0.063408 -0.005044 0.063406 -0.998359 0.00164 932.dat
1 16 120.0005 -67.9985 173.1069 -0.006602 -0.000975 0.999978 -1.000109 -0.02532 -0.006628 0.025328 -1.000051 -0.000808 932.dat
1 16 120.0001 -67.972 173.6064 -0.008064 0.000134 0.999967 -0.999461 -0.04376 -0.008054 0.043761 -0.999413 0.000487 932.dat
1 16 120.0001 -67.9501 174.106 -0.009528 0.000134 0.999955 -0.999449 -0.04376 -0.009517 0.04376 -0.999413 0.00055 932.dat
1 16 120 -67.9282 174.6056 -0.010992 0.000134 0.99994 -0.999434 -0.04376 -0.010981 0.043759 -0.999413 0.000615 932.dat
1 16 119.9999 -67.9064 175.1052 -0.012456 0.000134 0.999922 -0.999416 -0.04376 -0.012444 0.043758 -0.999413 0.000678 932.dat
1 16 120 -67.9131 175.6056 -0.013894 -0.000099 0.999903 -1.000339 -0.00556 -0.013901 0.005562 -1.000356 -0.000022 932.dat
1 16 120 -67.8965 176.1055 -0.01537 0.000013 0.999882 -1.000045 -0.024034 -0.015372 0.024033 -1.000083 0.000383 932.dat
1 16 120 -67.8845 176.6054 -0.016831 0.000013 0.999858 -1.000022 -0.024034 -0.016834 0.024032 -1.000083 0.000418 932.dat
1 16 120 -67.8725 177.1053 -0.018291 0.000013 0.999833 -0.999996 -0.024034 -0.018294 0.024031 -1.000083 0.000453 932.dat
1 16 120 -67.8605 177.6053 -0.019751 0.000013 0.999805 -0.999968 -0.024034 -0.019754 0.024031 -1.000083 0.000488 932.dat
1 16 120 -67.8785 178.1054 -0.021149 -0.00001 0.999776 -1.000098 0.016085 -0.021156 -0.016083 -1.000242 -0.00035 932.dat
1 16 120 -67.872 178.6056 -0.022639 0.000001 0.999744 -1.000191 -0.003296 -0.022649 0.003295 -1.000366 0.000075 932.dat
1 16 120 -67.8704 179.1057 -0.024095 0.000001 0.99971 -1.000156 -0.003296 -0.024105 0.003294 -1.000366 0.00008 932.dat
1 16 120 -67.8688 179.6057 -0.025549 0.000001 0.999674 -1.00012 -0.003296 -0.025561 0.003295 -1.000366 0.000085 932.dat
1 16 120 -67.8671 180.1058 -0.027003 0.000001 0.999635 -1.000081 -0.003296 -0.027015 0.003294 -1.000366 0.00009 932.dat
1 16 120 -67.8973 180.6054 -0.028339 -0.000001 0.999598 -0.999284 0.039167 -0.028331 -0.039154 -0.999604 -0.001111 932.dat
1 16 120 -67.9015 181.1056 -0.029851 0 0.999554 -0.999832 0.018679 -0.02986 -0.018671 -1.000197 -0.000557 932.dat
1 16 120 -67.9109 181.6056 -0.031299 0 0.99951 -0.999787 0.018679 -0.031308 -0.01867 -1.000197 -0.000584 932.dat
1 16 120 -67.9202 182.1056 -0.032745 0 0.999464 -0.999741 0.018679 -0.032754 -0.018669 -1.000197 -0.000612 932.dat
1 16 120 -67.957 182.6046 -0.034042 0 0.99942 -0.998344 0.055274 -0.034006 -0.055245 -0.998843 -0.001882 932.dat
1 16 120 -67.9714 183.1046 -0.03556 0 0.999368 -0.999111 0.03763 -0.035552 -0.03761 -0.999663 -0.001339 932.dat
1 16 120 -67.9902 183.6043 -0.037 0 0.999315 -0.99906 0.03763 -0.03699 -0.037607 -0.999663 -0.001392 932.dat
1 16 120 -68.009 184.104 -0.038437 0 0.999261 -0.999005 0.03763 -0.038428 -0.037605 -0.999663 -0.001447 932.dat
1 16 120 -68.0278 184.6037 -0.039873 0 0.999205 -0.998949 0.03763 -0.039864 -0.037603 -0.999663 -0.0015 932.dat
1 16 120 -68.0811 185.1015 -0.041032 0 0.999158 -0.996109 0.083638 -0.040907 -0.083575 -0.996869 -0.003432 932.dat
1 16 120 -68.1063 185.6011 -0.042605 0 0.999092 -0.997653 0.061487 -0.042544 -0.061436 -0.99848 -0.00262 932.dat
1 16 120 -68.1371 186.1003 -0.044031 0 0.99903 -0.997592 0.061487 -0.043968 -0.061432 -0.99848 -0.002708 932.dat
1 16 120 -68.1678 186.5994 -0.045456 0 0.998966 -0.997528 0.061487 -0.04539 -0.061428 -0.99848 -0.002795 932.dat
1 16 120 -68.2289 187.0961 -0.046556 0 0.998916 -0.994171 0.101882 -0.046334 -0.101779 -0.99517 -0.004743 932.dat
1 16 120 -68.2652 187.595 -0.048137 0 0.998841 -0.995892 0.082449 -0.047995 -0.082359 -0.996968 -0.003969 932.dat
1 16 120 -68.3064 188.0934 -0.049551 0 0.998772 -0.995824 0.082449 -0.049404 -0.082354 -0.996968 -0.004086 932.dat
1 16 120 -68.3476 188.5918 -0.050962 0 0.998701 -0.995752 0.082449 -0.050811 -0.082348 -0.996968 -0.004202 932.dat
1 16 120 -68.4202 189.087 -0.05194 0 0.99865 -0.991365 0.124248 -0.051561 -0.124091 -0.992626 -0.006454 932.dat
1 16 120 -68.4673 189.585 -0.053561 0 0.998565 -0.993585 0.10416 -0.053294 -0.104019 -0.994934 -0.005579 932.dat
1 16 120 -68.5193 190.0823 -0.05496 0 0.998489 -0.99351 0.10416 -0.054686 -0.104011 -0.994934 -0.005725 932.dat
1 16 120 -68.5714 190.5797 -0.056355 0 0.998411 -0.993433 0.10416 -0.056074 -0.104002 -0.994934 -0.00587 932.dat
1 16 120 -68.6235 191.077 -0.057749 0 0.998331 -0.993353 0.10416 -0.057461 -0.103994 -0.994934 -0.006016 932.dat
1 16 120 -68.716 191.5692 -0.0584 0 0.998293 -0.986194 0.158094 -0.057692 -0.157837 -0.9878 -0.009233 932.dat
1 16 120 -68.7757 192.066 -0.060159 0 0.998189 -0.989879 0.13222 -0.059658 -0.131991 -0.991595 -0.007955 932.dat
1 16 120 -68.8418 192.5617 -0.061535 0 0.998105 -0.989796 0.13222 -0.061023 -0.13198 -0.991595 -0.008137 932.dat
1 16 120 -68.9079 193.0574 -0.062909 0 0.998019 -0.989711 0.13222 -0.062385 -0.131969 -0.991595 -0.008318 932.dat
1 16 120 -69.0091 193.5476 -0.063483 0 0.997983 -0.98232 0.179004 -0.062487 -0.178657 -0.984226 -0.011365 932.dat
1 16 120 -69.0818 194.0426 -0.065245 0 0.997869 -0.986016 0.156576 -0.06447 -0.156255 -0.988042 -0.010217 932.dat
1 16 120 -69.16 194.5365 -0.0666 0 0.99778 -0.985928 0.156576 -0.065808 -0.156241 -0.988042 -0.010429 932.dat
1 16 120 -69.2383 195.0304 -0.067952 0 0.997689 -0.985837 0.156576 -0.067144 -0.156226 -0.988042 -0.01064 932.dat
1 16 120 -69.3532 195.5177 -0.068286 0 0.997666 -0.976852 0.205398 -0.066861 -0.204935 -0.979057 -0.014027 932.dat
1 16 120 -69.4384 196.0108 -0.070132 0 0.997538 -0.98133 0.18202 -0.068992 -0.181587 -0.983672 -0.012767 932.dat
1 16 120 -69.5294 196.5025 -0.071463 0 0.997443 -0.981236 0.18202 -0.070302 -0.181569 -0.983672 -0.013009 932.dat
1 16 120 -69.6204 196.9942 -0.07279 0 0.997347 -0.981142 0.18202 -0.071607 -0.181552 -0.983672 -0.01325 932.dat
1 16 120 -69.7499 197.4779 -0.072824 0 0.997345 -0.970258 0.233398 -0.070846 -0.232798 -0.972762 -0.016999 932.dat
1 16 120 -69.8482 197.9685 -0.07478 0 0.9972 -0.975671 0.20883 -0.073166 -0.208261 -0.978331 -0.015617 932.dat
1 16 120 -69.9526 198.4575 -0.076084 0 0.997101 -0.975574 0.20883 -0.074441 -0.208241 -0.978331 -0.01589 932.dat
1 16 120 -70.0888 198.9392 -0.076156 0 0.997096 -0.965568 0.251262 -0.073748 -0.250552 -0.968303 -0.019137 932.dat
1 16 120 -70.1992 199.4271 -0.07805 0 0.996949 -0.97045 0.230975 -0.075975 -0.230289 -0.973342 -0.018029 932.dat
1 16 120 -70.3147 199.9137 -0.07933 0 0.996848 -0.970352 0.230975 -0.077221 -0.230265 -0.973342 -0.018325 932.dat
1 16 120 -70.4302 200.4002 -0.080605 0 0.996746 -0.970252 0.230975 -0.078463 -0.230242 -0.973342 -0.01862 932.dat
1 16 120 -70.5861 200.8761 -0.080026 0 0.996793 -0.955941 0.284917 -0.076746 -0.284026 -0.958939 -0.022803 932.dat
1 16 120 -70.7093 201.3611 -0.082201 0 0.996616 -0.963021 0.25918 -0.079431 -0.258324 -0.966214 -0.021307 932.dat
1 16 120 -70.8389 201.8441 -0.083447 0 0.996512 -0.962921 0.25918 -0.080634 -0.258298 -0.966214 -0.021629 932.dat
1 16 120 -70.9684 202.3271 -0.084688 0 0.996408 -0.96282 0.25918 -0.081834 -0.25827 -0.966214 -0.021952 932.dat
1 16 120 -71.1424 202.7969 -0.083521 0 0.996506 -0.945137 0.318322 -0.079215 -0.317237 -0.948374 -0.026589 932.dat
1 16 120 -71.2805 203.278 -0.085934 0 0.996301 -0.953903 0.290157 -0.082277 -0.289107 -0.957367 -0.024936 932.dat
1 16 120 -71.4255 203.7565 -0.08714 0 0.996196 -0.953802 0.290157 -0.083432 -0.289076 -0.957367 -0.025286 932.dat
1 16 120 -71.6066 204.2233 -0.086124 0 0.996284 -0.938051 0.338187 -0.08109 -0.336957 -0.941473 -0.029128 932.dat
1 16 120 -71.7586 204.7 -0.088399 0 0.996085 -0.945739 0.31531 -0.083931 -0.314101 -0.94938 -0.027875 932.dat
1 16 120 -71.9162 205.1746 -0.089572 0 0.99598 -0.94564 0.31531 -0.085045 -0.314068 -0.94938 -0.028245 932.dat
1 16 120 -72.0738 205.6492 -0.09074 0 0.995875 -0.94554 0.31531 -0.086154 -0.314034 -0.94938 -0.028614 932.dat
1 16 120 -72.2788 206.1065 -0.088488 0 0.996077 -0.922495 0.378376 -0.081952 -0.376921 -0.926053 -0.033485 932.dat
1 16 120 -72.4456 206.5784 -0.091318 0 0.995822 -0.933888 0.348431 -0.085638 -0.347004 -0.93773 -0.03182 932.dat
1 16 120 -72.6198 207.0472 -0.092443 0 0.995718 -0.93379 0.348431 -0.086693 -0.346967 -0.93773 -0.032212 932.dat
1 16 120 -72.8328 207.5005 -0.090403 0 0.995905 -0.913211 0.400063 -0.082896 -0.398457 -0.916892 -0.036169 932.dat
1 16 120 -73.0144 207.9667 -0.09305 0 0.995661 -0.923258 0.375542 -0.086283 -0.373942 -0.927206 -0.034947 932.dat
1 16 120 -73.2022 208.4302 -0.094134 0 0.99556 -0.923163 0.375542 -0.087289 -0.373904 -0.927206 -0.035354 932.dat
1 16 120 -73.4296 208.8765 -0.091565 0 0.995799 -0.900268 0.428416 -0.082781 -0.42665 -0.903993 -0.039231 932.dat
1 16 120 -73.6251 209.3371 -0.094405 0 0.995534 -0.911442 0.403338 -0.086431 -0.401569 -0.915457 -0.03808 932.dat
1 16 120 -73.8267 209.7947 -0.095444 0 0.995435 -0.911351 0.403338 -0.087382 -0.401529 -0.915457 -0.038499 932.dat
1 16 120 -74.0692 210.2331 -0.092248 0 0.995736 -0.885762 0.45778 -0.08206 -0.455864 -0.889483 -0.042233 932.dat
1 16 120 -74.2788 210.6875 -0.095324 0 0.995446 -0.89825 0.431996 -0.086016 -0.430064 -0.902286 -0.041183 932.dat
1 16 120 -74.4948 211.1385 -0.096313 0 0.995351 -0.898164 0.431996 -0.086909 -0.430023 -0.902286 -0.041611 932.dat
1 16 120 -74.7107 211.5896 -0.097296 0 0.995256 -0.898078 0.431996 -0.087796 -0.429982 -0.902286 -0.042035 932.dat
1 16 120 -74.9822 212.0116 -0.091576 0 0.995798 -0.859533 0.505784 -0.079045 -0.503699 -0.86309 -0.046321 932.dat
1 16 120 -75.2092 212.458 -0.095816 0 0.995399 -0.878551 0.471025 -0.084569 -0.468895 -0.882541 -0.045135 932.dat
1 16 120 -75.4446 212.8991 -0.096734 0 0.99531 -0.878473 0.471025 -0.085379 -0.468854 -0.882541 -0.045567 932.dat
1 16 120 -75.7242 213.3151 -0.091639 0 0.995792 -0.845132 0.529681 -0.077775 -0.527495 -0.848634 -0.048544 932.dat
1 16 120 -75.9684 213.752 -0.095449 0 0.995434 -0.861405 0.502017 -0.082597 -0.499766 -0.865287 -0.04792 932.dat
1 16 120 -76.2193 214.1846 -0.096305 0 0.995352 -0.861334 0.502017 -0.083338 -0.499724 -0.865287 -0.048351 932.dat
1 16 120 -76.5155 214.5891 -0.090222 0 0.995922 -0.824242 0.562051 -0.074669 -0.559804 -0.827551 -0.050714 932.dat
1 16 120 -76.7754 215.0168 -0.094416 0 0.995533 -0.84234 0.533797 -0.079887 -0.531455 -0.846052 -0.050403 932.dat
1 16 120 -77.0767 215.4169 -0.089434 0 0.995993 -0.812193 0.579545 -0.07293 -0.57727 -0.815395 -0.051835 932.dat
1 16 120 -77.3503 215.8359 -0.092986 0 0.995667 -0.826776 0.557973 -0.077213 -0.5556 -0.830307 -0.051888 932.dat
1 16 120 -77.6292 216.2509 -0.093722 0 0.995598 -0.826719 0.557973 -0.077824 -0.555562 -0.830307 -0.052298 932.dat
1 16 120 -77.9519 216.6346 -0.086213 0 0.996277 -0.785282 0.616082 -0.067955 -0.613838 -0.788153 -0.053119 932.dat
1 16 120 -78.2396 217.0443 -0.090906 0 0.995859 -0.805444 0.588814 -0.073524 -0.586423 -0.808728 -0.053531 932.dat
