0 Main
0 Name: 6631-1 - Steam Shovel.mpd
0 Author: LTRON
1 0 40 -48 121.24 -0.5 0 0.866 0 1 0 -0.866 0 -0.5 3795.dat
1 0 15 -56 77.94 -0.866 0 -0.5 0 1 0 0.5 0 -0.866 3069.dat
1 0 50 -56 138.56 -0.5 0 0.866 0 1 0 -0.866 0 -0.5 3068.dat
1 0 30 -56 103.92 -0.5 0 0.866 0 1 0 -0.866 0 -0.5 3680.dat
1 0 20 -40 86.6 0.866 0 0.5 0 1 0 -0.5 0 0.866 122.dat
1 0 45.98 -34 71.6 -0.5 0 0.866 0 1 0 -0.866 0 -0.5 3641.dat
1 0 -5.98 -34 101.6 -0.5 0 0.866 0 1 0 -0.866 0 -0.5 3641.dat
1 0 40 -40 121.24 0.866 0 0.5 0 1 0 -0.5 0 0.866 122.dat
1 0 65.98 -34 106.24 -0.5 0 0.866 0 1 0 -0.866 0 -0.5 3641.dat
1 0 14.02 -34 136.24 -0.5 0 0.866 0 1 0 -0.866 0 -0.5 3641.dat
1 0 60 -40 155.88 0.866 0 0.5 0 1 0 -0.5 0 0.866 122.dat
1 0 85.98 -34 140.88 -0.5 0 0.866 0 1 0 -0.866 0 -0.5 3641.dat
1 0 34.02 -34 170.88 -0.5 0 0.866 0 1 0 -0.866 0 -0.5 3641.dat
1 16 30 -64 103.92 -0.999956 0 0 0 1 0 0 0 -0.999956 3031.dat
1 16 30 -64 153.9178 -0.999956 0 0 0 1 0 0 0 -0.999956 3710.dat
1 36 59.9987 -78 167.9172 0 0 -0.999956 1 0 0 0 -0.999956 0 3024.dat
1 16 59.9987 -88 153.9178 -0.999956 0 0 0 1 0 0 0 -0.999956 4070.dat
1 36 0.0013 -78 167.9172 0 0 -0.999956 1 0 0 0 -0.999956 0 3024.dat
1 16 0.0013 -88 153.9178 -0.999956 0 0 0 1 0 0 0 -0.999956 4070.dat
1 0 30 -88 143.9182 -0.999956 0 0 0 1 0 0 0 -0.999956 3003.dat
1 16 10.0009 -72 113.9196 -0.999956 0 0 0 1 0 0 0 -0.999956 3023.dat
1 16 0.0013 -72 83.9209 0 0 -0.999956 0 1 0 0.999956 0 0 3023.dat
1 0 20.0004 -72 83.9209 0 0 0.999956 0 1 0 -0.999956 0 0 4275.dat
1 16 0.0013 -88 133.9187 -0.999956 0 0 0 1 0 0 0 -0.999956 3005.dat
1 16 59.9987 -88 133.9187 -0.999956 0 0 0 1 0 0 0 -0.999956 3005.dat
1 16 49.9991 -72 73.9213 -0.999956 0 0 0 1 0 0 0 -0.999956 3023.dat
1 1 20.0004 -80 73.9213 0.865962 0 0.499978 0 1 0 -0.499978 0 0.865962 4592.dat
1 7 20.0004 -80 73.9213 0.865962 -0.249989 0.432981 0 0.866 0.5 -0.499978 -0.432981 0.749967 4593.dat
1 16 10.0009 -96 113.9196 0.999956 0 0 0 1 0 0 0 0.999956 3039.dat
1 16 49.9991 -80 73.9213 0.999956 0 0 0 1 0 0 0 0.999956 3829.dat
1 16 30 -96 143.9182 -0.999956 0 0 0 1 0 0 0 -0.999956 3020.dat
1 0 20.0004 -113.8 31.5212 0 0 0.999956 0.866 -0.5 0 0.499978 0.865962 0 3710.dat
1 0 20.0004 -123.12 7.6662 0 0 -0.999956 -0.866 -0.5 0 -0.499978 0.865962 0 4531.dat
1 0 20.0004 -92.48 34.5931 0 0 0.999956 0.866 -0.5 0 0.499978 0.865962 0 4276.dat
1 0 20.0004 -127.1198 -22.3311 0 0 -0.999956 -0.866 0.499956 0 0.499934 0.865962 0 4275.dat
1 0 20.0004 -92.4798 -42.3285 0 0 0.999956 0.866 0.499956 0 -0.499934 0.865962 0 4275.dat
1 0 20.0004 -113.7995 -39.2575 0 0 0.999956 0.866 0.499956 0 -0.499934 0.865962 0 3710.dat
1 16 20.0004 -56.4987 -19.8667 0 0 -0.999956 -0.000038 0.999934 0 0.99989 0.000038 0 4626.dat
1 0 10.0009 -120 143.9182 -0.999956 0 0 0 1 0 0 0 -0.999956 3062.dat
