0 Main
0 Name: 7161-1 - Gungan Sub.mpd
0 Author: LTRON
1 7 40 24 -120 0 0 1 0 1 0 -1 0 0 3029.dat
1 7 -40 24 -120 0 0 1 0 1 0 -1 0 0 3029.dat
1 1 40 0 -20 -1 0 0 0 1 0 0 0 -1 3003.dat
1 1 -40 0 -20 -1 0 0 0 1 0 0 0 -1 3003.dat
1 7 0 0 -20 0 0 -1 0 1 0 1 0 0 6232.dat
1 0 70 0 -40 0 0 -1 0 1 0 1 0 0 2653.dat
1 0 -70 0 -40 0 0 1 0 1 0 -1 0 0 2653.dat
1 38 -70 0 -100 0 0 1 0 1 0 -1 0 0 3004.dat
1 38 70 0 -100 0 0 1 0 1 0 -1 0 0 3004.dat
1 0 0 -8 -50 1 0 0 0 1 0 0 0 1 2432.dat
1 1 -100 0 -140 1 0 0 0 1 0 0 0 1 3001.dat
1 1 100 0 -140 1 0 0 0 1 0 0 0 1 3001.dat
1 1 -50 0 -170 -1 0 0 0 1 0 0 0 -1 4286.dat
1 1 50 0 -170 -1 0 0 0 1 0 0 0 -1 4286.dat
1 1 -50 0 -60 0 0 1 0 1 0 -1 0 0 3004.dat
1 1 50 0 -60 0 0 1 0 1 0 -1 0 0 3004.dat
1 7 -140 24 -180 0 0 1 0 1 0 -1 0 0 6106.dat
1 7 140 24 -180 1 0 0 0 1 0 0 0 1 6106.dat
1 38 -80 0 -170 1 0 0 0 1 0 0 0 1 3004.dat
1 38 40 0 -230 1 0 0 0 1 0 0 0 1 3004.dat
1 38 -40 0 -230 1 0 0 0 1 0 0 0 1 3004.dat
1 1 0 16 -230 1 0 0 0 1 0 0 0 1 3023.dat
1 7 0 8 -230 1 0 0 0 1 0 0 0 1 3023.dat
1 1 0 0 -230 1 0 0 0 1 0 0 0 1 4623.dat
1 7 0 -24 -20 0 0 -1 0 1 0 1 0 0 6232.dat
1 7 50 -24 -10 -1 0 0 0 1 0 0 0 -1 3622.dat
1 7 -50 -24 -10 -1 0 0 0 1 0 0 0 -1 3622.dat
1 0 0 0 -200 1 0 0 0 1 0 0 0 1 3006.dat
1 7 -70 -8 -50 0 0 -1 0 1 0 1 0 0 3623.dat
1 7 70 -8 -50 0 0 -1 0 1 0 1 0 0 3623.dat
1 7 -80 0 -230 1 0 0 0 1 0 0 0 1 3298.dat
1 7 80 0 -230 1 0 0 0 1 0 0 0 1 3298.dat
1 7 120 0 -170 1 0 0 0 1 0 0 0 1 3298.dat
1 7 160 0 -130 1 0 0 0 1 0 0 0 1 3298.dat
1 7 -120 0 -170 1 0 0 0 1 0 0 0 1 3298.dat
1 7 -160 0 -130 1 0 0 0 1 0 0 0 1 3298.dat
1 7 90 24 -270 1 0 0 0 1 0 0 0 1 2450.dat
1 7 -90 24 -270 0 0 1 0 1 0 -1 0 0 2450.dat
1 8 0 -32 -10 1 0 0 0 1 0 0 0 1 3460.dat
1 8 120 -8 -140 1 0 0 0 1 0 0 0 1 6106.dat
1 8 -120 -8 -140 0 0 1 0 1 0 -1 0 0 6106.dat
1 8 -80 -8 -220 0 0 1 0 1 0 -1 0 0 3068.dat
1 8 80 -8 -220 0 0 1 0 1 0 -1 0 0 3068.dat
1 7 50 -24 -30 1 0 0 0 1 0 0 0 1 4286.dat
1 7 -50 -24 -30 1 0 0 0 1 0 0 0 1 4286.dat
1 1 -70 -32 -60 0 0 1 0 1 0 -1 0 0 3010.dat
1 1 70 -32 -60 0 0 1 0 1 0 -1 0 0 3010.dat
1 1 -50 -24 -170 1 0 0 0 1 0 0 0 1 4286.dat
1 1 50 -24 -170 1 0 0 0 1 0 0 0 1 4286.dat
1 1 110 -16 -110 1 0 0 0 1 0 0 0 1 2450.dat
1 1 -110 -16 -110 0 0 1 0 1 0 -1 0 0 2450.dat
1 7 -70 -32 -110 1 0 0 0 1 0 0 0 1 4286.dat
1 7 70 -32 -110 1 0 0 0 1 0 0 0 1 4286.dat
1 1 90 -40 -90 1 0 0 0 1 0 0 0 1 4286.dat
1 1 -90 -40 -90 1 0 0 0 1 0 0 0 1 4286.dat
1 7 0 -24 -190 1 0 0 0 1 0 0 0 1 3297.dat
1 7 -70 -56 -70 1 0 0 0 1 0 0 0 1 4286.dat
1 7 70 -56 -70 1 0 0 0 1 0 0 0 1 4286.dat
1 7 70 -56 -30 0 0 -1 0 1 0 1 0 0 3622.dat
1 7 -70 -56 -30 0 0 -1 0 1 0 1 0 0 3622.dat
1 7 0 -56 -10 -1 0 0 0 1 0 0 0 -1 3009.dat
1 1 10 -80 -10 0 0 -1 0 1 0 1 0 0 4286.dat
1 1 -10 -80 -10 0 0 1 0 1 0 -1 0 0 4286.dat
1 7 70 -64 -40 0 0 1 0 1 0 -1 0 0 2431.dat
1 7 -70 -64 -40 0 0 1 0 1 0 -1 0 0 2431.dat
1 0 0 0 -170 -1 0 0 0 1 0 0 0 -1 3037.dat
1 7 20 -24 -170 -1 0 0 0 1 0 0 0 -1 3937.dat
1 7 -20 -24 -170 -1 0 0 0 1 0 0 0 -1 3937.dat
1 1 -20 -18.067 -160.865 -1 0 0 0 0.407 -0.914 0 -0.914 -0.407 3938.dat
1 1 20 -18.067 -160.865 -1 0 0 0 0.407 -0.914 0 -0.914 -0.407 3938.dat
1 1 0 -4 -252 1 0 0 0 1 0 0 0 1 2564.dat
1 47 0 -57.74 -47.172 1 0 0 0 0.407 0.914 0 -0.914 0.407 30366.dat
1 1 50 -48.605 -43.104 1 0 0 0 0.407 0.914 0 -0.914 0.407 3062.dat
1 1 -50 -48.605 -43.104 1 0 0 0 0.407 0.914 0 -0.914 0.407 3062.dat
1 42 50 -51.859 -35.796 1 0 0 0 0.407 0.914 0 -0.914 0.407 6141.dat
1 42 -50 -51.859 -35.796 1 0 0 0 0.407 0.914 0 -0.914 0.407 6141.dat
1 1 0 -60.994 -39.863 1 0 0 0 0.407 0.914 0 -0.914 0.407 3020.dat
1 7 0 -55.113 -28.488 1 0 0 0 0.407 0.914 0 -0.914 0.407 6636.dat
1 0 -40 24 60 0 0 -1 0 1 0 1 0 0 6180.dat
1 0 40 24 60 0 0 1 0 1 0 -1 0 0 6180.dat
1 7 -120 24 0 0 0 -1 0 1 0 1 0 0 3029.dat
1 7 120 24 0 0 0 -1 0 1 0 1 0 0 3029.dat
1 1 0 0 10 1 0 0 0 1 0 0 0 1 3703.dat
1 0 -90 0 60 0 0 -1 0 1 0 1 0 0 3037.dat
1 0 90 0 60 0 0 1 0 1 0 -1 0 0 3037.dat
1 1 110 0 30 -1 0 0 0 1 0 0 0 -1 4286.dat
1 1 -110 0 30 -1 0 0 0 1 0 0 0 -1 4286.dat
1 1 -160 16 30 -1 0 0 0 1 0 0 0 -1 2431.dat
1 1 160 16 30 -1 0 0 0 1 0 0 0 -1 2431.dat
1 1 130 16 60 0 0 -1 0 1 0 1 0 0 3069.dat
1 1 -130 16 60 0 0 -1 0 1 0 1 0 0 3069.dat
1 7 200 24 160 1 0 0 0 1 0 0 0 1 3029.dat
1 1 310 0 160 0 0 -1 0 1 0 1 0 0 3010.dat
1 1 160 0 200 -1 0 0 0 1 0 0 0 -1 44237.dat
1 1 90 16 160 0 0 1 0 1 0 -1 0 0 3710.dat
1 0 90 8 180 0 0 1 0 1 0 -1 0 0 32028.dat
1 0 90 8 140 0 0 1 0 1 0 -1 0 0 32028.dat
1 1 90 0 160 0 0 1 0 1 0 -1 0 0 3710.dat
1 15 290 0 130 1 0 0 0 1 0 0 0 1 4070.dat
1 15 120 0 150 0 0 -1 0 1 0 1 0 0 3002.dat
1 1 110 -24 160 0 0 -1 0 1 0 1 0 0 3010.dat
1 1 220 0 120 -1 0 0 0 1 0 0 0 -1 44237.dat
1 1 250 0 200 0 0 -1 0 1 0 1 0 0 6565.dat
1 42 150 0 130 0 0 -1 0 1 0 1 0 0 3062.dat
1 42 290 10 100 0 0 -1 -1 0 0 0 1 0 3062.dat
1 1 200 -8 160 -1 0 0 0 1 0 0 0 -1 3035.dat
1 7 220 24 0 1 0 0 0 1 0 0 0 1 30355.dat
1 7 -220 24 0 1 0 0 0 1 0 0 0 1 30356.dat
1 1 -220 0 120 1 0 0 0 1 0 0 0 1 44237.dat
1 7 -200 24 160 1 0 0 0 1 0 0 0 1 3029.dat
1 1 -90 16 160 0 0 1 0 1 0 -1 0 0 3710.dat
1 0 -90 8 180 0 0 -1 0 1 0 1 0 0 32028.dat
1 0 -90 8 140 0 0 -1 0 1 0 1 0 0 32028.dat
1 1 -90 0 160 0 0 1 0 1 0 -1 0 0 3710.dat
1 15 -120 0 150 0 0 -1 0 1 0 1 0 0 3002.dat
1 42 -150 0 130 1 0 0 0 1 0 0 0 1 3062.dat
1 1 0 0 110 1 0 0 0 1 0 0 0 1 3703.dat
1 1 -160 0 200 1 0 0 0 1 0 0 0 1 44237.dat
1 1 -250 0 200 0 0 1 0 1 0 -1 0 0 6564.dat
1 1 -110 -24 160 0 0 -1 0 1 0 1 0 0 3010.dat
1 1 -310 0 160 0 0 -1 0 1 0 1 0 0 3010.dat
1 15 -290 0 130 1 0 0 0 1 0 0 0 1 4070.dat
1 42 -290 10 100 0 0 -1 -1 0 0 0 1 0 3062.dat
1 1 -200 -8 160 -1 0 0 0 1 0 0 0 -1 3035.dat
1 1 -90 16 -40 0 0 1 0 1 0 -1 0 0 3710.dat
1 1 90 16 -40 0 0 1 0 1 0 -1 0 0 3710.dat
1 0 -90 8 -20 0 0 -1 0 1 0 1 0 0 32028.dat
1 0 -90 8 -60 0 0 -1 0 1 0 1 0 0 32028.dat
1 0 90 8 -20 0 0 1 0 1 0 -1 0 0 32028.dat
1 0 90 8 -60 0 0 1 0 1 0 -1 0 0 32028.dat
1 1 -90 0 -40 0 0 1 0 1 0 -1 0 0 3710.dat
1 1 90 0 -40 0 0 1 0 1 0 -1 0 0 3710.dat
1 15 190 16 60 0 0 1 0 1 0 -1 0 0 3069.dat
1 0 160 16 -10 1 0 0 0 1 0 0 0 1 30244.dat
1 0 160 16 -30 1 0 0 0 1 0 0 0 1 30244.dat
1 0 160 16 -50 1 0 0 0 1 0 0 0 1 30244.dat
1 0 -160 16 -10 1 0 0 0 1 0 0 0 1 30244.dat
1 0 -160 16 -30 1 0 0 0 1 0 0 0 1 30244.dat
1 0 -160 16 -50 1 0 0 0 1 0 0 0 1 30244.dat
1 1 -210 0 30 -1 0 0 0 1 0 0 0 -1 4286.dat
1 1 210 0 30 -1 0 0 0 1 0 0 0 -1 4286.dat
1 15 -250 0 80 -1 0 0 0 1 0 0 0 -1 3002.dat
1 15 250 0 80 -1 0 0 0 1 0 0 0 -1 3002.dat
1 0 130 16 -30 0 0 1 0 1 0 -1 0 0 3623.dat
1 0 -130 16 -30 0 0 1 0 1 0 -1 0 0 3623.dat
1 15 -130 -8 -10 0 0 1 0 1 0 -1 0 0 6231.dat
1 15 130 -8 -10 1 0 0 0 1 0 0 0 1 6231.dat
1 15 130 -8 -40 0 0 -1 0 1 0 1 0 0 4865.dat
1 15 -130 -8 -40 0 0 1 0 1 0 -1 0 0 4865.dat
1 0 190 16 -30 0 0 1 0 1 0 -1 0 0 3623.dat
1 15 190 -8 -40 0 0 1 0 1 0 -1 0 0 4865.dat
1 15 190 -8 -10 0 0 1 0 1 0 -1 0 0 6231.dat
1 0 -190 16 -30 0 0 1 0 1 0 -1 0 0 3623.dat
1 15 -190 -8 -40 0 0 -1 0 1 0 1 0 0 4865.dat
1 15 -190 -8 -10 1 0 0 0 1 0 0 0 1 6231.dat
1 4 -200 0 10 -1 0 0 0 1 0 0 0 -1 3010.dat
1 4 200 0 10 -1 0 0 0 1 0 0 0 -1 3010.dat
1 7 -90 -24 120 0 0 1 0 1 0 -1 0 0 3008.dat
1 7 90 -24 120 0 0 1 0 1 0 -1 0 0 3008.dat
1 1 -260 0 30 1 0 0 0 1 0 0 0 1 6564.dat
1 1 -240 0 -30 1 0 0 0 1 0 0 0 1 6564.dat
1 1 260 0 30 1 0 0 0 1 0 0 0 1 6565.dat
1 1 240 0 -30 1 0 0 0 1 0 0 0 1 6565.dat
1 7 120 0 -70 1 0 0 0 1 0 0 0 1 3298.dat
1 7 -120 0 -70 1 0 0 0 1 0 0 0 1 3298.dat
1 8 -180 -8 110 1 0 0 0 1 0 0 0 1 3460.dat
1 8 180 -8 110 1 0 0 0 1 0 0 0 1 3460.dat
1 7 180 0 -70 1 0 0 0 1 0 0 0 1 3297.dat
1 7 -180 0 -70 1 0 0 0 1 0 0 0 1 3297.dat
1 7 -70 -24 60 0 0 -1 0 1 0 1 0 0 3009.dat
1 7 70 -24 60 0 0 -1 0 1 0 1 0 0 3009.dat
1 8 0 -24 110 -1 0 0 0 1 0 0 0 -1 3700.dat
1 8 0 -24 10 -1 0 0 0 1 0 0 0 -1 3700.dat
1 0 130 -16 120 0 0 -1 0 1 0 1 0 0 30244.dat
1 0 -130 -16 120 0 0 -1 0 1 0 1 0 0 30244.dat
1 8 160 -8 10 1 0 0 0 1 0 0 0 1 2431.dat
1 8 -160 -8 10 1 0 0 0 1 0 0 0 1 2431.dat
1 7 -260 -8 20 1 0 0 0 1 0 0 0 1 3934.dat
1 7 310 -8 140 0 0 -1 0 1 0 1 0 0 2419.dat
1 7 -310 -8 140 0 0 1 0 1 0 -1 0 0 2419.dat
1 1 -100 -24 -20 0 0 1 0 1 0 -1 0 0 44237.dat
1 1 100 -24 -20 0 0 1 0 1 0 -1 0 0 44237.dat
1 1 210 -8 -20 0 0 1 0 1 0 -1 0 0 3666.dat
1 1 -210 -8 -20 0 0 1 0 1 0 -1 0 0 3666.dat
1 0 -100 -32 160 0 0 1 0 1 0 -1 0 0 3020.dat
1 0 100 -32 160 0 0 1 0 1 0 -1 0 0 3020.dat
1 7 0 -32 110 1 0 0 0 1 0 0 0 1 4477.dat
1 7 0 -32 10 1 0 0 0 1 0 0 0 1 4477.dat
1 7 -160 -8 -70 -1 0 0 0 1 0 0 0 -1 4625.dat
1 7 160 -8 -70 -1 0 0 0 1 0 0 0 -1 4625.dat
1 1 160 -16 -40 -1 0 0 0 1 0 0 0 -1 4213.dat
1 1 -160 -16 -40 -1 0 0 0 1 0 0 0 -1 4213.dat
1 1 -170 -40 -10 1 0 0 0 1 0 0 0 1 4286.dat
1 1 -150 -40 -10 1 0 0 0 1 0 0 0 1 4286.dat
1 1 170 -40 -10 1 0 0 0 1 0 0 0 1 4286.dat
1 1 150 -40 -10 1 0 0 0 1 0 0 0 1 4286.dat
1 7 -160 -16 150 1 0 0 0 1 0 0 0 1 4625.dat
1 7 160 -16 150 1 0 0 0 1 0 0 0 1 4625.dat
1 1 10 -56 110 0 0 -1 0 1 0 1 0 0 4286.dat
1 1 -10 -56 110 0 0 1 0 1 0 -1 0 0 4286.dat
1 7 80 -32 60 0 0 1 0 1 0 -1 0 0 3020.dat
1 7 -80 -32 60 0 0 1 0 1 0 -1 0 0 3020.dat
1 1 -70 -56 80 0 0 1 0 1 0 -1 0 0 3037.dat
1 1 70 -56 80 0 0 -1 0 1 0 1 0 0 3037.dat
1 1 220 -32 170 -1 0 0 0 1 0 0 0 -1 3039.dat
1 1 -220 -32 170 -1 0 0 0 1 0 0 0 -1 3039.dat
1 7 250 -32 140 0 0 -1 0 1 0 1 0 0 3297.dat
1 7 -250 -32 140 0 0 1 0 1 0 -1 0 0 3297.dat
1 1 -250 -32 30 1 0 0 0 1 0 0 0 1 3040.dat
1 1 250 -32 30 1 0 0 0 1 0 0 0 1 3040.dat
1 1 -70 -56 10 1 0 0 0 1 0 0 0 1 2357.dat
1 1 70 -56 10 0 0 -1 0 1 0 1 0 0 2357.dat
1 1 -240 -32 70 0 0 -1 0 1 0 1 0 0 3002.dat
1 0 0 -56 10 -1 0 0 0 1 0 0 0 -1 3633.dat
1 1 90 -56 30 1 0 0 0 1 0 0 0 1 3040.dat
1 1 -90 -56 30 1 0 0 0 1 0 0 0 1 3040.dat
1 7 260 -8 20 1 0 0 0 1 0 0 0 1 3933.dat
1 1 240 -32 70 0 0 -1 0 1 0 1 0 0 3002.dat
1 1 220 -32 30 1 0 0 0 1 0 0 0 1 30363.dat
1 1 -220 -32 30 1 0 0 0 1 0 0 0 1 30363.dat
1 0 0 -80 110 -1 0 0 0 1 0 0 0 -1 3660.dat
1 7 0 -104 120 0 0 1 0 1 0 -1 0 0 3043.dat
1 1 -240 -40 100 0 0 1 0 1 0 -1 0 0 3034.dat
1 1 240 -40 100 0 0 1 0 1 0 -1 0 0 3034.dat
1 1 160 -53.425 142.045 1 0 0 0 0.485 0.875 0 -0.875 0.485 4213.dat
1 47 160 -67.04 125.352 1 0 0 0 0.485 0.875 0 -0.875 0.485 30366.dat
1 15 -190 16 60 0 0 1 0 1 0 -1 0 0 3069.dat
1 1 -160 -53.425 142.045 1 0 0 0 0.485 0.875 0 -0.875 0.485 4213.dat
1 47 -160 -67.04 125.352 1 0 0 0 0.485 0.875 0 -0.875 0.485 30366.dat
1 7 70 -56 160 0 0 -1 0 1 0 1 0 0 3297.dat
1 7 -70 -56 160 0 0 1 0 1 0 -1 0 0 3297.dat
1 7 70 -64 160 0 0 1 0 1 0 -1 0 0 4625.dat
1 7 70 -64 80 0 0 1 0 1 0 -1 0 0 4625.dat
1 7 -70 -64 80 0 0 -1 0 1 0 1 0 0 4625.dat
1 7 -70 -64 160 0 0 -1 0 1 0 1 0 0 4625.dat
1 7 13.649 -105.579 159.948 0 0.616 -0.788 0 0.788 0.616 1 0 0 2582.dat
1 7 -13.649 -105.579 80.052 0 -0.616 0.788 0 0.788 0.616 -1 0 0 2582.dat
1 7 -13.649 -105.579 160.052 0 -0.616 0.788 0 0.788 0.616 -1 0 0 2582.dat
1 7 13.649 -105.579 79.948 0 0.616 -0.788 0 0.788 0.616 1 0 0 2582.dat
1 1 -8.723 -111.883 160.052 0 -0.616 0.788 0 0.788 0.616 -1 0 0 2431.dat
1 1 -8.723 -111.883 80.052 0 -0.616 0.788 0 0.788 0.616 -1 0 0 2431.dat
1 1 8.723 -111.883 159.948 0 0.616 0.788 0 0.788 -0.616 -1 0 0 2431.dat
1 1 8.723 -111.883 79.948 0 0.616 0.788 0 0.788 -0.616 -1 0 0 2431.dat
1 7 230 -56 170 0 0 1 0 1 0 -1 0 0 750.dat
1 7 290 -24 190 0 0 1 0 1 0 -1 0 0 750.dat
1 7 230 -56 170 0 -0.011 1 -0.019 -1 -0.011 -1 0.019 0 755.dat
1 7 229.879 -62.954 170.23 0.011 -0.026 1 -0.052 -0.998 -0.026 -0.999 0.052 0.013 756.dat
1 7 229.763 -66.194 170.485 0.021 -0.036 0.999 -0.082 -0.996 -0.035 -0.997 0.081 0.023 756.dat
1 7 229.63 -69.413 170.83 0.029 -0.042 0.999 -0.11 -0.993 -0.038 -0.994 0.109 0.034 756.dat
1 7 229.495 -72.63 171.264 0.038 -0.041 0.998 -0.137 -0.99 -0.036 -0.99 0.136 0.044 756.dat
1 7 229.38 -75.845 171.784 0.047 -0.035 0.998 -0.163 -0.986 -0.027 -0.985 0.162 0.052 756.dat
1 7 229.309 -79.027 172.384 0.057 -0.021 0.998 -0.188 -0.982 -0.01 -0.981 0.187 0.06 756.dat
1 7 229.309 -82.205 173.067 0.066 0.002 0.998 -0.211 -0.977 0.016 -0.975 0.212 0.065 756.dat
1 7 229.418 -85.371 173.829 0.077 0.036 0.996 -0.233 -0.971 0.053 -0.97 0.236 0.066 756.dat
1 7 229.685 -88.493 174.662 0.088 0.086 0.992 -0.251 -0.962 0.106 -0.964 0.259 0.063 756.dat
1 7 230.178 -91.587 175.568 0.1 0.157 0.983 -0.266 -0.947 0.178 -0.959 0.279 0.053 756.dat
1 7 230.977 -94.583 176.523 0.112 0.254 0.961 -0.276 -0.921 0.275 -0.955 0.296 0.034 756.dat
1 7 232.189 -97.419 177.502 0.123 0.384 0.915 -0.277 -0.872 0.403 -0.953 0.303 0.001 756.dat
1 7 233.918 -100 178.46 0.129 0.544 0.829 -0.267 -0.786 0.557 -0.955 0.294 -0.044 756.dat
1 7 236.178 -102.147 179.311 0.125 0.71 0.693 -0.247 -0.654 0.715 -0.961 0.261 -0.094 756.dat
1 7 238.896 -103.785 179.998 0.108 0.846 0.522 -0.222 -0.491 0.842 -0.969 0.207 -0.135 756.dat
1 7 241.89 -104.895 180.487 0.083 0.932 0.353 -0.2 -0.332 0.922 -0.976 0.147 -0.159 756.dat
1 7 245.056 -105.576 180.799 0.055 0.976 0.212 -0.182 -0.199 0.963 -0.982 0.091 -0.167 756.dat
1 7 248.277 -105.912 180.958 0.029 0.994 0.102 -0.168 -0.096 0.981 -0.985 0.046 -0.164 756.dat
1 7 251.522 -105.985 180.999 0.007 1 0.018 -0.157 -0.016 0.988 -0.988 0.01 -0.157 756.dat
1 7 254.771 -105.729 181.052 0.029 0.996 -0.084 -0.146 0.087 0.985 -0.989 0.017 -0.148 756.dat
1 7 257.939 -105.078 181.173 0.068 0.977 -0.203 -0.13 0.21 0.969 -0.989 0.039 -0.142 756.dat
1 7 261.011 -104.025 181.368 0.104 0.941 -0.323 -0.11 0.333 0.936 -0.989 0.061 -0.138 756.dat
1 7 263.899 -102.599 181.627 0.134 0.89 -0.436 -0.086 0.449 0.889 -0.987 0.082 -0.137 756.dat
1 7 266.62 -100.824 181.944 0.158 0.828 -0.538 -0.061 0.552 0.832 -0.986 0.099 -0.138 756.dat
1 7 269.104 -98.778 182.304 0.175 0.762 -0.624 -0.036 0.638 0.769 -0.984 0.112 -0.139 756.dat
1 7 271.373 -96.501 182.696 0.185 0.696 -0.694 -0.013 0.708 0.706 -0.983 0.122 -0.14 756.dat
1 7 273.45 -94.025 183.114 0.19 0.632 -0.751 0.008 0.764 0.645 -0.982 0.129 -0.141 756.dat
1 7 275.332 -91.406 183.546 0.192 0.573 -0.796 0.026 0.808 0.588 -0.981 0.133 -0.14 756.dat
1 7 277.03 -88.681 183.986 0.19 0.52 -0.833 0.041 0.843 0.536 -0.981 0.136 -0.139 756.dat
1 7 278.574 -85.86 184.43 0.186 0.472 -0.862 0.054 0.871 0.488 -0.981 0.137 -0.137 756.dat
1 7 279.973 -82.966 184.874 0.18 0.428 -0.886 0.064 0.893 0.445 -0.982 0.137 -0.133 756.dat
1 7 281.251 -79.996 185.318 0.173 0.388 -0.905 0.073 0.911 0.405 -0.982 0.136 -0.129 756.dat
1 7 282.407 -76.985 185.753 0.165 0.352 -0.921 0.079 0.926 0.368 -0.983 0.134 -0.125 756.dat
1 7 283.452 -73.943 186.179 0.156 0.32 -0.935 0.084 0.938 0.335 -0.984 0.131 -0.119 756.dat
1 7 284.402 -70.858 186.596 0.147 0.29 -0.946 0.088 0.949 0.304 -0.985 0.128 -0.114 756.dat
1 7 285.258 -67.757 186.999 0.137 0.262 -0.955 0.09 0.957 0.275 -0.986 0.124 -0.108 756.dat
1 7 286.033 -64.621 187.389 0.127 0.236 -0.963 0.091 0.964 0.248 -0.988 0.119 -0.101 756.dat
1 7 286.726 -61.475 187.761 0.117 0.212 -0.97 0.091 0.971 0.223 -0.989 0.114 -0.094 756.dat
1 7 287.348 -58.298 188.117 0.106 0.189 -0.976 0.09 0.976 0.199 -0.99 0.109 -0.087 756.dat
1 7 287.899 -55.114 188.451 0.096 0.168 -0.981 0.087 0.981 0.176 -0.992 0.102 -0.079 756.dat
1 7 288.381 -51.922 188.762 0.085 0.147 -0.985 0.083 0.985 0.154 -0.993 0.095 -0.071 756.dat
1 7 288.798 -48.722 189.047 0.074 0.127 -0.989 0.078 0.988 0.133 -0.994 0.087 -0.063 756.dat
1 7 289.155 -45.491 189.305 0.063 0.108 -0.992 0.072 0.991 0.112 -0.995 0.078 -0.055 756.dat
1 7 289.448 -42.273 189.529 0.053 0.089 -0.995 0.064 0.994 0.092 -0.997 0.068 -0.047 756.dat
1 7 289.681 -39.023 189.717 0.042 0.07 -0.997 0.054 0.996 0.072 -0.998 0.057 -0.038 756.dat
1 7 289.851 -35.787 189.863 0.031 0.051 -0.998 0.042 0.998 0.052 -0.999 0.044 -0.029 756.dat
1 7 289.957 -32.543 189.959 0.02 0.031 -0.999 0.028 0.999 0.032 -0.999 0.029 -0.019 756.dat
1 7 289.997 -29.294 189.997 0.01 0.011 -1 0.01 1 0.011 -1 0.01 -0.01 756.dat
1 7 290.054 -24.001 190.052 0 -0.011 -1 0.01 -1 0.011 -1 -0.01 0 755.dat
1 7 -230 -56 170 0 0 -1 0 1 0 -1 0 0 750.dat
1 7 -290 -24 190 0 0 -1 0 1 0 -1 0 0 750.dat
1 7 -230 -56 170 0 0.011 -1 -0.019 -1 -0.011 -1 0.019 0 755.dat
1 7 -229.879 -62.954 170.23 -0.011 0.026 -1 -0.052 -0.998 -0.026 -0.999 0.052 0.013 756.dat
1 7 -229.763 -66.194 170.485 -0.021 0.036 -0.999 -0.082 -0.996 -0.035 -0.997 0.081 0.023 756.dat
1 7 -229.63 -69.413 170.83 -0.029 0.042 -0.999 -0.11 -0.993 -0.038 -0.994 0.109 0.034 756.dat
1 7 -229.495 -72.63 171.264 -0.038 0.041 -0.998 -0.137 -0.99 -0.036 -0.99 0.136 0.044 756.dat
1 7 -229.38 -75.845 171.784 -0.047 0.035 -0.998 -0.163 -0.986 -0.027 -0.985 0.162 0.052 756.dat
1 7 -229.309 -79.027 172.384 -0.057 0.021 -0.998 -0.188 -0.982 -0.01 -0.981 0.187 0.06 756.dat
1 7 -229.309 -82.205 173.067 -0.066 -0.002 -0.998 -0.211 -0.977 0.016 -0.975 0.212 0.065 756.dat
1 7 -229.418 -85.371 173.829 -0.077 -0.036 -0.996 -0.233 -0.971 0.053 -0.97 0.236 0.066 756.dat
1 7 -229.685 -88.493 174.662 -0.088 -0.086 -0.992 -0.251 -0.962 0.106 -0.964 0.259 0.063 756.dat
1 7 -230.178 -91.587 175.568 -0.1 -0.157 -0.983 -0.266 -0.947 0.178 -0.959 0.279 0.053 756.dat
1 7 -230.977 -94.583 176.523 -0.112 -0.254 -0.961 -0.276 -0.921 0.275 -0.955 0.296 0.034 756.dat
1 7 -232.189 -97.419 177.502 -0.123 -0.384 -0.915 -0.277 -0.872 0.403 -0.953 0.303 0.001 756.dat
1 7 -233.918 -100 178.46 -0.129 -0.544 -0.829 -0.267 -0.786 0.557 -0.955 0.294 -0.044 756.dat
1 7 -236.178 -102.147 179.311 -0.125 -0.71 -0.693 -0.247 -0.654 0.715 -0.961 0.261 -0.094 756.dat
1 7 -238.896 -103.785 179.998 -0.108 -0.846 -0.522 -0.222 -0.491 0.842 -0.969 0.207 -0.135 756.dat
1 7 -241.89 -104.895 180.487 -0.083 -0.932 -0.353 -0.2 -0.332 0.922 -0.976 0.147 -0.159 756.dat
1 7 -245.056 -105.576 180.799 -0.055 -0.976 -0.212 -0.182 -0.199 0.963 -0.982 0.091 -0.167 756.dat
1 7 -248.277 -105.912 180.958 -0.029 -0.994 -0.102 -0.168 -0.096 0.981 -0.985 0.046 -0.164 756.dat
1 7 -251.522 -105.985 180.999 -0.007 -1 -0.018 -0.157 -0.016 0.988 -0.988 0.01 -0.157 756.dat
1 7 -254.771 -105.729 181.052 -0.029 -0.996 0.084 -0.146 0.087 0.985 -0.989 0.017 -0.148 756.dat
1 7 -257.939 -105.078 181.173 -0.068 -0.977 0.203 -0.13 0.21 0.969 -0.989 0.039 -0.142 756.dat
1 7 -261.011 -104.025 181.368 -0.104 -0.941 0.323 -0.11 0.333 0.936 -0.989 0.061 -0.138 756.dat
1 7 -263.899 -102.599 181.627 -0.134 -0.89 0.436 -0.086 0.449 0.889 -0.987 0.082 -0.137 756.dat
1 7 -266.62 -100.824 181.944 -0.158 -0.828 0.538 -0.061 0.552 0.832 -0.986 0.099 -0.138 756.dat
1 7 -269.104 -98.778 182.304 -0.175 -0.762 0.624 -0.036 0.638 0.769 -0.984 0.112 -0.139 756.dat
1 7 -271.373 -96.501 182.696 -0.185 -0.696 0.694 -0.013 0.708 0.706 -0.983 0.122 -0.14 756.dat
1 7 -273.45 -94.025 183.114 -0.19 -0.632 0.751 0.008 0.764 0.645 -0.982 0.129 -0.141 756.dat
1 7 -275.332 -91.406 183.546 -0.192 -0.573 0.796 0.026 0.808 0.588 -0.981 0.133 -0.14 756.dat
1 7 -277.03 -88.681 183.986 -0.19 -0.52 0.833 0.041 0.843 0.536 -0.981 0.136 -0.139 756.dat
1 7 -278.574 -85.86 184.43 -0.186 -0.472 0.862 0.054 0.871 0.488 -0.981 0.137 -0.137 756.dat
1 7 -279.973 -82.966 184.874 -0.18 -0.428 0.886 0.064 0.893 0.445 -0.982 0.137 -0.133 756.dat
1 7 -281.251 -79.996 185.318 -0.173 -0.388 0.905 0.073 0.911 0.405 -0.982 0.136 -0.129 756.dat
1 7 -282.407 -76.985 185.753 -0.165 -0.352 0.921 0.079 0.926 0.368 -0.983 0.134 -0.125 756.dat
1 7 -283.452 -73.943 186.179 -0.156 -0.32 0.935 0.084 0.938 0.335 -0.984 0.131 -0.119 756.dat
1 7 -284.402 -70.858 186.596 -0.147 -0.29 0.946 0.088 0.949 0.304 -0.985 0.128 -0.114 756.dat
1 7 -285.258 -67.757 186.999 -0.137 -0.262 0.955 0.09 0.957 0.275 -0.986 0.124 -0.108 756.dat
1 7 -286.033 -64.621 187.389 -0.127 -0.236 0.963 0.091 0.964 0.248 -0.988 0.119 -0.101 756.dat
1 7 -286.726 -61.475 187.761 -0.117 -0.212 0.97 0.091 0.971 0.223 -0.989 0.114 -0.094 756.dat
1 7 -287.348 -58.298 188.117 -0.106 -0.189 0.976 0.09 0.976 0.199 -0.99 0.109 -0.087 756.dat
1 7 -287.899 -55.114 188.451 -0.096 -0.168 0.981 0.087 0.981 0.176 -0.992 0.102 -0.079 756.dat
1 7 -288.381 -51.922 188.762 -0.085 -0.147 0.985 0.083 0.985 0.154 -0.993 0.095 -0.071 756.dat
1 7 -288.798 -48.722 189.047 -0.074 -0.127 0.989 0.078 0.988 0.133 -0.994 0.087 -0.063 756.dat
1 7 -289.155 -45.491 189.305 -0.063 -0.108 0.992 0.072 0.991 0.112 -0.995 0.078 -0.055 756.dat
1 7 -289.448 -42.273 189.529 -0.053 -0.089 0.995 0.064 0.994 0.092 -0.997 0.068 -0.047 756.dat
1 7 -289.681 -39.023 189.717 -0.042 -0.07 0.997 0.054 0.996 0.072 -0.998 0.057 -0.038 756.dat
1 7 -289.851 -35.787 189.863 -0.031 -0.051 0.998 0.042 0.998 0.052 -0.999 0.044 -0.029 756.dat
1 7 -289.957 -32.543 189.959 -0.02 -0.031 0.999 0.028 0.999 0.032 -0.999 0.029 -0.019 756.dat
1 7 -289.997 -29.294 189.997 -0.01 -0.011 1 0.01 1 0.011 -1 0.01 -0.01 756.dat
1 7 -290.054 -24.001 190.052 0 0.011 1 0.01 -1 0.011 -1 -0.01 0 755.dat
1 7 0 24 180 1 0 0 0 1 0 0 0 1 3036.dat
1 1 0 0 220 1 0 0 0 1 0 0 0 1 3007.dat
1 0 70 0 160 0 0 -1 0 1 0 1 0 0 2653.dat
1 0 -70 0 160 0 0 1 0 1 0 -1 0 0 2653.dat
1 1 -40 0 130 1 0 0 0 1 0 0 0 1 3004.dat
1 1 40 0 130 1 0 0 0 1 0 0 0 1 3004.dat
1 7 0 0 140 0 0 1 0 1 0 -1 0 0 6232.dat
1 7 0 -24 140 0 0 1 0 1 0 -1 0 0 6232.dat
1 1 0 -24 220 1 0 0 0 1 0 0 0 1 44237.dat
1 7 -70 -24 180 0 0 -1 0 1 0 1 0 0 3009.dat
1 7 70 -24 180 0 0 -1 0 1 0 1 0 0 3009.dat
1 8 0 -32 180 0 0 -1 0 1 0 1 0 0 3795.dat
1 7 30 -48 220 0 0 -1 0 1 0 1 0 0 3298.dat
1 7 -30 -48 220 0 0 1 0 1 0 -1 0 0 3298.dat
1 0 -40 -32 130 -1 0 0 0 1 0 0 0 -1 2432.dat
1 0 40 -32 130 -1 0 0 0 1 0 0 0 -1 2432.dat
1 1 70 -32 160 0 0 1 0 1 0 -1 0 0 2431.dat
1 1 -70 -32 160 0 0 1 0 1 0 -1 0 0 2431.dat
1 1 -30 -56 220 0 0 1 0 1 0 -1 0 0 3023.dat
1 1 30 -56 220 0 0 1 0 1 0 -1 0 0 3023.dat
1 8 0 -56 230 1 0 0 0 1 0 0 0 1 3700.dat
1 7 0 -46 215 1 0 0 0 1 0 0 0 1 32123.dat
1 7 0 -46 205 1 0 0 0 1 0 0 0 1 32123.dat
1 1 0 -46 265 1 0 0 0 0 1 0 -1 0 6222.dat
1 0 0 -46 240 0 0 -1 0 1 0 1 0 0 3705.dat
1 7 0 -46 275 1 0 0 0 1 0 0 0 1 32123.dat
1 0 0 -86 255 0 -1 0 1 0 0 0 0 1 3673.dat
1 0 40 -46 255 1 0 0 0 1 0 0 0 1 3673.dat
1 0 -40 -46 255 1 0 0 0 1 0 0 0 1 3673.dat
1 0 0 -6 255 0 1 0 1 0 0 0 0 -1 3673.dat
1 7 0 -96 255 0 1 0 1 0 0 0 0 -1 32013.dat
1 7 0 4 255 0 1 0 1 0 0 0 0 -1 32013.dat
1 7 -50 -46 255 1 0 0 0 -1 0 0 0 -1 32013.dat
1 7 50 -46 255 1 0 0 0 -1 0 0 0 -1 32013.dat
1 38 0 -46 265 1 0 0 0 0 1 0 -1 0 30208.dat
1 1 0 -80 220 1 0 0 0 1 0 0 0 1 3001.dat
1 7 0 -88 210 -1 0 0 0 1 0 0 0 -1 2431.dat
1 0 0 16 40 -1 0 0 0 1 0 0 0 -1 3020.dat
1 0 30 -8 40 0 0 -1 0 1 0 1 0 0 3660.dat
1 0 -30 -8 40 0 0 1 0 1 0 -1 0 0 3660.dat
1 8 0 -8 30 1 0 0 0 1 0 0 0 1 3700.dat
1 8 0 -8 50 1 0 0 0 1 0 0 0 1 3700.dat
1 8 0 -32 50 1 0 0 0 1 0 0 0 1 3700.dat
1 8 0 -32 30 1 0 0 0 1 0 0 0 1 3700.dat
1 8 40 -32 50 1 0 0 0 1 0 0 0 1 30237.dat
1 8 -40 -32 50 1 0 0 0 1 0 0 0 1 30237.dat
1 1 -10 -40 50 -1 0 0 0 1 0 0 0 -1 2420.dat
1 1 10 -40 50 0 0 1 0 1 0 -1 0 0 2420.dat
1 1 0 -72 30 1 0 0 0 1 0 0 0 1 2432.dat
1 14 36 -32 30 0 1 0 0 0 1 1 0 0 4599.dat
1 14 -36 -32 30 0 -1 0 0 0 1 -1 0 0 4599.dat
1 0 30 -8 80 0 0 -1 0 1 0 1 0 0 3660.dat
1 0 -30 -8 80 0 0 1 0 1 0 -1 0 0 3660.dat
1 8 0 -8 70 1 0 0 0 1 0 0 0 1 3700.dat
1 1 -30 -16 90 0 0 1 0 1 0 -1 0 0 2420.dat
1 0 0 16 80 -1 0 0 0 1 0 0 0 -1 3020.dat
1 1 30 -16 90 -1 0 0 0 1 0 0 0 -1 2420.dat
1 7 0 -8 90 -1 0 0 0 1 0 0 0 -1 2877.dat
1 8 0 -32 70 1 0 0 0 1 0 0 0 1 3700.dat
1 7 0 -40 90 -1 0 0 0 1 0 0 0 -1 2877.dat
1 7 0 -40 70 1 0 0 0 1 0 0 0 1 3023.dat
1 7 50 -32 80 0 0 -1 0 1 0 1 0 0 3937.dat
1 7 -50 -32 80 0 0 1 0 1 0 -1 0 0 3937.dat
1 4 -50 -32 80 0 0 1 0 1 0 -1 0 0 6134.dat
1 4 50 -32 80 0 0 -1 0 1 0 1 0 0 6134.dat
1 0 0 -48 80 0 0 -1 0 1 0 1 0 0 3022.dat
1 1 0 -80 90 1 0 0 0 1 0 0 0 1 2432.dat
1 0 -40 -40 80 -1 0 0 0 1 0 0 0 -1 30358.dat
1 0 40 -40 80 -1 0 0 0 1 0 0 0 -1 30358.dat
1 6 0 0 -92 1 0 0 0 1 0 0 0 1 3815.dat
1 19 0 -32 -92 1 0 0 0 1 0 0 0 1 973.dat
1 6 0 -34 -92 1 0 0 0 1 0 0 0 1 522.dat
1 14 0 -58 -92 1 0 0 0 1 0 0 0 1 3626.dat
1 6 0 -58 -92 1 0 0 0 1 0 0 0 1 92756.dat
1 19 -160 -32 68 1 0 0 0 1 0 0 0 1 973.dat
1 8 -160 0 68 1 0 0 0 1 0 0 0 1 3815.dat
1 6 160 0 68 1 0 0 0 1 0 0 0 1 3815.dat
1 19 160 -32 68 1 0 0 0 1 0 0 0 1 973.dat
1 6 160 -34 68 1 0 0 0 1 0 0 0 1 522.dat
1 14 160 -58 68 1 0 0 0 1 0 0 0 1 3626.dat
1 6 160 -58 68 1 0 0 0 1 0 0 0 1 30381.dat
