0 
0 Name: New Model.ldr
0 Author: 
1 0 110 7.449 -97.744 0 0 1 -0.292 0.956 0 -0.956 -0.292 0 3034.dat
1 4 110 -20.667 -162.346 -1 0 0 0 0.956 -0.292 0 -0.292 -0.956 3710.dat
1 4 110 -19.547 -131.318 -1 0 0 0 0.956 -0.292 0 -0.292 -0.956 3788.dat
1 4 110 9.691 -35.688 -1 0 0 0 0.956 -0.292 0 -0.292 -0.956 3788.dat
1 0 110 -25.394 -150.444 -1 0 0 0 0.956 -0.292 0 -0.292 -0.956 3022.dat
1 15 110 12.614 -26.125 -1 0 0 0 0.956 -0.292 0 -0.292 -0.956 3023.dat
1 15 140 2.04 -33.349 0 0 -1 0.292 0.956 0 0.956 -0.292 0 3023.dat
1 15 80 2.04 -33.349 0 0 -1 0.292 0.956 0 0.956 -0.292 0 3023.dat
1 15 110 4.964 -23.786 -1 0 0 0 0.956 -0.292 0 -0.292 -0.956 3023.dat
1 0 110 -35.968 -157.668 -1 0 0 0 0.956 -0.292 0 -0.292 -0.956 3023.dat
1 4 110 -10.775 -102.629 1 0 0 0 0.956 0.292 0 -0.292 0.956 3829.dat
1 4 130 2.722 -85.842 0 0 1 -0.292 0.956 0 -0.956 -0.292 0 3021.dat
1 4 90 2.722 -85.842 0 0 1 -0.292 0.956 0 -0.956 -0.292 0 3021.dat
1 15 140 -26.076 -97.951 1 0 0 0 0.956 0.292 0 -0.292 0.956 3822.dat
1 15 80 -29.901 -96.782 1 0 0 0 0.956 0.292 0 -0.292 0.956 3821.dat
1 15 110 -5.61 -31.01 1 0 0 0 0.956 0.292 0 -0.292 0.956 3020.dat
1 15 110 -27.197 -128.979 1 0 0 0 0.956 0.292 0 -0.292 0.956 3020.dat
1 15 80 -43.619 -155.329 1 0 0 0 0.956 0.292 0 -0.292 0.956 4070.dat
1 15 140 -43.619 -155.329 1 0 0 0 0.956 0.292 0 -0.292 0.956 4070.dat
1 15 140 -34.847 -126.64 0 0 -1 0.292 0.956 0 0.956 -0.292 0 3023.dat
1 46 140 -38.149 -171.641 1 0 0 0 0.292 -0.956 0 0.956 0.292 3024.dat
1 46 80 -38.149 -171.641 1 0 0 0 0.292 -0.956 0 0.956 0.292 3024.dat
1 15 80 -34.847 -126.64 0 0 -1 0.292 0.956 0 0.956 -0.292 0 3023.dat
1 15 110 -31.924 -117.077 -1 0 0 0 0.956 -0.292 0 -0.292 -0.956 3023.dat
1 15 110 -40.695 -145.766 1 0 0 0 0.956 0.292 0 -0.292 0.956 3068.dat
1 0 110 3.405 -138.335 -1 0 0 0 0.956 -0.292 0 -0.292 -0.956 122.dat
1 0 110 32.642 -42.705 -1 0 0 0 0.956 -0.292 0 -0.292 -0.956 122.dat
1 256 80 38.38 -44.459 0 0 -1 0.292 0.956 0 0.956 -0.292 0 3641.dat
1 256 140 38.38 -44.459 0 0 -1 0.292 0.956 0 0.956 -0.292 0 3641.dat
1 256 140 9.143 -140.089 0 0 -1 0.292 0.956 0 0.956 -0.292 0 3641.dat
1 256 80 9.143 -140.089 0 0 -1 0.292 0.956 0 0.956 -0.292 0 3641.dat
1 1 110 -54.437 -26.539 1 0 0 0 0.956 0.292 0 -0.292 0.956 4083.dat
1 47 110 -71.979 -83.917 1 0 0 0 0.956 0.292 0 -0.292 0.956 3823.dat
1 1 110 -79.629 -81.578 1 0 0 0 0.956 0.292 0 -0.292 0.956 3710.dat
1 1 120 -23.725 -15.015 0.707 0 -0.707 0.207 0.956 0.207 0.676 -0.292 0.676 3842.dat
