0 Main
0 Name: 8054 - Universal Building Set with 4.5v mot_FCYGv7J.mpd
0 Author: LTRON
1 7 0 0 -20 0 0 -1 0 1 0 1 0 0 3895.dat
1 0 -10 10 80 -1 0 0 0 -1 0 0 0 1 2780.dat
1 7 10 10 -20 -1 0 0 0 -1 0 0 0 1 3673.dat
1 0 -10 10 20 -1 0 0 0 -1 0 0 0 1 2780.dat
1 7 -10 8.986 -59.015 -1 0 0 0 -1 0 0 0 1 3673.dat
1 7 70 10 -60 -1 0 0 0 -1 0 0 0 1 3673.dat
1 7 60 0 -20 0 0 -1 0 1 0 1 0 0 3895.dat
1 7 50 10 -20 -1 0 0 0 -0.898 0.439 0 0.439 0.898 3673.dat
1 0 70 10 20 -1 0 0 0 -1 0 0 0 1 2780.dat
1 0 70 10 80 -1 0 0 0 -1 0 0 0 1 2780.dat
1 14 -20 0 100 0 0 1 0 1 0 -1 0 0 3895.dat
1 14 80 0 100 0 0 1 0 1 0 -1 0 0 3895.dat
1 7 90 10 160 -1 0 0 0 -0.629 -0.777 0 -0.777 0.629 3673.dat
1 7 90 10 120 -1 0 0 0 -1 0 0 0 1 3673.dat
1 7 -30 10 160 -1 0 0 0 -1 0 0 0 1 3673.dat
1 7 -30 10 120 -1 0 0 0 -1 0 0 0 1 3673.dat
1 7 20 5.616 -28.988 1 0 0 0 0.439 -0.898 0 0.898 0.439 4261.dat
1 7 40 5.616 -28.988 1 0 0 0 0.439 -0.898 0 0.898 0.439 4261.dat
1 14 30 -8 200 -1 0 0 0 1 0 0 0 -1 3795.dat
1 14 30 -24 90 -1 0 0 0 1 0 0 0 -1 3701.dat
1 14 30 -48 90 -1 0 0 0 1 0 0 0 -1 3701.dat
1 7 30 -56 90 -1 0 0 0 1 0 0 0 -1 3023.dat
1 7 30 -64 90 -1 0 0 0 1 0 0 0 -1 3023.dat
1 7 50 -64 200 0 0 -1 0 1 0 1 0 0 6216.dat
1 7 30 -72 140 0 0 -1 0 1 0 1 0 0 3738.dat
1 7 80 -72 190 0 0 -1 0 1 0 1 0 0 2420.dat
1 14 30 -80 220 -1 0 0 0 1 0 0 0 -1 3709.dat
1 7 30 -80 190 -1 0 0 0 1 0 0 0 -1 3666.dat
1 7 30 -80 70 -1 0 0 0 1 0 0 0 -1 3666.dat
1 7 30 -104 70 -1 0 0 0 1 0 0 0 -1 3700.dat
1 7 30 -104 190 -1 0 0 0 1 0 0 0 -1 3701.dat
1 14 30 -104 230 -1 0 0 0 1 0 0 0 -1 3700.dat
1 0 30 -94 220 0 0 -1 0 1 0 1 0 0 3706.dat
1 7 30 -94 170 -1 0 0 0 1 0 0 0 -1 3647.dat
1 7 30 -94 300 1 0 0 0 1 0 0 0 1 3712.dat
1 0 30 -94 420 0 0 -1 0 1 0 1 0 0 3737.dat
1 7 30 -104 470 -1 0 0 0 1 0 0 0 -1 3700.dat
1 7 30 -94 483 -1 0 0 0 1 0 0 0 -1 4143.dat
1 14 80 -104 160 0 0 -1 0 1 0 1 0 0 3895.dat
1 14 -20 -104 160 0 0 -1 0 1 0 1 0 0 3895.dat
1 0 -30 -94 260 -1 0 0 0 -0.875 0.485 0 0.485 0.875 2780.dat
1 0 -30 -94 120 -1 0 0 0 -1 0 0 0 1 2780.dat
1 7 90 -94 60 -1 0 0 0 0.5 0.866 0 0.866 -0.5 3673.dat
1 7 -30 -94 60 -1 0 0 0 -0.5 0.866 0 0.866 0.5 3673.dat
1 0 70 -94 240 -1 0 0 0 -1 0 0 0 1 2780.dat
1 0 90 -94 260 -1 0 0 0 -1 0.017 0 0.017 1 2780.dat
1 14 60 -104 360 0 0 -1 0 1 0 1 0 0 3703.dat
1 14 0 -104 220 0 0 1 0 1 0 -1 0 0 3700.dat
1 0 65 -94 500 -1 0 0 0 1 0 0 0 -1 4519.dat
1 7 47 -94 500 0 0 1 1 0 0 0 1 0 4143.dat
1 7 77 -94 500 0 0 1 1 0 0 0 1 0 4265.dat
1 7 60 -112 470 0 0 -1 0 1 0 1 0 0 2420.dat
1 14 100 -47.038 221.34 0 0 -1 -0.866 0.5 0 0.5 0.866 0 3702.dat
1 0 90 10 200 -1 0 0 0 -0.961 -0.276 0 -0.276 0.961 2780.dat
1 0 -30 10 200 -1 0 0 0 -1 0.017 0 0.017 1 2780.dat
1 14 -40 -47.038 221.34 0 0 -1 -0.866 0.5 0 0.5 0.866 0 3702.dat
1 0 70 -94 220 -1 0 0 0 -1 0 0 0 1 2780.dat
1 14 -40 -64.359 88.66 0 0 -1 0.866 0.5 0 0.5 -0.866 0 3894.dat
1 7 -40 -16.397 125.588 0 0 -1 0.866 0.5 0 0.5 -0.866 0 3710.dat
1 14 -40 4.923 128.66 0 0 -1 0.866 0.5 0 0.5 -0.866 0 3700.dat
1 7 -40 -17.718 87.876 0 0 -1 0.866 0.5 0 0.5 -0.866 0 3666.dat
1 7 100 -17.718 87.876 0 0 -1 0.866 0.5 0 0.5 -0.866 0 3666.dat
1 14 100 -64.359 88.66 0 0 -1 0.866 0.5 0 0.5 -0.866 0 3894.dat
1 7 100 -16.397 125.588 0 0 -1 0.866 0.5 0 0.5 -0.866 0 3710.dat
1 14 100 4.923 128.66 0 0 -1 0.866 0.5 0 0.5 -0.866 0 3700.dat
1 0 20 2.097 60.144 0 1 0.008 0.439 -0.007 0.899 0.899 0.003 -0.439 3737.dat
1 7 20 -37.392 -20.723 1 0.021 0 -0.019 0.898 0.439 0.009 -0.439 0.898 4273.dat
1 7 39.999 -37.528 -20.655 -1 -0.021 0 0.019 -0.898 0.439 -0.009 0.439 0.898 4273.dat
1 0 39.999 1.96 60.21 0 1 0.008 0.439 -0.007 0.899 0.899 0.003 -0.439 3737.dat
1 7 29.995 -47.068 -38.097 -0.003 0.007 -1 0 1 0.007 1 0 -0.003 3713.dat
1 0 80 -94 140 1 0 0 0 0.909 0.416 0 -0.416 0.909 4519.dat
1 7 60 -94 140 0 0 -1 0.416 0.909 0 0.909 -0.416 0 3647.dat
1 0 28.993 -47.551 -37.871 -1 0.007 0.003 0.007 1 0 -0.003 0 -1 3706.dat
1 7 95 -94 140 0 0 1 -0.416 0.909 0 -0.909 -0.416 0 4185.dat
1 14 30 -112 200 -1 0 0 0 1 0 0 0 -1 3795.dat
1 14 30 -112 240 -1 0 0 0 1 0 0 0 -1 3709.dat
1 14 30 -112 60 -1 0 0 0 1 0 0 0 -1 3795.dat
1 7 39.999 41.451 141.081 1 -0.008 0 -0.007 -0.899 -0.439 0.004 0.439 -0.899 3651.dat
1 7 20 41.588 141.014 1 0.003 0 0.003 -0.899 -0.439 -0.001 0.439 -0.899 3651.dat
1 0 25 50.337 158.998 1 -0.008 0 -0.007 -0.899 -0.439 0.004 0.439 -0.899 3737.dat
1 7 -4.998 50.557 158.89 -0.008 0 -1 -0.899 0.439 0.007 0.439 0.899 -0.004 3713.dat
1 7 59.997 50.08 159.123 -0.008 0 -1 -0.899 0.439 0.007 0.439 0.899 -0.004 3713.dat
1 7 30 24 -65 1 0 0 0 1 0 0 0 1 3709.dat
1 7 60 -80 470 0 0 -1 0 1 0 1 0 0 2420.dat
1 14 -20 24 160 0 0 1 0 1 0 -1 0 0 3023.dat
1 14 -20 32 160 0 0 1 0 1 0 -1 0 0 3023.dat
1 14 -20.035 40 160 0.003 0 1 0 1 0 -1 0 0.003 3700.dat
1 14 80 24 160 0 0 1 0 1 0 -1 0 0 3023.dat
1 14 80 32 160 0 0 1 0 1 0 -1 0 0 3023.dat
1 14 80.035 40 160 0.003 0 1 0 1 0 -1 0 0.003 3700.dat
1 0 30 10 -120 -1 0 0 0 -1 0 0 0 1 3706.dat
1 14 35 10 -120 0 0 -1 0 -1 0 -1 0 0 3482.dat
1 0 25 10 -120 0 0 -1 0 -1 0 -1 0 0 2346.dat
1 14 100.884 29.779 149.27 0.007 -0.004 1 1 0 -0.007 0 1 0.004 3701.dat
1 7 77 10 -120 0 0 1 0 -1 0 1 0 0 4265.dat
1 7 -17 10 -120 0 0 -1 0 -1 0 -1 0 0 4265.dat
1 14 -40.107 30.814 148.765 0.007 -0.004 1 1 0 -0.007 0 1 0.004 3701.dat
1 7 60 -112 530 -1 0 0 0 1 0 0 0 -1 2420.dat
1 7 60 -136 510 1 0 0 0 1 0 0 0 1 3040.dat
1 7 50 -136 530 1 0 0 0 1 0 0 0 1 3700.dat
1 7 60 -160 530 1 0 0 0 1 0 0 0 1 3040.dat
1 14 20 -136 70 1 0 0 0 1 0 0 0 1 3040.dat
1 14 40 -136 70 1 0 0 0 1 0 0 0 1 3040.dat
1 14 40 -136 190 0 0 -1 0 1 0 1 0 0 3040.dat
1 14 20 -136 190 0 0 1 0 1 0 -1 0 0 3040.dat
1 14 20 -136 210 -1 0 0 0 1 0 0 0 -1 3040.dat
1 14 40 -136 210 -1 0 0 0 1 0 0 0 -1 3040.dat
1 0 30 -132 140 0 1 0 1 0 0 0 0 -1 3708.dat
1 7 30 -111 140 0 -1 0 0 0 1 -1 0 0 3650.dat
1 7 30 -122 140 0 -1 0 0 0 1 -1 0 0 4265.dat
1 7 30 -132 140 0 -1 0 0 0 1 -1 0 0 4265.dat
1 7 30 -144 140 0 0 -1 0 1 0 1 0 0 3738.dat
1 14 30 -164 140 0 -1 0 0 0 1 -1 0 0 3482.dat
1 7 30 -184 140 0 -1 0 0 0 1 -1 0 0 3713.dat
1 7 59.052 -57.799 -77.755 -0.003 0.007 -1 0 1 0.007 1 0 -0.003 3894.dat
1 7 -0.938 -57.189 -77.267 -0.003 0.007 -1 0 1 0.007 1 0 -0.003 3894.dat
1 7 75.992 -47.91 -37.704 -0.003 0.007 -1 0 1 0.007 1 0 -0.003 3713.dat
1 7 -18.005 -47.158 -38.055 -0.003 0.007 -1 0 1 0.007 1 0 -0.003 3713.dat
1 7 69.242 -47.869 -117.725 -1 -0.007 0.003 0.007 -0.707 0.707 -0.003 0.707 0.707 3673.dat
1 7 -9.736 -47.121 -117.3 -1 -0.007 -0.003 0.006 -0.978 0.208 -0.004 0.208 0.978 3673.dat
1 7 85 -94 500 0 0 -1 0 1 0 1 0 0 4185.dat
1 7 30 -200 140 1 0 0 0 -1 0 0 0 -1 3709.dat
1 7 50 -188 140 1 0 0 0 0 -1 0 1 0 3713.dat
1 7 10 -188 140 1 0 0 0 0 -1 0 1 0 3713.dat
1 0 10 -218 140 0 0 1 1 0 0 0 1 0 3705.dat
1 0 50 -218 140 0 0 1 1 0 0 0 1 0 3705.dat
1 7 50 -213 140 0 -1 0 0 0 -1 1 0 0 4265.dat
1 7 10 -213 140 0 -1 0 0 0 -1 1 0 0 4265.dat
1 7 -80 -224 140 -1 0 0 0 1 0 0 0 -1 2719.dat
1 7 140 -224 140 -1 0 0 0 1 0 0 0 -1 2719.dat
1 14 120 -232 140 -1 0 0 0 1 0 0 0 -1 3666.dat
1 14 240 -232 140 -1 0 0 0 1 0 0 0 -1 3666.dat
1 14 -60 -232 140 -1 0 0 0 1 0 0 0 -1 3666.dat
1 14 -180 -232 140 -1 0 0 0 1 0 0 0 -1 3666.dat
1 7 280 -240 140 -1 0 0 0 1 0 0 0 -1 3069.dat
1 7 -220 -240 140 -1 0 0 0 1 0 0 0 -1 3069.dat
1 7 30.679 -228 140 -0.866 0.5 0 0 0 1 0.5 0.866 0 4185.dat
1 7 50 -243 140 -1 0 0 0 0 1 0 1 0 3647.dat
1 7 10 -243 140 -1 0 0 0 0 1 0 1 0 3647.dat
1 14 29.04 -65.394 -77.267 -1 0.007 0 0.007 1 0 0 0 -1 3795.dat
1 14 29.173 -65.395 -117.266 -1 0.007 0 0.007 1 0 0 0 -1 3709.dat
1 14 80 -26.35 -81.21 0 0 -1 0.707 0.707 0 0.707 -0.707 0 3894.dat
1 14 -20 -25.988 -80.839 0 0 -1 0.695 0.719 0 0.719 -0.695 0 3894.dat
1 7 80 -120 60 0 0 1 0 1 0 -1 0 0 3023.dat
1 7 -20 -120 60 0 0 1 0 1 0 -1 0 0 3023.dat
1 14 29.119 -73.395 -97.266 0 0.007 1 0 1 -0.007 -1 0 0 3709.dat
1 14 79.012 -73.736 -77.267 -0.003 0.007 -1 0 1 0.007 1 0 -0.003 4276.dat
1 14 80 -87.126 -29.635 0 0 1 0.574 0.819 0 -0.819 0.574 0 4275.dat
1 14 80 -92.045 -8.663 0 0 -1 -0.574 0.819 0 0.819 0.574 0 3710.dat
1 14 80 -110.069 3.131 0 0 -1 -0.574 0.819 0 0.819 0.574 0 4275.dat
1 14 80 -128 60 0 0 1 0 1 0 -1 0 0 4276.dat
1 14 -20 -110.069 3.131 0 0 -1 -0.574 0.819 0 0.819 0.574 0 4275.dat
1 14 -20 -92.045 -8.663 0 0 -1 -0.574 0.819 0 0.819 0.574 0 3710.dat
1 14 -20 -87.126 -29.635 0 0 1 0.574 0.819 0 -0.819 0.574 0 4275.dat
1 14 -20.986 -73.052 -77.267 -0.003 0.007 -1 0 1 0.007 1 0 -0.003 4276.dat
1 14 -20 -128 60 0 0 1 0 1 0 -1 0 0 4276.dat
1 14 89 -109.736 525.512 0 1 0 -0.574 0 0.819 0.819 0 0.574 3023.dat
1 14 90 -78.264 474.488 0 1 0 -0.574 0 0.819 0.819 0 0.574 3023.dat
1 14 78.984 -73.736 -77.267 0 0.007 -1 0 1 0.007 1 0 0 4276.dat
1 14 -61.995 50.961 158.693 0.008 0 -1 0.899 -0.439 0.007 -0.439 -0.899 -0.004 3482.dat
1 0 -71.994 51.034 158.657 0.008 0 -1 0.899 -0.439 0.007 -0.439 -0.899 -0.004 2346.dat
1 14 124.994 49.639 159.339 0 -0.008 1 0.439 -0.899 -0.007 0.899 0.439 0.004 3482.dat
1 0 134.993 49.566 159.374 0 -0.008 1 0.439 -0.899 -0.007 0.899 0.439 0.004 2346.dat
