0 Main
0 Name: 42037-1 - Formula Off-Roader.mpd
0 Author: LTRON
1 71 -20 -125.5862 -220.901 0 0 -1 -0.083 0.9965 0 0.9965 0.083 0 4519.dat
1 0 -20 -128.908 -181.0392 1 0 0 0 0.9965 -0.083 0 0.083 0.9965 32013.dat
1 0 -20 -125.5862 -220.901 -1 0 0 0 0.083 -0.9965 0 -0.9965 -0.083 32271.dat
1 0 -20 -122.2644 -260.7628 -1 0 0 0 0.9965 0.083 0 0.083 -0.9965 32013.dat
1 72 -20 -122.2644 -260.7628 1 0 0 0 0.9965 -0.083 0 0.083 0.9965 11214.dat
1 72 -20 -128.908 -181.0392 1 0 0 0 0.9965 -0.083 0 0.083 0.9965 11214.dat
1 0 20 -128.908 -181.0392 1 0 0 0 0.9965 -0.083 0 0.083 0.9965 32054.dat
1 0 20 -122.2644 -260.7628 1 0 0 0 0.9965 -0.083 0 0.083 0.9965 32054.dat
1 0 20 -128.908 -181.0392 1 0 0 0 0.9965 -0.083 0 0.083 0.9965 32013.dat
1 0 20 -122.2644 -260.7628 -1 0 0 0 0.9965 0.083 0 0.083 -0.9965 32013.dat
1 71 20 -125.5862 -220.901 0 0 -1 -0.083 0.9965 0 0.9965 0.083 0 4519.dat
1 0 20 -125.5862 -220.901 1 0 0 0 -0.083 -0.9965 0 0.9965 -0.083 32271.dat
1 71 40 -125.5862 -220.901 0 1 0 0.9965 0 0.083 0.083 0 -0.9965 14720.dat
1 71 -40 -125.5862 -220.901 0 1 0 0.9965 0 0.083 0.083 0 -0.9965 14720.dat
1 0 50 -148.8389 -182.7001 -1 0 0 0 0.9965 0.083 0 0.083 -0.9965 2780.dat
1 0 -50 -148.8389 -182.7001 -1 0 0 0 0.9965 0.083 0 0.083 -0.9965 2780.dat
1 71 40 -125.5862 -220.901 0 0 1 0.9965 -0.083 0 0.083 0.9965 0 4519.dat
1 71 -40 -125.5862 -220.901 0 0 1 0.9965 -0.083 0 0.083 0.9965 0 4519.dat
1 0 40 -145.5171 -222.5619 0 0 1 0.9965 -0.083 0 0.083 0.9965 0 6536.dat
1 0 -40 -145.5171 -222.5619 0 0 1 0.9965 -0.083 0 0.083 0.9965 0 6536.dat
1 72 40 -147.178 -202.631 -1 0 0 0 -0.083 0.9965 0 0.9965 0.083 11214.dat
1 72 -40 -147.178 -202.631 1 0 0 0 -0.083 -0.9965 0 0.9965 -0.083 11214.dat
1 71 0 -147.178 -202.631 0 0 -1 -0.083 0.9965 0 0.9965 0.083 0 32034.dat
1 0 -40 -105.6553 -219.2401 0 0 1 0.9965 -0.083 0 0.083 0.9965 0 6536.dat
1 0 40 -105.6553 -219.2401 0 0 1 0.9965 -0.083 0 0.083 0.9965 0 6536.dat
1 0 -20 -183.718 -245.8146 0 0 1 -0.083 -0.9965 0 0.9965 -0.083 0 32054.dat
1 0 20 -183.718 -245.8146 0 0 1 -0.083 -0.9965 0 0.9965 -0.083 0 32054.dat
1 71 0 -143.8562 -242.4928 0 0 1 -0.9965 0.083 0 -0.083 -0.9965 0 64179.dat
1 0 -50 -163.7871 -244.1537 -1 0 0 0 0.9965 0.083 0 0.083 -0.9965 2780.dat
1 0 -50 -143.8562 -242.4928 -1 0 0 0 0.9965 0.083 0 0.083 -0.9965 2780.dat
1 0 50 -163.7871 -244.1537 -1 0 0 0 0.9965 0.083 0 0.083 -0.9965 2780.dat
1 0 50 -143.8562 -242.4928 -1 0 0 0 0.9965 0.083 0 0.083 -0.9965 2780.dat
1 27 -40 -158.8044 -303.9465 0 -1 0 0.9965 0 -0.083 0.083 0 0.9965 32140.dat
1 27 40 -158.8044 -303.9465 0 -1 0 0.9965 0 -0.083 0.083 0 0.9965 32140.dat
1 0 0 -152.9912 -132.8728 0 -1 0 -0.083 0 -0.9965 0.9965 0 -0.083 3737.dat
1 0 0 -144.6867 -232.5274 -1 0 0 0 -0.9965 -0.083 0 -0.083 0.9965 59443.dat
1 0 0 -141.3648 -272.3892 0 0 1 -0.083 -0.9965 0 0.9965 -0.083 0 3705.dat
1 71 0 -142.1953 -262.4237 0 0 -1 -0.083 0.9965 0 0.9965 0.083 0 32034.dat
1 0 0 -140.5344 -282.3547 1 0 0 0 0.9965 -0.083 0 0.083 0.9965 32270.dat
1 71 60 -142.1953 -262.4237 0 0 -1 -0.083 0.9965 0 0.9965 0.083 0 3713.dat
1 71 40 -142.1953 -262.4237 1 0 0 0 0.9965 -0.083 0 0.083 0.9965 4519.dat
1 71 -60 -142.1953 -262.4237 0 0 1 0.083 0.9965 0 -0.9965 0.083 0 3713.dat
1 71 -40 -142.1953 -262.4237 1 0 0 0 0.9965 -0.083 0 0.083 0.9965 4519.dat
1 0 0 -161.2957 -33.2182 -1 0 0 0 -0.9965 -0.083 0 -0.083 0.9965 59443.dat
1 71 0 -158.8044 -303.9465 -1 0 0 0 -0.9965 -0.083 0 -0.083 0.9965 32073.dat
1 71 -5 -99.0116 -298.9638 0 -1 0 0.9965 0 -0.083 0.083 0 0.9965 6632.dat
1 71 0 -99.0116 -298.9638 -1 0 0 0 -0.083 0.9965 0 0.9965 0.083 4519.dat
1 71 5 -99.0116 -298.9638 0 -1 0 0.9965 0 -0.083 0.083 0 0.9965 6632.dat
1 1 0 -100.6716 -279.0338 -1 0 0 0 -0.083 0.9965 0 0.9965 0.083 6558.dat
1 0 -20 -178.7316 -305.6038 0 1 0 -0.083 0 0.9965 0.9965 0 0.083 32526.dat
1 71 0 -138.8716 -302.2838 -1 0 0 0 -0.083 0.9965 0 0.9965 0.083 87082.dat
1 71 0 -178.7316 -305.6038 -1 0 0 0 -0.083 0.9965 0 0.9965 0.083 32073.dat
1 71 0 -178.7316 -305.6038 0 1 0 -0.083 0 0.9965 0.9965 0 0.083 60483.dat
1 0 20 -178.7316 -305.6038 0 1 0 -0.083 0 0.9965 0.9965 0 0.083 32526.dat
1 0 0 -120.6016 -280.6938 -1 0 0 0 0.9965 0.083 0 0.083 -0.9965 87761.dat
1 0 60 -130.5666 -281.5238 0 1 0 0.9965 0 0.083 0.083 0 -0.9965 6628.dat
1 0 -60 -130.5666 -281.5238 0 1 0 0.9965 0 0.083 0.083 0 -0.9965 6628.dat
1 71 0 -102.3335 -259.1019 -1 0 0 0 -0.9965 -0.083 0 -0.083 0.9965 32073.dat
1 72 60 -104.0774 -238.1745 0 0.4164 -0.9092 0.083 -0.9061 -0.415 -0.9965 -0.0755 -0.0346 57515.dat
1 28 60 -103.4131 -246.1468 0 0.6 -0.8 -0.083 0.7972 0.5979 0.9965 0.0664 0.0498 6587.dat
1 14 60 -101.9182 -264.0847 0.8 0.6 0 -0.5979 0.7972 -0.083 -0.0498 0.0664 0.9965 32123.dat
1 14 60 -181.6419 -270.7283 0.8 0.6 0 -0.5979 0.7972 -0.083 -0.0498 0.0664 0.9965 32123.dat
1 28 60 -183.1367 -252.7905 0 0.6 -0.8 -0.083 0.7972 0.5979 0.9965 0.0664 0.0498 6587.dat
1 72 60 -183.718 -245.8146 0 -0.4164 -0.9092 -0.083 0.9061 -0.415 0.9965 0.0755 -0.0346 57515.dat
1 0 150.9188 -72.548 -235.547 0 -1 0 -0.9965 0 0.083 -0.083 0 -0.9965 6628.dat
1 0 150.9188 -132.2577 -241.5263 0 -1 0 0.9965 0 -0.083 0.083 0 0.9965 6628.dat
1 71 150.9188 -102.3613 -239.0349 0 0 -1 -0.083 0.9965 0 0.9965 0.083 0 11949.dat
1 72 180.9188 -102.3613 -239.0349 0 0 -1 -0.083 0.9965 0 0.9965 0.083 0 92909.dat
1 28 -60 -184.0502 -241.8285 0 -0.6 0.8 0.083 0.7972 0.5979 -0.9965 0.0664 0.0498 6587.dat
1 14 -60 -185.545 -223.8906 -0.8 -0.6 0 -0.5979 0.7972 0.083 -0.0498 0.0664 -0.9965 32123.dat
1 28 -60 -104.3266 -235.1848 0 -0.6 0.8 0.083 0.7972 0.5979 -0.9965 0.0664 0.0498 6587.dat
1 14 -60 -105.8214 -217.247 -0.8 -0.6 0 -0.5979 0.7972 0.083 -0.0498 0.0664 -0.9965 32123.dat
1 72 -60 -103.6622 -243.1572 0 -0.4164 0.9092 -0.083 -0.9061 -0.415 0.9965 -0.0755 -0.0346 57515.dat
1 72 -60 -183.4689 -248.8043 0 0.4164 0.9092 0.083 0.9061 -0.415 -0.9965 0.0755 -0.0346 57515.dat
1 0 -150.9188 -72.1328 -240.5297 0 1 0 -0.9965 0 -0.083 -0.083 0 0.9965 6628.dat
1 0 -150.9188 -132.0086 -244.5159 0 1 0 0.9965 0 0.083 0.083 0 -0.9965 6628.dat
1 71 -150.9188 -102.1122 -242.0246 0 0 1 0.083 0.9965 0 -0.9965 0.083 0 11949.dat
1 72 -180.9188 -102.1122 -242.0246 0 0 1 0.083 0.9965 0 -0.9965 0.083 0 92909.dat
1 0 -50 -107.3162 -199.3092 -1 0 0 0 0.9965 0.083 0 0.083 -0.9965 2780.dat
1 0 -50 -108.9771 -179.3783 -1 0 0 0 0.9965 0.083 0 0.083 -0.9965 2780.dat
1 0 50 -108.9771 -179.3783 -1 0 0 0 0.9965 0.083 0 0.083 -0.9965 2780.dat
1 0 50 -107.3162 -199.3092 -1 0 0 0 0.9965 0.083 0 0.083 -0.9965 2780.dat
1 71 -132.735 -70.4663 -240.3909 0 0 -1 -0.083 0.9965 0 0.9965 0.083 0 4519.dat
1 71 -132.735 -150.273 -246.038 0 0 -1 -0.083 0.9965 0 0.9965 0.083 0 4519.dat
1 0 -132.735 -111.6568 -227.7679 -1 0 0 0 -0.083 0.9965 0 0.9965 0.083 11478.dat
1 0 -132.735 -109.1654 -257.6643 -1 0 0 0 -0.083 0.9965 0 0.9965 0.083 11478.dat
1 71 132.735 -70.7154 -237.4012 0 0 -1 -0.083 0.9965 0 0.9965 0.083 0 4519.dat
1 71 132.735 -150.5221 -243.0483 0 0 -1 -0.083 0.9965 0 0.9965 0.083 0 4519.dat
1 0 132.735 -109.4146 -254.6747 -1 0 0 0 -0.083 0.9965 0 0.9965 0.083 11478.dat
1 0 132.735 -111.9059 -224.7783 -1 0 0 0 -0.083 0.9965 0 0.9965 0.083 11478.dat
1 72 150.9188 -99.0395 -278.8968 0 0.4164 -0.9092 0.083 -0.9061 -0.415 -0.9965 -0.0755 -0.0346 2739.dat
1 72 -150.9188 -98.7904 -281.8864 0 -0.4164 0.9092 -0.083 -0.9061 -0.415 0.9965 -0.0755 -0.0346 2739.dat
1 4 -96.3675 -166.8709 -247.4211 0 -0.4164 0.9092 -0.083 -0.9061 -0.415 0.9965 -0.0755 -0.0346 32062.dat
1 4 96.3675 -167.1201 -244.4315 0 -0.9092 0.4164 -0.083 -0.415 -0.9061 0.9965 -0.0346 -0.0755 32062.dat
1 1 -52 -268.2583 -242.825 0 -0.8 0.6 -0.083 -0.5979 -0.7972 0.9965 -0.0498 -0.0664 43093.dat
1 1 52 -268.2583 -242.825 0 -0.6 0.8 -0.083 -0.7972 -0.5979 0.9965 -0.0664 -0.0498 43093.dat
0 !LEOCAD SYNTH BEGIN
0 !LEOCAD SYNTH CONTROL_POINT 0 110 0 1 0 0 0 1 0 0 0 1 1
0 !LEOCAD SYNTH CONTROL_POINT 0 0 0 1 0 0 0 1 0 0 0 1 1
1 14 52 -267.4279 -252.7905 0.915 0.4033 0 -0.4019 0.9118 -0.083 -0.0335 0.076 0.9965 76537.dat
0 !LEOCAD SYNTH END
0 !LEOCAD SYNTH BEGIN
0 !LEOCAD SYNTH CONTROL_POINT 0 110 0 1 0 0 0 1 0 0 0 1 1
0 !LEOCAD SYNTH CONTROL_POINT 0 0 0 1 0 0 0 1 0 0 0 1 1
1 14 -52 -267.4279 -252.7905 -0.915 -0.4033 0 -0.4019 0.9118 0.083 -0.0335 0.076 -0.9965 76537.dat
0 !LEOCAD SYNTH END
1 73 -60 -178.7353 -305.6074 0 0 -1 0.9965 0.083 0 0.083 -0.9965 0 32192.dat
1 73 60 -178.7353 -305.6074 0 0 1 -0.9965 0.083 0 -0.083 -0.9965 0 32192.dat
1 0 -20 -237.6985 -79.7228 0 0 -1 -0.083 0.9965 0 0.9965 0.083 0 2780.dat
1 0 20 -237.6985 -79.7228 0 0 -1 -0.083 0.9965 0 0.9965 0.083 0 2780.dat
1 0 -20 -234.3785 -119.5828 0 0 -1 -0.083 0.9965 0 0.9965 0.083 0 2780.dat
1 0 20 -234.3785 -119.5828 0 0 -1 -0.083 0.9965 0 0.9965 0.083 0 2780.dat
1 0 -20 -231.0585 -159.4428 0 0 -1 -0.083 0.9965 0 0.9965 0.083 0 2780.dat
1 0 20 -231.0585 -159.4428 0 0 -1 -0.083 0.9965 0 0.9965 0.083 0 2780.dat
1 1 -20 -226.9085 -209.2678 0 0 1 0.083 0.9965 0 -0.9965 0.083 0 6558.dat
1 1 20 -226.9085 -209.2678 0 0 1 0.083 0.9965 0 -0.9965 0.083 0 6558.dat
1 0 0 -187.0485 -205.9478 1 0 0 0 -0.083 -0.9965 0 0.9965 -0.083 60484.dat
1 71 0 -197.0135 -206.7778 0 -1 0 -0.9965 0 0.083 -0.083 0 -0.9965 2853.dat
1 4 0 -199.5035 -176.8828 0 1 0 0.083 0 -0.9965 -0.9965 0 -0.083 32062.dat
1 19 0 -191.1985 -156.1228 0 -1 0 0.9965 0 -0.083 0.083 0 0.9965 2854.dat
1 4 0 -182.8935 -135.3628 0 1 0 0.083 0 -0.9965 -0.9965 0 -0.083 32062.dat
1 19 0 -194.5185 -116.2628 0 1 0 0.9965 0 0.083 0.083 0 -0.9965 2854.dat
1 4 0 -206.1435 -97.1628 0 1 0 0.083 0 -0.9965 -0.9965 0 -0.083 32062.dat
1 19 0 -197.8385 -76.4028 0 -1 0 0.9965 0 -0.083 0.083 0 0.9965 2854.dat
1 71 0 -199.4985 -56.4728 0 -1 0 -0.9965 0 0.083 -0.083 0 -0.9965 2853.dat
1 71 0 -204.4785 3.3172 0 -1 0 0.083 0 0.9965 -0.9965 0 0.083 32073.dat
1 71 0 -199.5035 -176.8828 1 0 0 0 0.9965 -0.083 0 0.083 0.9965 2852.dat
1 71 0 -206.1435 -97.1628 1 0 0 0 0.9965 -0.083 0 0.083 0.9965 2852.dat
1 71 0 -182.8935 -135.3628 -1 0 0 0 0.9965 0.083 0 0.083 -0.9965 2852.dat
1 71 0 -189.5335 -55.6428 -1 0 0 0 0.9965 0.083 0 0.083 -0.9965 2852.dat
1 14 0 -239.3635 -180.2028 1 0 0 0 0.9965 -0.083 0 0.083 0.9965 2851.dat
1 14 0 -246.0035 -100.4828 1 0 0 0 0.9965 -0.083 0 0.083 0.9965 2851.dat
1 14 0 -222.7535 -138.6828 1 0 0 0 0.9965 -0.083 0 0.083 0.9965 2851.dat
1 14 0 -229.3935 -58.9628 1 0 0 0 0.9965 -0.083 0 0.083 0.9965 2851.dat
1 0 -20 -241.8485 -29.8978 0 -1 0 0.083 0 0.9965 -0.9965 0 0.083 32054.dat
1 0 20 -241.8485 -29.8978 0 -1 0 0.083 0 0.9965 -0.9965 0 0.083 32054.dat
1 0 0 -201.9885 -26.5778 1 0 0 0 -0.083 -0.9965 0 0.9965 -0.083 60484.dat
1 0 0 -242.6785 -19.9328 0 1 0 0.083 0 -0.9965 -0.9965 0 -0.083 2780.dat
1 0 0 -183.718 -4.9828 -1 0 0 0 -0.083 0.9965 0 0.9965 0.083 32524.dat
1 72 0 -124.7557 9.9654 0 -1 0 0.083 0 0.9965 -0.9965 0 0.083 55013.dat
1 71 0 -125.5862 19.9309 0 1 0 0.9965 0 0.083 0.083 0 -0.9965 94925.dat
1 71 0 -127.2471 39.8618 0 1 0 0.9965 0 0.083 0.083 0 -0.9965 3713.dat
1 71 0 -123.9253 0 -1 0 0 0 0.9965 0.083 0 0.083 -0.9965 64178.dat
1 0 0 -131.3994 89.6891 -1 0 0 0 -0.9965 -0.083 0 -0.083 0.9965 59443.dat
1 0 50 -115.6207 -99.6546 -1 0 0 0 0.9965 0.083 0 0.083 -0.9965 2780.dat
1 0 50 -120.6035 -39.8619 -1 0 0 0 0.9965 0.083 0 0.083 -0.9965 2780.dat
1 0 50 -123.9253 0 -1 0 0 0 0.9965 0.083 0 0.083 -0.9965 2780.dat
1 0 50 -127.2471 39.8618 -1 0 0 0 0.9965 0.083 0 0.083 -0.9965 2780.dat
1 0 50 -132.2298 99.6546 -1 0 0 0 0.9965 0.083 0 0.083 -0.9965 2780.dat
1 0 -50 -115.6207 -99.6546 -1 0 0 0 0.9965 0.083 0 0.083 -0.9965 2780.dat
1 0 -50 -120.6035 -39.8619 -1 0 0 0 0.9965 0.083 0 0.083 -0.9965 2780.dat
1 0 -50 -123.9253 0 -1 0 0 0 0.9965 0.083 0 0.083 -0.9965 2780.dat
1 0 -50 -127.2471 39.8618 -1 0 0 0 0.9965 0.083 0 0.083 -0.9965 2780.dat
1 0 -50 -132.2298 99.6546 -1 0 0 0 0.9965 0.083 0 0.083 -0.9965 2780.dat
1 71 60 -113.9598 -119.5855 0 -1 0 -0.9965 0 0.083 -0.083 0 -0.9965 40490.dat
1 71 -60 -113.9598 -119.5855 0 -1 0 -0.9965 0 0.083 -0.083 0 -0.9965 40490.dat
1 0 0 -166.2785 26.5745 0 0 1 -0.083 -0.9965 0 0.9965 -0.083 0 3706.dat
1 71 0 -205.3098 13.2873 0 1 0 0.9965 0 0.083 0.083 0 -0.9965 94925.dat
1 72 0 -165.448 16.6091 0 1 0 0.9965 0 0.083 0.083 0 -0.9965 6542.dat
1 0 0 -187.0398 34.8791 1 0 0 0 -0.083 -0.9965 0 0.9965 -0.083 32523.dat
1 71 0 -168.7698 56.4709 0 0 -1 -0.083 0.9965 0 0.9965 0.083 0 32034.dat
1 0 0 -171.2612 86.3673 -1 0 0 0 -0.9965 -0.083 0 -0.083 0.9965 59443.dat
1 1 30 -168.7698 56.4709 -1 0 0 0 -0.9965 -0.083 0 -0.083 0.9965 43093.dat
1 1 -30 -168.7698 56.4709 1 0 0 0 -0.9965 0.083 0 -0.083 -0.9965 43093.dat
1 71 0 -133.8907 119.5855 0 0 -1 0.083 -0.9965 0 -0.9965 -0.083 0 4519.dat
1 71 0 -173.7526 116.2636 0 0 -1 0.083 -0.9965 0 -0.9965 -0.083 0 4519.dat
1 71 -60 -153.8217 -122.9073 0 1 0 0.9965 0 0.083 0.083 0 -0.9965 40490.dat
1 0 -50 -160.4617 -43.1873 1 0 0 0 -0.9965 0.083 0 -0.083 -0.9965 2780.dat
1 0 -50 -157.1417 -83.0473 1 0 0 0 -0.9965 0.083 0 -0.083 -0.9965 2780.dat
1 0 -50 -155.4817 -102.9773 1 0 0 0 -0.9965 0.083 0 -0.083 -0.9965 2780.dat
1 0 -50 -153.8217 -122.9073 1 0 0 0 -0.9965 0.083 0 -0.083 -0.9965 2780.dat
1 0 -50 -152.1617 -142.8373 1 0 0 0 -0.9965 0.083 0 -0.083 -0.9965 2780.dat
1 19 -50 -150.5017 -162.7673 1 0 0 0 -0.9965 0.083 0 -0.083 -0.9965 32002.dat
1 71 -40 -173.7517 -124.5673 0 0 1 0.083 0.9965 0 -0.9965 0.083 0 63869.dat
1 71 -40 -173.7517 -124.5673 0 0 1 0.083 0.9965 0 -0.9965 0.083 0 4519.dat
1 0 -40 -175.4117 -104.6373 0 -1 0 0.083 0 0.9965 -0.9965 0 0.083 6553.dat
1 71 -40 -172.0917 -144.4973 1 0 0 0 0.9965 -0.083 0 0.083 0.9965 32039.dat
1 4 -50 -170.4317 -164.4273 1 0 0 0 0.9965 -0.083 0 0.083 0.9965 32062.dat
1 71 -80 -170.4317 -164.4273 0 0 -1 -0.083 0.9965 0 0.9965 0.083 0 32015.dat
1 71 -100 -175.4117 -104.6373 0 0 -1 -0.083 0.9965 0 0.9965 0.083 0 32015.dat
1 1 -111.4805 -203.0311 -106.9378 0.3827 0 0.9239 0.920666 -0.083 -0.381361 0.076684 0.9965 -0.031764 43093.dat
1 1 -91.4805 -198.0511 -166.7278 0.3827 0 0.9239 0.920666 -0.083 -0.381361 0.076684 0.9965 -0.031764 43093.dat
1 71 -119.1342 -221.444 -108.4714 0.3827 0 0.9239 0.920666 -0.083 -0.381361 0.076684 0.9965 -0.031764 62462.dat
1 71 -99.1342 -216.464 -168.2614 0.3827 0 0.9239 0.920666 -0.083 -0.381361 0.076684 0.9965 -0.031764 62462.dat
1 71 -40 -165.4417 16.6027 0 1 0 0.9965 0 0.083 0.083 0 -0.9965 32525.dat
1 0 -50 -173.7417 116.2527 1 0 0 0 -0.9965 0.083 0 -0.083 -0.9965 2780.dat
1 0 -50 -170.4217 76.3927 1 0 0 0 -0.9965 0.083 0 -0.083 -0.9965 2780.dat
1 0 -50 -165.4417 16.6027 1 0 0 0 -0.9965 0.083 0 -0.083 -0.9965 2780.dat
1 0 -60 -123.9253 0 0 1 0 0.083 0 -0.9965 -0.9965 0 -0.083 60484.dat
1 1 -60 -162.1262 -23.2528 1 0 0 0 -0.083 -0.9965 0 0.9965 -0.083 6558.dat
1 71 60 -153.8217 -122.9073 0 -1 0 0.9965 0 -0.083 0.083 0 0.9965 40490.dat
1 0 50 -160.4617 -43.1873 -1 0 0 0 -0.9965 -0.083 0 -0.083 0.9965 2780.dat
1 0 50 -157.1417 -83.0473 -1 0 0 0 -0.9965 -0.083 0 -0.083 0.9965 2780.dat
1 0 50 -152.1617 -142.8373 -1 0 0 0 -0.9965 -0.083 0 -0.083 0.9965 2780.dat
1 0 50 -153.8217 -122.9073 -1 0 0 0 -0.9965 -0.083 0 -0.083 0.9965 2780.dat
1 0 50 -155.4817 -102.9773 -1 0 0 0 -0.9965 -0.083 0 -0.083 0.9965 2780.dat
1 19 50 -150.5017 -162.7673 -1 0 0 0 -0.9965 -0.083 0 -0.083 0.9965 32002.dat
1 71 40 -173.7517 -124.5673 0 0 -1 -0.083 0.9965 0 0.9965 0.083 0 63869.dat
1 71 40 -173.7517 -124.5673 0 0 -1 -0.083 0.9965 0 0.9965 0.083 0 4519.dat
1 0 40 -175.4117 -104.6373 0 1 0 -0.083 0 0.9965 0.9965 0 0.083 6553.dat
1 71 40 -172.0917 -144.4973 -1 0 0 0 -0.9965 -0.083 0 -0.083 0.9965 32039.dat
1 4 50 -170.4317 -164.4273 -1 0 0 0 0.9965 0.083 0 0.083 -0.9965 32062.dat
1 71 80 -170.4317 -164.4273 0 0 1 0.083 0.9965 0 -0.9965 0.083 0 32015.dat
1 71 100 -175.4117 -104.6373 0 0 1 0.083 0.9965 0 -0.9965 0.083 0 32015.dat
1 1 91.4805 -198.0511 -166.7278 -0.3827 0 -0.9239 0.920666 0.083 -0.381361 0.076684 -0.9965 -0.031764 43093.dat
1 1 111.4805 -203.0311 -106.9378 -0.3827 0 -0.9239 0.920666 0.083 -0.381361 0.076684 -0.9965 -0.031764 43093.dat
1 71 99.1341 -216.464 -168.2614 -0.3827 0 -0.9239 0.920666 0.083 -0.381361 0.076684 -0.9965 -0.031764 62462.dat
1 71 119.1341 -221.444 -108.4714 -0.3827 0 -0.9239 0.920666 0.083 -0.381361 0.076684 -0.9965 -0.031764 62462.dat
1 71 40 -165.4417 16.6027 0 -1 0 0.9965 0 -0.083 0.083 0 0.9965 32525.dat
1 0 50 -173.7417 116.2527 -1 0 0 0 -0.9965 -0.083 0 -0.083 0.9965 2780.dat
1 0 50 -170.4217 76.3927 -1 0 0 0 -0.9965 -0.083 0 -0.083 0.9965 2780.dat
1 0 50 -165.4417 16.6027 -1 0 0 0 -0.9965 -0.083 0 -0.083 0.9965 2780.dat
1 1 60 -162.1262 -23.2528 -1 0 0 0 0.083 -0.9965 0 -0.9965 -0.083 6558.dat
1 0 60 -123.9253 0 0 1 0 0.083 0 -0.9965 -0.9965 0 -0.083 60484.dat
1 28 110 -103.4131 -246.1468 0 0.6 -0.8 -0.083 0.7972 0.5979 0.9965 0.0664 0.0498 6587.dat
1 71 0 -143.8562 239.171 1 0 0 0 0.9965 -0.083 0 0.083 0.9965 64178.dat
1 71 0 -138.8762 179.381 0 0 1 0.083 0.9965 0 -0.9965 0.083 0 4519.dat
1 0 0 -136.3862 149.486 -1 0 0 0 0.9965 0.083 0 0.083 -0.9965 59443.dat
1 19 0 -140.5362 199.311 -1 0 0 0 0.9965 0.083 0 0.083 -0.9965 32269.dat
1 0 40 -132.2312 220.071 0 -1 0 -0.9965 0 0.083 -0.083 0 -0.9965 2780.dat
1 0 40 -135.5512 259.931 0 -1 0 -0.9965 0 0.083 -0.083 0 -0.9965 2780.dat
1 71 60 -123.9262 240.831 0 -1 0 0.083 0 0.9965 -0.9965 0 0.083 63869.dat
1 71 60 -123.9262 240.831 0 -1 0 0.083 0 0.9965 -0.9965 0 0.083 32073.dat
1 0 -40 -135.5512 259.931 0 1 0 -0.9965 0 -0.083 -0.083 0 0.9965 2780.dat
1 0 -40 -132.2312 220.071 0 1 0 -0.9965 0 -0.083 -0.083 0 0.9965 2780.dat
1 71 -60 -123.9262 240.831 0 1 0 -0.083 0 0.9965 0.9965 0 0.083 63869.dat
1 71 -60 -123.9262 240.831 0 1 0 -0.083 0 0.9965 0.9965 0 0.083 32073.dat
1 72 -60 -143.8562 239.171 0 0 -1 -0.9965 -0.083 0 -0.083 0.9965 0 92906.dat
1 72 60 -143.8562 239.171 0 0 1 -0.9965 0.083 0 -0.083 -0.9965 0 92906.dat
1 72 0 -143.8562 239.171 0 0 -1 -0.9965 -0.083 0 -0.083 0.9965 0 62821.dat
1 19 17 -143.8562 239.171 0 0 -1 -0.9965 -0.083 0 -0.083 0.9965 0 6589.dat
1 19 0 -142.4452 222.2305 0.9659 0.2588 0 -0.257894 0.962519 -0.083 -0.02148 0.08017 0.9965 6589.dat
1 19 -17 -143.8562 239.171 0 0 1 0.9965 -0.083 0 0.083 0.9965 0 6589.dat
1 71 105.4594 -101.9347 227.6115 0.4164 0 -0.9092 -0.906018 -0.083 -0.414943 -0.075464 0.9965 -0.034561 32063.dat
1 71 105.4594 -101.1047 217.6465 0.4164 0 -0.9092 -0.906018 -0.083 -0.414943 -0.075464 0.9965 -0.034561 32063.dat
1 71 -105.4594 -104.4247 257.5065 -0.4164 0 -0.9092 -0.906018 -0.083 0.414943 -0.075464 0.9965 0.034561 32063.dat
1 71 -105.4594 -105.2547 267.4715 -0.4164 0 -0.9092 -0.906018 -0.083 0.414943 -0.075464 0.9965 0.034561 32063.dat
1 19 150.9187 -82.4332 244.287 0 0.9092 -0.4164 -0.083 0.414943 0.906018 0.9965 0.034561 0.075464 32556.dat
1 19 -150.9187 -82.4332 244.287 0 -0.9092 0.4164 0.083 0.414943 0.906018 -0.9965 0.034561 0.075464 32556.dat
1 71 150.9187 -102.3632 242.627 0 0 -1 0.083 -0.9965 0 -0.9965 -0.083 0 11950.dat
1 71 -150.9187 -102.3632 242.627 0 0 1 -0.083 -0.9965 0 0.9965 -0.083 0 11950.dat
1 72 180.9187 -102.3632 242.627 0 0 -1 0.083 -0.9965 0 -0.9965 -0.083 0 92909.dat
1 72 -180.9187 -102.3632 242.627 0 0 1 -0.083 -0.9965 0 0.9965 -0.083 0 92909.dat
1 71 105.4594 -104.4247 257.5065 0.4164 0 -0.9092 -0.906018 -0.083 -0.414943 -0.075464 0.9965 -0.034561 32063.dat
1 71 105.4594 -105.2547 267.4715 0.4164 0 -0.9092 -0.906018 -0.083 -0.414943 -0.075464 0.9965 -0.034561 32063.dat
1 71 -105.4594 -101.1047 217.6465 -0.4164 0 -0.9092 -0.906018 -0.083 0.414943 -0.075464 0.9965 0.034561 32063.dat
1 71 -105.4594 -101.9347 227.6115 -0.4164 0 -0.9092 -0.906018 -0.083 0.414943 -0.075464 0.9965 0.034561 32063.dat
1 71 60 -143.8562 239.171 0.4164 0 0.9092 -0.906018 0.083 0.414943 -0.075464 -0.9965 0.034561 32494.dat
1 71 150.9187 -102.3632 242.627 0.4164 0 -0.9092 -0.906018 -0.083 -0.414943 -0.075464 0.9965 -0.034561 32494.dat
1 71 -60 -143.8562 239.171 -0.4164 0 -0.9092 -0.906018 -0.083 0.414943 -0.075464 0.9965 0.034561 32494.dat
1 71 -150.9187 -102.3632 242.627 -0.4164 0 0.9092 -0.906018 0.083 -0.414943 -0.075464 -0.9965 -0.034561 32494.dat
1 71 -105.4594 -123.1097 240.899 0.9092 0.4164 0 -0.414943 0.906018 -0.083 -0.034561 0.075464 0.9965 4519.dat
1 71 105.4594 -123.1097 240.899 0.9092 -0.4164 0 0.414943 0.906018 -0.083 0.034561 0.075464 0.9965 4519.dat
1 71 60 -140.5362 199.311 0 0 1 -0.083 -0.9965 0 0.9965 -0.083 0 32184.dat
1 71 -60 -140.5362 199.311 0 0 1 -0.083 -0.9965 0 0.9965 -0.083 0 32184.dat
1 0 60 -140.5362 199.311 -1 0 0 0 -0.9965 -0.083 0 -0.083 0.9965 32054.dat
1 0 -60 -140.5362 199.311 1 0 0 0 -0.9965 0.083 0 -0.083 -0.9965 32054.dat
1 71 105.4594 -141.7947 224.2915 0.4164 0 -0.9092 -0.906018 -0.083 -0.414943 -0.075464 0.9965 -0.034561 32063.dat
1 71 105.4594 -140.9647 214.3265 0.4164 0 -0.9092 -0.906018 -0.083 -0.414943 -0.075464 0.9965 -0.034561 32063.dat
1 19 150.9187 -122.2932 240.967 0 0.9092 -0.4164 -0.083 0.414943 0.906018 0.9965 0.034561 0.075464 32556.dat
1 19 96.3675 -147.189 238.8934 0 0.9976 -0.0695 -0.083 0.069257 0.994108 0.9965 0.005769 0.082801 32556.dat
1 0 78.1837 -152.9977 208.3072 0 0.9092 -0.4164 -0.083 0.414943 0.906018 0.9965 0.034561 0.075464 6628.dat
1 19 -150.9187 -122.2932 240.967 0 -0.9092 0.4164 -0.083 -0.414943 -0.906018 0.9965 -0.034561 -0.075464 32556.dat
1 71 -105.4594 -140.9647 214.3265 -0.4164 0 -0.9092 -0.906018 -0.083 0.414943 -0.075464 0.9965 0.034561 32063.dat
1 71 -105.4594 -141.7947 224.2915 -0.4164 0 -0.9092 -0.906018 -0.083 0.414943 -0.075464 0.9965 0.034561 32063.dat
1 19 -96.3675 -147.189 238.8934 0 0.7043 -0.7099 -0.083 0.707415 0.701835 0.9965 0.058922 0.058457 32556.dat
1 0 -78.1837 -152.9977 208.3072 0 0.9092 -0.4164 -0.083 0.414943 0.906018 0.9965 0.034561 0.075464 6628.dat
1 71 -60 -163.7862 237.511 0 0 -1 -0.083 0.9965 0 0.9965 0.083 0 32073.dat
1 71 60 -163.7862 237.511 0 0 -1 -0.083 0.9965 0 0.9965 0.083 0 32073.dat
1 0 -60 -163.3712 232.5285 -1 0 0 0 0.083 -0.9965 0 -0.9965 -0.083 41677.dat
1 0 -60 -164.2012 242.4935 -1 0 0 0 0.083 -0.9965 0 -0.9965 -0.083 41677.dat
1 0 60 -163.3712 232.5285 -1 0 0 0 0.083 -0.9965 0 -0.9965 -0.083 41677.dat
1 0 60 -164.2012 242.4935 -1 0 0 0 0.083 -0.9965 0 -0.9965 -0.083 41677.dat
1 71 -60 -183.7162 235.851 0 0 -1 -0.083 0.9965 0 0.9965 0.083 0 32073.dat
1 71 60 -183.7162 235.851 0 0 -1 -0.083 0.9965 0 0.9965 0.083 0 32073.dat
1 71 105.4594 -144.2847 254.1865 0.4164 0 -0.9092 -0.906018 -0.083 -0.414943 -0.075464 0.9965 -0.034561 32063.dat
1 71 105.4594 -145.1147 264.1515 0.4164 0 -0.9092 -0.906018 -0.083 -0.414943 -0.075464 0.9965 -0.034561 32063.dat
1 71 -105.4594 -144.2847 254.1865 -0.4164 0 -0.9092 -0.906018 -0.083 0.414943 -0.075464 0.9965 0.034561 32063.dat
1 71 -105.4594 -145.1147 264.1515 -0.4164 0 -0.9092 -0.906018 -0.083 0.414943 -0.075464 0.9965 0.034561 32063.dat
1 0 -78.1837 -157.9776 268.0972 0 0 -1 0.083 -0.9965 0 -0.9965 -0.083 0 6628.dat
1 0 78.1837 -157.9776 268.0972 0 0 -1 0.083 -0.9965 0 -0.9965 -0.083 0 6628.dat
1 71 -60 -147.1762 279.031 0 0 1 -0.083 -0.9965 0 0.9965 -0.083 0 32184.dat
1 71 60 -147.1762 279.031 0 0 1 -0.083 -0.9965 0 0.9965 -0.083 0 32184.dat
1 0 -60 -147.1762 279.031 1 0 0 0 -0.9965 0.083 0 -0.083 -0.9965 32054.dat
1 0 60 -147.1762 279.031 -1 0 0 0 -0.9965 -0.083 0 -0.083 0.9965 32054.dat
1 0 -50 -137.2162 159.451 1 0 0 0 0.9965 -0.083 0 0.083 0.9965 2780.dat
1 0 -50 -135.5562 139.521 1 0 0 0 0.9965 -0.083 0 0.083 0.9965 2780.dat
1 0 50 -137.2162 159.451 1 0 0 0 0.9965 -0.083 0 0.083 0.9965 2780.dat
1 0 50 -135.5562 139.521 1 0 0 0 0.9965 -0.083 0 0.083 0.9965 2780.dat
1 27 -60 -182.0562 215.921 1 0 0 0 -0.083 -0.9965 0 0.9965 -0.083 32140.dat
1 27 -60 -185.3762 255.781 1 0 0 0 -0.083 -0.9965 0 0.9965 -0.083 32140.dat
1 27 60 -185.3762 255.781 -1 0 0 0 0.083 -0.9965 0 -0.9965 -0.083 32140.dat
1 27 60 -182.0562 215.921 -1 0 0 0 0.083 -0.9965 0 -0.9965 -0.083 32140.dat
1 16 59.999 -243.5093 230.8707 -0.936 0.3522 0 0.350967 0.932724 0.083 0.029233 0.077688 -0.9965 4255.dat
1 0 96.371 -147.186 238.8937 -0.936 0.3522 0 0.350967 0.932724 0.083 0.029233 0.077688 -0.9965 4254.dat
1 16 -59.999 -243.5093 230.8707 -0.936 -0.3522 0 -0.350967 0.932724 0.083 -0.029233 0.077688 -0.9965 4255.dat
1 0 -96.371 -147.186 238.8937 -0.936 -0.3522 0 -0.350967 0.932724 0.083 -0.029233 0.077688 -0.9965 4254.dat
1 0 0 -233.5412 231.701 0 1 0 0.9965 0 0.083 0.083 0 -0.9965 3705.dat
1 0 0 -273.4012 228.381 1 0 0 0 -0.083 -0.9965 0 0.9965 -0.083 59443.dat
1 0 0 -233.5412 231.701 1 0 0 0 -0.9965 0.083 0 -0.083 -0.9965 87408.dat
1 71 0 -243.5062 230.871 0 -1 0 -0.9965 0 0.083 -0.083 0 -0.9965 32034.dat
1 0 0 -203.6462 234.191 0 1 0 0.083 0 -0.9965 -0.9965 0 -0.083 32270.dat
1 71 0 -182.0562 215.921 0 1 0 0.083 0 -0.9965 -0.9965 0 -0.083 44294.dat
1 71 0 -188.6962 295.641 1 0 0 0 -0.9965 0.083 0 -0.083 -0.9965 32034.dat
1 19 0 -185.1272 252.7915 1 0 0 0 -0.9965 0.083 0 -0.083 -0.9965 6589.dat
1 19 0 -191.1862 325.536 0 0 1 0.083 0.9965 0 -0.9965 0.083 0 3749.dat
1 71 0 -192.0162 335.501 0 0 -1 -0.083 0.9965 0 0.9965 0.083 0 32034.dat
1 72 -40 -192.0162 335.501 1 0 0 0 0.083 0.9965 0 -0.9965 0.083 11214.dat
1 72 40 -192.0162 335.501 -1 0 0 0 0.083 -0.9965 0 -0.9965 -0.083 11214.dat
1 71 0 -180.3962 195.991 -1 0 0 0 -0.9965 -0.083 0 -0.083 0.9965 3713.dat
1 71 0 -178.7362 176.061 0 0 -1 -0.083 0.9965 0 0.9965 0.083 0 32034.dat
1 0 0 -176.2462 146.166 0 1 0 -0.9965 0 -0.083 -0.083 0 0.9965 59443.dat
1 71 40 -178.7362 176.061 -1 0 0 0 -0.9965 -0.083 0 -0.083 0.9965 4519.dat
1 71 -40 -178.7362 176.061 -1 0 0 0 -0.9965 -0.083 0 -0.083 0.9965 4519.dat
1 71 -40 -183.7162 235.851 0 -1 0 -0.9965 0 0.083 -0.083 0 -0.9965 32525.dat
1 71 40 -183.7162 235.851 0 -1 0 -0.9965 0 0.083 -0.083 0 -0.9965 32525.dat
1 0 -50 -175.4162 136.201 -1 0 0 0 0.9965 0.083 0 0.083 -0.9965 2780.dat
1 0 50 -175.4162 136.201 -1 0 0 0 0.9965 0.083 0 0.083 -0.9965 2780.dat
1 71 -60 -180.3962 195.991 1 0 0 0 0.9965 -0.083 0 0.083 0.9965 32039.dat
1 71 60 -180.3962 195.991 1 0 0 0 0.9965 -0.083 0 0.083 0.9965 32039.dat
1 0 60 -188.6962 295.641 1 0 0 0 0.9965 -0.083 0 0.083 0.9965 32013.dat
1 0 -60 -188.6962 295.641 1 0 0 0 0.9965 -0.083 0 0.083 0.9965 32013.dat
1 4 60 -188.6962 295.641 -1 0 0 0 0.9965 0.083 0 0.083 -0.9965 32054.dat
1 4 -60 -188.6962 295.641 1 0 0 0 0.9965 -0.083 0 0.083 0.9965 32054.dat
1 1 0 -245.9962 260.766 0 0 1 0.083 0.9965 0 -0.9965 0.083 0 43093.dat
1 1 0 -241.0162 200.976 0 0 -1 -0.083 0.9965 0 0.9965 0.083 0 43093.dat
1 0 50 -150.4962 318.891 1 0 0 0 0.9965 -0.083 0 0.083 0.9965 2780.dat
1 0 50 -152.1562 338.821 1 0 0 0 0.9965 -0.083 0 0.083 0.9965 2780.dat
1 0 -50 -152.1562 338.821 1 0 0 0 0.9965 -0.083 0 0.083 0.9965 2780.dat
1 0 -50 -150.4962 318.891 1 0 0 0 0.9965 -0.083 0 0.083 0.9965 2780.dat
1 0 60 -231.8762 332.181 0 -1 0 0.083 0 0.9965 -0.9965 0 0.083 32526.dat
1 0 -60 -231.8762 332.181 0 -1 0 0.083 0 0.9965 -0.9965 0 0.083 32526.dat
1 71 40 -243.5062 230.871 0 -1 0 0.083 0 0.9965 -0.9965 0 0.083 32073.dat
1 71 -40 -243.5062 230.871 0 -1 0 0.083 0 0.9965 -0.9965 0 0.083 32073.dat
1 71 40 -243.5062 230.871 0 0 1 -0.083 -0.9965 0 0.9965 -0.083 0 63869.dat
1 71 -40 -243.5062 230.871 0 0 1 -0.083 -0.9965 0 0.9965 -0.083 0 63869.dat
1 0 -40 -265.0962 249.141 -1 0 0 0 -0.9965 -0.083 0 -0.083 0.9965 32054.dat
1 0 -40 -261.7762 209.281 -1 0 0 0 -0.9965 -0.083 0 -0.083 0.9965 32054.dat
1 0 40 -265.0962 249.141 1 0 0 0 -0.9965 0.083 0 -0.083 -0.9965 32054.dat
1 0 40 -261.7762 209.281 1 0 0 0 -0.9965 0.083 0 -0.083 -0.9965 32054.dat
1 71 0 -265.0962 249.141 1 0 0 0 -0.9965 0.083 0 -0.083 -0.9965 4519.dat
1 71 0 -261.7762 209.281 1 0 0 0 -0.9965 0.083 0 -0.083 -0.9965 4519.dat
1 0 0 -240.1862 191.011 0 0 1 0.9965 -0.083 0 0.083 0.9965 0 32524.dat
1 0 0 -246.8262 270.731 0 0 1 0.9965 -0.083 0 0.083 0.9965 0 32524.dat
1 19 -20 -239.3562 181.046 0 0 1 0.083 0.9965 0 -0.9965 0.083 0 32002.dat
1 19 20 -239.3562 181.046 0 0 1 0.083 0.9965 0 -0.9965 0.083 0 32002.dat
1 71 0 -303.2962 225.891 0 0 1 0.9965 -0.083 0 0.083 0.9965 0 4519.dat
1 0 0 -333.1912 223.401 -1 0 0 0 -0.083 0.9965 0 0.9965 0.083 59443.dat
1 0 0 -373.0512 220.081 0 0 1 -0.9965 0.083 0 -0.083 -0.9965 0 3705.dat
1 0 0 -363.0862 220.911 0 0 1 0.9965 -0.083 0 0.083 0.9965 0 32034.dat
1 72 -40 -363.0862 220.911 1 0 0 0 0.9965 -0.083 0 0.083 0.9965 11214.dat
1 72 40 -363.0862 220.911 -1 0 0 0 0.9965 0.083 0 0.083 -0.9965 11214.dat
1 14 0 -378.0337 219.666 -1 0 0 0 -0.083 0.9965 0 0.9965 0.083 32123.dat
1 0 0 -392.9812 218.421 -1 0 0 0 0.083 -0.9965 0 -0.9965 -0.083 32270.dat
1 27 40 -301.6362 205.961 0 -1 0 -0.083 0 -0.9965 0.9965 0 -0.083 32140.dat
1 1 60 -361.4262 200.981 1 0 0 0 -0.083 -0.9965 0 0.9965 -0.083 6558.dat
1 0 50 -341.4962 202.641 1 0 0 0 -0.083 -0.9965 0 0.9965 -0.083 2780.dat
1 1 50 -301.6362 205.961 -1 0 0 0 0.9965 0.083 0 0.083 -0.9965 43093.dat
1 0 60 -341.4962 202.641 0 1 0 -0.083 0 0.9965 0.9965 0 0.083 32526.dat
1 27 -40 -301.6362 205.961 0 -1 0 -0.083 0 -0.9965 0.9965 0 -0.083 32140.dat
1 1 -60 -361.4262 200.981 -1 0 0 0 0.083 -0.9965 0 -0.9965 -0.083 6558.dat
1 1 -50 -301.6362 205.961 1 0 0 0 0.9965 -0.083 0 0.083 0.9965 43093.dat
1 0 -50 -341.4962 202.641 1 0 0 0 -0.083 -0.9965 0 0.9965 -0.083 2780.dat
1 0 -60 -341.4962 202.641 0 1 0 -0.083 0 0.9965 0.9965 0 0.083 32526.dat
1 0 70 -281.7062 207.621 1 0 0 0 -0.083 -0.9965 0 0.9965 -0.083 2780.dat
1 0 -70 -281.7062 207.621 1 0 0 0 -0.083 -0.9965 0 0.9965 -0.083 2780.dat
1 0 -60 -363.0862 220.911 0 -1 0 0.9965 0 -0.083 0.083 0 0.9965 32523.dat
1 0 60 -363.0862 220.911 0 -1 0 0.9965 0 -0.083 0.083 0 0.9965 32523.dat
1 71 59.9988 -243.5094 230.8707 0 -1 0 -0.083 0 -0.9965 0.9965 0 -0.083 44294.dat
1 71 -59.9988 -243.5094 230.8707 0 -1 0 -0.083 0 -0.9965 0.9965 0 -0.083 44294.dat
1 71 -59.9988 -238.5294 171.0807 0 -1 0 0.9965 0 -0.083 0.083 0 0.9965 3713.dat
1 71 59.9988 -238.5294 171.0807 0 -1 0 0.9965 0 -0.083 0.083 0 0.9965 3713.dat
1 71 59.9988 -248.4894 290.6607 0 1 0 0.9965 0 0.083 0.083 0 -0.9965 3713.dat
1 71 -59.9988 -248.4894 290.6607 0 1 0 0.9965 0 0.083 0.083 0 -0.9965 3713.dat
1 71 60 -132.2298 99.6546 0 -1 0 0.9965 0 -0.083 0.083 0 0.9965 32524.dat
1 71 -60 -132.2298 99.6546 0 -1 0 0.9965 0 -0.083 0.083 0 0.9965 32524.dat
1 0 60 -177.0744 156.1255 0 -1 0 -0.9965 0 0.083 -0.083 0 -0.9965 32526.dat
1 1 60 -177.0744 156.1255 -1 0 0 0 0.083 -0.9965 0 -0.9965 -0.083 6558.dat
1 1 20 -177.8638 146.8667 0 -1 0 -0.2289 0 0.9735 -0.9735 0 -0.2289 32009.dat
1 71 0 -333.6238 183.4907 -1 0 0 0 0.2289 0.9735 0 0.9735 -0.2289 4519.dat
1 71 0 -196.1758 68.9867 -1 0 0 0 0.2289 0.9735 0 0.9735 -0.2289 4519.dat
1 71 0 -196.1758 68.9867 0 0 -1 -0.9735 0.2289 0 0.2289 0.9735 0 3713.dat
1 0 0 -314.1538 178.9127 0 -1 0 0.2289 0 -0.9735 0.9735 0 0.2289 32523.dat
1 1 -20 -177.8638 146.8667 0 -1 0 -0.2289 0 0.9735 -0.9735 0 -0.2289 32009.dat
1 1 40 -294.6838 174.3347 0 -1 0 -0.410432 0 0.911913 -0.911913 0 -0.410432 6629.dat
1 71 0 -294.6838 174.3347 -1 0 0 0 0.410432 0.911913 0 0.911913 -0.410432 32073.dat
1 0 30 -203.49 133.29 -1 0 0 0 0.410432 0.911913 0 0.911913 -0.410432 2780.dat
1 1 50 -190.3617 74.7409 -1 0 0 0 -0.218774 0.975824 0 0.975824 0.218774 43093.dat
1 1 -40 -294.6838 174.3347 0 -1 0 -0.410432 0 0.911913 -0.911913 0 -0.410432 6629.dat
1 0 -30 -203.49 133.29 -1 0 0 0 0.410432 0.911913 0 0.911913 -0.410432 2780.dat
1 1 -50 -190.3617 74.7409 1 0 0 0 0.975824 -0.218774 0 0.218774 0.975824 43093.dat
1 0 -60 -177.0744 156.1255 0 -1 0 -0.9965 0 0.083 -0.083 0 -0.9965 32526.dat
1 1 -60 -177.0744 156.1255 1 0 0 0 -0.083 -0.9965 0 0.9965 -0.083 6558.dat
1 72 -20 -245.1717 9.9654 0 1 0 0.083 0 -0.9965 -0.9965 0 -0.083 11214.dat
1 72 20 -245.1717 9.9654 0 1 0 0.083 0 -0.9965 -0.9965 0 -0.083 11214.dat
1 27 0 -245.1717 9.9654 0 0 -1 -0.9965 -0.083 0 -0.083 0.9965 0 32524.dat
1 0 40 -245.1717 9.9654 0 -1 0 0.083 0 0.9965 -0.9965 0 0.083 32054.dat
1 0 -40 -245.1717 9.9654 0 -1 0 0.083 0 0.9965 -0.9965 0 0.083 32054.dat
1 0 -80 -162.1262 -23.2528 0 1 0 -0.9965 0 -0.083 -0.083 0 0.9965 15100.dat
1 71 -80 -192.0226 -25.7441 0 0 -1 -0.9965 -0.083 0 -0.083 0.9965 0 62462.dat
1 0 -80 -211.9535 -27.405 0 0 -1 -0.9965 -0.083 0 -0.083 0.9965 0 2780.dat
1 73 -40 -243.5108 -9.9655 0 1 0 0.9965 0 0.083 0.083 0 -0.9965 64393.dat
1 72 -110 -219.8428 187.6828 0 0 1 0.9965 -0.083 0 0.083 0.9965 0 32449.dat
1 71 -140 -220.2578 192.6653 0 1 0 -0.083 0 0.9965 0.9965 0 0.083 4519.dat
1 72 -110 -220.6728 197.6478 0 0 1 0.9965 -0.083 0 0.083 0.9965 0 32449.dat
1 0 -140 -218.5978 172.7353 0 0 1 -0.083 -0.9965 0 0.9965 -0.083 0 6536.dat
1 0 -140 -221.9178 212.5953 0 0 1 -0.083 -0.9965 0 0.9965 -0.083 0 6536.dat
1 1 -80 -219.4278 182.7003 0 0 1 -0.083 -0.9965 0 0.9965 -0.083 0 43093.dat
1 0 -130 -238.5278 171.0753 1 0 0 0 -0.9965 0.083 0 -0.083 -0.9965 2780.dat
1 0 -130 -241.8478 210.9353 1 0 0 0 -0.9965 0.083 0 -0.083 -0.9965 2780.dat
1 0 -100 -219.4278 182.7003 0 0 -1 0.083 -0.9965 0 -0.9965 -0.083 0 2780.dat
1 27 -120 -240.1878 191.0053 1 0 0 0 0.9965 -0.083 0 0.083 0.9965 61070.dat
1 73 -100 -218.5978 172.7353 1 0 0 0 -0.9965 0.083 0 -0.083 -0.9965 64393.dat
1 0 -100 -221.9228 92.1853 0 1 0 0.9965 0 0.083 0.083 0 -0.9965 2780.dat
1 0 -100 -225.2428 132.0453 0 1 0 0.9965 0 0.083 0.083 0 -0.9965 2780.dat
1 27 -100 -238.5278 171.0753 -1 0 0 0 0.9965 0.083 0 0.083 -0.9965 64683.dat
1 0 -100 -239.3578 181.0403 0 0 -1 0.083 -0.9965 0 -0.9965 -0.083 0 2780.dat
1 0 -80 -279.2178 177.7203 0 0 -1 0.083 -0.9965 0 -0.9965 -0.083 0 2780.dat
1 27 -100 -240.1878 191.0053 1 0 0 0 0.9965 -0.083 0 0.083 0.9965 64391.dat
1 0 80 -162.1262 -23.2528 0 1 0 -0.9965 0 -0.083 -0.083 0 0.9965 15100.dat
1 71 80 -192.0226 -25.7441 0 0 -1 -0.9965 -0.083 0 -0.083 0.9965 0 62462.dat
1 0 80 -211.9535 -27.405 0 -1 0 -0.9965 0 0.083 -0.083 0 -0.9965 2780.dat
1 73 40 -243.5108 -9.9655 0 -1 0 -0.9965 0 0.083 -0.083 0 -0.9965 64681.dat
1 72 110 -220.6733 197.6482 0 0 -1 0.9965 0.083 0 0.083 -0.9965 0 32449.dat
1 71 140 -220.2583 192.6657 0 -1 0 0.083 0 0.9965 -0.9965 0 0.083 4519.dat
1 72 110 -219.8433 187.6832 0 0 -1 0.9965 0.083 0 0.083 -0.9965 0 32449.dat
1 0 140 -221.9183 212.5957 0 0 -1 0.083 -0.9965 0 -0.9965 -0.083 0 6536.dat
1 0 140 -218.5983 172.7357 0 0 -1 0.083 -0.9965 0 -0.9965 -0.083 0 6536.dat
1 1 80 -219.4283 182.7007 0 0 1 -0.083 -0.9965 0 0.9965 -0.083 0 43093.dat
1 0 130 -241.8483 210.9357 -1 0 0 0 -0.9965 -0.083 0 -0.083 0.9965 2780.dat
1 0 130 -238.5283 171.0757 -1 0 0 0 -0.9965 -0.083 0 -0.083 0.9965 2780.dat
1 0 100 -219.4283 182.7007 0 0 1 -0.083 -0.9965 0 0.9965 -0.083 0 2780.dat
1 27 120 -240.1883 191.0057 1 0 0 0 0.9965 -0.083 0 0.083 0.9965 61071.dat
1 73 100 -218.5983 172.7357 1 0 0 0 -0.9965 0.083 0 -0.083 -0.9965 64681.dat
1 0 100 -225.2433 132.0457 0 -1 0 0.9965 0 -0.083 0.083 0 0.9965 2780.dat
1 0 100 -221.9233 92.1857 0 -1 0 0.9965 0 -0.083 0.083 0 0.9965 2780.dat
1 27 100 -240.1883 191.0057 1 0 0 0 0.9965 -0.083 0 0.083 0.9965 64683.dat
1 0 100 -239.3583 181.0407 0 0 1 -0.083 -0.9965 0 0.9965 -0.083 0 2780.dat
1 0 80 -279.2183 177.7207 0 0 1 -0.083 -0.9965 0 0.9965 -0.083 0 2780.dat
1 27 100 -238.5283 171.0757 -1 0 0 0 0.9965 0.083 0 0.083 -0.9965 64391.dat
1 0 0 -246.8326 29.8964 0 0 -1 -0.9965 -0.083 0 -0.083 0.9965 0 32523.dat
1 1 0 -247.663 39.8618 0 0 -1 -0.083 0.9965 0 0.9965 0.083 0 43093.dat
1 72 0 -249.407 60.7893 -1 0 0 0 0.083 -0.9965 0 -0.9965 -0.083 40001.dat
1 71 0 -345.2249 82.07 1 0 0 0 -0.9908 0.1351 0 -0.1351 -0.9908 4519.dat
1 0 -30 -345.2249 82.07 0 0 1 -0.1351 -0.9908 0 0.9908 -0.1351 0 59443.dat
1 0 30 -345.2249 82.07 0 0 1 -0.1351 -0.9908 0 0.9908 -0.1351 0 59443.dat
1 0 -70 -345.2249 82.07 -1 0 0 0 -0.9908 -0.1351 0 -0.1351 0.9908 3705.dat
1 0 70 -345.2249 82.07 -1 0 0 0 -0.9908 -0.1351 0 -0.1351 0.9908 3705.dat
1 0 -60 -345.2249 82.07 0 -1 0 0.9908 0 -0.1351 0.1351 0 0.9908 32006.dat
1 0 60 -345.2249 82.07 0 1 0 -0.9908 0 -0.1351 -0.1351 0 0.9908 32006.dat
1 1 -70 -353.3309 141.518 1 0 0 0 0.1351 0.9908 0 -0.9908 0.1351 43093.dat
1 1 70 -353.3309 141.518 -1 0 0 0 -0.1351 0.9908 0 0.9908 0.1351 43093.dat
1 0 -80 -345.2249 82.07 1 0 0 0 -0.9908 0.1351 0 -0.1351 -0.9908 32192.dat
1 4 -80 -349.2779 111.794 0 0 1 -0.1351 -0.9908 0 0.9908 -0.1351 0 32062.dat
1 4 80 -349.2779 111.794 0 0 1 -0.1351 -0.9908 0 0.9908 -0.1351 0 32062.dat
1 0 80 -345.2249 82.07 1 0 0 0 -0.9908 0.1351 0 -0.1351 -0.9908 32192.dat
1 0 -80 -353.3309 141.518 -1 0 0 0 -0.9908 -0.1351 0 -0.1351 0.9908 32034.dat
1 0 80 -353.3309 141.518 -1 0 0 0 -0.9908 -0.1351 0 -0.1351 0.9908 32034.dat
1 4 -80 -357.3839 171.242 0 0 -1 0.1351 -0.9908 0 -0.9908 -0.1351 0 32062.dat
1 4 80 -357.3839 171.242 0 0 -1 0.1351 -0.9908 0 -0.9908 -0.1351 0 32062.dat
1 0 -80 -361.4369 200.966 -1 0 0 0 -0.9908 -0.1351 0 -0.1351 0.9908 32013.dat
1 0 80 -361.4369 200.966 -1 0 0 0 -0.9908 -0.1351 0 -0.1351 0.9908 32013.dat
1 0 -80 -305.4184 51.8165 0 0 -1 0.796124 -0.605065 0 -0.605065 -0.796124 0 3705.dat
1 0 80 -305.4184 51.8165 0 0 -1 0.796124 -0.605065 0 -0.605065 -0.796124 0 3705.dat
1 0 -80 -265.6117 21.5629 -1 0 0 0 0.605065 0.796124 0 0.796124 -0.605065 32013.dat
1 0 80 -265.6117 21.5629 -1 0 0 0 0.605065 0.796124 0 0.796124 -0.605065 32013.dat
1 1 -70 -265.6117 21.5629 1 0 0 0 0.1351 0.9908 0 -0.9908 0.1351 43093.dat
1 1 70 -265.6117 21.5629 -1 0 0 0 0.1351 -0.9908 0 -0.9908 -0.1351 43093.dat
1 0 -50 -265.6117 21.5629 0 0 1 -0.1351 -0.9908 0 0.9908 -0.1351 0 59443.dat
1 0 50 -265.6117 21.5629 0 0 1 -0.1351 -0.9908 0 0.9908 -0.1351 0 59443.dat
1 71 0 -265.6117 21.5629 -1 0 0 0 -0.9908 -0.1351 0 -0.1351 0.9908 32073.dat
1 0 -100 -345.2249 82.07 -1 0 0 0 -0.9908 -0.1351 0 -0.1351 0.9908 6536.dat
1 0 100 -345.2249 82.07 -1 0 0 0 -0.9908 -0.1351 0 -0.1351 0.9908 6536.dat
1 1 -100 -363.6899 69.46 0 0 -1 0.1351 -0.9908 0 -0.9908 -0.1351 0 43093.dat
1 1 100 -363.6899 69.46 0 0 -1 0.1351 -0.9908 0 -0.9908 -0.1351 0 43093.dat
1 0 -100 -363.0144 64.506 0 0 -1 0.9908 0.1351 0 0.1351 -0.9908 0 4032.dat
1 0 -100 -361.9336 56.5796 0 0 -1 0.9908 0.1351 0 0.1351 -0.9908 0 4032.dat
1 0 100 -363.1495 65.4968 0 0 -1 0.9908 0.1351 0 0.1351 -0.9908 0 4032.dat
1 0 100 -362.0687 57.5704 0 0 -1 0.9908 0.1351 0 0.1351 -0.9908 0 4032.dat
1 47 -100 -360.8528 48.6532 0 0 -1 0.9908 0.1351 0 0.1351 -0.9908 0 2654.dat
1 47 100 -360.9879 49.644 0 0 -1 0.9908 0.1351 0 0.1351 -0.9908 0 2654.dat
1 1 -70 -364.7572 240.8319 -1 0 0 0 -0.8471 0.5315 0 0.5315 0.8471 43093.dat
1 0 -80 -279.7186 376.3621 0 -1 0 0.8471 0 0.5315 -0.5315 0 0.8471 32009.dat
1 1 -70 -211.9535 333.8428 -1 0 0 0 -0.8471 0.5315 0 0.5315 0.8471 43093.dat
1 1 70 -364.7572 240.8319 1 0 0 0 0.8471 0.5315 0 -0.5315 0.8471 43093.dat
1 0 80 -279.7186 376.3621 0 -1 0 0.8471 0 0.5315 -0.5315 0 0.8471 32009.dat
1 1 70 -211.9535 333.8428 1 0 0 0 0.8471 0.5315 0 -0.5315 0.8471 43093.dat
1 1 -70 -300.9782 342.4795 1 0 0 0 0.8471 0.5315 0 -0.5315 0.8471 43093.dat
1 1 70 -300.9782 342.4795 -1 0 0 0 -0.8471 0.5315 0 0.5315 0.8471 43093.dat
1 0 50 -300.9782 342.4795 0 0 1 -0.5315 0.8471 0 -0.8471 -0.5315 0 59443.dat
1 0 -50 -300.9782 342.4795 0 0 1 -0.5315 0.8471 0 -0.8471 -0.5315 0 59443.dat
1 71 0 -300.9782 342.4795 -1 0 0 0 -0.8471 0.5315 0 0.5315 0.8471 32073.dat
1 27 200.9187 -102.3613 242.6289 0 0 1 0.083 0.9965 0 -0.9965 0.083 0 56908.dat
1 256 200.9187 -102.3613 242.6289 0 0 1 0.083 0.9965 0 -0.9965 0.083 0 45982.dat
1 27 200.9188 -102.3613 -239.0349 0 0 1 0.083 0.9965 0 -0.9965 0.083 0 56908.dat
1 256 200.9188 -102.3613 -239.0349 0 0 1 0.083 0.9965 0 -0.9965 0.083 0 45982.dat
1 27 -200.9187 -102.3613 242.6289 0 0 1 0.083 0.9965 0 -0.9965 0.083 0 56908.dat
1 256 -200.9187 -102.3613 242.6289 0 0 1 0.083 0.9965 0 -0.9965 0.083 0 45982.dat
1 27 -200.9188 -102.1122 -242.0246 0 0 1 0.083 0.9965 0 -0.9965 0.083 0 56908.dat
1 256 -200.9188 -102.1122 -242.0246 0 0 1 0.083 0.9965 0 -0.9965 0.083 0 45982.dat
