0 Main
0 Name: 42121 - Heavy Duty Excavator.mpd
0 Author: LTRON
1 14 -40 -90 90 0 -1 0 -1 0 0 0 0 -1 32140.dat
1 0 -30 -90 30 1 0 0 0 -1 0 0 0 -1 2780.dat
1 0 -30 -90 70 1 0 0 0 -1 0 0 0 -1 2780.dat
1 0 -50 -90 50 1 0 0 0 -1 0 0 0 -1 2780.dat
1 0 -40 -90 90 1 0 0 0 -1 0 0 0 -1 18651.dat
1 0 0 -90 90 0 0 -1 0 -1 0 -1 0 0 32034.dat
1 0 -20 -90 -10 0 1 0 -1 0 0 0 0 1 40490.dat
1 72 0 -90 63 0 1 0 0 0 -1 -1 0 0 59426.dat
1 71 0 -90 130 0 -1 0 -1 0 0 0 0 -1 26287.dat
1 14 0 -90 34 0 -1 0 -1 0 0 0 0 -1 32123.dat
1 71 0 -90 -2 0 -1 0 -0.91 0 -0.414 0.414 0 -0.91 62520.dat
1 71 0 -90 -2 1 0 0 0 1 0 0 0 1 62520.dat
1 71 0 -90 -2 1 0 0 0 -0.91 -0.414 0 0.414 -0.91 62519.dat
1 71 -50 -130 -50 -1 0 0 0 1 0 0 0 -1 4274.dat
1 71 -50 -130 -30 -1 0 0 0 1 0 0 0 -1 4274.dat
1 71 -58 -130 -40 0 1 0 0 0 1 1 0 0 3069.dat
1 14 -20 -110 30 0 -1 0 0 0 -1 1 0 0 32140.dat
1 1 -30 -110 30 1 0 0 0 0 -1 0 1 0 43093.dat
1 4 -20 -130 30 1 0 0 0 0 -1 0 1 0 11214.dat
1 4 -20 -170 30 1 0 0 0 0 -1 0 1 0 11214.dat
1 4 -20 -170 50 1 0 0 0 0 -1 0 1 0 11214.dat
1 71 20 -170 30 1 0 0 0 0 -1 0 1 0 32054.dat
1 71 20 -170 50 1 0 0 0 0 -1 0 1 0 32054.dat
1 71 20 -130 30 1 0 0 0 0 -1 0 1 0 32054.dat
1 14 20 -110 30 0 -1 0 0 0 -1 1 0 0 32140.dat
1 1 30 -110 30 -1 0 0 0 0 -1 0 -1 0 43093.dat
1 14 -40 -170 -90 0 1 0 1 0 0 0 0 -1 32009.dat
1 19 -30 -130 -90 1 0 0 0 -0.995 0.097 0 -0.097 -0.995 32002.dat
1 14 0 -90 -90 -1 0 0 0 -1 0 0 0 1 44294.dat
1 71 0 -90 -90 0 0 1 0 -1 0 1 0 0 3713.dat
1 0 0 -107.241 -39.93 0 0 -1 -0.414 -0.91 0 -0.91 0.414 0 3705.dat
1 71 0 -130 -90 -1 0 0 0 -0.91 0.414 0 0.414 0.91 62520.dat
1 71 0 -130 -90 -1 0 0 0 0.097 -0.995 0 -0.995 -0.097 62519.dat
1 71 0 -130 -90 0 1 0 0.097 0 -0.995 -0.995 0 -0.097 62520.dat
1 0 20 -90 -10 0 1 0 -1 0 0 0 0 1 40490.dat
1 0 30 -90 70 1 0 0 0 1 0 0 0 1 2780.dat
1 0 30 -90 30 1 0 0 0 1 0 0 0 1 2780.dat
1 14 40 -90 90 0 -1 0 -1 0 0 0 0 -1 32140.dat
1 0 50 -90 50 1 0 0 0 1 0 0 0 1 2780.dat
1 0 40 -90 90 -1 0 0 0 1 0 0 0 -1 18651.dat
1 71 0 -130 -90 1 0 0 0 -0.097 -0.995 0 0.995 -0.097 92693.dat
1 72 0 -177.752 -23.825 -1 0 0 0 0.296 -0.955 0 -0.955 -0.296 61904.dat
1 71 0 -168.202 -20.865 0 0 -1 0.955 0.296 0 0.296 -0.955 0 4519.dat
1 19 0 -155.787 -17.017 -1 0 0 0 -0.296 0.955 0 0.955 0.296 6589.dat
1 14 0 -196.852 -29.745 -1 0 0 0 -0.296 0.955 0 0.955 0.296 59443.dat
1 4 -10 -130.002 -9.025 -1 0 0 0 -0.296 0.955 0 0.955 0.296 3706.dat
1 19 17 -130.002 -9.025 0 0 1 -0.296 -0.955 0 0.955 -0.296 0 32198.dat
1 71 0 -162.282 -39.965 -1 0 0 0 0.955 0.296 0 0.296 -0.955 4519.dat
1 71 0 -181.382 -45.885 -1 0 0 0 0.955 0.296 0 0.296 -0.955 4519.dat
1 0 25 -181.382 -45.885 0 -1 0 0.296 0 0.955 -0.955 0 0.296 41677.dat
1 0 0 -200.482 -51.805 0 -1 0 0.296 0 0.955 -0.955 0 0.296 32316.dat
1 0 -25 -181.382 -45.885 0 -1 0 0.296 0 0.955 -0.955 0 0.296 41677.dat
1 72 0 -315.082 -87.325 0 -1 0 0.296 0 0.955 -0.955 0 0.296 32524.dat
1 0 -20 -309.162 -106.425 0 -1 0 0.955 0 -0.296 0.296 0 0.955 32140.dat
1 0 0 -288.722 -37.285 0 1 0 0.296 0 -0.955 -0.955 0 -0.296 40490.dat
1 0 20 -309.162 -106.425 0 -1 0 0.955 0 -0.296 0.296 0 0.955 32140.dat
1 71 0 -309.162 -106.425 1 0 0 0 0.955 -0.296 0 0.296 0.955 4519.dat
1 71 0 -346.022 -55.045 1 0 0 0 0.955 -0.296 0 0.296 0.955 4519.dat
1 71 0 -340.102 -74.145 -1 0 0 0 -0.296 0.955 0 0.955 0.296 92907.dat
1 0 0 -365.122 -60.965 -1 0 0 0 -0.296 0.955 0 0.955 0.296 3705.dat
1 0 25 -365.122 -60.965 0 1 0 -0.296 0 0.955 0.955 0 0.296 41677.dat
1 0 -25 -365.122 -60.965 0 1 0 -0.296 0 0.955 0.955 0 0.296 41677.dat
1 71 0 -282.802 -56.385 0 -1 0 -0.955 0 0.296 -0.296 0 -0.955 60485.dat
1 71 0 -378.302 -85.985 1 0 0 0 0.296 0.955 0 -0.955 0.296 62520.dat
1 71 0 -378.302 -85.985 0 -1 0 -0.582684 0 -0.812759 0.812759 0 -0.582684 62520.dat
1 71 0 -378.302 -85.985 0 1 0 -0.582684 0 0.812759 0.812759 0 0.582684 62519.dat
1 0 0 -353.282 -99.165 -1 0 0 0 -0.296 0.955 0 0.955 0.296 3705.dat
1 0 -20 -431.826 -223.997 0 -1 0 0.9416 0 0.3362 -0.3362 0 0.9416 32271.dat
1 0 -35 -353.282 -99.165 0 -1 0 -0.296 0 -0.955 0.955 0 -0.296 32250.dat
1 19 -30 -391.482 -111.005 -1 0 0 0 0.955 0.296 0 0.296 -0.955 32002.dat
1 19 -30 -429.682 -122.845 -1 0 0 0 0.955 0.296 0 0.296 -0.955 3749.dat
1 14 -45 -429.682 -122.845 0 0 1 -0.296 -0.955 0 0.955 -0.296 0 32123.dat
1 0 0 -431.826 -223.997 0 -1 0 0.9416 0 0.3362 -0.3362 0 0.9416 40490.dat
1 0 20 -431.826 -223.997 0 -1 0 0.9416 0 0.3362 -0.3362 0 0.9416 32271.dat
1 19 30 -391.482 -111.005 1 0 0 0 0.955 -0.296 0 0.296 0.955 32002.dat
1 0 -25 -477.8152 -334.4659 0 1 0 -0.878526 0 0.477172 0.477172 0 0.878526 99773.dat
1 71 0 -512.9562 -315.379 -1 0 0 0 -0.878526 0.477172 0 0.477172 0.878526 4519.dat
1 0 -15 -477.8152 -334.4659 0 1 0 -0.878526 0 0.477172 0.477172 0 0.878526 99773.dat
1 19 0 -495.3857 -324.9225 1 0 0 0 0.878526 0.477172 0 -0.477172 0.878526 32556.dat
1 19 0 -458.7283 -299.3249 1 0 0 0 0.878526 0.477172 0 -0.477172 0.878526 32556.dat
1 0 -5 -512.9562 -315.379 0 1 0 -0.878526 0 0.477172 0.477172 0 0.878526 41677.dat
1 0 5 -512.9562 -315.379 0 1 0 -0.878526 0 0.477172 0.477172 0 0.878526 41677.dat
1 71 0 -503.4128 -297.8085 -1 0 0 0 -0.878526 0.477172 0 0.477172 0.878526 4519.dat
1 0 -25 -503.4128 -297.8085 0 1 0 -0.878526 0 0.477172 0.477172 0 0.878526 41677.dat
1 0 -15 -503.4128 -297.8085 0 1 0 -0.878526 0 0.477172 0.477172 0 0.878526 41677.dat
1 71 0 -493.8694 -280.238 -1 0 0 0 -0.878526 0.477172 0 0.477172 0.878526 4519.dat
1 71 0 -429.682 -122.845 1 0 0 0 -0.925879 -0.376662 0 0.376662 -0.925879 92693.dat
1 25 0 -440.9849 -150.6286 1 0 0 0 -0.925879 -0.376662 0 0.376662 -0.925879 92695.dat
1 72 0 -493.7325 -280.2845 1 0 0 0 -0.925879 -0.376662 0 0.376662 -0.925879 92696.dat
1 71 0 -429.682 -122.845 -1 0 0 0 -0.582684 0.812759 0 0.812759 0.582684 62520.dat
1 71 0 -429.682 -122.845 0 -1 0 0.925879 0 0.376662 -0.376662 0 0.925879 62519.dat
1 71 0 -429.682 -122.845 0 1 0 0.925879 0 -0.376662 -0.376662 0 -0.925879 62520.dat
1 4 0 -405.3109 -105.3608 0 0 -1 0.812759 0.582684 0 0.582684 -0.812759 0 32062.dat
1 0 25 -503.4098 -297.8013 0 -1 0 0.878526 0 0.477172 -0.477172 0 0.878526 41677.dat
1 0 15 -503.4098 -297.8013 0 -1 0 0.878526 0 0.477172 -0.477172 0 0.878526 41677.dat
1 0 35 -353.282 -99.165 0 -1 0 -0.296 0 -0.955 0.955 0 -0.296 32250.dat
1 19 30 -429.682 -122.845 1 0 0 0 -0.55156 -0.83392 0 0.83392 -0.55156 3749.dat
1 14 45 -429.682 -122.845 0 0 -1 0.83392 0.55156 0 0.55156 -0.83392 0 32123.dat
1 0 -20 -390.3507 -354.8389 0 1 0 0.845274 0 0.535191 0.535191 0 -0.845274 32271.dat
1 71 0 -390.3646 -354.8264 1 0 0 0 -0.845274 0.535191 0 -0.535191 -0.845274 4519.dat
1 71 0 -286.2344 -459.4323 1 0 0 0 -0.997334 -0.079012 0 0.079012 -0.997334 4519.dat
1 71 -10 -326.1278 -456.2718 1 0 0 0 -0.845274 0.535191 0 -0.535191 -0.845274 4274.dat
1 19 0 -336.8316 -439.3663 1 0 0 0 -0.845274 0.535191 0 -0.535191 -0.845274 32556.dat
1 0 -5 -411.7584 -321.028 0 -1 0 -0.845274 0 0.535191 -0.535191 0 -0.845274 11478.dat
1 0 5 -411.7584 -321.028 0 -1 0 -0.845274 0 0.535191 -0.535191 0 -0.845274 11478.dat
1 71 0 -433.166 -287.217 1 0 0 0 -0.845274 0.535191 0 -0.535191 -0.845274 4519.dat
1 72 0 -389.9639 -382.1992 0 -1 0 0.477172 0 -0.878526 0.878526 0 0.477172 32525.dat
1 19 0 -284.5428 -439.4803 1 0 0 0 0.477172 -0.878526 0 0.878526 0.477172 32556.dat
1 4 0 -498.8267 -347.0181 0 -1 0 0.815005 0 0.579553 -0.579553 0 0.815005 32062.dat
1 71 0 -474.3766 -364.4047 0 -1 0 -0.579553 0 0.815005 -0.815005 0 -0.579553 26287.dat
1 0 0 -506.9768 -341.2226 0 0 -1 -0.815005 0.579553 0 0.579553 0.815005 0 6536.dat
1 71 0 -425.4763 -399.1779 0 0 -1 -0.815005 0.579553 0 0.579553 0.815005 0 32073.dat
1 0 0 -392.8761 -422.36 -1 0 0 0 -0.579553 -0.815005 0 -0.815005 0.579553 32126.dat
1 71 -10 -376.576 -433.951 -1 0 0 0 -0.579553 -0.815005 0 -0.815005 0.579553 4274.dat
1 0 0 -356.7108 -436.6097 1 0 0 0 -0.136481 0.992637 0 -0.992637 -0.136481 32126.dat
1 72 0 -336.8711 -439.33 0 1 0 -0.991007 0 0.135322 0.135322 0 0.991007 22961.dat
1 71 -20 -376.576 -433.951 0 1 0 -0.815005 0 0.579553 0.579553 0 0.815005 98138.dat
1 0 15 -477.8152 -334.4659 0 -1 0 0.878526 0 0.477172 -0.477172 0 0.878526 99773.dat
1 0 25 -477.8152 -334.4659 0 -1 0 0.878526 0 0.477172 -0.477172 0 0.878526 99773.dat
1 72 0 -286.28 -459.4035 -1 0 0 0 -0.086894 -0.996218 0 -0.996218 0.086894 24120.dat
1 71 10 -288.0169 -479.3275 1 0 0 0 -0.086894 0.996218 0 -0.996218 -0.086894 4274.dat
1 0 20 -390.365 -354.8266 0 1 0 0.845274 0 0.535191 0.535191 0 -0.845274 32271.dat
1 14 40 -170 -89 0 1 0 1 0 0 0 0 -1 32009.dat
1 71 -40 -318.042 -77.849 0 0 -1 0.296 -0.955 0 -0.955 -0.296 0 4274.dat
1 71 40 -318.042 -77.849 0 0 -1 0.296 -0.955 0 -0.955 -0.296 0 4274.dat
1 47 -40 -315.67 -85.489 -1 0 0 0 -0.296 0.955 0 0.955 0.296 98138.dat
1 47 40 -315.67 -85.489 -1 0 0 0 -0.296 0.955 0 0.955 0.296 98138.dat
1 71 -80 -130 -10 0 0 1 0.955 -0.296 0 0.296 0.955 0 26287.dat
1 0 -50 -170 10 -1 0 0 0 1 0 0 0 -1 2780.dat
1 0 50 -170 10 -1 0 0 0 1 0 0 0 -1 2780.dat
1 0 40 -170 70 -1 0 0 0 1 0 0 0 -1 18651.dat
1 0 -40 -170 70 1 0 0 0 -1 0 0 0 -1 18651.dat
1 72 -60 -90 50 0 -1 0 -1 0 0 0 0 -1 32278.dat
1 1 -70 -90 70 -1 0 0 0 1 0 0 0 -1 43093.dat
1 0 -80 -90 30 -1 0 0 0 1 0 0 0 -1 18651.dat
1 0 -80 -90 50 -1 0 0 0 0 1 0 1 0 32184.dat
1 0 -40 -110 190 0 0 1 0 1 0 -1 0 0 63869.dat
1 0 -50 -90 190 1 0 0 0 1 0 0 0 1 2780.dat
1 0 -40 -110 190 0 0 1 0 1 0 -1 0 0 18651.dat
1 71 -40 -130 170 0 0 1 0 1 0 -1 0 0 32184.dat
1 4 -40 -150 160 0 0 1 0 1 0 -1 0 0 32062.dat
1 0 -30 -130 170 -1 0 0 0 0 -1 0 -1 0 2780.dat
1 14 -40 -110 210 0 0 1 -1 0 0 0 -1 0 44809.dat
1 0 -30 -130 210 -1 0 0 0 0 -1 0 -1 0 2780.dat
1 0 -40 -150 150 0 0 1 0 -1 0 1 0 0 6536.dat
1 0 0 -110 170 1 0 0 0 0 -1 0 1 0 39793.dat
1 0 0 -110 210 -1 0 0 0 0 -1 0 -1 0 39793.dat
1 72 0 -130 218 0 1 0 0 0 -1 -1 0 0 87083.dat
1 14 0 -130 225 0 -1 0 -1 0 0 0 0 -1 32123.dat
1 0 0 -130 240 0 -1 0 -1 0 0 0 0 -1 32270.dat
1 72 0 -90 180 0 -1 0 0 0 -1 1 0 0 87083.dat
1 0 0 -90 190 0 1 0 1 0 0 0 0 -1 32270.dat
1 0 40 -110 190 0 0 -1 0 1 0 1 0 0 63869.dat
1 0 50 -90 190 1 0 0 0 0 -1 0 1 0 2780.dat
1 0 40 -110 190 0 -1 0 0 0 1 -1 0 0 18651.dat
1 71 40 -130 170 0 0 -1 0 1 0 1 0 0 32184.dat
1 4 40 -150 160 0 0 -1 0 1 0 1 0 0 32062.dat
1 0 30 -130 170 1 0 0 0 0 -1 0 1 0 2780.dat
1 14 40 -110 210 0 0 -1 -1 0 0 0 1 0 44809.dat
1 0 30 -130 210 1 0 0 0 0 -1 0 1 0 2780.dat
1 0 40 -150 150 0 0 1 0 -1 0 1 0 0 6536.dat
1 0 60 -90 209 0 -1 0 -1 0 0 0 0 -1 18654.dat
1 0 -60 -90 210 0 -1 0 -1 0 0 0 0 -1 18654.dat
1 14 120 -130 130 0 -1 0 -1 0 0 0 0 -1 24116.dat
1 14 -120 -130 130 0 1 0 1 0 0 0 0 -1 24116.dat
1 14 0 -150 210 0 0 -1 0 -1 0 -1 0 0 32524.dat
1 72 60 -90 50 0 1 0 1 0 0 0 0 -1 32278.dat
1 1 70 -90 70 1 0 0 0 -1 0 0 0 -1 43093.dat
1 0 80 -90 30 1 0 0 0 -1 0 0 0 -1 18651.dat
1 0 80 -90 50 1 0 0 0 0 -1 0 1 0 32184.dat
1 0 80 -100 50 0 1 0 1 0 0 0 0 -1 2780.dat
1 0 -80 -100 50 0 1 0 1 0 0 0 0 -1 2780.dat
1 15 0 -110 50 0 0 1 0 -1 0 1 0 0 40490.dat
1 14 -20 -170 130 0 -1 0 1 0 0 0 0 1 32524.dat
1 14 20 -170 130 0 -1 0 1 0 0 0 0 1 32524.dat
1 71 0 -180 90 0 0 1 -1 0 0 0 -1 0 4274.dat
1 71 0 -180 130 0 0 1 -1 0 0 0 -1 0 4274.dat
1 71 0 -170 170 1 0 0 0 1 0 0 0 1 4519.dat
1 14 5 -170 170 0 -1 0 1 0 0 0 0 1 6632.dat
1 14 -5 -170 170 0 -1 0 1 0 0 0 0 1 6632.dat
1 71 0 -170 210 -1 0 0 0 -1 0 0 0 1 4519.dat
1 14 60 -170 110 0 -1 0 -1 0 0 0 0 -1 32525.dat
1 0 50 -170 210 1 0 0 0 -1 0 0 0 -1 2780.dat
1 0 50 -170 90 1 0 0 0 -1 0 0 0 -1 2780.dat
1 14 -60 -170 110 0 1 0 1 0 0 0 0 -1 32525.dat
1 0 -50 -170 210 -1 0 0 0 1 0 0 0 -1 2780.dat
1 0 -50 -170 90 -1 0 0 0 1 0 0 0 -1 2780.dat
1 14 80 -170 90 0 -1 0 1 0 0 0 0 1 64391.dat
1 0 70 -170 50 1 0 0 0 1 0 0 0 1 2780.dat
1 0 70 -170 30 1 0 0 0 1 0 0 0 1 2780.dat
1 14 80 -170 70 0 1 0 1 0 0 0 0 -1 32140.dat
1 0 50 -170 -50 1 0 0 0 1 0 0 0 1 2780.dat
1 0 50 -170 -30 1 0 0 0 1 0 0 0 1 2780.dat
1 1 50 -110 -50 1 0 0 0 1 0 0 0 1 43093.dat
1 14 60 -110 -50 0 -1 0 0 0 -1 1 0 0 32140.dat
1 0 50 -170 -9 -1 0 0 0 0 1 0 1 0 2780.dat
1 0 59.998 -189.996 -9 0 0 -1 0 1 0 1 0 0 6536.dat
1 72 59.998 -189.996 -28.996 0 -0.027 -1 0 0.999 -0.027 1 0 0 22961.dat
1 71 60.266 -199.991 -28.996 0.027 0.999 -0.027 -0.999 0.027 -0.001 0 0.027 1 4274.dat
1 57 60.079 -190.995 -28.996 0.999 -0.027 0 0.027 0.999 0 0 0 1 58176.dat
1 1 -50 -170 -10 -1 0 0 0 1 0 0 0 -1 43093.dat
1 1 -50 -110 -90 -1 0 0 0 1 0 0 0 -1 43093.dat
1 71 -79.995 -170 -10 -1 0 0 0 1 0 0 0 -1 32054.dat
1 14 -79.995 -170 -10 1 0 0 0 1 0 0 0 1 24116.dat
1 71 -79.995 -110.011 -90 -1 0 0 0 1 0 0 0 -1 32054.dat
1 71 -99.991 -170 -10 0 1 0 1 0 0 0 0 -1 18654.dat
1 0 -79.998 -150.004 40 0 0 -1 0 1 0 1 0 0 3705.dat
1 14 -79.998 -170.004 90 0 1 0 -1 0 0 0 0 1 64683.dat
1 14 0.007 -30.004 -5 0 0 -1 -1 0 0 0 1 0 32063.dat
1 14 0.007 -30.004 -15 0 0 -1 -1 0 0 0 1 0 32063.dat
1 71 -39.993 -50.004 10 -1 0 0 0 0 -1 0 -1 0 41678.dat
1 71 40.007 -50.004 10 -1 0 0 0 0 -1 0 -1 0 41678.dat
1 71 40.007 -50.004 -30 -1 0 0 0 0 -1 0 -1 0 41678.dat
1 71 -39.993 -50.004 -30 -1 0 0 0 0 -1 0 -1 0 41678.dat
1 0 0.007 -70.004 -10 1 0 0 0 -1 0 0 0 -1 18938.dat
1 71 0.007 -70.004 -10 1 0 0 0 -1 0 0 0 -1 18939.dat
1 0 -49.993 -50.004 -30 1 0 0 0 -1 0 0 0 -1 18651.dat
1 0 -49.993 -50.004 10 1 0 0 0 -1 0 0 0 -1 18651.dat
1 0 50.007 -50.004 -30 -1 0 0 0 -1 0 0 0 1 18651.dat
1 0 50.007 -50.004 10 -1 0 0 0 -1 0 0 0 1 18651.dat
1 0 -49.993 -30.004 20 0 0 -1 0 -1 0 -1 0 0 2780.dat
1 0 50.007 -30.004 20 0 0 -1 0 -1 0 -1 0 0 2780.dat
1 0 50.007 -30.004 -40 0 0 -1 0 -1 0 -1 0 0 2780.dat
1 0 -49.993 -30.004 -40 0 0 -1 0 -1 0 -1 0 0 2780.dat
1 0 0.007 -30.004 30 1 0 0 0 -1 0 0 0 -1 2780.dat
1 0 0.007 -30.004 -50 1 0 0 0 -1 0 0 0 -1 2780.dat
1 0 70.007 -50.004 -10 0 -1 0 1 0 0 0 0 1 32316.dat
1 0 70.007 -30.004 -10 0 -1 0 1 0 0 0 0 1 32316.dat
1 0 -69.993 -30.004 -10 0 -1 0 1 0 0 0 0 1 32316.dat
1 0 -69.993 -50.004 -10 0 -1 0 1 0 0 0 0 1 32316.dat
1 71 110.007 -50.004 -50 0 0 1 0 1 0 -1 0 0 63869.dat
1 72 110.007 -50.004 -70 0 1 0 0 0 1 1 0 0 22961.dat
1 72 130.007 -30.004 -10 0 1 0 1 0 0 0 0 -1 32278.dat
1 71 120.007 -30.004 -10 -1 0 0 0 1 0 0 0 -1 4274.dat
1 71 110.007 -50.004 30 0 0 1 0 1 0 -1 0 0 63869.dat
1 72 110.007 -50.004 50 0 1 0 0 0 -1 -1 0 0 22961.dat
1 72 130.007 -50.004 -10 0 1 0 1 0 0 0 0 -1 32525.dat
1 70 110.007 -50.004 -110 1 0 0 0 -1 0 0 0 -1 24316.dat
1 72 110.007 -50.004 -110 0 0 -1 -1 0 0 0 1 0 10928.dat
1 72 110.007 -50.004 -10 0 0 -1 -1 0 0 0 1 0 10928.dat
1 70 110.007 -50.004 -10 1 0 0 0 -1 0 0 0 -1 24316.dat
1 72 110.007 -50.004 90 0 0 -1 -1 0 0 0 1 0 10928.dat
1 70 110.007 -50.004 90 1 0 0 0 -1 0 0 0 -1 24316.dat
1 70 110.007 -30.004 -150 1 0 0 0 -1 0 0 0 -1 24316.dat
1 70 110.007 -30.004 130 1 0 0 0 -1 0 0 0 -1 24316.dat
1 71 110.007 -30.004 -150 0 0 -1 -1 0 0 0 1 0 94925.dat
1 71 110.007 -30.004 130 0 0 -1 -1 0 0 0 1 0 94925.dat
1 72 90.007 -50.004 -10 0 1 0 1 0 0 0 0 -1 32525.dat
1 72 90.007 -30.004 -10 0 1 0 1 0 0 0 0 -1 32278.dat
1 0 80.007 -50.004 30 1 0 0 0 -1 0 0 0 -1 2780.dat
1 0 80.007 -50.004 -50 1 0 0 0 -1 0 0 0 -1 2780.dat
1 16 110.007 -15.3939 144.8008 -1 0 0 0 -0.379841 -0.925052 0 -0.925052 0.379841 3873.dat
1 16 110.007 -9.209 130.2698 -1 0 0 0 -0.920123 -0.39163 0 -0.39163 0.920123 3873.dat
1 16 110.007 -9.204 114.0698 -1 0 0 0 -1 -0.000311 0 -0.000311 1 3873.dat
1 16 110.007 -9.204 97.8698 -1 0 0 0 -1 0 0 0 1 3873.dat
1 16 110.007 -9.204 82.1698 -1 0 0 0 -1 0 0 0 1 3873.dat
1 16 110.007 -9.204 65.9698 -1 0 0 0 -1 0 0 0 1 3873.dat
1 16 110.007 -9.204 49.7698 -1 0 0 0 -1 0 0 0 1 3873.dat
1 16 110.007 -9.204 33.5698 -1 0 0 0 -1 0 0 0 1 3873.dat
1 16 110.007 -9.204 17.3698 -1 0 0 0 -1 0 0 0 1 3873.dat
1 16 110.007 -9.204 1.1698 -1 0 0 0 -1 0 0 0 1 3873.dat
1 16 110.007 -9.204 -14.5302 -1 0 0 0 -1 0 0 0 1 3873.dat
1 16 110.007 -9.204 -30.7302 -1 0 0 0 -1 0 0 0 1 3873.dat
1 16 110.007 -9.204 -46.9302 -1 0 0 0 -1 0 0 0 1 3873.dat
1 16 110.007 -9.204 -63.1302 -1 0 0 0 -1 0 0 0 1 3873.dat
1 16 110.007 -9.204 -79.3302 -1 0 0 0 -1 0 0 0 1 3873.dat
1 16 110.007 -9.204 -95.0302 -1 0 0 0 -1 0 0 0 1 3873.dat
1 16 110.007 -9.204 -111.2302 -1 0 0 0 -1 0 0 0 1 3873.dat
1 16 110.007 -9.204 -127.4302 -1 0 0 0 -1 0 0 0 1 3873.dat
1 16 110.007 -9.204 -143.6302 -1 0 0 0 -1 0 0 0 1 3873.dat
1 16 110.007 -11.2637 -159.0204 -1 0 0 0 -0.991163 0.132652 0 0.132652 0.991163 3873.dat
1 16 110.007 -23.0041 -169.5839 -1 0 0 0 -0.668866 0.743383 0 0.743383 0.668866 3873.dat
1 16 110.007 -38.7804 -168.8559 -1 0 0 0 0.046096 0.998937 0 0.998937 -0.046096 3873.dat
1 16 110.007 -49.4992 -157.255 -1 0 0 0 0.734483 0.678627 0 0.678627 -0.734483 3873.dat
1 16 110.007 -53.2161 -141.4946 -1 0 0 0 0.973298 0.229545 0 0.229545 -0.973298 3873.dat
1 16 110.007 -56.6384 -126.1721 -1 0 0 0 0.975954 0.217977 0 0.217977 -0.975954 3873.dat
1 16 110.007 -59.995 -110.334 -1 0 0 0 0.978272 0.207325 0 0.207325 -0.978272 3873.dat
1 16 110.007 -60.004 -94.1341 -1 0 0 0 1 0.000558 0 0.000558 -1 3873.dat
1 16 110.007 -60.004 -77.9341 -1 0 0 0 1 0 0 0 -1 3873.dat
1 16 110.007 -60.004 -61.7341 -1 0 0 0 1 0 0 0 -1 3873.dat
1 16 110.007 -60.004 -46.0341 -1 0 0 0 1 0 0 0 -1 3873.dat
1 16 110.007 -60.004 -29.8341 -1 0 0 0 1 0 0 0 -1 3873.dat
1 16 110.007 -60.004 -13.6341 -1 0 0 0 1 0 0 0 -1 3873.dat
1 16 110.007 -60.004 2.5659 -1 0 0 0 1 0 0 0 -1 3873.dat
1 16 110.007 -60.004 18.7659 -1 0 0 0 1 0 0 0 -1 3873.dat
1 16 110.007 -60.004 34.4659 -1 0 0 0 1 0 0 0 -1 3873.dat
1 16 110.007 -60.004 50.6659 -1 0 0 0 1 0 0 0 -1 3873.dat
1 16 110.007 -60.004 66.8659 -1 0 0 0 1 0 0 0 -1 3873.dat
1 16 110.007 -60.004 83.0659 -1 0 0 0 1 0 0 0 -1 3873.dat
1 16 110.007 -58.2227 99.0787 -1 0 0 0 0.993869 -0.110561 0 -0.110561 -0.993869 3873.dat
1 16 110.007 -54.8004 114.4012 -1 0 0 0 0.975954 -0.217977 0 -0.217977 -0.975954 3873.dat
1 16 110.007 -51.2692 130.2116 -1 0 0 0 0.975954 -0.217977 0 -0.217977 -0.975954 3873.dat
1 16 110.007 -44.7049 144.7101 -1 0 0 0 0.910979 -0.412453 0 -0.412453 -0.910979 3873.dat
1 16 110.007 -30.1325 150.8006 -1 0 0 0 0.385626 -0.922655 0 -0.922655 -0.385626 3873.dat
1 71 -109.993 -50.004 30 0 0 -1 0 1 0 1 0 0 63869.dat
1 72 -109.993 -50.004 50 0 -1 0 0 0 1 -1 0 0 22961.dat
1 72 -129.993 -30.004 -10 0 -1 0 1 0 0 0 0 1 32278.dat
1 71 -119.993 -30.004 -10 1 0 0 0 1 0 0 0 1 4274.dat
1 71 -109.993 -50.004 -50 0 0 -1 0 1 0 1 0 0 63869.dat
1 72 -109.993 -50.004 -70 0 -1 0 0 0 -1 1 0 0 22961.dat
1 72 -129.993 -50.004 -10 0 -1 0 1 0 0 0 0 1 32525.dat
1 70 -109.993 -50.004 90 -1 0 0 0 -1 0 0 0 1 24316.dat
1 72 -109.993 -50.004 90 0 0 1 -1 0 0 0 -1 0 10928.dat
1 72 -109.993 -50.004 -10 0 0 1 -1 0 0 0 -1 0 10928.dat
1 70 -109.993 -50.004 -10 -1 0 0 0 -1 0 0 0 1 24316.dat
1 72 -109.993 -50.004 -110 0 0 1 -1 0 0 0 -1 0 10928.dat
1 70 -109.993 -50.004 -110 -1 0 0 0 -1 0 0 0 1 24316.dat
1 70 -109.993 -30.004 130 -1 0 0 0 -1 0 0 0 1 24316.dat
1 70 -109.993 -30.004 -150 -1 0 0 0 -1 0 0 0 1 24316.dat
1 71 -109.993 -30.004 130 0 0 1 -1 0 0 0 -1 0 94925.dat
1 71 -109.993 -30.004 -150 0 0 1 -1 0 0 0 -1 0 94925.dat
1 72 -89.993 -50.004 -10 0 -1 0 1 0 0 0 0 1 32525.dat
1 72 -89.993 -30.004 -10 0 -1 0 1 0 0 0 0 1 32278.dat
1 0 -79.993 -50.004 -50 -1 0 0 0 -1 0 0 0 1 2780.dat
1 0 -79.993 -50.004 30 -1 0 0 0 -1 0 0 0 1 2780.dat
1 16 -109.993 -15.3939 -164.8008 1 0 0 0 -0.379841 -0.925052 0 0.925052 -0.379841 3873.dat
1 16 -109.993 -9.209 -150.2698 1 0 0 0 -0.920123 -0.39163 0 0.39163 -0.920123 3873.dat
1 16 -109.993 -9.204 -134.0698 1 0 0 0 -1 -0.000311 0 0.000311 -1 3873.dat
1 16 -109.993 -9.204 -117.8698 1 0 0 0 -1 0 0 0 -1 3873.dat
1 16 -109.993 -9.204 -102.1698 1 0 0 0 -1 0 0 0 -1 3873.dat
1 16 -109.993 -9.204 -85.9698 1 0 0 0 -1 0 0 0 -1 3873.dat
1 16 -109.993 -9.204 -69.7698 1 0 0 0 -1 0 0 0 -1 3873.dat
1 16 -109.993 -9.204 -53.5698 1 0 0 0 -1 0 0 0 -1 3873.dat
1 16 -109.993 -9.204 -37.3698 1 0 0 0 -1 0 0 0 -1 3873.dat
1 16 -109.993 -9.204 -21.1698 1 0 0 0 -1 0 0 0 -1 3873.dat
1 16 -109.993 -9.204 -5.4698 1 0 0 0 -1 0 0 0 -1 3873.dat
1 16 -109.993 -9.204 10.7302 1 0 0 0 -1 0 0 0 -1 3873.dat
1 16 -109.993 -9.204 26.9302 1 0 0 0 -1 0 0 0 -1 3873.dat
1 16 -109.993 -9.204 43.1302 1 0 0 0 -1 0 0 0 -1 3873.dat
1 16 -109.993 -9.204 59.3302 1 0 0 0 -1 0 0 0 -1 3873.dat
1 16 -109.993 -9.204 75.0302 1 0 0 0 -1 0 0 0 -1 3873.dat
1 16 -109.993 -9.204 91.2302 1 0 0 0 -1 0 0 0 -1 3873.dat
1 16 -109.993 -9.204 107.4302 1 0 0 0 -1 0 0 0 -1 3873.dat
1 16 -109.993 -9.204 123.6302 1 0 0 0 -1 0 0 0 -1 3873.dat
1 16 -109.993 -11.2637 139.0204 1 0 0 0 -0.991163 0.132652 0 -0.132652 -0.991163 3873.dat
1 16 -109.993 -23.0041 149.5839 1 0 0 0 -0.668866 0.743383 0 -0.743383 -0.668866 3873.dat
1 16 -109.993 -38.7804 148.8559 1 0 0 0 0.046096 0.998937 0 -0.998937 0.046096 3873.dat
1 16 -109.993 -49.4992 137.255 1 0 0 0 0.734483 0.678627 0 -0.678627 0.734483 3873.dat
1 16 -109.993 -53.2161 121.4946 1 0 0 0 0.973298 0.229545 0 -0.229545 0.973298 3873.dat
1 16 -109.993 -56.6384 106.1721 1 0 0 0 0.975954 0.217977 0 -0.217977 0.975954 3873.dat
1 16 -109.993 -59.995 90.334 1 0 0 0 0.978272 0.207325 0 -0.207325 0.978272 3873.dat
1 16 -109.993 -60.004 74.1341 1 0 0 0 1 0.000558 0 -0.000558 1 3873.dat
1 16 -109.993 -60.004 57.9341 1 0 0 0 1 0 0 0 1 3873.dat
1 16 -109.993 -60.004 41.7341 1 0 0 0 1 0 0 0 1 3873.dat
1 16 -109.993 -60.004 26.0341 1 0 0 0 1 0 0 0 1 3873.dat
1 16 -109.993 -60.004 9.8341 1 0 0 0 1 0 0 0 1 3873.dat
1 16 -109.993 -60.004 -6.3659 1 0 0 0 1 0 0 0 1 3873.dat
1 16 -109.993 -60.004 -22.5659 1 0 0 0 1 0 0 0 1 3873.dat
1 16 -109.993 -60.004 -38.7659 1 0 0 0 1 0 0 0 1 3873.dat
1 16 -109.993 -60.004 -54.4659 1 0 0 0 1 0 0 0 1 3873.dat
1 16 -109.993 -60.004 -70.6659 1 0 0 0 1 0 0 0 1 3873.dat
1 16 -109.993 -60.004 -86.8659 1 0 0 0 1 0 0 0 1 3873.dat
1 16 -109.993 -60.004 -103.0659 1 0 0 0 1 0 0 0 1 3873.dat
1 16 -109.993 -58.2227 -119.0787 1 0 0 0 0.993869 -0.110561 0 0.110561 0.993869 3873.dat
1 16 -109.993 -54.8004 -134.4012 1 0 0 0 0.975954 -0.217977 0 0.217977 0.975954 3873.dat
1 16 -109.993 -51.2692 -150.2116 1 0 0 0 0.975954 -0.217977 0 0.217977 0.975954 3873.dat
1 16 -109.993 -44.7049 -164.7101 1 0 0 0 0.910979 -0.412453 0 0.412453 0.910979 3873.dat
1 16 -109.993 -30.1325 -170.8006 1 0 0 0 0.385626 -0.922655 0 0.922655 0.385626 3873.dat
1 14 119.995 -124.426 60.653 -1 0 0 0 1 -0.019 0 -0.019 -1 32063.dat
1 14 119.995 -134.426 60.843 -1 0 0 0 1 -0.019 0 -0.019 -1 32063.dat
1 0 119.995 -119.616 50.558 0 1 0 1 0 -0.019 -0.019 0 -1 2780.dat
1 0 129.995 -110.186 20.368 0 -1 0 0.019 0 -1 1 0 0.019 32000.dat
1 0 137.995 -110.186 20.368 0 -1 0 0.019 0 -1 1 0 0.019 2412.dat
1 0 119.995 -88.856 89.988 0 1 0 -1 0 0.019 0.019 0 1 32034.dat
1 4 119.995 -89.426 59.988 0 -1 0 0.019 0 -1 1 0 0.019 32062.dat
1 0 119.995 -89.996 29.988 0 0 1 -1 -0.019 0 0.019 -1 0 32014.dat
1 4 119.995 -108.096 130.368 0 0 -1 1 -0.019 0 -0.019 -1 0 11214.dat
1 1 79.995 -98.096 130.178 0 0 -1 1 -0.019 0 -0.019 -1 0 43093.dat
1 0 79.995 -93.096 130.083 1 0 0 0 1 0.019 0 -0.019 1 32250.dat
1 0 79.995 -83.096 129.893 1 0 0 0 1 0.019 0 -0.019 1 32250.dat
1 14 119.996 -152 40 0 0 1 0 1 0 -1 0 0 3710.dat
1 0 109.996 -160 20 0 0 1 0 1 0 -1 0 0 3022.dat
1 0 109.996 -160 50 -1 0 0 0 1 0 0 0 -1 18677.dat
1 0 109.996 -160 70 -1 0 0 0 1 0 0 0 -1 18677.dat
1 0 109.996 -160 70 0 0 -1 0 1 0 1 0 0 61409.dat
1 0 109.996 -160 50 0 0 -1 0 1 0 1 0 0 61409.dat
1 0 109.996 -160 30 0 0 -1 0 1 0 1 0 0 61409.dat
1 0 109.996 -160 10 0 0 -1 0 1 0 1 0 0 61409.dat
1 71 80.002 -90 -10 -1 0 0 0 1 0 0 0 -1 32054.dat
1 1 110.002 -90 -10 -1 0 0 0 1 0 0 0 -1 43093.dat
1 0 80.002 -90 -10 1 0 0 0 0 1 0 -1 0 32013.dat
1 1 80.002 -120 -10 0 1 0 1 0 0 0 0 -1 43093.dat
1 0 120.002 -90 -10 -1 0 0 0 0 1 0 1 0 32014.dat
1 1 120.002 -120 -10 0 1 0 1 0 0 0 0 -1 43093.dat
1 0 100.002 -150 -10 0 0 -1 1 0 0 0 -1 0 39793.dat
1 71 100.002 -170 -20 0 0 -1 0 -1 0 -1 0 0 4274.dat
1 71 100.002 -150 -20 0 0 -1 0 -1 0 -1 0 0 4274.dat
1 71 100.002 -130 -20 0 0 -1 0 -1 0 -1 0 0 4274.dat
1 0 120.002 -90 -60 0 0 -1 0 -1 0 -1 0 0 3705.dat
1 4 100.002 -130 -28 0 0 1 1 0 0 0 1 0 3623.dat
1 4 100.002 -160 -20 -1 0 0 0 0 1 0 1 0 11477.dat
1 4 100.002 -130 -36 -1 0 0 0 0 1 0 1 0 3070.dat
1 4 100.002 -110 -52 0 0 -1 -1 0 0 0 1 0 47905.dat
1 4 100.002 -110 -60 -1 0 0 0 0 1 0 1 0 3070.dat
1 71 88.002 -110 -42 0 1 0 -0.342 0 0.94 0.94 0 0.342 60849.dat
1 71 112.002 -110 -42 0 -1 0 0.342 0 0.94 -0.94 0 0.342 60849.dat
1 0 100.002 -90 -50 0 1 0 0 0 -1 -1 0 0 32184.dat
1 72 80.002 -90 -70 0 1 0 0 0 -1 -1 0 0 27940.dat
1 72 100.002 -90 -70 0 1 0 -1 0 0 0 0 1 22961.dat
1 0 100.002 -120 -70 1 0 0 0 0 1 0 -1 0 30553.dat
1 71 100.002 -152.304 -68.415 -1 0 0 0 0.383 -0.924 0 -0.924 -0.383 3069.dat
1 0 120.002 -90 -70 0 0 -1 -1 0 0 0 1 0 18654.dat
1 0 80.002 -90 -90 0 0 1 0 -1 0 1 0 0 6536.dat
1 0 120.002 -90 -90 0 0 1 0 -1 0 1 0 0 6536.dat
1 1 80.002 -180 -10 0 -1 0 -1 0 0 0 0 -1 43093.dat
1 1 120.002 -180 -10 0 -1 0 -1 0 0 0 0 -1 43093.dat
1 0 80.002 -190 -10 0 0 1 -1 0 0 0 -1 0 6536.dat
1 0 120.002 -190 -10 0 0 1 -1 0 0 0 -1 0 6536.dat
1 47 100.002 -110 -90 -1 0 0 0 0 1 0 1 0 24116.dat
1 14 -120 -110 -30 1 0 0 0 1 0 0 0 1 32524.dat
1 0 -120 -100 -90 0 -1 0 1 0 0 0 0 1 2780.dat
1 4 -120 -110 10 0 1 0 -1 0 0 0 0 1 11214.dat
1 4 -120 -110 -30 0 1 0 -1 0 0 0 0 1 11214.dat
1 71 -120 -130 -10 0 0 1 1 0 0 0 1 0 32184.dat
1 0 -120 -90 10 1 0 0 0 1 0 0 0 1 18654.dat
1 14 -120 -150 -10 -1 0 0 0 1 0 0 0 -1 11947.dat
1 0 -120 -120 50 0 -1 0 1 0 0 0 0 1 2780.dat
1 0 -120 -90 30 0 0 -1 1 0 0 0 -1 0 32014.dat
1 4 -120 -90 60 0 1 0 0 0 1 1 0 0 32062.dat
1 0 -120 -90 90 0 -1 0 1 0 0 0 0 1 32034.dat
1 4 -120 -110 130 0 -1 0 1 0 0 0 0 1 11214.dat
1 1 -80 -100 130 0 -1 0 1 0 0 0 0 1 43093.dat
1 0 -80 -95 130 -1 0 0 0 -1 0 0 0 1 32250.dat
1 0 -80 -85 130 -1 0 0 0 -1 0 0 0 1 32250.dat
1 0 -130 -130 -10 1 0 0 0 0 -1 0 1 0 3705.dat
1 14 -135 -130 -10 0 0 -1 1 0 0 0 -1 0 32123.dat
1 0 -150 -130 -10 0 0 -1 1 0 0 0 -1 0 32270.dat
1 14 0 -188 130 0 0 -1 0 1 0 1 0 0 3032.dat
1 14 0 -196 130 0 0 -1 0 1 0 1 0 0 87079.dat
1 14 -20 -180 70 1 0 0 0 1 0 0 0 1 15068.dat
1 14 20 -180 70 1 0 0 0 1 0 0 0 1 15068.dat
1 14 -20 -180 190 -1 0 0 0 1 0 0 0 -1 15068.dat
1 14 20 -180 190 -1 0 0 0 1 0 0 0 -1 15068.dat
1 0 -30 -196 110 0 0 -1 0 1 0 1 0 0 2412.dat
1 0 30 -196 110 0 0 -1 0 1 0 1 0 0 2412.dat
1 0 30 -196 150 0 0 -1 0 1 0 1 0 0 2412.dat
1 0 -30 -196 150 0 0 -1 0 1 0 1 0 0 15573.dat
1 0 -30 -196 150 1 0 0 0 1 0 0 0 1 54200.dat
