0 
0 Name: New Model.ldr
0 Author: 
1 15 -230.285 -33.992 -40 0 0.057041 0.998372 0 0.998372 -0.057041 -1 0 0 6157.dat
1 15 -250.253 -32.851 -40 -0.998372 0.057041 0 0.057041 0.998372 0 0 0 -1 3020.dat
1 15 -320.139 -28.858 -40 -0.998372 0.057041 0 0.057041 0.998372 0 0 0 -1 3021.dat
1 15 -370.514 -33.993 -40 0 0.057041 0.998372 0 0.998372 -0.057041 -1 0 0 6157.dat
1 0 -310.611 -37.416 -40 -0.998372 0.057041 0 0.057041 0.998372 0 0 0 -1 3795.dat
1 14 -240.725 -41.408 -30 0 0.057041 0.998372 0 0.998372 -0.057041 -1 0 0 6141.dat
1 14 -240.725 -41.408 -50 0 0.057041 0.998372 0 0.998372 -0.057041 -1 0 0 6141.dat
1 0 -380.497 -33.423 -40 0 0.057041 0.998372 0 0.998372 -0.057041 -1 0 0 2540.dat
1 15 -406.341 -29.943 -24 -0.057041 -0.998372 0 -0.998372 0.057041 0 0 0 -1 2555.dat
1 15 -406.341 -29.943 -56 -0.057041 -0.998372 0 -0.998372 0.057041 0 0 0 -1 2555.dat
1 46 -414.328 -29.486 -24 0 -0.998372 0.057041 0 0.057041 0.998372 -1 0 0 6141.dat
1 46 -414.328 -29.486 -56 0 -0.998372 0.057041 0 0.057041 0.998372 -1 0 0 6141.dat
1 0 -291.1 -46.543 -40 -0.998372 0.057041 0 0.057041 0.998372 0 0 0 -1 3795.dat
1 0 -221.67 -58.523 -40 0 0.057041 -0.998372 0 0.998372 0.057041 1 0 0 30236.dat
1 0 -241.638 -57.382 -40 0 0.057041 0.998372 0 0.998372 -0.057041 -1 0 0 3023.dat
1 0 -261.605 -56.242 -40 0 0.057041 0.998372 0 0.998372 -0.057041 -1 0 0 3710.dat
1 0 -301.54 -53.96 -40 -0.998372 0.057041 0 0.057041 0.998372 0 0 0 -1 3021.dat
1 0 -361.899 -58.524 -30 0 0.057041 0.998372 0 0.998372 -0.057041 -1 0 0 50950.dat
1 0 -361.899 -58.524 -50 0 0.057041 0.998372 0 0.998372 -0.057041 -1 0 0 50950.dat
1 0 -232.111 -65.94 -20 0 0.057041 -0.998372 0 0.998372 0.057041 1 0 0 41770.dat
1 0 -232.111 -65.94 -60 0 0.057041 -0.998372 0 0.998372 0.057041 1 0 0 41769.dat
1 0 -292.013 -62.517 -30 -0.998372 0.057041 0 0.057041 0.998372 0 0 0 -1 44728.dat
1 0 -292.013 -62.517 -50 0.998372 0.057041 0 -0.057041 0.998372 0 0 0 1 44728.dat
1 15 -321.964 -60.806 -40 0 0.057041 0.998372 0 0.998372 -0.057041 -1 0 0 2412.dat
1 0 -290.872 -42.55 8 -0.057041 0 0.998372 -0.998372 0 -0.057041 0 -1 0 44675.dat
1 0 -290.872 -42.55 -88 0.057041 0 0.998372 0.998372 0 -0.057041 0 1 0 44675.dat
1 15 -222.583 -74.497 -30 -0.998372 0.057041 0 0.057041 0.998372 0 0 0 -1 2555.dat
1 15 -222.583 -74.497 -50 -0.998372 0.057041 0 0.057041 0.998372 0 0 0 -1 2555.dat
1 0 -242.551 -73.356 -40 0 0.057041 0.998372 0 0.998372 -0.057041 -1 0 0 50948.dat
1 0 -262.518 -72.215 -40 0 0.057041 0.998372 0 0.998372 -0.057041 -1 0 0 3023.dat
1 15 -207.3 -93.13 -40 0 0.548585 0.836094 0 0.836094 -0.548585 -1 0 0 48336.dat
1 15 -211.689 -99.82 -40 0 0.548585 0.836094 0 0.836094 -0.548585 -1 0 0 2431.dat
1 15 -243.007 -81.343 -40 0 0.057041 0.998372 0 0.998372 -0.057041 -1 0 0 2412.dat
1 0 -262.974 -80.202 -40 0 0.057041 0.998372 0 0.998372 -0.057041 -1 0 0 3069.dat
1 0 -230 -29 0 -0.998372 0.057041 0 0.057041 0.998372 0 0 0 -1 6014.dat
1 0 -230 -29 -80 0.998372 0.057041 0 -0.057041 0.998372 0 0 0 1 6014.dat
1 0 -370.228 -29.001 0 -0.998372 0.057041 0 0.057041 0.998372 0 0 0 -1 6014.dat
1 0 -370.228 -29.001 -80 0.998372 0.057041 0 -0.057041 0.998372 0 0 0 1 6014.dat
1 256 -230 -29 6 -0.998372 0.057041 0 0.057041 0.998372 0 0 0 -1 60700.dat
1 256 -230 -29 -86 0.998372 0.057041 0 -0.057041 0.998372 0 0 0 1 60700.dat
1 256 -370.228 -29.001 6 -0.998372 0.057041 0 0.057041 0.998372 0 0 0 -1 60700.dat
1 256 -370.228 -29.001 -86 0.998372 0.057041 0 -0.057041 0.998372 0 0 0 1 60700.dat
