0 Main
0 Name: 6651-1 - Post Office Van.mpd
0 Author: LTRON
1 0 116.34 -32 76.34 0.5 0 0.866 0 1 0 -0.866 0 0.5 3034.dat
1 4 146.34 -48 24.38 0.866 0 -0.5 0 1 0 0.5 0 0.866 4211.dat
1 4 86.34 -48 128.3 -0.866 0 0.5 0 1 0 -0.5 0 -0.866 4211.dat
1 4 71.34 -48 154.28 -0.866 0 0.5 0 1 0 -0.5 0 -0.866 3710.dat
1 4 136.34 -48 41.7 -0.5 0 -0.866 0 1 0 0.866 0 -0.5 3020.dat
1 16 111.34 -48 85 -0.866 0 0.5 0 1 0 -0.5 0 -0.866 3023.dat
1 4 161.34 -48 -1.6 -0.866 0 0.5 0 1 0 -0.5 0 -0.866 3710.dat
1 4 142.32 -48 91.34 -0.5 0 -0.866 0 1 0 0.866 0 -0.5 3710.dat
1 4 90.36 -48 61.34 -0.5 0 -0.866 0 1 0 0.866 0 -0.5 3710.dat
1 16 126.34 -56 59.02 -0.5 0 -0.866 0 1 0 0.866 0 -0.5 3068.dat
1 16 146.34 -56 24.38 -0.5 0 -0.866 0 1 0 0.866 0 -0.5 3068.dat
1 16 81.34 -48 136.96 -0.866 0 0.5 0 1 0 -0.5 0 -0.866 3829.dat
1 16 71.34 -72 154.28 -0.866 0 0.5 0 1 0 -0.5 0 -0.866 3004.dat
1 16 111.34 -72 85 -0.866 0 0.5 0 1 0 -0.5 0 -0.866 3010.dat
1 16 161.34 -120 -1.6 0.866 0 -0.5 0 1 0 0.5 0 0.866 3853.dat
1 16 200.98 -120 9.74 0.5 0 0.866 0 1 0 -0.866 0 0.5 3856.dat
1 16 131.7 -120 -30.26 -0.5 0 -0.866 0 1 0 0.866 0 -0.5 3856.dat
1 16 97.32 -72 169.28 -0.866 0 0.5 0 1 0 -0.5 0 -0.866 4070.dat
1 16 45.36 -72 139.28 -0.866 0 0.5 0 1 0 -0.5 0 -0.866 4070.dat
1 16 55.36 -72 121.96 -0.866 0 0.5 0 1 0 -0.5 0 -0.866 3822.dat
1 16 107.32 -72 151.96 -0.866 0 0.5 0 1 0 -0.5 0 -0.866 3821.dat
1 16 162.32 -120 56.7 0.5 0 0.866 0 1 0 -0.866 0 0.5 4215.dat
1 16 110.36 -120 26.7 -0.5 0 -0.866 0 1 0 0.866 0 -0.5 4215.dat
1 46 38.36 -62 151.404 0 0.5 -0.866 1 0 0 0 -0.866 -0.5 3024.dat
1 46 90.32 -62 181.404 0 0.5 -0.866 1 0 0 0 -0.866 -0.5 3024.dat
1 47 81.34 -120 136.96 -0.866 0 0.5 0 1 0 -0.5 0 -0.866 3823.dat
1 16 121.34 -128 67.68 -0.866 0 0.5 0 1 0 -0.5 0 -0.866 3710.dat
1 16 146.34 -128 24.38 -0.866 0 0.5 0 1 0 -0.5 0 -0.866 3031.dat
1 16 111.34 -120 85 -0.866 0 0.5 0 1 0 -0.5 0 -0.866 4214.dat
1 16 96.34 -128 110.98 -0.866 0 0.5 0 1 0 -0.5 0 -0.866 4213.dat
1 0 86.34 -24 128.3 -0.866 0 0.5 0 1 0 -0.5 0 -0.866 122.dat
1 0 146.34 -24 24.38 -0.866 0 0.5 0 1 0 -0.5 0 -0.866 122.dat
1 0 60.36 -18 113.3 -0.5 0 -0.866 0 1 0 0.866 0 -0.5 3641.dat
1 0 120.36 -18 9.38 -0.5 0 -0.866 0 1 0 0.866 0 -0.5 3641.dat
1 0 172.32 -18 39.38 -0.5 0 -0.866 0 1 0 0.866 0 -0.5 3641.dat
1 0 112.32 -18 143.3 -0.5 0 -0.866 0 1 0 0.866 0 -0.5 3641.dat
1 16 170.9826 -85.002 61.7015 -0.5 -0.866 0 0 0 -1 0.866 -0.5 0 194215a.dat
1 16 101.7026 -85.002 21.7015 0.5 0.866 0 0 0 -1 -0.866 0.5 0 194215a.dat
