0 Main
0 Name: 8464-1 - Pneumatic Front End Loader.mpd
0 Author: LTRON
1 14 -155 140 -200 0 0 1 0 1 0 -1 0 0 3702.dat
1 14 -175 140 -340 0 0 -1 0 1 0 1 0 0 3703.dat
1 7 -165 150 -460 1 0 0 0 1 0 0 0 1 4274.dat
1 0 -165 150 -200 -1 0 0 0 1 0 0 0 -1 4459.dat
1 0 -165 150 -260 -1 0 0 0 1 0 0 0 -1 4459.dat
1 0 -175 150 -440 -1 0 0 0 -1 0 0 0 1 6558.dat
1 0 -125 150 -360 1 0 0 0 -0.866025 -0.5 0 0.5 -0.866025 3706.dat
1 7 -155 150 -480 0 -1 0 1 0 0 0 0 1 2825.dat
1 7 -155 150 -360 0 0 -1 0.866025 -0.5 0 -0.5 -0.866025 0 4019.dat
1 0 -125 150 -480 -1 0 0 0 1 0 0 0 -1 3737.dat
1 7 -125 150 -480 -1 0 0 0 0 -1 0 -1 0 6536.dat
1 7 -125 150 -320 0 0 1 -1 0 0 0 -1 0 6573.dat
1 7 -142 150 -320 0 0 1 0 -1 0 1 0 0 6589.dat
1 7 -108 150 -320 0 0 -1 0 -1 0 -1 0 0 6589.dat
1 7 -125 150 -337 -1 0 0 0 -1 0 0 0 1 6589.dat
1 0 -209 150 -320 1 0 0 0 0 1 0 -1 0 3707.dat
1 0 -44 150 -320 1 0 0 0 0 1 0 -1 0 3707.dat
1 7 -125 150 -400 0 0 -1 0 1 0 1 0 0 32034.dat
1 7 -125 150 -422 1 0 0 0 1 0 0 0 1 4019.dat
1 0 -125 150 -409 0 0 -1 0 -1 0 -1 0 0 3705.dat
1 0 -169 150 -400 -1 0 0 0 -1 0 0 0 1 4519.dat
1 0 -81 150 -400 1 0 0 0 -1 0 0 0 -1 4519.dat
1 7 -125 110 -400 0 0 -1 0 1 0 1 0 0 32034.dat
1 0 -169 110 -400 -1 0 0 0 -1 0 0 0 1 4519.dat
1 0 -81 110 -400 1 0 0 0 -1 0 0 0 -1 4519.dat
1 7 -90 150 -400 0 1 0 0 0 -1 -1 0 0 6632.dat
1 7 -160 150 -400 0 1 0 0 0 -1 -1 0 0 6632.dat
1 7 -125 150 -378 0 1 0 -1 0 0 0 0 1 3650.dat
1 14 -75 140 -340 0 0 -1 0 1 0 1 0 0 3703.dat
1 14 -95 140 -200 0 0 1 0 1 0 -1 0 0 3702.dat
1 7 -85 150 -460 -1 0 0 0 1 0 0 0 -1 4274.dat
1 7 -95 150 -480 0 1 0 -1 0 0 0 0 1 2825.dat
1 0 -75 150 -440 1 0 0 0 -1 0 0 0 -1 6558.dat
1 0 -85 150 -260 -1 0 0 0 1 0 0 0 -1 4459.dat
1 0 -85 150 -200 -1 0 0 0 1 0 0 0 -1 4459.dat
1 14 -75 132 -450 -1 0 0 0 1 0 0 0 -1 6141.dat
1 14 -75 124 -450 -1 0 0 0 1 0 0 0 -1 6141.dat
1 14 -175 132 -450 -1 0 0 0 1 0 0 0 -1 6141.dat
1 14 -175 124 -450 -1 0 0 0 1 0 0 0 -1 6141.dat
1 14 -175 132 -370 -1 0 0 0 1 0 0 0 -1 6141.dat
1 14 -175 124 -370 -1 0 0 0 1 0 0 0 -1 6141.dat
1 14 -75 132 -370 -1 0 0 0 1 0 0 0 -1 6141.dat
1 14 -75 124 -370 -1 0 0 0 1 0 0 0 -1 6141.dat
1 0 -35 140 -320 0 0 -1 0 1 0 1 0 0 3700.dat
1 0 -215 140 -320 0 0 -1 0 1 0 1 0 0 3700.dat
1 7 -195 150 -500 1 0 0 0 -1 0 0 0 -1 6641.dat
1 7 -55 150 -500 1 0 0 0 -1 0 0 0 -1 6641.dat
1 7 -125 140 -500 0 1 0 1 0 0 0 0 -1 2780.dat
1 7 -125 130 -520 1 0 0 0 0 -1 0 1 0 6536.dat
1 14 -55 132 -320 1 0 0 0 1 0 0 0 1 3021.dat
1 14 -195 132 -320 1 0 0 0 1 0 0 0 1 3021.dat
1 14 -195 164 -320 1 0 0 0 1 0 0 0 1 3021.dat
1 14 -55 164 -320 1 0 0 0 1 0 0 0 1 3021.dat
1 14 -125 164 -260 1 0 0 0 1 0 0 0 1 32001.dat
1 14 -75 172 -300 0 0 1 0 1 0 -1 0 0 3710.dat
1 14 -175 172 -300 0 0 1 0 1 0 -1 0 0 3710.dat
1 14 -125 100 -450 1 0 0 0 1 0 0 0 1 3894.dat
1 7 -125 110 -435 1 0 0 0 0 1 0 -1 0 2905.dat
1 7 -85 110 -440 0 0 -1 0 1 0 1 0 0 3749.dat
1 7 -165 110 -440 0 0 -1 0 1 0 1 0 0 3749.dat
1 0 -125 110 -445 0 0 -1 0 1 0 1 0 0 3705.dat
1 7 -125 110 -500 -1 0 0 0 1 0 0 0 -1 9244.dat
1 7 -125 110 -420 -1 0 0 0 1 0 0 0 -1 4019.dat
1 7 -65 124 -320 -1 0 0 0 1 0 0 0 -1 3022.dat
1 7 -185 124 -320 -1 0 0 0 1 0 0 0 -1 3022.dat
1 7 -95 132 -160 0 0 1 0 1 0 -1 0 0 3794.dat
1 7 -155 132 -160 0 0 1 0 1 0 -1 0 0 3794.dat
1 7 -155 124 -160 -1 0 0 0 1 0 0 0 -1 6141.dat
1 7 -95 124 -160 -1 0 0 0 1 0 0 0 -1 6141.dat
1 0 -125 130 -520 1 0 0 0 1 0 0 0 1 32062.dat
1 14 -115 130 -600 0 -1 0 1 0 0 0 0 1 2825.dat
1 14 -135 130 -600 0 1 0 -1 0 0 0 0 1 2825.dat
1 7 -105 70 -560 0 1 0 0 0 1 1 0 0 2825.dat
1 14 -90 90 -560 0 1 0 0 0 1 1 0 0 6632.dat
1 14 -160 90 -560 0 1 0 0 0 1 1 0 0 6632.dat
1 7 -145 70 -560 0 -1 0 0 0 1 -1 0 0 2825.dat
1 0 -125 130 -560 1 0 0 0 1 0 0 0 1 3705.dat
1 0 -125 90 -560 1 0 0 0 1 0 0 0 1 3705.dat
1 0 -125 110 -560 0 0 1 0 1 0 -1 0 0 3705.dat
1 0 -125 130 -540 1 0 0 0 1 0 0 0 1 32062.dat
1 7 -125 110 -594 1 0 0 0 1 0 0 0 1 6538.dat
1 7 -110 130 -560 0 1 0 -1 0 0 0 0 1 6632.dat
1 7 -140 130 -560 0 1 0 -1 0 0 0 0 1 6632.dat
1 7 -125 90 -560 1 0 0 0 1 0 0 0 1 6536.dat
1 7 -125 150 -680 0 0 1 -1 0 0 0 -1 0 6573.dat
1 7 -125 150 -697 -1 0 0 0 -1 0 0 0 1 6589.dat
1 7 -108 150 -680 0 0 -1 0 -1 0 -1 0 0 6589.dat
1 0 -42 150 -680 -1 0 0 0 0 1 0 1 0 3707.dat
1 7 -142 150 -680 0 0 1 0 -1 0 1 0 0 6589.dat
1 0 -207 150 -680 -1 0 0 0 0 1 0 1 0 3707.dat
1 14 -175 140 -620 0 0 1 0 1 0 -1 0 0 3702.dat
1 14 -75 140 -620 0 0 1 0 1 0 -1 0 0 3702.dat
1 0 -85 150 -600 -1 0 0 0 1 0 0 0 -1 3673.dat
1 0 -165 150 -600 -1 0 0 0 1 0 0 0 -1 3673.dat
1 14 -35 140 -680 0 0 1 0 1 0 -1 0 0 3700.dat
1 14 -215 140 -680 0 0 1 0 1 0 -1 0 0 3700.dat
1 14 -55 132 -680 -1 0 0 0 1 0 0 0 -1 3021.dat
1 14 -195 132 -680 -1 0 0 0 1 0 0 0 -1 3021.dat
1 14 -195 164 -680 -1 0 0 0 1 0 0 0 -1 3021.dat
1 14 -55 164 -680 -1 0 0 0 1 0 0 0 -1 3021.dat
1 14 -75 172 -680 0 0 1 0 1 0 -1 0 0 3023.dat
1 14 -175 172 -680 0 0 1 0 1 0 -1 0 0 3023.dat
1 14 -175 132 -630 0 0 1 0 1 0 -1 0 0 2420.dat
1 14 -75 132 -630 -1 0 0 0 1 0 0 0 -1 2420.dat
1 14 -75 132 -560 0 0 1 0 1 0 -1 0 0 3023.dat
1 14 -175 132 -560 0 0 1 0 1 0 -1 0 0 3023.dat
1 14 -75 124 -650 0 0 1 0 1 0 -1 0 0 3623.dat
1 14 -175 124 -650 0 0 1 0 1 0 -1 0 0 3623.dat
1 14 -75 100 -660 0 0 -1 0 1 0 1 0 0 32000.dat
1 14 -175 100 -660 0 0 -1 0 1 0 1 0 0 32000.dat
1 0 -125 110 -670 -1 0 0 0 1 0 0 0 -1 3706.dat
1 7 -155 110 -670 0 0 1 0 1 0 -1 0 0 4019.dat
1 14 -125 100 -630 -1 0 0 0 1 0 0 0 -1 3894.dat
1 0 -125 110 -625 0 0 1 0 1 0 -1 0 0 4519.dat
1 14 -125 124 -630 1 0 0 0 1 0 0 0 1 3710.dat
1 14 -175 108 -560 0 0 1 0 1 0 -1 0 0 3700.dat
1 0 -195 118 -560 -1 0 0 0 1 0 0 0 -1 6558.dat
1 7 -125 110 -650 -1 0 0 0 1 0 0 0 -1 3650.dat
1 14 -175 84 -560 0 0 1 0 1 0 -1 0 0 3700.dat
1 14 -175 92 -650 0 0 1 0 1 0 -1 0 0 3623.dat
1 14 -75 92 -650 0 0 1 0 1 0 -1 0 0 3623.dat
1 0 -165 70 -600 -1 0 0 0 1 0 0 0 -1 3673.dat
1 14 -175 60 -580 0 0 1 0 1 0 -1 0 0 2744.dat
1 0 -95 70 -610 0 0 1 1 0 0 0 1 0 2730.dat
1 14 -75 108 -560 0 0 1 0 1 0 -1 0 0 3700.dat
1 14 -75 84 -560 0 0 1 0 1 0 -1 0 0 3700.dat
1 14 -75 60 -580 0 0 1 0 1 0 -1 0 0 2744.dat
1 0 -85 70 -600 -1 0 0 0 1 0 0 0 -1 3673.dat
1 0 -55 118 -560 1 0 0 0 1 0 0 0 1 6558.dat
1 0 -155 70 -610 0 0 1 1 0 0 0 1 0 2730.dat
1 0 -125 130 -600 -1 0 0 0 1 0 0 0 -1 3706.dat
1 14 -85 100 -370 1 0 0 0 1 0 0 0 1 3700.dat
1 7 -125 110 -355 0 0 1 1 0 0 0 1 0 32017.dat
1 7 -125 110 -345 0 0 1 1 0 0 0 1 0 32017.dat
1 14 -85 92 -370 1 0 0 0 1 0 0 0 1 3023.dat
1 14 -165 100 -370 1 0 0 0 1 0 0 0 1 3700.dat
1 14 -165 92 -370 1 0 0 0 1 0 0 0 1 3023.dat
1 14 -125 84 -370 1 0 0 0 1 0 0 0 1 3666.dat
1 0 -85 110 -360 0 0 -1 0 1 0 1 0 0 3673.dat
1 0 -165 110 -360 0 0 -1 0 1 0 1 0 0 3673.dat
1 0 -125 110 -332 0 0 -1 0 1 0 1 0 0 3706.dat
1 7 -125 110 -366 -1 0 0 0 1 0 0 0 -1 4265.dat
1 7 -125 110 -382 -1 0 0 0 1 0 0 0 -1 3647.dat
1 0 -145 110 -330 0 0 -1 0 1 0 1 0 0 6558.dat
1 7 -145 100 -330 1 0 0 0 1 0 0 0 1 3701.dat
1 7 -145 100 -310 1 0 0 0 1 0 0 0 1 3701.dat
1 7 -125 84 -320 1 0 0 0 1 0 0 0 1 32001.dat
1 7 -75 100 -320 0 0 -1 0 1 0 1 0 0 3004.dat
1 7 -75 92 -320 0 0 -1 0 1 0 1 0 0 3023.dat
1 7 -145 92 -320 1 0 0 0 1 0 0 0 1 3709.dat
1 0 -125 70 -560 1 0 0 0 1 0 0 0 1 3706.dat
1 7 -125 70 -540 0 0 1 -1 0 0 0 -1 0 6536.dat
1 0 -125 80 -540 0 0 -1 1 0 0 0 -1 0 32062.dat
1 0 -125 63 -500 0 0 -1 1 0 0 0 -1 0 6587.dat
1 7 -125 86 -540 1 0 0 0 1 0 0 0 1 6632.dat
1 7 -125 91 -480 -1 0 0 0 1 0 0 0 -1 2825.dat
1 14 -75 92 -447 -1 0 0 0 1 0 0 0 -1 6141.dat
1 14 -75 84 -447 -1 0 0 0 1 0 0 0 -1 6141.dat
1 14 -175 92 -447 -1 0 0 0 1 0 0 0 -1 6141.dat
1 14 -175 84 -447 -1 0 0 0 1 0 0 0 -1 6141.dat
1 14 -175 60 -400 0 0 -1 0 1 0 1 0 0 2730.dat
1 14 -75 60 -400 0 0 -1 0 1 0 1 0 0 2730.dat
1 7 -90 70 -400 0 -1 0 -1 0 0 0 0 -1 6632.dat
1 7 -100 70 -440 0 -1 0 -1 0 0 0 0 -1 6632.dat
1 7 -150 70 -440 0 -1 0 -1 0 0 0 0 -1 6632.dat
1 7 -160 70 -400 0 -1 0 -1 0 0 0 0 -1 6632.dat
1 0 -85 70 -420 -1 0 0 0 1 0 0 0 -1 4274.dat
1 0 -165 70 -420 1 0 0 0 -1 0 0 0 -1 4274.dat
1 0 -125 70 -360 1 0 0 0 1 0 0 0 1 3706.dat
1 7 -95 70 -360 1 0 0 0 0 1 0 -1 0 6536.dat
1 7 -115 70 -360 1 0 0 0 0 1 0 -1 0 6536.dat
1 7 -135 70 -360 1 0 0 0 0 1 0 -1 0 6536.dat
1 7 -155 70 -360 1 0 0 0 0 1 0 -1 0 6536.dat
1 7 -125 70 -450 -1 0 0 0 0 1 0 1 0 6536.dat
1 7 -125 70 -480 1 0 0 0 0 1 0 -1 0 6536.dat
1 7 -125 70 -400 0 0 -1 -1 0 0 0 1 0 32034.dat
1 0 -80 70 -400 1 0 0 0 1 0 0 0 1 4519.dat
1 0 -170 70 -400 1 0 0 0 1 0 0 0 1 4519.dat
1 7 -155 70 -450 0 0 -1 0 -1 0 -1 0 0 2853.dat
1 7 -95 70 -450 0 0 1 0 1 0 -1 0 0 2853.dat
1 0 -125 70 -450 -1 0 0 0 1 0 0 0 -1 32062.dat
1 0 -125 70 -480 -1 0 0 0 1 0 0 0 -1 3707.dat
1 7 -140 70 -480 0 0 1 0 1 0 -1 0 0 4265.dat
1 7 -90 70 -480 0 0 1 0 1 0 -1 0 0 4265.dat
1 7 -110 70 -480 0 0 -1 0 1 0 1 0 0 4265.dat
1 7 -160 70 -480 0 0 -1 0 1 0 1 0 0 4265.dat
1 14 -45 118.072 -560.274 -1 0 0 0 0.71934 0.694658 0 0.694658 -0.71934 2793.dat
1 14 -205 118.072 -560.274 -1 0 0 0 0.71934 0.694658 0 0.694658 -0.71934 2793.dat
1 14 -125 -5.275 -644.872 1 0 0 0 -0.681998 -0.731354 0 0.731354 -0.681998 2793.dat
1 0 -143 -9.32 -643.156 -1 0 0 0 1 0 0 0 -1 32002.dat
1 0 -106 -7.32 -643.156 1 0 0 0 1 0 0 0 1 32002.dat
1 0 -94 31.679 -643.164 -1 0 0 0 1 0 0 0 -1 32002.dat
1 0 -155 31.679 -643.164 1 0 0 0 1 0 0 0 1 32002.dat
1 14 -150 31.679 -643.164 0 1 0 0 0 1 1 0 0 32017.dat
1 14 -100 31.679 -643.164 0 1 0 0 0 1 1 0 0 32017.dat
1 0 -124 71.677 -643.16 1 0 0 0 -0.694658 -0.71934 0 0.71934 -0.694658 3706.dat
1 0 -125 30 -600 -1 0 0 0 -0.694658 0.71934 0 0.71934 0.694658 3706.dat
1 7 -75 30 -600 0 0 -1 -0.694658 0.71934 0 0.71934 0.694658 0 3713.dat
1 7 -175 30 -600 0 0 1 0.694658 0.71934 0 -0.71934 0.694658 0 3713.dat
1 14 -135 30 -600 0 -1 0 -0.71934 0 0.694658 -0.694658 0 -0.71934 2825.dat
1 14 -115 30 -600 0 1 0 0.71934 0 0.694658 0.694658 0 -0.71934 2825.dat
1 7 -165 71.677 -643.16 0 0 1 0.71934 -0.694658 0 0.694658 0.71934 0 3713.dat
1 7 -85 71.677 -643.16 0 0 -1 0.71934 0.694658 0 0.694658 -0.71934 0 3713.dat
1 7 -125 71.677 -643.16 0 0 -1 0.71934 0.694658 0 0.694658 -0.71934 0 3713.dat
1 7 -125 50 -500 -1 0 0 0 0 -1 0 -1 0 3649.dat
1 14 -60 110 -400 0 1 0 -1 0 0 0 0 1 2905.dat
1 14 -190 110 -400 0 1 0 -1 0 0 0 0 1 2905.dat
1 7 -80 -10 -600 0 0 -1 0 1 0 1 0 0 4265.dat
1 7 -200 -10 -600 0 0 -1 0 1 0 1 0 0 4265.dat
1 7 -170 -10 -600 0 0 1 0 1 0 -1 0 0 4265.dat
1 0 -125 -10 -600 1 0 0 0 1 0 0 0 1 3707.dat
1 0 -125 35 -400 0 0 -1 1 0 0 0 -1 0 3705.dat
1 7 -125 50 -400 -1 0 0 0 0 -1 0 -1 0 3647.dat
1 7 -125 30 -400 -1 0 0 0 0 -1 0 -1 0 3713.dat
1 7 -125 0 -400 -1 0 0 0 0 -1 0 -1 0 6538.dat
1 0 -195 31.677 -643.16 -1 0 0 0 0.694658 -0.71934 0 -0.71934 -0.694658 3673.dat
1 0 -175 45.573 -657.546 -1 0 0 0 0.694658 -0.71934 0 -0.71934 -0.694658 3673.dat
1 0 -165 73.359 -686.322 -1 0 0 0 0.71934 0.694658 0 0.694658 -0.71934 32054.dat
1 0 -125 133.49 -754.671 -1 0 0 0 0.93358 -0.358368 0 -0.358368 -0.93358 4519.dat
1 0 -185 24.486 -650.111 0 0 1 0.694658 0.71934 0 -0.71934 0.694658 0 3702.dat
1 0 -165 93.954 -722.039 0 0 1 0.694658 0.71934 0 -0.71934 0.694658 0 3895.dat
1 7 -171 -10 -600 0 0 1 0.694658 0.71934 0 -0.71934 0.694658 0 4265.dat
1 7 -50 -10 -600 0 0 1 0.694658 0.71934 0 -0.71934 0.694658 0 4265.dat
1 7 -92 77.472 -733.169 0 0 1 0.529919 0.848048 0 -0.848048 0.529919 0 4265.dat
1 7 -158 77.472 -733.169 0 0 -1 -0.529919 0.848048 0 0.848048 0.529919 0 4265.dat
1 7 -115 133.489 -754.669 0 1 0 -0.358368 0 -0.93358 -0.93358 0 0.358368 2825.dat
1 7 -135 133.489 -754.669 0 -1 0 0.358368 0 -0.93358 0.93358 0 0.358368 2825.dat
1 7 -85 133.489 -754.669 0 0 1 -0.93358 -0.358368 0 0.358368 -0.93358 0 2853.dat
1 7 -165 133.489 -754.669 0 0 -1 -0.93358 0.358368 0 0.358368 0.93358 0 2853.dat
1 7 -97 98.673 -767.088 0 -1 0 -0.529919 0 -0.848048 0.848048 0 -0.529919 2711.dat
1 7 -154 98.673 -767.088 0 1 0 -0.529919 0 0.848048 0.848048 0 0.529919 2711.dat
1 0 -124 77.472 -733.169 1 0 0 0 0.848048 -0.529919 0 0.529919 0.848048 3705.dat
1 0 -114 73.359 -686.322 -1 0 0 0 0.71934 0.694658 0 0.694658 -0.71934 4519.dat
1 0 -74 45.573 -657.546 -1 0 0 0 0.71934 0.694658 0 0.694658 -0.71934 3673.dat
1 0 -55 31.677 -643.16 -1 0 0 0 0.71934 0.694658 0 0.694658 -0.71934 3673.dat
1 0 -65 24.486 -650.111 0 0 1 0.694658 0.71934 0 -0.71934 0.694658 0 3702.dat
1 0 -85 93.954 -722.039 0 0 1 0.694658 0.71934 0 -0.71934 0.694658 0 3895.dat
1 0 -85 73.359 -686.322 1 0 0 0 0.71934 -0.694658 0 0.694658 0.71934 32054.dat
1 7 -180 142.825 -758.255 0 0 -1 -0.694658 0.71934 0 0.71934 0.694658 0 4265.dat
1 7 -70 142.825 -758.255 0 0 1 0.694658 0.71934 0 -0.71934 0.694658 0 4265.dat
1 0 -125 -170 -400 0 0 1 -1 0 0 0 -1 0 3705.dat
1 7 -125 -120 -400 -1 0 0 0 0 -1 0 -1 0 6538.dat
1 0 -125 -66 -400 0 -1 0 -1 0 0 0 0 -1 3706.dat
1 0 -75 52 -440 0 0 -1 0 1 0 1 0 0 3023.dat
1 0 -75 44 -440 0 0 -1 0 1 0 1 0 0 3023.dat
1 0 -175 52 -440 0 0 -1 0 1 0 1 0 0 3023.dat
1 0 -175 44 -440 0 0 -1 0 1 0 1 0 0 3023.dat
1 0 -125 30 -480 1 0 0 0 1 0 0 0 1 3707.dat
1 0 -125 30 -520 1 0 0 0 0.994522 0.104528 0 -0.104528 0.994522 3707.dat
1 0 -125 30 -540 1 0 0 0 1 0 0 0 1 4519.dat
1 0 -165 30 -560 1 0 0 0 1 0 0 0 1 32062.dat
1 0 -85 30 -560 1 0 0 0 1 0 0 0 1 32062.dat
1 0 -125 30 -560 0 1 0 -1 0 0 0 0 1 4519.dat
1 7 -125 50 -560 0 -1 0 0 0 -1 1 0 0 3647.dat
1 7 -125 10 -560 0 -1 0 0 0 -1 1 0 0 3647.dat
1 14 -155 30 -400 0 -1 0 0 0 1 -1 0 0 32009.dat
1 14 -95 30 -400 0 -1 0 0 0 1 -1 0 0 32009.dat
1 0 -145 30 -540 0 1 0 -1 0 0 0 0 1 2825.dat
1 0 -105 30 -540 0 -1 0 1 0 0 0 0 1 2825.dat
1 0 -125 30 -540 -1 0 0 0 0 -1 0 -1 0 6536.dat
1 0 -125 30 -480 -1 0 0 0 0 -1 0 -1 0 6536.dat
1 8 -55 30 -520 -1 0 0 0 -0.104528 -0.994522 0 -0.994522 0.104528 6536.dat
1 14 -75 -150 -400 0 0 -1 0 1 0 1 0 0 6536.dat
1 14 -175 -150 -400 0 0 -1 0 1 0 1 0 0 6536.dat
1 8 -195 30 -520 -1 0 0 0 -0.104528 -0.994522 0 -0.994522 0.104528 6536.dat
1 0 -175 30 -440 -1 0 0 0 0 -1 0 -1 0 6558.dat
1 0 -75 30 -440 1 0 0 0 0 -1 0 1 0 6558.dat
1 0 -160 30 -560 0 1 0 -1 0 0 0 0 1 6632.dat
1 0 -90 30 -560 0 -1 0 1 0 0 0 0 1 6632.dat
1 0 -150 30 -560 0 1 0 0 0 -1 -1 0 0 6632.dat
1 0 -100 30 -560 0 1 0 0 0 -1 -1 0 0 6632.dat
1 7 -170 30 -560 0 0 -1 -1 0 0 0 1 0 4265.dat
1 7 -80 30 -560 0 0 1 -1 0 0 0 -1 0 4265.dat
1 7 -140 -10 -560 0 0 -1 -1 0 0 0 1 0 4265.dat
1 0 -125 -6 -540 0 -1 0 1 0 0 0 0 1 4519.dat
1 7 -125 -10 -560 -1 0 0 0 0 1 0 1 0 6536.dat
1 7 -125 -45 -540 1 0 0 0 1 0 0 0 1 2819.dat
1 7 -125 5 -540 1 0 0 0 0 1 0 -1 0 4265.dat
1 7 -110 -10 -560 0 0 1 -1 0 0 0 -1 0 4265.dat
1 0 -125 -10 -560 1 0 0 0 1 0 0 0 1 4519.dat
1 7 -125 14 -540 -1 0 0 0 0 1 0 1 0 6589.dat
1 0 -175 20 -480 0 0 -1 0 1 0 1 0 0 3894.dat
1 0 -75 20 -480 0 0 -1 0 1 0 1 0 0 3894.dat
1 7 -125 30 -450 -1 0 0 0 0 1 0 1 0 6536.dat
1 0 -125 30 -450 1 0 0 0 -1 0 0 0 -1 32062.dat
1 7 -95 30 -450 0 0 1 0 -1 0 1 0 0 2853.dat
1 7 -155 30 -450 0 0 -1 0 1 0 1 0 0 2853.dat
1 0 -125 48 -430 0 0 -1 -1 0 0 0 1 0 6587.dat
1 7 -125 51 -430 1 0 0 0 0 -1 0 1 0 4019.dat
1 7 -85 -130 -400 -1 0 0 0 0 -1 0 -1 0 3749.dat
1 7 -165 -130 -400 1 0 0 0 0 -1 0 1 0 3749.dat
1 0 -125 12 -470 1 0 0 0 1 0 0 0 1 3666.dat
1 0 -60 70 -480 0 1 0 0 0 -1 -1 0 0 6632.dat
1 0 -190 70 -480 0 1 0 0 0 -1 -1 0 0 6632.dat
1 0 -50 70 -480 0 1 0 0 0 -1 -1 0 0 6632.dat
1 0 -200 70 -480 0 1 0 0 0 -1 -1 0 0 6632.dat
1 0 -165.276 -64.447 -546.695 0 -0.743145 -0.669131 -0.97437 0.150522 -0.167171 0.224951 0.651981 -0.724099 3707.dat
1 8 -165.276 -137.527 -529.821 -0.669131 0 -0.743145 -0.167171 -0.97437 0.150522 -0.724099 0.224951 0.651981 6632.dat
1 7 -195 0.035 -534.115 -0.669131 -0.743145 0 -0.167171 0.150522 0.97437 -0.724099 0.651981 -0.224951 3713.dat
1 7 -165.276 -5.985 -560.194 -0.669131 -0.743145 0 -0.167171 0.150522 0.97437 -0.724099 0.651981 -0.224951 3713.dat
1 14 -165.276 8.631 -563.566 -0.669131 0 -0.743145 -0.167171 -0.97437 0.150522 -0.724099 0.224951 0.651981 6632.dat
1 14 -165.276 -20.601 -556.817 -0.669131 0 -0.743145 -0.167171 -0.97437 0.150522 -0.724099 0.224951 0.651981 6632.dat
1 0 -195 -58.428 -520.615 0 -0.743145 -0.669131 -0.97437 0.150522 -0.167171 0.224951 0.651981 -0.724099 3737.dat
1 7 -165.276 -40.088 -552.318 0.669131 -0.743145 0 0.167171 0.150522 -0.97437 0.724099 0.651981 0.224951 4265.dat
1 0 -84.724 -64.447 -546.695 0 0.743145 -0.669131 -0.97437 0.150522 0.167171 0.224951 0.651981 0.724099 3707.dat
1 0 -84.724 -137.527 -529.821 -0.669131 0 0.743145 0.167171 -0.97437 0.150522 0.724099 0.224951 0.651981 6632.dat
1 7 -55 0.035 -534.115 -0.669131 0.743145 0 0.167171 0.150522 0.97437 0.724099 0.651981 -0.224951 3713.dat
1 7 -84.724 -5.985 -560.194 -0.669131 0.743145 0 0.167171 0.150522 0.97437 0.724099 0.651981 -0.224951 3713.dat
1 14 -84.724 8.631 -563.566 -0.669131 0 0.743145 0.167171 -0.97437 0.150522 0.724099 0.224951 0.651981 6632.dat
1 14 -84.724 -20.601 -556.817 -0.669131 0 0.743145 0.167171 -0.97437 0.150522 0.724099 0.224951 0.651981 6632.dat
1 0 -55 -58.428 -520.615 0 0.743145 -0.669131 -0.97437 0.150522 0.167171 0.224951 0.651981 0.724099 3737.dat
1 7 -84.724 -40.088 -552.318 -0.669131 -0.743145 0 0.167171 -0.150522 -0.97437 0.724099 -0.651981 0.224951 4265.dat
1 14 -125 -30.397 -554.798 0 0 1 0.224951 -0.97437 0 0.97437 0.224951 0 32017.dat
1 1 -125 12 -450 1 0 0 0 1 0 0 0 1 2717.dat
1 0 -75 -10 -440 1 0 0 0 1 0 0 0 1 6558.dat
1 0 -175 -10 -440 -1 0 0 0 1 0 0 0 -1 6558.dat
1 7 -125 -150 -420 -1 0 0 0 0 1 0 1 0 6536.dat
1 0 -125 -150 -420 -1 0 0 0 0 1 0 1 0 3705.dat
1 7 -110 -150 -420 0 0 1 0 1 0 -1 0 0 4265.dat
1 7 -140 -150 -420 0 0 -1 0 1 0 1 0 0 4265.dat
1 14 -175 -150 -420 0 0 -1 0 1 0 1 0 0 32013.dat
1 14 -75 -150 -420 0 0 1 0 1 0 -1 0 0 32013.dat
1 0 -75 -150 -455 0 0 1 0 1 0 -1 0 0 3706.dat
1 0 -95 -150 -470 0 0 1 0 1 0 -1 0 0 3673.dat
1 0 -65 -130 -440 1 0 0 0 1 0 0 0 1 3673.dat
1 0 -75 -150 -520 -1 0 0 0 1 0 0 0 -1 32013.dat
1 0 -55 -150 -520 -1 0 0 0 0.224951 0.97437 0 0.97437 -0.224951 6536.dat
1 0 -75 -150 -440 0 0 1 0 1 0 -1 0 0 6536.dat
1 0 -85 -160 -460 -1 0 0 0 1 0 0 0 -1 32000.dat
1 0 -85 -160 -480 -1 0 0 0 1 0 0 0 -1 32000.dat
1 0 -65 -150 -520 1 0 0 0 0.224951 -0.97437 0 0.97437 0.224951 3749.dat
1 0 -182 -150 -520 -1 0 0 0 -0.224951 -0.97437 0 -0.97437 0.224951 3749.dat
1 0 -175 -150 -455 0 0 1 0 1 0 -1 0 0 3706.dat
1 0 -155 -150 -470 0 0 -1 0 1 0 1 0 0 3673.dat
1 0 -185 -130 -440 1 0 0 0 1 0 0 0 1 3673.dat
1 0 -175 -150 -520 -1 0 0 0 1 0 0 0 -1 32013.dat
1 0 -195 -150 -520 -1 0 0 0 0.224951 0.97437 0 0.97437 -0.224951 6536.dat
1 0 -175 -150 -440 0 0 1 0 1 0 -1 0 0 6536.dat
1 0 -165 -160 -460 1 0 0 0 1 0 0 0 1 32000.dat
1 0 -165 -160 -480 1 0 0 0 1 0 0 0 1 32000.dat
1 0 -65 -150 -520 1 0 0 0 0.224951 -0.97437 0 0.97437 0.224951 3749.dat
1 14 -125 -168 -470 -1 0 0 0 1 0 0 0 -1 6180.dat
1 14 -125 -168 -520 1 0 0 0 1 0 0 0 1 2436.dat
1 0 -125 -158 -542 1 0 0 0 0 -1 0 1 0 6636.dat
1 14 -85 -168 -520 1 0 0 0 1 0 0 0 1 3023.dat
1 14 -165 -168 -520 1 0 0 0 1 0 0 0 1 3023.dat
1 0 -125 -160 -510 1 0 0 0 1 0 0 0 1 3709.dat
1 0 -125 -152 -490 0 0 -1 0 1 0 1 0 0 3709.dat
1 0 -125 -160 -470 1 0 0 0 1 0 0 0 1 3022.dat
1 0 -55 10 -450 0 0 1 1 0 0 0 1 0 3703.dat
1 0 -195 10 -450 0 0 1 1 0 0 0 1 0 3703.dat
1 14 -25 64 -410 -1 0 0 0 1 0 0 0 -1 3023.dat
1 14 -15 40 -410 -1 0 0 0 1 0 0 0 -1 3665.dat
1 0 -35 40 -440 0 0 1 0 1 0 -1 0 0 3894.dat
1 14 -25 32 -440 0 0 1 0 1 0 -1 0 0 32001.dat
1 0 -45 50 -400 1 0 0 0 1 0 0 0 1 3673.dat
1 0 -45 50 -440 1 0 0 0 1 0 0 0 1 3673.dat
1 0 -45 50 -480 1 0 0 0 1 0 0 0 1 3673.dat
1 0 -65 40 -400 1 0 0 0 1 0 0 0 1 2444.dat
1 0 -65 32 -390 0 0 -1 0 1 0 1 0 0 3021.dat
1 14 -45 24 -410 -1 0 0 0 1 0 0 0 -1 3710.dat
1 14 -45 24 -360 0 0 -1 0 1 0 1 0 0 3936.dat
1 14 -205 64 -410 -1 0 0 0 1 0 0 0 -1 3023.dat
1 14 -235 40 -410 -1 0 0 0 1 0 0 0 -1 3665.dat
1 0 -215 40 -440 0 0 1 0 1 0 -1 0 0 3894.dat
1 14 -225 32 -440 0 0 1 0 1 0 -1 0 0 32001.dat
1 0 -205 50 -400 1 0 0 0 1 0 0 0 1 3673.dat
1 0 -205 50 -440 1 0 0 0 1 0 0 0 1 3673.dat
1 0 -205 50 -480 1 0 0 0 1 0 0 0 1 3673.dat
1 0 -185 40 -400 -1 0 0 0 1 0 0 0 -1 2444.dat
1 0 -185 32 -390 0 0 -1 0 1 0 1 0 0 3021.dat
1 14 -205 24 -410 -1 0 0 0 1 0 0 0 -1 3710.dat
1 14 -205 24 -360 0 0 1 0 1 0 -1 0 0 3935.dat
1 14 -195 -17.555 -259.847 0 0 1 -0.017452 0.999848 0 -0.999848 -0.017452 0 3703.dat
1 7 -175 0.173 -390.176 0 0 1 -0.999848 -0.017452 0 0.017452 -0.999848 0 32000.dat
1 7 -175 1.569 -310.188 0 0 1 -0.999848 -0.017452 0 0.017452 -0.999848 0 32000.dat
1 7 -175 1.709 -302.189 0 0 1 -0.999848 -0.017452 0 0.017452 -0.999848 0 3069.dat
1 0 -185 -8.604 -320.012 1 0 0 0 -0.017452 0.999848 0 -0.999848 -0.017452 3673.dat
1 0 -175 -10 -400 1 0 0 0 -0.034899 0.999391 0 -0.999391 -0.034899 6558.dat
1 7 -175 0.173 -334.176 1 0 0 0 -0.017452 0.999848 0 -0.999848 -0.017452 4694.dat
1 14 -55 -17.555 -259.847 0 0 1 -0.017452 0.999848 0 -0.999848 -0.017452 0 3703.dat
1 7 -75 1.22 -330.185 0 0 -1 -0.999848 0.017452 0 0.017452 0.999848 0 32000.dat
1 7 -75 -0.176 -410.173 0 0 -1 -0.999848 0.017452 0 0.017452 0.999848 0 32000.dat
1 0 -65 -8.604 -320.012 1 0 0 0 -0.017452 0.999848 0 -0.999848 -0.017452 3673.dat
1 0 -75 -10 -400 -1 0 0 0 0.017452 0.999848 0 0.999848 -0.017452 6558.dat
1 7 -75 1.22 -386.185 -1 0 0 0 0.017452 0.999848 0 0.999848 -0.017452 4694.dat
1 14 -15 110 -442 0 0 -1 -1 0 0 0 1 0 6583.dat
1 0 -24 90 -450 -1 0 0 0 0 1 0 1 0 2444.dat
1 0 -24 130 -450 -1 0 0 0 0 1 0 1 0 2444.dat
1 0 -24 110 -458 0 0 -1 -1 0 0 0 1 0 3709.dat
1 0 -45 90 -440 1 0 0 0 0 -1 0 1 0 3673.dat
1 0 -45 130 -440 1 0 0 0 0 -1 0 1 0 3673.dat
1 14 -235 110 -442 0 0 1 1 0 0 0 1 0 6583.dat
1 0 -226 130 -450 1 0 0 0 0 -1 0 1 0 2444.dat
1 0 -226 90 -450 1 0 0 0 0 -1 0 1 0 2444.dat
1 0 -226 110 -458 0 0 1 1 0 0 0 1 0 3709.dat
1 0 -205 130 -440 -1 0 0 0 0 1 0 1 0 3673.dat
1 0 -205 90 -440 -1 0 0 0 0 1 0 1 0 3673.dat
1 14 -125 84 -320 -1 0 0 0 1 0 0 0 -1 2797.dat
1 0 -125 70 -320 -1 0 0 0 1 0 0 0 -1 3706.dat
1 7 -155 70 -320 -1 0 0 0 0 1 0 1 0 6553.dat
1 7 -95 70 -320 -1 0 0 0 0 1 0 1 0 6553.dat
1 7 -95 70 -295 -1 0 0 0 -1 0 0 0 1 4265.dat
1 7 -155 70 -295 -1 0 0 0 -1 0 0 0 1 4265.dat
1 7 -125 110 -270 1 0 0 0 1 0 0 0 1 2853.dat
1 7 -135 110 -160 -1 0 0 0 -1 0 0 0 1 2853.dat
1 7 -135 110 -270 0.601815 0.798636 0 -0.798636 0.601815 0 0 0 1 2852.dat
1 7 -135 110 -270 -0.422618 -0.906308 0 -0.906308 0.422618 0 0 0 -1 2852.dat
1 7 -115 110 -230 0.390731 0.920505 0 -0.920505 0.390731 0 0 0 1 2852.dat
1 7 -115 110 -230 -0.601815 -0.798636 0 -0.798636 0.601815 0 0 0 -1 2852.dat
1 7 -135 110 -190 0.601815 0.798636 0 -0.798636 0.601815 0 0 0 1 2852.dat
1 7 -135 110 -190 -0.422618 -0.906308 0 -0.906308 0.422618 0 0 0 -1 2852.dat
1 8 -125 110 -250 -1 0 0 0 1 0 0 0 -1 2854.dat
1 8 -125 110 -210 -1 0 0 0 -1 0 0 0 1 2854.dat
1 8 -135 110 -190 0 0 1 0 1 0 -1 0 0 32062.dat
1 8 -115 110 -230 0 0 1 0 1 0 -1 0 0 32062.dat
1 7 -145 60 -160 1 0 0 0 1 0 0 0 1 32000.dat
1 7 -125 84 -160 1 0 0 0 1 0 0 0 1 3710.dat
1 7 -125 92 -160 1 0 0 0 1 0 0 0 1 3666.dat
1 7 -125 100 -160 1 0 0 0 1 0 0 0 1 3701.dat
1 7 -105 60 -160 1 0 0 0 1 0 0 0 1 32000.dat
1 7 -63.034 77.154 -230 -0.423 -0.906 0 -0.906 0.423 0 0 0 -1 2850.dat
1 8 -82.06 86.037 -230 -0.423 -0.906 0 -0.906 0.423 0 0 0 -1 2851.dat
1 7 -63.034 77.154 -190 -0.423 -0.906 0 -0.906 0.423 0 0 0 -1 2850.dat
1 8 -98.368 93.651 -190 -0.423 -0.906 0 -0.906 0.423 0 0 0 -1 2851.dat
1 7 -63.034 77.154 -270 -0.423 -0.906 0 -0.906 0.423 0 0 0 -1 2850.dat
1 8 -98.368 93.651 -270 -0.423 -0.906 0 -0.906 0.423 0 0 0 -1 2851.dat
1 0 -78.13 106.272 -250 0 -0.906 -0.423 0 0.423 -0.906 1 0 0 3673.dat
1 0 -78.13 106.272 -210 0 -0.906 -0.423 0 0.423 -0.906 1 0 0 3673.dat
1 0 -95.05 70.032 -210 0 -0.906 -0.423 0 0.423 -0.906 1 0 0 3673.dat
1 0 -95.05 70.032 -250 0 -0.906 -0.423 0 0.423 -0.906 1 0 0 3673.dat
1 0 -95.05 70.032 -160 0 -0.906 -0.423 0 0.423 -0.906 1 0 0 6558.dat
1 7 -78.13 106.272 -170 0 -0.906 -0.423 0 0.423 -0.906 1 0 0 4274.dat
1 7 -187.081 77.062 -230 -0.423 0.906 0 0.906 0.423 0 0 0 -1 2850.dat
1 8 -152.653 93.136 -230 -0.423 0.906 0 0.906 0.423 0 0 0 -1 2851.dat
1 7 -187.081 77.062 -190 -0.423 0.906 0 0.906 0.423 0 0 0 -1 2850.dat
1 8 -168.961 85.522 -190 -0.423 0.906 0 0.906 0.423 0 0 0 -1 2851.dat
1 7 -187.081 77.062 -270 -0.423 0.906 0 0.906 0.423 0 0 0 -1 2850.dat
1 8 -168.961 85.522 -270 -0.423 0.906 0 0.906 0.423 0 0 0 -1 2851.dat
1 0 -155.065 69.94 -250 0 0.906 -0.423 0 0.423 0.906 1 0 0 3673.dat
1 0 -155.065 69.94 -210 0 0.906 -0.423 0 0.423 0.906 1 0 0 3673.dat
1 0 -171.985 106.18 -210 0 0.906 -0.423 0 0.423 0.906 1 0 0 3673.dat
1 0 -171.985 106.18 -250 0 0.906 -0.423 0 0.423 0.906 1 0 0 3673.dat
1 0 -155.065 69.94 -160 0 0.906 -0.423 0 0.423 0.906 1 0 0 6558.dat
1 7 -171.985 106.18 -170 0 0.906 -0.423 0 0.423 0.906 1 0 0 4274.dat
1 7 -175 2.547 -254.197 0 0 1 -0.999848 -0.017452 0 0.017452 -0.999848 0 3245b.dat
1 7 -175 2.965 -230.2 0 0 1 -0.999848 -0.017452 0 0.017452 -0.999848 0 32000.dat
1 7 -175 3.663 -190.207 0 0 1 -0.999848 -0.017452 0 0.017452 -0.999848 0 32000.dat
1 7 -175 3.105 -222.202 0 0 1 -0.999848 -0.017452 0 0.017452 -0.999848 0 3023.dat
1 7 -175 3.245 -214.203 0 0 1 -0.999848 -0.017452 0 0.017452 -0.999848 0 3023.dat
1 0 -185 -6.51 -200.03 -1 0 0 0 -0.017452 -0.999848 0 -0.999848 0.017452 3673.dat
1 0 -185 -7.208 -240.024 -1 0 0 0 -0.017452 -0.999848 0 -0.999848 0.017452 3673.dat
1 7 -95 90 -140 -1 0 0 0 -1 0 0 0 1 6536.dat
1 7 -155 90 -140 -1 0 0 0 -1 0 0 0 1 6536.dat
1 0 -125 150 -140 -1 0 0 0 -1 0 0 0 1 3705.dat
1 1 -126 13.138 -220.376 0 -1 0 0.017452 0 -0.999848 0.999848 0 0.017452 75974.dat
1 7 -163 13.487 -200.38 1 0 0 0 0.017452 -0.999848 0 0.999848 0.017452 3749.dat
1 7 -162 12.789 -240.373 1 0 0 0 0.017452 -0.999848 0 0.999848 0.017452 3749.dat
1 7 -125 90 -140 -1 0 0 0 1 0 0 0 -1 6536.dat
1 0 -125 90 -140 -1 0 0 0 -1 0 0 0 1 3705.dat
1 7 -115 150 -140 0 1 0 0 0 -1 -1 0 0 2825.dat
1 7 -135 150 -140 0 -1 0 0 0 -1 1 0 0 2825.dat
1 0 -95 28.545 -114.463 0 -1 0 0.992546 0 -0.121869 0.121869 0 0.992546 3706.dat
1 0 -95 -45.895 -123.604 -1 0 0 0 0.121869 -0.992546 0 -0.992546 -0.121869 32015.dat
1 0 -75 -6.193 -118.728 0 0 1 -0.992546 0.121869 0 -0.121869 -0.992546 0 32039.dat
1 7 -95 8.693 -116.898 1 0 0 0 0.121869 0.992546 0 -0.992546 0.121869 4265.dat
1 0 -155 28.545 -114.463 0 -1 0 0.992546 0 -0.121869 0.121869 0 0.992546 3706.dat
1 0 -155 -45.895 -123.604 -1 0 0 0 0.121869 -0.992546 0 -0.992546 -0.121869 32015.dat
1 0 -175 -6.193 -118.728 0 0 -1 -0.992546 -0.121869 0 -0.121869 0.992546 0 32039.dat
1 0 -155 23.582 -115.072 0 0 -1 -0.992546 -0.121869 0 -0.121869 0.992546 0 6536.dat
1 0 -95 23.582 -115.072 0 0 -1 -0.992546 -0.121869 0 -0.121869 0.992546 0 6536.dat
1 0 -95 21.144 -95.22 1 0 0 0 -0.121869 -0.992546 0 0.992546 -0.121869 6558.dat
1 0 -155 21.144 -95.22 -1 0 0 0 -0.121869 0.992546 0 0.992546 0.121869 6558.dat
1 7 -155 8.693 -116.898 1 0 0 0 0.121869 0.992546 0 -0.992546 0.121869 4265.dat
1 0 -125 21.144 -95.22 1 0 0 0 0.121869 0.992546 0 -0.992546 0.121869 75535.dat
1 0 -155 63.282 -110.197 0 0 -1 -0.992546 -0.121869 0 -0.121869 0.992546 0 6536.dat
1 0 -95 63.282 -110.197 0 0 -1 -0.992546 -0.121869 0 -0.121869 0.992546 0 6536.dat
1 0 -95 60.848 -90.345 1 0 0 0 -0.121869 -0.992546 0 0.992546 -0.121869 6558.dat
1 0 -155 60.848 -90.345 -1 0 0 0 -0.121869 0.992546 0 0.992546 0.121869 6558.dat
1 0 -125 60.848 -90.345 1 0 0 0 0.121869 0.992546 0 -0.992546 0.121869 75535.dat
1 7 -185 -6.193 -118.728 1 0 0 0 0.121869 0.992546 0 -0.992546 0.121869 3749.dat
1 7 -65 -6.193 -118.728 -1 0 0 0 -0.121869 0.992546 0 0.992546 0.121869 3749.dat
1 7 -95 43.434 -112.633 -1 0 0 0 -0.121869 0.992546 0 0.992546 0.121869 3713.dat
1 7 -155 43.434 -112.633 -1 0 0 0 -0.121869 0.992546 0 0.992546 0.121869 3713.dat
1 14 -75 140.251 -80.597 0 -1 0 0.121869 0 0.992546 -0.992546 0 0.121869 32009.dat
1 14 -175 140.251 -80.597 0 -1 0 0.121869 0 0.992546 -0.992546 0 0.121869 32009.dat
1 0 -85 100.55 -85.472 1 0 0 0 0.121869 0.992546 0 -0.992546 0.121869 3673.dat
1 7 -85 -18.556 -100.097 1 0 0 0 0.121869 0.992546 0 -0.992546 0.121869 3749.dat
1 7 -165 -18.556 -100.097 -1 0 0 0 -0.121869 0.992546 0 0.992546 0.121869 3749.dat
1 0 -165 100.55 -85.472 1 0 0 0 0.121869 0.992546 0 -0.992546 0.121869 3673.dat
1 0 -125 100.55 -85.472 1 0 0 0 0.121869 0.992546 0 -0.992546 0.121869 3673.dat
1 0 -125 -18.556 -100.097 1 0 0 0 0.121869 0.992546 0 -0.992546 0.121869 3673.dat
1 0 -105 100.55 -85.472 1 0 0 0 0.121869 0.992546 0 -0.992546 0.121869 75535.dat
1 0 -145 100.55 -85.472 -1 0 0 0 -0.121869 0.992546 0 0.992546 0.121869 75535.dat
1 14 -105 -18.556 -100.097 1 0 0 0 0.121869 0.992546 0 -0.992546 0.121869 75535.dat
1 14 -145 -18.556 -100.097 -1 0 0 0 -0.121869 0.992546 0 0.992546 0.121869 75535.dat
1 0 -125 150 -160 -1 0 0 0 -0.121869 0.992546 0 0.992546 0.121869 3706.dat
1 14 -125 -184 -400 0 0 1 0 1 0 -1 0 0 4032.dat
1 16 -125 -208 -400 0 0 1 0 1 0 -1 0 0 3941.dat
1 14 -125 -215 -400 0 0 1 0 1 0 -1 0 0 4150.dat
1 7 -75 1.785 -298.19 0 0 1 0.999848 0.017452 0 -0.017452 0.999848 0 3245b.dat
1 7 -75 1.645 -306.189 0 0 1 0.999848 0.017452 0 -0.017452 0.999848 0 3069.dat
1 7 -75 2.622 -250.197 0 0 1 0.999848 0.017452 0 -0.017452 0.999848 0 32000.dat
1 7 -75 3.32 -210.204 0 0 1 0.999848 0.017452 0 -0.017452 0.999848 0 32000.dat
1 7 -75 3.041 -226.201 0 0 1 0.999848 0.017452 0 -0.017452 0.999848 0 3023.dat
1 7 -75 3.181 -218.202 0 0 1 0.999848 0.017452 0 -0.017452 0.999848 0 3023.dat
1 0 -65 -7.208 -240.024 -1 0 0 0 0.017452 0.999848 0 0.999848 -0.017452 3673.dat
1 0 -65 -6.51 -200.03 -1 0 0 0 0.017452 0.999848 0 0.999848 -0.017452 3673.dat
1 14 -205 138 -140 1 0 0 0 1 0 0 0 1 2444.dat
1 14 -195 114 -130 -1 0 0 0 1 0 0 0 -1 3665.dat
1 14 -195 114 -150 -1 0 0 0 1 0 0 0 -1 3005.dat
1 7 -205 106 -150 -1 0 0 0 1 0 0 0 -1 3023.dat
1 14 -195 106 -130 0 0 -1 0 1 0 1 0 0 2420.dat
1 14 -245 106 -140 0 0 1 0 1 0 -1 0 0 4859.dat
1 14 -245 82 -140 0 0 1 0 1 0 -1 0 0 4859.dat
1 7 -205 82 -140 0 0 1 0 1 0 -1 0 0 3022.dat
1 14 -235 74 -130 1 0 0 0 1 0 0 0 1 3623.dat
1 14 -195 66 -130 -1 0 0 0 1 0 0 0 -1 6091.dat
1 14 -225 74 -150 1 0 0 0 1 0 0 0 1 3710.dat
1 14 -195 66 -140 0 0 -1 0 1 0 1 0 0 3069.dat
1 14 -225 98 -140 -1 0 0 0 1 0 0 0 -1 3709.dat
1 14 -235 90 -140 -1 0 0 0 1 0 0 0 -1 3021.dat
1 14 -195 90 -140 0 0 -1 0 1 0 1 0 0 2452.dat
1 14 -195 98 -110 0 0 -1 0 1 0 1 0 0 4081.dat
1 14 -215 114 -140 0 0 1 0 1 0 -1 0 0 3747.dat
1 0 -65 148 -140 -1 0 0 0 1 0 0 0 -1 3673.dat
1 14 -45 138 -140 -1 0 0 0 1 0 0 0 -1 2444.dat
1 14 -55 114 -130 -1 0 0 0 1 0 0 0 -1 3665.dat
1 14 -55 114 -150 1 0 0 0 1 0 0 0 1 3005.dat
1 7 -45 106 -150 1 0 0 0 1 0 0 0 1 3023.dat
1 14 -55 106 -130 1 0 0 0 1 0 0 0 1 2420.dat
1 14 -5 106 -140 0 0 -1 0 1 0 1 0 0 4859.dat
1 14 -5 82 -140 0 0 -1 0 1 0 1 0 0 4859.dat
1 7 -45 82 -140 0 0 -1 0 1 0 1 0 0 3022.dat
1 14 -15 74 -130 -1 0 0 0 1 0 0 0 -1 3623.dat
1 14 -55 66 -130 -1 0 0 0 1 0 0 0 -1 6091.dat
1 14 -25 74 -150 -1 0 0 0 1 0 0 0 -1 3710.dat
1 14 -55 66 -140 0 0 1 0 1 0 -1 0 0 3069.dat
1 14 -25 98 -140 1 0 0 0 1 0 0 0 1 3709.dat
1 14 -15 90 -140 1 0 0 0 1 0 0 0 1 3021.dat
1 14 -55 90 -140 0 0 1 0 1 0 -1 0 0 2452.dat
1 14 -55 98 -110 0 0 1 0 1 0 -1 0 0 4081.dat
1 14 -35 114 -140 0 0 -1 0 1 0 1 0 0 3747.dat
1 0 -125 170 -787 1 0 0 0 0.997564 0.069757 0 -0.069757 0.997564 32030.dat
1 0 -125 170 -787 1 0 0 0 0.848 -0.53 0 0.53 0.848 3707.dat
1 0 -125 119.864 -801.538 1 0 0 0 1 0 0 0 1 3707.dat
1 7 -60 119.864 -801.538 0 0 1 0 1 0 -1 0 0 4265.dat
1 7 -60 170 -787 0 0 1 0.53 0.848 0 -0.848 0.53 0 4265.dat
1 7 -190 119.864 -801.538 0 0 -1 0 1 0 1 0 0 4265.dat
1 7 -190 170 -787 0 0 -1 0.53 0.848 0 0.848 -0.53 0 4265.dat
1 0 -260 150 -320 0 0 1 0 1 0 -1 0 0 2995.dat
1 14 -260 150 -320 0 0 1 0 1 0 -1 0 0 2996.dat
1 0 5 150 -320 0 0 -1 0 1 0 1 0 0 2995.dat
1 14 5 150 -320 0 0 -1 0 1 0 1 0 0 2996.dat
1 0 5 150 -680 0 0 -1 0 1 0 1 0 0 2995.dat
1 14 5 150 -680 0 0 -1 0 1 0 1 0 0 2996.dat
1 0 -255 150 -680 0 0 1 0 1 0 -1 0 0 2995.dat
1 14 -255 150 -680 0 0 1 0 1 0 -1 0 0 2996.dat
1 0 -185 148 -140 1 0 0 0 1 0 0 0 1 3673.dat
