0 Main
0 Name: 8074-1 - Universal _eyz8hK3.mpd
0 Author: LTRON
1 0 -30 -24 -80 0 0 -1 0 1 0 1 0 0 3703.dat
1 0 -50 -24 100 0 0 -1 0 1 0 1 0 0 3895.dat
1 14 -40 -14 -140 0 -1 0 0 0 -1 1 0 0 3024.dat
1 0 -40 -14 60 1 0 0 0 1 0 0 0 1 2780.dat
1 14 -50 0 200 0 0 -1 0 1 0 1 0 0 3710.dat
1 0 0 0 -220 1 0 0 0 1 0 0 0 1 3709.dat
1 7 0 0 -170 1 0 0 0 1 0 0 0 1 4442.dat
1 0 -70 -14 140 1 0 0 0 1 0 0 0 1 3706.dat
1 7 -35 -14 140 0 0 1 0 1 0 -1 0 0 4265.dat
1 0 -40 -14 20 1 0 0 0 1 0 0 0 1 2780.dat
1 0 -40 -14 -100 1 0 0 0 1 0 0 0 1 2780.dat
1 0 -60 -14 0 1 0 0 0 1 0 0 0 1 2780.dat
1 0 30 -24 -80 0 0 1 0 1 0 -1 0 0 3703.dat
1 0 50 -24 100 0 0 1 0 1 0 -1 0 0 3895.dat
1 14 40 -14 -140 0 1 0 0 0 -1 -1 0 0 3024.dat
1 0 40 -14 60 1 0 0 0 1 0 0 0 1 2780.dat
1 14 50 0 200 0 0 1 0 1 0 -1 0 0 3710.dat
1 0 70 -14 140 1 0 0 0 1 0 0 0 1 3706.dat
1 7 35 -14 140 0 0 -1 0 1 0 1 0 0 4265.dat
1 0 40 -14 20 1 0 0 0 1 0 0 0 1 2780.dat
1 0 40 -14 -100 1 0 0 0 1 0 0 0 1 2780.dat
1 0 60 -14 0 1 0 0 0 1 0 0 0 1 2780.dat
1 7 -70 -24 -170 1 0 0 0 1 0 0 0 1 4261.dat
1 7 -70 -24 -130 0 0 1 1 0 0 0 1 0 3749.dat
1 0 -90 -14 -170 -1 0 0 0 0 -1 0 -1 0 3705.dat
1 7 -55 -14 -170 0 0 1 -1 0 0 0 -1 0 4265.dat
1 7 -90 -14 -170 0 0 -1 0 1 0 1 0 0 3713.dat
1 14 0 -32 -10 -1 0 0 0 1 0 0 0 -1 3710.dat
1 7 30 -32 -140 0 0 -1 0 1 0 1 0 0 3069.dat
1 7 -30 -32 -140 0 0 -1 0 1 0 1 0 0 3069.dat
1 0 0 -24 230 -1 0 0 0 1 0 0 0 -1 2730.dat
1 7 70 -24 -170 1 0 0 0 1 0 0 0 1 4261.dat
1 7 70 -24 -130 0 0 1 1 0 0 0 1 0 3749.dat
1 0 90 -14 -170 -1 0 0 0 0 -1 0 -1 0 3705.dat
1 7 55 -14 -170 0 0 -1 -1 0 0 0 1 0 4265.dat
1 7 90 -14 -170 0 0 1 0 1 0 -1 0 0 3713.dat
1 0 0 -32 -230 -1 0 0 0 1 0 0 0 -1 3710.dat
1 0 30 -48 -100 0 0 -1 0 1 0 1 0 0 3700.dat
1 0 -30 -48 -100 0 0 -1 0 1 0 1 0 0 3700.dat
1 14 0 -32 -40 1 0 0 0 1 0 0 0 1 3738.dat
1 0 50 -32 60 0 0 -1 0 1 0 1 0 0 3460.dat
1 0 -50 -32 60 0 0 -1 0 1 0 1 0 0 3460.dat
1 14 0 -32 220 1 0 0 0 1 0 0 0 1 3795.dat
1 0 50 -32 160 0 0 1 0 1 0 -1 0 0 3023.dat
1 0 -50 -32 160 0 0 1 0 1 0 -1 0 0 3023.dat
1 7 0 -32 -170 1 0 0 0 1 0 0 0 1 4442.dat
1 0 0 -40 -20 1 0 0 0 1 0 0 0 1 3022.dat
1 0 0 -40 -50 1 0 0 0 1 0 0 0 1 3666.dat
1 0 0 -40 170 1 0 0 0 1 0 0 0 1 3666.dat
1 0 -50 -40 120 0 0 1 0 1 0 -1 0 0 3710.dat
1 0 50 -40 120 0 0 1 0 1 0 -1 0 0 3710.dat
1 0 50 -40 0 0 0 1 0 1 0 -1 0 0 3710.dat
1 0 -50 -40 0 0 0 1 0 1 0 -1 0 0 3710.dat
1 7 0 -46 -130 1 0 0 0 1 0 0 0 1 3743.dat
1 7 0 -38 -130 1 0 0 0 1 0 0 0 1 4442.dat
1 0 -50 -64 -20 0 0 -1 0 1 0 1 0 0 3701.dat
1 7 -60 -54 0 1 0 0 0 1 0 0 0 1 3673.dat
1 0 0 -54 40 0 -0.168 0.986 0 0.986 0.168 -1 0 0 3706.dat
1 0 0 -64 -10 -1 0 0 0 1 0 0 0 -1 3700.dat
1 0 0 -64 30 -1 0 0 0 1 0 0 0 -1 3894.dat
1 0 0 -64 90 -1 0 0 0 1 0 0 0 -1 3894.dat
1 7 0 -54 12 0.168 -0.986 0 -0.986 -0.168 0 0 0 -1 3650.dat
1 7 0 -54 43 0.168 -0.986 0 -0.986 -0.168 0 0 0 -1 4143.dat
1 0 50 -64 -20 0 0 -1 0 1 0 1 0 0 3701.dat
1 0 60 -54 0 1 0 0 0 0.986 0.168 0 -0.168 0.986 3705.dat
1 7 30 -54 0 0 0 -1 0.168 0.986 0 0.986 -0.168 0 3647.dat
1 14 0 -40 -230 -1 0 0 0 1 0 0 0 -1 3023.dat
1 14 0 -72 -40 1 0 0 0 1 0 0 0 1 3738.dat
1 0 50 -72 30 -1 0 0 0 1 0 0 0 -1 2420.dat
1 0 -50 -72 30 0 0 1 0 1 0 -1 0 0 2420.dat
1 0 0 -72 -110 -1 0 0 0 1 0 0 0 -1 3701.dat
1 0 0 -62 -100 0 0 -1 0 1 0 1 0 0 3705.dat
1 7 0 -62 -130 -1 0 0 0 1 0 0 0 -1 3647.dat
1 0 0 -72 -90 -1 0 0 0 1 0 0 0 -1 3701.dat
1 7 0 -62 -72 0 -1 0 1 0 0 0 0 1 3650.dat
1 0 0 -72 90 1 0 0 0 1 0 0 0 1 3023.dat
1 0 0 -72 30 1 0 0 0 1 0 0 0 1 3023.dat
1 0 0 -80 60 0 0 -1 0 1 0 1 0 0 3709.dat
1 0 0 -80 60 0 0.383 -0.924 1 0 0 0 -0.924 -0.383 3704.dat
1 7 0 -90 60 0.924 0.383 0 0 0 1 0.383 -0.924 0 3647.dat
1 7 0 -69 60 -0.383 -0.924 0 0 0 -1 0.924 -0.383 0 4143.dat
1 14 0 -56 -230 -1 0 0 0 1 0 0 0 -1 3023.dat
1 0 0 -48 -230 -1 0 0 0 1 0 0 0 -1 3710.dat
1 14 0 -72 -230 -1 0 0 0 1 0 0 0 -1 3023.dat
1 0 0 -64 -230 -1 0 0 0 1 0 0 0 -1 3710.dat
1 0 0 -80 -230 -1 0 0 0 1 0 0 0 -1 3710.dat
1 0 30 -80 -100 0 0 1 0 1 0 -1 0 0 3023.dat
1 0 -30 -80 -100 0 0 1 0 1 0 -1 0 0 3023.dat
1 7 0 -104 140 0 0 -1 0 1 0 1 0 0 2856.dat
1 7 0 -104 140 1 0 0 0 1 0 0 0 1 2855.dat
1 0 60 -134 120 1 0 0 0 1 0 0 0 1 2780.dat
1 0 60 -134 160 1 0 0 0 1 0 0 0 1 2780.dat
1 0 -60 -134 160 1 0 0 0 1 0 0 0 1 2780.dat
1 0 -60 -134 120 1 0 0 0 1 0 0 0 1 2780.dat
1 0 60 -54 140 1 0 0 0 1 0 0 0 1 2780.dat
1 0 -60 -54 140 1 0 0 0 1 0 0 0 1 2780.dat
1 0 0 -112 100 1 0 0 0 1 0 0 0 1 3022.dat
1 0 0 -120 90 1 0 0 0 1 0 0 0 1 3023.dat
1 0 0 -112 180 1 0 0 0 1 0 0 0 1 3709.dat
1 0 20 -120 180 1 0 0 0 1 0 0 0 1 3022.dat
1 0 -20 -120 180 1 0 0 0 1 0 0 0 1 3022.dat
1 0 -70 -154 110 0 0 -1 -1 0 0 0 1 0 3701.dat
1 0 -70 -134 134 0 0 -1 -1 0 0 0 1 0 3023.dat
1 0 -70 -134 142 0 0 -1 -1 0 0 0 1 0 3023.dat
1 0 -70 -134 150 0 0 -1 -1 0 0 0 1 0 3700.dat
1 0 0 -134 140 0 0 -1 0 1 0 1 0 0 3707.dat
1 7 0 -134 75 -1 0 0 0 1 0 0 0 -1 4265.dat
1 7 0 -134 150 0 -1 0 1 0 0 0 0 1 3713.dat
1 0 0 -134 120 0 -1 0 -1 0 0 0 0 -1 4716.dat
1 0 0 -144 90 -1 0 0 0 1 0 0 0 -1 3700.dat
1 0 0 -144 170 -1 0 0 0 1 0 0 0 -1 3700.dat
1 0 0 -144 190 -1 0 0 0 1 0 0 0 -1 3700.dat
1 7 0 -134 205 1 0 0 0 1 0 0 0 1 4265.dat
1 7 0 -154 218 0 0 1 0 1 0 -1 0 0 4274.dat
1 7 0 -114 62 0 0 -1 0 1 0 1 0 0 4274.dat
1 0 70 -34 150 0 0 -1 1 0 0 0 -1 0 3701.dat
1 0 -70 -34 150 0 0 -1 1 0 0 0 -1 0 3701.dat
1 7 -90 -14 140 0 0 -1 0 -1 0 -1 0 0 3713.dat
1 7 90 -14 140 0 0 1 0 -1 0 1 0 0 3713.dat
1 14 -30 -104 -160 0 0 -1 0 1 0 1 0 0 3702.dat
1 14 30 -104 -160 0 0 -1 0 1 0 1 0 0 3702.dat
1 0 70 -134 150 0 0 -1 -1 0 0 0 1 0 3700.dat
1 0 70 -134 142 0 0 -1 -1 0 0 0 1 0 3023.dat
1 0 70 -134 134 0 0 -1 -1 0 0 0 1 0 3023.dat
1 0 70 -154 110 0 0 -1 -1 0 0 0 1 0 3701.dat
1 14 -50 -265.924 197.782 0 0 -1 -0.707 0.707 0 0.707 0.707 0 3703.dat
1 0 -40 -357.834 303.832 1 0 0 0 0.707 -0.707 0 0.707 0.707 2780.dat
1 7 -40 -159.874 105.872 1 0 0 0 0.707 -0.707 0 0.707 0.707 3749.dat
1 7 -40 -216.434 162.432 1 0 0 0 0.707 -0.707 0 0.707 0.707 3749.dat
1 7 -60 -272.994 218.992 -1 0 0 0 0.707 0.707 0 0.707 -0.707 3749.dat
1 7 -30 -216.434 162.432 0 -1 0 -0.707 0 0.707 -0.707 0 -0.707 2825.dat
1 7 -30 -159.874 105.872 0 0 -1 -0.707 0.707 0 0.707 0.707 0 3713.dat
1 0 0 -202.294 148.292 1 0 0 0 -0.422786 -0.906374 0 0.906374 -0.422786 3707.dat
1 0 0 -174.014 120.012 1 0 0 0 0.707 -0.707 0 0.707 0.707 3737.dat
1 7 -20 -174.014 120.012 0 0 1 0.707 0.707 0 -0.707 0.707 0 3713.dat
1 7 -20 -202.294 148.292 0 1 0 0.422786 0 -0.906374 -0.906374 0 -0.422786 2825.dat
1 7 0 -174.014 120.012 0 0 1 -0.707 -0.707 0 0.707 -0.707 0 3648.dat
1 7 20 -202.294 148.292 0 -1 0 -0.422786 0 -0.906374 0.906374 0 -0.422786 2825.dat
1 7 30 -216.434 162.432 0 1 0 0.707 0 0.707 0.707 0 -0.707 2825.dat
1 7 20 -174.014 120.012 0 0 -1 -0.707 0.707 0 0.707 0.707 0 3713.dat
1 7 40 -159.874 105.872 -1 0 0 0 0.707 0.707 0 0.707 -0.707 3749.dat
1 7 30 -159.874 105.872 0 0 1 0.707 0.707 0 -0.707 0.707 0 3713.dat
1 14 50 -265.924 197.782 0 0 1 0.707 0.707 0 -0.707 0.707 0 3703.dat
1 7 60 -272.994 218.992 1 0 0 0 0.707 -0.707 0 0.707 0.707 3749.dat
1 7 40 -216.434 162.432 -1 0 0 0 0.707 0.707 0 0.707 -0.707 3749.dat
1 0 40 -357.834 303.832 1 0 0 0 0.707 -0.707 0 0.707 0.707 2780.dat
1 0 0 -160 -40 0 -0.991 -0.131 1 0 0 0 -0.131 0.991 3708.dat
1 7 0 -92 -40 0.131 -0.991 0 0 0 1 -0.991 -0.131 0 3648.dat
1 7 0 -80 -40 -0.131 -0.991 0 0 0 -1 0.991 -0.131 0 4143.dat
1 7 0 -186.159 -40 0.131 -0.991 0 0 0 1 -0.991 -0.131 0 4265.dat
1 14 70 -114 -10 0 0 1 1 0 0 0 1 0 3895.dat
1 14 -70 -114 -10 0 0 1 1 0 0 0 1 0 3895.dat
1 0 60 -214 0 -1 0 0 0 1 0 0 0 -1 2780.dat
1 0 -60 -214 0 -1 0 0 0 1 0 0 0 -1 2780.dat
1 0 50 -54 -110 0 0 1 1 0 0 0 1 0 3894.dat
1 0 -50 -54 -110 0 0 1 1 0 0 0 1 0 3894.dat
1 14 68 -310.904 231.753 0 -1 0 -0.948 0 -0.319 0.319 0 -0.948 2711.dat
1 14 -68 -310.904 231.753 0 1 0 -0.948 0 0.319 0.319 0 0.948 2711.dat
1 7 -70 -279.1922 511.7174 0 -1 0 -0.622572 0 -0.782763 0.782763 0 -0.622572 2825.dat
1 0 0 -279.1922 511.7174 1 0 0 0 -0.622572 -0.782763 0 0.782763 -0.622572 3707.dat
1 0 0 -326.158 474.3631 1 0 0 0 -0.622572 -0.782763 0 0.782763 -0.622572 3707.dat
1 7 -61 -326.158 474.3631 0 0 1 0.782763 -0.622572 0 0.622572 0.782763 0 4265.dat
1 7 -50 -344.8351 497.8459 0 -1 0 0.622572 0 0.782763 -0.782763 0 0.622572 4263.dat
1 7 -45 -326.158 474.3631 0 0 1 0.782763 -0.622572 0 0.622572 0.782763 0 4265.dat
1 7 45 -326.158 474.3631 0 0 -1 -0.782763 -0.622572 0 -0.622572 0.782763 0 4265.dat
1 7 10 -342.3526 486.1045 1 0 0 0 0.586951 -0.809317 0 0.809317 0.586951 3651.dat
1 0 10 -358.5464 497.8465 0 0 -1 -0.809317 0.586951 0 0.586951 0.809317 0 4519.dat
1 7 10 -374.7411 509.5879 -1 0 0 0 0.586951 0.809317 0 0.809317 -0.586951 3651.dat
1 7 50 -344.8351 497.8459 0 1 0 0.622572 0 -0.782763 -0.782763 0 -0.622572 4263.dat
1 7 61 -326.158 474.3631 0 0 -1 -0.782763 -0.622572 0 -0.622572 0.782763 0 4265.dat
1 7 20 -390.9355 521.3307 1 0 0 0 -0.586951 0.809317 0 -0.809317 -0.586951 3673.dat
1 7 70 -279.1922 511.7174 0 1 0 0.622572 0 -0.782763 -0.782763 0 -0.622572 2825.dat
1 7 -70 -326.1419 568.3156 0 -1 0 -0.622937 0 0.78247 -0.78247 0 -0.622937 2825.dat
1 0 0 -326.1419 568.3156 1 0 0 0 -0.622937 0.78247 0 -0.78247 -0.622937 3707.dat
1 0 0 -279.1937 530.9394 1 0 0 0 -0.622937 0.78247 0 -0.78247 -0.622937 3707.dat
1 7 -50 -326.1419 568.3156 0 1 0 0.78247 0 -0.622937 -0.622937 0 -0.78247 2825.dat
1 7 -10 -342.342 556.5818 -1 0 0 0 0.586571 -0.80959 0 -0.80959 -0.586571 3651.dat
1 0 -10 -358.5413 544.8474 0 0 1 -0.80959 0.586571 0 -0.586571 -0.80959 0 4519.dat
1 7 -10 -374.7414 533.1136 1 0 0 0 0.586571 0.80959 0 -0.80959 0.586571 3651.dat
1 7 -20 -390.9413 521.3784 -1 0 0 0 -0.586571 0.80959 0 0.80959 0.586571 3673.dat
1 7 50 -326.1419 568.3156 0 -1 0 -0.78247 0 -0.622937 0.622937 0 -0.78247 2825.dat
1 7 70 -326.1419 568.3156 0 1 0 0.622937 0 0.78247 0.78247 0 -0.622937 2825.dat
1 7 58 -363.5219 521.3588 -1 0 0 0 0.707195 0.707227 0 0.707227 -0.707195 3749.dat
1 7 -58 -363.5219 521.3588 1 0 0 0 -0.707195 0.707227 0 -0.707227 -0.707195 3749.dat
1 5 10 -390.949 521.3693 1 0 0 0 0.622572 0.782763 0 -0.782763 0.622572 32073.dat
1 0 0 -381.949 462.0294 -1 0 0 0 0.934303 0.357207 0 0.357207 -0.934303 3706.dat
1 14 -30 -379.839 381.4094 0 0 1 0.15 0.989 0 -0.989 0.15 0 3703.dat
1 7 -10 -381.949 462.0294 0 -1 0 -0.357207 0 -0.934303 0.934303 0 -0.357207 2825.dat
1 7 10 -381.949 462.0294 0 1 0 0.357207 0 -0.934303 -0.934303 0 -0.357207 2825.dat
1 14 30 -379.839 381.4094 0 0 1 0.15 0.989 0 -0.989 0.15 0 3703.dat
1 7 50 -403.4001 518.0837 0 -1 0 -0.934303 0 0.357207 -0.357207 0 -0.934303 2825.dat
1 7 -50 -403.4001 518.0837 0 1 0 0.934303 0 0.357207 0.357207 0 -0.934303 2825.dat
1 7 60 -403.4001 518.0837 -1 0 0 0 0.934303 0.357207 0 0.357207 -0.934303 3749.dat
1 7 -60 -403.4001 518.0837 1 0 0 0 0.934303 -0.357207 0 0.357207 0.934303 3749.dat
1 14 68 -384.28 529.6907 0 0 -1 0.997372 0.081459 0 0.081459 -0.997372 0 3701.dat
1 14 -70 -384.28 529.6907 0 0 -1 0.997372 0.081459 0 0.081459 -0.997372 0 3701.dat
1 14 0 -377.251 310.9793 1 0 0 0 0.989 -0.15 0 0.15 0.989 3710.dat
1 0 50 -348.949 244.4494 1 0 0 0 0.989 -0.15 0 0.15 0.989 3705.dat
1 0 -50 -348.949 244.4494 1 0 0 0 0.989 -0.15 0 0.15 0.989 3705.dat
1 7 -15 -348.949 244.4494 0 0 1 0.15 0.989 0 -0.989 0.15 0 4265.dat
1 7 15 -348.949 244.4494 0 0 -1 -0.15 0.989 0 0.989 0.15 0 4265.dat
1 7 50 -348.949 244.4494 0 0 -1 -0.15 0.989 0 0.989 0.15 0 3713.dat
1 7 -50 -348.949 244.4494 0 0 1 0.15 0.989 0 -0.989 0.15 0 3713.dat
1 14 0 -112 -230 1 0 0 0 1 0 0 0 1 3710.dat
1 14 0 -112 -90 1 0 0 0 1 0 0 0 1 3710.dat
1 7 70 -202.294 148.292 0 -1 0 -0.422 0 -0.906 0.906 0 -0.422 2825.dat
1 0 85 -256.656 122.943 1 0 0 0 0.906 -0.422 0 0.422 0.906 3704.dat
1 7 0 -401.605 378.18 0 0 1 0.15 0.989 0 -0.989 0.15 0 4274.dat
1 7 0 -281.4587 182.2321 0 0 -1 -0.707227 0.707195 0 0.707195 0.707227 0 4274.dat
1 16 0 -419.3409 447.8293 0 -1 0 0.319459 0 0.947928 -0.947928 0 0.319459 2900.dat
1 7 0 -416.3061 438.8239 0 0 1 0.947928 -0.319459 0 0.319459 0.947928 0 342.dat
1 16 0 -238.5126 131.3705 0 1 0 -0.615852 0 0.788255 0.788255 0 0.615852 2900.dat
1 7 0 -244.3632 138.8589 0 0 1 -0.788255 0.615852 0 -0.615852 -0.788255 0 342.dat
1 14 0 -271.5562 192.1345 1 0 0 0 0.707195 -0.707227 0 0.707227 0.707195 3795.dat
1 14 0 -389.259 390.17 1 0 0 0 0.989 -0.15 0 0.15 0.989 3710.dat
1 14 0 -281.4581 168.0859 1 0 0 0 0.707195 -0.707227 0 0.707227 0.707195 3700.dat
1 14 0 -412.995 386.57 1 0 0 0 0.989 -0.15 0 0.15 0.989 3700.dat
1 7 73 -272.994 218.992 0 0 1 0.707 0.707 0 -0.707 0.707 0 4265.dat
1 7 73 -348.949 244.449 0 0 1 0.15 0.989 0 -0.989 0.15 0 4265.dat
1 7 -73 -348.949 244.449 0 0 -1 -0.15 0.989 0 0.989 0.15 0 4265.dat
1 7 -73 -272.994 218.992 0 0 -1 0.719 0.695 0 0.695 -0.719 0 4265.dat
1 14 0 -199.1588 -39.9911 1 0 0 0 1.000441 0 0 0 1.000441 3709.dat
1 14 30 -223.1644 -39.991 0 0 -1 0 1.000441 0 1.000441 0 0 3700.dat
1 14 -30 -223.1644 -39.991 0 0 -1 0 1.000441 0 1.000441 0 0 3700.dat
1 7 40 -213.162 -39.991 1 0 0 0 1 -0.021 0 0.021 1 3673.dat
1 7 -40 -213.162 -39.991 1 0 0 0 1 -0.021 0 0.021 1 3673.dat
1 14 0 -231.1659 -39.9909 1 0 0 0 1.000441 0 0 0 1.000441 3709.dat
1 14 50 -223.162 -40.201 0 0 -1 -0.021 1 0 1 0.021 0 3894.dat
1 14 -50 -223.162 -40.201 0 0 -1 -0.021 1 0 1 0.021 0 3894.dat
1 7 60 -212.322 -79.991 1 0 0 0 1 -0.021 0 0.021 1 3673.dat
1 7 -60 -212.322 -79.991 1 0 0 0 1 -0.021 0 0.021 1 3673.dat
1 0 0 -238.549 131.381 1 0 0 0 1 0 0 0 1 4519.dat
1 7 25 -238.549 131.381 0 0 1 0 1 0 -1 0 0 4265.dat
1 7 -25 -238.549 131.381 0 0 -1 0 1 0 1 0 0 4265.dat
1 0 0 -419.321 447.741 1 0 0 0 1 0 0 0 1 4519.dat
1 7 25 -419.321 447.741 0 0 1 0 1 0 -1 0 0 4265.dat
1 7 -25 -419.321 447.741 0 0 -1 0 1 0 1 0 0 4265.dat
1 14 0 -230.104 -90.358 1 0 0 0 1 -0.021 0 0.021 1 3666.dat
1 14 0 -232.206 9.619 1 0 0 0 1 -0.021 0 0.021 1 3666.dat
1 7 88 -34.28 -3.34 -1 0 0 0 1 0 0 0 -1 4274.dat
1 0 0 -94 -100 -1 0 0 0 1 0 0 0 -1 3737.dat
1 14 70 -154.827 -99.851 0 0 -1 -0.986 0.167 0 0.167 0.986 0 3702.dat
1 14 -70 -154.827 -99.851 0 0 -1 -0.986 0.167 0 0.167 0.986 0 3702.dat
1 7 85 -94 -100 0 0 1 0 1 0 -1 0 0 4265.dat
1 7 -85 -94 -100 0 0 -1 0 1 0 1 0 0 4265.dat
1 14 0 -119.997 -159.996 0 0 1 0 1 0 -1 0 0 3738.dat
1 15 107 -14 -170 0 0 1 0 1 0 -1 0 0 4266.dat
1 256 107 -14 -170 0 0 1 0 1 0 -1 0 0 2857.dat
1 15 107 -14 140 0 0 1 0 1 0 -1 0 0 4266.dat
1 256 107 -14 140 0 0 1 0 1 0 -1 0 0 2857.dat
1 15 -107 -14 -170 0 0 -1 0 1 0 1 0 0 4266.dat
1 256 -107 -14 -170 0 0 -1 0 1 0 1 0 0 2857.dat
1 15 -107 -14 140 0 0 -1 0 1 0 1 0 0 4266.dat
1 256 -107 -14 140 0 0 -1 0 1 0 1 0 0 2857.dat
1 7 0 -256 -40 -0.131 0 -0.991 0 1 0 0.991 0 -0.131 4032.dat
1 46 0 -280 -40 -0.131 0 -0.991 0 1 0 0.991 0 -0.131 3941.dat
1 7 0 -288 -40 -0.131 0 -0.991 0 1 0 0.991 0 -0.131 4150.dat
