0 
0 Name: New Model.ldr
0 Author: 
1 0 47.9384 -222.6278 178.9077 0.984589 -0.036021 0.171139 0.01213 0.990268 0.138643 -0.174467 -0.134431 0.975444 3404.dat
1 0 49.0911 -254.3163 183.2095 0.984589 -0.036021 0.171139 0.01213 0.990268 0.138643 -0.174467 -0.134431 0.975444 4597.dat
1 4 99.185 -277.4763 177.7125 -0.171139 -0.036021 0.984589 -0.138643 0.990268 0.01213 -0.975444 -0.134431 -0.174467 3010.dat
1 4 0.7261 -278.6893 195.1592 -0.171139 -0.036021 0.984589 -0.138643 0.990268 0.01213 -0.975444 -0.134431 -0.174467 3010.dat
1 4 58.5125 -271.1506 235.208 -0.984589 -0.036021 -0.171139 -0.01213 0.990268 -0.138643 0.174467 -0.134431 -0.975444 3009.dat
1 4 80.7822 -284.5298 130.685 0.984589 -0.036021 0.171139 0.01213 0.990268 0.138643 -0.174467 -0.134431 0.975444 3298.dat
1 4 2.0151 -285.5001 144.6423 0.984589 -0.036021 0.171139 0.01213 0.990268 0.138643 -0.174467 -0.134431 0.975444 3298.dat
1 0 58.8007 -279.0728 236.2835 0.984589 -0.036021 0.171139 0.01213 0.990268 0.138643 -0.174467 -0.134431 0.975444 3023.dat
1 0 41.6868 -292.9371 138.7391 0.984589 -0.036021 0.171139 0.01213 0.990268 0.138643 -0.174467 -0.134431 0.975444 3710.dat
1 0 41.975 -300.8592 139.8145 0.984589 -0.036021 0.171139 0.01213 0.990268 0.138643 -0.174467 -0.134431 0.975444 3023.dat
1 0 42.2631 -308.7814 140.89 0.984589 -0.036021 0.171139 0.01213 0.990268 0.138643 -0.174467 -0.134431 0.975444 3069.dat
1 0 59.0888 -286.9949 237.3589 0.984589 -0.036021 0.171139 0.01213 0.990268 0.138643 -0.174467 -0.134431 0.975444 3069.dat
1 4 94.9153 -305.402 151.6755 0.984589 -0.036021 0.171139 0.01213 0.990268 0.138643 -0.174467 -0.134431 0.975444 3040.dat
1 4 -3.5435 -306.615 169.1222 0.984589 -0.036021 0.171139 0.01213 0.990268 0.138643 -0.174467 -0.134431 0.975444 3040.dat
1 4 108.6064 -294.3105 229.711 -0.984589 -0.036021 -0.171139 -0.01213 0.990268 -0.138643 0.174467 -0.134431 -0.975444 2357.dat
1 4 10.1475 -295.5235 247.1577 -0.171139 -0.036021 0.984589 -0.138643 0.990268 0.01213 -0.975444 -0.134431 -0.174467 2357.dat
1 4 100.0495 -301.2427 180.9388 -0.171139 -0.036021 0.984589 -0.138643 0.990268 0.01213 -0.975444 -0.134431 -0.174467 3700.dat
1 4 1.5906 -302.4557 198.3855 -0.171139 -0.036021 0.984589 -0.138643 0.990268 0.01213 -0.975444 -0.134431 -0.174467 3700.dat
1 0 47.4321 -295.6794 170.9715 -0.984589 0.168209 -0.047871 -0.01213 0.207384 0.978184 0.174467 0.96369 -0.202147 2426.dat
1 0 -1.7234 -292.5894 197.5646 -0.984589 0.168209 -0.047871 -0.01213 0.207384 0.978184 0.174467 0.96369 -0.202147 3705.dat
1 256 -25.3535 -292.8805 201.7518 0.047871 0.168209 -0.984589 -0.978184 0.207384 -0.01213 0.202147 0.96369 0.174467 4288.dat
1 4 59.2293 -288.9137 238.0185 -0.168209 0.047871 -0.984589 -0.207384 -0.978184 -0.01213 -0.96369 0.202147 0.174467 2428.dat
1 0 91.8593 -263.2054 423.9496 -0.984589 0.047871 0.168209 -0.01213 -0.978184 0.207384 0.174467 0.202147 0.96369 3665.dat
1 4 27.5981 -371.4742 53.7707 -0.984589 -0.168209 0.047871 -0.01213 -0.207384 -0.978184 0.174467 -0.96369 0.202147 2422.dat
1 0 26.7311 -382.9151 48.0826 -0.984589 -0.168209 0.047871 -0.01213 -0.207384 -0.978184 0.174467 -0.96369 0.202147 3839.dat
1 0 25.295 -353.5696 42.0182 -0.047871 -0.168209 -0.984589 0.978184 -0.207384 -0.01213 -0.202147 -0.96369 0.174467 2444.dat
1 0 24.9067 -374.7924 38.3516 -0.047871 -0.168209 -0.984589 0.978184 -0.207384 -0.01213 -0.202147 -0.96369 0.174467 4032.dat
1 42 23.5611 -376.4514 30.6421 -0.047871 -0.168209 -0.984589 0.978184 -0.207384 -0.01213 -0.202147 -0.96369 0.174467 4740.dat
1 7 22.6555 -336.0798 28.3383 -0.047871 -0.168209 -0.984589 0.978184 -0.207384 -0.01213 -0.202147 -0.96369 0.174467 3673.dat
1 4 20.4947 -328.3718 16.68 0.984589 0.168209 0.047871 0.01213 0.207384 -0.978184 -0.174467 0.96369 0.202147 2607.dat
1 0 20.74 -300.5834 19.9963 0.984589 0.174486 0.011852 0.01213 -0.000524 -0.999927 -0.174467 0.98466 -0.002633 2959.dat
1 4 20.3784 -270.0852 20.0762 0.984589 -0.011852 0.174486 0.01213 0.999927 -0.000524 -0.174467 0.002633 0.98466 4345.dat
1 42 26.9536 -238.018 25.0216 0.984589 -0.011852 0.174486 0.01213 0.999927 -0.000524 -0.174467 0.002633 0.98466 6141.dat
1 42 12.3468 -238.1551 11.3606 0.984589 -0.011852 0.174486 0.01213 0.999927 -0.000524 -0.174467 0.002633 0.98466 6141.dat
1 0 20.4732 -278.0847 20.0551 0.984589 -0.011852 0.174486 0.01213 0.999927 -0.000524 -0.174467 0.002633 0.98466 2609.dat
1 0 20.5503 -284.5842 20.038 0.984589 0.174486 0.011852 0.01213 -0.000524 -0.999927 -0.174467 0.98466 -0.002633 2959.dat
1 4 102.6254 -323.6227 193.9196 0.984589 -0.036021 0.171139 0.01213 0.990268 0.138643 -0.174467 -0.134431 0.975444 4286.dat
1 4 4.1665 -324.8357 211.3663 0.984589 -0.036021 0.171139 0.01213 0.990268 0.138643 -0.174467 -0.134431 0.975444 4286.dat
1 4 99.625 -318.1983 234.682 -0.984589 -0.036021 -0.171139 -0.01213 0.990268 -0.138643 0.174467 -0.134431 -0.975444 3660.dat
1 4 20.8579 -319.1686 248.6394 -0.984589 -0.036021 -0.171139 -0.01213 0.990268 -0.138643 0.174467 -0.134431 -0.975444 3660.dat
1 4 7.5893 -322.0628 230.8752 -0.984589 -0.036021 -0.171139 -0.01213 0.990268 -0.138643 0.174467 -0.134431 -0.975444 3005.dat
1 4 106.0481 -320.8499 213.4285 -0.984589 -0.036021 -0.171139 -0.01213 0.990268 -0.138643 0.174467 -0.134431 -0.975444 3005.dat
1 0 91.7787 -324.8553 247.2566 -0.171139 -0.036021 0.984589 -0.138643 0.990268 0.01213 -0.975444 -0.134431 -0.174467 3023.dat
1 0 32.7034 -325.5831 257.7246 -0.171139 -0.036021 0.984589 -0.138643 0.990268 0.01213 -0.975444 -0.134431 -0.174467 3023.dat
1 0 111.4705 -324.6127 243.7672 0.171139 -0.036021 -0.984589 0.138643 0.990268 -0.01213 0.975444 -0.134431 0.174467 4276.dat
1 0 13.0116 -325.8257 261.2139 0.171139 -0.036021 -0.984589 0.138643 0.990268 -0.01213 0.975444 -0.134431 0.174467 4276.dat
1 4 119.7696 -325.3815 290.5492 0.984589 0.032213 0.171896 0.01213 0.967945 -0.250869 -0.174467 0.249088 0.952637 2452.dat
1 0 119.5119 -333.125 288.5565 -0.984589 0.032213 -0.171896 -0.01213 0.967945 0.250869 0.174467 0.249088 -0.952637 3839.dat
1 42 147.711 -330.5142 298.8518 -0.984589 0.171896 0.032213 -0.01213 -0.250869 0.967945 0.174467 0.952637 0.249088 4589.dat
1 42 96.5124 -331.1449 307.9241 -0.984589 0.171896 0.032213 -0.01213 -0.250869 0.967945 0.174467 0.952637 0.249088 4589.dat
1 4 21.3107 -326.5945 307.9959 0.984589 0.032213 0.171896 0.01213 0.967945 -0.250869 -0.174467 0.249088 0.952637 2452.dat
1 0 21.053 -334.338 306.0032 -0.984589 0.032213 -0.171896 -0.01213 0.967945 0.250869 0.174467 0.249088 -0.952637 3839.dat
1 42 49.2522 -331.7271 316.2985 -0.984589 0.171896 0.032213 -0.01213 -0.250869 0.967945 0.174467 0.952637 0.249088 4589.dat
1 42 -1.9464 -332.3579 325.3708 -0.984589 0.171896 0.032213 -0.01213 -0.250869 0.967945 0.174467 0.952637 0.249088 4589.dat
1 0 55.3955 -330.7649 213.4728 -0.984589 -0.036021 -0.171139 -0.01213 0.990268 -0.138643 0.174467 -0.134431 -0.975444 3795.dat
1 0 53.3959 -324.2292 202.6429 -0.984589 -0.036021 -0.171139 -0.01213 0.990268 -0.138643 0.174467 -0.134431 -0.975444 3023.dat
1 4 103.6241 -331.2697 256.3418 -0.984589 -0.036021 -0.171139 -0.01213 0.990268 -0.138643 0.174467 -0.134431 -0.975444 2412.dat
1 4 24.857 -332.2401 270.2992 -0.984589 -0.036021 -0.171139 -0.01213 0.990268 -0.138643 0.174467 -0.134431 -0.975444 2412.dat
1 0 55.6837 -338.687 214.5483 -0.984589 -0.036021 -0.171139 -0.01213 0.990268 -0.138643 0.174467 -0.134431 -0.975444 3022.dat
1 0 106.6245 -336.6941 215.5793 0.984589 -0.036021 0.171139 0.01213 0.990268 0.138643 -0.174467 -0.134431 0.975444 2450.dat
1 0 8.1656 -337.9071 233.0261 -0.171139 -0.036021 0.984589 -0.138643 0.990268 0.01213 -0.975444 -0.134431 -0.174467 2450.dat
1 0 55.9718 -346.6092 215.6237 -0.171139 -0.036021 0.984589 -0.138643 0.990268 0.01213 -0.975444 -0.134431 -0.174467 3680.dat
1 7 55.9718 -346.6092 215.6237 0.999154 -0.036021 -0.019874 0.038361 0.990268 0.133782 0.014862 -0.134431 0.990812 3679.dat
1 0 56.0612 -353.1935 226.6073 0.999154 -0.036021 -0.019874 0.038361 0.990268 0.133782 0.014862 -0.134431 0.990812 3794.dat
1 0 56.4587 -355.8692 206.7911 0.999154 -0.036021 -0.019874 0.038361 0.990268 0.133782 0.014862 -0.134431 0.990812 2452.dat
1 0 56.7469 -363.7913 207.8665 0.999154 -0.036021 -0.019874 0.038361 0.990268 0.133782 0.014862 -0.134431 0.990812 3794.dat
1 0 57.035 -371.7134 208.942 -0.999154 -0.036021 0.019874 -0.038361 0.990268 -0.133782 -0.014862 -0.134431 -0.990812 4085.dat
1 42 56.3494 -361.1157 227.6827 -0.999154 -0.036021 0.019874 -0.038361 0.990268 -0.133782 -0.014862 -0.134431 -0.990812 2569.dat
1 4 57.3537 -378.4843 204.9938 -0.025673 0.032146 -0.999154 0.863693 -0.502557 -0.038361 -0.503365 -0.863947 -0.014862 4531.dat
1 4 57.8681 -386.5252 191.1707 -0.025673 0.032146 -0.999154 0.863693 -0.502557 -0.038361 -0.503365 -0.863947 -0.014862 3938.dat
1 0 61.1694 -396.291 174.2457 0.954224 -0.297988 0.025673 0.171268 0.474027 -0.863693 0.245201 0.828553 0.503365 2440.dat
