0 Main
0 Name: 7800-1 - Off Road Racer.mpd
0 Author: LTRON
1 7 0 -7.992 69.715 1 0 0 0 0.998372 -0.057041 0 0.057041 0.998372 6157.dat
1 0 0 -6.851 49.747 0 0 1 0.057041 0.998372 0 -0.998372 0.057041 0 3020.dat
1 7 0 -7.993 -70.514 1 0 0 0 0.998372 -0.057041 0 0.057041 0.998372 6157.dat
1 4 -10 -15.408 59.275 1 0 0 0 0.998372 -0.057041 0 0.057041 0.998372 6141.dat
1 4 10 -15.408 59.275 1 0 0 0 0.998372 -0.057041 0 0.057041 0.998372 6141.dat
1 15 0 -11.416 -10.611 0 0 1 0.057041 0.998372 0 -0.998372 0.057041 0 3795.dat
1 15 0 -7.423 -80.497 1 0 0 0 0.998372 -0.057041 0 0.057041 0.998372 2540.dat
1 9 0 -20.543 8.9 0 0 1 0.057041 0.998372 0 -0.998372 0.057041 0 3795.dat
1 9 0 -32.523 78.33 1 0 0 0 0.998372 -0.057041 0 0.057041 0.998372 3004.dat
1 15 0 -30.242 38.395 0 0 1 0.057041 0.998372 0 -0.998372 0.057041 0 3021.dat
1 15 0 -27.389 -11.524 1 0 0 0 0.998372 -0.057041 0 0.057041 0.998372 3022.dat
1 15 -10 -32.524 -61.899 1 0 0 0 0.998372 -0.057041 0 0.057041 0.998372 50950.dat
1 15 10 -32.524 -61.899 1 0 0 0 0.998372 -0.057041 0 0.057041 0.998372 50950.dat
1 15 -20 -39.369 57.906 -1 0 0 0 0.998372 0.057041 0 0.057041 -0.998372 43723.dat
1 15 20 -39.369 57.906 -1 0 0 0 0.998372 0.057041 0 0.057041 -0.998372 43722.dat
1 9 -10 -36.517 7.987 0 0 1 0.057041 0.998372 0 -0.998372 0.057041 0 44728.dat
1 9 10 -36.517 7.987 0 0 -1 -0.057041 0.998372 0 0.998372 0.057041 0 44728.dat
1 9 0 -34.806 -21.964 1 0 0 0 0.998372 -0.057041 0 0.057041 0.998372 2412.dat
1 9 0 -48.497 77.417 1 0 0 0 0.998372 -0.057041 0 0.057041 0.998372 2431.dat
1 0 0 -47.356 57.449 1 0 0 0 0.998372 -0.057041 0 0.057041 0.998372 50948.dat
1 7 -40 -3 70 0 0 1 0.057041 0.998372 0 -0.998372 0.057041 0 6014.dat
1 7 40 -3 70 0 0 -1 -0.057041 0.998372 0 0.998372 0.057041 0 6014.dat
1 7 -40 -3.001 -70.228 0 0 1 0.057041 0.998372 0 -0.998372 0.057041 0 6014.dat
1 7 40 -3.001 -70.228 0 0 -1 -0.057041 0.998372 0 0.998372 0.057041 0 6014.dat
1 256 -46 -3 70 0 0 1 0.057041 0.998372 0 -0.998372 0.057041 0 60700.dat
1 256 46 -3 70 0 0 -1 -0.057041 0.998372 0 0.998372 0.057041 0 60700.dat
1 256 -46 -3.001 -70.228 0 0 1 0.057041 0.998372 0 -0.998372 0.057041 0 60700.dat
1 256 46 -3.001 -70.228 0 0 -1 -0.057041 0.998372 0 0.998372 0.057041 0 60700.dat
