0 
0 Name: New Model.ldr
0 Author: 
1 4 276.6472 -32 267.2127 0.829241 0 0.559426 0 1 0 -0.559426 0 0.829241 15.dat
1 4 243.0782 -32 217.4699 0.829241 0 0.559426 0 1 0 -0.559426 0 0.829241 15.dat
1 1 361.6 -48 351.72 0.755 0 -0.656 0 1 0 0.656 0 0.755 3035.dat
1 14 381.28 -72 329.07 -0.755 0 0.656 0 1 0 -0.656 0 -0.755 3009.dat
1 14 414.45 -72 397.64 -0.656 0 -0.755 0 1 0 0.755 0 -0.656 3010.dat
1 14 341.92 -72 374.37 -0.755 0 0.656 0 1 0 -0.656 0 -0.755 3009.dat
1 4 243.0782 -40 217.4699 0.829241 0 0.559426 0 1 0 -0.559426 0 0.829241 3023.dat
1 1 276.6472 -40 267.2127 -0.829241 0 -0.559426 0 1 0 0.559426 0 -0.829241 3184.dat
1 14 331.4 -80 325.48 0.656 0 0.755 0 1 0 -0.755 0 0.656 3020.dat
1 4 259.862 -64 242.3414 0.559426 0 -0.829241 0 1 0 0.829241 0 0.559426 3001.dat
1 14 338.95 -104 332.04 -0.656 0 -0.755 0 1 0 0.755 0 -0.656 3010.dat
1 1 308.75 -40 305.8 0.656 0 0.755 0 1 0 -0.755 0 0.656 3183.dat
1 4 243.0782 -88 217.4699 -0.829241 0 -0.559426 0 1 0 0.559426 0 -0.829241 3039.dat
1 4 231.8884 -112 200.888 -0.829241 0 -0.559426 0 1 0 0.559426 0 -0.829241 3039.dat
1 4 226.2936 -88 192.5977 -0.829241 0 -0.559426 0 1 0 0.559426 0 -0.829241 3022.dat
1 4 220.6988 -96 184.3075 -0.829241 0 -0.559426 0 1 0 0.559426 0 -0.829241 3023.dat
1 4 220.6988 -80 184.3075 -0.829241 0 -0.559426 0 1 0 0.559426 0 -0.829241 3023.dat
1 4 285.5583 -74 273.2661 0.559426 -0.829241 0 0 0 -1 0.829241 0.559426 0 3069.dat
1 0 331.4 -40 325.48 0.656 0 0.755 0 1 0 -0.755 0 0.656 3137.dat
1 0 391.8 -40 377.96 0.656 0 0.755 0 1 0 -0.755 0 0.656 3137.dat
1 256 412.136 -18 354.555 0.656 0 0.755 0 1 0 -0.755 0 0.656 3139.dat
1 256 351.736 -18 302.075 0.656 0 0.755 0 1 0 -0.755 0 0.656 3139.dat
1 256 311.064 -18 348.885 0.656 0 0.755 0 1 0 -0.755 0 0.656 3139.dat
1 256 371.464 -18 401.365 0.656 0 0.755 0 1 0 -0.755 0 0.656 3139.dat
1 0 308.75 -80 305.8 0.656 0 0.755 0 1 0 -0.755 0 0.656 15.dat
1 0 323.85 -112 318.92 0.656 0 0.755 0 1 0 -0.755 0 0.656 17.dat
1 14 323.85 -136 318.92 0.656 0 0.755 0 1 0 -0.755 0 0.656 3626.dat
1 0 323.85 -136 318.92 0.656 0 0.755 0 1 0 -0.755 0 0.656 3629.dat
