0 Main
0 Name: 42032 - Compact Track Loader - Snow Groomer.mpd
0 Author: LTRON
1 71 0 0 0 -1 0 0 0 0 1 0 1 0 32184.dat
1 71 0 0 20 -1 0 0 0 0 1 0 1 0 44294.dat
1 71 0 0 -20 -1 0 0 0 0 1 0 1 0 4519.dat
1 71 -20 0 20 0 -1 0 0 0 -1 1 0 0 33299.dat
1 71 20 0 20 0 1 0 0 0 -1 -1 0 0 33299.dat
1 71 -15 0 -20 0 0 1 0 1 0 -1 0 0 32123.dat
1 71 15 0 -20 0 0 1 0 1 0 -1 0 0 32123.dat
1 71 -40 0 20 0 0 1 0 1 0 -1 0 0 3713.dat
1 71 40 0 20 0 0 -1 0 -1 0 -1 0 0 3713.dat
1 0 -60 0 20 0 0 1 0 1 0 -1 0 0 32039.dat
1 0 60 0 20 0 0 -1 0 -1 0 -1 0 0 32039.dat
1 72 0 -70 0 0 0 -1 1 0 0 0 -1 0 55013.dat
1 71 0 -15 0 -1 0 0 0 0 -1 0 -1 0 32123.dat
1 71 0 -40 0 1 0 0 0 0 -1 0 1 0 4716.dat
1 71 0 -65 0 -1 0 0 0 0 -1 0 -1 0 32123.dat
1 71 0 -80 0 -1 0 0 0 0 1 0 1 0 32184.dat
1 0 0 -80 -20 -1 0 0 0 0 1 0 1 0 3706.dat
1 71 -15 -80 -20 0 0 -1 -1 0 0 0 1 0 32123.dat
1 71 15 -80 -20 0 0 -1 -1 0 0 0 1 0 32123.dat
1 72 25 -40 -20 0 -1 0 -1 0 0 0 0 -1 99773.dat
1 71 0 -40 -120 -1 0 0 0 0 -1 0 -1 0 63869.dat
1 71 0 -40 -120 -1 0 0 0 0 -1 0 -1 0 4519.dat
1 0 15 -40 -80 0 -1 0 -1 0 0 0 0 -1 11478.dat
1 0 0 -40 -40 1 0 0 0 -1 0 0 0 -1 3705.dat
1 72 0 -40 -40 0 0 1 0 -1 0 1 0 0 3648.dat
1 0 -15 -40 -80 0 -1 0 -1 0 0 0 0 -1 11478.dat
1 72 -25 -40 -20 0 1 0 1 0 0 0 0 -1 99773.dat
1 72 -70 -22.961 -75.433 -1 0 0 0 0.924 -0.383 0 -0.383 -0.924 87083.dat
1 71 -90 -22.961 -75.433 0 0 1 -0.383 0.924 0 -0.924 -0.383 0 87407.dat
1 72 -80 -22.961 -75.433 1 0 0 0 0.383 -0.924 0 0.924 0.383 6553.dat
1 15 -80 0 -20 -1 0 0 0 1 0 0 0 -1 32016.dat
1 71 -70 -22.961 -75.433 0 0 -1 -0.383 0.924 0 0.924 0.383 0 87407.dat
1 71 -45 -22.961 -75.433 0 0 -1 0.383 0.924 0 0.924 -0.383 0 32123.dat
1 19 -80 0 -20 1 0 0 0 1 0 0 0 1 32556.dat
1 71 -80 0 40 0 0 1 0 1 0 -1 0 0 32073.dat
1 71 -90 0 -20 0 0 1 0 1 0 -1 0 0 87407.dat
1 71 -70 0 -20 0 0 -1 0 1 0 1 0 0 87407.dat
1 72 70 -22.961 -75.433 1 0 0 0 0.383 -0.924 0 0.924 0.383 87083.dat
1 71 90 -22.961 -75.433 0 0 -1 -0.383 0.924 0 0.924 0.383 0 87407.dat
1 72 80 -22.961 -75.433 1 0 0 0 0.383 -0.924 0 0.924 0.383 6553.dat
1 15 80 0 -20 -1 0 0 0 1 0 0 0 -1 32016.dat
1 71 70 -22.961 -75.433 0 0 1 -0.383 0.924 0 -0.924 -0.383 0 87407.dat
1 71 45 -22.961 -75.433 0 0 -1 0.383 0.924 0 0.924 -0.383 0 32123.dat
1 19 80 0 -20 1 0 0 0 1 0 0 0 1 32556.dat
1 71 80 0 40 0 0 1 0 1 0 -1 0 0 32073.dat
1 71 70 0 -20 0 0 1 0 1 0 -1 0 0 87407.dat
1 71 90 0 -20 0 0 -1 0 1 0 1 0 0 87407.dat
1 15 0 0 40 0 0 -1 1 0 0 0 -1 0 32525.dat
1 71 -80 0 60 0 1 0 1 0 0 0 0 -1 3713.dat
1 71 80 0 60 0 1 0 1 0 0 0 0 -1 3713.dat
1 0 -100 0 40 0 1 0 0 0 1 1 0 0 32054.dat
1 0 100 0 40 0 1 0 0 0 1 1 0 0 32054.dat
1 72 70 0 100 1 0 0 0 1 0 0 0 1 87083.dat
1 71 90 0 100 0 0 -1 0 1 0 1 0 0 87407.dat
1 0 80 0 80 -1 0 0 0 1 0 0 0 -1 32039.dat
1 72 -70 0 100 -1 0 0 0 -1 0 0 0 1 87083.dat
1 71 -90 0 100 0 0 1 0 -1 0 1 0 0 87407.dat
1 0 -80 0 80 1 0 0 0 -1 0 0 0 -1 32039.dat
1 71 70 0 100 0 0 1 0 -1 0 1 0 0 87407.dat
1 71 -70 0 100 0 0 -1 0 -1 0 -1 0 0 87407.dat
1 72 -40 0 100 1 0 0 0 -1 0 0 0 -1 6536.dat
1 72 40 0 100 1 0 0 0 -1 0 0 0 -1 6536.dat
1 0 -40 -20 110 0 0 -1 0 -1 0 -1 0 0 2780.dat
1 0 40 -20 110 0 0 -1 0 -1 0 -1 0 0 2780.dat
1 15 0 -20 120 0 0 -1 -1 0 0 0 1 0 32316.dat
1 16 80 -38.1264 -95.4331 -1 0 0 0 0.318746 0.94784 0 0.94784 -0.318746 3873.dat
1 16 80 -47.1292 -82.2062 -1 0 0 0 0.826678 0.562675 0 0.562675 -0.826678 3873.dat
1 16 80 -46.9878 -66.2068 -1 0 0 0 0.999961 -0.008839 0 -0.008839 -0.999961 3873.dat
1 16 80 -44.9889 -50.3322 -1 0 0 0 0.992165 -0.124932 0 -0.124932 -0.992165 3873.dat
1 16 80 -42.9134 -34.4674 -1 0 0 0 0.991551 -0.12972 0 -0.12972 -0.991551 3873.dat
1 16 80 -40.837 -18.6027 -1 0 0 0 0.991544 -0.129773 0 -0.129773 -0.991544 3873.dat
1 16 80 -38.7606 -2.738 -1 0 0 0 0.991543 -0.129775 0 -0.129775 -0.991543 3873.dat
1 16 80 -36.6842 13.1267 -1 0 0 0 0.991543 -0.129775 0 -0.129775 -0.991543 3873.dat
1 16 80 -34.6078 28.9914 -1 0 0 0 0.991543 -0.129775 0 -0.129775 -0.991543 3873.dat
1 16 80 -32.5314 44.8561 -1 0 0 0 0.991543 -0.129775 0 -0.129775 -0.991543 3873.dat
1 16 80 -30.455 60.7208 -1 0 0 0 0.991543 -0.129775 0 -0.129775 -0.991543 3873.dat
1 16 80 -28.3786 76.5855 -1 0 0 0 0.991543 -0.129775 0 -0.129775 -0.991543 3873.dat
1 16 80 -26.3022 92.4502 -1 0 0 0 0.991543 -0.129775 0 -0.129775 -0.991543 3873.dat
1 16 80 -23.6872 108.235 -1 0 0 0 0.986554 -0.163437 0 -0.163437 -0.986554 3873.dat
1 16 80 -13.8929 120.887 -1 0 0 0 0.790745 -0.612146 0 -0.612146 -0.790745 3873.dat
1 16 80 1.571 124.9942 -1 0 0 0 0.256705 -0.96649 0 -0.96649 -0.256705 3873.dat
1 16 80 16.3953 118.9743 -1 0 0 0 -0.376248 -0.926519 0 -0.926519 0.376248 3873.dat
1 16 80 24.4955 105.1762 -1 0 0 0 -0.862376 -0.506268 0 -0.506268 0.862376 3873.dat
1 16 80 25.0637 89.1863 -1 0 0 0 -0.999369 -0.035513 0 -0.035513 0.999369 3873.dat
1 16 80 25.0995 73.1864 -1 0 0 0 -0.999998 -0.002233 0 -0.002233 0.999998 3873.dat
1 16 80 25.1 57.1864 -1 0 0 0 -1 -0.000032 0 -0.000032 1 3873.dat
1 16 80 25.1 41.1864 -1 0 0 0 -1 0 0 0 1 3873.dat
1 16 80 25.1 25.1864 -1 0 0 0 -1 0 0 0 1 3873.dat
1 16 80 25.1 9.1864 -1 0 0 0 -1 0 0 0 1 3873.dat
1 16 80 25.1 -6.8136 -1 0 0 0 -1 0 0 0 1 3873.dat
1 16 80 24.9322 -22.8127 -1 0 0 0 -0.999945 0.010486 0 0.010486 0.999945 3873.dat
1 16 80 19.7333 -37.9445 -1 0 0 0 -0.945737 0.324933 0 0.324933 0.945737 3873.dat
1 16 80 13.612 -52.7273 -1 0 0 0 -0.923922 0.382582 0 0.382582 0.923922 3873.dat
1 16 80 7.4891 -67.5094 -1 0 0 0 -0.923881 0.382681 0 0.382681 0.923881 3873.dat
1 16 80 1.3662 -82.2915 -1 0 0 0 -0.92388 0.382682 0 0.382682 0.92388 3873.dat
1 16 80 -7.8029 -95.4036 -1 0 0 0 -0.819509 0.573066 0 0.573066 0.819509 3873.dat
1 16 80 -22.961 -100.533 -1 0 0 0 -0.320538 0.947236 0 0.947236 0.320538 3873.dat
1 16 -80 -38.1264 -95.4331 -1 0 0 0 0.318746 0.94784 0 0.94784 -0.318746 3873.dat
1 16 -80 -47.1292 -82.2062 -1 0 0 0 0.826678 0.562675 0 0.562675 -0.826678 3873.dat
1 16 -80 -46.9878 -66.2068 -1 0 0 0 0.999961 -0.008839 0 -0.008839 -0.999961 3873.dat
1 16 -80 -44.9889 -50.3322 -1 0 0 0 0.992165 -0.124932 0 -0.124932 -0.992165 3873.dat
1 16 -80 -42.9134 -34.4674 -1 0 0 0 0.991551 -0.12972 0 -0.12972 -0.991551 3873.dat
1 16 -80 -40.837 -18.6027 -1 0 0 0 0.991544 -0.129773 0 -0.129773 -0.991544 3873.dat
1 16 -80 -38.7606 -2.738 -1 0 0 0 0.991543 -0.129775 0 -0.129775 -0.991543 3873.dat
1 16 -80 -36.6842 13.1267 -1 0 0 0 0.991543 -0.129775 0 -0.129775 -0.991543 3873.dat
1 16 -80 -34.6078 28.9914 -1 0 0 0 0.991543 -0.129775 0 -0.129775 -0.991543 3873.dat
1 16 -80 -32.5314 44.8561 -1 0 0 0 0.991543 -0.129775 0 -0.129775 -0.991543 3873.dat
1 16 -80 -30.455 60.7208 -1 0 0 0 0.991543 -0.129775 0 -0.129775 -0.991543 3873.dat
1 16 -80 -28.3786 76.5855 -1 0 0 0 0.991543 -0.129775 0 -0.129775 -0.991543 3873.dat
1 16 -80 -26.3022 92.4502 -1 0 0 0 0.991543 -0.129775 0 -0.129775 -0.991543 3873.dat
1 16 -80 -23.6872 108.235 -1 0 0 0 0.986554 -0.163437 0 -0.163437 -0.986554 3873.dat
1 16 -80 -13.8929 120.887 -1 0 0 0 0.790745 -0.612146 0 -0.612146 -0.790745 3873.dat
1 16 -80 1.571 124.9942 -1 0 0 0 0.256705 -0.96649 0 -0.96649 -0.256705 3873.dat
1 16 -80 16.3953 118.9743 -1 0 0 0 -0.376248 -0.926519 0 -0.926519 0.376248 3873.dat
1 16 -80 24.4955 105.1762 -1 0 0 0 -0.862376 -0.506268 0 -0.506268 0.862376 3873.dat
1 16 -80 25.0637 89.1863 -1 0 0 0 -0.999369 -0.035513 0 -0.035513 0.999369 3873.dat
1 16 -80 25.0995 73.1864 -1 0 0 0 -0.999998 -0.002233 0 -0.002233 0.999998 3873.dat
1 16 -80 25.1 57.1864 -1 0 0 0 -1 -0.000032 0 -0.000032 1 3873.dat
1 16 -80 25.1 41.1864 -1 0 0 0 -1 0 0 0 1 3873.dat
1 16 -80 25.1 25.1864 -1 0 0 0 -1 0 0 0 1 3873.dat
1 16 -80 25.1 9.1864 -1 0 0 0 -1 0 0 0 1 3873.dat
1 16 -80 25.1 -6.8136 -1 0 0 0 -1 0 0 0 1 3873.dat
1 16 -80 24.9322 -22.8127 -1 0 0 0 -0.999945 0.010486 0 0.010486 0.999945 3873.dat
1 16 -80 19.7333 -37.9445 -1 0 0 0 -0.945737 0.324933 0 0.324933 0.945737 3873.dat
1 16 -80 13.612 -52.7273 -1 0 0 0 -0.923922 0.382582 0 0.382582 0.923922 3873.dat
1 16 -80 7.4891 -67.5094 -1 0 0 0 -0.923881 0.382681 0 0.382681 0.923881 3873.dat
1 16 -80 1.3662 -82.2915 -1 0 0 0 -0.92388 0.382682 0 0.382682 0.92388 3873.dat
1 16 -80 -7.8029 -95.4036 -1 0 0 0 -0.819509 0.573066 0 0.573066 0.819509 3873.dat
1 16 -80 -22.961 -100.533 -1 0 0 0 -0.320538 0.947236 0 0.947236 0.320538 3873.dat
1 72 20 -80 20 0 -1 0 1 0 0 0 0 1 32526.dat
1 1 0 -60 100 -1 0 0 0 -1 0 0 0 1 6558.dat
1 0 30 -40 100 -1 0 0 0 -1 0 0 0 1 2780.dat
1 0 30 -80 100 -1 0 0 0 -1 0 0 0 1 2780.dat
1 0 0 -40 100 0 0 -1 0 -1 0 -1 0 0 42003.dat
1 1 -20 -40 100 -1 0 0 0 -1 0 0 0 1 6558.dat
1 1 0 -20 110 0 0 -1 0 -1 0 -1 0 0 43093.dat
1 72 -20 -80 20 0 -1 0 1 0 0 0 0 1 32526.dat
1 0 -30 -80 100 -1 0 0 0 -1 0 0 0 1 2780.dat
1 71 0 -80 20 -1 0 0 0 -1 0 0 0 1 32073.dat
1 71 0 -110 0 0 0 1 -1 0 0 0 -1 0 62462.dat
1 0 0 -150 0 1 0 0 0 0 1 0 -1 0 59443.dat
1 4 0 -170 0 0 0 -1 1 0 0 0 -1 0 32062.dat
1 0 0 -190 0 1 0 0 0 0 1 0 -1 0 59443.dat
1 25 40 -40 -20 0 -1 0 -1 0 0 0 0 -1 32009.dat
1 71 20 -100 -20 0 1 0 0 0 -1 -1 0 0 32140.dat
1 1 30 -100 -20 -1 0 0 0 0 -1 0 -1 0 43093.dat
1 19 30 -160 -40 1 0 0 0 0 1 0 -1 0 32002.dat
1 71 0 -140 -20 1 0 0 0 0 1 0 -1 0 87082.dat
1 72 35 -160 -20 0 -1 0 -1 0 0 0 0 -1 6632.dat
1 71 0 -160 -40 -1 0 0 0 0 1 0 1 0 32184.dat
1 71 0 -170 -40 0 0 -1 -1 0 0 0 1 0 4274.dat
1 71 0 -160 -60 -1 0 0 0 0 1 0 1 0 32073.dat
1 0 0 -160 -20 -1 0 0 0 0 1 0 1 0 3705.dat
1 71 -20 -100 -20 0 1 0 0 0 -1 -1 0 0 32140.dat
1 19 -30 -160 -40 -1 0 0 0 0 -1 0 -1 0 32002.dat
1 72 -35 -160 -20 0 -1 0 -1 0 0 0 0 -1 6632.dat
1 1 -30 -100 -20 1 0 0 0 0 1 0 -1 0 43093.dat
1 57 0 -162 -40 1 0 0 0 1 0 0 0 1 58176.dat
1 25 -40 -40 -20 0 -1 0 -1 0 0 0 0 -1 32009.dat
1 0 -55 -80 -60 0 -1 0 1 0 0 0 0 1 11478.dat
1 0 0 -80 -100 -1 0 0 0 -1 0 0 0 1 3706.dat
1 72 -45 -80 -60 0 1 0 0 0 -1 -1 0 0 32250.dat
1 0 -20 -80 -100 -1 0 0 0 0 1 0 1 0 41678.dat
1 0 20 -80 -100 -1 0 0 0 0 1 0 1 0 41678.dat
1 71 -30 -100 -110 0 -1 0 0 0 1 -1 0 0 4274.dat
1 71 -10 -100 -110 0 -1 0 0 0 1 -1 0 0 4274.dat
1 71 10 -100 -110 0 -1 0 0 0 1 -1 0 0 4274.dat
1 71 30 -100 -110 0 -1 0 0 0 1 -1 0 0 4274.dat
1 47 -30 -100 -110 1 0 0 0 0 -1 0 1 0 54200.dat
1 47 30 -100 -110 1 0 0 0 0 -1 0 1 0 54200.dat
1 0 0 -100 -110 1 0 0 0 0 -1 0 1 0 85984.dat
1 72 45 -80 -60 0 1 0 0 0 -1 -1 0 0 32250.dat
1 0 55 -80 -60 0 1 0 -1 0 0 0 0 1 11478.dat
1 72 -40 -80 100 0 -1 0 1 0 0 0 0 1 40490.dat
1 0 -30 -80 160 1 0 0 0 1 0 0 0 1 2780.dat
1 71 -30 -80 120 1 0 0 0 1 0 0 0 1 3673.dat
1 71 -20 -80 140 0 -1 0 1 0 0 0 0 1 32523.dat
1 71 0 -80 160 1 0 0 0 0 -1 0 1 0 32184.dat
1 0 0 -80 140 1 0 0 0 0 -1 0 1 0 3705.dat
1 71 0 -80 180 1 0 0 0 0 -1 0 1 0 32073.dat
1 71 -20 -80 180 1 0 0 0 1 0 0 0 1 32291.dat
1 71 20 -80 180 1 0 0 0 1 0 0 0 1 32291.dat
1 71 -30 -60 190 0 0 -1 0 1 0 1 0 0 4274.dat
1 71 30 -60 190 0 0 -1 0 1 0 1 0 0 4274.dat
1 36 -30 -60 198 0 0 -1 1 0 0 0 -1 0 6141.dat
1 36 30 -60 198 0 0 -1 1 0 0 0 -1 0 6141.dat
1 72 40 -80 100 0 1 0 -1 0 0 0 0 1 40490.dat
1 0 30 -80 160 -1 0 0 0 -1 0 0 0 1 2780.dat
1 71 30 -80 120 -1 0 0 0 -1 0 0 0 1 3673.dat
1 71 20 -80 140 0 1 0 -1 0 0 0 0 1 32523.dat
1 19 -40 -80 80 1 0 0 0 1 0 0 0 1 32556.dat
1 19 40 -80 80 -1 0 0 0 1 0 0 0 -1 32556.dat
1 0 60 -120 -20 1 0 0 0 -1 0 0 0 -1 32015.dat
1 72 60 -120 47 0 0 1 0 -1 0 1 0 0 59426.dat
1 0 60 -100 80 0 0 -1 0 1 0 1 0 0 42003.dat
1 72 -10 -120 -20 1 0 0 0 1 0 0 0 1 55013.dat
1 0 -60 -120 -20 1 0 0 0 -1 0 0 0 -1 32015.dat
1 72 -60 -120 47 0 0 1 0 -1 0 1 0 0 59426.dat
1 0 -60 -100 80 0 0 -1 0 1 0 1 0 0 42003.dat
1 71 -80 -120 -20 0 0 1 0 1 0 -1 0 0 3713.dat
1 71 -50 -80 -80 0 0 -1 0.259 0.966 0 0.966 -0.259 0 14682.dat
1 1 -20 -180 200 0 -1 0 0 0 1 -1 0 0 32526.dat
1 1 0 -180 200 1 0 0 0 0 1 0 -1 0 6558.dat
1 1 0 -100 200 1 0 0 0 0 1 0 -1 0 6558.dat
1 1 0 -100 180 1 0 0 0 0 1 0 -1 0 6558.dat
1 0 0 -100 180 0 0 -1 -1 0 0 0 1 0 42003.dat
1 1 0 -90 160 0 0 -1 -1 0 0 0 1 0 43093.dat
1 15 0 -180 120 0 1 0 -1 0 0 0 0 1 32525.dat
1 0 10 -180 160 1 0 0 0 0 1 0 -1 0 2780.dat
1 0 10 -180 20 1 0 0 0 0 1 0 -1 0 2780.dat
1 71 10 -180 60 1 0 0 0 0 1 0 -1 0 3673.dat
1 0 10 -140 200 1 0 0 0 0 1 0 -1 0 3705.dat
1 71 0 -140 200 0 1 0 1 0 0 0 0 -1 33299.dat
1 1 20 -180 200 0 -1 0 0 0 1 -1 0 0 32526.dat
1 0 40 -140 200 0 0 1 0 1 0 -1 0 0 32270.dat
1 71 20 -160 160 0 -1 0 0 0 1 -1 0 0 32523.dat
1 71 20 -180 80 0 1 0 1 0 0 0 0 -1 32140.dat
1 1 30 -180 80 -1 0 0 0 1 0 0 0 -1 43093.dat
1 0 10 -160 20 -1 0 0 0 1 0 0 0 -1 2780.dat
1 15 0 -160 60 0 1 0 1 0 0 0 0 -1 32316.dat
1 71 10 -160 60 -1 0 0 0 0 1 0 1 0 3673.dat
1 0 20 -160 60 0 1 0 -0.184 0 0.983 0.983 0 0.184 15100.dat
1 71 20 -165.51 89.49 0 1 0 0.184 0 -0.983 -0.983 0 -0.184 62462.dat
1 0 20 -171.021 118.979 0 1 0 0.184 0 -0.983 -0.983 0 -0.184 15100.dat
1 71 40 -195 103.979 0 0 1 -0.224 0.974 0 -0.974 -0.224 0 63869.dat
1 0 30 -171.04 118.979 1 0 0 0 0.974 0.224 0 -0.224 0.974 2780.dat
1 0 40 -201.72 74.759 0 0 1 -0.224 0.974 0 -0.974 -0.224 0 3705.dat
1 71 20 -120 100 0 -1 0 0 0 -1 1 0 0 33299.dat
1 1 10 -120 100 1 0 0 0 0 -1 0 1 0 43093.dat
1 15 0 0 -140 0 0 -1 0 1 0 1 0 0 32278.dat
1 1 20 -20 -140 0 0 -1 -1 0 0 0 1 0 6558.dat
1 1 -20 -20 -140 0 0 -1 -1 0 0 0 1 0 6558.dat
1 15 0 -20 -140 0 0 -1 0 1 0 1 0 0 32278.dat
