0 Main
0 Name: 9469-1 - Gandalf Arrives.mpd
0 Author: LTRON
1 28 0 0 0 0 0 -1 0 1 0 1 0 0 3795.dat
1 70 0 -8 -20 1 0 0 0 1 0 0 0 1 30157.dat
1 19 0 -8 50 1 0 0 0 1 0 0 0 1 3710.dat
1 28 -10 -8 20 0 0 -1 0 1 0 1 0 0 3023.dat
1 28 10 -8 20 0 0 -1 0 1 0 1 0 0 3023.dat
1 19 0 -8 -60 1 0 0 0 1 0 0 0 1 3020.dat
1 70 0 -16 -40 0 0 -1 0 1 0 1 0 0 3832.dat
1 19 30 -16 -20 0 0 -1 0 1 0 1 0 0 3460.dat
1 19 -30 -16 -20 0 0 -1 0 1 0 1 0 0 3460.dat
1 71 20 -24 50 1 0 0 0 1 0 0 0 1 92280.dat
1 71 20 -24 -50 1 0 0 0 1 0 0 0 1 92280.dat
1 71 -20 -24 -50 -1 0 0 0 1 0 0 0 -1 92280.dat
1 71 -20 -24 50 -1 0 0 0 1 0 0 0 -1 92280.dat
1 28 20 -24 -90 1 0 0 0 1 0 0 0 1 3023.dat
1 28 -20 -24 -90 1 0 0 0 1 0 0 0 1 3023.dat
1 19 20 -24 0 0 0 -1 0 1 0 1 0 0 3020.dat
1 19 -20 -24 0 0 0 -1 0 1 0 1 0 0 3020.dat
1 71 -10 -32 40 0 0 -1 0 1 0 1 0 0 92280.dat
1 71 10 -32 40 0 0 -1 0 1 0 1 0 0 92280.dat
1 28 0 -32 10 1 0 0 0 1 0 0 0 1 3023.dat
1 28 0 -32 -10 1 0 0 0 1 0 0 0 1 3023.dat
1 70 0 -40 20 1 0 0 0 1 0 0 0 1 87580.dat
1 70 0 -32 -40 1 0 0 0 1 0 0 0 1 87580.dat
1 28 -50.0868 -54.4237 0 0 0.9336 -0.3584 0 -0.3584 -0.9336 -1 0 0 3795.dat
1 71 -42.618 -57.2909 50 0.3584 0.9336 0 0.9336 -0.3584 0 0 0 -1 60478.dat
1 71 -42.618 -57.2909 -50 0.3584 0.9336 0 0.9336 -0.3584 0 0 0 -1 60478.dat
1 19 -31.5652 -50.8221 -50 -0.3584 0.9336 0 -0.9336 -0.3584 0 0 0 1 4081.dat
1 19 -39.7332 -77.6797 -70 0.9336 0.3584 0 -0.3584 0.9336 0 0 0 1 3005.dat
1 19 -19.6628 -25.3981 -70 -0.9336 -0.3584 0 0.3584 -0.9336 0 0 0 1 3005.dat
1 19 -42.6004 -85.1485 -70 -0.9336 0.3584 0 0.3584 0.9336 0 0 0 -1 6141.dat
1 19 -31.5652 -50.8221 50 0.3584 0.9336 0 0.9336 -0.3584 0 0 0 -1 4081.dat
1 19 -39.7332 -77.6797 70 0.9336 0.3584 0 -0.3584 0.9336 0 0 0 1 3005.dat
1 19 -19.6628 -25.3981 70 -0.9336 -0.3584 0 0.3584 -0.9336 0 0 0 1 3005.dat
1 19 -42.6004 -85.1485 70 -0.9336 0.3584 0 0.3584 0.9336 0 0 0 -1 6141.dat
1 28 50.088 -54.424 1 0 -0.9336 0.3584 0 -0.3584 -0.9336 1 0 0 3795.dat
1 71 42.6192 -57.2912 -49 -0.3584 -0.9336 0 0.9336 -0.3584 0 0 0 1 60478.dat
1 71 42.6192 -57.2912 51 -0.3584 -0.9336 0 0.9336 -0.3584 0 0 0 1 60478.dat
1 19 31.5664 -50.8224 51 0.3584 -0.9336 0 -0.9336 -0.3584 0 0 0 -1 4081.dat
1 19 39.7344 -77.68 71 -0.9336 -0.3584 0 -0.3584 0.9336 0 0 0 -1 3005.dat
1 19 19.664 -25.3984 71 0.9336 0.3584 0 0.3584 -0.9336 0 0 0 -1 3005.dat
1 19 42.6016 -85.1488 71 0.9336 -0.3584 0 0.3584 0.9336 0 0 0 1 6141.dat
1 19 31.5664 -50.8224 -49 -0.3584 -0.9336 0 0.9336 -0.3584 0 0 0 1 4081.dat
1 19 39.7344 -77.68 -69 -0.9336 -0.3584 0 -0.3584 0.9336 0 0 0 -1 3005.dat
1 19 19.664 -25.3984 -69 0.9336 0.3584 0 0.3584 -0.9336 0 0 0 -1 3005.dat
1 19 42.6016 -85.1488 -69 0.9336 -0.3584 0 0.3584 0.9336 0 0 0 1 6141.dat
1 71 -10 -68 52 0 0 -1 1 0 0 0 -1 0 60478.dat
1 71 10 -68 52 0 0 -1 1 0 0 0 -1 0 60478.dat
1 28 0 -68 60 -1 0 0 0 0 -1 0 -1 0 51739.dat
1 70 0 -80 20 -1 0 0 0 1 0 0 0 -1 2489.dat
1 28 0 -64 -20 -1 0 0 0 1 0 0 0 -1 92590.dat
1 72 0 -40 -180 -1 0 0 0 1 0 0 0 -1 2397.dat
1 28 0 -48 -130 -1 0 0 0 1 0 0 0 -1 4865.dat
1 19 0 -32 -100 1 0 0 0 1 0 0 0 1 3020.dat
1 70 0 -40 -110 1 0 0 0 1 0 0 0 1 3794.dat
1 308 0 -40 -90 1 0 0 0 1 0 0 0 1 3069.dat
1 28 30 -56 -100 0 0 1 0 1 0 -1 0 0 4865.dat
1 28 -30 -56 -100 0 0 -1 0 1 0 1 0 0 4865.dat
1 70 40 2 -20 0 0 -1 0 1 0 1 0 0 33211.dat
1 70 -40 2 -20 0 0 1 0 1 0 -1 0 0 33211.dat
1 70 0 -32 -230 1 0 0 0 1 0 0 0 1 3023.dat
1 70 0 -24 -230 1 0 0 0 1 0 0 0 1 3004.dat
1 70 0 0 -230 1 0 0 0 1 0 0 0 1 10509.dat
1 15 0.133 -63.2013 -45 0.1053 -0.2364 0.9659 0.9841 0.1645 -0.067 -0.143 0.9576 0.25 3069.dat
1 4 -3.867 -109.2013 17 0.866 -0.483 -0.1294 0 -0.2588 0.9659 -0.5 -0.8365 -0.2241 98136.dat
1 14 -16.7966 -129.4741 14 0.9659 0.2588 0 -0.2588 0.9659 0 0 0 1 30374.dat
1 15 -18.867 -137.2013 14 0.9659 0.2588 0 -0.2588 0.9659 0 0 0 1 59900.dat
1 71 20.133 -143.2013 6 -0.8365 -0.2241 -0.5 -0.2588 0.9659 0 0.483 0.1294 -0.866 30374.dat
1 2 21.9258 -150.9285 4.9648 -0.8365 -0.2241 -0.5 -0.2588 0.9659 0 0.483 0.1294 -0.866 59900.dat
1 2 16.5474 -127.7469 8.0704 -0.8365 -0.2241 -0.5 -0.2588 0.9659 0 0.483 0.1294 -0.866 3062.dat
1 25 34.133 -70.2013 32 -0.8365 -0.2241 -0.5 0.1585 0.7745 -0.6124 0.5245 -0.5915 -0.6124 33172.dat
