0 
0 Name: New Model.ldr
0 Author: 
1 57 0 -342 -590 0 0 1 0 1 0 -1 0 0 59900.dat
1 4 0 -352 -570 0.866 0 0.5 0 1 0 -0.5 0 0.866 3706.dat
1 15 -43.3 -352 -545 0.866 0 0.5 0 1 0 -0.5 0 0.866 6536.dat
1 14 -30.31 -352 -552.5 -0.5 0 0.866 0 1 0 -0.866 0 -0.5 32123.dat
1 0 -41.65 -352 -592.14 0 0.866 0.5 -1 0 0 0 -0.5 0.866 11478.dat
1 71 -40 -352 -639.28 0.866 0 0.5 0 1 0 -0.5 0 0.866 4519.dat
1 71 -40 -352 -639.28 0.866 0 0.5 0 1 0 -0.5 0 0.866 41678.dat
1 71 -40 -352 -639.28 -0.866 0.5 0 0 0 1 0.5 0.866 0 32291.dat
1 15 -12.99 -352 -562.5 0 0.866 0.5 -1 0 0 0 -0.5 0.866 41677.dat
1 4 10 -352 -552.68 0.866 0 0.5 0 1 0 -0.5 0 0.866 32062.dat
1 15 5.67 -352 -550.18 -0.5 0.866 0 0 0 -1 -0.866 -0.5 0 41677.dat
1 15 14.33 -352 -555.18 -0.5 0.866 0 0 0 -1 -0.866 -0.5 0 41677.dat
1 4 10 -372 -552.68 0.866 0 0.5 0 1 0 -0.5 0 0.866 32062.dat
1 15 12.99 -352 -577.5 0 0.866 0.5 -1 0 0 0 -0.5 0.866 41677.dat
1 15 0 -352 -570 0.866 -0.5 0 0 0 1 -0.5 -0.866 0 6536.dat
1 71 -38.66 -362 -616.96 0 -0.866 -0.5 -1 0 0 0 0.5 -0.866 4274.dat
1 71 -21.34 -362 -626.96 0 -0.866 -0.5 -1 0 0 0 0.5 -0.866 4274.dat
1 71 -58.66 -362 -651.6 0 -0.866 -0.5 -1 0 0 0 0.5 -0.866 4274.dat
1 71 -41.34 -362 -661.6 0 -0.866 -0.5 -1 0 0 0 0.5 -0.866 4274.dat
1 0 1.65 -352 -617.14 0 0.866 0.5 -1 0 0 0 -0.5 0.866 11478.dat
1 14 30.31 -352 -587.5 -0.5 0 0.866 0 1 0 -0.866 0 -0.5 32123.dat
1 15 43.3 -352 -595 0.866 0 0.5 0 1 0 -0.5 0 0.866 6536.dat
1 1 43.3 -332 -595 -0.5 0 0.866 0 1 0 -0.866 0 -0.5 6558.dat
1 15 58.3 -332 -569.02 0.5 0 0.866 0 -1 0 0.866 0 -0.5 62462.dat
1 1 -43.3 -332 -545 -0.5 0 0.866 0 1 0 -0.866 0 -0.5 6558.dat
1 15 -28.3 -332 -519.02 0.5 0 0.866 0 -1 0 0.866 0 -0.5 62462.dat
1 71 68.3 -332 -551.7 0.5 0 0.866 0 -1 0 0.866 0 -0.5 4274.dat
1 71 -18.3 -332 -501.7 0.5 0 0.866 0 -1 0 0.866 0 -0.5 4274.dat
1 25 72.3 -332 -544.772 0 -0.5 0.866 -1 0 0 0 -0.866 -0.5 98138.dat
1 25 -14.3 -332 -494.772 0 -0.5 0.866 -1 0 0 0 -0.866 -0.5 98138.dat
1 0 -2.99 -372 -545.18 0.5 -0.866 0 0 0 -1 0.866 0.5 0 32056.dat
1 0 30 -372 -518.04 0.866 0 -0.5 0 -1 0 -0.5 0 -0.866 3705.dat
1 0 -5.98 -372 -520.36 0.866 0 -0.5 0 -1 0 -0.5 0 -0.866 32039.dat
1 0 40 -372 -500.72 0.866 0 0.5 0 1 0 -0.5 0 0.866 32039.dat
1 4 -10.98 -372 -529.02 -0.5 0.866 0 0 0 -1 -0.866 -0.5 0 32062.dat
1 71 10 -412 -552.68 0.866 0 0.5 0 1 0 -0.5 0 0.866 4519.dat
1 15 -31.65 -412 -574.82 0 0.866 0.5 -1 0 0 0 -0.5 0.866 6632.dat
1 14 -22.99 -412 -579.82 -0.5 0 0.866 0 1 0 -0.866 0 -0.5 32123.dat
1 14 2.99 -412 -594.82 -0.5 0 0.866 0 1 0 -0.866 0 -0.5 32123.dat
1 72 -10 -404 -587.32 0 -0.5 0.866 -1 0 0 0 -0.866 -0.5 55013.dat
1 71 -10 -392 -587.32 0.5 -0.866 0 0 0 -1 0.866 0.5 0 3713.dat
1 0 -10 -372 -587.32 0.5 -0.866 0 0 0 -1 0.866 0.5 0 32270.dat
1 71 -10 -432 -587.32 0.5 -0.866 0 0 0 -1 0.866 0.5 0 3713.dat
1 14 -10 -477 -587.32 -0.866 -0.5 0 0 0 -1 0.5 -0.866 0 32123.dat
1 71 -10 -462 -587.32 0.866 0 0.5 0 1 0 -0.5 0 0.866 57585.dat
1 14 -10 -447 -587.32 -0.866 -0.5 0 0 0 -1 0.5 -0.866 0 32123.dat
1 72 -10 -332 -587.32 0.866 -0.5 0 0 0 1 -0.5 -0.866 0 10928.dat
1 15 28.3 -332 -620.98 0.5 0 0.866 0 -1 0 0.866 0 -0.5 62462.dat
1 0 18.3 -332 -638.3 0.5 0 0.866 0 -1 0 0.866 0 -0.5 2780.dat
1 15 8.3 -332 -655.62 0.5 0 0.866 0 -1 0 0.866 0 -0.5 62462.dat
1 71 -1.7 -332 -672.94 -0.5 0 -0.866 0 -1 0 -0.866 0 0.5 4274.dat
1 25 -5.7 -332 -679.868 0 0.5 0.866 1 0 0 0 0.866 -0.5 98138.dat
1 15 -58.3 -332 -570.98 0.5 0 0.866 0 -1 0 0.866 0 -0.5 62462.dat
1 0 -68.3 -332 -588.3 0.5 0 0.866 0 -1 0 0.866 0 -0.5 2780.dat
1 15 -78.3 -332 -605.62 0.5 0 0.866 0 -1 0 0.866 0 -0.5 62462.dat
1 71 -88.3 -332 -622.94 -0.5 0 -0.866 0 -1 0 -0.866 0 0.5 4274.dat
1 25 -92.3 -332 -629.868 0 0.5 0.866 1 0 0 0 0.866 -0.5 98138.dat
1 15 10 -412 -552.68 0.866 0 0.5 0 1 0 -0.5 0 0.866 6536.dat
1 71 10 -392 -552.68 -0.5 0 0.866 0 1 0 -0.866 0 -0.5 4519.dat
1 0 0 -392 -570 0.866 0 0.5 0 1 0 -0.5 0 0.866 32270.dat
1 72 25 -392 -526.7 0.866 0 0.5 0 1 0 -0.5 0 0.866 59443.dat
1 0 22.99 -372 -560.18 0.5 -0.866 0 0 0 -1 0.866 0.5 0 32056.dat
1 15 11.65 -412 -599.82 0 0.866 0.5 -1 0 0 0 -0.5 0.866 6632.dat
1 0 45.98 -372 -550.36 0.866 0 -0.5 0 -1 0 -0.5 0 -0.866 32039.dat
1 4 40.98 -372 -559.02 -0.5 0.866 0 0 0 -1 -0.866 -0.5 0 32062.dat
1 4 45 -372 -492.06 -0.5 0.866 0 0 0 -1 -0.866 -0.5 0 32062.dat
1 0 50 -372 -483.4 0.866 0 -0.5 0 -1 0 -0.5 0 -0.866 32039.dat
1 71 60 -372 -466.08 0.866 0 0.5 0 1 0 -0.5 0 0.866 4519.dat
1 15 42.68 -372 -456.08 -0.866 0 0.5 0 -1 0 0.5 0 0.866 6536.dat
1 15 77.32 -372 -476.08 -0.866 0 0.5 0 -1 0 0.5 0 0.866 6536.dat
1 0 65 -392 -457.42 0 -0.5 0.866 -1 0 0 0 -0.866 -0.5 48496.dat
1 71 50 -392 -483.4 -0.5 0 -0.866 0 -1 0 -0.866 0 0.5 32073.dat
1 19 71.5 -392 -446.162 0.866 0 0.5 0 1 0 -0.5 0 0.866 6589.dat
1 72 88.66 -392 -436.44 -0.866 0 0.5 0 -1 0 0.5 0 0.866 87083.dat
1 19 60.948 -392 -420.44 -0.5 0 0.866 0 1 0 -0.866 0 -0.5 6589.dat
1 0 114.64 -392 -451.44 0.5 0 0.866 0 -1 0 0.866 0 -0.5 6041.dat
1 25 35.98 -372 -567.68 -0.866 0 -0.5 0 1 0 0.5 0 -0.866 11946.dat
1 25 -15.98 -372 -537.68 -0.866 0 -0.5 0 1 0 0.5 0 -0.866 11947.dat
1 72 -49.9991 -462 -587.3195 0 0.999956 0 0 0 1 0.999956 0 0 99012.dat
1 72 10 -462 -552.68 0.866 -0.5 0 0 0 1 -0.5 -0.866 0 99012.dat
1 72 9.9991 -462 -621.9605 -0.866 -0.499956 0 0 0 1 -0.499956 0.866 0 99012.dat
