0 Main
0 Name: 60018 - Cement Mixer.mpd
0 Author: LTRON
1 14 0 0 -10 1 0 0 0 1 0 0 0 1 87609.dat
1 14 0 8 40 1 0 0 0 1 0 0 0 1 3795.dat
1 72 0 0 50 1 0 0 0 1 0 0 0 1 3710.dat
1 72 -50 0 20 0 0 1 0 1 0 -1 0 0 3710.dat
1 72 50 0 20 0 0 1 0 1 0 -1 0 0 3710.dat
1 1 20 -8 -10 1 0 0 0 1 0 0 0 1 3829.dat
1 71 -20 -24 -10 1 0 0 0 1 0 0 0 1 11211.dat
1 4 -10 -48 -10 0.707 0 0.707 0 1 0 -0.707 0 0.707 3899.dat
1 14 -50 -24 -10 1 0 0 0 1 0 0 0 1 3821.dat
1 14 50 -24 -10 1 0 0 0 1 0 0 0 1 3822.dat
1 14 0 -14 -36 -1 0 0 0 0 1 0 1 0 87609.dat
1 47 0 -72 -10 1 0 0 0 1 0 0 0 1 4176.dat
1 14 0 -8 50 -1 0 0 0 1 0 0 0 -1 98280.dat
1 14 68 -32 50 0 -1 0 -1 0 0 0 0 -1 2431.dat
1 14 -68 -32 50 0 1 0 -1 0 0 0 0 1 2431.dat
1 0 -20 -80 -10 1 0 0 0 1 0 0 0 1 32028.dat
1 0 20 -80 -10 1 0 0 0 1 0 0 0 1 32028.dat
1 0 -50 -80 -10 0 0 1 0 1 0 -1 0 0 61252.dat
1 0 50 -80 -10 0 0 -1 0 1 0 1 0 0 61252.dat
1 0 -72 -48 -10 0 1 0 -1 0 0 0 0 1 60478.dat
1 0 72 -48 -10 0 -1 0 -1 0 0 0 0 -1 60478.dat
1 72 -72 -48 -10 0 1 0 -1 0 0 0 0 1 85984.dat
1 72 72 -48 -10 0 -1 0 1 0 0 0 0 1 85984.dat
1 14 0 -96 50 1 0 0 0 1 0 0 0 1 52031.dat
1 0 0 -80 50 1 0 0 0 1 0 0 0 1 3666.dat
1 15 0 -104 50 1 0 0 0 1 0 0 0 1 3666.dat
1 57 0 -112 50 1 0 0 0 1 0 0 0 1 3069.dat
1 57 -40 -112 50 1 0 0 0 1 0 0 0 1 3069.dat
1 57 40 -112 50 1 0 0 0 1 0 0 0 1 3069.dat
1 0 10 6 -36 1 0 0 0 0 -1 0 1 0 61252.dat
1 0 -10 6 -36 1 0 0 0 0 -1 0 1 0 61252.dat
1 72 30 6 -36 1 0 0 0 0 -1 0 1 0 6141.dat
1 72 -30 6 -36 1 0 0 0 0 -1 0 1 0 6141.dat
1 14 0 -4 -44 1 0 0 0 0 -1 0 1 0 87079.dat
1 14 50 -4 -28 0 0 -1 -1 0 0 0 1 0 85984.dat
1 14 -50 -4 -28 0 0 1 1 0 0 0 1 0 85984.dat
1 71 0 64 136 0 0 1 0 1 0 -1 0 0 4282.dat
1 15 0 56 -14 -1 0 0 0 1 0 0 0 -1 3023.dat
1 4 0 56 46 -1 0 0 0 1 0 0 0 -1 3794.dat
1 4 0 56 66 -1 0 0 0 1 0 0 0 -1 3794.dat
1 0 -20 56 16 -1 0 0 0 1 0 0 0 -1 4488.dat
1 0 20 56 16 1 0 0 0 1 0 0 0 1 4488.dat
1 0 20 56 96 1 0 0 0 1 0 0 0 1 4488.dat
1 0 -20 56 96 -1 0 0 0 1 0 0 0 -1 4488.dat
1 15 0 56 126 -1 0 0 0 1 0 0 0 -1 3023.dat
1 15 0 56 226 -1 0 0 0 1 0 0 0 -1 3023.dat
1 71 10 56 196 0 0 -1 0 1 0 1 0 0 99207.dat
1 71 10 56 156 0 0 -1 0 1 0 1 0 0 99207.dat
1 71 -10 56 196 0 0 1 0 1 0 -1 0 0 99207.dat
1 71 -10 56 156 0 0 1 0 1 0 -1 0 0 99207.dat
1 0 -20 56 256 -1 0 0 0 1 0 0 0 -1 4488.dat
1 0 20 56 256 1 0 0 0 1 0 0 0 1 4488.dat
1 14 0 56 296 1 0 0 0 1 0 0 0 1 3022.dat
1 4 0 64 326 0 0 1 0 1 0 -1 0 0 3021.dat
1 0 -20 56 336 -1 0 0 0 1 0 0 0 -1 4488.dat
1 0 20 56 336 1 0 0 0 1 0 0 0 1 4488.dat
1 4 -20 48 6 0 0 1 0 1 0 -1 0 0 3021.dat
1 4 20 48 6 0 0 1 0 1 0 -1 0 0 3021.dat
1 72 0 40 -14 -1 0 0 0 1 0 0 0 -1 3710.dat
1 71 0 32 6 -1 0 0 0 1 0 0 0 -1 47457.dat
1 4 0 32 56 0 0 -1 0 1 0 1 0 0 52107.dat
1 71 0 24 56 0 0 -1 0 1 0 1 0 0 2412.dat
1 4 -18 42 56 0 1 0 0 0 1 1 0 0 2540.dat
1 4 18 42 56 0 -1 0 0 0 1 -1 0 0 2540.dat
1 15 30 48 96 0 0 -1 0 1 0 1 0 0 3023.dat
1 15 -30 48 96 0 0 -1 0 1 0 1 0 0 3023.dat
1 15 -30 48 256 0 0 -1 0 1 0 1 0 0 3023.dat
1 15 -30 48 336 0 0 -1 0 1 0 1 0 0 3023.dat
1 15 30 48 336 0 0 -1 0 1 0 1 0 0 3023.dat
1 15 30 48 256 0 0 -1 0 1 0 1 0 0 3023.dat
1 4 0 48 346 1 0 0 0 1 0 0 0 1 3794.dat
1 14 0 32 86 1 0 0 0 1 0 0 0 1 3004.dat
1 72 -10 32 216 0 0 1 0 1 0 -1 0 0 6112.dat
1 72 10 32 216 0 0 1 0 1 0 -1 0 0 6112.dat
1 15 0 40 346 -1 0 0 0 1 0 0 0 -1 3023.dat
1 14 0 32 346 -1 0 0 0 1 0 0 0 -1 93274.dat
1 14 0 24 296 0 0 -1 0 1 0 1 0 0 3795.dat
1 72 0 42 368 -1 0 0 0 0 -1 0 -1 0 32530.dat
1 72 0 62 368 -1 0 0 0 0 -1 0 -1 0 3710.dat
1 71 0 62 376 -1 0 0 0 0 -1 0 -1 0 3666.dat
1 36 30 62 384 -1 0 0 0 0 -1 0 -1 0 6141.dat
1 36 -30 62 384 -1 0 0 0 0 -1 0 -1 0 6141.dat
1 15 0 62 384 -1 0 0 0 0 -1 0 -1 0 3069.dat
1 57 50 62 384 -1 0 0 0 0 -1 0 -1 0 6141.dat
1 57 -50 62 384 -1 0 0 0 0 -1 0 -1 0 6141.dat
1 71 48 44 176 0 -1 0 0 0 -1 1 0 0 3001.dat
1 71 56 44 196 0 -1 0 0 0 -1 1 0 0 3068.dat
1 0 48 34 156 0 -1 0 0 0 1 -1 0 0 85984.dat
1 71 56 54 166 0 -1 0 0 0 1 -1 0 0 98138.dat
1 71 56 54 146 0 -1 0 0 0 1 -1 0 0 98138.dat
1 71 -48 44 176 0 1 0 0 0 1 1 0 0 3001.dat
1 71 -56 44 176 0 1 0 0 0 1 1 0 0 87079.dat
1 0 40 24 96 0 0 -1 0 1 0 1 0 0 50745.dat
1 0 40 24 256 0 0 -1 0 1 0 1 0 0 50745.dat
1 0 40 24 336 0 0 -1 0 1 0 1 0 0 50745.dat
1 0 -40 24 96 0 0 1 0 1 0 -1 0 0 50745.dat
1 0 -40 24 256 0 0 1 0 1 0 -1 0 0 50745.dat
1 0 -40 24 336 0 0 1 0 1 0 -1 0 0 50745.dat
1 14 -40 24 16 0 0 1 0 1 0 -1 0 0 50745.dat
1 14 40 24 16 0 0 -1 0 1 0 1 0 0 50745.dat
1 14 0 32 -14 -1 0 0 0 1 0 0 0 -1 3666.dat
1 0 -10 24 -4 0 0 1 0 1 0 -1 0 0 60478.dat
1 0 10 24 -4 0 0 1 0 1 0 -1 0 0 60478.dat
1 14 -40 24 -14 1 0 0 0 1 0 0 0 1 44728.dat
1 14 40 24 -14 1 0 0 0 1 0 0 0 1 44728.dat
1 72 0 16 -4 1 0 0 0 1 0 0 0 1 87079.dat
1 72 -50 16 36 0 0 1 0 1 0 -1 0 0 6636.dat
1 72 50 16 36 0 0 1 0 1 0 -1 0 0 6636.dat
1 72 -40 16 106 -1 0 0 0 1 0 0 0 -1 11458.dat
1 72 40 16 106 1 0 0 0 1 0 0 0 1 11458.dat
1 14 0 24 96 1 0 0 0 1 0 0 0 1 3022.dat
1 71 -10 16 96 0 0 1 0 1 0 -1 0 0 92280.dat
1 71 10 16 96 0 0 1 0 1 0 -1 0 0 92280.dat
1 14 -20 8 106 1 0 0 0 1 0 0 0 1 48336.dat
1 14 20 8 106 1 0 0 0 1 0 0 0 1 48336.dat
1 71 0 0 106 1 0 0 0 1 0 0 0 1 2431.dat
1 57 50 34 -36 1 0 0 0 0 -1 0 1 0 3024.dat
1 47 30 34 -36 1 0 0 0 0 -1 0 1 0 3024.dat
1 47 -30 34 -36 1 0 0 0 0 -1 0 1 0 3024.dat
1 57 -50 34 -36 1 0 0 0 0 -1 0 1 0 3024.dat
1 47 -40 34 -44 1 0 0 0 0 -1 0 1 0 3069.dat
1 47 40 34 -44 1 0 0 0 0 -1 0 1 0 3069.dat
1 71 0 54 -36 1 0 0 0 0 -1 0 1 0 3666.dat
1 47 -30 54 -44 1 0 0 0 0 -1 0 1 0 3024.dat
1 47 30 54 -44 1 0 0 0 0 -1 0 1 0 3024.dat
1 0 0 54 -44 -1 0 0 0 0 1 0 1 0 32028.dat
1 71 0 54 -52 -1 0 0 0 0 1 0 1 0 2431.dat
1 71 50 54 -36 0 0 -1 -1 0 0 0 1 0 54200.dat
1 71 -50 54 -36 0 0 1 1 0 0 0 1 0 54200.dat
1 71 20 16 336 0 0 -1 0 1 0 1 0 0 3956.dat
1 71 -20 16 336 0 0 1 0 1 0 -1 0 0 3956.dat
1 0 0 16 276 0 0 1 0 1 0 -1 0 0 3031.dat
1 14 30 22 390 0 0 1 0 -1 0 1 0 0 3176.dat
1 14 30 30 390 0 0 1 0 -1 0 1 0 0 3176.dat
1 71 20 14 390 0 0 1 0 -1 0 1 0 0 6134.dat
1 0 0 32 390 0 0 1 -1 0 0 0 -1 0 2780.dat
1 72 22.588 -5.659 390 -0.966 -0.259 0 -0.259 0.966 0 0 0 -1 2440.dat
1 14 -48 -56.321 371.981 0 1 0 -0.866 0 -0.5 -0.5 0 0.866 43723.dat
1 14 -56 -24 356 0 1 0 0.5 0 -0.866 -0.866 0 -0.5 2429.dat
1 14 -56 -24 356 0 1 0 1 0 0 0 0 -1 2430.dat
1 14 0 -77.321 408.354 -1 0 0 0 0.5 -0.866 0 -0.866 -0.5 3022.dat
1 72 0 -64.66 406.426 0 0 -1 0.866 0.5 0 0.5 -0.866 0 93273.dat
1 72 0 -81.981 396.426 0 0 -1 0.866 0.5 0 0.5 -0.866 0 93273.dat
1 14 -40 -66.321 389.301 0 1 0 0.866 0 0.5 0.5 0 -0.866 44728.dat
1 14 40 -66.321 389.301 0 -1 0 -0.866 0 0.5 -0.5 0 -0.866 44728.dat
1 14 48 -56.321 371.981 0 -1 0 0.866 0 -0.5 0.5 0 0.866 43722.dat
1 14 56 -24 356 0 -1 0 -1 0 0 0 0 -1 2429.dat
1 14 56 -24 356 0 -1 0 -0.5 0 -0.866 0.866 0 -0.5 2430.dat
1 71 0 -18.304 74.386 -1 0 0 0 0.191 -0.982 0 -0.982 -0.191 3020.dat
1 4 0 -19.832 82.242 -1 0 0 0 0.191 -0.982 0 -0.982 -0.191 3680.dat
1 0 30 -10.012 84.152 -1 0 0 0 0.191 -0.982 0 -0.982 -0.191 61252.dat
1 0 30 -29.652 80.332 1 0 0 0 0.191 0.982 0 -0.982 0.191 61252.dat
1 0 -30 -10.012 84.152 -1 0 0 0 0.191 -0.982 0 -0.982 -0.191 61252.dat
1 0 -30 -29.652 80.332 1 0 0 0 0.191 0.982 0 -0.982 0.191 61252.dat
1 72 0 -27.09 119.558 0 -1 0 0.191 0 0.982 -0.982 0 0.191 87083.dat
1 0 0 -27.472 121.522 0 0 1 -0.982 0.191 0 -0.191 -0.982 0 6585.dat
1 19 -17 -24.034 103.846 0 0 1 -0.899143 0.438844 0 -0.438844 -0.899143 0 6589.dat
1 71 -37 -24.034 103.846 -1 0 0 0 0.438844 -0.899143 0 -0.899143 -0.438844 4519.dat
1 19 0 -27.281 120.54 -1 0 0 0 0.982 0.191 0 0.191 -0.982 6589.dat
1 14 30 -29 129.378 0 0 1 -0.982 0.191 0 -0.191 -0.982 0 2431.dat
1 14 -30 -29 129.378 0 0 1 -0.982 0.191 0 -0.191 -0.982 0 2431.dat
1 71 -67 -24.034 103.846 0 1 0 -0.899143 0 -0.438844 -0.438844 0 0.899143 6143.dat
1 71 -75 -24.034 103.846 0 1 0 -0.899143 0 -0.438844 -0.438844 0 0.899143 4150.dat
1 71 50 10 106 -1 0 0 0 1 0 0 0 -1 40620.dat
1 71 0 -30.897 139.173 0 0 -1 0.982 0.191 0 0.191 -0.982 0 57792.dat
1 0 0 -0.403 191.985 -1 0 0 0 0.191 -0.982 0 -0.982 -0.191 2780.dat
1 0 0 -15.683 270.545 -1 0 0 0 0.191 -0.982 0 -0.982 -0.191 2780.dat
1 0 0 -94.243 255.265 -1 0 0 0 0.191 -0.982 0 -0.982 -0.191 2780.dat
1 0 0 -78.963 176.705 -1 0 0 0 0.191 -0.982 0 -0.982 -0.191 2780.dat
1 71 0 -30.897 139.173 0 0 1 -0.982 0.191 0 -0.191 -0.982 0 57792.dat
1 4 0 -29.369 131.317 0 0 1 -0.982 0.191 0 -0.191 -0.982 0 4032.dat
1 72 0 -53.701 94.872 -1 0 0 0 0.866 0.5 0 0.5 -0.866 3710.dat
1 14 20 -60.629 90.872 1 0 0 0 0.866 -0.5 0 0.5 0.866 48336.dat
1 14 -20 -60.629 90.872 1 0 0 0 0.866 -0.5 0 0.5 0.866 48336.dat
1 0 0 -67.557 86.872 1 0 0 0 0.866 -0.5 0 0.5 0.866 3475.dat
1 72 0 -60.629 90.872 0 0 1 0.5 0.866 0 -0.866 0.5 0 93273.dat
1 71 50 61 16 0 0 -1 -1 0 0 0 1 0 6014.dat
1 71 50 61 96 0 0 -1 -1 0 0 0 1 0 6014.dat
1 71 50 61 256 0 0 -1 -1 0 0 0 1 0 6014.dat
1 71 50 61 336 0 0 -1 -1 0 0 0 1 0 6014.dat
1 256 56 61 16 0 0 -1 -1 0 0 0 1 0 87697.dat
1 256 56 61 96 0 0 -1 -1 0 0 0 1 0 87697.dat
1 256 56 61 256 0 0 -1 -1 0 0 0 1 0 87697.dat
1 256 56 61 336 0 0 -1 -1 0 0 0 1 0 87697.dat
1 256 -56 61 16 0 0 1 1 0 0 0 1 0 87697.dat
1 71 -50 61 16 0 0 1 1 0 0 0 1 0 6014.dat
1 71 -50 61 96 0 0 1 1 0 0 0 1 0 6014.dat
1 256 -56 61 96 0 0 1 1 0 0 0 1 0 87697.dat
1 71 -50 61 256 0 0 1 1 0 0 0 1 0 6014.dat
1 256 -56 61 256 0 0 1 1 0 0 0 1 0 87697.dat
1 71 -50 61 336 0 0 1 1 0 0 0 1 0 6014.dat
1 256 -56 61 336 0 0 1 1 0 0 0 1 0 87697.dat
1 72 -10 12.103 170.173 0 0 1 0.191 0.982 0 -0.982 0.191 0 6141.dat
1 72 -10 4.103 211.173 0 0 1 0.191 0.982 0 -0.982 0.191 0 6141.dat
1 72 -10 -2.897 250.173 0 0 1 0.191 0.982 0 -0.982 0.191 0 6141.dat
1 72 -10 -10.897 291.173 0 0 1 0.191 0.982 0 -0.982 0.191 0 6141.dat
1 72 10 12.103 170.173 0 0 1 0.191 0.982 0 -0.982 0.191 0 6141.dat
1 72 10 4.103 211.173 0 0 1 0.191 0.982 0 -0.982 0.191 0 6141.dat
1 72 10 -2.897 250.173 0 0 1 0.191 0.982 0 -0.982 0.191 0 6141.dat
1 72 10 -10.897 291.173 0 0 1 0.191 0.982 0 -0.982 0.191 0 6141.dat
1 72 -10 -0.897 170 0 0 1 0.191 0.982 0 -0.982 0.191 0 6141.dat
1 72 -10 -8.911 211.049 0 0 1 0.191 0.983 0 -0.983 0.191 0 6141.dat
1 72 -10 -15.924 250.095 0 0 1 0.191 0.983 0 -0.983 0.191 0 6141.dat
1 72 -10 -23.939 291.143 0 0 1 0.191 0.983 0 -0.983 0.191 0 6141.dat
1 72 10 -0.897 170 0 0 1 0.191 0.983 0 -0.983 0.191 0 6141.dat
1 72 10 -8.911 211.049 0 0 1 0.191 0.983 0 -0.983 0.191 0 6141.dat
1 72 10 -15.924 250.095 0 0 1 0.191 0.983 0 -0.983 0.191 0 6141.dat
1 72 10 -23.939 291.143 0 0 1 0.191 0.983 0 -0.983 0.191 0 6141.dat
