0 
0 Name: New Model.ldr
0 Author: 
1 0 461.72 -152 92.42 -0.707 0 0.707 0 1 0 -0.707 0 -0.707 3666.dat
1 0 532.42 -152 21.72 -0.707 0 0.707 0 1 0 -0.707 0 -0.707 3666.dat
1 15 518.28 -176 78.28 0.707 0 0.707 0 1 0 -0.707 0 0.707 6140.dat
1 15 475.86 -176 35.86 0.707 0 0.707 0 1 0 -0.707 0 0.707 6140.dat
1 9 497.07 -176 99.49 -0.707 0 0.707 0 1 0 -0.707 0 -0.707 54200.dat
1 9 539.49 -176 57.07 0.707 0 -0.707 0 1 0 0.707 0 0.707 54200.dat
1 15 504.14 -184 64.14 -0.707 0 0.707 0 1 0 -0.707 0 -0.707 3021.dat
1 9 454.65 -176 57.07 -0.707 0 0.707 0 1 0 -0.707 0 -0.707 54200.dat
1 9 497.07 -176 14.65 0.707 0 -0.707 0 1 0 0.707 0 0.707 54200.dat
1 15 468.79 -184 28.79 -0.707 0 0.707 0 1 0 -0.707 0 -0.707 2444.dat
1 46 454.65 -174 14.65 0.707 -0.707 0 0 0 1 -0.707 -0.707 0 6141.dat
1 9 518.28 -208 78.28 -0.707 0 -0.707 0 1 0 0.707 0 -0.707 3747.dat
1 9 490 -208 50 -0.707 0 0.707 0 1 0 -0.707 0 -0.707 3002.dat
1 9 461.72 -208 21.72 0.707 0 0.707 0 1 0 -0.707 0 0.707 3747.dat
1 15 454.65 -216 14.65 -0.707 0 0.707 0 1 0 -0.707 0 -0.707 3020.dat
1 15 546.56 -232 106.56 0.707 0 0.707 0 1 0 -0.707 0 0.707 32064.dat
1 15 511.21 -232 71.21 -0.707 0 0.707 0 1 0 -0.707 0 -0.707 3001.dat
1 0 596.05 -222 156.05 -0.707 0 0.707 0 1 0 -0.707 0 -0.707 3707.dat
1 9 617.26 -222 177.26 -0.707 0 0.707 0 1 0 -0.707 0 -0.707 6536.dat
1 15 631.4 -222 191.4 -0.707 0.707 0 0 0 1 0.707 0.707 0 41669.dat
1 15 645.54 -242 205.54 -0.707 0 0.707 0 1 0 -0.707 0 -0.707 32184.dat
1 34 610.19 -202 184.33 0 -0.707 0.707 1 0 0 0 0.707 0.707 6141.dat
1 36 624.33 -202 170.19 0 0.707 0.707 -1 0 0 0 -0.707 0.707 6141.dat
1 18 652.61 -242 198.47 0.707 0 0.707 0 1 0 -0.707 0 0.707 3749.dat
1 0 661.094 -242 189.986 -0.707 0 0.707 0 1 0 -0.707 0 -0.707 6041.dat
1 0 532.42 -248 92.42 -0.707 0 -0.707 0 1 0 0.707 0 -0.707 47456.dat
1 0 504.14 -240 78.28 0.707 0 -0.707 0 1 0 0.707 0 0.707 3475.dat
1 0 518.28 -240 64.14 -0.707 0 0.707 0 1 0 -0.707 0 -0.707 3475.dat
1 0 490 -240 50 0.707 0 0.707 0 1 0 -0.707 0 0.707 3023.dat
1 0 475.86 -240 35.86 0.707 0 0.707 0 1 0 -0.707 0 0.707 30363.dat
1 15 511.21 -248 71.21 0.707 0 0.707 0 1 0 -0.707 0 0.707 2460.dat
1 15 482.93 -248 42.93 0.707 0 0.707 0 1 0 -0.707 0 0.707 3068.dat
1 15 532.42 -256 92.42 0.707 0 0.707 0 1 0 -0.707 0 0.707 2412.dat
1 0 511.21 -272 71.21 -0.999849 0 0 0 1 0 0 0 -0.999849 2479.dat
1 0 511.21 -280 161.197 0 0 0.999849 0 1 0 -0.999849 0 0 4162.dat
1 0 511.21 -280 -18.777 0 0 0.999849 0 1 0 -0.999849 0 0 4162.dat
