0 Main
0 Name: 9393 - Tractor.mpd
0 Author: LTRON
1 0 -20 -69.32 -125 0 1 0 -1 0 0.017 0.017 0 1 32009.dat
1 71 0 -72.04 -285 1 0 0 0 1 0.017 0 -0.017 1 4519.dat
1 71 0 -72.04 -285 1 0 0 0 -0.017 1 0 -1 -0.017 63869.dat
1 0 -20 -70 -165 -1 0 0 0 -0.017 -1 0 -1 0.017 32054.dat
1 1 0 -71.7 -265 1 0 0 0 -0.017 1 0 -1 -0.017 6558.dat
1 0 -30 -70.68 -205 1 0 0 0 -0.017 1 0 -1 -0.017 2780.dat
1 71 0 -71.36 -245 1 0 0 0 -1 -0.017 0 0.017 -1 4519.dat
1 71 0 -91.36 -244.66 1 0 0 0 -1 -0.017 0 0.017 -1 42003.dat
1 0 0 -111.53 -254.32 0 0 -1 -0.017 -1 0 -1 0.017 0 3705.dat
1 71 0 -110.85 -214.32 -1 0 0 0 -1 0.017 0 0.017 1 59443.dat
1 0 0 -109.83 -154.32 0 0 1 0.017 -1 0 1 0.017 0 3706.dat
1 71 0 -108.81 -94.32 1 0 0 0 -1 -0.017 0 0.017 -1 59443.dat
1 0 0 -111.7 -264.32 -1 0 0 0 -1 0.017 0 0.017 1 32270.dat
1 71 0 -149.32 -123.64 -1 0 0 0 -1 0.017 0 0.017 1 32073.dat
1 71 0 -149.32 -123.64 0 -1 0 -1 0 -0.017 0.017 0 -1 32140.dat
1 1 0 -150 -163.64 1 0 0 0 -0.017 1 0 -1 -0.017 6558.dat
1 0 20 -69.32 -125 0 1 0 -1 0 0.017 0.017 0 1 32009.dat
1 0 30 -70 -165 1 0 0 0 1 0.017 0 -0.017 1 2780.dat
1 0 30 -129.32 -123.98 1 0 0 0 1 0.017 0 -0.017 1 2780.dat
1 0 30 -70.68 -205 1 0 0 0 1 0.017 0 -0.017 1 2780.dat
1 1 -20 -72.38 -305 0 0 -1 1 -0.017 0 -0.017 -1 0 6558.dat
1 1 20 -72.38 -305 0 0 -1 1 -0.017 0 -0.017 -1 0 6558.dat
1 0 0 -92.38 -304.66 0 0 1 -0.017 1 0 -1 -0.017 0 32524.dat
1 0 -40 -102.38 -304.49 0 0 -1 -1 0.017 0 0.017 1 0 2780.dat
1 0 40 -102.38 -304.49 0 0 -1 -1 0.017 0 0.017 1 0 2780.dat
1 71 60 -72.04 -285 1 0 0 0 0.017 -1 0 1 0.017 48989.dat
1 71 -60 -72.04 -285 1 0 0 0 0.017 -1 0 1 0.017 48989.dat
1 72 -90 -72.38 -305 1 0 0 0 0.017 -1 0 1 0.017 87083.dat
1 72 90 -72.38 -305 -1 0 0 0 -0.017 -1 0 -1 0.017 87083.dat
1 71 -80 -72.38 -305 0 0 1 -1 -0.017 0 0.017 -1 0 3713.dat
1 71 80 -72.38 -305 0 0 -1 -1 0.017 0 0.017 1 0 3713.dat
1 0 0 -91.7 -264.66 -1 0 0 0 1 -0.017 0 -0.017 -1 87761.dat
1 0 -40 -52.38 -305.34 0 0 1 0.017 -1 0 1 0.017 0 32523.dat
1 0 40 -52.38 -305.34 0 0 1 0.017 -1 0 1 0.017 0 32523.dat
1 0 -40 -62.38 -305.17 0 0 1 1 0.017 0 -0.017 1 0 6628.dat
1 0 40 -62.38 -305.17 0 0 1 1 0.017 0 -0.017 1 0 6628.dat
1 0 0 -62.38 -305.17 0 0 1 -1 -0.017 0 0.017 -1 0 2780.dat
1 0 0 -52.72 -325.34 -1 0 0 0 0.017 1 0 1 -0.017 6536.dat
1 0 -40 -68.64 -85 0 1 0 1 0 -0.017 -0.017 0 -1 41239.dat
1 0 -40 -189.32 -122.96 0 1 0 1 0 -0.017 -0.017 0 -1 32009.dat
1 0 -30 -129.32 -123.98 1 0 0 0 1 0.017 0 -0.017 1 2780.dat
1 0 -50 -186.94 17.04 1 0 0 0 1 0.017 0 -0.017 1 2780.dat
1 0 -50 -187.96 -42.96 1 0 0 0 1 0.017 0 -0.017 1 2780.dat
1 0 -30 -187.62 -22.96 1 0 0 0 1 0.017 0 -0.017 1 2780.dat
1 28 0 -108.3 -64.32 0 0 -1 0.017 1 0 1 -0.017 0 6587.dat
1 14 0 -108.3 -64.32 1 0 0 0 1 0.017 0 -0.017 1 32072.dat
1 0 0 -107.96 -44.32 0 0 1 -0.017 1 0 -1 -0.017 0 32034.dat
1 1 -30 -107.96 -44.32 1 0 0 0 1 0.017 0 -0.017 1 43093.dat
1 1 30 -107.96 -44.32 -1 0 0 0 -1 0.017 0 0.017 1 43093.dat
1 0 -20 -207.62 -22.62 0 -1 0 -0.017 0 1 -1 0 -0.017 32524.dat
1 0 -30 -147.62 -23.64 1 0 0 0 1 0.017 0 -0.017 1 2780.dat
1 0 -30 -227.62 -22.28 1 0 0 0 1 0.017 0 -0.017 1 2780.dat
1 0 -40 -227.62 -22.28 0 1 0 -0.017 0 -1 -1 0 0.017 32526.dat
1 0 -20 -267.62 -21.6 -1 0 0 0 -0.017 -1 0 -1 0.017 32054.dat
1 71 -40 -167.62 -23.3 0 -1 0 -0.017 0 1 -1 0 -0.017 32140.dat
1 0 -50 -127.62 -23.98 1 0 0 0 1 0.017 0 -0.017 1 2780.dat
1 1 -60 -107.62 -24.32 -1 0 0 0 0.017 1 0 1 -0.017 6558.dat
1 0 -60 -107.62 -24.32 0 -1 0 0.017 0 -1 1 0 0.017 32523.dat
1 1 -60 -67.62 -25 -1 0 0 0 0.017 1 0 1 -0.017 6558.dat
1 71 -60 -67.62 -25 0 0 -1 -1 0.017 0 0.017 1 0 48989.dat
1 71 -80 -107.62 -24.32 0 -1 0 -0.017 0 1 -1 0 -0.017 60484.dat
1 1 -30 -307.96 -40.92 1 0 0 0 -0.017 1 0 -1 -0.017 43093.dat
1 0 0 -307.96 -40.92 0 0 -1 -1 0.017 0 0.017 1 0 32034.dat
1 1 30 -307.96 -40.92 -1 0 0 0 0.017 1 0 1 -0.017 43093.dat
1 0 0 -317.96 -40.75 0 0 -1 1 -0.017 0 -0.017 -1 0 3705.dat
1 71 0 -277.96 -41.43 -1 0 0 0 -0.017 -1 0 -1 0.017 59443.dat
1 0 0 -197.96 -42.79 0 0 -1 -1 0.017 0 0.017 1 0 3707.dat
1 14 0 -127.96 -43.98 0 -1 0 -0.017 0 1 -1 0 -0.017 32072.dat
1 0 0 -167.62 -23.3 -1 0 0 0 -0.017 -1 0 -1 0.017 6536.dat
1 71 0 -147.96 -43.64 -1 0 0 0 -0.017 -1 0 -1 0.017 3713.dat
1 71 0 -167.62 -23.3 -1 0 0 0 -0.017 -1 0 -1 0.017 32073.dat
1 71 0 -322.96 -40.665 -1 0 0 0 -0.017 -1 0 -1 0.017 32123.dat
1 0 0 -337.96 -40.41 -1 0 0 0 -0.017 -1 0 -1 0.017 32270.dat
1 1 -40 -188.64 -82.96 -1 0 0 0 0.017 1 0 1 -0.017 6558.dat
1 72 -20 -248.64 -81.94 0 -1 0 -0.017 0 1 -1 0 -0.017 32526.dat
1 1 0 -169.32 -123.3 1 0 0 0 -0.017 1 0 -1 -0.017 6558.dat
1 1 0 -248.64 -81.94 1 0 0 0 -0.017 1 0 -1 -0.017 6558.dat
1 71 0 -248.64 -81.94 0 -1 0 -0.017 0 1 -1 0 -0.017 32526.dat
1 72 20 -248.64 -81.94 0 -1 0 -0.017 0 1 -1 0 -0.017 32526.dat
1 1 40 -188.64 -82.96 1 0 0 0 -0.017 1 0 -1 -0.017 6558.dat
1 0 20 -207.62 -22.62 0 1 0 0.017 0 1 1 0 -0.017 32524.dat
1 0 40 -227.62 -22.28 0 1 0 -0.017 0 -1 -1 0 0.017 32526.dat
1 0 30 -227.62 -22.28 1 0 0 0 1 0.017 0 -0.017 1 2780.dat
1 0 30 -187.62 -22.96 1 0 0 0 1 0.017 0 -0.017 1 2780.dat
1 0 30 -147.62 -23.64 1 0 0 0 1 0.017 0 -0.017 1 2780.dat
1 0 30 -267.62 -21.6 1 0 0 0 1 0.017 0 -0.017 1 2780.dat
1 1 -30 -66.94 15 1 0 0 0 1 0.017 0 -0.017 1 43093.dat
1 0 -20 -66.94 15 0 1 0 -1 0 0.017 0.017 0 1 32140.dat
1 0 -30 -66.26 55 1 0 0 0 1 0.017 0 -0.017 1 2780.dat
1 0 -40 -126.26 56.02 0 1 0 0.017 0 1 1 0 -0.017 32524.dat
1 0 -50 -186.26 57.04 1 0 0 0 1 0.017 0 -0.017 1 2780.dat
1 71 -60 -186.6 37.04 0 -1 0 1 0 0.017 -0.017 0 1 60483.dat
1 71 -30 -85.92 75.34 1 0 0 0 1 0.017 0 -0.017 1 3673.dat
1 27 -40 -70.8486 136.7726 0 -1 0 -0.996666 0 0.081085 -0.081085 0 -0.996666 32140.dat
1 0 0 -86.77 25.34 0 0 1 1 0.017 0 -0.017 1 0 87408.dat
1 1 20 -86.77 25.34 0 0 1 -0.017 1 0 -1 -0.017 0 43093.dat
1 1 -20 -86.77 25.34 0 0 1 -0.017 1 0 -1 -0.017 0 43093.dat
1 71 0 -66.6 35 1 0 0 0 -1 -0.017 0 0.017 -1 63869.dat
1 71 0 -66.6 35 1 0 0 0 -1 -0.017 0 0.017 -1 32073.dat
1 72 0 -86.804 23.34 0 0 -1 -0.017 -1 0 -1 0.017 0 87083.dat
1 19 0 -87.331 -7.66 -1 0 0 0 1 -0.017 0 -0.017 -1 6589.dat
1 71 0 -87.195 0.34 -1 0 0 0 1 -0.017 0 -0.017 -1 32123.dat
1 72 -50 -87.62 -24.66 1 0 0 0 -1 -0.017 0 0.017 -1 55013.dat
1 19 -17 -87.62 -24.66 0 0 1 0.017 -1 0 1 0.017 0 6589.dat
1 71 -40 -87.62 -24.66 0 0 1 0.017 -1 0 1 0.017 0 3713.dat
1 0 0 -89.9751 125.1823 0 0 1 -0.081085 -0.996666 0 0.996666 -0.081085 0 3705.dat
1 71 0 -88.7579 110.2293 -1 0 0 0 0.996666 0.081085 0 0.081085 -0.996666 32123.dat
1 71 0 -89.5687 120.198 -1 0 0 0 0.996666 0.081085 0 0.081085 -0.996666 32123.dat
1 0 0 -70.8486 136.7726 1 0 0 0 -0.996666 0.081085 0 -0.081085 -0.996666 6536.dat
1 71 0 -70.8486 136.7726 1 0 0 0 -0.996666 0.081085 0 -0.081085 -0.996666 32073.dat
1 0 20 -72.4702 156.7099 1 0 0 0 0.996666 -0.081085 0 0.081085 0.996666 32039.dat
1 0 -20 -72.4702 156.7099 1 0 0 0 0.996666 -0.081085 0 0.081085 0.996666 32039.dat
1 14 0 -93.2184 165.057 1 0 0 0 0.996666 -0.081085 0 0.081085 0.996666 59443.dat
1 71 0 -85.92 75.34 1 0 0 0 0.996666 -0.081085 0 0.081085 0.996666 62520.dat
1 71 0 -85.92 75.34 0 1 0 1 0 -0.017 -0.017 0 -1 62520.dat
1 71 0 -85.92 75.34 0 1 0 1 0 -0.017 -0.017 0 -1 62519.dat
1 71 40 -167.62 -23.3 0 -1 0 -0.017 0 1 -1 0 -0.017 32140.dat
1 0 50 -287.62 -21.26 1 0 0 0 1 0.017 0 -0.017 1 2780.dat
1 0 -50 -287.62 -21.26 1 0 0 0 1 0.017 0 -0.017 1 2780.dat
1 71 0 -106.94 15.68 -1 0 0 0 1 -0.017 0 -0.017 -1 4519.dat
1 71 -20 -106.6 35.68 1 0 0 0 0.017 -1 0 1 0.017 32184.dat
1 71 0 -106.94 15.68 0 0 1 1 0.017 0 -0.017 1 0 3713.dat
1 71 20 -106.6 35.68 1 0 0 0 0.017 -1 0 1 0.017 32184.dat
1 1 30 -106.26 55.68 -1 0 0 0 0.017 1 0 1 -0.017 43093.dat
1 1 -30 -106.26 55.68 1 0 0 0 0.017 -1 0 1 0.017 43093.dat
1 1 -20 -116.6 35.85 0 0 -1 -1 0.017 0 0.017 1 0 43093.dat
1 1 20 -116.6 35.85 0 0 -1 -1 0.017 0 0.017 1 0 43093.dat
1 0 20 -121.6 35.935 0 0 -1 0.017 1 0 1 -0.017 0 6632.dat
1 71 20 -131.6 36.105 0 0 -1 0.017 1 0 1 -0.017 0 6632.dat
1 72 0 -161.6 36.615 0 1 0 -1 0 0.017 0.017 0 1 59426.dat
1 71 0 -156.6 36.53 0 -1 0 0.017 0 -1 1 0 0.017 4716.dat
1 0 0 -186.6 37.04 0 0 -1 1 -0.017 0 -0.017 -1 0 32034.dat
1 71 0 -216.6 37.55 -1 0 0 0 -0.017 -1 0 -1 0.017 59443.dat
1 0 50 -186.6 37.04 1 0 0 0 1 0.017 0 -0.017 1 3705.dat
1 0 -50 -186.6 37.04 1 0 0 0 1 0.017 0 -0.017 1 3705.dat
1 0 40 -189.32 -122.96 0 1 0 1 0 -0.017 -0.017 0 -1 32009.dat
1 0 20 -66.94 15 0 1 0 -1 0 0.017 0.017 0 1 32140.dat
1 71 30 -85.92 75.34 1 0 0 0 1 0.017 0 -0.017 1 3673.dat
1 27 40 -70.8486 136.7726 0 -1 0 -0.996666 0 0.081085 -0.081085 0 -0.996666 32140.dat
1 1 30 -66.94 15 -1 0 0 0 1 -0.017 0 -0.017 -1 43093.dat
1 0 30 -66.26 55 1 0 0 0 1 0.017 0 -0.017 1 2780.dat
1 71 0 -166.26 56.7 1 0 0 0 1 0.017 0 -0.017 1 32073.dat
1 71 -25 -166.26 56.7 0 -1 0 1 0 0.017 -0.017 0 1 6632.dat
1 71 25 -166.26 56.7 0 -1 0 1 0 0.017 -0.017 0 1 6632.dat
1 0 0 -165.92 76.7 -1 0 0 0 0.017 1 0 1 -0.017 3705.dat
1 71 30 -165.58 96.7 -1 0 0 0 0.017 1 0 1 -0.017 2736.dat
1 71 -30 -165.58 96.7 1 0 0 0 0.017 -1 0 1 0.017 2736.dat
1 4 -15 -166.26 56.7 0 -1 0 1 0 0.017 -0.017 0 1 41677.dat
1 71 15 -166.26 56.7 0 0 -1 -1 0.017 0 0.017 1 0 32123.dat
1 72 0 -166.26 56.7 0 0 -1 -1 0.017 0 0.017 1 0 3647.dat
1 0 40 -68.64 -85 0 1 0 1 0 -0.017 -0.017 0 -1 41239.dat
1 0 40 -126.26 56.02 0 1 0 0.017 0 1 1 0 -0.017 32524.dat
1 0 50 -69.2269 116.8363 -1 0 0 0 -0.081085 0.996666 0 0.996666 0.081085 6628.dat
1 0 -50 -69.2269 116.8363 1 0 0 0 0.081085 0.996666 0 -0.996666 0.081085 6628.dat
1 0 50 -186.26 57.04 1 0 0 0 1 0.017 0 -0.017 1 2780.dat
1 0 50 -186.94 17.04 1 0 0 0 1 0.017 0 -0.017 1 2780.dat
1 0 50 -187.96 -42.96 1 0 0 0 1 0.017 0 -0.017 1 2780.dat
1 71 60 -186.6 37.04 0 -1 0 1 0 0.017 -0.017 0 1 60483.dat
1 71 80 -107.62 -24.32 0 1 0 0.017 0 1 1 0 -0.017 60484.dat
1 1 60 -107.62 -24.32 1 0 0 0 -0.017 1 0 -1 -0.017 6558.dat
1 1 60 -67.62 -25 1 0 0 0 -0.017 1 0 -1 -0.017 6558.dat
1 71 60 -67.62 -25 0 0 1 -1 -0.017 0 0.017 -1 0 48989.dat
1 0 60 -107.62 -24.32 0 1 0 -0.017 0 -1 -1 0 0.017 32523.dat
1 0 50 -127.62 -23.98 -1 0 0 0 1 -0.017 0 -0.017 -1 2780.dat
1 72 87 -87.62 -24.66 1 0 0 0 -0.017 1 0 -1 -0.017 59426.dat
1 71 40 -87.62 -24.66 0 0 1 -0.017 1 0 -1 -0.017 0 3713.dat
1 0 42 -165.58 96.7 -0.038 0.983 0.177 -0.197408 -0.181017 0.963706 0.979638 0.002077 0.20168 32005.dat
1 0 -42 -165.58 96.7 -0.038 -0.983 -0.177 0.197408 -0.181017 0.963706 -0.979638 0.002077 0.20168 32005.dat
1 0 -60 -57.28 -5.17 0 -1 0 1 0 0.017 -0.017 0 1 2780.dat
1 0 60 -57.28 -5.17 0 -1 0 1 0 0.017 -0.017 0 1 2780.dat
1 0 0 -47.28 -5.34 0 0 -1 0.017 1 0 1 -0.017 0 32524.dat
1 27 -20 -52.72 -325.34 0 -1 0 0.017 0 -1 1 0 0.017 32140.dat
1 1 0 -112.72 -324.32 1 0 0 0 1 0.017 0 -0.017 1 6558.dat
1 1 0 -92.72 -324.66 1 0 0 0 1 0.017 0 -0.017 1 6558.dat
1 1 0 -72.72 -325 1 0 0 0 1 0.017 0 -0.017 1 6558.dat
1 0 0 -93.74 -384.66 0 -1 0 1 0 0.017 -0.017 0 1 32140.dat
1 0 0 -122.6623 -325.4034 0 -1 0 -0.108136 0 -0.994125 0.994125 0 -0.108136 43857.dat
1 27 20 -52.72 -325.34 0 -1 0 0.017 0 -1 1 0 0.017 32140.dat
1 71 0 -93.74 -384.66 1 0 0 0 0.017 -1 0 1 0.017 4519.dat
1 71 -40 -112.38 -304.32 1 0 0 0 -1 -0.017 0 0.017 -1 87082.dat
1 71 40 -112.38 -304.32 1 0 0 0 -1 -0.017 0 0.017 -1 87082.dat
1 0 -20 -93.74 -384.66 0 1 0 -1 0 0.017 0.017 0 1 58177.dat
1 0 20 -93.74 -384.66 0 1 0 -1 0 0.017 0.017 0 1 58177.dat
1 71 0 -52.72 -325.34 1 0 0 0 1 0.017 0 -0.017 1 4519.dat
1 71 20 -130 -163.98 0 0 1 -0.017 1 0 -1 -0.017 0 4519.dat
1 0 20 -129.66 -143.98 0 0 1 1 0.017 0 -0.017 1 0 32348.dat
1 71 116 -82 -164.796 0 0.6 0.8 -0.017 0.8 -0.6 -1 -0.0136 0.0102 4519.dat
1 0 60 -129.49 -133.98 0 0.6 0.8 -0.017 0.8 -0.6 -1 -0.0136 0.0102 2780.dat
1 71 92 -113.83 -154.252 0 0.6 0.8 -0.017 0.8 -0.6 -1 -0.0136 0.0102 3673.dat
1 71 116 -82 -164.796 0.8 -0.6 0 -0.6 -0.8 -0.017 0.0102 0.0136 -1 3713.dat
1 0 60 -109.32 -124.32 -1 0 0 0 -1 0.017 0 0.017 1 6536.dat
1 0 20 -130 -163.98 0 0 -1 -0.017 -1 0 -1 0.017 0 6536.dat
1 0 20 -130.34 -183.98 0 0 1 1 0.017 0 -0.017 1 0 32348.dat
1 71 -20 -130 -163.98 0 0 -1 0.017 1 0 1 -0.017 0 4519.dat
1 0 -20 -129.66 -143.98 0 0 -1 1 -0.017 0 -0.017 -1 0 32348.dat
1 0 -60 -129.49 -133.98 0 -1 0 -0.017 0 1 -1 0 -0.017 2780.dat
1 71 -116 -82 -164.796 0 -0.6 -0.8 0.017 0.8 -0.6 1 -0.0136 0.0102 4519.dat
1 0 -60 -109.32 -124.32 1 0 0 0 -1 -0.017 0 0.017 -1 6536.dat
1 0 -20 -130 -163.98 0 0 -1 -0.017 -1 0 -1 0.017 0 6536.dat
1 71 -92 -113.83 -154.252 0 0 -1 -0.017 -1 0 -1 0.017 0 3673.dat
1 71 -116 -82 -164.796 -0.8 0.6 0 -0.6 -0.8 0.017 0.0102 0.0136 1 3713.dat
1 0 -20 -130.34 -183.98 0 0 -1 1 -0.017 0 -0.017 -1 0 32348.dat
1 71 0 -233.3324 -177.5458 1 0 0 0 0.973165 -0.228527 0 0.228527 0.973165 4519.dat
1 0 -20 -233.3324 -177.5458 0 -1 0 0.228527 0 0.973165 -0.973165 0 0.228527 32140.dat
1 71 0 -213.8691 -172.9752 1 0 0 0 0.472807 0.880889 0 -0.880889 0.472807 87082.dat
1 0 20 -233.3324 -177.5458 0 -1 0 0.228527 0 0.973165 -0.973165 0 0.228527 32140.dat
1 0 0 -233.3324 -177.5458 0 1 0 0.973165 0 0.228527 0.228527 0 -0.973165 32271.dat
1 0 0 -169.2832 -310.3687 1 0 0 0 0.915648 0.401077 0 -0.401077 0.915648 3705.dat
1 0 -15 -169.2832 -310.3687 0 1 0 0.401077 0 0.915648 0.915648 0 -0.401077 6632.dat
1 4 0 -132.6573 -326.4118 1 0 0 0 -0.401077 0.915648 0 -0.915648 -0.401077 32062.dat
1 47 -30 -169.2832 -310.3687 0 1 0 0.401077 0 0.915648 0.915648 0 -0.401077 41669.dat
1 1 0 -224.1913 -216.4724 1 0 0 0 0.973165 -0.228527 0 0.228527 0.973165 6558.dat
1 0 15 -169.2494 -310.4353 0 1 0 0.401691 0 0.916438 0.916438 0 -0.401691 6632.dat
1 47 30 -169.2494 -310.4353 0 -1 0 -0.401691 0 0.916438 -0.916438 0 -0.401691 41669.dat
1 71 0 -170.34 -183.3 -1 0 0 0 0.15783 0.987603 0 0.987603 -0.15783 44294.dat
1 71 40 -170.34 -183.3 0 0 1 -1 -0.017 0 0.017 -1 0 3713.dat
1 4 -35 -170.34 -183.3 0 -1 0 -0.15783 0 0.987603 -0.987603 0 -0.15783 41677.dat
1 4 -45 -170.34 -183.3 0 -1 0 -0.15783 0 0.987603 -0.987603 0 -0.15783 41677.dat
1 4 -50 -150.5891 -186.4646 -1 0 0 0 0.15783 0.987603 0 0.987603 -0.15783 32062.dat
1 19 0 -218.5876 -164.1595 0 1 0 -0.473159 0 0.881296 0.881296 0 0.473159 3749.dat
1 71 0 -228.9911 -144.7711 -1 0 0 0 0.473159 -0.881296 0 -0.881296 -0.473159 2819.dat
1 27 40 -192.8866 -184.5402 -1 0 0 0 0.945814 0.32602 0 0.32602 -0.945814 64391.dat
1 0 40 -157.3484 -256.9201 0 -1 0 -0.945814 0 0.32602 -0.32602 0 -0.945814 2780.dat
1 0 40 -170.3904 -219.1005 0 -1 0 -0.945814 0 0.32602 -0.32602 0 -0.945814 2780.dat
1 0 40 -147.8933 -253.6598 1 0 0 0 -0.945814 0.32602 0 -0.32602 -0.945814 32316.dat
1 71 40 -109.32 -124.32 -1 0 0 0 -1 0.017 0 0.017 1 4519.dat
1 71 -40 -109.32 -124.32 -1 0 0 0 -1 0.017 0 0.017 1 4519.dat
1 27 -40 -192.8866 -184.5402 -1 0 0 0 0.945814 0.32602 0 0.32602 -0.945814 64683.dat
1 0 -40 -157.3484 -256.9201 0 1 0 0.945814 0 0.32602 0.32602 0 -0.945814 2780.dat
1 0 -40 -147.8933 -253.6598 1 0 0 0 -0.945814 0.32602 0 -0.32602 -0.945814 32316.dat
1 0 -60 -150.5891 -186.4646 -1 0 0 0 -0.15783 -0.987603 0 -0.987603 0.15783 6536.dat
1 1 -60 -163.6296 -204.6332 0 0 1 -0.987603 -0.15783 0 0.15783 -0.987603 0 43093.dat
1 0 -60 -183.3805 -201.4686 -1 0 0 0 -0.15783 -0.987603 0 -0.987603 0.15783 59443.dat
1 4 -60 -203.1315 -198.303 0 0 -1 0.987603 -0.15783 0 -0.15783 -0.987603 0 32062.dat
1 0 -60 -222.8824 -195.1385 -1 0 0 0 -0.15783 -0.987603 0 -0.987603 0.15783 59443.dat
1 4 -60 -242.6333 -191.9729 0 0 -1 0.987603 -0.15783 0 -0.15783 -0.987603 0 32062.dat
1 0 -60 -262.3842 -188.8083 -1 0 0 0 -0.15783 -0.987603 0 -0.987603 0.15783 59443.dat
1 0 -50 -307.62 -20.92 1 0 0 0 1 0.017 0 -0.017 1 2780.dat
1 0 -50 -308.3 -60.92 1 0 0 0 1 0.017 0 -0.017 1 2780.dat
1 27 -60 -308.64 -80.92 0 1 0 -1 0 0.017 0.017 0 1 32524.dat
1 0 -50 -309.32 -120.92 1 0 0 0 1 0.017 0 -0.017 1 2780.dat
1 0 -60 -309.66 -140.92 1 0 0 0 1 0.017 0 -0.017 1 32054.dat
1 0 -40 -309.66 -140.92 0 1 0 -1 0 0.017 0.017 0 1 32523.dat
1 71 0 -310 -160.92 -1 0 0 0 -1 0.017 0 0.017 1 4519.dat
1 0 -40 -310 -160.92 -1 0 0 0 -1 0.017 0 0.017 1 32054.dat
1 0 40 -310 -160.92 1 0 0 0 1 0.017 0 -0.017 1 32054.dat
1 0 40 -309.66 -140.92 0 1 0 -1 0 0.017 0.017 0 1 32523.dat
1 27 60 -308.64 -80.92 0 1 0 -1 0 0.017 0.017 0 1 32524.dat
1 0 50 -309.32 -120.92 1 0 0 0 1 0.017 0 -0.017 1 2780.dat
1 0 50 -308.3 -60.92 1 0 0 0 1 0.017 0 -0.017 1 2780.dat
1 0 50 -307.62 -20.92 1 0 0 0 1 0.017 0 -0.017 1 2780.dat
1 0 60 -309.66 -140.92 -1 0 0 0 -1 0.017 0 0.017 1 32054.dat
1 0 60 -310 -160.92 1 0 0 0 0.15783 -0.987603 0 0.987603 0.15783 32013.dat
1 0 60 -240.8723 -171.997 0 0 1 0.987603 0.15783 0 -0.15783 0.987603 0 3706.dat
1 0 60 -190.0909 -180.1354 1 0 0 0 0.15783 -0.987603 0 0.987603 0.15783 32039.dat
1 0 -60 -190.0909 -180.1354 1 0 0 0 0.15783 -0.987603 0 0.987603 0.15783 32039.dat
1 0 -60 -240.8723 -171.997 0 0 1 0.987603 0.15783 0 -0.15783 0.987603 0 3706.dat
1 0 -60 -310 -160.92 1 0 0 0 0.15783 -0.987603 0 0.987603 0.15783 32013.dat
1 0 60 -186.94 17.04 -1 0 0 0 -0.175323 0.984264 0 0.984264 0.175323 32013.dat
1 0 60 -255.8619 4.7438 0 0 -1 -0.984264 -0.175323 0 -0.175323 0.984264 0 3706.dat
1 0 60 -291.0347 -1.5303 0 0 1 -0.984264 0.175323 0 -0.175323 -0.984264 0 6536.dat
1 0 -60 -187.0387 17.0027 -1 0 0 0 -0.175323 0.984264 0 0.984264 0.175323 32013.dat
1 0 -60 -255.9606 4.7064 0 0 -1 -0.984264 -0.175323 0 -0.175323 0.984264 0 3706.dat
1 0 -60 -291.1333 -1.5676 0 0 1 -0.984264 0.175323 0 -0.175323 -0.984264 0 6536.dat
1 0 80 -186.6 37.04 -1 0 0 0 -1 0.017 0 0.017 1 32291.dat
1 0 -80 -186.6 37.04 -1 0 0 0 -1 0.017 0 0.017 1 32291.dat
1 36 70 -206.43 47.38 -1 0 0 0 0.017 1 0 1 -0.017 6141.dat
1 36 -70 -206.43 47.38 -1 0 0 0 0.017 1 0 1 -0.017 6141.dat
1 57 90 -206.43 47.38 -1 0 0 0 0.017 1 0 1 -0.017 6141.dat
1 57 -90 -206.43 47.38 -1 0 0 0 0.017 1 0 1 -0.017 6141.dat
1 27 60 -188.3 -62.96 1 0 0 0 1 0.017 0 -0.017 1 61071.dat
1 27 -60 -188.3 -62.96 1 0 0 0 1 0.017 0 -0.017 1 61070.dat
1 0 120 -309.66 -140.92 0 -1 0 1 0 0.017 -0.017 0 1 6553.dat
1 0 -120 -309.66 -140.92 0 1 0 1 0 -0.017 -0.017 0 -1 6553.dat
1 1 120 -299.66 -141.09 0 1 0 -1 0 0.017 0.017 0 1 43093.dat
1 1 -120 -299.66 -141.09 0 1 0 -1 0 0.017 0.017 0 1 43093.dat
1 0 -115 -279.5128 -132.77 0 -0.5 0.866 -1 -0.014722 -0.0085 0.017 -0.866 -0.5 2444.dat
1 0 115 -279.5128 -132.77 0 0.5 0.866 -1 -0.014722 0.0085 0.017 -0.866 0.5 2444.dat
1 0 -111 -279.395 -125.842 0 -0.5 0.866 -1 -0.014722 -0.0085 0.017 -0.866 -0.5 3068.dat
1 0 111 -279.395 -125.842 0 0.5 0.866 -1 -0.014722 0.0085 0.017 -0.866 0.5 3068.dat
1 71 -110 -87.62 -24.66 0 0 -1 1 -0.017 0 -0.017 -1 0 56908.dat
1 256 -110 -87.62 -24.66 0 0 -1 1 -0.017 0 -0.017 -1 0 61480.dat
1 71 110 -87.62 -24.66 0 0 1 1 0.017 0 -0.017 1 0 56908.dat
1 256 110 -87.62 -24.66 0 0 1 1 0.017 0 -0.017 1 0 61480.dat
1 71 110 -72.38 -305 0 0 1 1 0.017 0 -0.017 1 0 56145.dat
1 256 110 -72.38 -305 0 0 1 1 0.017 0 -0.017 1 0 55976.dat
1 71 -110 -72.38 -305 0 0 -1 -1 0.017 0 0.017 1 0 56145.dat
1 256 -110 -72.38 -305 0 0 -1 -1 0.017 0 0.017 1 0 55976.dat
1 71 0 -83.611 296.209 0 0 1 0.081 0.997 0 -0.997 0.081 0 4519.dat
1 71 0 -81.586 271.284 -1 0 0 0 0.997 0.081 0 0.081 -0.997 32123.dat
1 0 0 -83.611 296.209 0 -1 0 0.081 0 0.997 -0.997 0 0.081 41678.dat
1 4 0 -83.611 296.209 0 0 1 0.997 -0.081 0 0.081 0.997 0 32316.dat
1 71 0 -104.361 304.559 -1 0 0 0 -0.081 0.997 0 0.997 0.081 32073.dat
1 71 -40 -104.361 304.559 0 1 0 0.997 0 0.081 0.081 0 -0.997 60483.dat
1 71 -20 -104.361 304.559 0 0 1 0.997 -0.081 0 0.081 0.997 0 3713.dat
1 71 20 -104.361 304.559 0 0 -1 -0.997 -0.081 0 -0.081 0.997 0 3713.dat
1 71 40 -104.361 304.559 0 -1 0 -0.997 0 0.081 -0.081 0 -0.997 60483.dat
1 71 -60 -101.931 274.649 1 0 0 0 0.997 -0.081 0 0.081 0.997 63869.dat
1 0 -40 -81.991 276.269 0 0 1 -0.081 -0.997 0 0.997 -0.081 0 32054.dat
1 71 -80 -80.371 256.329 0 1 0 -0.997 0 -0.081 -0.081 0 0.997 48989.dat
1 0 -40 -77.941 226.419 0 1 0 0.081 0 -0.997 -0.997 0 -0.081 3705.dat
1 28 -100 -60.431 257.949 0 0 -1 -0.997 -0.081 0 -0.081 0.997 0 6587.dat
1 71 -100 -45.476 259.164 0 1 0 0.081 0 -0.997 -0.997 0 -0.081 32123.dat
1 72 -100 -60.431 257.949 0 1 0 0.081 0 -0.997 -0.997 0 -0.081 3647.dat
1 4 -80 -78.751 236.389 0 0 -1 0.997 0.081 0 0.081 -0.997 0 32316.dat
1 72 -60 -60.431 257.949 0 1 0 0.081 0 -0.997 -0.997 0 -0.081 3648.dat
1 19 -60 -70.401 257.139 0 1 0 0.997 0 0.081 0.081 0 -0.997 3749.dat
1 71 60 -101.931 274.649 1 0 0 0 0.997 -0.081 0 0.081 0.997 63869.dat
1 0 40 -81.991 276.269 0 0 1 -0.081 -0.997 0 0.997 -0.081 0 32054.dat
1 71 80 -80.371 256.329 0 -1 0 0.997 0 -0.081 0.081 0 0.997 48989.dat
1 0 40 -77.941 226.419 0 -1 0 -0.081 0 -0.997 0.997 0 -0.081 3705.dat
1 28 100 -60.431 257.949 0 0 -1 -0.997 -0.081 0 -0.081 0.997 0 6587.dat
1 71 100 -45.476 259.164 0 -1 0 -0.081 0 -0.997 0.997 0 -0.081 32123.dat
1 72 100 -60.431 257.949 0 -1 0 -0.081 0 -0.997 0.997 0 -0.081 3647.dat
1 4 80 -78.751 236.389 0 0 1 -0.997 0.081 0 -0.081 -0.997 0 32316.dat
1 72 60 -60.431 257.949 0 -1 0 -0.081 0 -0.997 0.997 0 -0.081 3648.dat
1 19 60 -70.401 257.139 0 -1 0 0.997 0 -0.081 0.081 0 0.997 3749.dat
1 71 40 -77.536 221.434 1 0 0 0 0.997 -0.081 0 0.081 0.997 32123.dat
1 71 -40 -77.536 221.434 1 0 0 0 0.997 -0.081 0 0.081 0.997 32123.dat
1 4 40 -76.726 211.464 0 0 -1 -0.997 -0.081 0 -0.081 0.997 0 41677.dat
1 4 -40 -76.726 211.464 0 0 1 0.997 -0.081 0 0.081 0.997 0 41677.dat
1 72 20 -77.941 226.419 0 0 1 -0.081 -0.997 0 0.997 -0.081 0 55013.dat
1 72 -20 -77.941 226.419 0 0 1 -0.081 -0.997 0 0.997 -0.081 0 55013.dat
1 0 0 -96.261 204.859 1 0 0 0 0.081 0.997 0 -0.997 0.081 87408.dat
1 1 0 -76.321 206.479 0 1 0 -0.081 0 0.997 0.997 0 0.081 43093.dat
1 1 0 -116.201 203.239 0 1 0 -0.081 0 0.997 0.997 0 0.081 43093.dat
1 72 0 -96.423 206.853 0 1 0 -0.081 0 0.997 0.997 0 0.081 87083.dat
1 71 0 -98.286 229.784 0 -1 0 0.997 0 -0.081 0.081 0 0.997 32123.dat
1 19 0 -98.934 237.76 0 -1 0 0.997 0 -0.081 0.081 0 0.997 6589.dat
1 72 0 -90.341 255.519 0 1 0 -0.997 0 -0.081 -0.081 0 0.997 87083.dat
1 19 0 -117.26 253.332 -1 0 0 0 -0.081 0.997 0 0.997 0.081 6589.dat
1 71 0 -75.916 201.494 -1 0 0 0 0.081 -0.997 0 -0.997 -0.081 99773.dat
1 71 0 -75.106 191.524 -1 0 0 0 0.081 -0.997 0 -0.997 -0.081 99773.dat
1 71 20 -74.296 181.554 1 0 0 0 -0.997 0.081 0 -0.081 -0.997 32123.dat
1 71 20 -73.486 171.584 1 0 0 0 -0.997 0.081 0 -0.081 -0.997 32123.dat
1 71 -20 -74.296 181.554 1 0 0 0 -0.997 0.081 0 -0.081 -0.997 32123.dat
1 71 -20 -73.486 171.584 1 0 0 0 -0.997 0.081 0 -0.081 -0.997 32123.dat
1 72 0 -60.431 257.949 1 0 0 0 -0.081 -0.997 0 0.997 -0.081 3648.dat
1 71 100 -15.566 261.594 1 0 0 0 -0.081 -0.997 0 0.997 -0.081 4185.dat
1 72 100 -18.931 241.249 0 -1 0 0.997 0 -0.081 0.081 0 0.997 32002.dat
1 72 117.321 -21.361 271.159 0 -1 0 0.997 0 -0.081 0.081 0 0.997 32002.dat
1 72 82.679 -21.361 271.159 0 -1 0 0.997 0 -0.081 0.081 0 0.997 32002.dat
1 71 100 -20.676 200.964 1 0 0 0 -0.997 0.081 0 -0.081 -0.997 32017.dat
1 71 151.962 -27.966 290.694 0.5 0 -0.866 0.070146 -0.997 0.0405 -0.863402 -0.081 -0.4985 32017.dat
1 71 48.038 -27.966 290.694 -0.5 0 -0.866 0.070146 -0.997 -0.0405 -0.863402 -0.081 0.4985 32017.dat
1 71 100 -35.506 259.974 1 0 0 0 -0.081 -0.997 0 0.997 -0.081 4185.dat
1 71 -100 -17.56 261.432 -1 0 0 0 0.081 -0.997 0 -0.997 -0.081 4185.dat
1 72 -100 -24.165 280.967 0 1 0 0.997 0 0.081 0.081 0 -0.997 32002.dat
1 72 -117.321 -21.735 251.057 0 1 0 0.997 0 0.081 0.081 0 -0.997 32002.dat
1 72 -82.679 -21.735 251.057 0 1 0 0.997 0 0.081 0.081 0 -0.997 32002.dat
1 71 -100 -32.39 320.442 -1 0 0 0 -0.997 -0.081 0 -0.081 0.997 32017.dat
1 71 -151.962 -25.1 230.712 -0.5 0 0.866 -0.070146 -0.997 -0.0405 0.863402 -0.081 0.4985 32017.dat
1 71 -48.038 -25.1 230.712 0.5 0 0.866 -0.070146 -0.997 0.0405 0.863402 -0.081 -0.4985 32017.dat
1 71 -100 -37.5 259.812 -1 0 0 0 0.081 -0.997 0 -0.997 -0.081 4185.dat
