0 
0 Name: New Model.ldr
0 Author: 
1 4 0 -34 -360 0.707 0 0.707 0 1 0 -0.707 0 0.707 4362ac01.dat
1 4 -77.77 -82 -437.77 0.707 0 0.707 0 1 0 -0.707 0 0.707 4088.dat
1 14 -56.56 -58 -416.56 0.707 0 0.707 0 1 0 -0.707 0 0.707 3001.dat
1 4 -35.35 -58 -395.35 0.707 0 0.707 0 1 0 -0.707 0 0.707 3004.dat
1 4 -49.49 -82 -409.49 -0.707 0 0.707 0 1 0 -0.707 0 -0.707 3002.dat
1 1 -56.56 -82 -374.14 0.707 0 0.707 0 1 0 -0.707 0 0.707 3995.dat
1 1 -14.14 -82 -416.56 0.707 0 0.707 0 1 0 -0.707 0 0.707 3996.dat
1 4 49.49 -58 -268.09 -0.707 0 0.707 0 1 0 -0.707 0 -0.707 3010.dat
1 4 91.91 -58 -310.51 -0.707 0 0.707 0 1 0 -0.707 0 -0.707 3010.dat
1 4 63.63 -58 -296.37 -0.707 0 0.707 0 1 0 -0.707 0 -0.707 3002.dat
1 14 70.7 -66 -289.3 -0.707 0 -0.707 0 1 0 0.707 0 -0.707 3032.dat
1 14 35.35 -90 -253.95 -0.707 0 0.707 0 1 0 -0.707 0 -0.707 3010.dat
1 14 106.05 -90 -324.65 -0.707 0 0.707 0 1 0 -0.707 0 -0.707 3010.dat
1 14 91.91 -90 -268.09 -0.707 0 -0.707 0 1 0 0.707 0 -0.707 3010.dat
1 14 -35.35 -154 -395.35 0.707 0 0.707 0 1 0 -0.707 0 0.707 281.dat
1 366 60.104 -76 -275.854 0.654 0.05 -0.755 -0.406 -0.819 -0.406 -0.639 0.571 -0.515 u669.dat
