0 
0 Name: New Model.ldr
0 Author: 
1 7 -420 9 416 -0.878817 0 -0.477159 0 1 0 0.477159 0 -0.878817 3832.dat
1 0 -420 17 416 -0.878817 0 -0.477159 0 1 0 0.477159 0 -0.878817 3020.dat
1 0 -367.271 17 387.3705 -0.477159 0 0.878817 0 1 0 -0.878817 0 -0.477159 4600.dat
1 7 -352.9562 22 413.735 -0.878817 0 -0.477159 0 1 0 0.477159 0 -0.878817 4624.dat
1 256 -352.9562 22 413.735 -0.878817 0 -0.477159 0 1 0 0.477159 0 -0.878817 3641.dat
1 7 -381.5858 22 361.006 0.878817 0 0.477159 0 1 0 -0.477159 0 0.878817 4624.dat
1 256 -381.5858 22 361.006 0.878817 0 0.477159 0 1 0 -0.477159 0 0.878817 3641.dat
1 0 -402.4236 25 406.4568 -0.477159 0 0.878817 0 1 0 -0.878817 0 -0.477159 4600.dat
1 7 -388.1089 30 432.8213 -0.878817 0 -0.477159 0 1 0 0.477159 0 -0.878817 4624.dat
1 256 -388.1089 30 432.8213 -0.878817 0 -0.477159 0 1 0 0.477159 0 -0.878817 3641.dat
1 7 -416.7384 30 380.0923 0.878817 0 0.477159 0 1 0 -0.477159 0 0.878817 4624.dat
1 256 -416.7384 30 380.0923 0.878817 0 0.477159 0 1 0 -0.477159 0 0.878817 3641.dat
1 0 -437.5764 25 425.5432 -0.477159 0 0.878817 0 1 0 -0.878817 0 -0.477159 4600.dat
1 7 -423.2616 30 451.9077 -0.878817 0 -0.477159 0 1 0 0.477159 0 -0.878817 4624.dat
1 256 -423.2616 30 451.9077 -0.878817 0 -0.477159 0 1 0 0.477159 0 -0.878817 3641.dat
1 7 -451.8911 30 399.1787 0.878817 0 0.477159 0 1 0 -0.477159 0 0.878817 4624.dat
1 256 -451.8911 30 399.1787 0.878817 0 0.477159 0 1 0 -0.477159 0 0.878817 3641.dat
1 0 -472.729 17 444.6295 -0.477159 0 0.878817 0 1 0 -0.878817 0 -0.477159 4600.dat
1 7 -458.4142 22 470.994 -0.878817 0 -0.477159 0 1 0 0.477159 0 -0.878817 4624.dat
1 256 -458.4142 22 470.994 -0.878817 0 -0.477159 0 1 0 0.477159 0 -0.878817 3641.dat
1 7 -487.0438 22 418.265 0.878817 0 0.477159 0 1 0 -0.477159 0 0.878817 4624.dat
1 256 -487.0438 22 418.265 0.878817 0 0.477159 0 1 0 -0.477159 0 0.878817 3641.dat
1 0 -424.7716 -15 407.2118 0.878817 0 0.477159 0 1 0 -0.477159 0 0.878817 3039.dat
1 0 -415.2284 -15 424.7882 -0.878817 0 -0.477159 0 1 0 0.477159 0 -0.878817 3039.dat
1 0 -340.9065 -15 373.0557 0.477159 0 -0.878817 0 1 0 0.878817 0 0.477159 3048.dat
1 0 -499.0935 1 458.9443 0.477159 0 -0.878817 0 1 0 0.878817 0 0.477159 4590.dat
1 4 -428.7882 -23 420.7716 0.477159 0 -0.878817 0 1 0 0.878817 0 0.477159 3794.dat
1 4 -411.2118 -23 411.2284 0.477159 0 -0.878817 0 1 0 0.878817 0 0.477159 3794.dat
1 7 -420 -39 416 0.477159 0 -0.878817 0 1 0 0.878817 0 0.477159 4595.dat
1 7 -499.0935 -7 458.9443 -0.477159 0 0.878817 0 1 0 -0.878817 0 -0.477159 3069.dat
1 34 -388.3626 -29 398.8223 -0.477159 0.878817 0 0 0 -1 -0.878817 -0.477159 0 4740.dat
1 0 -465.6985 -74 440.8123 0.078459 0 0.996918 0 1 0 -0.996918 0 0.078459 2446.dat
1 34 -465.6985 -74 440.8123 0.078459 0 0.996918 0 1 0 -0.996918 0 0.078459 2447.dat
1 14 -465.6985 -74 440.8123 0.078459 0 0.996918 0 1 0 -0.996918 0 0.078459 3626.dat
1 0 -465.6985 -47 440.8123 -0.477159 0 0.878817 0 1 0 -0.878817 0 -0.477159 3838.dat
1 4 -465.6985 -47 440.8123 -0.477159 0 0.878817 0 1 0 -0.878817 0 -0.477159 2526.dat
1 15 -465.6985 -44 440.8123 -0.477159 0 0.878817 0 1 0 -0.878817 0 -0.477159 973.dat
1 15 -484.1708 -35.769 476.6662 -0.505204 0.383627 0.772506 0.017209 0.899169 -0.435311 -0.862317 -0.206848 -0.461231 3959.dat
1 0 -297.2978 23.9518 349.3781 -0.875477 0.076633 -0.477159 0.0872 0.9962 0 0.475346 -0.041608 -0.878817 3958.dat
1 0 -350.7902 35.4094 332.9064 -0.875477 0.076633 -0.477159 0.0872 0.9962 0 0.475346 -0.041608 -0.878817 4032.dat
1 0 -280.752 28.4334 294.8787 -0.875477 0.076633 -0.477159 0.0872 0.9962 0 0.475346 -0.041608 -0.878817 4032.dat
1 0 -312.6175 35.4094 403.2118 -0.875477 0.076633 -0.477159 0.0872 0.9962 0 0.475346 -0.041608 -0.878817 4032.dat
1 0 -242.5793 28.4334 365.1841 -0.875477 0.076633 -0.477159 0.0872 0.9962 0 0.475346 -0.041608 -0.878817 4032.dat
1 4 -231.5052 -4.317 370.5503 -0.875477 0.076633 -0.477159 0.0872 0.9962 0 0.475346 -0.041608 -0.878817 2357.dat
1 4 -269.6779 -4.317 300.2449 -0.875477 0.076633 -0.477159 0.0872 0.9962 0 0.475346 -0.041608 -0.878817 2357.dat
1 4 -319.0529 4.403 418.0848 -0.477159 0.076633 0.875477 0 0.9962 -0.0872 -0.878817 -0.041608 -0.475346 2357.dat
1 4 -357.2256 4.403 347.7795 -0.477159 0.076633 0.875477 0 0.9962 -0.0872 -0.878817 -0.041608 -0.475346 2357.dat
1 7 -257.2023 -28.2258 327.608 -0.477159 0.076633 0.875477 0 0.9962 -0.0872 -0.878817 -0.041608 -0.475346 3659.dat
1 7 -344.7501 -19.5058 375.1426 -0.477159 0.076633 0.875477 0 0.9962 -0.0872 -0.878817 -0.041608 -0.475346 3659.dat
1 0 -277.1182 -23.8658 395.3162 0.875477 0.076633 0.477159 -0.0872 0.9962 0 -0.475346 -0.041608 0.878817 4864.dat
1 7 -281.0603 -28.2258 283.6672 0.875477 0.076633 0.477159 -0.0872 0.9962 0 -0.475346 -0.041608 0.878817 3005.dat
1 7 -368.608 -19.5058 331.2018 0.875477 0.076633 0.477159 -0.0872 0.9962 0 -0.475346 -0.041608 0.878817 3005.dat
1 7 -242.0991 -27.3538 376.3023 0.875477 0.076633 0.477159 -0.0872 0.9962 0 -0.475346 -0.041608 0.878817 3004.dat
1 7 -312.1373 -20.3778 414.33 0.875477 0.076633 0.477159 -0.0872 0.9962 0 -0.475346 -0.041608 0.878817 3004.dat
1 7 -263.8131 -52.1346 319.8185 0.875477 0.076633 0.477159 -0.0872 0.9962 0 -0.475346 -0.041608 0.878817 4286.dat
1 7 -254.2699 -52.1346 337.3948 -0.875477 0.076633 -0.477159 0.0872 0.9962 0 0.475346 -0.041608 -0.878817 4286.dat
1 7 -351.3608 -43.4146 367.353 0.875477 0.076633 0.477159 -0.0872 0.9962 0 -0.475346 -0.041608 0.878817 4286.dat
1 7 -341.8177 -43.4146 384.9294 -0.875477 0.076633 -0.477159 0.0872 0.9962 0 0.475346 -0.041608 -0.878817 4286.dat
1 0 -277.7313 -31.8354 395.649 -0.875477 0.076633 -0.477159 0.0872 0.9962 0 0.475346 -0.041608 -0.878817 4625.dat
1 0 -259.6546 -60.1042 328.9395 0.477159 0.076633 -0.875477 0 0.9962 0.0872 0.878817 -0.041608 0.475346 2412.dat
1 0 -347.2023 -51.3842 376.4741 0.477159 0.076633 -0.875477 0 0.9962 0.0872 0.878817 -0.041608 0.475346 2412.dat
1 34 -280.9008 -35.8202 390.5425 0.875477 -0.237059 0.421129 -0.0872 0.779626 0.620135 -0.475346 -0.579626 0.661861 2483.dat
1 0 -316.5439 -22.5473 322.4614 -0.88933 0.457263 -0.001967 0.238606 0.467716 0.851041 0.390097 0.756372 -0.525057 2446.dat
1 42 -316.5439 -22.5473 322.4614 -0.88933 0.457263 -0.001967 0.238606 0.467716 0.851041 0.390097 0.756372 -0.525057 2447.dat
1 14 -316.5439 -22.5473 322.4614 -0.88933 0.457263 -0.001967 0.238606 0.467716 0.851041 0.390097 0.756372 -0.525057 3626.dat
1 0 -304.1978 -9.919 342.8834 -0.875477 0.457263 -0.156367 0.0872 0.467716 0.879545 0.475346 0.756372 -0.449341 3838.dat
1 15 -304.1978 -9.919 342.8834 -0.875477 0.457263 -0.156367 0.0872 0.467716 0.879545 0.475346 0.756372 -0.449341 973.dat
