0 Main
0 Name: 8049-1 - Tractor with Log Loader - Log Handler.mpd
0 Author: LTRON
1 0 -40 -64 390 0 -1 0 1 0 0 0 0 1 32278.dat
1 71 -50 -64 470 -1 0 0 0 -1 0 0 0 1 4274.dat
1 0 -50 -64 390 -1 0 0 0 -1 0 0 0 1 2780.dat
1 0 -40 -64 250 -1 0 0 0 0 1 0 1 0 32054.dat
1 71 0 -64 250 -1 0 0 0 0 1 0 1 0 4519.dat
1 27 0 -64 250 -1 0 0 0 -1 0 0 0 1 6536.dat
1 0 40 -64 250 1 0 0 0 0 1 0 -1 0 32054.dat
1 0 -50 -64 310 1 0 0 0 1 0 0 0 1 3705.dat
1 71 -60 -84 310 1 0 0 0 -1 0 0 0 -1 42003.dat
1 72 -80 -64 310 0 -1 0 0 0 -1 1 0 0 60483.dat
1 71 -90 -84 310 -1 0 0 0 0 1 0 1 0 4274.dat
1 0 0 -64 310 0 0 1 0 1 0 -1 0 0 32034.dat
1 71 40 -64 310 -1 0 0 0 0 1 0 1 0 4519.dat
1 0 -30 -64 410 -1 0 0 0 -1 0 0 0 1 2780.dat
1 0 -30 -64 450 -1 0 0 0 -1 0 0 0 1 2780.dat
1 72 -20 -144 410 0 1 0 0 0 1 1 0 0 32526.dat
1 1 0 -64 430 1 0 0 0 1 0 0 0 1 6558.dat
1 71 0 -84 420 0 0 -1 0 1 0 1 0 0 32557.dat
1 72 20 -144 410 0 1 0 0 0 1 1 0 0 32526.dat
1 0 30 -64 410 -1 0 0 0 -1 0 0 0 1 2780.dat
1 0 30 -64 450 -1 0 0 0 -1 0 0 0 1 2780.dat
1 71 -40 -64 530 -1 0 0 0 0 -1 0 -1 0 4519.dat
1 0 0 -64 530 0 0 1 0 -1 0 1 0 0 32034.dat
1 71 40 -64 530 -1 0 0 0 0 -1 0 -1 0 4519.dat
1 0 0 -64 520 0 -1 0 0 0 -1 1 0 0 2780.dat
1 0 40 -64 390 0 -1 0 1 0 0 0 0 1 32278.dat
1 71 50 -64 470 1 0 0 0 1 0 0 0 1 4274.dat
1 0 50 -64 390 -1 0 0 0 -1 0 0 0 1 2780.dat
1 0 50 -64 370 -1 0 0 0 -1 0 0 0 1 2780.dat
1 71 60 -84 310 1 0 0 0 -1 0 0 0 -1 42003.dat
1 0 50 -64 500 0 -1 0 1 0 0 0 0 1 32069.dat
1 0 -50 -64 500 0 1 0 -1 0 0 0 0 1 32069.dat
1 72 80 -54 480 -1 0 0 0 -1 0 0 0 1 32068.dat
1 19 80 -74 460 0 -1 0 1 0 0 0 0 1 3749.dat
1 72 110 -64 500 -1 0 0 0 -1 0 0 0 1 87083.dat
1 71 95 -64 500 0 0 1 -1 0 0 0 -1 0 32123.dat
1 71 105 -64 500 0 0 1 -1 0 0 0 -1 0 32123.dat
1 72 -80 -74 480 1 0 0 0 1 0 0 0 1 32068.dat
1 71 -95 -64 500 0 0 -1 1 0 0 0 -1 0 32123.dat
1 71 -105 -64 500 0 0 -1 1 0 0 0 -1 0 32123.dat
1 72 -110 -64 500 1 0 0 0 1 0 0 0 1 87083.dat
1 19 -80 -74 460 0 -1 0 1 0 0 0 0 1 3749.dat
1 0 0 -84 440 1 0 0 0 1 0 0 0 1 87761.dat
1 4 40 -84 450 0 0 1 0 1 0 -1 0 0 32062.dat
1 4 -40 -84 450 0 0 1 0 1 0 -1 0 0 32062.dat
1 0 60 -84 460 0 1 0 0 0 -1 -1 0 0 42003.dat
1 0 -60 -84 460 0 -1 0 0 0 -1 1 0 0 42003.dat
1 0 0 -104 350 0 -1 0 0 0 1 -1 0 0 3705.dat
1 0 0 -104 390 -1 0 0 0 1 0 0 0 -1 59443.dat
1 71 0 -104 365 -1 0 0 0 1 0 0 0 -1 32123.dat
1 0 0 -104 350 -1 0 0 0 1 0 0 0 -1 32270.dat
1 0 0 -104 335 0 0 1 1 0 0 0 1 0 2905.dat
1 0 0 -104 325 0 0 1 1 0 0 0 1 0 2905.dat
1 1 0 -144 340 0 1 0 0 0 -1 -1 0 0 43093.dat
1 1 0 -64 320 0 -1 0 0 0 -1 1 0 0 43093.dat
1 71 0 -104 315 -1 0 0 0 1 0 0 0 -1 32123.dat
1 1 40 -104 340 0 -1 0 0 0 -1 1 0 0 43093.dat
1 0 40 -104 370 1 0 0 0 -1 0 0 0 -1 32034.dat
1 4 40 -104 400 0 -1 0 0 0 1 -1 0 0 32062.dat
1 27 40 -104 410 0 0 1 0 1 0 -1 0 0 6536.dat
1 71 60 -104 370 1 0 0 0 -1 0 0 0 -1 32073.dat
1 0 20 -104 370 0 0 1 0 -1 0 1 0 0 32270.dat
1 0 0 -144 350 0 0 -1 0 -1 0 -1 0 0 32034.dat
1 1 -30 -144 350 1 0 0 0 0 -1 0 1 0 43093.dat
1 0 40 -84 410 -1 0 0 0 -1 0 0 0 1 32054.dat
1 71 0 -104 420 0 1 0 0 0 -1 -1 0 0 4519.dat
1 0 0 -104 440 -1 0 0 0 1 0 0 0 -1 32270.dat
1 0 50 -64 270 -1 0 0 0 -1 0 0 0 1 2780.dat
1 0 -50 -64 270 -1 0 0 0 -1 0 0 0 1 2780.dat
1 0 -60 -64 190 0 1 0 -1 0 0 0 0 1 40490.dat
1 0 -40 -64 110 -1 0 0 0 -1 0 0 0 1 32054.dat
1 71 0 -64 110 -1 0 0 0 -1 0 0 0 1 4519.dat
1 0 40 -64 110 1 0 0 0 1 0 0 0 1 32054.dat
1 72 -40 -104 110 0 -1 0 0 0 1 -1 0 0 32316.dat
1 72 40 -104 110 0 -1 0 0 0 1 -1 0 0 32316.dat
1 1 60 -144 110 1 0 0 0 1 0 0 0 1 6558.dat
1 1 -60 -144 110 -1 0 0 0 -1 0 0 0 1 6558.dat
1 0 50 -124 110 -1 0 0 0 -1 0 0 0 1 2780.dat
1 0 -50 -124 110 -1 0 0 0 -1 0 0 0 1 2780.dat
1 71 60 -134 110 0 -1 0 0 0 1 -1 0 0 43857.dat
1 71 -60 -134 110 0 -1 0 0 0 1 -1 0 0 43857.dat
1 0 60 -64 190 0 1 0 -1 0 0 0 0 1 40490.dat
1 0 0 -84 250 0 -1 0 0 0 -1 1 0 0 32054.dat
1 71 0 -84 210 0 -1 0 0 0 -1 1 0 0 4519.dat
1 0 0 -84 170 0 1 0 0 0 -1 -1 0 0 32054.dat
1 71 0 -84 170 1 0 0 0 0 1 0 -1 0 87082.dat
1 15 30 -84 170 1 0 0 0 0 1 0 -1 0 62462.dat
1 15 -30 -84 170 1 0 0 0 0 1 0 -1 0 62462.dat
1 0 60 -224 530 0 1 0 0 0 -1 -1 0 0 32009.dat
1 0 0 -64 510 0 1 0 1 0 0 0 0 -1 32184.dat
1 4 -20 -74 510 0 1 0 1 0 0 0 0 -1 32062.dat
1 4 20 -74 510 0 1 0 1 0 0 0 0 -1 32062.dat
1 0 40 -144 410 -1 0 0 0 0 -1 0 -1 0 32054.dat
1 72 40 -144 450 0 1 0 -1 0 0 0 0 1 32009.dat
1 0 50 -144 390 -1 0 0 0 -1 0 0 0 1 2780.dat
1 0 50 -144 370 -1 0 0 0 -1 0 0 0 1 2780.dat
1 1 60 -144 330 1 0 0 0 1 0 0 0 1 6558.dat
1 0 0 -224 450 1 0 0 0 1 0 0 0 1 3707.dat
1 72 60 -104 390 0 -1 0 0 0 -1 1 0 0 32316.dat
1 1 70 -84 390 1 0 0 0 0 -1 0 1 0 43093.dat
1 0 70 -124 390 -1 0 0 0 -1 0 0 0 1 2780.dat
1 72 80 -164 390 0 1 0 1 0 0 0 0 -1 32009.dat
1 0 80 -164 530 -1 0 0 0 0 -1 0 -1 0 32054.dat
1 0 90 -164 490 -1 0 0 0 -1 0 0 0 1 2780.dat
1 1 100 -164 450 1 0 0 0 1 0 0 0 1 6558.dat
1 72 100 -164 470 0 -1 0 1 0 0 0 0 1 32523.dat
1 1 110 -164 530 -1 0 0 0 0 1 0 1 0 43093.dat
1 72 120 -164 490 0 1 0 1 0 0 0 0 -1 32316.dat
1 72 60 -104 370 0 -1 0 0 0 -1 1 0 0 32316.dat
1 0 70 -124 370 -1 0 0 0 -1 0 0 0 1 2780.dat
1 0 70 -84 370 -1 0 0 0 -1 0 0 0 1 2780.dat
1 72 80 -104 370 0 1 0 0 0 1 1 0 0 32523.dat
1 0 60 -104 310 0 -1 0 0 0 -1 1 0 0 32054.dat
1 14 100 -104 370 0 0 1 0 -1 0 1 0 0 32072.dat
1 0 60 -144 230 0 1 0 1 0 0 0 0 -1 32525.dat
1 0 40 -144 220 -1 0 0 0 0 1 0 1 0 32138.dat
1 0 70 -144 130 -1 0 0 0 -1 0 0 0 1 2780.dat
1 0 70 -144 170 -1 0 0 0 -1 0 0 0 1 2780.dat
1 0 80 -144 170 0 1 0 0 0 1 1 0 0 32526.dat
1 1 80 -64 170 1 0 0 0 0 1 0 -1 0 6558.dat
1 0 70 -64 210 -1 0 0 0 -1 0 0 0 1 2780.dat
1 0 90 -104 170 -1 0 0 0 -1 0 0 0 1 2780.dat
1 72 100 -84 170 0 1 0 0 0 1 1 0 0 32523.dat
1 71 100 -84 170 1 0 0 0 0 1 0 -1 0 44294.dat
1 71 65 -84 170 0 0 1 1 0 0 0 1 0 32123.dat
1 71 55 -84 170 0 0 1 1 0 0 0 1 0 32123.dat
1 71 115 -84 170 0 0 1 1 0 0 0 1 0 32123.dat
1 27 160 -144 390 0 -1 0 0 0 1 -1 0 0 32009.dat
1 0 110 -144 310 1 0 0 0 0 1 0 -1 0 3706.dat
1 71 120 -304 390 1 0 0 0 0 1 0 -1 0 32073.dat
1 0 90 -144 350 1 0 0 0 0 1 0 -1 0 3707.dat
1 0 140 -144 350 0 -1 0 -1 0 0 0 0 -1 32140.dat
1 0 140 -144 290 1 0 0 0 -1 0 0 0 -1 32054.dat
1 72 120 -144 350 1 0 0 0 0 -1 0 1 0 6536.dat
1 71 120 -144 370 0 -0.707 -0.707 -1 0 0 0 0.707 -0.707 4519.dat
1 71 120 -224 370 0 -0.707 -0.707 -1 0 0 0 0.707 -0.707 32073.dat
1 0 120 -174 370 0.707 0.707 0 0 0 1 0.707 -0.707 0 59443.dat
1 0 120 -274 370 0.707 0.707 0 0 0 1 0.707 -0.707 0 59443.dat
1 14 120 -124 370 0.707 0.707 0 0 0 1 0.707 -0.707 0 32072.dat
1 15 140 -304 350 0 1 0 -1 0 0 0 0 1 32316.dat
1 72 120 -304 390 -1 0 0 0 0 -1 0 -1 0 6536.dat
1 1 130 -304 310 -1 0 0 0 0 -1 0 -1 0 43093.dat
1 72 120 -304 310 -1 0 0 0 -1 0 0 0 1 32291.dat
1 71 130 -324 300 0 0 -1 0 -1 0 -1 0 0 4274.dat
1 71 110 -324 300 0 0 -1 0 -1 0 -1 0 0 4274.dat
1 0 120 -314 370 0 0.707 -0.707 1 0 0 0 -0.707 -0.707 3705.dat
1 1 120 -144 330 -1 0 0 0 0 -1 0 -1 0 6558.dat
1 72 120 -124 330 0 0 -1 0 -1 0 -1 0 0 6536.dat
1 1 120 -124 320 0 0 1 0 -1 0 1 0 0 43093.dat
1 1 140 -264 350 0 -1 0 0 0 1 -1 0 0 32526.dat
1 1 120 -184 330 -1 0 0 0 1 0 0 0 -1 6558.dat
1 72 120 -244 350 0 -1 0 0 0 1 -1 0 0 32140.dat
1 71 120 -244 350 1 0 0 0 0 1 0 -1 0 4519.dat
1 72 120 -164 310 1 0 0 0 -1 0 0 0 -1 32184.dat
1 1 130 -184 310 -1 0 0 0 0 -1 0 -1 0 43093.dat
1 0 130 -264 350 1 0 0 0 -1 0 0 0 -1 2780.dat
1 72 120 -284 350 0 -1 0 0 0 1 -1 0 0 60483.dat
1 1 100 -264 350 0 -1 0 0 0 1 -1 0 0 32526.dat
1 0 100 -144 350 0 -1 0 -1 0 0 0 0 -1 32140.dat
1 0 90 -144 290 -1 0 0 0 1 0 0 0 -1 2780.dat
1 15 100 -304 350 0 1 0 -1 0 0 0 0 1 32316.dat
1 0 100 -304 330 -1 0 0 0 -1 0 0 0 1 32054.dat
1 71 160 -304 330 -1 0 0 0 -1 0 0 0 1 32073.dat
1 27 80 -144 390 0 -1 0 0 0 1 -1 0 0 32009.dat
1 71 60 -144 350 0 0 1 0 1 0 -1 0 0 3713.dat
1 0 160 -144 290 -1 0 0 0 -0.392 0.92 0 0.92 0.392 32013.dat
1 4 160 -171.594 278.229 0 0 -1 0.92 0.392 0 0.392 -0.92 0 32062.dat
1 0 160 -199.188 266.457 -1 0 0 0 0.392 -0.92 0 -0.92 -0.392 32192.dat
1 0 160 -264.138 292.564 0 1 0 0.928 0 -0.373 -0.373 0 -0.928 3706.dat
1 15 160 -311.458 311.584 0 0 1 0.928 0.373 0 -0.373 0.928 0 6536.dat
1 71 180 -304 330 0 0 1 0 1 0 -1 0 0 3713.dat
1 1 150 -199.188 266.457 -1 0 0 0 -0.766 -0.643 0 -0.643 0.766 43093.dat
1 0 120 -199.188 266.457 0 0 -1 0.643 -0.766 0 -0.766 -0.643 0 32034.dat
1 1 120 -205.616 274.118 0 0 1 -0.643 -0.766 0 0.766 -0.643 0 43093.dat
1 1 90 -199.188 266.457 1 0 0 0 0.766 -0.643 0 0.643 0.766 43093.dat
1 71 120 -221.043 292.503 -1 0 0 0 0.643 -0.766 0 -0.766 -0.643 2819.dat
1 0 80 -144 289.859 -1 0 0 0 -0.392 0.92 0 0.92 0.392 32013.dat
1 4 80 -171.595 278.088 0 0 -1 0.92 0.392 0 0.392 -0.92 0 32062.dat
1 0 80 -199.189 266.316 -1 0 0 0 0.392 -0.92 0 -0.92 -0.392 32192.dat
1 0 80 -264.138 292.423 0 1 0 0.928 0 -0.373 -0.373 0 -0.928 3706.dat
1 15 80 -311.459 311.443 0 0 1 0.928 0.373 0 -0.373 0.928 0 6536.dat
1 0 220 -304 330 0 0 1 -1 0 0 0 -1 0 32013.dat
1 0 220 -294 330 0 0.707 0.707 -1 0 0 0 -0.707 0.707 2780.dat
1 0 212.929 -274 337.071 0 0.707 0.707 -1 0 0 0 -0.707 0.707 2444.dat
1 0 207.272 -274 342.728 0 0.707 0.707 -1 0 0 0 -0.707 0.707 3068.dat
1 47 90 -324 292 1 0 0 0 0 -1 0 1 0 54200.dat
1 47 150 -324 292 1 0 0 0 0 -1 0 1 0 54200.dat
1 0 120 -324 292 -1 0 0 0 0 1 0 1 0 3710.dat
1 71 120 -319 370 0.707 -0.707 0 0 0 -1 0.707 0.707 0 32123.dat
1 0 120 -328 370 0.707 0 0.707 0 -1 0 0.707 0 -0.707 4032.dat
1 0 120 -360 370 0.707 0 0.707 0 -1 0 0.707 0 -0.707 2654.dat
1 46 120 -336 370 0.707 0 0.707 0 -1 0 0.707 0 -0.707 3941.dat
1 0 80 -124 330 0 0 1 0 1 0 -1 0 0 32054.dat
1 0 60 -124 330 0 0 1 0 1 0 -1 0 0 32054.dat
1 0 60 -64 330 1 0 0 0 0 -1 0 1 0 32140.dat
1 0 40 -124 310 0 0 1 1 0 0 0 1 0 32525.dat
1 0 0 -124 310 0 0 1 0 -1 0 1 0 0 32054.dat
1 1 140 -124 310 0 1 0 0 0 1 1 0 0 6558.dat
1 0 140 -124 330 0 -1 0 0 0 -1 1 0 0 32013.dat
1 0 140 -124 290 0 -1 0 0 0 -1 1 0 0 32013.dat
1 0 140 -74 290 0 1 0 1 0 0 0 0 -1 3705.dat
1 0 140 -74 330 0 1 0 1 0 0 0 0 -1 3705.dat
1 0 140 -89 330 -1 0 0 0 1 0 0 0 -1 6632.dat
1 0 140 -39 330 -1 0 0 0 1 0 0 0 -1 6632.dat
1 0 140 -64 330 -1 0 0 0 1 0 0 0 -1 6632.dat
1 0 -60 -124 320 0 0 1 0 -1 0 1 0 0 2780.dat
1 0 -60 -104 320 0 0 1 0 -1 0 1 0 0 2780.dat
1 0 -40 -124 320 0 0 1 0 -1 0 1 0 0 2780.dat
1 72 -60 -64 330 1 0 0 0 0 -1 0 1 0 32140.dat
1 72 75 -144 120 0 1 0 -1 0 0 0 0 1 32449.dat
1 72 85 -144 120 0 1 0 -1 0 0 0 0 1 32449.dat
1 0 50 -224 470 -1 0 0 0 -0.906 0.423 0 0.423 0.906 2780.dat
1 72 40 -215.548 488.126 -1 0 0 0 0.423 0.906 0 0.906 -0.423 47223a.dat
1 0 50 -207.095 506.252 -1 0 0 0 -0.906 0.423 0 0.423 0.906 2780.dat
1 0 -30 -144 290 1 0 0 0 1 0 0 0 1 3737.dat
1 71 25 -144 290 0 0 1 -1 0 0 0 -1 0 32123.dat
1 4 20 -294 328.76 0 1 0 -0.866 0 0.5 0.5 0 0.866 32278.dat
1 19 0 -274 363.4 -1 0 0 0 0.866 -0.5 0 -0.5 -0.866 32556.dat
1 1 0 -364 207.52 -1 0 0 0 0.866 -0.5 0 -0.5 -0.866 6558.dat
1 1 0 -344 242.16 -1 0 0 0 0.866 -0.5 0 -0.5 -0.866 6558.dat
1 0 20 -264 380.72 1 0 0 0 -0.866 -0.5 0 0.5 -0.866 32054.dat
1 0 20 -244 415.36 1 0 0 0 -0.866 -0.5 0 0.5 -0.866 32054.dat
1 1 -10 -244 415.36 1 0 0 0 -0.866 -0.5 0 0.5 -0.866 43093.dat
1 1 -10 -264 380.72 1 0 0 0 -0.866 -0.5 0 0.5 -0.866 43093.dat
1 72 40 -254 398.04 -1 0 0 0 0.5 0.866 0 0.866 -0.5 47223a.dat
1 4 0 -364 207.52 0 -1 0 -0.866 0 -0.5 0.5 0 -0.866 32316.dat
1 1 0 -374 190.2 -1 0 0 0 0.866 -0.5 0 -0.5 -0.866 6558.dat
1 1 0 -384 172.88 -1 0 0 0 0.866 -0.5 0 -0.5 -0.866 6558.dat
1 4 20 -404 138.24 0 1 0 0.866 0 -0.5 -0.5 0 -0.866 32524.dat
1 1 10 -394 155.56 -1 0 0 0 0.866 -0.5 0 -0.5 -0.866 43093.dat
1 72 0 -394 155.56 1 0 0 0 -0.866 -0.5 0 0.5 -0.866 32291.dat
1 1 10 -294 328.76 -1 0 0 0 0.866 -0.5 0 -0.5 -0.866 43093.dat
1 72 0 -294 328.76 1 0 0 0 -0.866 -0.5 0 0.5 -0.866 32291.dat
1 4 0 -434 86.28 0 -1 0 -0.866 0 -0.5 0.5 0 -0.866 32316.dat
1 1 0 -414 120.92 -1 0 0 0 0.866 -0.5 0 -0.5 -0.866 6558.dat
1 1 0 -434 86.28 -1 0 0 0 0.866 -0.5 0 -0.5 -0.866 6558.dat
1 4 -20 -404 138.24 0 1 0 0.866 0 -0.5 -0.5 0 -0.866 32524.dat
1 14 0 -144 290 1 0 0 0 0.871 0.492 0 -0.492 0.871 47224.dat
1 0 0 -236.304 342.115 1 0 0 0 0.871 0.492 0 -0.492 0.871 2795.dat
1 0 0 -274 363.397 -1 0 0 0 0.871 -0.492 0 -0.492 -0.871 2796.dat
1 71 -25 -144 290 0 0 -1 0 1 0 1 0 0 32123.dat
1 16 0 -163.666 255.168 -1 0 0 0 0.492 0.871 0 0.871 -0.492 165.dat
1 16 10 -247.3669 490.9355 0 1 0 -0.871 0 0.492 0.492 0 0.871 165.dat
1 16 10 -274.785 410.038 0 1 0 0 0 -1 -1 0 0 165.dat
1 16 -16 -106.785 460.038 0 -1 0 0 0 1 -1 0 0 165.dat
1 71 -40 -106.785 460.038 0 0 -1 0.5 -0.866 0 -0.866 -0.5 0 4697b.dat
1 16 10 -237.299 498.269 0 1 0 0 0 -1 -1 0 0 165.dat
1 16 -64 -106.785 460.038 0 1 0 0 0 -1 -1 0 0 165.dat
1 4 -20 -294 328.756 0 -1 0 -0.866 0 -0.5 0.5 0 -0.866 32278.dat
1 16 10 -238.088 510.774 0 1 0 0 0 1 1 0 0 165.dat
1 16 0 -247.262 302.366 1 0 0 0 0.492 -0.871 0 0.871 0.492 165.dat
1 72 0 -84 510 0 0 1 0 1 0 -1 0 0 40490.dat
1 14 0 -124 530 1 0 0 0 1 0 0 0 1 2797.dat
1 0 10 -110 530 0 0 -1 0 1 0 1 0 0 32529.dat
1 0 -10 -110 530 0 0 -1 0 1 0 1 0 0 32529.dat
1 71 0 -84 530 1 0 0 0 1 0 0 0 1 4519.dat
1 71 0 -124 530 1 0 0 0 1 0 0 0 1 44294.dat
1 0 25 -124 530 0 -1 0 0 0 1 -1 0 0 6632.dat
1 0 -25 -124 530 0 -1 0 0 0 1 -1 0 0 6632.dat
1 71 -30 -104 530 1 0 0 0 1 0 0 0 1 4274.dat
1 0 -45 -124 530 0 -1 0 0 0 1 -1 0 0 6632.dat
1 0 -35 -124 530 0 -1 0 0 0 1 -1 0 0 6632.dat
1 0 35 -124 530 0 1 0 0 0 1 1 0 0 6632.dat
1 0 45 -124 530 0 1 0 0 0 1 1 0 0 6632.dat
1 71 30 -104 530 -1 0 0 0 1 0 0 0 -1 4274.dat
1 1 50 -84 530 -1 0 0 0 0 1 0 1 0 43093.dat
1 1 -50 -84 530 1 0 0 0 0 1 0 -1 0 43093.dat
1 16 0 -124 490 -1 0 0 0 0 1 0 1 0 165.dat
1 16 -40 -127.569 448.038 0 0 -1 -0.5 0.866 0 0.866 0.5 0 165.dat
1 72 -40 -144 450 0 1 0 -1 0 0 0 0 1 32009.dat
1 0 -50 -144 390 -1 0 0 0 -1 0 0 0 1 2780.dat
1 0 -40 -144 410 1 0 0 0 0 -1 0 1 0 32054.dat
1 0 -60 -224 530 0 1 0 0 0 -1 -1 0 0 32009.dat
1 72 -60 -104 390 0 -1 0 0 0 -1 1 0 0 32316.dat
1 1 -70 -84 390 -1 0 0 0 0 -1 0 -1 0 43093.dat
1 0 -70 -124 390 1 0 0 0 -1 0 0 0 -1 2780.dat
1 72 -80 -164 390 0 1 0 1 0 0 0 0 -1 32009.dat
1 0 -80 -164 530 1 0 0 0 0 1 0 -1 0 32054.dat
1 0 -90 -164 490 1 0 0 0 1 0 0 0 1 2780.dat
1 1 -100 -164 450 -1 0 0 0 -1 0 0 0 1 6558.dat
1 1 -110 -164 530 1 0 0 0 0 -1 0 1 0 43093.dat
1 72 -100 -164 470 0 1 0 -1 0 0 0 0 1 32523.dat
1 72 -120 -164 490 0 1 0 1 0 0 0 0 -1 32316.dat
1 71 60 -144 150 1 0 0 0 -1 0 0 0 -1 4519.dat
1 0 30 -144 150 0 0 -1 -1 0 0 0 1 0 59443.dat
1 72 20 -144 190 0 1 0 -1 0 0 0 0 1 60483.dat
1 71 0 -144 190 -1 0 0 0 -1 0 0 0 1 4519.dat
1 71 0 -144 150 -1 0 0 0 -1 0 0 0 1 4519.dat
1 0 5 -144 150 0 -1 0 1 0 0 0 0 1 6632.dat
1 0 -5 -144 150 0 -1 0 1 0 0 0 0 1 6632.dat
1 72 -20 -144 190 0 1 0 -1 0 0 0 0 1 60483.dat
1 0 -30 -144 150 0 0 -1 -1 0 0 0 1 0 59443.dat
1 71 -60 -144 150 -1 0 0 0 0 1 0 1 0 4519.dat
1 0 -60 -144 230 0 -1 0 -1 0 0 0 0 -1 32525.dat
1 0 -40 -144 220 1 0 0 0 0 -1 0 1 0 32138.dat
1 0 -70 -144 170 -1 0 0 0 -1 0 0 0 1 2780.dat
1 0 -70 -144 130 -1 0 0 0 -1 0 0 0 1 2780.dat
1 1 -60 -144 330 -1 0 0 0 -1 0 0 0 1 6558.dat
1 0 70 -144 90 -1 0 0 0 -1 0 0 0 1 3706.dat
1 27 60 -144 90 -1 0 0 0 0 -1 0 -1 0 6536.dat
1 71 40 -144 90 0 0 -1 1 0 0 0 -1 0 3713.dat
1 0 0 -144 90 0 0 -1 0 1 0 1 0 0 32034.dat
1 0 -70 -144 90 1 0 0 0 1 0 0 0 1 3706.dat
1 27 -60 -144 90 1 0 0 0 0 1 0 -1 0 6536.dat
1 71 -40 -144 90 0 0 1 -1 0 0 0 -1 0 3713.dat
1 72 -85 -144 120 0 1 0 -1 0 0 0 0 1 32449.dat
1 72 -75 -144 120 0 1 0 -1 0 0 0 0 1 32449.dat
1 15 -60 -104 370 1 0 0 0 0 1 0 -1 0 32013.dat
1 0 -70 -104 370 1 0 0 0 0 1 0 -1 0 2780.dat
1 71 -60 -144 370 0 0 1 -1 0 0 0 -1 0 4519.dat
1 71 -60 -144 370 1 0 0 0 1 0 0 0 1 87082.dat
1 0 -80 -144 290 0 -1 0 1 0 0 0 0 1 32526.dat
1 71 -90 -124 370 -1 0 0 0 -1 0 0 0 1 4274.dat
1 71 -90 -144 350 -1 0 0 0 -1 0 0 0 1 4274.dat
1 71 -90 -144 310 -1 0 0 0 -1 0 0 0 1 4274.dat
1 0 -60 -174 370 0 1 0 0 0 -1 -1 0 0 59443.dat
1 0 -60 -214 370 0 0 -1 1 0 0 0 -1 0 3705.dat
1 0 -60 -199 370 1 0 0 0 1 0 0 0 1 41677.dat
1 0 -60 -209 370 1 0 0 0 1 0 0 0 1 41677.dat
1 0 -60 -219 370 1 0 0 0 1 0 0 0 1 41677.dat
1 0 -60 -229 370 1 0 0 0 1 0 0 0 1 41677.dat
1 0 -60 -264 370 0 1 0 -1 0 0 0 0 1 32054.dat
1 71 -100 -144 290 0 0 -1 0 1 0 1 0 0 3713.dat
1 27 -106 -114 360 0 1 0 1 0 0 0 0 -1 3020.dat
1 27 -106 -114 320 0 1 0 1 0 0 0 0 -1 3020.dat
1 0 -98 -114 370 0 1 0 1 0 0 0 0 -1 3023.dat
1 0 -98 -114 310 0 1 0 1 0 0 0 0 -1 3023.dat
1 0 -98 -84 340 0 1 0 0 0 -1 -1 0 0 3710.dat
1 0 -98 -144 340 0 1 0 0 0 -1 -1 0 0 3710.dat
1 27 -106 -94 340 0 1 0 0 0 -1 -1 0 0 88930.dat
1 27 -106 -134 340 0 1 0 0 0 1 1 0 0 88930.dat
1 0 -120 -144 290 1 0 0 0 -1 0 0 0 -1 6553.dat
1 0 -120 -204 290 0 -1 0 -1 0 0 0 0 -1 32054.dat
1 0 -115 -234 298.66 0 -0.5 -0.866 1 0 0 0 -0.866 0.5 2444.dat
1 0 -111 -234 305.588 0 -0.5 -0.866 1 0 0 0 -0.866 0.5 3068.dat
1 1 -80 -64 170 -1 0 0 0 0 -1 0 -1 0 6558.dat
1 0 -80 -144 170 0 1 0 0 0 1 1 0 0 32526.dat
1 0 -70 -64 210 -1 0 0 0 0 -1 0 -1 0 2780.dat
1 0 -90 -104 170 -1 0 0 0 0 -1 0 -1 0 2780.dat
1 72 -100 -84 170 0 -1 0 0 0 -1 1 0 0 32523.dat
1 71 -100 -84 170 1 0 0 0 0 -1 0 1 0 44294.dat
1 71 -65 -84 170 0 0 -1 -1 0 0 0 1 0 32123.dat
1 71 -55 -84 170 0 0 -1 -1 0 0 0 1 0 32123.dat
1 71 -115 -84 170 0 0 -1 -1 0 0 0 1 0 32123.dat
1 72 -100 -144 90 1 0 0 0 -1 0 0 0 -1 6536.dat
1 72 -120 -144 90 1 0 0 0 -1 0 0 0 -1 6536.dat
1 72 100 -144 90 1 0 0 0 -1 0 0 0 -1 6536.dat
1 72 120 -144 90 1 0 0 0 -1 0 0 0 -1 6536.dat
1 57 -120 -164 80 1 0 0 0 0 1 0 -1 0 3024.dat
1 57 120 -164 80 1 0 0 0 0 1 0 -1 0 3024.dat
1 47 -100 -164 78 1 0 0 0 0 1 0 -1 0 3024.dat
1 47 100 -164 80 1 0 0 0 0 1 0 -1 0 3024.dat
1 0 0 -64 70 0 0 1 0 1 0 -1 0 0 32278.dat
1 1 -80 -74 70 0 0 1 -1 0 0 0 -1 0 43093.dat
1 1 80 -74 70 0 0 1 -1 0 0 0 -1 0 43093.dat
1 0 -80 -104 70 0 0 1 -1 0 0 0 -1 0 32054.dat
1 0 80 -104 70 0 0 1 -1 0 0 0 -1 0 32054.dat
1 0 0 -104 70 0 0 1 0 1 0 -1 0 0 32278.dat
1 72 0 -124 70 0 0 1 0 1 0 -1 0 0 40490.dat
1 1 -60 -124 70 0 0 1 1 0 0 0 1 0 6558.dat
1 1 60 -124 70 0 0 1 1 0 0 0 1 0 6558.dat
1 72 60 -163 200 0 1 0 -1 0 0 0 0 1 32523.dat
1 1 60 -163 200 1 0 0 0 -1 0 0 0 -1 6558.dat
1 1 60 -163 180 1 0 0 0 -1 0 0 0 -1 6558.dat
1 0 40 -163 200 0 0 -1 1 0 0 0 -1 0 42003.dat
1 27 80 -163 200 -1 0 0 0 1 0 0 0 -1 61070.dat
1 72 40 -135 220 0 -1 0 -1 0 0 0 0 -1 87083.dat
1 72 -60 -162 200 0 1 0 1 0 0 0 0 -1 32523.dat
1 0 -40 -162 200 0 0 -1 1 0 0 0 -1 0 42003.dat
1 1 -60 -162 180 -1 0 0 0 0 -1 0 -1 0 6558.dat
1 1 -60 -162 200 -1 0 0 0 0 -1 0 -1 0 6558.dat
1 27 -80 -162 200 -1 0 0 0 1 0 0 0 -1 61071.dat
1 72 -40 -134 220 0 0 -1 -1 0 0 0 1 0 87083.dat
1 71 0 -444 68.949 -1 0 0 0 0.866 -0.5 0 -0.5 -0.866 4519.dat
1 1 0 -454 51.628 -1 0 0 0 0.866 -0.5 0 -0.5 -0.866 6558.dat
1 4 20 -524 -69.615 0 1 0 0.866 0 -0.5 -0.5 0 -0.866 32009.dat
1 71 0 -454.718 -109.615 -1 0 0 0 0.866 -0.5 0 -0.5 -0.866 4519.dat
1 1 0 -489.359 -89.615 -1 0 0 0 0.866 -0.5 0 -0.5 -0.866 6558.dat
1 0 0 -380.077 -129.615 1 0 0 0 -1 0 0 0 -1 48168.dat
1 72 0 -380.077 -129.615 1 0 0 0 -1 0 0 0 -1 48452.dat
1 0 50 -340.077 -109.615 1 0 0 0 -0.386 -0.923 0 0.923 -0.386 2780.dat
1 0 -50 -340.077 -109.615 1 0 0 0 -0.386 -0.923 0 0.923 -0.386 2780.dat
1 0 -50 -340.077 -149.615 1 0 0 0 -0.386 0.923 0 -0.923 -0.386 2780.dat
1 0 50 -340.077 -149.615 1 0 0 0 -0.386 0.923 0 -0.923 -0.386 2780.dat
1 0 -60 -247.82 -188.197 0 -1 0 -0.386 0 0.923 -0.923 0 -0.386 32525.dat
1 0 -50 -174.014 -219.062 1 0 0 0 -0.386 0.923 0 -0.923 -0.386 2780.dat
1 0 -50 -155.562 -226.779 1 0 0 0 -0.386 0.923 0 -0.923 -0.386 2780.dat
1 0 -40 -192.465 -211.346 0 1 0 0.386 0 0.923 0.923 0 -0.386 32348.dat
1 0 -50 -119.867 -224.364 1 0 0 0 -0.386 0.923 0 -0.923 -0.386 2780.dat
1 0 -50 -102.623 -214.232 1 0 0 0 -0.386 0.923 0 -0.923 -0.386 2780.dat
1 72 -30 -210.917 -203.63 -1 0 0 0 0.925 0.38 0 0.38 -0.925 87083.dat
1 71 -40 -210.917 -203.63 0 0 1 0.923 0.386 0 -0.386 0.923 0 3713.dat
1 0 20 -210.917 -203.63 0 0 1 -0.923 -0.386 0 0.386 -0.923 0 32034.dat
1 72 -20 -226.098 -166.623 0 1 0 -0.925 0 -0.38 -0.38 0 0.925 32316.dat
1 1 50 -210.917 -203.63 -1 0 0 0 -0.386 -0.923 0 -0.923 0.386 43093.dat
1 0 60 -247.82 -188.197 0 1 0 0.386 0 0.923 0.923 0 -0.386 32525.dat
1 0 50 -174.014 -219.062 -1 0 0 0 0.386 0.923 0 0.923 -0.386 2780.dat
1 0 50 -155.562 -226.779 -1 0 0 0 0.386 0.923 0 0.923 -0.386 2780.dat
1 0 40 -192.465 -211.346 0 1 0 0.386 0 0.923 0.923 0 -0.386 32348.dat
1 0 50 -119.867 -224.364 1 0 0 0 -0.386 0.923 0 -0.923 -0.386 2780.dat
1 0 50 -102.623 -214.232 1 0 0 0 -0.386 0.923 0 -0.923 -0.386 2780.dat
1 72 -60 -102.623 -214.232 0 1 0 0.507 0 -0.862 -0.862 0 -0.507 32523.dat
1 72 60 -102.623 -214.232 0 1 0 0.507 0 -0.862 -0.862 0 -0.507 32523.dat
1 0 -60 -303.174 -94.182 0 1 0 -0.386 0 0.923 0.923 0 0.386 32316.dat
1 0 -50 -266.271 -78.75 -1 0 0 0 -0.386 0.923 0 0.923 0.386 2780.dat
1 0 -50 -284.723 -86.466 -1 0 0 0 -0.386 0.923 0 0.923 0.386 2780.dat
1 0 -40 -229.368 -63.317 0 -1 0 0.386 0 0.923 -0.923 0 0.386 32524.dat
1 1 -30 -210.917 -55.6 1 0 0 0 -0.38 0.925 0 -0.925 -0.38 43093.dat
1 0 -10 -210.917 -55.6 0 0 -1 0.923 0.386 0 0.386 -0.923 0 59443.dat
1 71 0 -192.465 -47.884 -1 0 0 0 -0.386 0.923 0 0.923 0.386 32073.dat
1 71 0 -174.014 -40.168 -1 0 0 0 -0.386 0.923 0 0.923 0.386 32073.dat
1 0 -25 -192.465 -47.884 0 -1 0 0.386 0 0.923 -0.923 0 0.386 41677.dat
1 0 -10 -192.465 -47.884 0 -1 0 0.386 0 0.923 -0.923 0 0.386 32348.dat
1 0 0 -102.623 -44.998 1 0 0 0 0.386 0.923 0 -0.923 0.386 2780.dat
1 0 10 -192.465 -47.884 0 -1 0 0.386 0 0.923 -0.923 0 0.386 32348.dat
1 0 25 -192.465 -47.884 0 -1 0 0.386 0 0.923 -0.923 0 0.386 41677.dat
1 0 40 -229.368 -63.317 0 1 0 -0.386 0 0.923 0.923 0 0.386 32524.dat
1 0 50 -266.271 -78.75 1 0 0 0 0.386 0.923 0 -0.923 0.386 2780.dat
1 0 50 -284.723 -86.466 1 0 0 0 0.386 0.923 0 -0.923 0.386 2780.dat
1 0 60 -303.174 -94.182 0 -1 0 0.386 0 0.923 -0.923 0 0.386 32316.dat
1 72 32 -210.917 -55.6 1 0 0 0 0.386 0.923 0 -0.923 0.386 87083.dat
1 71 60 -210.917 -55.6 0 0 -1 -0.386 0.923 0 0.923 0.386 0 3713.dat
1 72 20 -226.098 -92.607 0 -1 0 -0.925 0 -0.38 0.38 0 -0.925 32316.dat
1 72 0 -380.077 -189.615 1 0 0 0 0 1 0 -1 0 6536.dat
1 4 0 -380.077 -189.615 1 0 0 0 0 1 0 -1 0 32062.dat
1 0 15 -380.077 -189.615 0 -1 0 1 0 0 0 0 1 41677.dat
1 0 -15 -380.077 -189.615 0 -1 0 1 0 0 0 0 1 41677.dat
1 71 0 -380.077 -169.615 -1 0 0 0 0 1 0 1 0 4519.dat
1 0 25 -380.077 -129.615 0 1 0 0 0 -1 -1 0 0 32056.dat
1 71 0 -420.077 -129.615 -1 0 0 0 0 1 0 1 0 4519.dat
1 71 15 -420.077 -129.615 0 0 1 1 0 0 0 1 0 32123.dat
1 4 0 -454.718 -109.615 0 -1 0 -0.5 0 0.866 -0.866 0 -0.5 32316.dat
1 71 -15 -420.077 -129.615 0 0 1 1 0 0 0 1 0 32123.dat
1 0 -25 -380.077 -129.615 0 1 0 0 0 -1 -1 0 0 32056.dat
1 72 0 -392.077 -209.615 0 1 0 -1 0 0 0 0 1 87083.dat
1 72 0 -360.077 -209.615 0 -1 0 0 0 -1 1 0 0 11955.dat
1 0 0 -420.077 -209.615 0 -1 0 0 0 -1 1 0 0 32270.dat
1 71 0 -405.077 -209.615 0 -1 0 0 0 -1 1 0 0 32123.dat
1 71 0 -395.077 -209.615 0 -1 0 0 0 -1 1 0 0 32123.dat
1 4 40 -380.077 -129.615 -1 0 0 0 1 0 0 0 -1 32062.dat
1 4 40 -380.077 -149.615 -1 0 0 0 1 0 0 0 -1 32062.dat
1 0 55 -380.077 -129.615 0 1 0 1 0 0 0 0 -1 41677.dat
1 0 -55 -380.077 -129.615 0 -1 0 -1 0 0 0 0 -1 41677.dat
1 4 -40 -380.077 -129.615 1 0 0 0 -1 0 0 0 -1 32062.dat
1 4 -40 -380.077 -149.615 1 0 0 0 -1 0 0 0 -1 32062.dat
1 14 0 -401.359 -129.615 1 0 0 0 -1 0 0 0 -1 47224.dat
1 0 0 -295.359 -129.615 1 0 0 0 -1 0 0 0 -1 2795.dat
1 0 0 -241.28 -129.615 1 0 0 0 -1 0 0 0 -1 2796.dat
1 72 -10 -400.077 -129.615 1 0 0 0 -1 0 0 0 -1 87083.dat
1 71 -35 -400.077 -129.615 0 0 -1 0 -1 0 -1 0 0 32123.dat
1 4 -20 -524 -69.615 0 1 0 0.866 0 -0.5 -0.5 0 -0.866 32009.dat
1 71 0 -474 16.987 -1 0 0 0 0.866 -0.5 0 -0.5 -0.866 4519.dat
1 72 0 -474 16.987 -1 0 0 0 -0.866 0.5 0 0.5 0.866 32291.dat
1 0 50 -241.28 -129.615 0 0 -1 -1 0 0 0 1 0 59443.dat
1 0 -50 -241.28 -129.615 0 0 -1 -1 0 0 0 1 0 59443.dat
1 71 0 -241.28 -129.615 1 0 0 0 -1 0 0 0 -1 32073.dat
1 16 10 -285.481 403.512 0 1 0 -0.866 0 0.5 0.5 0 0.866 165.dat
1 16 0 -305.359 -89.615 1 0 0 0 0 1 0 -1 0 165.dat
1 16 10 -274.481 422.565 0 1 0 1 0 0 0 0 -1 165.dat
1 16 0 -401.359 -89.615 0 0 -1 1 0 0 0 -1 0 165.dat
1 71 -130 -64 500 0 0 -1 0 -1 0 -1 0 0 56145.dat
1 256 -130 -64 500 0 0 -1 0 -1 0 -1 0 0 55976.dat
1 71 130 -64 500 0 0 1 0 -1 0 1 0 0 56145.dat
1 256 130 -64 500 0 0 1 0 -1 0 1 0 0 55976.dat
1 71 -140 -84 170 0 0 -1 0 1 0 1 0 0 41896.dat
1 256 -140 -84 170 0 0 1 0 -1 0 1 0 0 61480.dat
1 71 140 -84 170 0 0 1 0 1 0 -1 0 0 41896.dat
1 256 140 -84 170 0 0 -1 0 1 0 1 0 0 61480.dat
