0 
0 Name: New Model.ldr
0 Author: 
1 7 -128.04 -28 -470 0.5 0 -0.866 0 1 0 0.866 0 0.5 3023.dat
1 7 -188.66 -28 -435 0.866 0 0.5 0 1 0 -0.5 0 0.866 3795.dat
1 7 -136.7 -44 -465 -0.5 0 0.866 0 1 0 -0.866 0 -0.5 3787.dat
1 7 -223.3 -44 -415 -0.5 0 0.866 0 1 0 -0.866 0 -0.5 3787.dat
1 7 -190 -20 -457.32 -0.866 0 -0.5 0 1 0 0.5 0 -0.866 3021.dat
1 7 -170 -20 -422.68 -0.866 0 -0.5 0 1 0 0.5 0 -0.866 3021.dat
1 7 -223.3 -20 -415 0.5 0 -0.866 0 1 0 0.866 0 0.5 122.dat
1 7 -136.7 -20 -465 0.5 0 -0.866 0 1 0 0.866 0 0.5 122.dat
1 256 -208.3 -14 -389.02 0.866 0 0.5 0 1 0 -0.5 0 0.866 3641.dat
1 256 -238.3 -14 -440.98 0.866 0 0.5 0 1 0 -0.5 0 0.866 3641.dat
1 256 -151.7 -14 -490.98 0.866 0 0.5 0 1 0 -0.5 0 0.866 3641.dat
1 256 -121.7 -14 -439.02 0.866 0 0.5 0 1 0 -0.5 0 0.866 3641.dat
1 7 -128.04 -44 -470 -0.5 0 0.866 0 1 0 -0.866 0 -0.5 3794.dat
1 7 -145.36 -44 -460 0.5 0 -0.866 0 1 0 0.866 0 0.5 3829.dat
1 7 -223.3 -44 -415 0.5 0 -0.866 0 1 0 0.866 0 0.5 3680.dat
1 7 -128.04 -44 -470 -0.5 0 0.866 0 1 0 -0.866 0 -0.5 3838.dat
1 7 -223.3 -44 -415 0.5 0 -0.866 0 1 0 0.866 0 0.5 3679.dat
1 7 -223.3 -52 -415 0.866 0 0.5 0 1 0 -0.5 0 0.866 3020.dat
1 1 -240.62 -76 -405 0.866 0 0.5 0 1 0 -0.5 0 0.866 3941.dat
1 1 -231.96 -84 -410 0.866 0 0.5 0 1 0 -0.5 0 0.866 3021.dat
1 7 -214.64 -92 -420 0.5 0 -0.866 0 1 0 0.866 0 0.5 3839.dat
1 1 -240.62 -92 -405 -0.866 0 -0.5 0 1 0 0.5 0 -0.866 3481.dat
1 1 -249.28 -116 -400 0.5 0 -0.866 0 1 0 0.866 0 0.5 3039.dat
1 0 -165.8706 -60.53 -474.4893 -0.715884 -0.493644 -0.4925 -0.477 0.861 -0.17 0.508012 0.112966 -0.85301 3962.dat
