0 Main
0 Name: 8029-1 - Mini Snowspeeder.mpd
0 Author: LTRON
1 71 0 0 0 1 0 0 0 1 0 0 0 1 3031.dat
1 72 0 -8 -10 0 0 1 0 1 0 -1 0 0 3021.dat
1 15 0 -24 30 -1 0 0 0 1 0 0 0 -1 3004.dat
1 72 -30 -24 20 0 0 1 0 1 0 -1 0 0 3937.dat
1 72 -30 -24 -20 0 0 1 0 1 0 -1 0 0 3937.dat
1 72 30 -24 20 0 0 -1 0 1 0 1 0 0 3937.dat
1 72 30 -24 -20 0 0 -1 0 1 0 1 0 0 3937.dat
1 0 -32.5882 -23.6593 -20 0 0.258819 0.965926 0 0.965926 -0.258819 -1 0 0 3938.dat
1 0 -32.5882 -23.6593 20 0 0.258819 0.965926 0 0.965926 -0.258819 -1 0 0 3938.dat
1 15 -53.9773 -26.2103 40 0 0.258819 0.965926 0 0.965926 -0.258819 -1 0 0 43722.dat
1 71 -53.9773 -26.2103 10 -0.965926 0.258819 0 0.258819 0.965926 0 0 0 -1 3623.dat
1 15 -53.9773 -26.2103 -60 0.965926 0.258819 0 -0.258819 0.965926 0 0 0 1 54383.dat
1 15 -36.7293 -39.1141 0 0 0.258819 0.965926 0 0.965926 -0.258819 -1 0 0 3710.dat
1 71 -75.3663 -28.7613 30 0 0.258819 0.965926 0 0.965926 -0.258819 -1 0 0 3024.dat
1 15 -56.0478 -33.9377 -50 -0.965926 0.258819 0 0.258819 0.965926 0 0 0 -1 2555.dat
1 15 -34.6587 -31.3867 -50 0 0.258819 -0.965926 0 0.965926 0.258819 1 0 0 54200.dat
1 15 -51.9067 -18.4829 0 0 0.258819 -0.965926 0 0.965926 0.258819 1 0 0 3710.dat
1 0 -49.8362 -10.7555 0 0 0.258819 -0.965926 0 0.965926 0.258819 1 0 0 3023.dat
1 72 -57.6007 -39.7333 0 0.965926 0 -0.258819 -0.258819 0 -0.965926 0 1 0 4589.dat
1 72 -57.6007 -39.7333 -120 0.965926 0 -0.258819 -0.258819 0 -0.965926 0 1 0 4589.dat
1 38 -57.6007 -39.7333 -128 0.965926 0 -0.258819 -0.258819 0 -0.965926 0 1 0 6141.dat
1 71 -57.6007 -39.7333 -4 0.965926 0 -0.258819 -0.258819 0 -0.965926 0 1 0 4095.dat
1 71 -60.1889 -49.3925 30 0.965926 0.258819 0 -0.258819 0.965926 0 0 0 1 4070.dat
1 72 -57.6007 -39.7333 40 0.965926 0 -0.258819 -0.258819 0 -0.965926 0 1 0 6141.dat
1 71 -75.3663 -28.7613 30 0 0.258819 0.965926 0 0.965926 -0.258819 -1 0 0 54200.dat
1 71 -36.7293 -39.1141 30 0 0.258819 -0.965926 0 0.965926 0.258819 1 0 0 54200.dat
1 0 32.5882 -23.6593 -20 0 -0.258819 0.965926 0 0.965926 0.258819 -1 0 0 3938.dat
1 0 32.5882 -23.6593 20 0 -0.258819 0.965926 0 0.965926 0.258819 -1 0 0 3938.dat
1 15 53.9773 -26.2103 40 0 -0.258819 -0.965926 0 0.965926 -0.258819 1 0 0 43723.dat
1 71 53.9773 -26.2103 10 0.965926 -0.258819 0 0.258819 0.965926 0 0 0 1 3623.dat
1 15 53.9773 -26.2103 -60 0.965926 -0.258819 0 0.258819 0.965926 0 0 0 1 54384.dat
1 15 36.7293 -39.1141 0 0 -0.258819 0.965926 0 0.965926 0.258819 -1 0 0 3710.dat
1 71 75.3663 -28.7613 30 0 -0.258819 0.965926 0 0.965926 0.258819 -1 0 0 3024.dat
1 15 34.6587 -31.3867 -50 0 -0.258819 0.965926 0 0.965926 0.258819 -1 0 0 54200.dat
1 15 56.0478 -33.9377 -50 -0.965926 -0.258819 0 -0.258819 0.965926 0 0 0 -1 2555.dat
1 15 51.9067 -18.4829 0 0 -0.258819 -0.965926 0 0.965926 -0.258819 1 0 0 3710.dat
1 0 49.8362 -10.7555 0 0 -0.258819 -0.965926 0 0.965926 -0.258819 1 0 0 3023.dat
1 72 57.6007 -39.7333 0 0.965926 0 0.258819 0.258819 0 -0.965926 0 1 0 4589.dat
1 72 57.6007 -39.7333 -120 0.965926 0 0.258819 0.258819 0 -0.965926 0 1 0 4589.dat
1 38 57.6007 -39.7333 -128 0.965926 0 0.258819 0.258819 0 -0.965926 0 1 0 6141.dat
1 71 57.6007 -39.7333 -4 0.965926 0 0.258819 0.258819 0 -0.965926 0 1 0 4095.dat
1 71 60.1889 -49.3925 30 0.965926 -0.258819 0 0.258819 0.965926 0 0 0 1 4070.dat
1 72 57.6007 -39.7333 40 0.965926 0 0.258819 0.258819 0 -0.965926 0 1 0 6141.dat
1 71 36.7293 -39.1141 30 0 -0.258819 0.965926 0 0.965926 0.258819 -1 0 0 54200.dat
1 71 75.3663 -28.7613 30 0 -0.258819 -0.965926 0 0.965926 -0.258819 1 0 0 54200.dat
1 15 0 -32 30 -1 0 0 0 1 0 0 0 -1 44728.dat
1 0 0 -12 52 -1 0 0 0 0 -1 0 -1 0 3022.dat
1 0 10 -12 60 0 0 -1 1 0 0 0 -1 0 2412.dat
1 0 -10 -12 60 0 0 -1 1 0 0 0 -1 0 2412.dat
1 15 -10 -32 0 1 0 0 0 1 0 0 0 1 42023.dat
1 15 10 -32 0 1 0 0 0 1 0 0 0 1 42023.dat
1 71 0 -40 30 1 0 0 0 1 0 0 0 1 3794.dat
1 15 0 -40 0 1 0 0 0 1 0 0 0 1 3022.dat
1 15 0 -40 -60 1 0 0 0 1 0 0 0 1 3022.dat
1 15 0 -56 -30 1 0 0 0 1 0 0 0 1 3004.dat
1 0 0 -48 -10 1 0 0 0 1 0 0 0 1 3023.dat
1 0 0 -48 -50 1 0 0 0 1 0 0 0 1 3023.dat
1 0 -10 -40 -70 1 0 0 0 1 0 0 0 1 54200.dat
1 0 10 -40 -70 1 0 0 0 1 0 0 0 1 54200.dat
1 0 -10 -40 10 -1 0 0 0 1 0 0 0 -1 54200.dat
1 0 10 -40 10 -1 0 0 0 1 0 0 0 -1 54200.dat
1 15 10 -32 -90 1 0 0 0 1 0 0 0 1 54200.dat
1 15 -10 -32 -90 1 0 0 0 1 0 0 0 1 54200.dat
1 15 0 -56 -50 1 0 0 0 1 0 0 0 1 3069.dat
1 15 0 -56 -10 1 0 0 0 1 0 0 0 1 3069.dat
1 72 0 -44 30 -1 0 0 0 1 0 0 0 -1 30162.dat
