0 Main
0 Name: 4495-1 - AT-TE - Mini.mpd
0 Author: LTRON
1 72 0 0 0 0 0 1 0 1 0 -1 0 0 3035.dat
1 71 30 -24 60 0 0 -1 0 1 0 1 0 0 30365.dat
1 71 -30 -24 60 0 0 -1 0 1 0 1 0 0 30365.dat
1 71 0 -24 70 -1 0 0 0 1 0 0 0 -1 3747.dat
1 71 30 -24 30 0 0 -1 0 1 0 1 0 0 3665.dat
1 71 -30 -24 30 0 0 1 0 1 0 -1 0 0 3665.dat
1 72 20 -24 0 1 0 0 0 1 0 0 0 1 40902.dat
1 72 -20 -24 0 -1 0 0 0 1 0 0 0 -1 40902.dat
1 71 -30 -24 -30 0 0 1 0 1 0 -1 0 0 3665.dat
1 71 30 -24 -30 0 0 -1 0 1 0 1 0 0 3665.dat
1 71 -30 -24 -60 0 0 1 0 1 0 -1 0 0 30365.dat
1 71 30 -24 -60 0 0 1 0 1 0 -1 0 0 30365.dat
1 0 0 -24 -70 -1 0 0 0 1 0 0 0 -1 32000.dat
1 0 0 -32 0 0 0 -1 0 1 0 1 0 0 3035.dat
1 71 30 4.478 97.654 1 0 0 0 0.382683 0.92388 0 -0.92388 0.382683 30554.dat
1 72 30 30.955 115.307 0 0 1 0 1 0 -1 0 0 30383.dat
1 71 -30 4.478 97.654 1 0 0 0 0.382683 0.92388 0 -0.92388 0.382683 30554.dat
1 72 -30 30.955 115.307 0 0 1 0 1 0 -1 0 0 30383.dat
1 71 -30 4.478 -97.346 -1 0 0 0 0.382683 0.92388 0 0.92388 -0.382683 30554.dat
1 72 -30 30.955 -114.999 0 0 -1 0 1 0 1 0 0 30383.dat
1 71 30 4.478 -97.346 -1 0 0 0 0.382683 0.92388 0 0.92388 -0.382683 30554.dat
1 72 30 30.955 -114.999 0 0 -1 0 1 0 1 0 0 30383.dat
1 71 58 4.478 -0.346 0 -0.92388 0.382683 0 0.382683 0.92388 -1 0 0 30554.dat
1 72 75.653 30.955 -0.346 -1 0 0 0 1 0 0 0 -1 30383.dat
1 71 -58 4.478 -0.346 0 0.92388 -0.382683 0 0.382683 0.92388 1 0 0 30554.dat
1 72 -75.653 30.955 -0.346 1 0 0 0 1 0 0 0 1 30383.dat
1 72 50 -32 0 0 0 -1 0 1 0 1 0 0 3710.dat
1 72 -50 -32 0 0 0 -1 0 1 0 1 0 0 3710.dat
1 71 0 -40 50 0 0 -1 0 1 0 1 0 0 3021.dat
1 71 0 -40 -50 0 0 -1 0 1 0 1 0 0 3021.dat
1 72 0 -56 -10 1 0 0 0 1 0 0 0 1 3004.dat
1 0 -10 -32 110 1 0 0 0 1 0 0 0 1 4592.dat
1 71 -10 -32 110 1 0 0 0 0.55557 0.83147 0 -0.83147 0.55557 4593.dat
1 0 10 -32 110 1 0 0 0 1 0 0 0 1 4592.dat
1 71 10 -32 110 1 0 0 0 0.55557 0.83147 0 -0.83147 0.55557 4593.dat
1 72 0 -64 -30 1 0 0 0 1 0 0 0 1 3298.dat
1 72 0 -64 30 -1 0 0 0 1 0 0 0 -1 30363.dat
1 71 0 -80 -10 -1 0 0 0 1 0 0 0 -1 3048.dat
1 71 -30 -56 20 -1 0 0 0 1 0 0 0 -1 41748.dat
1 71 30 -56 20 -1 0 0 0 1 0 0 0 -1 41747.dat
1 71 30 -56 -20 1 0 0 0 1 0 0 0 1 41748.dat
1 71 -30 -56 -20 1 0 0 0 1 0 0 0 1 41747.dat
1 71 0 -88 -30 1 0 0 0 1 0 0 0 1 3937.dat
1 0 0 -81.827 -39.239 1 0 0 0 0.382683 -0.92388 0 0.92388 0.382683 3938.dat
1 72 0 -84.887 -46.63 1 0 0 0 0.382683 -0.92388 0 0.92388 0.382683 3794.dat
1 320 0 -94.073 -68.803 1 0 0 0 0.382683 -0.92388 0 0.92388 0.382683 4589.dat
1 0 0 -130.81 -157.494 -1 0 0 0 -0.382683 -0.92388 0 -0.92388 0.382683 63965.dat
1 71 0 0 -110 0 0 1 0 1 0 -1 0 0 3021.dat
1 72 0 -24 -90 -1 0 0 0 1 0 0 0 -1 30526.dat
1 72 0 -32 -90 -1 0 0 0 1 0 0 0 -1 3794.dat
1 72 0 -8 -110 -1 0 0 0 1 0 0 0 -1 3794.dat
1 72 0 -8 -130 -1 0 0 0 1 0 0 0 -1 3794.dat
1 320 0 -32 -130 -1 0 0 0 1 0 0 0 -1 4733.dat
1 320 0 -40 -110 0 0 -1 0 1 0 1 0 0 3623.dat
1 42 0 -22 -148 0 0 -1 -1 0 0 0 1 0 3070.dat
1 0 18 -22 -130 0 -1 0 1 0 0 0 0 1 4592.dat
1 71 18 -22 -130 0 0 1 1 0 0 0 1 0 4593.dat
1 0 -18 -22 -130 0 1 0 -1 0 0 0 0 1 4592.dat
1 71 -18 -22 -130 0 0 -1 -1 0 0 0 1 0 4593.dat
1 42 0 -64 -130 1 0 0 0 1 0 0 0 1 4070.dat
1 72 0 -64 -110 1 0 0 0 1 0 0 0 1 4733.dat
1 71 0 -64 -90 -1 0 0 0 1 0 0 0 -1 4070.dat
1 0 18 -54 -110 0 -1 0 1 0 0 0 0 1 4592.dat
1 71 18 -54 -110 0 -0.382683 0.92388 1 0 0 0 0.92388 0.382683 4593.dat
1 0 -18 -54 -110 0 1 0 -1 0 0 0 0 1 4592.dat
1 71 -18 -54 -110 0 0.382683 -0.92388 -1 0 0 0 0.92388 0.382683 4593.dat
1 320 0 -72 -120 0 0 -1 0 1 0 1 0 0 3069.dat
1 71 0 -72 -90 0 0 -1 0 1 0 1 0 0 3070.dat
1 42 0 -54 -144 0 0 -1 -1 0 0 0 1 0 3070.dat
