0 
0 Name: New Model.ldr
0 Author: 
1 0 -328.5195 0 -347.7164 0.92388 0 -0.382683 0 1 0 0.382683 0 0.92388 2419.dat
1 0 -351.4805 0 -292.2836 -0.92388 0 0.382683 0 1 0 -0.382683 0 -0.92388 2419.dat
1 8 -340 -8 -320 -0.382683 0 -0.92388 0 1 0 0.92388 0 -0.382683 3795.dat
1 8 -303.0448 -8 -304.6927 0.382683 0 0.92388 0 1 0 -0.92388 0 0.382683 4859.dat
1 4 -367.7164 -8 -331.4805 0.382683 0 0.92388 0 1 0 -0.92388 0 0.382683 3023.dat
1 4 -312.2836 8 -308.5195 0.382683 0 0.92388 0 1 0 -0.92388 0 0.382683 3710.dat
1 4 -367.7164 8 -331.4805 0.382683 0 0.92388 0 1 0 -0.92388 0 0.382683 3710.dat
1 42 -368.373 8 -277.6328 0.382683 0 0.92388 0 1 0 -0.92388 0 0.382683 6141.dat
1 42 -349.8954 8 -269.9792 0.382683 0 0.92388 0 1 0 -0.92388 0 0.382683 6141.dat
1 42 -330.1046 8 -370.0208 0.382683 0 0.92388 0 1 0 -0.92388 0 0.382683 6141.dat
1 42 -311.627 8 -362.3672 0.382683 0 0.92388 0 1 0 -0.92388 0 0.382683 6141.dat
1 0 -349.2388 -16 -323.8268 -0.382683 0 -0.92388 0 1 0 0.92388 0 -0.382683 4598.dat
1 4 -333.9315 -16 -360.782 -0.382683 0 -0.92388 0 1 0 0.92388 0 -0.382683 3794.dat
1 4 -315.4539 -16 -353.1284 -0.382683 0 -0.92388 0 1 0 0.92388 0 -0.382683 3794.dat
1 4 -364.5461 -16 -286.8716 -0.382683 0 -0.92388 0 1 0 0.92388 0 -0.382683 3794.dat
1 4 -346.0685 -16 -279.218 -0.382683 0 -0.92388 0 1 0 0.92388 0 -0.382683 3794.dat
1 0 -355.3073 -32 -283.0448 0.382683 0 0.92388 0 1 0 -0.92388 0 0.382683 4595.dat
1 42 -314.6566 -22 -266.2068 0.382683 -0.92388 0 0 0 1 -0.92388 -0.382683 0 4589.dat
1 36 -388.567 -22 -296.8214 0.382683 -0.92388 0 0 0 1 -0.92388 -0.382683 0 4740.dat
1 0 -324.6927 -32 -356.9552 0.382683 0 0.92388 0 1 0 -0.92388 0 0.382683 4595.dat
1 42 -284.042 -22 -340.1172 0.382683 -0.92388 0 0 0 1 -0.92388 -0.382683 0 4589.dat
1 36 -357.9524 -22 -370.7318 0.382683 -0.92388 0 0 0 1 -0.92388 -0.382683 0 4740.dat
1 0 -312.2836 -32 -308.5195 -0.382683 0 -0.92388 0 1 0 0.92388 0 -0.382683 3039.dat
1 36 -384.3463 -36 -338.3688 -0.382683 -0.92388 0 0 0 -1 0.92388 -0.382683 0 4740.dat
1 0 -312.2836 -40 -308.5195 0.382683 0 0.92388 0 1 0 -0.92388 0 0.382683 3069.dat
