0 
0 Name: New Model.ldr
0 Author: 
1 1 629.9 136 225 -0.5 0 -0.866 0 1 0 0.866 0 -0.5 3460.dat
1 1 543.3 136 175 -0.5 0 -0.866 0 1 0 0.866 0 -0.5 3460.dat
1 1 456.7 136 125 -0.5 0 -0.866 0 1 0 0.866 0 -0.5 3460.dat
1 1 370.1 136 75 -0.5 0 -0.866 0 1 0 0.866 0 -0.5 3460.dat
1 1 500 128 150 -0.866 0 0.5 0 1 0 -0.5 0 -0.866 3027.dat
1 1 423.4 120 82.68 -0.866 0 0.5 0 1 0 -0.5 0 -0.866 3020.dat
1 1 403.4 120 117.32 -0.866 0 0.5 0 1 0 -0.5 0 -0.866 3020.dat
1 1 335.1 128 135.62 -0.866 0 0.5 0 1 0 -0.5 0 -0.866 3024.dat
1 1 421.7 128 185.62 -0.866 0 0.5 0 1 0 -0.5 0 -0.866 3024.dat
1 1 491.7 128 64.38 -0.866 0 0.5 0 1 0 -0.5 0 -0.866 3024.dat
1 1 508.3 128 235.62 -0.866 0 0.5 0 1 0 -0.5 0 -0.866 3024.dat
1 1 578.3 128 114.38 -0.866 0 0.5 0 1 0 -0.5 0 -0.866 3024.dat
1 1 594.9 128 285.62 -0.866 0 0.5 0 1 0 -0.5 0 -0.866 3024.dat
1 1 664.9 128 164.38 -0.866 0 0.5 0 1 0 -0.5 0 -0.866 3024.dat
1 1 448.4 104 39.38 -0.866 0 0.5 0 1 0 -0.5 0 -0.866 3455.dat
1 1 378.4 104 160.62 -0.866 0 0.5 0 1 0 -0.5 0 -0.866 3455.dat
1 1 621.6 104 139.38 -0.866 0 0.5 0 1 0 -0.5 0 -0.866 3455.dat
1 1 551.6 104 260.62 -0.866 0 0.5 0 1 0 -0.5 0 -0.866 3455.dat
1 1 456.7 104 125 0.5 0 0.866 0 1 0 -0.866 0 0.5 3009.dat
1 1 370.1 104 75 0.5 0 0.866 0 1 0 -0.866 0 0.5 3009.dat
1 1 388.4 104 143.3 -0.866 0 0.5 0 1 0 -0.5 0 -0.866 3010.dat
1 1 438.4 104 56.7 -0.866 0 0.5 0 1 0 -0.5 0 -0.866 3010.dat
1 1 505.98 104 199.64 -0.866 0 0.5 0 1 0 -0.5 0 -0.866 3002.dat
1 1 545.98 104 130.36 -0.866 0 0.5 0 1 0 -0.5 0 -0.866 3002.dat
1 15 511.34 104 110.36 0.5 0 0.866 0 1 0 -0.866 0 0.5 3004.dat
1 0 494.02 120 100.36 0.5 0 0.866 0 1 0 -0.866 0 0.5 3023.dat
1 1 431.08 96 29.38 -0.866 0 0.5 0 1 0 -0.5 0 -0.866 3023.dat
1 1 465.72 96 49.38 -0.866 0 0.5 0 1 0 -0.5 0 -0.866 3023.dat
1 1 361.08 96 150.62 -0.866 0 0.5 0 1 0 -0.5 0 -0.866 3023.dat
1 1 395.72 96 170.62 -0.866 0 0.5 0 1 0 -0.5 0 -0.866 3023.dat
1 1 534.28 96 250.62 -0.866 0 0.5 0 1 0 -0.5 0 -0.866 3023.dat
1 1 568.92 96 270.62 -0.866 0 0.5 0 1 0 -0.5 0 -0.866 3023.dat
1 1 604.28 96 129.38 -0.866 0 0.5 0 1 0 -0.5 0 -0.866 3023.dat
1 1 638.92 96 149.38 -0.866 0 0.5 0 1 0 -0.5 0 -0.866 3023.dat
1 15 528.66 80 120.36 -0.866 0 0.5 0 1 0 -0.5 0 -0.866 3002.dat
1 1 523.3 80 209.64 0.5 0 0.866 0 1 0 -0.866 0 0.5 3004.dat
1 1 523.3 56 209.64 0.5 0 0.866 0 1 0 -0.866 0 0.5 3004.dat
1 1 563.3 80 140.36 0.5 0 0.866 0 1 0 -0.866 0 0.5 3004.dat
1 1 563.3 56 140.36 0.5 0 0.866 0 1 0 -0.866 0 0.5 3004.dat
1 0 537.32 72 125.36 0.5 0 0.866 0 1 0 -0.866 0 0.5 3022.dat
1 0 433.4 136 65.36 -0.866 0 0.5 0 1 0 -0.5 0 -0.866 7049.dat
1 4 448.4 146 39.38 0.866 0 -0.5 0 1 0 0.5 0 0.866 242.dat
1 256 449.4 146 37.648 0.866 0 -0.5 0 1 0 0.5 0 0.866 u9131.dat
1 0 606.6 136 165.36 -0.866 0 0.5 0 1 0 -0.5 0 -0.866 7049.dat
1 4 621.6 146 139.38 0.866 0 -0.5 0 1 0 0.5 0 0.866 242.dat
1 256 622.6 146 137.648 0.866 0 -0.5 0 1 0 0.5 0 0.866 u9131.dat
1 0 566.6 136 234.64 0.866 0 -0.5 0 1 0 0.5 0 0.866 7049.dat
1 4 551.6 146 260.62 -0.866 0 0.5 0 1 0 -0.5 0 -0.866 242.dat
1 256 550.6 146 262.352 -0.866 0 0.5 0 1 0 -0.5 0 -0.866 u9131.dat
1 0 393.4 136 134.64 0.866 0 -0.5 0 1 0 0.5 0 0.866 7049.dat
1 4 378.4 146 160.62 -0.866 0 0.5 0 1 0 -0.5 0 -0.866 242.dat
1 256 377.4 146 162.352 0.866 0 -0.5 0 1 0 0.5 0 0.866 u9131.dat
1 1 448.4 88 39.38 -0.866 0 0.5 0 1 0 -0.5 0 -0.866 3023.dat
1 1 378.4 88 160.62 -0.866 0 0.5 0 1 0 -0.5 0 -0.866 3023.dat
1 1 551.6 88 260.62 -0.866 0 0.5 0 1 0 -0.5 0 -0.866 3023.dat
1 1 621.6 88 139.38 -0.866 0 0.5 0 1 0 -0.5 0 -0.866 3023.dat
1 15 372.42 96 110.98 0.5 0 0.866 0 1 0 -0.866 0 0.5 3062.dat
1 15 382.42 96 93.66 0.5 0 0.866 0 1 0 -0.866 0 0.5 3062.dat
1 15 392.42 96 76.34 0.5 0 0.866 0 1 0 -0.866 0 0.5 3062.dat
1 15 402.42 96 59.02 0.5 0 0.866 0 1 0 -0.866 0 0.5 3062.dat
1 15 389.74 96 120.98 0.5 0 0.866 0 1 0 -0.866 0 0.5 3062.dat
1 15 399.74 96 103.66 0.5 0 0.866 0 1 0 -0.866 0 0.5 3062.dat
1 15 409.74 96 86.34 0.5 0 0.866 0 1 0 -0.866 0 0.5 3062.dat
1 15 419.74 96 69.02 0.5 0 0.866 0 1 0 -0.866 0 0.5 3062.dat
1 15 407.06 96 130.98 0.5 0 0.866 0 1 0 -0.866 0 0.5 3062.dat
1 15 417.06 96 113.66 0.5 0 0.866 0 1 0 -0.866 0 0.5 3062.dat
1 15 427.06 96 96.34 0.5 0 0.866 0 1 0 -0.866 0 0.5 3062.dat
1 15 437.06 96 79.02 0.5 0 0.866 0 1 0 -0.866 0 0.5 3062.dat
1 15 424.38 96 140.98 0.5 0 0.866 0 1 0 -0.866 0 0.5 3062.dat
1 15 434.38 96 123.66 0.5 0 0.866 0 1 0 -0.866 0 0.5 3062.dat
1 15 444.38 96 106.34 0.5 0 0.866 0 1 0 -0.866 0 0.5 3062.dat
1 15 454.38 96 89.02 0.5 0 0.866 0 1 0 -0.866 0 0.5 3062.dat
1 4 629.9 104 225 0.5 0 0.866 0 1 0 -0.866 0 0.5 3009.dat
1 4 586.6 104 200 -0.866 0 0.5 0 1 0 -0.5 0 -0.866 3001.dat
1 4 606.6 104 165.36 -0.866 0 0.5 0 1 0 -0.5 0 -0.866 3001.dat
1 4 566.6 104 234.64 -0.866 0 0.5 0 1 0 -0.5 0 -0.866 3001.dat
1 15 537.32 48 125.36 -0.866 0 0.5 0 1 0 -0.5 0 -0.866 3003.dat
1 15 537.32 24 125.36 -0.866 0 0.5 0 1 0 -0.5 0 -0.866 792.dat
1 15 537.32 24 125.36 -0.866 0 0.5 0 1 0 -0.5 0 -0.866 793.dat
1 15 545.98 16 130.36 -0.866 0 0.5 0 1 0 -0.5 0 -0.866 3021.dat
1 15 563.3 24 140.36 -0.5 0 -0.866 0 1 0 0.866 0 -0.5 3004.dat
1 4 480.68 108 143.464 0 0.5 0.866 -1 0 0 0 -0.866 0.5 3023.dat
1 4 482.4388 88.341 135.242 -0.224294 0.5 0.836556 -0.966 0 -0.259 -0.1295 -0.866 0.483 3023.dat
1 47 537.32 -8 125.36 -0.866 0 0.5 0 1 0 -0.5 0 -0.866 3003.dat
1 15 563.3 -8 140.36 -0.5 0 -0.866 0 1 0 0.866 0 -0.5 3004.dat
1 15 537.32 -24 125.36 -0.866 0 0.5 0 1 0 -0.5 0 -0.866 3022.dat
1 15 558.3 -64 149.02 -0.866 0 0.5 0 1 0 -0.5 0 -0.866 3062.dat
1 15 558.3 -40 149.02 -0.866 0 0.5 0 1 0 -0.5 0 -0.866 3062.dat
1 15 545.98 -16 130.36 -0.866 0 0.5 0 1 0 -0.5 0 -0.866 3021.dat
1 15 583.92 80 244.64 -0.999956 0 0 0 1 0 0 0 -0.999956 3144.dat
1 15 527.32 34 142.68 0.612262 0.612262 -0.5 -0.707 0.707 0 0.3535 0.3535 0.866 795.dat
1 15 512.9574 41.3471 152.8624 0.126869 0.612262 0.780219 0.3535 0.707 -0.612262 -0.926706 0.3535 -0.126869 3612.dat
1 14 476.799 75.8698 146.3923 0.634129 0.442491 -0.63466 0.716869 -0.027999 0.696515 0.290233 -0.896893 -0.33557 3614.dat
1 15 503.5948 48.6943 154.3849 0.433507 0.612262 0.661484 0.073908 0.707 -0.703482 -0.898645 0.3535 0.261211 3613.dat
1 15 547.32 34 108.04 -0.836556 0.224294 0.5 0.259 0.966 0 -0.483 0.1295 -0.866 795.dat
1 15 544.1766 37.0023 91.0895 0.699668 0.224294 0.678613 -0.067081 0.966 -0.250194 -0.711459 0.1295 0.690872 3612.dat
1 14 504.8371 45.187 60.1676 0.000051 -0.500119 -0.866397 -1.000253 0 0.000059 0.00003 0.866205 -0.500229 3614.dat
1 15 536.0333 40.0047 82.7991 0.500119 0.224294 0.836754 0 0.966 -0.259061 -0.866205 0.1295 0.483114 3613.dat
