0 
0 Name: New Model.ldr
0 Author: 
1 4 236.2889 -32 -296.4652 0.707309 0 -0.707277 0 1 0 0.707277 0 0.707309 15.dat
1 4 278.7041 -32 -338.8916 0.707309 0 -0.707277 0 1 0 0.707277 0 0.707309 15.dat
1 0 153.74 -48 -183.94 -0.559 0 -0.829 0 1 0 0.829 0 -0.559 3030.dat
1 0 192.87 -72 -241.97 -0.829 0 0.559 0 1 0 -0.559 0 -0.829 3010.dat
1 0 117.69 -72 -184.13 0.559 0 0.829 0 1 0 -0.829 0 0.559 3008.dat
1 0 167.43 -72 -150.59 0.559 0 0.829 0 1 0 -0.829 0 0.559 3008.dat
1 4 278.7041 -40 -338.8916 0.707309 0 -0.707277 0 1 0 0.707277 0 0.707309 3023.dat
1 14 236.2889 -40 -296.4652 -0.707309 0 0.707277 0 1 0 -0.707277 0 -0.707309 3184.dat
1 15 156.25 -96 -134.01 0.559 0 0.829 0 1 0 -0.829 0 0.559 3008.dat
1 15 106.51 -96 -167.55 0.559 0 0.829 0 1 0 -0.829 0 0.559 3008.dat
1 15 106.51 -120 -167.55 0.559 0 0.829 0 1 0 -0.829 0 0.559 3008.dat
1 15 156.25 -120 -134.01 0.559 0 0.829 0 1 0 -0.829 0 0.559 3008.dat
1 0 187.28 -80 -233.68 0.829 0 -0.559 0 1 0 0.559 0 0.829 3020.dat
1 15 131.38 -128 -150.78 -0.559 0 -0.829 0 1 0 0.829 0 -0.559 3035.dat
1 15 131.38 -136 -150.78 -0.559 0 -0.829 0 1 0 0.829 0 -0.559 3034.dat
1 4 257.4969 -64 -317.6781 -0.707277 0 -0.707309 0 1 0 0.707309 0 -0.707277 3001.dat
1 0 153.74 -40 -183.94 -0.559 0 -0.829 0 1 0 0.829 0 -0.559 3020.dat
1 0 153.74 -32 -183.94 -0.559 0 -0.829 0 1 0 0.829 0 -0.559 3031.dat
1 14 204.05 -40 -258.55 0.829 0 -0.559 0 1 0 0.559 0 0.829 3183.dat
1 4 278.7041 -88 -338.8916 -0.707309 0 0.707277 0 1 0 -0.707277 0 -0.707309 3039.dat
1 4 292.8419 -112 -353.0334 -0.707309 0 0.707277 0 1 0 -0.707277 0 -0.707309 3039.dat
1 4 299.9113 -88 -360.1052 -0.707309 0 0.707277 0 1 0 -0.707277 0 -0.707309 3022.dat
1 4 306.9802 -96 -367.1761 -0.707309 0 0.707277 0 1 0 -0.707277 0 -0.707309 3023.dat
1 4 306.9802 -80 -367.1761 -0.707309 0 0.707277 0 1 0 -0.707277 0 -0.707309 3023.dat
1 4 232.049 -74 -286.5666 -0.707277 -0.707309 0 0 0 -1 0.707309 -0.707277 0 3069.dat
1 0 187.28 -40 -233.68 0.829 0 -0.559 0 1 0 0.559 0 0.829 3137.dat
1 0 120.2 -40 -134.2 0.829 0 -0.559 0 1 0 0.559 0 0.829 3137.dat
1 256 145.899 -18 -116.871 0.829 0 -0.559 0 1 0 0.559 0 0.829 3139.dat
1 256 212.979 -18 -216.351 0.829 0 -0.559 0 1 0 0.559 0 0.829 3139.dat
1 256 161.581 -18 -251.009 0.829 0 -0.559 0 1 0 0.559 0 0.829 3139.dat
1 256 94.501 -18 -151.529 0.829 0 -0.559 0 1 0 0.559 0 0.829 3139.dat
1 1 204.05 -80 -258.55 0.829 0 -0.559 0 1 0 0.559 0 0.829 15.dat
1 1 192.87 -112 -241.97 0.829 0 -0.559 0 1 0 0.559 0 0.829 17.dat
1 14 192.87 -136 -241.97 0.829 0 -0.559 0 1 0 0.559 0 0.829 3626.dat
1 1 192.87 -136 -241.97 0.829 0 -0.559 0 1 0 0.559 0 0.829 3629.dat
