0 
0 Name: New Model.ldr
0 Author: 
1 71 402 -22 32 -0.191 0 0.982 0 1 0 -0.982 0 -0.191 4282.dat
1 36 430.65 -30 179.3 -0.982 0 -0.191 0 1 0 0.191 0 -0.982 3023.dat
1 0 426.83 -30 159.66 -0.982 0 -0.191 0 1 0 0.191 0 -0.982 2926.dat
1 15 421.1 -30 130.2 -0.982 0 -0.191 0 1 0 0.191 0 -0.982 3022.dat
1 0 415.37 -30 100.74 -0.982 0 -0.191 0 1 0 0.191 0 -0.982 2926.dat
1 1 411.55 -30 81.1 -0.982 0 -0.191 0 1 0 0.191 0 -0.982 3069.dat
1 72 402 -30 32 -0.982 0 -0.191 0 1 0 0.191 0 -0.982 3032.dat
1 1 392.45 -30 -17.1 -0.982 0 -0.191 0 1 0 0.191 0 -0.982 3069.dat
1 1 380.99 -30 -76.02 -0.982 0 -0.191 0 1 0 0.191 0 -0.982 3069.dat
1 0 367.08 -30 -42.74 -0.982 0 -0.191 0 1 0 0.191 0 -0.982 4488.dat
1 0 406.36 -30 -50.38 0.982 0 0.191 0 1 0 -0.191 0 0.982 4488.dat
1 72 375.26 -30 -105.48 0.982 0 0.191 0 1 0 -0.191 0 0.982 3795.dat
1 71 402 -38 32 -0.191 0 0.982 0 1 0 -0.982 0 -0.191 4282.dat
1 4 420 -38 -32.65 -0.191 0 0.982 0 1 0 -0.982 0 -0.191 4477.dat
1 4 361.08 -38 -21.19 -0.191 0 0.982 0 1 0 -0.982 0 -0.191 4477.dat
1 72 326.16 -38 -95.93 -0.191 0 0.982 0 1 0 -0.982 0 -0.191 32028.dat
1 72 424.36 -38 -115.03 0.191 0 -0.982 0 1 0 0.982 0 0.191 32028.dat
1 72 454.92 -38 42.09 0.191 0 -0.982 0 1 0 0.982 0 0.191 32028.dat
1 72 447.28 -38 2.81 0.191 0 -0.982 0 1 0 0.982 0 0.191 32028.dat
1 72 356.72 -38 61.19 -0.191 0 0.982 0 1 0 -0.982 0 -0.191 32028.dat
1 72 349.08 -38 21.91 -0.191 0 0.982 0 1 0 -0.982 0 -0.191 32028.dat
1 72 373.35 -62 -115.3 -0.982 0 -0.191 0 1 0 0.191 0 -0.982 3009.dat
1 15 390.54 -62 -26.92 0.191 0 -0.982 0 1 0 0.982 0 0.191 3007.dat
1 1 413.46 -46 90.92 0.191 0 -0.982 0 1 0 0.982 0 0.191 3020.dat
1 2 409.64 -54 71.28 0.191 0 -0.982 0 1 0 0.982 0 0.191 3068.dat
1 0 417.28 -54 110.56 -0.982 0 -0.191 0 1 0 0.191 0 -0.982 3176.dat
1 72 442.92 -54 85.19 -0.982 0 -0.191 0 1 0 0.191 0 -0.982 42022.dat
1 72 384 -54 96.65 -0.982 0 -0.191 0 1 0 0.191 0 -0.982 42022.dat
1 72 416.45 -62 -103.3 -0.982 0 -0.191 0 1 0 0.191 0 -0.982 3660.dat
1 72 337.89 -62 -88.02 -0.982 0 -0.191 0 1 0 0.191 0 -0.982 3660.dat
1 72 426 -62 -54.2 0.191 0 -0.982 0 1 0 0.982 0 0.191 50745.dat
1 72 347.44 -62 -38.92 -0.191 0 0.982 0 1 0 -0.982 0 -0.191 50745.dat
1 72 356.99 -62 10.18 0.982 0 0.191 0 1 0 -0.191 0 0.982 3660.dat
1 72 435.55 -62 -5.1 0.982 0 0.191 0 1 0 -0.191 0 0.982 3660.dat
1 72 443.19 -62 34.18 -0.191 0 0.982 0 1 0 -0.982 0 -0.191 3002.dat
1 72 364.63 -62 49.46 -0.191 0 0.982 0 1 0 -0.982 0 -0.191 3002.dat
1 71 413.46 -62 90.92 -0.982 0 -0.191 0 1 0 0.191 0 -0.982 3020.dat
1 0 405.82 -70 51.64 -0.982 0 -0.191 0 1 0 0.191 0 -0.982 3031.dat
1 0 415.37 -70 100.74 -0.982 0 -0.191 0 1 0 0.191 0 -0.982 2412.dat
1 15 400.09 -94 22.18 -0.982 0 -0.191 0 1 0 0.191 0 -0.982 3010.dat
1 226 435.82 -70 -56.11 0.191 0 -0.982 0 1 0 0.982 0 0.191 3460.dat
1 226 337.62 -70 -37.01 0.191 0 -0.982 0 1 0 0.982 0 0.191 3460.dat
1 15 396.27 -94 2.54 0.982 0 0.191 0 1 0 -0.191 0 0.982 2432.dat
1 15 384.81 -94 -56.38 0.982 0 0.191 0 1 0 -0.191 0 0.982 2432.dat
1 1 343.89 -70 -109.57 0.982 0 0.191 0 1 0 -0.191 0 0.982 3024.dat
1 1 402.81 -70 -121.03 0.982 0 0.191 0 1 0 -0.191 0 0.982 3024.dat
1 15 373.35 -70 -115.3 0.982 0 0.191 0 1 0 -0.191 0 0.982 3829.dat
1 71 403.91 -94 41.82 -0.982 0 -0.191 0 1 0 0.191 0 -0.982 2877.dat
1 71 433.37 -94 36.09 0.191 0 -0.982 0 1 0 0.982 0 0.191 60475.dat
1 71 374.45 -94 47.55 -0.191 0 0.982 0 1 0 -0.982 0 -0.191 60475.dat
1 71 400.09 -118 22.18 -0.982 0 -0.191 0 1 0 0.191 0 -0.982 3037.dat
1 0 354.81 -82 51.37 0.982 0 0.191 0 1 0 -0.191 0 0.982 19220.dat
1 71 400.09 -126 22.18 -0.982 0 -0.191 0 1 0 0.191 0 -0.982 11476.dat
1 226 400.09 -134 22.18 -0.982 0 -0.191 0 1 0 0.191 0 -0.982 3023.dat
1 71 400.09 -142 22.18 -0.982 0 -0.191 0 1 0 0.191 0 -0.982 11476.dat
1 4 447.28 -118 2.81 0.191 0 -0.982 0 1 0 0.982 0 0.191 3245c.dat
1 4 349.08 -118 21.91 0.191 0 -0.982 0 1 0 0.982 0 0.191 3245c.dat
1 4 341.44 -94 -17.37 0.191 0 -0.982 0 1 0 0.982 0 0.191 3004.dat
1 4 439.64 -94 -36.47 0.191 0 -0.982 0 1 0 0.982 0 0.191 3004.dat
1 4 433.91 -142 -65.93 0.191 0 -0.982 0 1 0 0.982 0 0.191 60583.dat
1 4 335.71 -142 -46.83 -0.191 0 0.982 0 1 0 -0.982 0 -0.191 60583.dat
1 4 428.18 -94 -95.39 0.191 0 -0.982 0 1 0 0.982 0 0.191 3004.dat
1 4 329.98 -94 -76.29 0.191 0 -0.982 0 1 0 0.982 0 0.191 3004.dat
1 4 334.07 -94 -107.66 0.982 0 0.191 0 1 0 -0.191 0 0.982 11211.dat
1 4 412.63 -94 -122.94 0.982 0 0.191 0 1 0 -0.191 0 0.982 11211.dat
1 43 341.44 -142 -17.37 0.191 0 -0.982 0 1 0 0.982 0 0.191 87552.dat
1 43 329.98 -142 -76.29 0.191 0 -0.982 0 1 0 0.982 0 0.191 87552.dat
1 43 439.64 -142 -36.47 -0.191 0 0.982 0 1 0 -0.982 0 -0.191 87552.dat
1 43 428.18 -142 -95.39 -0.191 0 0.982 0 1 0 -0.982 0 -0.191 87552.dat
1 72 369.912 -34 -132.976 -0.982 0.191 0 0 0 1 0.191 0.982 0 3795.dat
1 0 368.384 -24 -140.832 -0.982 0.191 0 0 0 1 0.191 0.982 0 2412.dat
1 72 394.788 -24 -162.274 0 0.191 -0.982 -1 0 0 0 0.982 0.191 50950.dat
1 72 335.868 -24 -150.814 0 0.191 0.982 1 0 0 0 0.982 -0.191 50950.dat
1 71 368.384 -54 -140.832 -0.982 0.191 0 0 0 1 0.191 0.982 0 3020.dat
1 4 368.384 -84 -140.832 -0.982 0.191 0 0 0 1 0.191 0.982 0 87609.dat
1 0 366.856 -44 -148.688 -0.982 0.191 0 0 0 1 0.191 0.982 0 2412.dat
1 33 396.316 -44 -154.418 -0.982 0.191 0 0 0 1 0.191 0.982 0 98138.dat
1 33 337.396 -44 -142.958 -0.982 0.191 0 0 0 1 0.191 0.982 0 98138.dat
1 0 386.496 -64 -152.508 -0.982 0.191 0 0 0 1 0.191 0.982 0 2412.dat
1 0 347.216 -64 -144.868 -0.982 0.191 0 0 0 1 0.191 0.982 0 2412.dat
1 57 419.012 -44 -142.526 0 0.191 -0.982 -1 0 0 0 0.982 0.191 54200.dat
1 57 320.812 -44 -123.426 0 0.191 0.982 1 0 0 0 0.982 -0.191 54200.dat
1 47 320.812 -64 -123.426 0 0.191 0.982 1 0 0 0 0.982 -0.191 54200.dat
1 47 419.012 -64 -142.526 0 0.191 -0.982 -1 0 0 0 0.982 0.191 54200.dat
1 33 337.396 -84 -142.958 -0.982 0.191 0 0 0 1 0.191 0.982 0 98138.dat
1 33 396.316 -84 -154.418 -0.982 0.191 0 0 0 1 0.191 0.982 0 98138.dat
1 4 366.856 -84 -148.688 -0.982 0.191 0 0 0 1 0.191 0.982 0 3069.dat
1 4 419.012 -84 -142.526 0 0.191 -0.982 -1 0 0 0 0.982 0.191 54200.dat
1 4 320.812 -84 -123.426 0 0.191 0.982 1 0 0 0 0.982 -0.191 54200.dat
1 43 373.35 -142 -115.3 0.982 0 0.191 0 1 0 -0.191 0 0.982 4176.dat
1 4 326.16 -150 -95.93 -0.191 0 0.982 0 1 0 -0.982 0 -0.191 60471.dat
1 4 424.36 -150 -115.03 0.191 0 -0.982 0 1 0 0.982 0 0.191 60471.dat
1 4 373.35 -150 -115.3 0.982 0 0.191 0 1 0 -0.191 0 0.982 2431.dat
1 4 400.09 -150 22.18 0.982 0 0.191 0 1 0 -0.191 0 0.982 2431.dat
1 4 341.44 -150 -17.37 -0.191 0 0.982 0 1 0 -0.982 0 -0.191 6636.dat
1 4 439.64 -150 -36.47 -0.191 0 0.982 0 1 0 -0.982 0 -0.191 6636.dat
1 0 453.82 -118 -120.76 0 -0.982 -0.191 -1 0 0 0 0.191 -0.982 96910.dat
1 0 296.7 -118 -90.2 0 0.982 0.191 -1 0 0 0 -0.191 0.982 96910.dat
1 0 453.55 -72 -69.75 -0.982 0 0.191 0 -1 0 0.191 0 0.982 30374.dat
1 0 316.07 -72 -43.01 -0.982 0 0.191 0 -1 0 0.191 0 0.982 30374.dat
1 4 384.81 -166 -56.38 0.982 0 0.191 0 1 0 -0.191 0 0.982 52031.dat
1 4 388.63 -166 -36.74 -0.982 0 -0.191 0 1 0 0.191 0 -0.982 52031.dat
1 15 435.82 -25 -56.11 0.191 0 -0.982 0 1 0 0.982 0 0.191 6014.dat
1 256 441.712 -25 -57.256 0.191 0 -0.982 0 1 0 0.982 0 0.191 87697.dat
1 15 464.47 -25 91.19 0.191 0 -0.982 0 1 0 0.982 0 0.191 6014.dat
1 256 470.362 -25 90.044 0.191 0 -0.982 0 1 0 0.982 0 0.191 87697.dat
1 15 475.93 -25 150.11 0.191 0 -0.982 0 1 0 0.982 0 0.191 6014.dat
1 256 481.822 -25 148.964 0.191 0 -0.982 0 1 0 0.982 0 0.191 87697.dat
1 15 337.62 -25 -37.01 -0.191 0 0.982 0 1 0 -0.982 0 -0.191 6014.dat
1 256 331.728 -25 -35.864 -0.191 0 0.982 0 1 0 -0.982 0 -0.191 87697.dat
1 15 366.27 -25 110.29 -0.191 0 0.982 0 1 0 -0.982 0 -0.191 6014.dat
1 256 360.378 -25 111.436 -0.191 0 0.982 0 1 0 -0.982 0 -0.191 87697.dat
1 15 377.73 -25 169.21 -0.191 0 0.982 0 1 0 -0.982 0 -0.191 6014.dat
1 256 371.838 -25 170.356 -0.191 0 0.982 0 1 0 -0.982 0 -0.191 87697.dat
1 0 419.126 -173 -52.863 0.982 0 -0.191 0 -1 0 -0.191 0 -0.982 u9013.dat
1 0 354.314 -173 -40.257 0.982 0 -0.191 0 -1 0 -0.191 0 -0.982 u9013.dat
1 71 668.077 -22 517.381 0.545 0 -0.839 0 1 0 0.839 0 0.545 3034.dat
1 0 652.157 -30 456.141 0.839 0 0.545 0 1 0 -0.545 0 0.839 4488.dat
1 0 618.597 -30 477.941 -0.839 0 -0.545 0 1 0 0.545 0 -0.839 4488.dat
1 71 657.177 -30 500.601 -0.839 0 -0.545 0 1 0 0.545 0 -0.839 3020.dat
1 0 695.757 -30 523.261 0.839 0 0.545 0 1 0 -0.545 0 0.839 4488.dat
1 0 662.197 -30 545.061 -0.839 0 -0.545 0 1 0 0.545 0 -0.839 4488.dat
1 0 695.327 -30 559.331 0.839 0 0.545 0 1 0 -0.545 0 0.839 2412.dat
1 72 711.677 -30 584.501 0.839 0 0.545 0 1 0 -0.545 0 0.839 3795.dat
1 15 668.077 -54 517.381 -0.545 0 0.839 0 1 0 -0.839 0 -0.545 3007.dat
1 72 601.817 -54 488.841 -0.545 0 0.839 0 1 0 -0.839 0 -0.545 50745.dat
1 72 668.937 -54 445.241 0.545 0 -0.839 0 1 0 0.839 0 0.545 50745.dat
1 71 682.347 -54 484.251 0.545 0 -0.839 0 1 0 0.839 0 0.545 3004.dat
1 71 632.007 -54 516.951 0.545 0 -0.839 0 1 0 0.839 0 0.545 3004.dat
1 72 645.417 -54 555.961 -0.545 0 0.839 0 1 0 -0.839 0 -0.545 50745.dat
1 72 712.537 -54 512.361 0.545 0 -0.839 0 1 0 0.839 0 0.545 50745.dat
1 72 739.787 -54 554.311 0.839 0 0.545 0 1 0 -0.545 0 0.839 3660.dat
1 72 672.667 -54 597.911 0.839 0 0.545 0 1 0 -0.545 0 0.839 3660.dat
1 4 717.127 -54 592.891 -0.839 0 -0.545 0 1 0 0.545 0 -0.839 11211.dat
1 33 750.687 -46 571.091 0.839 0 0.545 0 1 0 -0.545 0 0.839 3023.dat
1 72 750.687 -54 571.091 0.839 0 0.545 0 1 0 -0.545 0 0.839 3023.dat
1 72 683.567 -54 614.691 -0.839 0 -0.545 0 1 0 0.545 0 -0.839 3023.dat
1 33 683.567 -46 614.691 -0.839 0 -0.545 0 1 0 0.545 0 -0.839 3023.dat
1 226 720.927 -62 506.911 0.545 0 -0.839 0 1 0 0.839 0 0.545 3460.dat
1 226 637.027 -62 561.411 0.545 0 -0.839 0 1 0 0.839 0 0.545 3460.dat
1 72 731.297 -44 614.705 0.839 -0.545 0 0 0 1 -0.545 -0.839 0 87609.dat
1 226 731.297 -24 614.705 0.839 -0.545 0 0 0 1 -0.545 -0.839 0 3023.dat
1 72 714.847 -24 644.479 0 -0.545 0.839 -1 0 0 0 -0.839 -0.545 50950.dat
1 72 765.187 -24 611.779 0 -0.545 -0.839 1 0 0 0 -0.839 0.545 50950.dat
1 0 735.657 -44 621.417 0.839 -0.545 0 0 0 1 -0.545 -0.839 0 2412.dat
1 57 710.487 -44 637.767 0.839 -0.545 0 0 0 1 -0.545 -0.839 0 3024.dat
1 57 760.827 -44 605.067 0.839 -0.545 0 0 0 1 -0.545 -0.839 0 3024.dat
1 36 684.987 -44 635.243 0 -0.545 0.839 -1 0 0 0 -0.839 -0.545 54200.dat
1 36 768.887 -44 580.743 0 -0.545 -0.839 1 0 0 0 -0.839 0.545 54200.dat
1 71 635.377 -62 467.041 -0.839 0 -0.545 0 1 0 0.545 0 -0.839 3020.dat
1 1 668.077 -62 517.381 -0.839 0 -0.545 0 1 0 0.545 0 -0.839 3031.dat
1 0 711.677 -62 584.501 0.839 0 0.545 0 1 0 -0.545 0 0.839 6179.dat
1 0 602.247 -70 452.771 0.839 0 0.545 0 1 0 -0.545 0 0.839 76766.dat
1 0 635.807 -70 430.971 0.839 0 0.545 0 1 0 -0.545 0 0.839 76766.dat
1 4 651.727 -70 492.211 0.839 0 0.545 0 1 0 -0.545 0 0.839 2431.dat
1 0 678.977 -70 534.161 0.839 0 0.545 0 1 0 -0.545 0 0.839 61485.dat
1 72 548.177 -30 332.801 -0.545 0 0.839 0 1 0 -0.839 0 -0.545 3028.dat
1 0 460.547 -70 234.631 -0.839 0 -0.545 0 1 0 0.545 0 -0.839 76766.dat
1 0 494.107 -70 212.831 -0.839 0 -0.545 0 1 0 0.545 0 -0.839 76766.dat
1 71 535.627 -22 221.651 -0.545 0 0.839 0 1 0 -0.839 0 -0.545 60478.dat
1 71 451.727 -22 276.151 -0.545 0 0.839 0 1 0 -0.839 0 -0.545 60478.dat
1 4 602.677 -54 416.701 -0.839 0 -0.545 0 1 0 0.545 0 -0.839 3001.dat
1 72 650.077 -54 397.841 -0.839 0 -0.545 0 1 0 0.545 0 -0.839 3665.dat
1 72 566.177 -54 452.341 -0.839 0 -0.545 0 1 0 0.545 0 -0.839 3665.dat
1 71 586.327 -62 391.531 0.839 0 0.545 0 1 0 -0.545 0 0.839 11215.dat
1 72 495.327 -38 343.271 -0.545 0 0.839 0 1 0 -0.839 0 -0.545 4162.dat
1 1 572.057 -62 424.661 -0.545 0 0.839 0 1 0 -0.839 0 -0.545 3623.dat
1 1 622.397 -62 391.961 -0.545 0 0.839 0 1 0 -0.839 0 -0.545 3623.dat
1 72 579.227 -54 288.771 -0.545 0 0.839 0 1 0 -0.839 0 -0.545 3008.dat
1 33 521.787 -46 218.711 0.839 0 0.545 0 1 0 -0.545 0 0.839 3023.dat
1 72 521.787 -54 218.711 0.839 0 0.545 0 1 0 -0.545 0 0.839 3023.dat
1 33 454.667 -46 262.311 -0.839 0 -0.545 0 1 0 0.545 0 -0.839 3023.dat
1 72 454.667 -54 262.311 -0.839 0 -0.545 0 1 0 0.545 0 -0.839 3023.dat
1 226 655.527 -62 406.231 0.545 0 -0.839 0 1 0 0.839 0 0.545 3710.dat
1 226 571.627 -62 460.731 0.545 0 -0.839 0 1 0 0.839 0 0.545 3710.dat
1 226 544.377 -62 418.781 0.545 0 -0.839 0 1 0 0.839 0 0.545 3024.dat
1 226 628.277 -62 364.281 0.545 0 -0.839 0 1 0 0.839 0 0.545 3024.dat
1 226 579.227 -62 288.771 0.545 0 -0.839 0 1 0 0.839 0 0.545 3460.dat
1 226 521.787 -62 218.711 0.839 0 0.545 0 1 0 -0.545 0 0.839 3023.dat
1 226 454.667 -62 262.311 0.839 0 0.545 0 1 0 -0.545 0 0.839 3023.dat
1 4 699.127 -70 473.351 -0.545 0 0.839 0 1 0 -0.839 0 -0.545 4162.dat
1 4 615.227 -70 527.851 -0.545 0 0.839 0 1 0 -0.839 0 -0.545 4162.dat
1 4 753.627 -70 557.251 -0.545 0 0.839 0 1 0 -0.839 0 -0.545 15573.dat
1 4 669.727 -70 611.751 -0.545 0 0.839 0 1 0 -0.839 0 -0.545 15573.dat
1 71 608.127 -86 425.091 -0.839 0 -0.545 0 1 0 0.545 0 -0.839 3004.dat
1 4 608.127 -110 425.091 -0.839 0 -0.545 0 1 0 0.545 0 -0.839 11211.dat
1 4 563.667 -110 430.111 -0.545 0 0.839 0 1 0 -0.839 0 -0.545 92410.dat
1 71 562.484 -106 459.512 -0.839 0 -0.545 0 1 0 0.545 0 -0.839 4533.dat
1 71 631.97 -106 357.11 0.839 0 0.545 0 1 0 -0.545 0 0.839 4533.dat
1 4 630.787 -110 386.511 0.545 0 -0.839 0 1 0 0.839 0 0.545 92410.dat
1 4 566.177 -110 452.341 -0.839 0 -0.545 0 1 0 0.545 0 -0.839 54200.dat
1 4 650.077 -110 397.841 -0.839 0 -0.545 0 1 0 0.545 0 -0.839 54200.dat
1 71 608.127 -118 425.091 -0.839 0 -0.545 0 1 0 0.545 0 -0.839 92593.dat
1 72 591.777 -118 399.921 -0.839 0 -0.545 0 1 0 0.545 0 -0.839 3795.dat
1 4 450.077 -78 181.781 -0.839 0 -0.545 0 1 0 0.545 0 -0.839 3032.dat
1 4 477.327 -78 223.731 -0.839 0 -0.545 0 1 0 0.545 0 -0.839 3666.dat
1 4 419.027 -86 225.811 0.545 0 -0.839 0 1 0 0.839 0 0.545 3710.dat
1 4 502.927 -86 171.311 0.545 0 -0.839 0 1 0 0.839 0 0.545 3710.dat
1 0 446.707 -86 231.691 0.545 0 -0.839 0 1 0 0.839 0 0.545 3023.dat
1 0 497.047 -86 198.991 0.545 0 -0.839 0 1 0 0.839 0 0.545 3023.dat
1 4 461.837 -86 126.421 0.839 0 0.545 0 1 0 -0.545 0 0.839 26601.dat
1 4 394.717 -86 170.021 -0.545 0 0.839 0 1 0 -0.839 0 -0.545 26601.dat
1 4 435.377 -110 250.981 0.839 0 0.545 0 1 0 -0.545 0 0.839 60477.dat
1 4 519.277 -110 196.481 0.839 0 0.545 0 1 0 -0.545 0 0.839 60477.dat
1 4 428.277 -94 148.221 0.839 0 0.545 0 1 0 -0.545 0 0.839 87079.dat
1 0 488.227 -86 240.511 -0.839 0 -0.545 0 1 0 0.545 0 -0.839 76766.dat
1 4 521.787 -110 218.711 -0.839 0 -0.545 0 1 0 0.545 0 -0.839 3245c.dat
1 4 454.667 -110 262.311 -0.839 0 -0.545 0 1 0 0.545 0 -0.839 3245c.dat
1 4 601.027 -110 322.331 -0.545 0 0.839 0 1 0 -0.839 0 -0.545 14718.dat
1 4 557.427 -110 255.211 -0.545 0 0.839 0 1 0 -0.839 0 -0.545 14718.dat
1 0 477.327 -110 223.731 0.839 0 0.545 0 1 0 -0.545 0 0.839 3037.dat
1 72 482.777 -118 232.121 -0.839 0 -0.545 0 1 0 0.545 0 -0.839 3795.dat
1 72 611.927 -118 339.111 -0.545 0 0.839 0 1 0 -0.839 0 -0.545 48336.dat
1 72 590.127 -118 305.551 -0.545 0 0.839 0 1 0 -0.839 0 -0.545 48336.dat
1 72 568.327 -118 271.991 -0.545 0 0.839 0 1 0 -0.839 0 -0.545 48336.dat
1 72 546.527 -118 238.431 -0.545 0 0.839 0 1 0 -0.839 0 -0.545 48336.dat
1 72 617.937 -100 440.193 -0.839 -0.545 0 0 0 -1 0.545 -0.839 0 2431.dat
1 33 753.627 -78 557.251 -0.839 0 -0.545 0 1 0 0.545 0 -0.839 98138.dat
1 33 669.727 -78 611.751 -0.839 0 -0.545 0 1 0 0.545 0 -0.839 98138.dat
1 71 527.237 -14 227.101 -0.839 0 -0.545 0 1 0 0.545 0 -0.839 11203.dat
1 71 460.117 -14 270.701 -0.839 0 -0.545 0 1 0 0.545 0 -0.839 11203.dat
1 71 624.477 -14 450.261 -0.839 0 -0.545 0 1 0 0.545 0 -0.839 11203.dat
1 0 439.177 -70 165.001 0.839 0 0.545 0 1 0 -0.545 0 0.839 3176.dat
1 1 422.827 -60 139.831 0 -0.839 0.545 1 0 0 0 0.545 0.839 43093.dat
1 71 450.077 -62 181.781 -0.545 0 0.839 0 1 0 -0.839 0 -0.545 3020.dat
1 71 516.007 -20 191.447 0 -0.545 0.839 -1 0 0 0 -0.839 -0.545 15712.dat
1 71 432.107 -20 245.947 0 -0.545 0.839 -1 0 0 0 -0.839 -0.545 15712.dat
1 57 511.647 -20 184.735 0 -0.545 0.839 -1 0 0 0 -0.839 -0.545 3024.dat
1 57 427.747 -20 239.235 0 -0.545 0.839 -1 0 0 0 -0.839 -0.545 3024.dat
1 226 488.227 -126 240.511 -0.839 0 -0.545 0 1 0 0.545 0 -0.839 3710.dat
1 4 440.827 -126 259.371 0.545 0 -0.839 0 1 0 0.839 0 0.545 3069.dat
1 4 549.827 -126 427.171 0.545 0 -0.839 0 1 0 0.839 0 0.545 3069.dat
1 4 535.627 -126 221.651 0.545 0 -0.839 0 1 0 0.839 0 0.545 2431.dat
1 4 601.027 -126 322.331 0.545 0 -0.839 0 1 0 0.839 0 0.545 4162.dat
1 71 460.547 -126 234.631 0.839 0 0.545 0 1 0 -0.545 0 0.839 11476.dat
1 71 494.107 -126 212.831 0.839 0 0.545 0 1 0 -0.545 0 0.839 11476.dat
1 4 482.777 -150 232.121 0.839 0 0.545 0 1 0 -0.545 0 0.839 3001.dat
1 4 457.607 -174 248.471 0.545 0 -0.839 0 1 0 0.839 0 0.545 4865.dat
1 4 507.947 -174 215.771 -0.545 0 0.839 0 1 0 -0.839 0 -0.545 4865.dat
1 0 482.777 -158 232.121 -0.545 0 0.839 0 1 0 -0.839 0 -0.545 3068.dat
1 72 481.9671 -107.01 194.1423 -0.839 0.52647 -0.141155 0 0.259 0.966 0.545 0.810474 -0.217301 6158.dat
1 72 542.297 -118 360.481 0.545 0 -0.839 0 1 0 0.839 0 0.545 11399.dat
1 72 498.697 -118 293.361 0.545 0 -0.839 0 1 0 0.839 0 0.545 11399.dat
1 4 495.327 -110 343.271 0.545 0 -0.839 0 1 0 0.839 0 0.545 14718.dat
1 4 528.027 -110 393.611 0.545 0 -0.839 0 1 0 0.839 0 0.545 3004.dat
1 4 462.627 -110 292.931 0.545 0 -0.839 0 1 0 0.839 0 0.545 3004.dat
1 4 522.577 -86 385.221 0.545 0 -0.839 0 1 0 0.839 0 0.545 3005.dat
1 4 468.077 -86 301.321 0.545 0 -0.839 0 1 0 0.839 0 0.545 3005.dat
1 4 533.477 -110 402.001 -0.545 0 0.839 0 1 0 -0.839 0 -0.545 88292.dat
1 4 457.177 -110 284.541 -0.545 0 0.839 0 1 0 -0.839 0 -0.545 88292.dat
1 226 495.327 -62 343.271 -0.545 0 0.839 0 1 0 -0.839 0 -0.545 3460.dat
1 72 495.327 -54 343.271 -0.545 0 0.839 0 1 0 -0.839 0 -0.545 3460.dat
1 72 495.327 -46 343.271 -0.545 0 0.839 0 1 0 -0.839 0 -0.545 3460.dat
1 4 495.327 -126 343.271 0.545 0 -0.839 0 1 0 0.839 0 0.545 4162.dat
1 71 633.297 -126 408.741 0.839 0 0.545 0 1 0 -0.545 0 0.839 16091.dat
1 71 582.957 -126 441.441 0.839 0 0.545 0 1 0 -0.545 0 0.839 16091.dat
1 15 678.977 -78 534.161 0.258772 0 0.966226 0 1 0 -0.966226 0 0.258772 11213.dat
1 4 678.977 -102 534.161 -0.966226 0 0.258772 0 1 0 -0.258772 0 -0.966226 3001.dat
1 15 678.977 -110 534.161 -0.966226 0 0.258772 0 1 0 -0.258772 0 -0.966226 3022.dat
1 0 681.5647 -118 524.4987 0.966226 0 -0.258772 0 1 0 0.258772 0 0.966226 92280.dat
1 0 676.3893 -118 543.8232 0.966226 0 -0.258772 0 1 0 0.258772 0 0.966226 92280.dat
1 71 630.6657 -102 521.2224 0.258772 0 0.966226 0 1 0 -0.966226 0 0.258772 2877.dat
1 71 727.2883 -102 547.0996 -0.258772 0 -0.966226 0 1 0 0.966226 0 -0.258772 2877.dat
1 72 690.5383 -102 568.3232 0.966226 0 -0.258772 0 1 0 0.258772 0 0.966226 3700.dat
1 72 651.8893 -102 557.9724 0.966226 0 -0.258772 0 1 0 0.258772 0 0.966226 3700.dat
1 72 667.4156 -102 499.9988 0.966226 0 -0.258772 0 1 0 0.258772 0 0.966226 3700.dat
1 72 706.0647 -102 510.3497 0.966226 0 -0.258772 0 1 0 0.258772 0 0.966226 3700.dat
1 19 685.3629 -92 587.6478 -0.258772 0 -0.966226 0 1 0 0.966226 0 -0.258772 32556.dat
1 0 649.3016 -92 567.6346 -0.258772 0 -0.966226 0 1 0 0.966226 0 -0.258772 2780.dat
1 0 708.6524 -92 500.6874 -0.258772 0 -0.966226 0 1 0 0.966226 0 -0.258772 2780.dat
1 0 670.0034 -92 490.3365 -0.258772 0 -0.966226 0 1 0 0.966226 0 -0.258772 2780.dat
1 15 717.626 -110 544.5119 -0.258772 0 -0.966226 0 1 0 0.966226 0 -0.258772 51739.dat
1 15 640.3279 -110 523.8101 0.258772 0 0.966226 0 1 0 -0.966226 0 0.258772 51739.dat
1 15 649.9902 -134 526.3978 0.258772 0 0.966226 0 1 0 -0.966226 0 0.258772 24309.dat
1 0 680.8761 -124 565.7355 0.217401 0.941104 -0.258772 -0.974 0.225 0 0.058224 0.252044 0.966226 87617.dat
1 71 580.3886 -148 538.8232 -0.217401 -0.941104 -0.258772 0.974 -0.225 0 -0.058224 -0.252044 0.966226 87618.dat
1 15 627.3893 -92 572.1214 0 0.258772 0.966226 -1 0 0 0 -0.966226 0.258772 32348.dat
1 1 722.7348 -140 587.3013 -0.258772 0.579736 0.772981 0 -0.8 0.6 0.966226 0.155263 0.207018 43093.dat
1 0 696.4024 -124 507.7619 -0.217401 0.941104 0.258772 0.974 0.225 0 -0.058224 0.252044 -0.966226 87617.dat
1 71 595.9149 -148 480.8496 0.217401 -0.941104 0.258772 -0.974 -0.225 0 0.058224 -0.252044 -0.966226 87618.dat
1 0 697.428 -155.56 539.1025 -0.908252 -0.330449 0.258772 -0.342 0.94 0 -0.243246 -0.0885 -0.966226 3832.dat
1 15 629.9991 -190.44 510.6886 -0.908252 -0.330449 0.258772 -0.342 0.94 0 -0.243246 -0.0885 -0.966226 63868.dat
1 15 624.8237 -190.44 530.0131 -0.908252 -0.330449 0.258772 -0.342 0.94 0 -0.243246 -0.0885 -0.966226 63868.dat
1 15 681.9066 -169.92 534.9456 -0.908252 -0.330449 0.258772 -0.342 0.94 0 -0.243246 -0.0885 -0.966226 3020.dat
1 15 731.2263 -149.4 568.8649 -0.258772 -0.330449 -0.908252 0 0.94 -0.342 0.966226 -0.0885 -0.243246 10247.dat
1 15 741.5772 -149.4 530.2158 0.258772 -0.330449 0.908252 0 0.94 0.342 -0.966226 -0.0885 0.243246 10247.dat
1 57 763.6493 -139.14 556.8377 0.258772 -0.330449 0.908252 0 0.94 0.342 -0.966226 -0.0885 0.243246 3023.dat
1 0 787.0457 -139.82 552.7484 -0.258772 -0.330449 -0.908252 0 0.94 -0.342 0.966226 -0.0885 -0.243246 13547.dat
1 0 781.8702 -139.82 572.0729 -0.258772 -0.330449 -0.908252 0 0.94 -0.342 0.966226 -0.0885 -0.243246 13547.dat
1 15 757.2104 -150.08 555.1133 0.908252 -0.330449 -0.258772 0.342 0.94 0 0.243246 -0.0885 0.966226 3795.dat
1 15 668.9728 -184.28 521.1264 0.908252 -0.330449 -0.258772 0.342 0.94 0 0.243246 -0.0885 0.966226 92593.dat
1 15 663.7974 -184.28 540.4509 0.908252 -0.330449 -0.258772 0.342 0.94 0 0.243246 -0.0885 0.966226 92593.dat
1 15 653.2665 -92 475.4988 0 0.258772 0.966226 -1 0 0 0 -0.966226 0.258772 32348.dat
1 1 743.4365 -140 510.0032 0.258772 0.579736 -0.772981 0 -0.8 -0.6 -0.966226 0.155263 -0.207018 43093.dat
1 15 705.3598 -178.113 541.2267 0.908252 -0.330449 -0.258772 0.342 0.94 0 0.243246 -0.0885 0.966226 11299.dat
1 15 414.719 -287.553 463.3882 0.908252 -0.330449 -0.258772 0.342 0.94 0 0.243246 -0.0885 0.966226 11299.dat
1 0 312.1677 -317.653 435.9231 0.908252 -0.330449 -0.258772 0.342 0.94 0 0.243246 -0.0885 0.966226 3021.dat
1 0 275.8376 -331.333 426.1933 0.258772 -0.330449 0.908252 0 0.94 0.342 -0.966226 -0.0885 0.243246 60471.dat
1 71 282.2765 -320.393 427.9178 0.258772 -0.330449 0.908252 0 0.94 0.342 -0.966226 -0.0885 0.243246 11203.dat
1 71 318.6066 -306.713 437.6476 0.258772 -0.330449 0.908252 0 0.94 0.342 -0.966226 -0.0885 0.243246 11203.dat
1 0 260.3161 -345.693 422.0364 0.258772 0.908252 0.330449 0 0.342 -0.94 -0.966226 0.243246 0.0885 30552.dat
1 0 705.9646 -124 603.5205 -0.258772 0 -0.966226 0 1 0 0.966226 0 -0.258772 2780.dat
1 71 703.3769 -124 613.1828 -0.772981 0.258772 0.579736 -0.6 0 -0.8 -0.207018 -0.966226 0.155263 15100.dat
1 71 680.1875 -92 606.9723 -0.772981 0.258772 0.579736 -0.6 0 -0.8 -0.207018 -0.966226 0.155263 15100.dat
1 16 870.5065 -129.1515 624.5895 0.118196 -0.514443 -0.984906 -0.013356 -3.966337 0.127909 -0.99318 -0.007856 -0.118932 166.dat
1 16 870.6193 -127.1543 624.5627 0.114376 -0.322143 -0.990448 -0.017482 -3.986424 0.079036 -0.993563 0.033098 -0.11541 166.dat
1 15 650.4642 -32.744 636.194 0.545 0.273514 -0.793694 0 0.946 0.326 0.839 -0.17767 0.51557 30553.dat
1 71 626.6534 -22.964 651.6611 -0.793694 0.545 0.273514 0.326 0 0.946 0.51557 0.839 -0.17767 4519.dat
1 15 626.6534 -22.964 651.6611 0.545 -0.793694 -0.273514 0 0.326 -0.946 0.839 0.51557 0.17767 18654.dat
1 15 594.9057 -9.924 672.2839 0.545 0.273514 -0.793694 0 0.946 0.326 0.839 -0.17767 0.51557 32013.dat
1 71 600.3557 -9.924 680.6739 0.545 0.273514 -0.793694 0 0.946 0.326 0.839 -0.17767 0.51557 4274.dat
1 57 604.7157 -9.924 687.3859 0.273514 -0.545 -0.793694 0.946 0 0.326 -0.17767 -0.839 0.51557 98138.dat
1 15 421.5643 -32.744 283.814 -0.545 -0.273514 -0.793694 0 -0.946 0.326 -0.839 0.17767 0.51557 30553.dat
1 71 397.7534 -22.964 299.2811 -0.793694 -0.545 -0.273514 0.326 0 -0.946 0.51557 -0.839 0.17767 4519.dat
1 15 397.7534 -22.964 299.2811 -0.545 -0.793694 0.273514 0 0.326 0.946 -0.839 0.51557 -0.17767 18654.dat
1 15 366.0057 -9.924 319.9039 -0.545 -0.273514 -0.793694 0 -0.946 0.326 -0.839 0.17767 0.51557 32013.dat
1 71 360.5557 -9.924 311.5139 -0.545 -0.273514 -0.793694 0 -0.946 0.326 -0.839 0.17767 0.51557 4274.dat
1 57 356.1957 -9.924 304.8019 -0.273514 0.545 -0.793694 -0.946 0 0.326 0.17767 0.839 0.51557 98138.dat
1 15 554.8898 -32.744 197.208 -0.545 -0.273514 0.793694 0 0.946 0.326 -0.839 0.17767 -0.51557 30553.dat
1 71 578.7006 -22.964 181.7409 0.793694 -0.545 -0.273514 0.326 0 0.946 -0.51557 -0.839 0.17767 4519.dat
1 15 578.7006 -22.964 181.7409 -0.545 0.793694 0.273514 0 0.326 -0.946 -0.839 -0.51557 -0.17767 18654.dat
1 15 610.4483 -9.924 161.1181 -0.545 -0.273514 0.793694 0 0.946 0.326 -0.839 0.17767 -0.51557 32013.dat
1 71 604.9984 -9.924 152.7281 -0.545 -0.273514 0.793694 0 0.946 0.326 -0.839 0.17767 -0.51557 4274.dat
1 57 600.6383 -9.924 146.0161 -0.273514 0.545 0.793694 0.946 0 0.326 0.17767 0.839 -0.51557 98138.dat
1 15 783.7897 -32.744 549.588 0.545 0.273514 0.793694 0 -0.946 0.326 0.839 -0.17767 -0.51557 30553.dat
1 71 807.6006 -22.964 534.1209 0.793694 0.545 0.273514 0.326 0 -0.946 -0.51557 0.839 -0.17767 4519.dat
1 15 807.6006 -22.964 534.1209 0.545 0.793694 -0.273514 0 0.326 0.946 0.839 -0.51557 0.17767 18654.dat
1 15 839.3483 -9.924 513.4981 0.545 0.273514 0.793694 0 -0.946 0.326 0.839 -0.17767 -0.51557 32013.dat
1 71 844.7983 -9.924 521.8881 0.545 0.273514 0.793694 0 -0.946 0.326 0.839 -0.17767 -0.51557 4274.dat
1 57 849.1583 -9.924 528.6001 0.273514 -0.545 0.793694 -0.946 0 0.326 -0.17767 -0.839 -0.51557 98138.dat
1 15 637.027 -25 561.411 -0.545 0 0.839 0 1 0 -0.839 0 -0.545 6014.dat
1 256 631.993 -25 564.681 -0.545 0 0.839 0 1 0 -0.839 0 -0.545 87697.dat
1 15 593.427 -25 494.291 -0.545 0 0.839 0 1 0 -0.839 0 -0.545 6014.dat
1 256 588.393 -25 497.561 -0.545 0 0.839 0 1 0 -0.839 0 -0.545 87697.dat
1 15 677.327 -25 439.791 0.545 0 -0.839 0 1 0 0.839 0 0.545 6014.dat
1 256 682.361 -25 436.521 0.545 0 -0.839 0 1 0 0.839 0 0.545 87697.dat
1 15 720.927 -25 506.911 0.545 0 -0.839 0 1 0 0.839 0 0.545 6014.dat
1 256 725.961 -25 503.641 0.545 0 -0.839 0 1 0 0.839 0 0.545 87697.dat
1 0 662.599 -110 448.988 0.809 0 -0.588 0 1 0 0.588 0 0.809 3815.dat
