0 
0 Name: New Model.ldr
0 Author: 
1 70 59 -56.5 -480 0.707 0 0.707 0 1 0 -0.707 0 0.707 3036.dat
1 70 37.79 -80.5 -402.23 -0.707 0 0.707 0 1 0 -0.707 0 -0.707 3747.dat
1 70 -18.77 -80.5 -458.79 -0.707 0 0.707 0 1 0 -0.707 0 -0.707 3747.dat
1 70 143.84 -80.5 -494.14 0.707 0 0.707 0 1 0 -0.707 0 0.707 3005.dat
1 70 73.14 -80.5 -564.84 0.707 0 0.707 0 1 0 -0.707 0 0.707 3005.dat
1 84 80.21 -80.5 -430.51 0.707 0 0.707 0 1 0 -0.707 0 0.707 30137.dat
1 84 9.51 -80.5 -501.21 0.707 0 0.707 0 1 0 -0.707 0 0.707 30137.dat
1 84 108.49 -80.5 -529.49 -0.707 0 0.707 0 1 0 -0.707 0 -0.707 30137.dat
1 84 122.63 -80.5 -472.93 0.707 0 0.707 0 1 0 -0.707 0 0.707 30136.dat
1 84 51.93 -80.5 -543.63 0.707 0 0.707 0 1 0 -0.707 0 0.707 30136.dat
1 84 9.51 -80.5 -430.51 -0.707 0 0.707 0 1 0 -0.707 0 -0.707 30136.dat
1 0 16.58 -48.5 -437.58 -0.707 0 0.707 0 1 0 -0.707 0 -0.707 63082.dat
1 0 101.42 -48.5 -522.42 0.707 0 0.707 0 1 0 -0.707 0 0.707 3022.dat
1 0 129.7 -48.5 -494.14 0.707 0 -0.707 0 1 0 0.707 0 0.707 4488.dat
1 0 44.86 -48.5 -409.3 0.707 0 -0.707 0 1 0 0.707 0 0.707 4488.dat
1 0 -11.7 -48.5 -465.86 -0.707 0 0.707 0 1 0 -0.707 0 -0.707 4488.dat
1 0 73.14 -48.5 -550.7 -0.707 0 0.707 0 1 0 -0.707 0 -0.707 4488.dat
1 0 16.58 -40.5 -437.58 -0.707 0 0.707 0 1 0 -0.707 0 -0.707 3020.dat
1 0 101.42 -40.5 -522.42 -0.707 0 0.707 0 1 0 -0.707 0 -0.707 3020.dat
1 70 108.49 -88.5 -529.49 -0.707 0 0.707 0 1 0 -0.707 0 -0.707 3069.dat
1 70 -11.7 -88.5 -480 0.707 0 0.707 0 1 0 -0.707 0 0.707 3623.dat
1 70 59 -88.5 -409.3 0.707 0 0.707 0 1 0 -0.707 0 0.707 3623.dat
1 84 44.86 -56.5 -451.72 0.707 0 0.707 0 1 0 -0.707 0 0.707 10169.dat
1 84 23.65 -104.5 -416.37 0.707 0 -0.707 0 1 0 0.707 0 0.707 3937.dat
1 84 -4.63 -104.5 -444.65 0.707 0 -0.707 0 1 0 0.707 0 0.707 3937.dat
1 0 26.6378 -103.563 -419.3578 -0.707 -0.299061 0.640542 0 0.906 0.423 -0.707 0.299061 -0.640542 3938.dat
1 0 -1.6422 -103.563 -447.6378 -0.707 -0.299061 0.640542 0 0.906 0.423 -0.707 0.299061 -0.640542 3938.dat
1 70 -11.7 -88.5 -409.3 -0.707 0 0.707 0 1 0 -0.707 0 -0.707 3795.dat
1 70 73.14 -96.5 -423.44 0.707 0 0.707 0 1 0 -0.707 0 0.707 3024.dat
1 70 2.44 -96.5 -494.14 0.707 0 0.707 0 1 0 -0.707 0 0.707 3024.dat
1 0 73.14 -120.5 -423.44 0.707 0 0.707 0 1 0 -0.707 0 0.707 47905.dat
1 84 2.44 -120.5 -494.14 0.707 0 0.707 0 1 0 -0.707 0 0.707 60475.dat
1 70 73.14 -136.5 -423.44 -0.707 0 0.707 0 1 0 -0.707 0 -0.707 6005.dat
1 70 2.44 -136.5 -494.14 -0.707 0 0.707 0 1 0 -0.707 0 -0.707 6005.dat
1 70 136.77 -128.5 -501.21 0.707 0 -0.707 0 1 0 0.707 0 0.707 87552.dat
1 70 80.21 -128.5 -557.77 0.707 0 -0.707 0 1 0 0.707 0 0.707 87552.dat
1 70 108.49 -128.5 -458.79 0.707 0 0.707 0 1 0 -0.707 0 0.707 33303.dat
1 70 37.79 -128.5 -529.49 0.707 0 0.707 0 1 0 -0.707 0 0.707 33303.dat
1 70 108.49 -136.5 -458.79 0.707 0 0.707 0 1 0 -0.707 0 0.707 6636.dat
1 70 37.79 -136.5 -529.49 0.707 0 0.707 0 1 0 -0.707 0 0.707 6636.dat
1 70 108.49 -136.5 -529.49 -0.707 0 0.707 0 1 0 -0.707 0 -0.707 2431.dat
1 71 85.866 -110.5 -410.714 -0.707 0 -0.707 0 1 0 0.707 0 -0.707 3846.dat
1 84 19.6774 -125.311 -440.6774 -0.707 -0.299061 0.640542 0 0.906 0.423 -0.707 0.299061 -0.640542 30137.dat
1 70 22.0699 -132.559 -443.0699 -0.707 -0.299061 0.640542 0 0.906 0.423 -0.707 0.299061 -0.640542 3069.dat
1 70 19.6774 -125.311 -440.6774 -0.640542 -0.299061 -0.707 -0.423 0.906 0 0.640542 0.299061 -0.707 93273.dat
1 70 -32.91 -43.5 -487.07 0.707 0 0.707 0 1 0 -0.707 0 0.707 4489.dat
1 70 51.93 -43.5 -571.91 0.707 0 0.707 0 1 0 -0.707 0 0.707 4489.dat
1 70 150.91 -43.5 -472.93 -0.707 0 -0.707 0 1 0 0.707 0 -0.707 4489.dat
1 70 66.07 -43.5 -388.09 -0.707 0 -0.707 0 1 0 0.707 0 -0.707 4489.dat
1 0 -11.7 -191.75 -508.28 -0.707 0 0.707 0 -1 0 0.707 0 0.707 61252.dat
1 70 -11.7 -183.75 -508.28 -0.707 0 0.707 0 -1 0 0.707 0 0.707 3957.dat
1 0 -25.84 -193.75 -522.42 0.707 0 -0.707 0 1 0 -0.707 0 -0.707 37776.dat
1 46 -25.84 -171.75 -522.42 -0.707 0 -0.707 0 1 0 0.707 0 -0.707 3062.dat
1 0 -25.84 -41 -395.16 0.707 0 -0.707 0 1 0 0.707 0 0.707 3022.dat
1 72 -18.77 -49 -402.23 0.707 0 -0.707 0 1 0 0.707 0 0.707 14417.dat
1 0 -82.4 -65 -338.6 0.707 0 -0.707 0 1 0 0.707 0 0.707 2397.dat
1 70 -32.91 -57 -388.09 0.707 0 0.707 0 1 0 -0.707 0 0.707 26603.dat
1 1 -110.68 -89 -296.18 -0.707 0 -0.707 0 1 0 0.707 0 -0.707 87087.dat
1 1 -124.82 -89 -310.32 0.707 0 0.707 0 1 0 -0.707 0 0.707 87087.dat
1 1 -117.75 -97 -303.25 -0.707 0 0.707 0 1 0 -0.707 0 -0.707 3069.dat
1 70 -137.546 -79 -323.046 0.707 0.707 0 0 0 -1 -0.707 0.707 0 96910.dat
1 70 -97.954 -79 -283.454 0.707 -0.707 0 0 0 1 -0.707 -0.707 0 96910.dat
1 19 -117.75 -57 -303.25 -0.707 0 0.707 0 1 0 -0.707 0 -0.707 10509.dat
