0 Main
0 Name: 6825-1 - Cosmic Comet.mpd
0 Author: LTRON
1 1 80 0 50 0 0 -1 0 1 0 1 0 0 3933.dat
1 1 -80 0 50 0 0 1 0 1 0 -1 0 0 3934.dat
1 1 0 0 0 1 0 0 0 1 0 0 0 1 4596.dat
1 1 0 -8 30 0 0 1 0 1 0 -1 0 0 3020.dat
1 7 20 18 10 0 -1 0 1 0 0 0 0 1 4595.dat
1 7 -20 18 10 0 1 0 -1 0 0 0 0 1 4595.dat
1 7 40 8 50 1 0 0 0 1 0 0 0 1 6143.dat
1 7 -40 8 50 1 0 0 0 1 0 0 0 1 6143.dat
1 7 0 18 -26 -1 0 0 0 0 -1 0 -1 0 4590.dat
1 36 -150 -8 20 1 0 0 0 1 0 0 0 1 3024.dat
1 36 150 -8 20 1 0 0 0 1 0 0 0 1 3024.dat
1 46 30 8 -42 -1 0 0 0 0 -1 0 -1 0 6141.dat
1 46 -30 8 -42 -1 0 0 0 0 -1 0 -1 0 6141.dat
1 1 0 -16 40 1 0 0 0 1 0 0 0 1 4598.dat
1 1 0 -16 0 1 0 0 0 1 0 0 0 1 88072.dat
1 1 10 -36 78 0 0 -1 -1 0 0 0 1 0 4596.dat
1 1 -10 -36 78 0 0 1 1 0 0 0 1 0 4596.dat
1 7 21 -22 60 0 1 0 -0.966 0 -0.259 -0.259 0 0.966 4735.dat
1 7 -21 -22 60 0 -1 0 0.966 0 -0.259 0.259 0 0.966 4735.dat
1 1 -10 -36 86 0 0 -1 -1 0 0 0 1 0 4590.dat
1 1 10 -36 86 0 0 1 1 0 0 0 1 0 4590.dat
1 7 0 -36 94 0 0 1 1 0 0 0 1 0 4032.dat
1 36 20 -66 102 0 0 1 1 0 0 0 1 0 4589.dat
1 36 -20 -66 102 0 0 1 1 0 0 0 1 0 4589.dat
1 36 -20 -6 102 0 0 1 1 0 0 0 1 0 4589.dat
1 36 20 -6 102 0 0 1 1 0 0 0 1 0 4589.dat
1 36 0 2 -146 1 0 0 0 0 1 0 -1 0 3957.dat
1 16 10 -24 0 0.469 -0.035 0.882 0.016 0.999 0.031 -0.883 0 0.469 4592.dat
1 0 10 -24 0 0.472668 -0.490427 0.731304 -0.039883 0.816931 0.573816 -0.879827 -0.300748 0.36736 4593.dat
1 16 -10 -24 0 0.485 0 -0.875 0 1 0 0.875 0 0.485 4592.dat
1 0 -10 -24 0 0.481405 0.50414 -0.71792 -0.056 0.834 0.548 0.874705 -0.22339 0.42996 4593.dat
1 36 0 2 -154 0.866 0 -0.5 0.5 0 0.866 0 -1 0 4740.dat
1 36 80 -36 80 0 1 0 0.866 0 -0.5 -0.5 0 -0.866 4740.dat
1 36 -80 -36 80 0 -1 0 -0.5 0 -0.866 0.866 0 -0.5 4740.dat
1 15 0 -69 38 1 0 0 0 1 0 0 0 1 3838.dat
1 16 20 -66 68 0 0 1 1 0 0 0 1 0 752.dat
1 16 20 -66 68 0 0 -1 1 0 0 0 -1 0 755.dat
1 16 38 18 0 0 -1 0 1 0 0 0 0 1 752.dat
1 16 38 18 0 0 1 0 1 0 0 0 0 -1 755.dat
1 16 20.0572 -65.933 62.0112 -0.000645 -0.028719 0.999587 0.999433 -0.033664 -0.000322 0.033659 0.99902 0.028725 754.dat
1 16 20.234 -65.7246 59.2954 -0.005103 -0.085206 0.99635 0.994929 -0.100515 -0.0035 0.100446 0.99128 0.085287 754.dat
1 16 20.5247 -65.3799 56.8563 -0.011691 -0.130749 0.991347 0.987837 -0.155244 -0.008825 0.155055 0.979185 0.130973 754.dat
1 16 20.9178 -64.9112 54.4525 -0.019511 -0.170162 0.985223 0.979016 -0.203177 -0.015704 0.202847 0.964243 0.170556 754.dat
1 16 21.4307 -64.2949 52.1058 -0.033863 -0.222204 0.974412 0.96316 -0.267517 -0.027532 0.26679 0.937582 0.223077 754.dat
1 16 22.0513 -63.5435 49.8243 -0.047433 -0.261861 0.963939 0.947356 -0.317712 -0.039692 0.316648 0.911311 0.263146 754.dat
1 16 22.7616 -62.6768 47.6113 -0.06142 -0.296619 0.953019 0.930411 -0.362679 -0.052918 0.361336 0.883448 0.298253 754.dat
1 16 23.5476 -61.7109 45.4658 -0.074294 -0.325276 0.942696 0.913879 -0.400554 -0.066188 0.39913 0.856593 0.327022 754.dat
1 16 24.4139 -60.6364 43.4046 -0.092711 -0.359172 0.928655 0.890733 -0.446725 -0.083853 0.444971 0.81941 0.361343 754.dat
1 16 25.3483 -59.4666 41.4259 -0.107303 -0.383831 0.917148 0.870595 -0.481778 -0.09977 0.480157 0.787759 0.385857 754.dat
1 16 26.3359 -58.219 39.5222 -0.12007 -0.403992 0.906848 0.851427 -0.511662 -0.115208 0.510543 0.758282 0.405405 754.dat
1 16 27.3671 -56.905 37.6874 -0.130833 -0.420411 0.897851 0.833484 -0.537032 -0.130007 0.536831 0.731335 0.420667 754.dat
1 16 28.4419 -55.5207 35.9309 -0.144843 -0.438445 0.88701 0.810652 -0.566596 -0.147691 0.56733 0.697664 0.437494 754.dat
1 16 29.5514 -54.0766 34.2454 -0.154067 -0.450723 0.879268 0.791986 -0.588418 -0.162856 0.59078 0.671277 0.447622 754.dat
1 16 30.6866 -52.5845 32.6198 -0.160894 -0.460298 0.873063 0.774969 -0.606694 -0.177045 0.611175 0.648112 0.45433 754.dat
1 16 31.8465 -51.0419 31.0602 -0.169707 -0.470362 0.866002 0.753906 -0.627902 -0.1933 0.634686 0.620079 0.461168 754.dat
1 16 33.0252 -49.4562 29.5587 -0.174281 -0.476925 0.861492 0.736723 -0.643641 -0.207282 0.653349 0.598556 0.463536 754.dat
1 16 34.2199 -47.8276 28.117 -0.179941 -0.48327 0.85678 0.716042 -0.661556 -0.22277 0.674466 0.573405 0.465083 754.dat
1 16 35.4252 -46.1652 26.7231 -0.180578 -0.486661 0.854724 0.700922 -0.673313 -0.235285 0.69 0.556607 0.462697 754.dat
1 16 36.6393 -44.4659 25.3827 -0.183572 -0.490262 0.852024 0.679593 -0.689549 -0.250351 0.71025 0.533072 0.45976 754.dat
1 16 37.8589 -42.7333 24.0905 -0.182806 -0.491879 0.851256 0.661967 -0.701751 -0.263334 0.726899 0.515365 0.453892 754.dat
1 16 39.0808 -40.9729 22.8387 -0.180237 -0.492547 0.851418 0.645236 -0.712536 -0.275614 0.742419 0.49969 0.446234 754.dat
1 16 40.3028 -39.1825 21.6303 -0.177448 -0.492269 0.852164 0.625141 -0.725148 -0.288721 0.760073 0.481489 0.436413 754.dat
1 16 41.5224 -37.3646 20.4611 -0.172201 -0.491069 0.853931 0.607108 -0.735576 -0.300579 0.775736 0.466669 0.424799 754.dat
1 16 42.7373 -35.5204 19.3288 -0.165533 -0.48882 0.856536 0.587795 -0.746296 -0.312311 0.791894 0.45177 0.410863 754.dat
1 16 43.9451 -33.6503 18.2319 -0.157099 -0.485711 0.859886 0.56826 -0.756575 -0.323536 0.807713 0.437812 0.394867 754.dat
1 16 44.9197 -32.1006 17.3701 -0.146249 -0.479338 0.865359 0.540911 -0.771162 -0.335744 0.828267 0.41898 0.372061 756.dat
1 16 46.8421 -28.9871 15.6975 -0.12071 0.470915 -0.873881 0.507891 0.785671 0.353225 0.852922 -0.401198 -0.334012 754.dat
1 16 48.0058 -27.0302 14.7099 -0.10384 0.464123 -0.879663 0.486482 0.795125 0.362093 0.867498 -0.390341 -0.308354 754.dat
1 16 49.1514 -25.0492 13.7493 -0.083616 0.455609 -0.886244 0.462902 0.805338 0.370342 0.882457 -0.379277 -0.278241 754.dat
1 16 50.275 -23.0429 12.8157 -0.060146 0.445935 -0.893042 0.438456 0.815535 0.377702 0.896738 -0.368843 -0.244573 754.dat
1 16 51.3726 -21.0105 11.9082 -0.031145 0.43363 -0.900553 0.410929 0.826877 0.383942 0.911135 -0.358105 -0.203944 754.dat
1 16 52.5431 -18.7401 10.9399 0.00328 0.419346 -0.907821 0.381952 0.83847 0.388691 0.924176 -0.348019 -0.15742 754.dat
1 16 53.6774 -16.4413 9.9959 0.041819 0.404174 -0.913726 0.353101 0.849531 0.391939 0.93465 -0.339028 -0.107188 754.dat
1 16 54.6644 -14.3224 9.1622 0.094469 0.382385 -0.919161 0.317154 0.863624 0.391877 0.943657 -0.328536 -0.039689 754.dat
1 16 55.5973 -12.1697 8.3529 0.15035 0.36059 -0.920527 0.284296 0.876012 0.389587 0.946874 -0.320276 0.029194 754.dat
1 16 56.4737 -9.9862 7.5638 0.21454 0.335619 -0.917242 0.25088 0.888664 0.383843 0.943945 -0.312467 0.106454 754.dat
1 16 57.2832 -7.7703 6.7944 0.292764 0.30396 -0.906586 0.215433 0.902782 0.372255 0.9316 -0.304291 0.198819 754.dat
1 16 58.0099 -5.5192 6.045 0.380654 0.266567 -0.885463 0.182407 0.91709 0.354504 0.906549 -0.296458 0.30047 754.dat
1 16 58.6375 -3.2325 5.3152 0.478104 0.220764 -0.850106 0.154496 0.931665 0.328833 0.864609 -0.288554 0.411325 754.dat
1 16 59.142 -0.9098 4.6054 0.583027 0.162369 -0.796063 0.137042 0.946133 0.293346 0.800812 -0.280123 0.52937 754.dat
1 16 59.4921 1.4469 3.9168 0.683322 0.09105 -0.724418 0.138004 0.958201 0.250609 0.716956 -0.271219 0.642195 754.dat
1 16 59.6403 3.83 3.2528 0.780727 -0.013985 -0.624716 0.172514 0.965718 0.193978 0.600587 -0.259216 0.756374 754.dat
1 16 59.5129 6.2205 2.6204 0.843125 -0.13932 -0.519355 0.244688 0.959464 0.139846 0.478819 -0.244988 0.843038 754.dat
1 16 59.0608 8.5789 2.0266 0.863418 -0.283513 -0.417289 0.350869 0.931805 0.092904 0.362492 -0.226629 0.904013 754.dat
1 16 58.2111 10.8333 1.4871 0.822128 -0.480991 -0.304555 0.517238 0.854572 0.046607 0.237846 -0.195844 0.951354 754.dat
1 16 56.8802 12.8614 1.029 0.715124 -0.66596 -0.212353 0.684236 0.729041 0.017903 0.142891 -0.158102 0.977029 754.dat
1 16 55.1183 14.5518 0.6672 0.563698 -0.81402 -0.140055 0.822378 0.568932 0.003217 0.077064 -0.116992 0.990138 754.dat
1 16 53.0303 15.8468 0.4038 0.410412 -0.907499 -0.089489 0.911089 0.412206 -0.001734 0.038461 -0.080821 0.995986 754.dat
1 16 50.744 16.7775 0.2229 0.287998 -0.955905 -0.057478 0.957449 0.288595 -0.002191 0.018682 -0.054401 0.998344 754.dat
1 16 48.352 17.4078 0.1051 0.173029 -0.984395 -0.032044 0.984891 0.173167 -0.001555 0.007079 -0.031291 0.999485 754.dat
1 16 45.9013 17.775 0.0391 0.088811 -0.995925 -0.015671 0.996046 0.088833 -0.000677 0.002066 -0.015549 0.999877 754.dat
1 16 43.5837 17.9486 0.0088 0.032447 -0.999458 -0.005565 0.999473 0.032448 -0.000144 0.000325 -0.005558 0.999985 754.dat
1 16 -20 -66 68 0 0 1 1 0 0 0 1 0 752.dat
1 16 -20 -66 68 0 0 -1 1 0 0 0 -1 0 755.dat
1 16 -38 18 0 0 1 0 1 0 0 0 0 -1 752.dat
1 16 -38 18 0 0 -1 0 1 0 0 0 0 1 755.dat
1 16 -20.0572 -65.933 62.0112 0.000645 0.028719 0.999587 0.999433 -0.033664 0.000322 0.033659 0.99902 -0.028725 754.dat
1 16 -20.234 -65.7246 59.2954 0.005103 0.085206 0.99635 0.994929 -0.100515 0.0035 0.100446 0.99128 -0.085287 754.dat
1 16 -20.5247 -65.3799 56.8563 0.011691 0.130749 0.991347 0.987837 -0.155244 0.008825 0.155055 0.979185 -0.130973 754.dat
1 16 -20.9178 -64.9112 54.4525 0.019511 0.170162 0.985223 0.979016 -0.203177 0.015704 0.202847 0.964243 -0.170556 754.dat
1 16 -21.4307 -64.2949 52.1058 0.033863 0.222204 0.974412 0.96316 -0.267517 0.027532 0.26679 0.937582 -0.223077 754.dat
1 16 -22.0513 -63.5435 49.8243 0.047433 0.261861 0.963939 0.947356 -0.317712 0.039692 0.316648 0.911311 -0.263146 754.dat
1 16 -22.7616 -62.6768 47.6113 0.06142 0.296619 0.953019 0.930411 -0.362679 0.052918 0.361336 0.883448 -0.298253 754.dat
1 16 -23.5476 -61.7109 45.4658 0.074294 0.325276 0.942696 0.913879 -0.400554 0.066188 0.39913 0.856593 -0.327022 754.dat
1 16 -24.4139 -60.6364 43.4046 0.092711 0.359172 0.928655 0.890733 -0.446725 0.083853 0.444971 0.81941 -0.361343 754.dat
1 16 -25.3483 -59.4666 41.4259 0.107303 0.383831 0.917148 0.870595 -0.481778 0.09977 0.480157 0.787759 -0.385857 754.dat
1 16 -26.3359 -58.219 39.5222 0.12007 0.403992 0.906848 0.851427 -0.511662 0.115208 0.510543 0.758282 -0.405405 754.dat
1 16 -27.3671 -56.905 37.6874 0.130833 0.420411 0.897851 0.833484 -0.537032 0.130007 0.536831 0.731335 -0.420667 754.dat
1 16 -28.4419 -55.5207 35.9309 0.144843 0.438445 0.88701 0.810652 -0.566596 0.147691 0.56733 0.697664 -0.437494 754.dat
1 16 -29.5514 -54.0766 34.2454 0.154067 0.450723 0.879268 0.791986 -0.588418 0.162856 0.59078 0.671277 -0.447622 754.dat
1 16 -30.6866 -52.5845 32.6198 0.160894 0.460298 0.873063 0.774969 -0.606694 0.177045 0.611175 0.648112 -0.45433 754.dat
1 16 -31.8465 -51.0419 31.0602 0.169707 0.470362 0.866002 0.753906 -0.627902 0.1933 0.634686 0.620079 -0.461168 754.dat
1 16 -33.0252 -49.4562 29.5587 0.174281 0.476925 0.861492 0.736723 -0.643641 0.207282 0.653349 0.598556 -0.463536 754.dat
1 16 -34.2199 -47.8276 28.117 0.179941 0.48327 0.85678 0.716042 -0.661556 0.22277 0.674466 0.573405 -0.465083 754.dat
1 16 -35.4252 -46.1652 26.7231 0.180578 0.486661 0.854724 0.700922 -0.673313 0.235285 0.69 0.556607 -0.462697 754.dat
1 16 -36.6393 -44.4659 25.3827 0.183572 0.490262 0.852024 0.679593 -0.689549 0.250351 0.71025 0.533072 -0.45976 754.dat
1 16 -37.8589 -42.7333 24.0905 0.182806 0.491879 0.851256 0.661967 -0.701751 0.263334 0.726899 0.515365 -0.453892 754.dat
1 16 -39.0808 -40.9729 22.8387 0.180237 0.492547 0.851418 0.645236 -0.712536 0.275614 0.742419 0.49969 -0.446234 754.dat
1 16 -40.3028 -39.1825 21.6303 0.177448 0.492269 0.852164 0.625141 -0.725148 0.288721 0.760073 0.481489 -0.436413 754.dat
1 16 -41.5224 -37.3646 20.4611 0.172201 0.491069 0.853931 0.607108 -0.735576 0.300579 0.775736 0.466669 -0.424799 754.dat
1 16 -42.7373 -35.5204 19.3288 0.165533 0.48882 0.856536 0.587795 -0.746296 0.312311 0.791894 0.45177 -0.410863 754.dat
1 16 -43.9451 -33.6503 18.2319 0.157099 0.485711 0.859886 0.56826 -0.756575 0.323536 0.807713 0.437812 -0.394867 754.dat
1 16 -44.9197 -32.1006 17.3701 0.146249 0.479338 0.865359 0.540911 -0.771162 0.335744 0.828267 0.41898 -0.372061 756.dat
1 16 -46.8421 -28.9871 15.6975 0.12071 -0.470915 -0.873881 0.507891 0.785671 -0.353225 0.852922 -0.401198 0.334012 754.dat
1 16 -48.0058 -27.0302 14.7099 0.10384 -0.464123 -0.879663 0.486482 0.795125 -0.362093 0.867498 -0.390341 0.308354 754.dat
1 16 -49.1514 -25.0492 13.7493 0.083616 -0.455609 -0.886244 0.462902 0.805338 -0.370342 0.882457 -0.379277 0.278241 754.dat
1 16 -50.275 -23.0429 12.8157 0.060146 -0.445935 -0.893042 0.438456 0.815535 -0.377702 0.896738 -0.368843 0.244573 754.dat
1 16 -51.3726 -21.0105 11.9082 0.031145 -0.43363 -0.900553 0.410929 0.826877 -0.383942 0.911135 -0.358105 0.203944 754.dat
1 16 -52.5431 -18.7401 10.9399 -0.00328 -0.419346 -0.907821 0.381952 0.83847 -0.388691 0.924176 -0.348019 0.15742 754.dat
1 16 -53.6774 -16.4413 9.9959 -0.041819 -0.404174 -0.913726 0.353101 0.849531 -0.391939 0.93465 -0.339028 0.107188 754.dat
1 16 -54.6644 -14.3224 9.1622 -0.094469 -0.382385 -0.919161 0.317154 0.863624 -0.391877 0.943657 -0.328536 0.039689 754.dat
1 16 -55.5973 -12.1697 8.3529 -0.15035 -0.36059 -0.920527 0.284296 0.876012 -0.389587 0.946874 -0.320276 -0.029194 754.dat
1 16 -56.4737 -9.9862 7.5638 -0.21454 -0.335619 -0.917242 0.25088 0.888664 -0.383843 0.943945 -0.312467 -0.106454 754.dat
1 16 -57.2832 -7.7703 6.7944 -0.292764 -0.30396 -0.906586 0.215433 0.902782 -0.372255 0.9316 -0.304291 -0.198819 754.dat
1 16 -58.0099 -5.5192 6.045 -0.380654 -0.266567 -0.885463 0.182407 0.91709 -0.354504 0.906549 -0.296458 -0.30047 754.dat
1 16 -58.6375 -3.2325 5.3152 -0.478104 -0.220764 -0.850106 0.154496 0.931665 -0.328833 0.864609 -0.288554 -0.411325 754.dat
1 16 -59.142 -0.9098 4.6054 -0.583027 -0.162369 -0.796063 0.137042 0.946133 -0.293346 0.800812 -0.280123 -0.52937 754.dat
1 16 -59.4921 1.4469 3.9168 -0.683322 -0.09105 -0.724418 0.138004 0.958201 -0.250609 0.716956 -0.271219 -0.642195 754.dat
1 16 -59.6403 3.83 3.2528 -0.780727 0.013985 -0.624716 0.172514 0.965718 -0.193978 0.600587 -0.259216 -0.756374 754.dat
1 16 -59.5129 6.2205 2.6204 -0.843125 0.13932 -0.519355 0.244688 0.959464 -0.139846 0.478819 -0.244988 -0.843038 754.dat
1 16 -59.0608 8.5789 2.0266 -0.863418 0.283513 -0.417289 0.350869 0.931805 -0.092904 0.362492 -0.226629 -0.904013 754.dat
1 16 -58.2111 10.8333 1.4871 -0.822128 0.480991 -0.304555 0.517238 0.854572 -0.046607 0.237846 -0.195844 -0.951354 754.dat
1 16 -56.8802 12.8614 1.029 -0.715124 0.66596 -0.212353 0.684236 0.729041 -0.017903 0.142891 -0.158102 -0.977029 754.dat
1 16 -55.1183 14.5518 0.6672 -0.563698 0.81402 -0.140055 0.822378 0.568932 -0.003217 0.077064 -0.116992 -0.990138 754.dat
1 16 -53.0303 15.8468 0.4038 -0.410412 0.907499 -0.089489 0.911089 0.412206 0.001734 0.038461 -0.080821 -0.995986 754.dat
1 16 -50.744 16.7775 0.2229 -0.287998 0.955905 -0.057478 0.957449 0.288595 0.002191 0.018682 -0.054401 -0.998344 754.dat
1 16 -48.352 17.4078 0.1051 -0.173029 0.984395 -0.032044 0.984891 0.173167 0.001555 0.007079 -0.031291 -0.999485 754.dat
1 16 -45.9013 17.775 0.0391 -0.088811 0.995925 -0.015671 0.996046 0.088833 0.000677 0.002066 -0.015549 -0.999877 754.dat
1 16 -43.5837 17.9486 0.0088 -0.032447 0.999458 -0.005565 0.999473 0.032448 0.000144 0.000325 -0.005558 -0.999985 754.dat
