0 Main
0 Name: 8289 - Fire Truck - Tow Truck.mpd
0 Author: LTRON
1 4 -60 0 0 1 0 0 0 0 1 0 -1 0 6536.dat
1 71 0 0 0 1 0 0 0 1 0 0 0 1 44294.dat
1 71 -45 0 40 0 -1 0 0 0 1 -1 0 0 32056.dat
1 71 -35 0 40 0 -1 0 0 0 1 -1 0 0 32056.dat
1 71 -20 80 0 0 -1 0 -1 0 0 0 0 -1 32009.dat
1 71 0 80 160 1 0 0 0 -1 0 0 0 -1 4519.dat
1 0 0 80 120 1 0 0 0 -1 0 0 0 -1 6558.dat
1 71 0 80 80 0 0 -1 1 0 0 0 -1 0 48989.dat
1 71 0 0 0 0 0 1 1 0 0 0 1 0 3713.dat
1 71 0 80 160 0 -1 0 -1 0 0 0 0 -1 32316.dat
1 71 20 80 0 0 -1 0 -1 0 0 0 0 -1 32009.dat
1 71 0 40 40 1 0 0 0 1 0 0 0 1 32073.dat
1 0 -20 40 40 1 0 0 0 0 -1 0 1 0 6536.dat
1 0 0 40 40 1 0 0 0 -1 0 0 0 -1 6536.dat
1 0 20 40 40 1 0 0 0 0 -1 0 1 0 6536.dat
1 4 20 40 60 0 1 0 1 0 0 0 0 -1 32054.dat
1 4 -20 40 60 0 1 0 1 0 0 0 0 -1 32054.dat
1 71 0 60 100 0 0 1 0 1 0 -1 0 0 32524.dat
1 71 -40 50 100 0 0 1 -1 0 0 0 -1 0 4274.dat
1 71 -20 50 100 0 0 1 -1 0 0 0 -1 0 4274.dat
1 71 20 50 100 0 0 1 -1 0 0 0 -1 0 4274.dat
1 71 40 50 100 0 0 1 -1 0 0 0 -1 0 4274.dat
1 0 -30 42 100 -1 0 0 0 1 0 0 0 -1 3794.dat
1 0 30 42 100 -1 0 0 0 1 0 0 0 -1 3794.dat
1 71 0 34 100 -1 0 0 0 1 0 0 0 -1 3743.dat
1 71 -60 80 80 -1 0 0 0 0 1 0 1 0 48989.dat
1 72 -87 80 60 -1 0 0 0 0 1 0 1 0 59426.dat
1 71 -75 80 60 0 0 -1 -1 0 0 0 1 0 32123.dat
1 71 -85 80 60 0 0 -1 -1 0 0 0 1 0 32123.dat
1 71 60 80 80 1 0 0 0 0 -1 0 1 0 48989.dat
1 72 87 80 60 1 0 0 0 0 -1 0 1 0 59426.dat
1 71 75 80 60 0 0 1 1 0 0 0 1 0 32123.dat
1 71 85 80 60 0 0 1 1 0 0 0 1 0 32123.dat
1 71 0 60 60 0 0 1 0 1 0 -1 0 0 32524.dat
1 0 0 80 60 0 1 0 -1 0 0 0 0 1 6558.dat
1 71 0 100 60 0 0 -1 0 1 0 1 0 0 32524.dat
1 71 -20 0 200 0 -1 0 1 0 0 0 0 1 32009.dat
1 71 0 80 200 -1 0 0 0 -1 0 0 0 1 4519.dat
1 71 0 0 40 -1 0 0 0 -1 0 0 0 1 32073.dat
1 0 -30 0 120 1 0 0 0 1 0 0 0 1 2780.dat
1 71 0 -20 40 1 0 0 0 1 0 0 0 1 4519.dat
1 4 -30 -20 40 0 0 1 0 1 0 -1 0 0 6538.dat
1 4 -5 -20 40 0 -1 0 0 0 1 -1 0 0 41677.dat
1 4 5 -20 40 0 -1 0 0 0 1 -1 0 0 41677.dat
1 4 30 -20 40 0 0 1 0 1 0 -1 0 0 6538.dat
1 71 0 20 80 0 0 1 0 1 0 -1 0 0 32073.dat
1 4 0 20 130 -1 0 0 0 1 0 0 0 -1 6538.dat
1 71 0 20 100 -1 0 0 0 1 0 0 0 -1 3647.dat
1 71 0 20 80 -1 0 0 0 1 0 0 0 -1 3647.dat
1 71 0 20 60 -1 0 0 0 1 0 0 0 -1 3713.dat
1 71 0 40 200 1 0 0 0 1 0 0 0 1 44294.dat
1 71 0 40 200 0 0 -1 0 1 0 1 0 0 3713.dat
1 0 0 20 160 1 0 0 0 1 0 0 0 1 32184.dat
1 71 0 40 160 1 0 0 0 1 0 0 0 1 44294.dat
1 71 0 0 160 1 0 0 0 1 0 0 0 1 44294.dat
1 71 20 40 160 0 0 1 0 -1 0 1 0 0 3713.dat
1 71 -20 40 160 0 0 -1 0 1 0 1 0 0 3713.dat
1 71 0 20 160 0 0 1 0 1 0 -1 0 0 4519.dat
1 4 0 20 190 -1 0 0 0 1 0 0 0 -1 6538.dat
1 71 0 20 260 0 0 -1 0 1 0 1 0 0 44294.dat
1 71 20 0 200 0 -1 0 1 0 0 0 0 1 32009.dat
1 0 30 0 120 1 0 0 0 1 0 0 0 1 2780.dat
1 71 35 0 40 0 -1 0 0 0 1 -1 0 0 32056.dat
1 71 45 0 40 0 -1 0 0 0 1 -1 0 0 32056.dat
1 4 60 0 0 1 0 0 0 0 1 0 -1 0 6536.dat
1 71 -40 40 220 0 -1 0 1 0 0 0 0 1 32524.dat
1 71 -40 0 200 0 -1 0 1 0 0 0 0 1 40490.dat
1 4 -70 40 160 0 0 1 0 1 0 -1 0 0 6538.dat
1 0 -60 0 160 -1 0 0 0 -1 0 0 0 1 6536.dat
1 1 -50 0 200 -1 0 0 0 1 0 0 0 -1 43093.dat
1 0 -50 0 240 -1 0 0 0 1 0 0 0 -1 2780.dat
1 0 -50 40 260 -1 0 0 0 1 0 0 0 -1 2780.dat
1 0 -60 20 200 -1 0 0 0 1 0 0 0 -1 32184.dat
1 4 0 0 280 0 0 -1 0 1 0 1 0 0 32034.dat
1 0 50 0 280 1 0 0 0 1 0 0 0 1 3705.dat
1 0 -50 0 280 1 0 0 0 1 0 0 0 1 3705.dat
1 4 0 40 280 0 0 -1 0 1 0 1 0 0 32034.dat
1 0 50 40 280 1 0 0 0 1 0 0 0 1 3705.dat
1 0 -50 40 280 1 0 0 0 1 0 0 0 1 3705.dat
1 71 40 0 200 0 -1 0 1 0 0 0 0 1 40490.dat
1 71 40 40 220 0 -1 0 1 0 0 0 0 1 32524.dat
1 0 60 0 -20 0 -1 0 1 0 0 0 0 1 6558.dat
1 0 -60 0 -20 0 -1 0 1 0 0 0 0 1 6558.dat
1 4 70 40 160 0 0 1 0 1 0 -1 0 0 6538.dat
1 0 60 0 160 -1 0 0 0 -1 0 0 0 1 6536.dat
1 0 -60 -20 160 0 0 1 0 -1 0 1 0 0 6558.dat
1 0 60 -20 160 0 0 1 0 -1 0 1 0 0 6558.dat
1 4 60 20 -20 0 1 0 -1 0 0 0 0 1 32013.dat
1 4 -60 20 -20 0 1 0 -1 0 0 0 0 1 32013.dat
1 1 -60 20 -50 0 0 -1 0 1 0 1 0 0 43093.dat
1 1 60 20 -50 0 0 -1 0 1 0 1 0 0 43093.dat
1 1 50 0 200 1 0 0 0 1 0 0 0 1 43093.dat
1 0 60 20 200 -1 0 0 0 1 0 0 0 -1 32184.dat
1 0 50 0 240 -1 0 0 0 1 0 0 0 -1 2780.dat
1 0 50 40 260 -1 0 0 0 1 0 0 0 -1 2780.dat
1 4 125 20 160 0 -1 0 0 0 1 -1 0 0 41677.dat
1 1 130 20 160 -1 0 0 0 0 -1 0 -1 0 43093.dat
1 4 115 20 160 0 -1 0 0 0 1 -1 0 0 41677.dat
1 0 110 40 160 -1 0 0 0 0 1 0 1 0 3705.dat
1 71 100 40 160 0 0 1 1 0 0 0 1 0 3713.dat
1 4 -125 20 160 0 1 0 0 0 1 1 0 0 41677.dat
1 1 -130 20 160 1 0 0 0 0 -1 0 1 0 43093.dat
1 4 -115 20 160 0 1 0 0 0 1 1 0 0 41677.dat
1 0 -110 40 160 1 0 0 0 0 1 0 -1 0 3705.dat
1 71 -100 40 160 0 0 -1 1 0 0 0 -1 0 3713.dat
1 71 0 0 680 1 0 0 0 1 0 0 0 1 44294.dat
1 4 -70 0 680 0 0 1 0 1 0 -1 0 0 6538.dat
1 71 -40 80 680 0 1 0 -1 0 0 0 0 1 32009.dat
1 71 0 80 520 1 0 0 0 1 0 0 0 1 32073.dat
1 71 -60 80 560 0 0 1 -1 0 0 0 -1 0 48989.dat
1 72 -87 80 560 -1 0 0 0 0 -1 0 -1 0 59426.dat
1 1 -30 80 640 1 0 0 0 0 -1 0 1 0 43093.dat
1 4 0 80 640 0 0 1 1 0 0 0 1 0 32034.dat
1 1 30 80 640 -1 0 0 0 0 1 0 1 0 43093.dat
1 71 -20 0 520 0 1 0 1 0 0 0 0 -1 32009.dat
1 0 -30 0 600 -1 0 0 0 1 0 0 0 -1 2780.dat
1 0 0 20 560 -1 0 0 0 1 0 0 0 -1 32184.dat
1 71 0 0 560 -1 0 0 0 1 0 0 0 -1 44294.dat
1 71 0 40 560 -1 0 0 0 1 0 0 0 -1 32073.dat
1 71 -20 40 560 0 0 -1 0 1 0 1 0 0 3713.dat
1 71 20 40 560 0 0 -1 0 1 0 1 0 0 3713.dat
1 71 0 80 520 0 0 1 0 1 0 -1 0 0 3713.dat
1 71 0 40 520 1 0 0 0 1 0 0 0 1 44294.dat
1 71 0 40 520 0 0 1 0 1 0 -1 0 0 3713.dat
1 71 0 -59.343 746.921 0 1 0 0.966 0 0.259 0.259 0 -0.966 32526.dat
1 71 20 0 520 0 1 0 1 0 0 0 0 -1 32009.dat
1 0 30 0 600 -1 0 0 0 1 0 0 0 -1 2780.dat
1 71 40 80 680 0 1 0 -1 0 0 0 0 1 32009.dat
1 72 87 80 560 1 0 0 0 1 0 0 0 1 59426.dat
1 71 60 80 560 0 0 1 -1 0 0 0 -1 0 48989.dat
1 71 40 40 500 0 -1 0 1 0 0 0 0 1 32524.dat
1 71 40 0 520 0 -1 0 1 0 0 0 0 1 40490.dat
1 1 50 0 520 1 0 0 0 1 0 0 0 1 43093.dat
1 0 60 20 520 1 0 0 0 1 0 0 0 1 32184.dat
1 4 70 0 680 0 0 1 0 1 0 -1 0 0 6538.dat
1 0 50 0 480 -1 0 0 0 1 0 0 0 -1 2780.dat
1 0 50 40 460 -1 0 0 0 1 0 0 0 -1 2780.dat
1 4 0 0 440 0 0 -1 0 1 0 1 0 0 32034.dat
1 0 50 0 440 1 0 0 0 1 0 0 0 1 3705.dat
1 0 -50 0 440 1 0 0 0 1 0 0 0 1 3705.dat
1 4 0 40 440 0 0 -1 0 1 0 1 0 0 32034.dat
1 0 50 40 440 1 0 0 0 1 0 0 0 1 3705.dat
1 0 -50 40 440 1 0 0 0 1 0 0 0 1 3705.dat
1 71 -40 40 500 0 -1 0 1 0 0 0 0 1 32524.dat
1 71 -40 0 520 0 -1 0 1 0 0 0 0 1 40490.dat
1 1 -50 0 520 -1 0 0 0 -1 0 0 0 1 43093.dat
1 0 -60 20 520 -1 0 0 0 -1 0 0 0 1 32184.dat
1 71 80 80 560 0 1 0 -1 0 0 0 0 1 32523.dat
1 71 -80 80 560 0 1 0 -1 0 0 0 0 1 32523.dat
1 0 -50 0 480 1 0 0 0 1 0 0 0 1 2780.dat
1 0 -50 40 460 1 0 0 0 1 0 0 0 1 2780.dat
1 0 60 90 540 0 -1 0 1 0 0 0 0 1 2780.dat
1 0 60 90 580 0 -1 0 1 0 0 0 0 1 2780.dat
1 0 -60 90 540 0 -1 0 1 0 0 0 0 1 2780.dat
1 0 -60 90 580 0 -1 0 1 0 0 0 0 1 2780.dat
1 71 0 100 580 0 0 1 0 -1 0 1 0 0 32524.dat
1 71 0 100 540 0 0 1 0 -1 0 1 0 0 32524.dat
1 4 -60 40 360 0 1 0 1 0 0 0 0 -1 32525.dat
1 71 -60 0 360 0 1 0 1 0 0 0 0 -1 41239.dat
1 71 -70 0 300 -1 0 0 0 -1 0 0 0 1 4274.dat
1 4 60 40 360 0 -1 0 1 0 0 0 0 1 32525.dat
1 71 60 0 360 0 -1 0 1 0 0 0 0 1 41239.dat
1 71 70 0 300 1 0 0 0 1 0 0 0 1 4274.dat
1 0 80 20 280 1 0 0 0 1 0 0 0 1 32184.dat
1 0 80 20 440 1 0 0 0 1 0 0 0 1 32184.dat
1 0 80 20 290 0 0 1 0 1 0 -1 0 0 2780.dat
1 0 80 20 430 0 0 1 0 1 0 -1 0 0 2780.dat
1 0 -80 20 280 1 0 0 0 1 0 0 0 1 32184.dat
1 0 -80 20 440 1 0 0 0 1 0 0 0 1 32184.dat
1 0 -80 20 290 0 0 1 0 1 0 -1 0 0 2780.dat
1 0 -80 20 430 0 0 1 0 1 0 -1 0 0 2780.dat
1 4 0 20 420 0 0 1 1 0 0 0 1 0 41239.dat
1 0 -120 20 410 0 1 0 0 0 -1 -1 0 0 2780.dat
1 0 -100 20 410 0 1 0 0 0 -1 -1 0 0 2780.dat
1 0 100 20 410 0 1 0 0 0 -1 -1 0 0 2780.dat
1 0 120 20 410 0 1 0 0 0 -1 -1 0 0 2780.dat
1 4 0 20 300 0 0 -1 1 0 0 0 -1 0 41239.dat
1 0 120 20 310 0 -1 0 0 0 -1 1 0 0 2780.dat
1 0 100 20 310 0 -1 0 0 0 -1 1 0 0 2780.dat
1 0 -100 20 310 0 -1 0 0 0 -1 1 0 0 2780.dat
1 0 -120 20 310 0 -1 0 0 0 -1 1 0 0 2780.dat
1 14 0 20 320 -1 0 0 0 1 0 0 0 -1 32072.dat
1 71 0 -20 140 0 0 1 -1 0 0 0 -1 0 32524.dat
1 0 -40 -20 160 0 0 1 0 -1 0 1 0 0 6558.dat
1 0 40 -20 160 0 0 1 0 -1 0 1 0 0 6558.dat
1 0 0 -20 100 1 0 0 0 1 0 0 0 1 3706.dat
1 0 -55 -20 70 0 -1 0 1 0 0 0 0 1 32449.dat
1 4 -40 -20 100 -1 0 0 0 -1 0 0 0 1 6536.dat
1 71 -20 -20 100 0 0 1 0 -1 0 1 0 0 3713.dat
1 0 0 -20 80 1 0 0 0 0 -1 0 1 0 32184.dat
1 71 20 -20 100 0 0 1 0 -1 0 1 0 0 3713.dat
1 4 40 -20 100 -1 0 0 0 -1 0 0 0 1 6536.dat
1 72 0 -30 80 0 1 0 -1 0 0 0 0 1 32002.dat
1 0 55 -20 70 0 -1 0 1 0 0 0 0 1 32449.dat
1 71 0 -35 100 -1 0 0 0 0 1 0 1 0 4185.dat
1 1 -40 -40 90 0 -1 0 0 0 1 -1 0 0 43093.dat
1 1 40 -40 90 0 -1 0 0 0 1 -1 0 0 43093.dat
1 0 -40 -40 70 0 -1 0 1 0 0 0 0 1 6538.dat
1 0 40 -40 70 0 -1 0 1 0 0 0 0 1 6538.dat
1 0 -70 -20 40 -1 0 0 0 -1 0 0 0 1 3705.dat
1 4 -110 -20 40 0 0 -1 0 -1 0 -1 0 0 6538.dat
1 1 -130 -20 40 1 0 0 0 -1 0 0 0 -1 43093.dat
1 0 70 -20 40 1 0 0 0 1 0 0 0 1 3705.dat
1 4 110 -20 40 0 0 1 0 1 0 -1 0 0 6538.dat
1 1 130 -20 40 -1 0 0 0 1 0 0 0 -1 43093.dat
1 15 0 10 -60 1 0 0 0 1 0 0 0 1 32018.dat
1 71 -20 20 -70 0 0 1 0 1 0 -1 0 0 4274.dat
1 71 20 20 -70 0 0 1 0 1 0 -1 0 0 4274.dat
1 15 0 20 -78 1 0 0 0 0 -1 0 1 0 2431.dat
1 4 0 -40 -20 0 0 1 0 -1 0 1 0 0 32524.dat
1 0 -40 -30 -20 0 0 1 -1 0 0 0 -1 0 2780.dat
1 0 40 -30 -20 0 0 1 -1 0 0 0 -1 0 2780.dat
1 4 0 -20 -30 -1 0 0 0 0 1 0 1 0 2730.dat
1 0 0 -30 -38 -1 0 0 0 0 1 0 1 0 3034.dat
1 15 -90 -20 -30 0 0 1 1 0 0 0 1 0 54200.dat
1 15 90 -20 -30 0 0 -1 -1 0 0 0 1 0 54200.dat
1 47 -60 -40 -46 -1 0 0 0 0 1 0 1 0 3023.dat
1 47 60 -40 -46 -1 0 0 0 0 1 0 1 0 3023.dat
1 38 -70 -20 -46 -1 0 0 0 0 1 0 1 0 6141.dat
1 33 -50 -20 -46 -1 0 0 0 0 1 0 1 0 6141.dat
1 33 50 -20 -46 -1 0 0 0 0 1 0 1 0 6141.dat
1 38 70 -20 -46 -1 0 0 0 0 1 0 1 0 6141.dat
1 4 -30 -30 -46 0 0 -1 -1 0 0 0 1 0 2412.dat
1 4 -10 -30 -46 0 0 -1 -1 0 0 0 1 0 2412.dat
1 4 10 -30 -46 0 0 -1 -1 0 0 0 1 0 2412.dat
1 4 30 -30 -46 0 0 -1 -1 0 0 0 1 0 2412.dat
1 0 -20 -52.243 90.431 0 0 1 0.111 0.994 0 -0.994 0.111 0 3706.dat
1 4 -20 -60.013 160.011 1 0 0 0 0.994 -0.111 0 0.111 0.994 32013.dat
1 0 0 -55.573 120.251 0 -1 0 0.111 0 0.994 -0.994 0 0.111 32184.dat
1 0 20 -52.243 90.431 0 -1 0 0.111 0 0.994 -0.994 0 0.111 3706.dat
1 4 20 -60.013 160.011 1 0 0 0 0.994 -0.111 0 0.111 0.994 32013.dat
1 71 -20 -53.353 100.371 1 0 0 0 0.994 -0.111 0 0.111 0.994 3713.dat
1 71 20 -53.353 100.371 1 0 0 0 0.994 -0.111 0 0.111 0.994 3713.dat
1 0 0 -51.133 80.491 0 -1 0 0.111 0 0.994 -0.994 0 0.111 32184.dat
1 71 -20 -48.913 60.611 1 0 0 0 0.994 -0.111 0 0.111 0.994 3713.dat
1 71 20 -48.913 60.611 1 0 0 0 0.994 -0.111 0 0.111 0.994 3713.dat
1 4 -20 -45.583 30.791 1 0 0 0 0.994 -0.111 0 0.111 0.994 6538.dat
1 4 20 -45.583 30.791 1 0 0 0 0.994 -0.111 0 0.111 0.994 6538.dat
1 1 20 -43.363 10.911 0 0 -1 -0.111 0.994 0 0.994 0.111 0 43093.dat
1 1 -20 -43.363 10.911 0 0 -1 -0.111 0.994 0 0.994 0.111 0 43093.dat
1 4 0 -42.253 0.971 0 0 -1 0.994 0.111 0 0.111 -0.994 0 32525.dat
1 1 30 -60.013 160.011 1 0 0 0 0 1.000357 0 -1.000357 0 43093.dat
1 1 -30 -60.013 160.011 -1 0 0 0 0 1.000357 0 1.000357 0 43093.dat
1 4 -40 -40.0093 160.0146 -1 0 0 0 1.000357 0 0 0 -1.000357 42003.dat
1 4 40 -40.0093 160.0146 -1 0 0 0 1.000357 0 0 0 -1.000357 42003.dat
1 0 0 -65.513 119.141 0 0 -1 -0.994 -0.111 0 -0.111 0.994 0 2780.dat
1 0 0 -61.073 79.381 0 0 -1 -0.994 -0.111 0 -0.111 0.994 0 2780.dat
1 4 50 -41.143 -8.969 0 -1 0 0.994 0 -0.111 0.111 0 0.994 32534.dat
1 0 -100 -41.143 -8.969 0 0 -1 0.111 -0.994 0 -0.994 -0.111 0 2780.dat
1 0 -80 -41.143 -8.969 0 0 -1 0.111 -0.994 0 -0.994 -0.111 0 2780.dat
1 0 80 -41.143 -8.969 0 0 -1 0.111 -0.994 0 -0.994 -0.111 0 2780.dat
1 0 100 -41.143 -8.969 0 0 -1 0.111 -0.994 0 -0.994 -0.111 0 2780.dat
1 4 -50 -41.143 -8.969 0 1 0 -0.994 0 -0.111 -0.111 0 0.994 32535.dat
1 71 0 -73.228 98.153 0 0 1 0.994 -0.111 0 0.111 0.994 0 48989.dat
1 4 20 -71.008 78.273 0 1 0 0.994 0 0.111 0.111 0 -0.994 40490.dat
1 4 -20 -71.008 78.273 0 1 0 0.994 0 0.111 0.111 0 -0.994 40490.dat
1 4 0 -20 180 0 0 -1 1 0 0 0 -1 0 41239.dat
1 0 100 -20 180 0 0 -1 0 -1 0 -1 0 0 6558.dat
1 0 80 -20 180 0 0 -1 0 -1 0 -1 0 0 6558.dat
1 0 -100 -20 180 0 0 -1 0 -1 0 -1 0 0 6558.dat
1 0 -80 -20 180 0 0 -1 0 -1 0 -1 0 0 6558.dat
1 4 100 -20 200 0 -1 0 1 0 0 0 0 1 42003.dat
1 4 -100 -20 200 0 1 0 -1 0 0 0 0 1 42003.dat
1 0 -120 -10 200 0 0 -1 1 0 0 0 -1 0 3705.dat
1 4 -120 30 200 1 0 0 0 0 1 0 -1 0 6538.dat
1 0 120 -10 200 0 0 -1 1 0 0 0 -1 0 3705.dat
1 4 120 30 200 1 0 0 0 0 1 0 -1 0 6538.dat
1 4 100.049 0 201.395 0.07 0.998 0 0 0 1 0.998 -0.07 0 6536.dat
1 4 -100.049 0 201.395 0.07 -0.998 0 0 0 1 -0.998 -0.07 0 6536.dat
1 4 104.234 -20 261.249 0.07 0 0.998 0 -1 0 0.998 0 -0.07 42003.dat
1 0 102.134 0 231.309 0.07 0 0.998 0 -1 0 0.998 0 -0.07 3705.dat
1 71 103.184 0 246.279 0.998 0 -0.07 0 -1 0 -0.07 0 -0.998 32123.dat
1 4 102.484 0 236.299 0.998 -0.07 0 0 0 1 -0.07 -0.998 0 41677.dat
1 1 102.134 20 231.309 0.07 0.998 0 0 0 1 0.998 -0.07 0 43093.dat
1 4 102.134 -30 231.309 -0.998 0 0.07 0 -1 0 0.07 0 0.998 47713.dat
1 0 -102.141 0 231.322 -0.07 0 -0.998 0 1 0 0.998 0 -0.07 3705.dat
1 4 -104.241 -20 261.262 0.07 0 -0.998 0 -1 0 -0.998 0 -0.07 42003.dat
1 71 -103.191 0 246.292 -0.998 0 -0.07 0 -1 0 -0.07 0 0.998 32123.dat
1 4 -102.491 0 236.312 -0.998 -0.07 0 0 0 1 -0.07 0.998 0 41677.dat
1 1 -102.141 20 231.322 -0.07 0.998 0 0 0 1 0.998 0.07 0 43093.dat
1 4 -102.141 -30 231.322 -0.998 0 -0.07 0 -1 0 -0.07 0 0.998 47712.dat
1 4 124.185 -40 259.854 0 0.07 0.998 1 0 0 0 0.998 -0.07 32184.dat
1 1 125.585 -50 279.814 0 0.07 0.998 1 0 0 0 0.998 -0.07 43093.dat
1 1 122.785 -50 239.894 0 0.07 0.998 1 0 0 0 0.998 -0.07 43093.dat
1 4 124.185 -60 259.854 0.998 0 -0.07 0 -1 0 -0.07 0 -0.998 32524.dat
1 0 114.205 -40 260.554 0.998 0 -0.07 0 -1 0 -0.07 0 -0.998 2780.dat
1 4 -124.185 -40 259.854 0 0.07 -0.998 1 0 0 0 -0.998 -0.07 32184.dat
1 1 -122.785 -50 239.894 0 0.07 -0.998 1 0 0 0 -0.998 -0.07 43093.dat
1 1 -125.585 -50 279.814 0 0.07 -0.998 1 0 0 0 -0.998 -0.07 43093.dat
1 4 -124.185 -60 259.854 -0.998 0 -0.07 0 -1 0 -0.07 0 0.998 32524.dat
1 0 -114.205 -40 260.554 -0.998 0 -0.07 0 -1 0 -0.07 0 0.998 2780.dat
1 4 0 -80 200 0 0 -1 0 -1 0 -1 0 0 41239.dat
1 0 120 -70 200 0 0 -1 1 0 0 0 -1 0 2780.dat
1 0 100 -90 200 0 0 -1 1 0 0 0 -1 0 2780.dat
1 0 -100 -90 200 0 0 -1 1 0 0 0 -1 0 2780.dat
1 0 -120 -70 200 0 0 -1 1 0 0 0 -1 0 2780.dat
1 1 80 -70 200 0 0 -1 1 0 0 0 -1 0 43093.dat
1 1 -80 -70 200 0 0 -1 1 0 0 0 -1 0 43093.dat
1 4 80 -60 200 0 1 0 1 0 0 0 0 -1 6536.dat
1 4 -80 -60 200 0 -1 0 1 0 0 0 0 1 6536.dat
1 71 -100 -80 160 1 0 0 0 0 1 0 -1 0 32140.dat
1 0 -100 -60 180 0 1 0 0 0 1 1 0 0 6558.dat
1 1 -100 -80 170 0 1 0 0 0 -1 -1 0 0 43093.dat
1 4 -100 -30 170 -1 0 0 0 1 0 0 0 -1 32535.dat
1 71 100 -80 160 -1 0 0 0 0 1 0 1 0 32140.dat
1 0 100 -60 180 0 1 0 0 0 1 1 0 0 6558.dat
1 1 100 -80 170 0 -1 0 0 0 1 -1 0 0 43093.dat
1 4 100 -30 170 -1 0 0 0 1 0 0 0 -1 32534.dat
1 72 40 -20 300 0 -1 0 1 0 0 0 0 1 32316.dat
1 0 40 -20 260 -1 0 0 0 -1 0 0 0 1 6558.dat
1 0 40 -20 300 -1 0 0 0 -1 0 0 0 1 6558.dat
1 71 60 -20 280 0 1 0 -1 0 0 0 0 1 32523.dat
1 0 60 -20 320 1 0 0 0 1 0 0 0 1 6558.dat
1 0 70 -20 280 1 0 0 0 1 0 0 0 1 2780.dat
1 71 60 -39.477 324.543 0 1 0 -0.227 0 -0.974 -0.974 0 0.227 32523.dat
1 0 60 -58.954 329.086 -1 0 0 0 -0.227 -0.974 0 -0.974 0.227 6558.dat
1 0 60 -39.477 324.543 -1 0 0 0 -0.227 -0.974 0 -0.974 0.227 6558.dat
1 72 80 -20 260 0 -1 0 1 0 0 0 0 1 32140.dat
1 72 40 -78.432 333.629 0 -1 0 -0.227 0 0.974 -0.974 0 -0.227 32316.dat
1 0 60 -117.386 342.714 1 0 0 0 -0.227 0.974 0 -0.974 -0.227 6558.dat
1 71 60 -127.386 342.714 0 -1 0 0 0 1 -1 0 0 43857.dat
1 72 80 -78.432 333.629 0 -1 0 -0.227 0 0.974 -0.974 0 -0.227 32316.dat
1 4 80 0 320 -1 0 0 0 0 1 0 1 0 32054.dat
1 0 0 -52.36 236.48 -1 0 0 0 0.809 0.588 0 0.588 -0.809 42003.dat
1 71 0 -42.06 256.33 0 0 -1 -0.588 0.809 0 0.809 0.588 0 4274.dat
1 71 0 -58.24 244.57 0 0 -1 -0.588 0.809 0 0.809 0.588 0 4274.dat
1 71 0 -68.54 224.72 -1 0 0 0 0.809 0.588 0 0.588 -0.809 32073.dat
1 0 -20 -19.1 320 0 -1 0 -1 0 -0.015 0.015 0 -1 32348.dat
1 0 20 -19.1 320 0 -1 0 -1 0 -0.015 0.015 0 -1 32348.dat
1 71 10 -54.854 256.922 -1 0 0 0 0.588 -0.809 0 -0.809 -0.588 3068.dat
1 72 -40 -20 300 0 1 0 1 0 0 0 0 -1 32316.dat
1 0 -40 -20 260 1 0 0 0 -1 0 0 0 -1 6558.dat
1 0 -40 -20 300 1 0 0 0 -1 0 0 0 -1 6558.dat
1 71 -60 -20 280 0 -1 0 -1 0 0 0 0 -1 32523.dat
1 0 -60 -20 320 -1 0 0 0 1 0 0 0 -1 6558.dat
1 71 -60 -39.477 324.543 0 -1 0 -0.227 0 0.974 -0.974 0 -0.227 32523.dat
1 0 -70 -20 280 -1 0 0 0 0 1 0 1 0 2780.dat
1 0 -60 -39.477 324.543 -1 0 0 0 0.227 0.974 0 0.974 -0.227 6558.dat
1 0 -60 -58.954 329.086 -1 0 0 0 0.227 0.974 0 0.974 -0.227 6558.dat
1 72 -80 -20 260 0 -1 0 1 0 0 0 0 1 32140.dat
1 72 -40 -78.432 333.629 0 -1 0 0.227 0 -0.974 0.974 0 0.227 32316.dat
1 0 -60 -117.386 342.714 -1 0 0 0 0.227 0.974 0 0.974 -0.227 6558.dat
1 71 -60 -127.386 342.714 0 1 0 0 0 1 1 0 0 43857.dat
1 72 -80 -78.432 333.629 0 -1 0 0.227 0 -0.974 0.974 0 0.227 32316.dat
1 4 -80 0 320 1 0 0 0 0 -1 0 1 0 32054.dat
1 0 -60 -68.541 224.733 0 0 -1 -0.588 0.809 0 0.809 0.588 0 32034.dat
1 0 60 -68.541 224.733 0 0 -1 -0.588 0.809 0 0.809 0.588 0 32034.dat
1 1 60 -74.419 232.823 0 0 -1 -0.588 0.809 0 0.809 0.588 0 43093.dat
1 71 60 -88.526 252.239 1 0 0 0 0.588 0.809 0 -0.809 0.588 2819.dat
1 4 120 -40 320 -1 0 0 0 0 1 0 1 0 32140.dat
1 4 -120 -40 320 1 0 0 0 0 1 0 -1 0 32140.dat
1 4 -120 -20 320 0 1 0 0 0 1 1 0 0 32054.dat
1 4 120 -20 320 0 1 0 0 0 1 1 0 0 32054.dat
1 4 120 -40 400 -1 0 0 0 0 1 0 1 0 32140.dat
1 4 -120 -40 400 1 0 0 0 0 1 0 -1 0 32140.dat
1 4 -120 0 400 0 -1 0 0 0 1 -1 0 0 32054.dat
1 4 120 0 400 0 -1 0 0 0 1 -1 0 0 32054.dat
1 4 0 -180 380 0 0 1 1 0 0 0 1 0 32525.dat
1 0 -100 -180 370 0 0 1 0 -1 0 1 0 0 2780.dat
1 0 -40 -180 370 0 0 1 0 -1 0 1 0 0 2780.dat
1 0 40 -180 370 0 0 1 0 -1 0 1 0 0 2780.dat
1 0 100 -180 370 0 0 1 0 -1 0 1 0 0 2780.dat
1 4 40 -180 360 0 0 1 1 0 0 0 1 0 32526.dat
1 4 -40 -180 360 0 0 -1 1 0 0 0 -1 0 32526.dat
1 0 120 -140 360 0 0 -1 0 1 0 1 0 0 6558.dat
1 0 120 -160 360 0 0 -1 0 1 0 1 0 0 6558.dat
1 0 -120 -160 360 0 0 -1 0 1 0 1 0 0 6558.dat
1 0 -120 -140 360 0 0 -1 0 1 0 1 0 0 6558.dat
1 4 -120 -60 380 1 0 0 0 0 -1 0 1 0 41239.dat
1 4 120 -60 380 1 0 0 0 0 -1 0 1 0 41239.dat
1 0 -120 -100 360 0 0 1 0 1 0 -1 0 0 6558.dat
1 0 120 -100 360 0 0 1 0 1 0 -1 0 0 6558.dat
1 0 120 -20 370 0 0 1 0 1 0 -1 0 0 2780.dat
1 0 -120 -20 370 0 0 1 0 1 0 -1 0 0 2780.dat
1 4 0 -100 360 0 0 1 1 0 0 0 1 0 41239.dat
1 4 0 -20 360 0 0 1 1 0 0 0 1 0 41239.dat
1 4 120 -60 340 1 0 0 0 0 -1 0 1 0 41239.dat
1 4 -120 -60 340 1 0 0 0 0 -1 0 1 0 41239.dat
1 71 0 -180 340 0 -0.707 0.707 1 0 0 0 0.707 0.707 4519.dat
1 4 0 -140 340 0.707 -0.707 0 0 0 1 -0.707 -0.707 0 32034.dat
1 4 0 -180 340 0 -1 0 -1 0 0 0 0 -1 32034.dat
1 71 0 -200 340 -0.707 -0.707 0 0 0 -1 0.707 -0.707 0 32269.dat
1 1 0 -180 370 0 1 0 0 0 -1 -1 0 0 43093.dat
1 0 0 -100 340 0 -1 0 0 0 1 -1 0 0 32184.dat
1 1 -20 -100 350 0 -1 0 0 0 1 -1 0 0 43093.dat
1 1 20 -100 350 0 -1 0 0 0 1 -1 0 0 43093.dat
1 0 0 -20 340 0 -1 0 0 0 1 -1 0 0 32184.dat
1 1 -20 -20 350 0 -1 0 0 0 1 -1 0 0 43093.dat
1 1 20 -20 350 0 -1 0 0 0 1 -1 0 0 43093.dat
1 71 0 -60 340 0 0.707 -0.707 1 0 0 0 -0.707 -0.707 44294.dat
1 14 0 0 340 -0.707 0.707 0 0 0 -1 -0.707 -0.707 0 32072.dat
1 71 40 -100 380 0 0 1 -1 0 0 0 -1 0 32140.dat
1 1 40 -100 370 0 0 -1 0 1 0 1 0 0 43093.dat
1 0 100 -120 390 0 0 1 0 1 0 -1 0 0 2780.dat
1 0 100 -100 380 0 0 -1 0 -1 0 -1 0 0 6558.dat
1 71 -40 -100 380 0 0 -1 -1 0 0 0 1 0 32140.dat
1 1 -40 -100 370 0 0 -1 0 1 0 1 0 0 43093.dat
1 0 -100 -120 390 0 0 -1 0 1 0 1 0 0 2780.dat
1 0 -100 -100 380 0 0 1 0 1 0 -1 0 0 6558.dat
1 0 -80 -200 400 1 0 0 0 0 -1 0 1 0 32014.dat
1 0 -70 -200 400 1 0 0 0 0 -1 0 1 0 2780.dat
1 0 -60 -200 400 1 0 0 0 0 -1 0 1 0 32014.dat
1 0 -80 -150 400 0 0 1 1 0 0 0 1 0 3705.dat
1 0 -60 -150 400 0 0 1 1 0 0 0 1 0 3705.dat
1 0 -80 -120 400 0 1 0 0 0 -1 -1 0 0 32039.dat
1 0 -60 -120 400 0 1 0 0 0 -1 -1 0 0 32039.dat
1 1 -60 -100 390 0 -1 0 0 0 -1 1 0 0 43093.dat
1 1 -80 -100 390 0 -1 0 0 0 -1 1 0 0 43093.dat
1 4 -55 -40 560 0 -1 0 1 0 0 0 0 1 32056.dat
1 19 -50 -40 560 -1 0 0 0 -1 0 0 0 1 3749.dat
1 4 -65 -40 560 0 -1 0 1 0 0 0 0 1 32056.dat
1 4 55 -40 560 0 1 0 0 0 1 1 0 0 32056.dat
1 19 50 -40 560 1 0 0 0 0 1 0 -1 0 3749.dat
1 4 65 -40 560 0 1 0 0 0 1 1 0 0 32056.dat
1 72 -40 -76.158 631.362 0 1 0 0.89 0 0.451 0.451 0 -0.89 40490.dat
1 72 40 -76.158 631.362 0 1 0 0.892 0 0.452 0.452 0 -0.892 40490.dat
1 4 -20 -80 400 0 1 0 -1 0 0 0 0 1 32526.dat
1 0 -30 -80 440 1 0 0 0 1 0 0 0 1 2780.dat
1 71 0 -80 460 1 0 0 0 1 0 0 0 1 32073.dat
1 71 0 -80 420 1 0 0 0 1 0 0 0 1 32073.dat
1 15 -40 -80 460 1 0 0 0 1 0 0 0 1 6536.dat
1 15 -40 -80 420 1 0 0 0 1 0 0 0 1 6536.dat
1 0 0 -80 440 1 0 0 0 0 1 0 -1 0 32184.dat
1 0 0 -110 440 0 -0.707 -0.707 1 0 0 0 -0.707 0.707 3706.dat
1 14 0 -60 440 -0.707 -0.707 0 0 0 -1 0.707 -0.707 0 32072.dat
1 0 0 -110 440 -0.707 -0.707 0 0 0 -1 0.707 -0.707 0 4716.dat
1 71 0 -140 440 0.707 -0.707 0 0 0 1 -0.707 -0.707 0 3713.dat
1 15 -40 -160 460 0 1 0 0 0 1 1 0 0 32140.dat
1 71 0 -160 460 1 0 0 0 0 1 0 -1 0 32073.dat
1 15 -20 -160 460 0 1 0 1 0 0 0 0 -1 32140.dat
1 0 -30 -100 480 -1 0 0 0 1 0 0 0 -1 2780.dat
1 0 0 -160 400 1 0 0 0 1 0 0 0 1 6558.dat
1 0 0 -140 400 1 0 0 0 1 0 0 0 1 6558.dat
1 0 0 -160 440 1 0 0 0 0 1 0 -1 0 32184.dat
1 71 0 -160 420 1 0 0 0 0 1 0 -1 0 4519.dat
1 71 0 -120 400 0 -1 0 0 0 1 -1 0 0 32316.dat
1 0 0 -80 400 -1 0 0 0 0 1 0 1 0 6558.dat
1 4 -45 -120 480 0 -1 0 0.830268 0 -0.557888 0.557888 0 0.830268 6632.dat
1 4 -35 -120 480 0 -1 0 0.830268 0 -0.557888 0.557888 0 0.830268 6632.dat
1 71 0 -142.3177 513.1945 -1 0 0 0 -0.830268 -0.557888 0 -0.557888 0.830268 32073.dat
1 71 -20 -147.2885 493.8171 0 -1 0 0.965958 0 0.247102 -0.247102 0 0.965958 6629.dat
1 71 0 -120 480 -1 0 0 0 -0.830268 -0.557888 0 -0.557888 0.830268 32073.dat
1 71 0 -142.3177 513.1945 0 0 1 -0.557888 -0.830268 0 0.830268 -0.557888 0 3713.dat
1 71 0 -104.134 598.0876 0 0 1 0.38192 0.921474 0 -0.921474 0.38192 0 48989.dat
1 71 0 -120 480 0 0 1 0.558 0.83 0 -0.83 0.558 0 3648.dat
1 71 20 -147.289 493.818 0 -1 0 0.968 0 0.248 -0.248 0 0.968 6629.dat
1 15 20 -160 460 0 1 0 1 0 0 0 0 -1 32140.dat
1 4 20 -80 400 0 1 0 -1 0 0 0 0 1 32526.dat
1 15 40 -80 460 1 0 0 0 1 0 0 0 1 6536.dat
1 15 40 -80 420 1 0 0 0 1 0 0 0 1 6536.dat
1 0 30 -80 440 1 0 0 0 1 0 0 0 1 2780.dat
1 0 30 -100 480 1 0 0 0 1 0 0 0 1 2780.dat
1 4 35 -120 480 0 -1 0 0.83 0 -0.558 0.558 0 0.83 6632.dat
1 4 45 -120 480 0 -1 0 0.83 0 -0.558 0.558 0 0.83 6632.dat
1 15 40 -160 460 0 1 0 0 0 1 1 0 0 32140.dat
1 4 40 -60 440 0 1 0 0 0 1 1 0 0 32523.dat
1 4 10 -40 440 0 0 -1 -1 0 0 0 1 0 6538.dat
1 71 80 -40 440 1 0 0 0 0 -1 0 1 0 44294.dat
1 0 -70 -40 440 1 0 0 0 0 -1 0 1 0 3707.dat
1 14 -20 -40 440 0 0 1 1 0 0 0 1 0 32072.dat
1 4 -40 -60 440 0 1 0 0 0 1 1 0 0 32523.dat
1 4 60 -60 450 -1 0 0 0 -1 0 0 0 1 6538.dat
1 71 60 -60 480 0 0 -1 0 -1 0 -1 0 0 4519.dat
1 71 60 -60 420 0 0 -1 0 -1 0 -1 0 0 4519.dat
1 4 0 -60 480 0 0 -1 1 0 0 0 -1 0 40490.dat
1 0 60 -60 500 0 0 -1 0 1 0 1 0 0 6536.dat
1 4 30 -40 500 0 0 -1 0 -1 0 -1 0 0 6538.dat
1 71 60 -40 500 1 0 0 0 -1 0 0 0 -1 4519.dat
1 71 0 -40 500 1 0 0 0 -1 0 0 0 -1 4519.dat
1 4 -30 -40 500 0 0 -1 0 -1 0 -1 0 0 6538.dat
1 71 -60 -40 500 1 0 0 0 -1 0 0 0 -1 4519.dat
1 0 -60 -60 500 0 0 -1 0 1 0 1 0 0 6536.dat
1 71 -60 -60 480 0 0 -1 0 -1 0 -1 0 0 4519.dat
1 4 -60 -60 450 1 0 0 0 -1 0 0 0 -1 6538.dat
1 71 -60 -60 420 0 0 -1 0 -1 0 -1 0 0 4519.dat
1 0 40 -60 470 0 0 -1 0 -1 0 -1 0 0 2780.dat
1 0 -40 -60 470 0 0 -1 0 -1 0 -1 0 0 2780.dat
1 0 60 -60 420 0 0 -1 0 1 0 1 0 0 6536.dat
1 0 -60 -60 420 0 0 -1 0 1 0 1 0 0 6536.dat
1 0 -40 -60 410 0 0 -1 0 1 0 1 0 0 2780.dat
1 0 40 -60 410 0 0 -1 0 1 0 1 0 0 2780.dat
1 0 70 -40 420 1 0 0 0 1 0 0 0 1 2780.dat
1 0 -70 -40 420 1 0 0 0 1 0 0 0 1 2780.dat
1 71 0 -60 400 0 0 1 -1 0 0 0 -1 0 41239.dat
1 0 -120 -60 390 0 0 1 0 -1 0 1 0 0 2780.dat
1 0 120 -60 390 0 0 1 0 -1 0 1 0 0 2780.dat
1 72 80 -40 540 0 1 0 1 0 0 0 0 -1 32278.dat
1 71 0 -40 400 -1 0 0 0 1 0 0 0 -1 32073.dat
1 4 50 -40 400 0 0 -1 0 1 0 1 0 0 6538.dat
1 4 -50 -40 400 0 0 -1 0 1 0 1 0 0 6538.dat
1 1 70 -40 400 -1 0 0 0 1 0 0 0 -1 43093.dat
1 1 -70 -40 400 1 0 0 0 1 0 0 0 1 43093.dat
1 72 -80 -40 540 0 1 0 1 0 0 0 0 -1 32278.dat
1 0 -90 -40 680 -1 0 0 0 1 0 0 0 -1 2780.dat
1 4 -80 -40 580 1 0 0 0 1 0 0 0 1 32054.dat
1 71 -100 -40 440 0 0 1 0 1 0 -1 0 0 3713.dat
1 71 -120 -40 440 0 0 1 0 1 0 -1 0 0 3713.dat
1 71 -140 -40 440 0 0 1 0 1 0 -1 0 0 32270.dat
1 71 100 -40 440 0 0 1 0 1 0 -1 0 0 3713.dat
1 71 120 -40 440 0 0 1 0 1 0 -1 0 0 3713.dat
1 71 140 -40 440 0 0 1 0 1 0 -1 0 0 32270.dat
1 0 90 -40 680 -1 0 0 0 1 0 0 0 -1 2780.dat
1 4 80 -40 580 -1 0 0 0 1 0 0 0 -1 32054.dat
1 71 0 -67.123 613.528 1 0 0 0 0.924 -0.383 0 0.383 0.924 32073.dat
1 4 100 -80 680 0 -1 0 1 0 0 0 0 1 32009.dat
1 71 100 0 680 -1 0 0 0 -1 0 0 0 1 4519.dat
1 4 120 20 680 -1 0 0 0 -1 0 0 0 1 32184.dat
1 0 120 20 690 0 0 1 0 -1 0 1 0 0 2780.dat
1 71 100 -40 540 0 0 -1 -1 0 0 0 1 0 48989.dat
1 71 120 -30 540 0 0 -1 -1 0 0 0 1 0 32291.dat
1 4 120 -30 540 0 1 0 -1 0 0 0 0 1 41678.dat
1 0 120 -30 540 0 1 0 -1 0 0 0 0 1 32062.dat
1 0 130 -20 520 1 0 0 0 1 0 0 0 1 2780.dat
1 0 130 -20 560 1 0 0 0 1 0 0 0 1 2780.dat
1 15 140 -20 500 0 -1 0 1 0 0 0 0 1 32271.dat
1 4 120 60 310 1 0 0 0 1 0 0 0 1 6538.dat
1 1 120 60 330 0 0 1 0 1 0 -1 0 0 43093.dat
1 71 120 60 260 0 0 1 0 1 0 -1 0 0 32073.dat
1 4 120 60 210 1 0 0 0 1 0 0 0 1 6538.dat
1 0 120 60 190 0 0 1 0 1 0 -1 0 0 32062.dat
1 0 120 60 180 1 0 0 0 1 0 0 0 1 32039.dat
1 0 130 60 160 1 0 0 0 1 0 0 0 1 32062.dat
1 15 140 -20 160 0 -1 0 1 0 0 0 0 1 32009.dat
1 71 0 -180 220 1 0 0 0 1 0 0 0 1 4519.dat
1 4 -30 -180 220 0 0 1 0 1 0 -1 0 0 6538.dat
1 4 30 -180 220 0 0 1 0 1 0 -1 0 0 6538.dat
1 4 0 -180 240 1 0 0 0 1 0 0 0 1 32039.dat
1 0 -50 -180 220 -1 0 0 0 1 0 0 0 -1 32062.dat
1 0 50 -180 220 -1 0 0 0 1 0 0 0 -1 32062.dat
1 4 80 -180 220 0 0 -1 0 1 0 1 0 0 32034.dat
1 4 -80 -180 220 0 0 -1 0 1 0 1 0 0 32034.dat
1 1 -110 -180 220 1 0 0 0 1 0 0 0 1 43093.dat
1 1 110 -180 220 -1 0 0 0 1 0 0 0 -1 43093.dat
1 4 120 -180 220 1 0 0 0 -1 0 0 0 -1 32015.dat
1 4 -120 -180 220 1 0 0 0 -1 0 0 0 -1 32015.dat
1 71 -80 -180 210 0 0 -1 0 -1 0 -1 0 0 4274.dat
1 71 80 -180 210 0 0 -1 0 -1 0 -1 0 0 4274.dat
1 33 -80 -180 202 0 0 -1 -1 0 0 0 1 0 6141.dat
1 33 80 -180 202 0 0 -1 -1 0 0 0 1 0 6141.dat
1 71 -120 -180 280 0 0 -1 0 1 0 1 0 0 32073.dat
1 71 0 -180 280 0 0 -1 0 1 0 1 0 0 32073.dat
1 71 120 -180 280 0 0 -1 0 1 0 1 0 0 32073.dat
1 4 0 -180 300 0 0 -1 -1 0 0 0 1 0 41239.dat
1 0 -100 -180 280 0 0 -1 0 -1 0 -1 0 0 6558.dat
1 0 -80 -180 280 0 0 -1 0 -1 0 -1 0 0 6558.dat
1 0 100 -180 280 0 0 -1 0 -1 0 -1 0 0 6558.dat
1 0 80 -180 280 0 0 -1 0 -1 0 -1 0 0 6558.dat
1 4 -80 -180 280 0 -1 0 -1 0 0 0 0 -1 42003.dat
1 4 80 -180 280 0 1 0 1 0 0 0 0 -1 42003.dat
1 0 -60 -190 280 0 1 0 1 0 0 0 0 -1 32062.dat
1 0 60 -190 280 0 1 0 1 0 0 0 0 -1 32062.dat
1 4 0 -180 260 0 0 -1 -1 0 0 0 1 0 41239.dat
1 33 60 -200 280 0 0 -1 0 1 0 1 0 0 41669.dat
1 33 -60 -200 280 0 0 1 0 1 0 -1 0 0 41669.dat
1 4 -120 -180 340 0 0 -1 0 1 0 1 0 0 32054.dat
1 4 120 -180 340 0 0 -1 0 1 0 1 0 0 32054.dat
1 0 114.836 -100 183.27 0.966 0.259 0 0 0 1 0.259 -0.966 0 32062.dat
1 4 105.176 -100 180.68 0.966 -0.259 0 0 0 -1 0.259 0.966 0 6536.dat
1 4 134.156 -100 188.45 0 0.259 0.966 -1 0 0 0 -0.966 0.259 6538.dat
1 1 153.476 -100 193.63 -0.966 0.259 0 0 0 -1 -0.259 -0.966 0 43093.dat
1 0 170.206 -100 208.47 -0.966 0.259 0 0 0 -1 -0.259 -0.966 0 2817.dat
1 0 168.134 -100 216.198 -0.966 0.259 0 0 0 -1 -0.259 -0.966 0 3068.dat
1 0 -114.836 -100 183.27 -0.966 -0.259 0 0 0 -1 0.259 -0.966 0 32062.dat
1 4 -105.176 -100 180.68 -0.966 0.259 0 0 0 1 0.259 0.966 0 6536.dat
1 4 -134.156 -100 188.45 0 -0.259 -0.966 1 0 0 0 -0.966 0.259 6538.dat
1 1 -153.476 -100 193.63 0.966 -0.259 0 0 0 1 -0.259 -0.966 0 43093.dat
1 0 -170.206 -100 208.47 0.966 -0.259 0 0 0 1 -0.259 -0.966 0 2817.dat
1 0 -168.134 -100 216.198 0.966 -0.259 0 0 0 1 -0.259 -0.966 0 3068.dat
1 71 -100 -40 540 0 0 1 1 0 0 0 1 0 48989.dat
1 4 -120 -30 540 0 -1 0 1 0 0 0 0 1 41678.dat
1 71 -120 -30 540 0 0 1 1 0 0 0 1 0 32291.dat
1 0 -120 -30 540 0 0 1 1 0 0 0 1 0 32062.dat
1 0 -130 -20 520 1 0 0 0 0 -1 0 1 0 2780.dat
1 0 -130 -20 560 1 0 0 0 0 -1 0 1 0 2780.dat
1 15 -140 -20 500 0 -1 0 1 0 0 0 0 1 32271.dat
1 4 -100 -80 680 0 -1 0 1 0 0 0 0 1 32009.dat
1 71 -100 0 680 1 0 0 0 1 0 0 0 1 4519.dat
1 4 -120 20 680 1 0 0 0 1 0 0 0 1 32184.dat
1 0 -120 20 690 0 0 1 0 1 0 -1 0 0 2780.dat
1 4 -120 60 310 -1 0 0 0 -1 0 0 0 1 6538.dat
1 1 -120 60 330 0 0 -1 0 -1 0 -1 0 0 43093.dat
1 71 -120 60 260 0 0 -1 0 -1 0 -1 0 0 32073.dat
1 4 -120 60 210 -1 0 0 0 -1 0 0 0 1 6538.dat
1 0 -120 60 190 0 0 -1 0 -1 0 -1 0 0 32062.dat
1 0 -120 60 180 -1 0 0 0 -1 0 0 0 1 32039.dat
1 0 -130 60 160 -1 0 0 0 -1 0 0 0 1 32062.dat
1 15 -140 -20 160 0 -1 0 1 0 0 0 0 1 32009.dat
1 15 0 10 700 -1 0 0 0 1 0 0 0 -1 32018.dat
1 71 100 20 710 0 0 -1 0 1 0 1 0 0 4274.dat
1 71 80 20 710 0 0 -1 0 1 0 1 0 0 4274.dat
1 71 20 20 710 0 0 -1 0 1 0 1 0 0 4274.dat
1 71 -20 20 710 0 0 -1 0 1 0 1 0 0 4274.dat
1 71 -100 20 710 0 0 -1 0 1 0 1 0 0 4274.dat
1 71 -80 20 710 0 0 -1 0 1 0 1 0 0 4274.dat
1 15 0 20 718 1 0 0 0 0 1 0 -1 0 2431.dat
1 36 80 20 718 1 0 0 0 0 1 0 -1 0 6141.dat
1 38 100 20 718 1 0 0 0 0 1 0 -1 0 6141.dat
1 38 -100 20 718 1 0 0 0 0 1 0 -1 0 6141.dat
1 36 -80 20 718 1 0 0 0 0 1 0 -1 0 6141.dat
1 4 -100 -70 410 1 0 0 0 1 0 0 0 1 32534.dat
1 4 100 -70 410 1 0 0 0 1 0 0 0 1 32535.dat
1 72 -40 -34.234 729.251 0 -1 0 -0.082 0 -0.997 0.997 0 -0.082 40490.dat
1 0 -30 -113.994 722.691 1 0 0 0 -0.082 -0.997 0 0.997 -0.082 2780.dat
1 0 -30 -74.114 725.971 1 0 0 0 -0.082 -0.997 0 0.997 -0.082 2780.dat
1 72 -20 -54.174 727.611 0 1 0 0.082 0 -0.997 -0.997 0 -0.082 32140.dat
1 0 -30 -112.354 702.751 -1 0 0 0 0.082 -0.997 0 -0.997 -0.082 2780.dat
1 72 20 -54.166 727.603 0 1 0 0.082 0 -0.997 -0.997 0 -0.082 32140.dat
1 0 30 -112.346 702.743 -1 0 0 0 0.082 -0.997 0 -0.997 -0.082 2780.dat
1 0 30 -113.986 722.683 -1 0 0 0 0.082 -0.997 0 -0.997 -0.082 2780.dat
1 0 30 -74.106 725.963 -1 0 0 0 0.082 -0.997 0 -0.997 -0.082 2780.dat
1 71 0 -54.166 727.603 -1 0 0 0 0.082 -0.997 0 -0.997 -0.082 32073.dat
1 72 40 -34.226 729.243 0 -1 0 -0.082 0 -0.997 0.997 0 -0.082 40490.dat
1 15 -60 47.597 873.964 0 -1 0 -0.998 0 -0.07 0.07 0 -0.998 32271.dat
1 1 -50 5.581 732.492 -1 0 0 0 0.8404 0.5428 0 0.5428 -0.8404 43093.dat
1 1 -50 39.197 754.204 1 0 0 0 -0.998 -0.07 0 0.07 -0.998 43093.dat
1 4 -30 39.197 754.204 0 0 -1 -0.07 -0.998 0 -0.998 0.07 0 6538.dat
1 71 0 39.197 754.204 -1 0 0 0 -0.998 0.07 0 0.07 0.998 4519.dat
1 4 30 39.197 754.204 0 0 -1 -0.07 -0.998 0 -0.998 0.07 0 6538.dat
1 1 50 39.197 754.204 -1 0 0 0 -0.998 0.07 0 0.07 0.998 43093.dat
1 71 0 47.597 873.964 1 0 0 0 0.998 0.07 0 -0.07 0.998 4519.dat
1 4 -30 47.597 873.964 0 0 1 -0.07 0.998 0 -0.998 -0.07 0 6538.dat
1 4 30 47.597 873.964 0 0 1 -0.07 0.998 0 -0.998 -0.07 0 6538.dat
1 71 -60 47.597 873.964 -1 0 0 0 0.998 -0.07 0 -0.07 -0.998 4519.dat
1 71 60 47.597 873.964 -1 0 0 0 0.998 -0.07 0 -0.07 -0.998 4519.dat
1 15 60 47.597 873.964 0 -1 0 -0.998 0 -0.07 0.07 0 -0.998 32271.dat
1 1 50 5.63 732.547 1 0 0 0 -0.84 0.543 0 -0.543 -0.84 43093.dat
1 72 -140 44.806 834.062 0 -1 0 0.998 0 0.07 -0.07 0 0.998 32316.dat
1 1 -130 47.606 873.982 1 0 0 0 0.998 0.07 0 -0.07 0.998 43093.dat
1 1 -130 42.006 794.142 1 0 0 0 0.998 0.07 0 -0.07 0.998 43093.dat
1 4 -100 47.606 873.982 0 0 1 -0.07 0.998 0 -0.998 -0.07 0 32034.dat
1 4 -100 42.006 794.142 0 0 1 -0.07 0.998 0 -0.998 -0.07 0 32034.dat
1 1 -70 42.006 794.142 -1 0 0 0 0.998 -0.07 0 -0.07 -0.998 43093.dat
1 72 140 44.806 834.062 0 1 0 -0.998 0 0.07 0.07 0 0.998 32316.dat
1 1 130 47.606 873.982 -1 0 0 0 -0.998 0.07 0 0.07 0.998 43093.dat
1 1 130 42.006 794.142 -1 0 0 0 -0.998 0.07 0 0.07 0.998 43093.dat
1 4 100 47.606 873.982 0 0 -1 -0.07 -0.998 0 -0.998 0.07 0 32034.dat
1 4 100 42.006 794.142 0 0 -1 -0.07 -0.998 0 -0.998 0.07 0 32034.dat
1 1 70 42.006 794.142 1 0 0 0 -0.998 -0.07 0 0.07 -0.998 43093.dat
1 15 110 80 60 0 0 1 0 1 0 -1 0 0 56145.dat
1 71 120 80 60 0 0 -1 0 -1 0 -1 0 0 3713.dat
1 256 110 80 60 0 0 1 0 1 0 -1 0 0 55976.dat
1 15 -110 80 60 0 0 -1 0 1 0 1 0 0 56145.dat
1 71 -120 80 60 0 0 1 0 -1 0 1 0 0 3713.dat
1 256 -110 80 60 0 0 -1 0 1 0 1 0 0 55976.dat
1 15 110 80 560 0 0 1 0 1 0 -1 0 0 56145.dat
1 71 120 80 560 0 0 -1 0 -1 0 -1 0 0 3713.dat
1 256 110 80 560 0 0 1 0 1 0 -1 0 0 55976.dat
1 15 -110 80 560 0 0 -1 0 1 0 1 0 0 56145.dat
1 71 -120 80 560 0 0 1 0 -1 0 1 0 0 3713.dat
1 256 -110 80 560 0 0 -1 0 1 0 1 0 0 55976.dat
