0 
0 Name: New Model.ldr
0 Author: 
1 4 556.635 -48 427.443 -0.966 0 0.259 0 1 0 -0.259 0 -0.966 3030.dat
1 14 483.835 -72 428.633 -0.966 0 0.259 0 1 0 -0.259 0 -0.966 3002.dat
1 14 494.195 -72 389.993 -0.966 0 0.259 0 1 0 -0.259 0 -0.966 3002.dat
1 47 489.015 -96 409.313 0.259 0 0.966 0 1 0 -0.966 0 0.259 3037.dat
1 14 508.335 -96 414.493 0.259 0 0.966 0 1 0 -0.966 0 0.259 3010.dat
1 4 498.675 -104 411.903 0.259 0 0.966 0 1 0 -0.966 0 0.259 3020.dat
1 1 535.425 -72 390.693 0.259 0 0.966 0 1 0 -0.966 0 0.259 3062.dat
1 1 519.885 -72 448.653 0.259 0 0.966 0 1 0 -0.966 0 0.259 3062.dat
1 1 577.845 -72 464.193 0.259 0 0.966 0 1 0 -0.966 0 0.259 3062.dat
1 1 593.385 -72 406.233 0.259 0 0.966 0 1 0 -0.966 0 0.259 3062.dat
1 1 635.805 -72 479.733 0.259 0 0.966 0 1 0 -0.966 0 0.259 3062.dat
1 1 651.345 -72 421.773 0.259 0 0.966 0 1 0 -0.966 0 0.259 3062.dat
1 4 469.695 -40 404.133 0.259 0 0.966 0 1 0 -0.966 0 0.259 3010.dat
1 4 561.815 -40 408.123 -0.966 0 0.259 0 1 0 -0.259 0 -0.966 3001.dat
1 4 551.455 -40 446.763 -0.966 0 0.259 0 1 0 -0.259 0 -0.966 3001.dat
1 4 643.575 -40 450.753 0.259 0 0.966 0 1 0 -0.966 0 0.259 3010.dat
1 256 498.675 -40 411.903 0.259 0 0.966 0 1 0 -0.966 0 0.259 3137.dat
1 16 614.595 -40 442.983 0.259 0 0.966 0 1 0 -0.966 0 0.259 3137.dat
1 16 614.595 -18 442.983 0.259 0 0.966 0 1 0 -0.966 0 0.259 u9132.dat
1 256 606.566 -18 472.929 0.259 0 0.966 0 1 0 -0.966 0 0.259 451.dat
1 256 622.624 -18 413.037 -0.259 0 -0.966 0 1 0 0.966 0 -0.259 451.dat
