0 
0 Name: New Model.ldr
0 Author: 
1 1 -160 -35 -460 -0.866 0 -0.5 0 1 0 0.5 0 -0.866 3795.dat
1 1 -194.64 -27 -440 0.5 0 -0.866 0 1 0 0.866 0 0.5 122.dat
1 1 -125.36 -27 -480 0.5 0 -0.866 0 1 0 0.866 0 0.5 122.dat
1 256 -214.64 -21 -474.64 0.866 0 0.5 0 1 0 -0.5 0 0.866 4288.dat
1 256 -174.64 -21 -405.36 -0.866 0 -0.5 0 1 0 0.5 0 -0.866 4288.dat
1 256 -145.36 -21 -514.64 0.866 0 0.5 0 1 0 -0.5 0 0.866 4288.dat
1 256 -105.36 -21 -445.36 -0.866 0 -0.5 0 1 0 0.5 0 -0.866 4288.dat
1 1 -203.3 -59 -435 0.5 0 -0.866 0 1 0 0.866 0 0.5 3039.dat
1 1 -116.7 -43 -485 0.5 0 -0.866 0 1 0 0.866 0 0.5 3023.dat
1 7 -208.3 -67 -443.66 0.866 0 0.5 0 1 0 -0.5 0 0.866 4085.dat
1 7 -198.3 -67 -426.34 -0.866 0 -0.5 0 1 0 0.5 0 -0.866 4085.dat
1 1 -134.02 -43 -475 0.5 0 -0.866 0 1 0 0.866 0 0.5 3829.dat
1 7 -203.3 -75 -435 -0.5 0 0.866 0 1 0 -0.866 0 -0.5 4175.dat
1 0 -218.3 -83 -460.98 0.866 0 0.5 0 1 0 -0.5 0 0.866 4479.dat
1 1 -121.7 -51 -493.66 0.5 0 -0.866 0 1 0 0.866 0 0.5 4081.dat
1 1 -111.7 -51 -476.34 0.5 0 -0.866 0 1 0 0.866 0 0.5 4081.dat
1 36 -109.38 -49 -512.32 0 0.5 0.866 1 0 0 0 0.866 -0.5 6141.dat
1 36 -89.38 -49 -477.68 0 -0.5 0.866 -1 0 0 0 -0.866 -0.5 6141.dat
1 7 -208.3 -83 -443.66 0.866 0 0.5 0 1 0 -0.5 0 0.866 3957.dat
1 15 -167.794 -113 -455.5 0.5 0 -0.866 0 1 0 0.866 0 0.5 3842.dat
1 14 -167.794 -113 -455.5 0.5 0 -0.866 0 1 0 0.866 0 0.5 3626.dat
1 15 -167.794 -88 -455.5 0.5 0 -0.866 0 1 0 0.866 0 0.5 3838.dat
1 15 -167.794 -88 -455.5 0.5 0 -0.866 0 1 0 0.866 0 0.5 973.dat
1 15 -167.794 -56 -455.5 0.5 0 -0.866 0 1 0 0.866 0 0.5 3815.dat
1 15 -167.794 -44 -455.5 0.5 0.865134 0.045032 0 -0.052 0.999 0.866 -0.4995 -0.026 3816.dat
1 15 -167.794 -44 -455.5 0.5 0.865134 0.045032 0 -0.052 0.999 0.866 -0.4995 -0.026 3817.dat
1 0 -132.4153 -97.027 -455.4713 0.526506 0.091428 -0.842402 -0.171 0.982 0.002 0.829912 0.142354 0.534872 4349.dat
