0 Main
0 Name: 42107 - Ducati Panigale V4 R.mpd
0 Author: LTRON
1 0 45 -36.6803 90.3363 0 -1 0 0.677878 0 -0.734422 0.734422 0 0.677878 32449.dat
1 0 35 -36.6803 90.3363 0 -1 0 0.677878 0 -0.734422 0.734422 0 0.677878 32449.dat
1 1 30 -58.7096 110.6835 1 0 0 0 0.677878 -0.734422 0 0.734422 0.677878 43093.dat
1 0 30 -44.0234 97.119 1 0 0 0 0.677878 -0.734422 0 0.734422 0.677878 2780.dat
1 4 20 -58.7096 110.6835 0 1 0 -0.677878 0 -0.734422 -0.734422 0 0.677878 32523.dat
1 70 40 -14.65 69.99 1 0 0 0 -0.677878 0.734422 0 -0.734422 -0.677878 15462.dat
1 4 60 -14.65 69.99 0 -1 0 0.035 0 -0.999 0.999 0 0.035 22961.dat
1 71 80 -14.65 69.99 0 0 1 0.035 -0.999 0 0.999 0.035 0 42610.dat
1 4 20 -14.65 69.99 0 0 -1 0.734422 -0.677878 0 -0.677878 -0.734422 0 3713.dat
1 4 -20 -14.65 69.99 0 0 -1 0.734422 -0.677878 0 -0.677878 -0.734422 0 26287.dat
1 70 -60 -14.65 69.99 -1 0 0 0 0.677878 0.734422 0 0.734422 -0.677878 24316.dat
1 4 -60 -14.65 69.99 0 -1 0 0.035 0 -0.999 0.999 0 0.035 22961.dat
1 71 -80 -14.65 69.99 0 0 1 0.035 -0.999 0 0.999 0.035 0 42610.dat
1 4 -60 -13.25 109.95 1 0 0 0 0.999 0.035 0 -0.035 0.999 26287.dat
1 4 60 -13.25 109.95 1 0 0 0 0.999 0.035 0 -0.035 0.999 26287.dat
1 4 -60 -12.2 139.92 0 0 1 -0.035 0.999 0 -0.999 -0.035 0 32062.dat
1 4 60 -12.2 139.92 0 0 1 -0.035 0.999 0 -0.999 -0.035 0 32062.dat
1 4 60 -10.1 199.86 0 0 1 -0.035 0.999 0 -0.999 -0.035 0 32062.dat
1 4 60 -11.15 169.89 1 0 0 0 0.999 0.035 0 -0.035 0.999 26287.dat
1 4 -60 -10.1 199.86 0 0 1 -0.035 0.999 0 -0.999 -0.035 0 32062.dat
1 4 -60 -11.15 169.89 1 0 0 0 0.999 0.035 0 -0.035 0.999 26287.dat
1 4 -60 -9.05 229.83 1 0 0 0 0.999 0.035 0 -0.035 0.999 32016.dat
1 4 60 -9.05 229.83 1 0 0 0 0.999 0.035 0 -0.035 0.999 32016.dat
1 71 -60 -23.0483 267.2838 0 0 1 0.350277 0.936481 0 -0.936481 0.350277 0 4519.dat
1 71 60 -23.0483 267.2838 0 0 1 0.350277 0.936481 0 -0.936481 0.350277 0 4519.dat
1 4 -60 -23.0483 267.2838 0 -1 0 0.936481 0 -0.350277 0.350277 0 0.936481 3713.dat
1 4 60 -23.0483 267.2838 0 -1 0 0.936481 0 -0.350277 0.350277 0 0.936481 3713.dat
1 4 -60 -37.0475 304.7376 0 0 1 -0.350277 -0.936481 0 0.936481 -0.350277 0 25214.dat
1 4 60 -37.0475 304.7376 0 0 -1 -0.350277 0.936481 0 0.936481 0.350277 0 25214.dat
1 4 -30 -37.0475 304.7376 1 0 0 0 0.936481 -0.350277 0 0.350277 0.936481 32062.dat
1 4 30 -37.0475 304.7376 1 0 0 0 0.936481 -0.350277 0 0.350277 0.936481 32062.dat
1 4 0 -37.0475 304.7376 0 0 1 0.350277 0.936481 0 -0.936481 0.350277 0 26287.dat
1 0 40 -9.05 229.83 -1 0 0 0 -0.953796 0.297476 0 0.297476 0.953796 18651.dat
1 72 40 -9.05 229.83 -1 0 0 0 -0.953796 0.297476 0 0.297476 0.953796 6553.dat
1 0 20 -9.05 229.83 0 1 0 -0.297476 0 -0.953796 -0.953796 0 0.297476 60483.dat
1 4 40 -74.6231 187.4563 1 0 0 0 -0.953796 -0.297476 0 0.297476 -0.953796 32524.dat
1 1 40 -53.1734 222.6509 0 1 0 0.953796 0 -0.297476 -0.297476 0 -0.953796 43093.dat
1 0 40 -76.9858 146.3097 0 -1 0 -0.953796 0 -0.297476 0.297476 0 -0.953796 2780.dat
1 0 40 -67.444 143.3328 -1 0 0 0 0.297476 0.953796 0 0.953796 -0.297476 42003.dat
1 4 40 -80.5759 168.3714 0 0 -1 -0.953796 0.297476 0 0.297476 0.953796 0 11214.dat
1 1 30 -73.3968 124.247 1 0 0 0 -0.953796 -0.297476 0 0.297476 -0.953796 43093.dat
1 0 -70 -140.439 -109.989 -1 0 0 0 -0.207 0.978 0 0.978 0.207 42003.dat
1 4 -20 -136.299 -129.549 -1 0 0 0 -0.207 0.978 0 0.978 0.207 3706.dat
1 71 -55 -136.299 -129.549 0 0 1 0.978 -0.207 0 0.207 0.978 0 32123.dat
1 0 -40 -136.299 -129.549 0 1 0 -0.978 0 -0.207 -0.207 0 0.978 60483.dat
1 1 -20 -140.439 -109.989 1 0 0 0 0.978 -0.207 0 0.207 0.978 6558.dat
1 0 -20 -123.879 -188.229 0 -1 0 -0.978 0 0.207 -0.207 0 -0.978 32009.dat
1 0 0 -136.299 -129.549 0 1 0 -0.978 0 -0.207 -0.207 0 0.978 60483.dat
1 19 10 -156.999 -31.749 -1 0 0 0 -0.978 -0.207 0 -0.207 0.978 99008.dat
1 71 15 -136.299 -129.549 0 0 1 0.978 -0.207 0 0.207 0.978 0 32123.dat
1 0 30 -140.439 -109.989 -1 0 0 0 -0.207 0.978 0 0.978 0.207 42003.dat
1 1 -20 -148.719 -70.869 1 0 0 0 -0.207 -0.978 0 0.978 -0.207 6558.dat
1 1 -20 -152.859 -51.309 1 0 0 0 -0.207 -0.978 0 0.978 -0.207 6558.dat
1 0 -40 -156.999 -31.749 0 -1 0 -0.978 0 0.207 -0.207 0 -0.978 32316.dat
1 1 -20 -161.139 -12.189 1 0 0 0 -0.207 -0.978 0 0.978 -0.207 6558.dat
1 1 -20 -165.279 7.371 1 0 0 0 -0.207 -0.978 0 0.978 -0.207 6558.dat
1 1 -60 -156.999 -31.749 -1 0 0 0 -0.207 0.978 0 0.978 0.207 6558.dat
1 0 -20 -223.959 -5.049 0 -1 0 0.207 0 0.978 -0.978 0 0.207 32140.dat
1 71 -20 -223.959 -5.049 -1 0 0 0 -0.207 0.978 0 0.978 0.207 4519.dat
1 0 0 -156.999 -31.749 0 -1 0 -0.978 0 0.207 -0.207 0 -0.978 32316.dat
1 1 -20 -184.839 3.231 1 0 0 0 0.207 0.978 0 -0.978 0.207 6558.dat
1 71 0 -243.519 -9.189 0 -1 0 0.207 0 0.978 -0.978 0 0.207 32524.dat
1 71 -20 -202.119 -204.789 -1 0 0 0 -0.207 0.978 0 0.978 0.207 4519.dat
1 1 -20 -182.559 -200.649 -1 0 0 0 -0.207 0.978 0 0.978 0.207 6558.dat
1 0 0 -319.479 -229.629 0 -1 0 -0.207 0 -0.978 0.978 0 -0.207 32009.dat
1 1 -20 -132.159 -149.109 -1 0 0 0 -0.207 0.978 0 0.978 0.207 6558.dat
1 0 0 -210.399 -165.669 0 1 0 -0.207 0 0.978 0.978 0 0.207 40490.dat
1 1 -20 -269.079 -178.089 -1 0 0 0 -0.207 0.978 0 0.978 0.207 6558.dat
1 1 -20 -249.519 -173.949 -1 0 0 0 -0.207 0.978 0 0.978 0.207 6558.dat
1 0 -20 -256.659 -236.769 0 -1 0 0.978 0 -0.207 0.207 0 0.978 32140.dat
1 1 -20 -260.799 -217.209 1 0 0 0 -0.207 -0.978 0 0.978 -0.207 6558.dat
1 1 20 -151.719 -153.249 1 0 0 0 -0.207 -0.978 0 0.978 -0.207 6558.dat
1 1 10 -171.279 -157.389 1 0 0 0 -0.207 -0.978 0 0.978 -0.207 43093.dat
1 0 20 -171.279 -157.389 0 1 0 -0.207 0 0.978 0.978 0 0.207 60483.dat
1 1 -20 -331.899 -170.949 -1 0 0 0 -0.207 0.978 0 0.978 0.207 6558.dat
1 0 -20 -360.879 -34.029 0 -1 0 0.978 0 -0.207 0.207 0 0.978 32009.dat
1 1 -20 -302.199 -21.609 -1 0 0 0 -0.207 0.978 0 0.978 0.207 6558.dat
1 0 -40 -319.479 -229.629 0 -1 0 -0.207 0 -0.978 0.978 0 -0.207 32009.dat
1 4 -20 -336.039 -151.389 -1 0 0 0 -0.207 0.978 0 0.978 0.207 3706.dat
1 71 -20 -162.999 -196.509 -1 0 0 0 -0.207 0.978 0 0.978 0.207 44294.dat
1 0 -60 -182.559 -200.649 -1 0 0 0 -0.978 -0.207 0 -0.207 0.978 42003.dat
1 0 20 -182.559 -200.649 -1 0 0 0 -0.978 -0.207 0 -0.207 0.978 42003.dat
1 1 20 -202.119 -204.789 0 1 0 -0.207 0 0.978 0.978 0 0.207 6558.dat
1 1 -60 -202.119 -204.789 0 1 0 -0.207 0 0.978 0.978 0 0.207 6558.dat
1 0 -20 -206.259 -185.229 0 0 1 -0.978 0.207 0 -0.207 -0.978 0 40490.dat
1 1 -20 -340.179 -131.829 -1 0 0 0 -0.207 0.978 0 0.978 0.207 6558.dat
1 0 -10 -348.459 -92.709 -1 0 0 0 -0.207 0.978 0 0.978 0.207 2780.dat
1 71 0 -348.459 -92.709 0 1 0 0.978 0 0.207 0.207 0 -0.978 60484.dat
1 71 0 -437.6067 -89.4667 0 -1 0 0.774843 0 -0.630969 0.630969 0 0.774843 32009.dat
1 1 -20 -406.6039 -64.2127 -1 0 0 0 -0.774843 -0.630969 0 -0.630969 0.774843 6558.dat
1 1 -20 -399.7253 -135.9707 -1 0 0 0 -0.774843 -0.630969 0 -0.630969 0.774843 6558.dat
1 71 -20 -375.6011 -38.9588 -1 0 0 0 -0.774843 -0.630969 0 -0.630969 0.774843 4519.dat
1 4 -20 -379.7317 -135.9693 0 -1 0 0 0 -0.999333 0.999333 0 0 32523.dat
1 71 -20 -375.6011 -38.9588 0 -1 0 -0.630969 0 -0.774843 0.774843 0 -0.630969 32316.dat
1 1 -20 -349.2173 -197.9762 -1 0 0 0 -0.774843 -0.630969 0 -0.630969 0.774843 6558.dat
1 1 -20 -412.3527 -120.4694 -1 0 0 0 -0.241293 -0.969681 0 -0.969681 0.241293 6558.dat
1 4 -20 -349.2173 -197.9762 -1 0 0 0 0.241293 0.969681 0 0.969681 -0.241293 24116.dat
1 71 -40 -437.6067 -89.4667 0 -1 0 0.774843 0 -0.630969 0.630969 0 0.774843 32009.dat
1 4 -20 -359.739 -135.969 -1 0 0 0 -0.978 -0.207 0 -0.207 0.978 11214.dat
1 0 -40 -359.739 -135.969 0 1 0 -0.207 0 0.978 0.978 0 0.207 60483.dat
1 1 -20 -352.599 -73.149 -1 0 0 0 0.133614 0.990828 0 0.990828 -0.133614 6558.dat
1 0 0 -341.9318 6.1095 0 1 0 0.990828 0 -0.133614 -0.133614 0 -0.990828 40490.dat
1 1 -20 -263.079 -13.329 -1 0 0 0 -0.568569 0.822792 0 0.822792 0.568569 6558.dat
1 0 -20 -319.8997 68.919 0 1 0 0.822792 0 0.568569 0.568569 0 -0.822792 32525.dat
1 1 -20 -331.2645 85.3681 -1 0 0 0 -0.568569 0.822792 0 0.822792 0.568569 6558.dat
1 1 -20 -344.5984 -13.7048 -1 0 0 0 -0.680298 0.732726 0 0.732726 0.680298 6558.dat
1 0 -40 -341.9318 6.1095 0 1 0 0.990828 0 -0.133614 -0.133614 0 -0.990828 40490.dat
1 14 40 -164.139 -94.569 0 0 1 0.207 0.978 0 -0.978 0.207 0 32073.dat
1 1 40 -151.719 -153.249 -1 0 0 0 0.978 0.207 0 0.207 -0.978 32013.dat
1 71 40 -159.999 -114.129 0 0 -1 0.207 -0.978 0 -0.978 -0.207 0 6536.dat
1 71 40 -222.819 -106.989 1 0 0 0 0.207 0.978 0 -0.978 0.207 32524.dat
1 71 40 -187.839 -79.149 0 0 1 -0.207 -0.978 0 0.978 -0.207 0 32184.dat
1 19 40 -205.329 -93.069 0 0 -1 0.207 -0.978 0 -0.978 -0.207 0 99008.dat
1 71 40 -218.679 -126.549 0 0 1 -0.207 -0.978 0 0.978 -0.207 0 32184.dat
1 4 40 -244.449 -101.349 0 0 1 -0.207 -0.978 0 0.978 -0.207 0 3706.dat
1 0 40 -234.099 -150.249 0 0 1 0.978 -0.207 0 0.207 0.978 0 60483.dat
1 71 40 -246.519 -91.569 1 0 0 0 0.978 -0.207 0 0.207 0.978 48989.dat
1 0 40 -285.639 -99.849 0 1 0 -0.207 0 0.978 0.978 0 0.207 18651.dat
1 0 40 -285.639 -99.849 0 0 1 -0.207 -0.978 0 0.978 -0.207 0 63869.dat
1 71 40 -249.624 -76.899 1 0 0 0 -0.207 -0.978 0 0.978 -0.207 11478.dat
1 71 40 -212.574 -58.839 1 0 0 0 -0.207 -0.978 0 0.978 -0.207 11478.dat
1 71 40 -171.384 -60.339 -1 0 0 0 0.978 0.207 0 0.207 -0.978 32123.dat
1 0 40 -235.239 -48.309 0 0 -1 -0.207 0.978 0 0.978 0.207 0 42003.dat
1 70 20 -187.839 -79.149 1 0 0 0 0.978 -0.207 0 0.207 0.978 24316.dat
1 4 20 -187.839 -79.149 0 0 1 -0.978 0.207 0 -0.207 -0.978 0 18946.dat
1 4 -20 -187.839 -79.149 0 0 1 -0.978 0.207 0 -0.207 -0.978 0 26287.dat
1 72 -20 -187.839 -79.149 0 0 1 -0.978 0.207 0 -0.207 -0.978 0 18947.dat
1 19 -70 -187.839 -79.149 1 0 0 0 0.207 0.978 0 -0.978 0.207 99008.dat
1 71 80 -196.119 -40.029 0 1 0 0.978 0 0.207 0.207 0 -0.978 33299.dat
1 4 -30 -196.119 -40.029 -1 0 0 0 0.207 -0.978 0 -0.978 -0.207 3708.dat
1 72 65 -196.119 -40.029 0 1 0 0.978 0 0.207 0.207 0 -0.978 41677.dat
1 71 55 -196.119 -40.029 0 0 -1 0.978 0.207 0 0.207 -0.978 0 32123.dat
1 71 40 -196.119 -40.029 0 -1 0 0.978 0 -0.207 0.207 0 0.978 18654.dat
1 0 25 -196.119 -40.029 0 -1 0 0.978 0 -0.207 0.207 0 0.978 99773.dat
1 0 15 -196.119 -40.029 0 -1 0 0.978 0 -0.207 0.207 0 0.978 99773.dat
1 4 0 -196.119 -40.029 0 0 1 0.978 -0.207 0 0.207 0.978 0 3713.dat
1 25 -20 -196.119 -40.029 0 0 1 0.207 0.978 0 -0.978 0.207 0 35188.dat
1 4 -40 -196.119 -40.029 0 0 1 0.978 -0.207 0 0.207 0.978 0 3713.dat
1 0 30 -215.679 -44.169 -1 0 0 0 0.207 -0.978 0 -0.978 -0.207 2780.dat
1 72 10 -179.559 -118.269 -1 0 0 0 0.978 0.207 0 0.207 -0.978 87083.dat
1 71 -20 -199.119 -122.409 0 0 -1 -0.207 0.978 0 0.978 0.207 0 6536.dat
1 0 0 -179.559 -118.269 0 0 -1 -0.207 0.978 0 0.978 0.207 0 32270.dat
1 4 -20 -199.119 -122.409 0 0 -1 -0.207 0.978 0 0.978 0.207 0 32062.dat
1 1 -40 -179.559 -118.269 0 0 -1 0.207 -0.978 0 -0.978 -0.207 0 92907.dat
1 4 -40 -199.119 -122.409 0 0 -1 -0.207 0.978 0 0.978 0.207 0 32062.dat
1 70 -60 -179.559 -118.269 1 0 0 0 0.999348 -0.033723 0 0.033723 0.999348 24316.dat
1 71 -60 -179.559 -118.269 0 0 -1 0.033723 -0.999348 0 -0.999348 -0.033723 0 94925.dat
1 0 -40 -199.119 -122.409 0 0 -1 0.207 -0.978 0 -0.978 -0.207 0 63869.dat
1 0 -30 -222.819 -106.989 -1 0 0 0 -0.207 0.978 0 0.978 0.207 2780.dat
1 0 -30 -214.539 -146.109 -1 0 0 0 -0.207 0.978 0 0.978 0.207 2780.dat
1 15 -20 -226.959 -87.429 0 1 0 0.978 0 0.207 0.207 0 -0.978 40490.dat
1 0 -30 -231.099 -67.869 -1 0 0 0 -0.207 0.978 0 0.978 0.207 2780.dat
1 1 -20 -210.399 -165.669 1 0 0 0 0.207 0.978 0 -0.978 0.207 6558.dat
1 1 -20 -239.379 -28.749 1 0 0 0 0.207 0.978 0 -0.978 0.207 6558.dat
1 1 -20 -243.519 -9.189 1 0 0 0 0.207 0.978 0 -0.978 0.207 6558.dat
1 71 -20 -218.679 -126.549 1 0 0 0 0.207 0.978 0 -0.978 0.207 44294.dat
1 71 -60 -218.679 -126.549 0 0 -1 0.207 -0.978 0 -0.978 -0.207 0 94925.dat
1 19 0 -218.679 -126.549 0 0 -1 0.207 -0.978 0 -0.978 -0.207 0 18575.dat
1 71 20 -179.559 -118.269 0 0 -1 0.207 -0.978 0 -0.978 -0.207 0 94925.dat
1 4 10 -226.959 -87.429 -1 0 0 0 -0.978 -0.207 0 -0.207 0.978 3706.dat
1 14 -50 -226.959 -87.429 0 0 1 -0.207 -0.978 0 0.978 -0.207 0 59443.dat
1 71 -80 -226.959 -87.429 1 0 0 0 -0.978 0.207 0 -0.207 -0.978 4519.dat
1 0 0 -226.959 -87.429 0 0 -1 -0.207 0.978 0 0.978 0.207 0 32270.dat
1 72 10 -235.239 -48.309 -1 0 0 0 0.978 0.207 0 0.207 -0.978 87083.dat
1 0 0 -235.239 -48.309 0 1 0 -0.978 0 -0.207 -0.207 0 0.978 60483.dat
1 4 -40 -235.239 -48.309 0 1 0 -0.978 0 -0.207 -0.207 0 0.978 32523.dat
1 0 -50 -235.239 -48.309 -1 0 0 0 -0.207 0.978 0 0.978 0.207 2780.dat
1 4 20 -222.819 -106.989 0 1 0 -0.978 0 -0.207 -0.207 0 0.978 32523.dat
1 71 -40 -243.519 -9.189 0 -1 0 -0.207 0 -0.978 0.978 0 -0.207 32524.dat
1 0 -40 -210.399 -165.669 0 -1 0 -0.207 0 -0.978 0.978 0 -0.207 40490.dat
1 1 -60 -151.719 -153.249 -1 0 0 0 0.207 -0.978 0 -0.978 -0.207 6558.dat
1 1 -50 -171.279 -157.389 -1 0 0 0 0.207 -0.978 0 -0.978 -0.207 43093.dat
1 0 -60 -171.279 -157.389 0 -1 0 0.207 0 0.978 -0.978 0 0.207 60483.dat
1 1 -60 -309.339 -84.429 -1 0 0 0 0.7524 -0.6582 0 -0.6582 -0.7524 6558.dat
1 0 -50 -283.011 -54.333 -1 0 0 0 0.978 0.207 0 0.207 -0.978 2780.dat
1 71 -30 -315.7374 -52.2678 0 0 -1 0.6582 0.7524 0 0.7524 -0.6582 0 2850.dat
1 0 -10 -309.339 -84.429 -1 0 0 0 0.978 0.207 0 0.207 -0.978 2780.dat
1 0 -10 -283.011 -54.333 -1 0 0 0 0.978 0.207 0 0.207 -0.978 2780.dat
1 71 10 -315.7374 -52.2678 0 0 -1 0.6582 0.7524 0 0.7524 -0.6582 0 2850.dat
1 71 -60 -314.979 -106.059 0 0 1 0.207 0.978 0 -0.978 0.207 0 32333.dat
1 71 -70 -266.079 -95.709 -1 0 0 0 -0.978 -0.207 0 -0.207 0.978 4519.dat
1 14 -30 -266.079 -95.709 0 0 1 -0.207 -0.978 0 0.978 -0.207 0 2853.dat
1 71 -30 -264.009 -105.489 0 0 1 -0.763707 0.644961 0 -0.644961 -0.763707 0 2852.dat
1 71 -30 -264.009 -105.489 0 0 -1 -0.833169 0.552207 0 0.552207 0.833169 0 2852.dat
1 19 -10 -266.079 -95.709 0 0 -1 0.207 -0.978 0 -0.978 -0.207 0 2854.dat
1 4 10 -268.149 -85.929 -1 0 0 0 0.978 0.207 0 0.207 -0.978 32062.dat
1 71 10 -268.149 -85.929 0 0 1 -0.537987 0.842421 0 -0.842421 -0.537987 0 2852.dat
1 71 10 -268.149 -85.929 0 0 -1 -0.959529 0.280227 0 0.280227 0.959529 0 2852.dat
1 14 40 -268.149 -85.929 0 0 1 -0.207 -0.978 0 0.978 -0.207 0 2853.dat
1 14 -30 -289.8148 -74.9443 0 0 -1 0.6582 0.7524 0 0.7524 -0.6582 0 2851.dat
1 14 -30 -286.1055 -138.8155 0 0 -1 -0.9066 0.4212 0 0.4212 0.9066 0 2851.dat
1 14 10 -301.8532 -64.4131 0 0 -1 0.6582 0.7524 0 0.7524 -0.6582 0 2851.dat
1 14 10 -279.3663 -124.3099 0 0 -1 -0.9066 0.4212 0 0.4212 0.9066 0 2851.dat
1 1 -60 -301.059 -123.549 1 0 0 0 0.4212 -0.9066 0 0.9066 0.4212 6558.dat
1 71 -30 -293.8782 -155.5446 0 0 -1 -0.9066 0.4212 0 0.4212 0.9066 0 2850.dat
1 71 10 -293.8782 -155.5446 0 0 -1 -0.9066 0.4212 0 0.4212 0.9066 0 2850.dat
1 0 -10 -264.795 -140.397 1 0 0 0 0.978 -0.207 0 0.207 0.978 2780.dat
1 0 -10 -301.059 -123.549 1 0 0 0 0.978 -0.207 0 0.207 0.978 2780.dat
1 71 -60 -264.795 -140.397 1 0 0 0 -0.978 0.207 0 -0.207 -0.978 32054.dat
1 0 30 -301.059 -123.549 1 0 0 0 0.978 -0.207 0 0.207 0.978 2780.dat
1 0 30 -309.339 -84.429 1 0 0 0 0.978 -0.207 0 0.207 0.978 2780.dat
1 4 -60 -187.839 -79.149 0 0 1 0.207 0.978 0 -0.978 0.207 0 18946.dat
1 0 -80 -246.519 -91.569 0 0 1 0.207 0.978 0 -0.978 0.207 0 3707.dat
1 0 -80 -265.149 -3.549 1 0 0 0 0.978 -0.207 0 0.207 0.978 32016.dat
1 71 -80 -257.904 -37.779 1 0 0 0 0.978 -0.207 0 0.207 0.978 32123.dat
1 0 -80 -235.239 -48.309 0 0 1 0.207 0.978 0 -0.978 0.207 0 42003.dat
1 71 -80 -212.574 -58.839 1 0 0 0 0.207 0.978 0 -0.978 0.207 11478.dat
1 4 -80 -166.209 -84.789 0 -1 0 0.207 0 0.978 -0.978 0 0.207 3706.dat
1 71 -80 -176.559 -35.889 0 0 1 0.207 0.978 0 -0.978 0.207 0 6536.dat
1 71 -80 -171.384 -60.339 1 0 0 0 0.978 -0.207 0 0.207 0.978 32123.dat
1 71 -80 -187.839 -79.149 0 0 1 0.207 0.978 0 -0.978 0.207 0 32184.dat
1 19 -80 -205.329 -93.069 0 0 1 0.207 0.978 0 -0.978 0.207 0 99008.dat
1 71 -80 -249.624 -76.899 1 0 0 0 0.207 0.978 0 -0.978 0.207 11478.dat
1 71 -80 -246.519 -91.569 1 0 0 0 0.978 -0.207 0 0.207 0.978 48989.dat
1 0 -80 -285.639 -99.849 0 0 -1 -0.207 0.978 0 0.978 0.207 0 18651.dat
1 0 -80 -285.639 -99.849 0 0 1 -0.207 -0.978 0 0.978 -0.207 0 63869.dat
1 71 -80 -222.819 -106.989 -1 0 0 0 -0.207 0.978 0 0.978 0.207 32524.dat
1 71 -80 -218.679 -126.549 0 0 1 0.207 0.978 0 -0.978 0.207 0 32184.dat
1 71 -80 -159.999 -114.129 0 0 -1 0.207 -0.978 0 -0.978 -0.207 0 6536.dat
1 1 -80 -151.719 -153.249 1 0 0 0 -0.978 0.207 0 -0.207 -0.978 32013.dat
1 0 -80 -234.099 -150.249 0 0 -1 -0.978 -0.207 0 -0.207 0.978 0 60483.dat
1 0 -80 -239.379 -28.749 0 -1 0 -0.978 0 0.207 -0.207 0 -0.978 42003.dat
1 14 -60 -200.259 -20.469 0 -1 0 -0.978 0 0.207 -0.207 0 -0.978 32073.dat
1 0 -60 -219.819 -24.609 0 0 -1 0.978 0.207 0 0.207 -0.978 0 63869.dat
1 0 -70 -215.679 -44.169 1 0 0 0 -0.207 -0.978 0 0.978 -0.207 2780.dat
1 71 -60 -200.259 -20.469 0 0 -1 -0.978 -0.207 0 -0.207 0.978 0 6536.dat
1 71 -60 -170.919 -14.259 0 1 0 -0.978 0 -0.207 -0.207 0 0.978 41678.dat
1 19 -100 -235.239 -48.309 1 0 0 0 0.978 -0.207 0 0.207 0.978 32556.dat
1 0 -100 -235.239 -48.309 0 -1 0 -0.207 0 -0.978 0.978 0 -0.207 15100.dat
1 1 -90 -305.199 -103.989 -1 0 0 0 0.978 0.207 0 0.207 -0.978 43093.dat
1 4 -100 -305.199 -103.989 0 0 -1 -0.207 0.978 0 0.978 0.207 0 3713.dat
1 71 -95 -266.079 -95.709 0 0 -1 -0.207 0.978 0 0.978 0.207 0 32123.dat
1 71 -95 -226.959 -87.429 0 0 -1 -0.207 0.978 0 0.978 0.207 0 32123.dat
1 71 -100 -187.839 -79.149 0 0 -1 -0.207 0.978 0 0.978 0.207 0 94925.dat
1 4 -30 -321.759 -25.749 1 0 0 0 0.978 -0.207 0 0.207 0.978 3706.dat
1 4 -40 -321.759 -25.749 0 0 1 0.207 0.978 0 -0.978 0.207 0 3713.dat
1 71 -60 -302.199 -21.609 -1 0 0 0 0.978 0.207 0 0.207 -0.978 32184.dat
1 0 -80 -302.199 -21.609 -1 0 0 0 0.978 0.207 0 0.207 -0.978 42003.dat
1 0 -60 -306.339 -2.049 0 1 0 0.207 0 -0.978 -0.978 0 -0.207 15100.dat
1 14 -20 -282.639 -17.469 -1 0 0 0 0.207 -0.978 0 -0.978 -0.207 32073.dat
1 0 -80 -300.129 -31.389 0 -1 0 -0.207 0 -0.978 0.978 0 -0.207 2780.dat
1 0 -80 -280.569 -27.249 0 -1 0 -0.207 0 -0.978 0.978 0 -0.207 2780.dat
1 0 -80 -298.059 -41.169 -1 0 0 0 -0.207 0.978 0 0.978 0.207 85940.dat
1 71 -89.971 -307.5319 -43.174 0.707 0 -0.707 0.691446 0.207 0.691446 0.146349 -0.978 0.146349 4274.dat
1 19 -97.042 -314.4474 -44.6377 -0.5 -0.707 -0.5 0.635349 -0.691446 0.342651 -0.587946 -0.146349 0.794946 18654.dat
1 4 0 -321.759 -25.749 0 0 1 0.207 0.978 0 -0.978 0.207 0 3713.dat
1 71 10 -119.5036 181.2057 0 0 1 0.943623 0.330597 0 -0.330597 0.943623 0 35189.dat
1 1 40 -134.5884 228.8685 0 -1 0 0.943623 0 0.330597 -0.330597 0 0.943623 43093.dat
1 0 40 -151.6 150.0727 0 -1 0 0.943623 0 0.330597 -0.330597 0 0.943623 18651.dat
1 0 40 -147.8123 191.1236 0 -1 0 0.943623 0 0.330597 -0.330597 0 0.943623 2780.dat
1 0 40 -183.6963 118.9398 -1 0 0 0 -0.943623 0.330597 0 0.330597 0.943623 41239.dat
1 0 40 -186.5206 141.1182 0 0 -1 -0.943623 0.330597 0 0.330597 0.943623 0 2780.dat
1 1 40 -183.6963 118.9398 0 0 -1 -0.943623 0.330597 0 0.330597 0.943623 0 6558.dat
1 0 40 -164.8239 112.3278 -1 0 0 0 0.943623 -0.330597 0 -0.330597 -0.943623 15100.dat
1 0 25 -151.6 150.0727 0 -1 0 -0.943623 0 -0.330597 0.330597 0 -0.943623 99773.dat
1 0 15 -151.6 150.0727 0 -1 0 -0.943623 0 -0.330597 0.330597 0 -0.943623 99773.dat
1 71 40 -197.8835 17.9655 1 0 0 0 -0.330597 0.943623 0 -0.943623 -0.330597 48989.dat
1 1 40 -171.4358 93.4554 0 0 1 -0.943623 -0.330597 0 0.330597 -0.943623 0 6558.dat
1 1 40 -184.6597 55.7104 0 0 1 -0.943623 -0.330597 0 0.330597 -0.943623 0 6558.dat
1 72 -40 -184.6597 55.7104 0 0 1 0.330597 -0.943623 0 0.943623 0.330597 0 32526.dat
1 0 40 -159.1753 67.971 -1 0 0 0 -0.943623 0.330597 0 0.330597 0.943623 40490.dat
1 0 40 -129.9032 121.2824 0 1 0 -0.943623 0 0.330597 0.330597 0 0.943623 2780.dat
1 0 40 -136.5152 102.4099 0 1 0 -0.943623 0 0.330597 0.330597 0 0.943623 2780.dat
1 0 40 -120.467 117.9764 -1 0 0 0 -0.330597 -0.943623 0 -0.943623 0.330597 42003.dat
1 4 30 -113.855 136.8489 -1 0 0 0 -0.330597 -0.943623 0 -0.943623 0.330597 32062.dat
1 4 30 -189.3449 163.2966 -1 0 0 0 -0.330597 -0.943623 0 -0.943623 0.330597 32062.dat
1 0 40 -195.9568 144.4242 -1 0 0 0 -0.330597 -0.943623 0 -0.943623 0.330597 42003.dat
1 1 20 -175.2234 52.4045 0 0 -1 0.943623 -0.330597 0 -0.330597 -0.943623 0 43093.dat
1 1 0 -184.6597 55.7104 0 0 1 -0.943623 -0.330597 0 0.330597 -0.943623 0 6558.dat
1 1 -40 -184.6597 55.7104 0 0 1 -0.943623 -0.330597 0 0.330597 -0.943623 0 6558.dat
1 71 -20 -170.5053 50.7515 0 0 1 -0.330597 0.943623 0 -0.943623 -0.330597 0 11478.dat
1 71 -20 -161.0691 47.4455 0 0 1 -0.330597 0.943623 0 -0.943623 -0.330597 0 11478.dat
1 72 -60 -192.2086 58.3552 0 0 1 0.943623 0.330597 0 -0.330597 0.943623 0 87083.dat
1 71 -60 -191.2716 36.838 0 0 1 0.943623 0.330597 0 -0.330597 0.943623 0 32184.dat
1 71 -20 -198.814 60.6694 0 0 1 0.330597 -0.943623 0 0.943623 0.330597 0 11478.dat
1 71 -20 -208.2502 63.9754 0 0 1 0.330597 -0.943623 0 0.943623 0.330597 0 11478.dat
1 0 -20 -222.4046 68.9343 0 1 0 0.943623 0 -0.330597 -0.330597 0 -0.943623 15100.dat
1 71 20 -191.2716 36.838 1 0 0 0 -0.943623 -0.330597 0 0.330597 -0.943623 32054.dat
1 0 20 -210.1441 43.4499 0 0 -1 0.330597 0.943623 0 0.943623 -0.330597 0 42003.dat
1 0 20 -222.4046 68.9343 1 0 0 0 0.330597 -0.943623 0 0.943623 0.330597 10197.dat
1 72 -10 -222.4046 68.9343 1 0 0 0 0.084112 -0.996076 0 0.996076 0.084112 87083.dat
1 71 -35 -222.4046 68.9343 0 0 -1 -0.996076 0.084112 0 0.084112 0.996076 0 32123.dat
0 !LEOCAD SYNTH BEGIN
0 !LEOCAD SYNTH CONTROL_POINT 0 110 0 1 0 0 0 1 0 0 0 1 1
0 !LEOCAD SYNTH CONTROL_POINT 0 0 0 1 0 0 0 1 0 0 0 1 1
1 14 0 -306.4558 -2.0021 0 0 -1 -0.644516 0.764005 0 0.764005 0.644516 0 76537.dat
0 !LEOCAD SYNTH END
1 71 0 -306.4558 -2.0021 1 0 0 0 0.996076 0.084112 0 -0.084112 0.996076 32054.dat
1 4 -40 -306.4558 -2.0021 1 0 0 0 0.996076 0.084112 0 -0.084112 0.996076 11214.dat
1 71 -40 -306.4558 -2.0021 0 1 0 -0.996076 0 0.084112 0.084112 0 0.996076 18654.dat
1 71 -20 -204.399 -0.909 -1 0 0 0 -0.207 0.978 0 0.978 0.207 23948.dat
1 71 70 -204.399 -0.909 0 0 1 -0.207 -0.978 0 0.978 -0.207 0 94925.dat
1 19 57 -204.399 -0.909 0 0 -1 0.207 -0.978 0 -0.978 -0.207 0 6589.dat
1 71 -60 -197.797 17.9624 0 1 0 -0.943623 0 0.330597 0.330597 0 0.943623 4519.dat
1 0 -80 -204.399 -0.909 0 0 -1 -0.943623 0.330597 0 0.330597 0.943623 0 92907.dat
1 71 -100 -204.399 -0.909 0 0 -1 -0.978 -0.207 0 -0.207 0.978 0 94925.dat
1 71 -115 -204.399 -0.909 0 0 -1 -0.978 -0.207 0 -0.207 0.978 0 32123.dat
1 71 -80 -196.119 -40.029 0 1 0 -0.943623 0 0.330597 0.330597 0 0.943623 18654.dat
1 4 -100 -196.119 -40.029 0 0 -1 -0.033723 0.999348 0 0.999348 0.033723 0 18946.dat
1 0 -120 -196.119 -40.029 0 0 -1 -0.207 0.978 0 0.978 0.207 0 32072.dat
1 71 -135 -196.119 -40.029 0 0 -1 -0.207 0.978 0 0.978 0.207 0 32123.dat
1 71 -145 -196.119 -40.029 0 0 -1 -0.207 0.978 0 0.978 0.207 0 32123.dat
1 0 -120 -226.2101 -9.3552 0 1 0 0.973629 0 -0.226152 -0.226152 0 -0.973629 32140.dat
1 1 -110 -239.753 -67.7858 1 0 0 0 0.978 -0.207 0 0.207 0.978 43093.dat
1 4 -100 -239.753 -67.7858 0 0 -1 -0.207 0.978 0 0.978 0.207 0 3713.dat
1 72 -60 -241.2067 75.5131 -1 0 0 0 -0.330597 -0.943623 0 -0.943623 0.330597 32192.dat
1 72 -60 -267.2339 129.5525 -1 0 0 0 0.433761 -0.900372 0 -0.900372 -0.433761 6553.dat
1 1 -50 -267.2339 129.5525 -1 0 0 0 0.433761 -0.900372 0 -0.900372 -0.433761 43093.dat
1 0 -50 -241.2067 75.5131 -1 0 0 0 0.433761 -0.900372 0 -0.900372 -0.433761 2780.dat
1 72 -40 -241.2067 75.5131 0 -1 0 -0.433761 0 -0.900372 0.900372 0 -0.433761 22961.dat
1 0 -40 -249.8831 93.5264 0 -1 0 0.900372 0 -0.433761 0.433761 0 0.900372 11946.dat
1 4 -80 -282.1146 21.1807 0 -1 0 0.565842 0 0.824391 -0.824391 0 0.565842 32062.dat
1 83 -80 -299.0795 45.9115 0 -1 0 -0.824391 0 0.565842 -0.565842 0 -0.824391 25214.dat
1 4 -80 -274.3496 62.8762 0 -1 0 -0.824391 0 0.565842 -0.565842 0 -0.824391 32062.dat
1 83 -80 -249.6189 79.842 0 -1 0 -0.565842 0 -0.824391 0.824391 0 -0.565842 25214.dat
1 4 -80 -232.6541 55.1112 0 -1 0 -0.565842 0 -0.824391 0.824391 0 -0.565842 32062.dat
1 72 -80 -229.8261 50.99 0 0 -1 -0.824391 -0.565842 0 -0.565842 0.824391 0 41677.dat
1 72 -80 -224.1708 42.7464 0 0 -1 -0.824391 -0.565842 0 -0.565842 0.824391 0 41677.dat
1 4 -100 -232.6541 55.1112 0 0 -1 0.565842 -0.824391 0 -0.824391 -0.565842 0 32062.dat
1 83 -100 -249.6189 79.842 0 -1 0 -0.565842 0 -0.824391 0.824391 0 -0.565842 25214.dat
1 83 -100 -299.0795 45.9115 0 -1 0 -0.824391 0 0.565842 -0.565842 0 -0.824391 25214.dat
1 4 -100 -274.3496 62.8762 0 -1 0 -0.824391 0 0.565842 -0.565842 0 -0.824391 32062.dat
1 1 -100 -282.1146 21.1807 0 -1 0 -0.565842 0 -0.824391 0.824391 0 -0.565842 43093.dat
1 83 -100 -270.8043 4.6946 0 -1 0 -0.565842 0 -0.824391 0.824391 0 -0.565842 62462.dat
1 71 20 -302.199 -21.609 -1 0 0 0 0.978 0.207 0 0.207 -0.978 32184.dat
1 0 20 -306.339 -2.049 0 -1 0 0.207 0 0.978 -0.978 0 0.207 15100.dat
1 71 -40 -197.979 -224.349 0 -1 0 -0.978 0 0.207 -0.207 0 -0.978 6536.dat
1 71 0 -197.979 -224.349 0 1 0 -0.978 0 -0.207 -0.207 0 0.978 6536.dat
1 4 0 -188.199 -222.279 0 1 0 -0.978 0 -0.207 -0.207 0 0.978 32062.dat
1 4 -40 -188.199 -222.279 0 1 0 -0.978 0 -0.207 -0.207 0 0.978 32062.dat
1 0 -40 -178.419 -220.209 0 1 0 -0.207 0 0.978 0.978 0 0.207 11946.dat
1 1 -20 -119.739 -207.789 1 0 0 0 0.978 -0.207 0 0.207 0.978 6558.dat
1 1 -20 -139.299 -211.929 1 0 0 0 0.978 -0.207 0 0.207 0.978 6558.dat
1 0 -20 -139.299 -211.929 0 -1 0 -0.207 0 -0.978 0.978 0 -0.207 32316.dat
1 0 0 -178.419 -220.209 0 -1 0 0.207 0 0.978 -0.978 0 0.207 11947.dat
1 0 -20 -381.015 -267.177 1 0 0 0 0.4212 -0.9066 0 0.9066 0.4212 63869.dat
1 71 -20 -381.015 -267.177 1 0 0 0 0.4212 -0.9066 0 0.9066 0.4212 4519.dat
1 0 -60 -381.015 -267.177 0 0 -1 0.9066 -0.4212 0 -0.4212 -0.9066 0 32016.dat
1 0 20 -381.015 -267.177 0 0 1 -0.9066 -0.4212 0 0.4212 -0.9066 0 32016.dat
1 0 0 -363.525 -253.257 0 0 1 -0.9066 -0.4212 0 0.4212 -0.9066 0 2780.dat
1 0 -40 -363.525 -253.257 0 0 1 -0.9066 -0.4212 0 0.4212 -0.9066 0 2780.dat
1 71 -20 -354.459 -257.469 0 0 1 0.4212 -0.9066 0 0.9066 0.4212 0 32316.dat
1 70 -60 -344.751 -284.025 0 1 0 -0.9066 0 0.4212 0.4212 0 0.9066 15462.dat
1 71 -60 -362.883 -275.601 0 0 1 -0.9066 -0.4212 0 0.4212 -0.9066 0 6536.dat
1 0 -40 -371.307 -293.733 -1 0 0 0 -0.9066 0.4212 0 0.4212 0.9066 15100.dat
1 0 -20 -331.152 -290.343 -1 0 0 0 -0.9066 0.4212 0 0.4212 0.9066 99773.dat
1 0 -20 -322.086 -294.555 -1 0 0 0 -0.9066 0.4212 0 0.4212 0.9066 99773.dat
1 0 0 -335.685 -288.237 0 0 -1 -0.9066 0.4212 0 0.4212 0.9066 0 2780.dat
1 0 -40 -335.685 -288.237 0 0 -1 -0.9066 0.4212 0 0.4212 0.9066 0 2780.dat
1 71 -20 -344.751 -284.025 0 0 1 0.4212 -0.9066 0 0.9066 0.4212 0 32316.dat
1 0 -20 -300.705 -260.397 0 0 1 -0.9066 -0.4212 0 0.4212 -0.9066 0 2780.dat
1 1 -20 -336.327 -265.893 0 0 1 -0.9066 -0.4212 0 0.4212 -0.9066 0 6558.dat
1 0 -20 -327.903 -247.761 -1 0 0 0 -0.4212 -0.9066 0 -0.9066 0.4212 42003.dat
1 70 20 -344.751 -284.025 0 1 0 -0.9066 0 0.4212 0.4212 0 0.9066 15462.dat
1 71 20 -362.883 -275.601 -1 0 0 0 -0.9066 0.4212 0 0.4212 0.9066 18654.dat
1 4 47.716 -376.1792 -256.7683 -0.924 0 -0.383 -0.16132 -0.9066 0.389189 -0.347228 0.4212 0.837698 32062.dat
1 4 -87.716 -376.1792 -256.7683 -0.924 0 0.383 0.16132 -0.9066 0.389189 0.347228 0.4212 0.837698 32062.dat
1 0 -115.433 -371.3438 -246.3605 -0.924 0 0.383 0.16132 -0.9066 0.389189 0.347228 0.4212 0.837698 32054.dat
1 0 75.433 -371.3438 -246.3605 0.924 0 -0.383 0.16132 0.9066 0.389189 0.347228 -0.4212 0.837698 32054.dat
1 1 20 -354.459 -257.469 0 0 1 0.9066 0.4212 0 -0.4212 0.9066 0 6558.dat
1 1 -60 -354.459 -257.469 0 0 1 0.9066 0.4212 0 -0.4212 0.9066 0 6558.dat
1 71 20 -372.591 -249.045 -1 0 0 0 -0.9066 0.4212 0 0.4212 0.9066 18654.dat
1 71 -60 -372.591 -249.045 -1 0 0 0 -0.9066 0.4212 0 0.4212 0.9066 18654.dat
1 83 20 -327.261 -270.105 0 0 -1 0.9066 -0.4212 0 -0.4212 -0.9066 0 62462.dat
1 83 -60 -327.261 -270.105 0 0 -1 0.9066 -0.4212 0 -0.4212 -0.9066 0 62462.dat
1 0 -40 -308.487 -300.873 0 -1 0 -0.4212 0 0.9066 -0.9066 0 -0.4212 60483.dat
1 71 -20 -308.487 -300.873 -1 0 0 0 0.4212 0.9066 0 0.9066 -0.4212 4519.dat
1 4 -40 -290.355 -309.297 1 0 0 0 0.4212 -0.9066 0 0.9066 0.4212 11214.dat
1 71 0 -290.355 -309.297 1 0 0 0 0.4212 -0.9066 0 0.9066 0.4212 32054.dat
1 0 -20 -300.063 -282.741 -1 0 0 0 0.4212 0.9066 0 0.9066 -0.4212 42003.dat
1 0 0 -308.487 -300.873 0 -1 0 -0.4212 0 0.9066 -0.9066 0 -0.4212 60483.dat
1 0 -20 -290.997 -286.953 0 0 1 0.9066 0.4212 0 -0.4212 0.9066 0 2780.dat
1 0 -20 -273.507 -273.033 -1 0 0 0 -0.4212 -0.9066 0 -0.9066 0.4212 42003.dat
1 297 -60 -309.129 -278.529 0 0 -1 0.4212 0.9066 0 0.9066 -0.4212 0 65151-f1.dat
1 71 -20 -118.743 -366.981 1 0 0 0 -0.4212 0.9066 0 -0.9066 -0.4212 44294.dat
1 71 -40 -118.743 -366.981 0 0 1 -0.9066 -0.4212 0 0.4212 -0.9066 0 65416.dat
1 0 -20 -118.743 -366.981 0 0 1 -0.9066 -0.4212 0 0.4212 -0.9066 0 88517.dat
1 71 0 -118.743 -366.981 0 0 1 -0.9066 -0.4212 0 0.4212 -0.9066 0 65416.dat
1 297 20 -309.129 -278.529 0 0 -1 0.4212 0.9066 0 0.9066 -0.4212 0 65151-f1.dat
1 71 35 -118.743 -366.981 0 0 -1 0.4212 0.9066 0 0.9066 -0.4212 0 32123.dat
1 71 -75 -118.743 -366.981 0 0 -1 0.4212 0.9066 0 0.9066 -0.4212 0 32123.dat
1 256 -21 -118.743 -366.981 0 0 -1 -0.9066 0.4212 0 0.4212 0.9066 0 88516.dat
1 14 -20 -265.083 -254.901 -1 0 0 0 -0.4212 -0.9066 0 -0.9066 0.4212 32073.dat
1 14 -20 -319.479 -229.629 -1 0 0 0 -0.4212 -0.9066 0 -0.9066 0.4212 32073.dat
1 0 0 -319.479 -229.629 0 1 0 0.4212 0 0.9066 0.9066 0 -0.4212 32140.dat
1 0 20 -265.083 -254.901 0 -1 0 0.4212 0 -0.9066 0.9066 0 0.4212 32348.dat
1 1 20 -283.215 -246.477 -1 0 0 0 -0.4212 -0.9066 0 -0.9066 0.4212 6558.dat
1 71 20 -327.759 -190.509 -1 0 0 0 -0.4212 -0.9066 0 -0.9066 0.4212 32054.dat
1 71 20 -301.347 -238.053 1 0 0 0 -0.4212 0.9066 0 -0.9066 -0.4212 32054.dat
1 4 -20 -301.347 -238.053 1 0 0 0 -0.4212 0.9066 0 -0.9066 -0.4212 11214.dat
1 1 50 -327.759 -190.509 -1 0 0 0 -0.4212 -0.9066 0 -0.9066 0.4212 43093.dat
1 0 -40 -319.479 -229.629 0 1 0 0.4212 0 0.9066 0.9066 0 -0.4212 32140.dat
1 0 -40 -319.479 -229.629 0 1 0 0.4212 0 0.9066 0.9066 0 -0.4212 2780.dat
1 0 -40 -380.373 -289.521 0 1 0 0.9066 0 -0.4212 -0.4212 0 -0.9066 2780.dat
1 19 -40 -389.439 -285.309 1 0 0 0 -0.9066 -0.4212 0 0.4212 -0.9066 18654.dat
1 70 -20 -256.659 -236.769 -1 0 0 0 -0.978 -0.207 0 -0.207 0.978 24316.dat
1 0 -60 -265.083 -254.901 0 -1 0 0.4212 0 -0.9066 0.9066 0 0.4212 32348.dat
1 71 -60 -327.759 -190.509 1 0 0 0 -0.978 0.207 0 -0.207 -0.978 32054.dat
1 1 -60 -283.215 -246.477 1 0 0 0 -0.978 0.207 0 -0.207 -0.978 6558.dat
1 1 -90 -327.759 -190.509 1 0 0 0 -0.978 0.207 0 -0.207 -0.978 43093.dat
1 1 -50 -221.679 -208.929 -1 0 0 0 -0.978 -0.207 0 -0.207 0.978 43093.dat
1 1 -60 -241.239 -213.069 -1 0 0 0 -0.978 -0.207 0 -0.207 0.978 6558.dat
1 0 -60 -221.679 -208.929 0 1 0 0.207 0 -0.978 -0.978 0 -0.207 60483.dat
1 1 10 -221.679 -208.929 1 0 0 0 -0.978 0.207 0 -0.207 -0.978 43093.dat
1 1 20 -241.239 -213.069 1 0 0 0 -0.978 0.207 0 -0.207 -0.978 6558.dat
1 0 20 -221.679 -208.929 0 -1 0 -0.207 0 -0.978 0.978 0 -0.207 60483.dat
1 71 -80 -228.8192 -231.6541 0 1 0 0.494763 0 0.868014 0.868014 0 -0.494763 41678.dat
1 71 -80 -253.5716 -275.0793 0 1 0 0.494763 0 0.868014 0.868014 0 -0.494763 44294.dat
1 71 -80 -241.1958 -253.3673 0 -1 0 -0.868014 0 -0.494763 0.494763 0 -0.868014 32123.dat
1 0 -80 -265.9906 -256.493 0 0 1 0.494763 -0.868014 0 0.868014 0.494763 0 42003.dat
1 0 -80 -283.2729 -327.188 -1 0 0 0 -0.868014 0.494763 0 0.494763 0.868014 32039.dat
1 71 -20 -293.1741 -344.5587 -1 0 0 0 -0.868014 0.494763 0 0.494763 0.868014 44294.dat
1 71 -60 -293.1741 -344.5587 -1 0 0 0 -0.494763 -0.868014 0 -0.868014 0.494763 6536.dat
1 0 -40 -293.1741 -344.5587 0 1 0 0.207 0 -0.978 -0.978 0 -0.207 18654.dat
1 0 -20 -293.1741 -344.5587 0 1 0 0.868014 0 -0.494763 -0.494763 0 -0.868014 60483.dat
1 0 0 -293.1741 -344.5587 0 1 0 0.207 0 -0.978 -0.978 0 -0.207 18654.dat
1 71 20 -293.1741 -344.5587 -1 0 0 0 -0.494763 -0.868014 0 -0.868014 0.494763 6536.dat
1 71 40 -228.8192 -231.6541 0 1 0 0.494763 0 0.868014 0.868014 0 -0.494763 41678.dat
1 71 40 -253.5716 -275.0793 0 1 0 0.494763 0 0.868014 0.868014 0 -0.494763 44294.dat
1 71 40 -241.1958 -253.3673 0 -1 0 -0.868014 0 -0.494763 0.494763 0 -0.868014 32123.dat
1 0 40 -265.9906 -256.493 0 0 1 0.494763 -0.868014 0 0.868014 0.494763 0 42003.dat
1 0 40 -283.2729 -327.188 -1 0 0 0 -0.868014 0.494763 0 0.494763 0.868014 32039.dat
1 4 40 -347.319 -194.649 1 0 0 0 0.978 -0.207 0 0.207 0.978 64683.dat
1 1 20 -351.459 -175.089 0 0 -1 -0.207 0.978 0 0.978 0.207 0 6558.dat
1 1 20 -371.019 -179.229 0 0 -1 -0.207 0.978 0 0.978 0.207 0 6558.dat
1 14 20 -361.239 -177.159 -1 0 0 0 0.207 -0.978 0 -0.978 -0.207 43857.dat
1 0 20 -355.599 -155.529 -1 0 0 0 -0.978 -0.207 0 -0.207 0.978 42003.dat
1 0 40 -349.959 -133.899 0 -1 0 0.978 0 -0.207 0.207 0 0.978 2780.dat
1 0 40 -354.099 -114.339 0 -1 0 0.978 0 -0.207 0.207 0 0.978 2780.dat
1 4 40 -352.599 -73.149 1 0 0 0 -0.978 0.207 0 -0.207 -0.978 11947.dat
1 4 80 -245.379 -193.509 1 0 0 0 0.978 -0.207 0 0.207 0.978 64394.dat
1 0 60 -308.199 -186.369 0 0 -1 -0.207 0.978 0 0.978 0.207 0 18651.dat
1 0 60 -312.339 -166.809 1 0 0 0 0.978 -0.207 0 0.207 0.978 11947.dat
1 0 60 -286.569 -192.009 0 0 -1 -0.207 0.978 0 0.978 0.207 0 2780.dat
1 0 60 -247.449 -183.729 0 0 -1 -0.207 0.978 0 0.978 0.207 0 2780.dat
1 0 60 -249.519 -173.949 1 0 0 0 0.207 0.978 0 -0.978 0.207 32316.dat
1 0 80 -243.309 -203.289 0 0 -1 -0.207 0.978 0 0.978 0.207 0 2780.dat
1 0 60 -321.549 -219.849 0 0.471 -0.882 -0.207 0.862596 0.460638 0.978 0.182574 0.097497 2780.dat
1 4 60 -319.479 -229.629 0.882 -0.471 0 -0.460638 -0.862596 0.207 -0.097497 -0.182574 -0.978 64394.dat
1 0 55.294 -319.8289 -270.5756 -0.471 -0.779 -0.415 -0.862596 0.308373 0.398712 -0.182574 0.546543 -0.816849 2780.dat
1 0 55.294 -315.6889 -290.1356 -0.471 -0.779 -0.415 -0.862596 0.308373 0.398712 -0.182574 0.546543 -0.816849 2780.dat
1 4 50.588 -316.0378 -331.0819 0.882 0.471 0 -0.460638 0.862596 -0.207 -0.097497 0.182574 0.978 11947.dat
1 0 50.588 -318.1078 -321.3019 0.882 0 0.471 -0.460638 0.207 0.862596 -0.097497 -0.978 0.182574 87994.dat
1 0 50.588 -313.9678 -340.8619 -0.471 0 0.882 -0.862596 0.207 -0.460638 -0.182574 -0.978 -0.097497 44676.dat
1 71 60 -229.959 -169.809 0 1 0 -0.207 0 0.978 0.978 0 0.207 32054.dat
1 71 60 -210.399 -165.669 0 -1 0 0.207 0 0.978 -0.978 0 0.207 32054.dat
1 4 63.17 -115.2314 -206.8349 -0.924 0.383 0 -0.374574 -0.903672 -0.207 -0.079281 -0.191268 0.978 64393.dat
1 0 67 -132.5481 -169.6276 0.383 0.924 0 -0.903672 0.374574 -0.207 -0.191268 0.079281 0.978 2780.dat
1 0 67 -140.8281 -130.5076 0.383 0.924 0 -0.903672 0.374574 -0.207 -0.191268 0.079281 0.978 2780.dat
1 4 70.83 -133.3048 -210.6603 0.924 -0.383 0 0.374574 0.903672 -0.207 0.079281 0.191268 0.978 64394.dat
1 0 75.33 -197.0866 -213.942 0 -0.383 -0.924 -0.207 0.903672 -0.374574 0.978 0.191268 -0.079281 2780.dat
1 0 60.01 -160.9398 -206.2913 0 -0.383 -0.924 -0.207 0.903672 -0.374574 0.978 0.191268 -0.079281 2780.dat
1 4 60.01 -163.0098 -196.5113 0 0.924 -0.383 -0.207 0.374574 0.903672 0.978 0.079281 0.191268 32015.dat
1 4 75.33 -199.1566 -204.162 -0.383 0 0.924 0.903672 -0.207 0.374574 0.191268 0.978 0.079281 22961.dat
1 71 60 -226.959 -87.429 0 -1 0 0.978 0 -0.207 0.207 0 0.978 2723.dat
1 19 67 -226.959 -87.429 0 0 1 0.978 -0.207 0 0.207 0.978 0 32198.dat
1 4 -80 -347.319 -194.649 1 0 0 0 0.978 -0.207 0 0.207 0.978 64391.dat
1 1 -60 -351.459 -175.089 0 0 -1 -0.207 0.978 0 0.978 0.207 0 6558.dat
1 1 -60 -371.019 -179.229 0 0 -1 -0.207 0.978 0 0.978 0.207 0 6558.dat
1 14 -60 -361.239 -177.159 -1 0 0 0 0.207 -0.978 0 -0.978 -0.207 43857.dat
1 0 -60 -355.599 -155.529 -1 0 0 0 -0.978 -0.207 0 -0.207 0.978 42003.dat
1 0 -80 -349.959 -133.899 0 1 0 -0.978 0 -0.207 -0.207 0 0.978 2780.dat
1 0 -80 -354.099 -114.339 0 1 0 -0.978 0 -0.207 -0.207 0 0.978 2780.dat
1 4 -80 -352.599 -73.149 1 0 0 0 -0.978 0.207 0 -0.207 -0.978 11946.dat
1 4 -120 -245.379 -193.509 1 0 0 0 0.978 -0.207 0 0.207 0.978 64680.dat
1 0 -100 -308.199 -186.369 0 0 -1 -0.207 0.978 0 0.978 0.207 0 18651.dat
1 0 -100 -312.339 -166.809 1 0 0 0 0.978 -0.207 0 0.207 0.978 11946.dat
1 0 -100 -286.569 -192.009 0 0 1 0.207 0.978 0 -0.978 0.207 0 2780.dat
1 0 -100 -247.449 -183.729 0 0 1 0.207 0.978 0 -0.978 0.207 0 2780.dat
1 0 -100 -249.519 -173.949 1 0 0 0 0.207 0.978 0 -0.978 0.207 32316.dat
1 0 -120 -243.309 -203.289 0 0 1 0.207 0.978 0 -0.978 0.207 0 2780.dat
1 0 -100 -321.549 -219.849 0 -0.471 0.882 0.207 0.862596 0.460638 -0.978 0.182574 0.097497 2780.dat
1 4 -100 -319.479 -229.629 0.882 0.471 0 0.460638 -0.862596 0.207 0.097497 -0.182574 -0.978 64680.dat
1 0 -95.294 -319.8289 -270.5756 -0.471 0.779 0.415 0.862596 0.308373 0.398712 0.182574 0.546543 -0.816849 2780.dat
1 0 -95.294 -315.6889 -290.1356 -0.471 0.779 0.415 0.862596 0.308373 0.398712 0.182574 0.546543 -0.816849 2780.dat
1 4 -90.588 -316.0378 -331.0819 0.882 -0.471 0 0.460638 0.862596 -0.207 0.097497 0.182574 0.978 11946.dat
1 0 -90.588 -318.1078 -321.3019 0.882 0 -0.471 0.460638 0.207 0.862596 0.097497 -0.978 0.182574 87994.dat
1 0 -90.588 -313.9678 -340.8619 -0.471 0 -0.882 0.862596 0.207 -0.460638 0.182574 -0.978 -0.097497 44676.dat
1 71 -100 -229.959 -169.809 0 -1 0 -0.207 0 -0.978 0.978 0 -0.207 32054.dat
1 71 -100 -210.399 -165.669 0 1 0 0.207 0 -0.978 -0.978 0 -0.207 32054.dat
1 71 0 -145.719 11.511 -1 0 0 0 -0.978 -0.207 0 -0.207 0.978 41678.dat
1 4 0 -145.719 11.511 -1 0 0 0 -0.978 -0.207 0 -0.207 0.978 32062.dat
1 0 0 -145.719 11.511 0 -1 0 0.207 0 0.978 -0.978 0 0.207 60483.dat
1 0 -10 -131.799 -5.979 0 0 1 -0.978 0.207 0 -0.207 -0.978 0 2780.dat
1 71 -10 -130.299 35.211 1 0 0 0 -0.978 0.207 0 -0.207 -0.978 11946.dat
1 0 -10 -127.659 -25.539 0 0 1 -0.978 0.207 0 -0.207 -0.978 0 2780.dat
1 0 10 -131.799 -5.979 0 0 -1 0.978 0.207 0 0.207 -0.978 0 2780.dat
1 71 10 -130.299 35.211 1 0 0 0 -0.978 0.207 0 -0.207 -0.978 11947.dat
1 0 10 -127.659 -25.539 0 0 -1 0.978 0.207 0 0.207 -0.978 0 2780.dat
1 0 10 -137.439 -27.609 0 -1 0 -0.207 0 -0.978 0.978 0 -0.207 42003.dat
1 4 30 -135.369 -37.389 0 -1 0 -0.207 0 -0.978 0.978 0 -0.207 32062.dat
1 0 30 -133.299 -47.169 1 0 0 0 -0.978 0.207 0 -0.207 -0.978 11947.dat
1 0 30 -134.799 -88.359 0 -1 0 -0.978 0 0.207 -0.207 0 -0.978 2780.dat
1 0 30 -130.659 -107.919 0 -1 0 -0.978 0 0.207 -0.207 0 -0.978 2780.dat
1 71 -40 -145.719 11.511 -1 0 0 0 -0.978 -0.207 0 -0.207 0.978 41678.dat
1 4 -40 -145.719 11.511 -1 0 0 0 -0.978 -0.207 0 -0.207 0.978 32062.dat
1 0 -40 -145.719 11.511 0 1 0 -0.207 0 0.978 0.978 0 0.207 60483.dat
1 0 -30 -131.799 -5.979 0 0 -1 0.978 0.207 0 0.207 -0.978 0 2780.dat
1 71 -30 -130.299 35.211 1 0 0 0 -0.978 0.207 0 -0.207 -0.978 11947.dat
1 0 -30 -127.659 -25.539 0 0 -1 0.978 0.207 0 0.207 -0.978 0 2780.dat
1 0 -50 -131.799 -5.979 0 0 1 -0.978 0.207 0 -0.207 -0.978 0 2780.dat
1 71 -50 -130.299 35.211 1 0 0 0 -0.978 0.207 0 -0.207 -0.978 11946.dat
1 0 -50 -127.659 -25.539 0 0 1 -0.978 0.207 0 -0.207 -0.978 0 2780.dat
1 0 -50 -137.439 -27.609 0 1 0 0.207 0 -0.978 -0.978 0 -0.207 42003.dat
1 4 -70 -135.369 -37.389 0 1 0 0.207 0 -0.978 -0.978 0 -0.207 32062.dat
1 0 -70 -133.299 -47.169 1 0 0 0 -0.978 0.207 0 -0.207 -0.978 11946.dat
1 0 -70 -134.799 -88.359 0 1 0 0.978 0 0.207 0.207 0 -0.978 2780.dat
1 0 -70 -130.659 -107.919 0 1 0 0.978 0 0.207 0.207 0 -0.978 2780.dat
1 4 -103.17 -115.2314 -206.8349 -0.924 -0.383 0 0.374574 -0.903672 -0.207 0.079281 -0.191268 0.978 64681.dat
1 0 -107 -132.5481 -169.6276 0.383 -0.924 0 0.903672 0.374574 -0.207 0.191268 0.079281 0.978 2780.dat
1 0 -107 -140.8281 -130.5076 0.383 -0.924 0 0.903672 0.374574 -0.207 0.191268 0.079281 0.978 2780.dat
