0 Main
0 Name: 8836 - Sky Ranger - Sky Ranger.mpd
0 Author: LTRON
1 0 0 0 -10 1 0 0 0 1 0 0 0 1 3666.dat
1 0 0 0 -120 1 0 0 0 1 0 0 0 1 3795.dat
1 0 -50 -24 0 0 0 -1 0 1 0 1 0 0 3895.dat
1 0 -30 -66.791 185.517 0 0 -1 -0.438 0.899 0 0.899 0.438 0 3895.dat
1 0 -40 -14 100 1 0 0 0 1 0 0 0 1 2780.dat
1 0 -60 -14 40 1 0 0 0 1 0 0 0 1 2780.dat
1 0 -20 -101.603 279.793 1 0 0 0 0.899 -0.438 0 0.438 0.899 2780.dat
1 7 -60 -14 80 1 0 0 0 1 0 0 0 1 3673.dat
1 0 0 -24 -130 1 0 0 0 1 0 0 0 1 3894.dat
1 0 0 -14 -60 0 0 1 0 1 0 -1 0 0 3707.dat
1 7 0 -14 -115 1 0 0 0 1 0 0 0 1 4265.dat
1 7 0 -34 -100 0 -1 0 0 0 -1 1 0 0 4273.dat
1 7 0 -14 -96 -1 0 0 0 1 0 0 0 -1 4265.dat
1 7 0 -14 -81 -1 0 0 0 1 0 0 0 -1 3713.dat
1 0 40 -14 -140 0 0 1 0 1 0 -1 0 0 2780.dat
1 0 -40 -14 -140 0 0 1 0 1 0 -1 0 0 2780.dat
1 7 0 -14 -30 -1 0 0 0 1 0 0 0 -1 3713.dat
1 0 0 -24 -10 -1 0 0 0 1 0 0 0 -1 3700.dat
1 0 0 -40.281 153.938 1 0 0 0 0.899 -0.438 0 0.438 0.899 3705.dat
1 7 -15 -40.281 153.938 0 0 1 0.438 0.899 0 -0.899 0.438 0 4265.dat
1 7 15 -40.281 153.938 0 0 -1 -0.438 0.899 0 0.899 0.438 0 4265.dat
1 16 0 -40.281 153.938 0 0 -1 0.782 0.623 0 0.623 -0.782 0 4255.dat
1 0 0 25.7641 71.0372 0 0 -1 0.782 0.623 0 0.623 -0.782 0 4254.dat
1 0 0 -64 -100 0 0 -1 -1 0 0 0 1 0 3705.dat
1 7 0 -94 -100 0 1 0 0 0 1 1 0 0 3713.dat
1 0 -10 -109.416 239.309 0 0 -1 -0.054 0.999 0 0.999 0.054 0 3895.dat
1 0 10 -109.416 239.309 0 0 -1 -0.054 0.999 0 0.999 0.054 0 3895.dat
1 0 0 -104.826 339.749 1 0 0 0 0.999 -0.054 0 0.054 0.999 2780.dat
1 0 20 -101.586 279.809 1 0 0 0 0.999 -0.054 0 0.054 0.999 2780.dat
1 0 30 -66.791 185.517 0 0 -1 -0.438 0.899 0 0.899 0.438 0 3895.dat
1 0 50 -24 0 0 0 -1 0 1 0 1 0 0 3895.dat
1 0 40 -14 100 1 0 0 0 1 0 0 0 1 2780.dat
1 7 60 -14 80 1 0 0 0 1 0 0 0 1 3673.dat
1 0 60 -14 40 1 0 0 0 1 0 0 0 1 2780.dat
1 4 50 -32 -80 0 0 -1 0 1 0 1 0 0 3023.dat
1 4 -50 -32 -80 0 0 -1 0 1 0 1 0 0 3023.dat
1 4 50 -32 -130 0 0 -1 0 1 0 1 0 0 2420.dat
1 4 -50 -32 -130 1 0 0 0 1 0 0 0 1 2420.dat
1 4 0 -32 -50 1 0 0 0 1 0 0 0 1 3666.dat
1 4 0 -32 -20 1 0 0 0 1 0 0 0 1 3795.dat
1 4 50 -32 30 0 0 -1 0 1 0 1 0 0 3623.dat
1 4 -50 -32 30 0 0 -1 0 1 0 1 0 0 3623.dat
1 0 50 -40 -40 0 0 -1 0 1 0 1 0 0 4477.dat
1 0 -50 -40 -40 0 0 -1 0 1 0 1 0 0 4477.dat
1 0 50 -64 40 0 0 -1 0 1 0 1 0 0 3700.dat
1 0 50 -72 40 0 0 -1 0 1 0 1 0 0 3023.dat
1 0 50 -80 40 0 0 -1 0 1 0 1 0 0 3023.dat
1 0 -50 -64 40 0 0 -1 0 1 0 1 0 0 3700.dat
1 0 -50 -72 40 0 0 -1 0 1 0 1 0 0 3023.dat
1 0 -50 -80 40 0 0 -1 0 1 0 1 0 0 3023.dat
1 0 60 -54 40 1 0 0 0 1 0 0 0 1 2780.dat
1 0 -60 -54 40 1 0 0 0 1 0 0 0 1 2780.dat
1 0 0 -4 -170 -1 0 0 0 1 0 0 0 -1 2711.dat
1 0 -20 -28 -170 1 0 0 0 1 0 0 0 1 4287.dat
1 0 20 -28 -170 1 0 0 0 1 0 0 0 1 4287.dat
1 4 0 -36 -200 1 0 0 0 1 0 0 0 1 3021.dat
1 0 -40 -4 -170 0 1 0 -1 0 0 0 0 1 3704.dat
1 0 40 -4 -170 0 1 0 -1 0 0 0 0 1 3704.dat
1 7 40 7 -170 0 1 0 0 0 -1 -1 0 0 4265.dat
1 7 -40 7 -170 0 1 0 0 0 -1 -1 0 0 4265.dat
1 7 -40 -14 -170 0 1 0 0 0 1 1 0 0 3651.dat
1 7 40 -14 -170 0 1 0 0 0 1 1 0 0 3651.dat
1 0 -40 -34 -160 0 0 1 0 -1 0 1 0 0 2780.dat
1 0 40 -34 -160 0 0 1 0 -1 0 1 0 0 2780.dat
1 0 50 -54 -150 0 -1 0 1 0 0 0 0 1 3894.dat
1 0 -50 -54 -150 0 1 0 1 0 0 0 0 -1 3894.dat
1 0 50 -104 80 0 0 -1 0 1 0 1 0 0 3702.dat
1 0 -50 -104 80 0 0 -1 0 1 0 1 0 0 3702.dat
1 0 0 -74 -250 0 -0.383 0.924 0 0.924 0.383 -1 0 0 4519.dat
1 7 0 -74 -210 0.924 -0.383 0 0.383 0.924 0 0 0 1 2853.dat
1 7 -9.239 -77.827 -210 -0.096 0.995 0 -0.995 -0.096 0 0 0 1 2852.dat
1 7 -9.239 -77.827 -210 0.096 -0.995 0 -0.995 -0.096 0 0 0 -1 2852.dat
1 7 -9.239 -77.827 -180 -0.924 0.383 0 -0.383 -0.924 0 0 0 1 2853.dat
1 8 -49.055 -74 -210 0 1 0 -1 0 0 0 0 1 2851.dat
1 8 30.578 -74 -210 0 -1 0 -1 0 0 0 0 -1 2851.dat
1 7 -65 -74 -210 0 1 0 -1 0 0 0 0 1 32061.dat
1 7 66 -74 -210 0 -1 0 -1 0 0 0 0 -1 32061.dat
1 0 0 -94 -185 1 0 0 0 0 1 0 -1 0 2905.dat
1 0 40 -94 -180 0 0 -1 0 1 0 1 0 0 3706.dat
1 0 -39 -94 -180 0 0 -1 0 1 0 1 0 0 3706.dat
1 0 -39 -54 -180 0 0 -1 0 1 0 1 0 0 3706.dat
1 0 40 -54 -180 0 0 -1 0 1 0 1 0 0 3706.dat
1 7 40 -54 -235 -1 0 0 0 1 0 0 0 -1 4265.dat
1 7 -40 -54 -235 -1 0 0 0 1 0 0 0 -1 4265.dat
1 0 1 -54 -175 -1 0 0 0 0 -1 0 -1 0 2905.dat
1 7 40 -54 -165 1 0 0 0 1 0 0 0 1 4265.dat
1 7 -40 -54 -165 1 0 0 0 1 0 0 0 1 4265.dat
1 7 40 -94 -170 1 0 0 0 1 0 0 0 1 3713.dat
1 7 -39 -94 -170 1 0 0 0 1 0 0 0 1 3713.dat
1 0 0 -94 140 1 0 0 0 1 0 0 0 1 3707.dat
1 7 70 -94 140 0 0 -1 0 1 0 1 0 0 3713.dat
1 7 -70 -94 140 0 0 1 0 1 0 -1 0 0 3713.dat
1 7 -30 -105.19 123.423 -1 0 0 0 0.829 -0.559 0 -0.559 -0.829 3651.dat
1 7 30 -105.19 123.423 -1 0 0 0 0.829 -0.559 0 -0.559 -0.829 3651.dat
1 0 -10 -114 -130 0 1 0 0 0 1 1 0 0 2825.dat
1 0 10 -114 -130 0 -1 0 0 0 1 -1 0 0 2825.dat
1 0 0 -114 -130 1 0 0 0 0 1 0 -1 0 3706.dat
1 0 0 -54 -130 1 0 0 0 0 1 0 -1 0 4519.dat
1 0 0 -94 -130 1 0 0 0 0 1 0 -1 0 4519.dat
1 7 20 -94 -130 0 0 -1 0 1 0 1 0 0 4273.dat
1 7 20 -54 -130 0 0 -1 0 1 0 1 0 0 4273.dat
1 7 -20 -54 -130 0 0 1 0 -1 0 1 0 0 4273.dat
1 7 -20 -94 -130 0 0 1 0 -1 0 1 0 0 4273.dat
1 7 -30 -114 -130 0 0 1 -1 0 0 0 -1 0 3713.dat
1 7 30 -114 -130 0 0 -1 1 0 0 0 -1 0 3713.dat
1 0 -70 -74 30 0 0 -1 -1 0 0 0 1 0 3702.dat
1 0 -70 -94 -10 0 0 -1 -1 0 0 0 1 0 3700.dat
1 0 -70 -94 22 0 0 -1 -1 0 0 0 1 0 3023.dat
1 0 -70 -94 14 0 0 -1 -1 0 0 0 1 0 3023.dat
1 0 -80 -94 0 1 0 0 0 0 -1 0 1 0 2780.dat
1 0 80 -94 0 1 0 0 0 0 -1 0 1 0 2780.dat
1 0 70 -74 30 0 0 -1 -1 0 0 0 1 0 3702.dat
1 0 70 -94 -10 0 0 -1 -1 0 0 0 1 0 3700.dat
1 0 70 -94 22 0 0 -1 -1 0 0 0 1 0 3023.dat
1 0 70 -94 14 0 0 -1 -1 0 0 0 1 0 3023.dat
1 7 40 -94 -126 0 -1 0 -1 0 0 0 0 -1 4265.dat
1 7 40 -54 -126 0 -1 0 -1 0 0 0 0 -1 4265.dat
1 7 -40 -54 -126 0 -1 0 -1 0 0 0 0 -1 4265.dat
1 7 -40 -94 -126 0 -1 0 -1 0 0 0 0 -1 4265.dat
1 0 1 -94 -235 -1 0 0 0 0 1 0 1 0 2905.dat
1 7 0 -74 -245 -0.924 -0.383 0 -0.383 0.924 0 0 0 -1 4265.dat
1 7 0 -14 5 0 1 0 1 0 0 0 0 -1 4185.dat
1 7 0 -14 15 0 1 0 1 0 0 0 0 -1 4185.dat
1 7 -20 -14 20 0 0 -1 0 1 0 1 0 0 3749.dat
1 7 20 -14 20 0 0 -1 0 1 0 1 0 0 3749.dat
1 8 20 -14 25 0 0 1 -1 0 0 0 -1 0 2900.dat
1 7 20 -23.5 25 1 0 0 0 1 0 0 0 1 342.dat
1 7 20 -124.5231 20.6627 1 0 0 0 -0.997564 0.069756 0 -0.069756 -0.997564 342.dat
1 0 20 -134 20 0 0 1 0.998 -0.07 0 0.07 0.998 0 2901.dat
1 8 -20 -14 25 0 0 1 -1 0 0 0 -1 0 2900.dat
1 7 -20 -23.5 25 1 0 0 0 1 0 0 0 1 342.dat
1 7 -20 -124.5231 20.6627 1 0 0 0 -0.997564 0.069756 0 -0.069756 -0.997564 342.dat
1 0 -20 -134 20 0 0 1 0.998 -0.07 0 0.07 0.998 0 2901.dat
1 7 -20 -14 35 -1 0 0 0 -1 0 0 0 1 4265.dat
1 7 20 -14 35 -1 0 0 0 -1 0 0 0 1 4265.dat
1 0 90 -104 20 0 0 -1 0 1 0 1 0 0 3701.dat
1 0 90 -112 20 0 0 -1 0 1 0 1 0 0 3710.dat
1 0 -90 -104 20 0 0 -1 0 1 0 1 0 0 3701.dat
1 0 -90 -112 20 0 0 -1 0 1 0 1 0 0 3710.dat
1 0 0 -94 40 1 0 0 0 1 0 0 0 1 3708.dat
1 7 110 -94 40 0 0 -1 0 1 0 1 0 0 3713.dat
1 14 0 -32 -30 1 0 0 0 1 0 0 0 1 2717.dat
1 7 -110 -94 40 0 0 1 0 1 0 -1 0 0 3713.dat
1 7 0 -74 -260 -0.383 -0.924 0 0.924 -0.383 0 0 0 1 2952.dat
1 7 0 -74 -265 -0.924 -0.383 0 -0.383 0.924 0 0 0 -1 4265.dat
1 0 0 25.796 71.039 1 0 0 0 0.914 0.407 0 -0.407 0.914 3706.dat
1 7 50 25.796 71.039 0 0 -1 0.407 0.914 0 0.914 -0.407 0 3651.dat
1 7 -50 25.796 71.039 0 0 1 -0.407 0.914 0 -0.914 -0.407 0 3651.dat
1 7 -70 -18.067 70.865 -1 0 0 0 0.407 0.914 0 0.914 -0.407 4261.dat
1 0 -70 25.819 71.037 0 -1 0 -0.407 0 0.914 -0.914 0 -0.407 4519.dat
1 7 -70 16.458 50.015 0 -1 0 -0.914 0 -0.407 0.407 0 -0.914 4265.dat
1 7 70 -18.067 70.865 -1 0 0 0 0.407 0.914 0 0.914 -0.407 4261.dat
1 0 70 25.819 71.037 0 -1 0 -0.407 0 0.914 -0.914 0 -0.407 4519.dat
1 7 70 16.458 50.015 0 -1 0 -0.914 0 -0.407 0.407 0 -0.914 4265.dat
1 0 0 4 -170 0 1 0 1 0 0 0 0 -1 4519.dat
1 7 0 24 -170 -1 0 0 0 0 -1 0 -1 0 3651.dat
1 7 0 9 -170 -1 0 0 0 0 -1 0 -1 0 4265.dat
1 0 0 44 -170 -1 0 0 0 -1 0 0 0 1 4519.dat
1 7 70 33.93 89.31 -1 0 0 0 0.914 -0.407 0 -0.407 -0.914 3651.dat
1 7 80 42.065 107.581 1 0 0 0 1 0 0 0 1 3749.dat
1 7 -70 33.93 89.31 -1 0 0 0 0.914 -0.407 0 -0.407 -0.914 3651.dat
1 7 -80 42.065 107.581 -1 0 0 0 1 0 0 0 -1 3749.dat
1 15 20 44 -170 0 0 -1 1 0 0 0 -1 0 3482.dat
1 256 20 44 -170 0 0 -1 1 0 0 0 -1 0 3483.dat
1 15 90 42.065 107.581 0 0 -1 1 0 0 0 -1 0 3482.dat
1 256 90 42.065 107.581 0 0 -1 1 0 0 0 -1 0 3483.dat
1 15 -90 42.065 107.581 0 0 -1 1 0 0 0 -1 0 3482.dat
1 256 -90 42.065 107.581 0 0 -1 1 0 0 0 -1 0 3483.dat
1 15 -20 44 -170 0 0 -1 1 0 0 0 -1 0 3482.dat
1 256 -20 44 -170 0 0 -1 1 0 0 0 -1 0 3483.dat
1 0 -240 -120 0 1 0 0 0 1 0 0 0 1 4282.dat
1 0 -290 -144 10 1 0 0 0 1 0 0 0 1 3005.dat
1 0 -90 -144 40 0 0 -1 0 1 0 1 0 0 2744.dat
1 0 -190 -144 40 0 0 -1 0 1 0 1 0 0 2744.dat
1 0 -130 -134 40 1 0 0 0 1 0 0 0 1 3737.dat
1 7 -205 -134 40 0 0 1 0 1 0 -1 0 0 4265.dat
1 7 -220 -134 40 0 0 1 -1 0 0 0 -1 0 4273.dat
1 4 -390 -144 40 0 0 -1 0 1 0 1 0 0 2744.dat
1 4 -390 -144 -40 0 0 1 0 1 0 -1 0 0 2743.dat
1 0 -190 -144 -40 0 0 1 0 1 0 -1 0 0 2743.dat
1 0 -90 -144 -40 0 0 1 0 1 0 -1 0 0 2743.dat
1 0 -290 -144 -40 0 0 1 0 1 0 -1 0 0 2743.dat
1 0 -240 -152 0 1 0 0 0 1 0 0 0 1 4282.dat
1 34 -390 -152 -30 1 0 0 0 1 0 0 0 1 3070.dat
1 0 240 -120 0 1 0 0 0 1 0 0 0 1 4282.dat
1 0 290 -144 10 1 0 0 0 1 0 0 0 1 3005.dat
1 0 190 -144 40 0 0 -1 0 1 0 1 0 0 2744.dat
1 0 130 -134 40 -1 0 0 0 1 0 0 0 -1 3737.dat
1 7 205 -134 40 0 0 -1 0 1 0 1 0 0 4265.dat
1 7 220 -134 40 0 0 -1 -1 0 0 0 1 0 4273.dat
1 0 90 -144 40 0 0 -1 0 1 0 1 0 0 2744.dat
1 0 90 -144 -40 0 0 1 0 1 0 -1 0 0 2743.dat
1 0 190 -144 -40 0 0 1 0 1 0 -1 0 0 2743.dat
1 0 290 -144 -40 0 0 1 0 1 0 -1 0 0 2743.dat
1 4 390 -144 -40 0 0 1 0 1 0 -1 0 0 2743.dat
1 4 390 -144 40 0 0 -1 0 1 0 1 0 0 2744.dat
1 0 240 -152 0 1 0 0 0 1 0 0 0 1 4282.dat
1 36 390 -152 -30 1 0 0 0 1 0 0 0 1 3070.dat
1 0 0 -122.835 338.727 0 0 -1 -0.054 0.999 0 0.999 0.054 0 3034.dat
1 0 0 -128.127 288.345 -1 0 0 0 0.999 0.054 0 0.054 -0.999 3794.dat
1 0 0 -134.607 408.225 -1 0 0 0 0.999 0.054 0 0.054 -0.999 3794.dat
1 0 0 -133.527 388.245 -1 0 0 0 0.999 0.054 0 0.054 -0.999 3794.dat
1 0 0 -132.447 368.265 -1 0 0 0 0.999 0.054 0 0.054 -0.999 3794.dat
1 0 0 -131.367 348.285 -1 0 0 0 0.999 0.054 0 0.054 -0.999 3794.dat
1 0 0 -130.287 328.305 -1 0 0 0 0.999 0.054 0 0.054 -0.999 3794.dat
1 0 0 -129.207 308.325 -1 0 0 0 0.999 0.054 0 0.054 -0.999 3794.dat
1 4 0 -156.423 366.969 0 0 -1 -0.054 0.999 0 0.999 0.054 0 3622.dat
1 0 0 -182.019 395.643 0 0 -1 -0.054 0.999 0 0.999 0.054 0 3010.dat
1 4 0 -154.263 327.009 1 0 0 0 0.999 -0.054 0 0.054 0.999 4286.dat
1 4 0 -158.583 406.929 -1 0 0 0 0.999 0.054 0 0.054 -0.999 3665.dat
1 0 0 -179.319 345.693 1 0 0 0 0.999 -0.054 0 0.054 0.999 3040.dat
1 0 0 -206.535 404.337 0 0 -1 -0.054 0.999 0 0.999 0.054 0 3622.dat
1 0 0 -204.375 364.377 1 0 0 0 0.999 -0.054 0 0.054 0.999 3040.dat
1 0 0 -215.067 413.895 1 0 0 0 0.999 -0.054 0 0.054 0.999 3021.dat
1 0 -90 -221.979 393.483 0 0 1 0.054 0.999 0 -0.999 0.054 0 3933.dat
1 0 90 -221.979 393.483 0 0 -1 -0.054 0.999 0 0.999 0.054 0 3934.dat
1 0 0 -231.051 413.031 1 0 0 0 0.999 -0.054 0 0.054 0.999 3021.dat
1 0 0 -229.431 383.061 1 0 0 0 0.999 -0.054 0 0.054 0.999 3040.dat
1 36 0 -239.583 422.589 1 0 0 0 0.999 -0.054 0 0.054 0.999 3024.dat
1 0 0 -237.963 392.619 0 0 1 0.054 0.999 0 -0.999 0.054 0 3023.dat
1 0 0 -116.463 369.129 -1 0 0 0 0.999 0.054 0 0.054 -0.999 3747.dat
1 0 -380 -134 40 1 0 0 0 1 0 0 0 1 4519.dat
1 7 -360 -134 40 0 0 -1 -1 -0.012 0 -0.012 1 0 4273.dat
1 7 -375 -134 40 0 0 -1 -1 -0.012 0 -0.012 1 0 4265.dat
1 0 380 -134 40 -1 0 0 0 1 0 0 0 -1 4519.dat
1 7 360 -134 40 0 0 1 -1 -0.012 0 0.012 -1 0 4273.dat
1 7 375 -134 40 0 0 1 -1 -0.012 0 0.012 -1 0 4265.dat
1 7 -55 -134 40 0 0 -1 0 1.000144 0 1.000144 0 0 4265.dat
1 7 55 -134 40 0 0 1 0 1.000144 0 -1.000144 0 0 4265.dat
1 7 -40 -134 40 0 0 -1 0 1 0 1 0 0 4273.dat
1 7 -20 -134 32 0 0 -1 0 1 0 1 0 0 2736.dat
1 7 -20 -134 44 -1 0 0 0 1 0 0 0 -1 4265.dat
1 7 40 -134 40 0 0 1 0 -1 0 1 0 0 4273.dat
1 7 20 -134 32 0 0 1 0 -1 0 1 0 0 2736.dat
1 7 20 -134 44 1 0 0 0 -1 0 0 0 -1 4265.dat
1 7 30 -148.1765 59.7174 1 0 0 0 -0.829 -0.559 0 0.559 -0.829 3713.dat
1 0 0 -142.5865 68.0074 1 0 0 0 0.559 -0.829 0 0.829 0.559 4263.dat
1 0 -30 -133.164 81.981 0 1 0 -0.559 0 -0.829 -0.829 0 0.559 3706.dat
1 0 30 -133.164 81.981 0 1 0 -0.559 0 -0.829 -0.829 0 0.559 3706.dat
1 7 -30 -148.1765 59.7174 1 0 0 0 -0.829 -0.559 0 0.559 -0.829 3713.dat
1 7 30 -159.3565 43.1374 -1 0 0 0 -0.829 0.559 0 0.559 0.829 3651.dat
1 7 -30 -159.3565 43.1374 -1 0 0 0 -0.829 0.559 0 0.559 0.829 3651.dat
1 7 30 -136.4375 77.1264 1 0 0 0 -0.829 -0.559 0 0.559 -0.829 4265.dat
1 7 -30 -136.4375 77.1264 1 0 0 0 -0.829 -0.559 0 0.559 -0.829 4265.dat
1 0 -40 -170.5365 26.5574 1 0 0 0 -0.829 -0.559 0 0.559 -0.829 2780.dat
1 0 40 -170.5365 26.5574 1 0 0 0 -0.829 -0.559 0 0.559 -0.829 2780.dat
1 0 260 -130 70 0 0 -1 0 1 0 1 0 0 3710.dat
1 0 320 -130 70 0 0 -1 0 1 0 1 0 0 3710.dat
1 0 290 -138 60 1 0 0 0 1 0 0 0 1 3460.dat
1 0 290 -138 90 1 0 0 0 1 0 0 0 1 3034.dat
1 7 290 -138 40 1 0 0 0 1 0 0 0 1 4262.dat
1 7 340 -140 40 0 1 0 -1 0 0 0 0 1 4274.dat
1 7 240 -140 40 0 1 0 -1 0 0 0 0 1 4274.dat
1 0 -320 -130 70 0 0 -1 0 1 0 1 0 0 3710.dat
1 0 -260 -130 70 0 0 -1 0 1 0 1 0 0 3710.dat
1 0 -290 -138 60 1 0 0 0 1 0 0 0 1 3460.dat
1 0 -290 -138 90 1 0 0 0 1 0 0 0 1 3034.dat
1 7 -290 -138 40 1 0 0 0 1 0 0 0 1 4262.dat
1 7 -240 -140 40 0 1 0 -1 0 0 0 0 1 4274.dat
1 7 -340 -140 40 0 1 0 -1 0 0 0 0 1 4274.dat
1 7 -50 -128.144 -115.856 -1 0 0 0 -0.707 -0.707 0 -0.707 0.707 4273.dat
1 0 -50 -142.284 -101.716 0 -1 0 0.707 0 0.707 -0.707 0 0.707 4519.dat
1 7 -50 -156.424 -87.576 1 0 0 0 -0.707 0.707 0 -0.707 -0.707 4273.dat
1 7 -50 -170.564 -53.4392 -1 0 0 0 -0.999698 0 0 0 0.999698 4273.dat
1 0 -50 -170.564 -23.444 0 -1 0 0 0 -0.999698 0.999698 0 0 3705.dat
1 7 -50 -170.564 6.5526 -1 0 0 0 0.999698 0 0 0 -0.999698 3651.dat
1 7 -40 -170.564 -73.436 1 0 0 0 -0.382487 0.924049 0 -0.924049 -0.382487 4274.dat
1 7 40 -170.569 -73.431 -1 0 0 0 0.924049 0.382487 0 0.382487 -0.924049 4274.dat
1 7 50 -128.149 -115.851 1 0 0 0 0.707 -0.707 0 0.707 0.707 4273.dat
1 0 50 -142.289 -101.711 0 -1 0 0.707 0 0.707 -0.707 0 0.707 4519.dat
1 7 50 -156.429 -87.571 -1 0 0 0 0.707 0.707 0 0.707 -0.707 4273.dat
1 7 50 -170.569 -53.4342 1 0 0 0 0.999698 0 0 0 0.999698 4273.dat
1 0 50 -170.569 -23.439 0 -1 0 0 0 -0.999698 0.999698 0 0 3705.dat
1 7 50 -170.569 6.5576 -1 0 0 0 0.999698 0 0 0 -0.999698 3651.dat
1 7 54 -114 -130 0 0 -1 0 1 0 1 0 0 4265.dat
1 7 -54 -114 -130 0 0 1 0 1 0 -1 0 0 4265.dat
