0 Main
0 Name: 9094-1 - Star Striker.mpd
0 Author: LTRON
1 4 -10 74.24 94.83 0 1 0 0.179 0 -0.984 -0.984 0 -0.179 32526.dat
1 0 0 74.24 94.83 1 0 0 0 0.984 -0.179 0 0.179 0.984 3708.dat
1 0 0 54.56 91.25 1 0 0 0 0.984 -0.179 0 0.179 0.984 3673.dat
1 0 0 -4.48 80.51 1 0 0 0 0.984 -0.179 0 0.179 0.984 3673.dat
1 0 -20 -0.9 60.83 1 0 0 0 0.984 -0.179 0 0.179 0.984 3673.dat
1 9 -30 2.68 41.15 -1 0 0 0 0.984 0.179 0 0.179 -0.984 32556.dat
1 15 -40 74.24 94.83 1 0 0 0 0.984 -0.179 0 0.179 0.984 62462.dat
1 9 -30 0 0 0 0 1 0.179 0.984 0 -0.984 0.179 0 3702.dat
1 4 10 74.24 94.83 0 1 0 0.179 0 -0.984 -0.984 0 -0.179 32526.dat
1 0 20 -0.9 60.83 1 0 0 0 0.984 -0.179 0 0.179 0.984 3673.dat
1 0 0 9.84 1.79 1 0 0 0 0.984 -0.179 0 0.179 0.984 3705.dat
1 19 -20 13.42 -17.89 1 0 0 0 0.984 -0.179 0 0.179 0.984 3749.dat
1 0 -40 20.58 -57.25 1 0 0 0 0.984 -0.179 0 0.179 0.984 3673.dat
1 15 40 74.24 94.83 1 0 0 0 0.984 -0.179 0 0.179 0.984 62462.dat
1 7 0 33.1 -14.31 1 0 0 0 -0.984 0.179 0 -0.179 -0.984 92907.dat
1 19 20 13.42 -17.89 -1 0 0 0 0.984 0.179 0 0.179 -0.984 3749.dat
1 7 70 74.24 94.83 0 0 -1 -0.179 0.984 0 0.984 0.179 0 3713.dat
1 7 -70 74.24 94.83 0 0 1 0.179 0.984 0 -0.984 0.179 0 3713.dat
1 9 30 0 0 0 0 1 0.179 0.984 0 -0.984 0.179 0 3702.dat
1 9 30 2.68 41.15 -1 0 0 0 0.984 0.179 0 0.179 -0.984 32556.dat
1 0 40 20.58 -57.25 1 0 0 0 0.984 -0.179 0 0.179 0.984 3673.dat
1 4 -50 2.68 41.15 0 1 0 0.984 0 0.179 0.179 0 -0.984 64451.dat
1 4 50 2.68 41.15 0 1 0 0.984 0 0.179 0.179 0 -0.984 64451.dat
1 0 0 74.256 -84.082 1 0 0 0 0.984 -0.179 0 0.179 0.984 3708.dat
1 15 -20 74.256 -84.082 1 0 0 0 0.984 -0.179 0 0.179 0.984 62462.dat
1 15 20 74.256 -84.082 1 0 0 0 0.984 -0.179 0 0.179 0.984 62462.dat
1 7 -70 74.256 -84.082 0 0 1 0.179 0.984 0 -0.984 0.179 0 3713.dat
1 7 70 74.256 -84.082 0 0 -1 -0.179 0.984 0 0.984 0.179 0 3713.dat
1 0 -30 -15.032 37.928 0 0 1 0.179 0.984 0 -0.984 0.179 0 3710.dat
1 0 30 -15.032 37.928 0 0 1 0.179 0.984 0 -0.984 0.179 0 3710.dat
1 0 0 -0.712 -40.792 1 0 0 0 0.984 -0.179 0 0.179 0.984 3031.dat
1 0 0 -26.484 56.176 1 0 0 0 0.984 -0.179 0 0.179 0.984 3020.dat
1 15 -30 -15.744 -2.864 0 0 1 0.179 0.984 0 -0.984 0.179 0 3710.dat
1 15 30 -15.744 -2.864 0 0 1 0.179 0.984 0 -0.984 0.179 0 3710.dat
1 14 0 -10.374 -32.384 1 0 0 0 0.984 -0.179 0 0.179 0.984 3023.dat
1 4 -10 -6.794 -52.064 1 0 0 0 0.984 -0.179 0 0.179 0.984 6141.dat
1 4 10 -6.794 -52.064 1 0 0 0 0.984 -0.179 0 0.179 0.984 6141.dat
1 4 -10 -3.214 -71.744 1 0 0 0 0.984 -0.179 0 0.179 0.984 6141.dat
1 4 10 -3.214 -71.744 1 0 0 0 0.984 -0.179 0 0.179 0.984 6141.dat
1 15 0 -42.228 53.312 1 0 0 0 0.984 -0.179 0 0.179 0.984 3788.dat
1 9 -30 -23.616 -4.296 0 0 1 0.179 0.984 0 -0.984 0.179 0 3710.dat
1 9 30 -23.616 -4.296 0 0 1 0.179 0.984 0 -0.984 0.179 0 3710.dat
1 8 0 -18.246 -33.816 1 0 0 0 0.984 -0.179 0 0.179 0.984 3023.dat
1 15 0 -12.876 -63.336 1 0 0 0 0.984 -0.179 0 0.179 0.984 44674.dat
1 4 -10 -44.018 63.152 1 0 0 0 0.984 -0.179 0 0.179 0.984 6141.dat
1 4 10 -44.018 63.152 1 0 0 0 0.984 -0.179 0 0.179 0.984 6141.dat
1 14 0 -40.438 43.472 1 0 0 0 0.984 -0.179 0 0.179 0.984 3023.dat
1 9 0 -36.858 23.792 1 0 0 0 0.984 -0.179 0 0.179 0.984 3710.dat
1 15 -30 -23.616 -4.296 0 0 -1 -0.179 0.984 0 0.984 0.179 0 85984.dat
1 15 30 -23.616 -4.296 0 0 1 0.179 0.984 0 -0.984 0.179 0 85984.dat
1 9 -10 -26.118 -35.248 -1 0 0 0 0.984 0.179 0 0.179 -0.984 2420.dat
1 9 10 -26.118 -35.248 0 0 1 0.179 0.984 0 -0.984 0.179 0 2420.dat
1 4 0 -18.958 -74.608 1 0 0 0 0.984 -0.179 0 0.179 0.984 2540.dat
1 9 -20 -50.1 51.88 0 0 1 0.179 0.984 0 -0.984 0.179 0 3020.dat
1 9 20 -50.1 51.88 0 0 1 0.179 0.984 0 -0.984 0.179 0 3020.dat
1 39 0 -49.734 -39.544 -1 0 0 0 0.984 0.179 0 0.179 -0.984 30413.dat
1 9 0 -28.62 -66.2 1 0 0 0 0.984 -0.179 0 0.179 0.984 3068.dat
1 9 0 -75.506 57.424 -1 0 0 0 0.984 0.179 0 0.179 -0.984 3039.dat
1 9 -30 -73.716 47.584 0 0 -1 -0.179 0.984 0 0.984 0.179 0 30413.dat
1 9 30 -73.716 47.584 0 0 1 0.179 0.984 0 -0.984 0.179 0 30413.dat
1 9 0 -70.136 27.904 1 0 0 0 0.984 -0.179 0 0.179 0.984 3003.dat
1 4 0 -81.588 46.152 1 0 0 0 0.984 -0.179 0 0.179 0.984 4150.dat
1 15 0 -99.834 12.336 -1 0 0 0 0.984 0.179 0 0.179 -0.984 2432.dat
1 15 -100 74.24 94.83 0 0 -1 -0.179 0.984 0 0.984 0.179 0 56145.dat
1 15 100 74.24 94.83 0 0 1 0.179 0.984 0 -0.984 0.179 0 56145.dat
1 15 -100 74.256 -84.082 0 0 -1 -0.179 0.984 0 0.984 0.179 0 56145.dat
1 15 100 74.256 -84.082 0 0 1 0.179 0.984 0 -0.984 0.179 0 56145.dat
1 256 -100 74.24 94.83 0 0 1 0.179 0.984 0 -0.984 0.179 0 61481.dat
1 256 100 74.24 94.83 0 0 1 0.179 0.984 0 -0.984 0.179 0 61481.dat
1 256 -100 74.256 -84.082 0 0 1 0.179 0.984 0 -0.984 0.179 0 61481.dat
1 256 100 74.256 -84.082 0 0 1 0.179 0.984 0 -0.984 0.179 0 61481.dat
1 4 0 16.099 23.259 0 0 1 -0.984 0.179 0 -0.179 -0.984 0 32291.dat
1 9 10 29.519 5.369 1 0 0 0 0.984 -0.179 0 0.179 0.984 4274.dat
1 19 0 6.259 21.469 0 -1 0 0.984 0 -0.179 0.179 0 0.984 3749.dat
1 9 0 47.405 -93.02 1 0 0 0 0.984 -0.179 0 0.179 0.984 32034.dat
1 8 0 42.035 -63.5 1 0 0 0 -0.179 -0.984 0 0.984 -0.179 90258.dat
1 4 0 52.775 -122.54 0 0 1 0.179 0.984 0 -0.984 0.179 0 32062.dat
1 8 0 38.455 -43.82 0 0 -1 -0.179 0.984 0 0.984 0.179 0 87083.dat
1 8 0 57.071 -146.156 1 0 0 0 -0.179 -0.984 0 0.984 -0.179 90258.dat
1 9 0 65.479 -136.494 0 0 1 0.984 -0.179 0 0.179 0.984 0 93273.dat
1 9 0 45.799 -140.074 0 0 1 0.984 -0.179 0 0.179 0.984 0 93273.dat
1 8 -30 55.639 -138.284 0 0 1 0.984 -0.179 0 0.179 0.984 0 3023.dat
1 8 30 55.639 -138.284 0 0 1 0.984 -0.179 0 0.179 0.984 0 3023.dat
