0 
0 Name: New Model.ldr
0 Author: 
1 7 400 0 0 0 0 1 0 1 0 -1 0 0 3020.dat
1 4 400 -24 30 -1 0 0 0 1 0 0 0 -1 3747.dat
1 4 390 -24 0 0 0 1 0 1 0 -1 0 0 32000.dat
1 4 410 -24 0 0 0 1 0 1 0 -1 0 0 32000.dat
1 0 400 -24 -30 1 0 0 0 1 0 0 0 1 3660.dat
1 7 390 -14 -10 0 0 -1 0.707107 0.707107 0 0.707107 -0.707107 0 40620.dat
1 7 410 -14 -10 0 0 1 -0.707107 0.707107 0 -0.707107 -0.707107 0 40620.dat
1 0 400 -32 20 0 0 1 0 1 0 -1 0 0 3034.dat
1 14 390 -40 60 0 0 1 0 1 0 -1 0 0 2540.dat
1 14 410 -40 60 0 0 -1 0 1 0 1 0 0 2540.dat
1 4 390 -40 -40 0 0 1 0 1 0 -1 0 0 48336.dat
1 4 410 -40 -40 0 0 -1 0 1 0 1 0 0 48336.dat
1 8 370 -38 40 0 0 -1 -1 0 0 0 1 0 44676.dat
1 8 430 -38 40 0 0 1 1 0 0 0 1 0 44676.dat
1 7 400 -72 60 1 0 0 0 1 0 0 0 1 50943.dat
1 14 390 -48 -30 1 0 0 0 1 0 0 0 1 6141.dat
1 14 410 -48 -30 1 0 0 0 1 0 0 0 1 6141.dat
1 0 400 -48 -60 0 0 1 0 1 0 -1 0 0 10247.dat
1 1 400 -38 -80 0 0 1 0 1 0 -1 0 0 3749.dat
1 0 400 -38 -110 0 0 1 0 1 0 -1 0 0 32054.dat
1 7 390 -56 90 1 0 0 0 1 0 0 0 1 3062.dat
1 7 410 -56 90 1 0 0 0 1 0 0 0 1 3062.dat
1 4 400 -56 -50 0 0 1 0 1 0 -1 0 0 3021.dat
1 8 390 -57 90 -1 0 0 0 1 0 0 0 -1 30132.dat
1 8 410 -57 90 -1 0 0 0 1 0 0 0 -1 30132.dat
1 4 400 -64 -30 1 0 0 0 1 0 0 0 1 3794.dat
1 39 400 -56 -60 1 0 0 0 1 0 0 0 1 30602.dat
1 8 400 -72 -30 0 0 1 0 1 0 -1 0 0 2555.dat
1 8 400 -78 -30 1 0 0 0 0.707107 0.707107 0 -0.707107 0.707107 30031.dat
1 7 338 -8 -40 0 -1 0 1 0 0 0 0 1 4868.dat
1 0 372 -18 -40 0 -1 0 0 0 1 -1 0 0 60470.dat
1 7 372 2 -40 0 -1 0 0 0 1 -1 0 0 2412.dat
1 7 462 -8 -40 0 1 0 -1 0 0 0 0 1 4868.dat
1 0 428 -18 -40 0 1 0 0 0 1 1 0 0 60470.dat
1 7 428 2 -40 0 1 0 0 0 -1 -1 0 0 2412.dat
