0 Main
0 Name: 60059 - Logging Truck.mpd
0 Author: LTRON
1 72 -110 4 0 0 0 -1 0 1 0 1 0 0 3832.dat
1 71 -110 -4 40 0 0 -1 0 1 0 1 0 0 3022.dat
1 0 -90 -4 80 1 0 0 0 1 0 0 0 1 4488.dat
1 0 -130 -4 80 -1 0 0 0 1 0 0 0 -1 4488.dat
1 0 -90 -4 0 1 0 0 0 1 0 0 0 1 4488.dat
1 0 -130 -4 0 -1 0 0 0 1 0 0 0 -1 4488.dat
1 71 -110 -4 -120 0 0 1 0 1 0 -1 0 0 3832.dat
1 72 -110 4 -200 0 0 -1 0 1 0 1 0 0 3832.dat
1 0 -90 -4 -240 1 0 0 0 1 0 0 0 1 4488.dat
1 0 -130 -4 -240 -1 0 0 0 1 0 0 0 -1 4488.dat
1 2 -110 -4 -270 -1 0 0 0 1 0 0 0 -1 3023.dat
1 2 -80 -12 80 0 0 -1 0 1 0 1 0 0 3023.dat
1 2 -140 -12 80 0 0 -1 0 1 0 1 0 0 3023.dat
1 2 -140 -12 0 0 0 -1 0 1 0 1 0 0 3023.dat
1 2 -80 -12 0 0 0 -1 0 1 0 1 0 0 3023.dat
1 2 -140 -12 -240 0 0 -1 0 1 0 1 0 0 3023.dat
1 2 -80 -12 -240 0 0 -1 0 1 0 1 0 0 3023.dat
1 2 -110 -12 70 0 0 -1 0 1 0 1 0 0 3021.dat
1 19 -110 -20 50 1 0 0 0 1 0 0 0 1 3023.dat
1 71 -110 -20 110 -1 0 0 0 1 0 0 0 -1 11215.dat
1 0 -110 -4 140 -1 0 0 0 1 0 0 0 -1 32001.dat
1 71 -160 -12 130 0 0 1 0 1 0 -1 0 0 4085.dat
1 71 -60 -12 130 0 0 -1 0 1 0 1 0 0 4085.dat
1 1 -110 -12 140 0 0 -1 0 1 0 1 0 0 3680.dat
1 71 -150 -12 150 -1 0 0 0 1 0 0 0 -1 99780.dat
1 71 -70 -12 150 -1 0 0 0 1 0 0 0 -1 99780.dat
1 28 -110 -60 140 0 1 0 1 0 0 0 0 -1 15462.dat
1 0 -110 -20 140 -1 0 0 0 1 0 0 0 -1 32001.dat
1 36 -140 -14 172 -1 0 0 0 0 -1 0 -1 0 6141.dat
1 36 -80 -14 172 -1 0 0 0 0 -1 0 -1 0 6141.dat
1 57 -160 -14 172 -1 0 0 0 0 -1 0 -1 0 6141.dat
1 57 -60 -14 172 -1 0 0 0 0 -1 0 -1 0 6141.dat
1 0 -110 -28 100 0 0 1 0 1 0 -1 0 0 32001.dat
1 0 -120 -28 -120 0 0 1 0 1 0 -1 0 0 2465.dat
1 0 -100 -28 -120 0 0 1 0 1 0 -1 0 0 2465.dat
1 0 -110 -4 -290 1 0 0 0 1 0 0 0 1 3666.dat
1 2 -110 -12 -290 1 0 0 0 1 0 0 0 1 3023.dat
1 71 -70 -12 -290 1 0 0 0 1 0 0 0 1 2412.dat
1 71 -150 -12 -290 1 0 0 0 1 0 0 0 1 2412.dat
1 0 -110 -20 -290 1 0 0 0 1 0 0 0 1 3666.dat
1 2 -110 -28 -290 1 0 0 0 1 0 0 0 1 3023.dat
1 71 -70 -28 -290 1 0 0 0 1 0 0 0 1 2412.dat
1 71 -150 -28 -290 1 0 0 0 1 0 0 0 1 2412.dat
1 71 -110 -36 110 1 0 0 0 1 0 0 0 1 2412.dat
1 72 -110 -36 140 1 0 0 0 1 0 0 0 1 15535.dat
1 71 -110 -36 40 0 0 1 0 1 0 -1 0 0 3795.dat
1 72 -110 -36 -60 0 0 1 0 1 0 -1 0 0 3020.dat
1 14 -100 -36 -120 0 0 -1 0 1 0 1 0 0 93274.dat
1 72 -78 -16 -120 0 -1 0 0 0 -1 1 0 0 3020.dat
1 72 -54 -16 -100 0 -1 0 0 0 -1 1 0 0 30165.dat
1 72 -54 -16 -140 0 -1 0 0 0 -1 1 0 0 30165.dat
1 0 -46 -16 -120 0 -1 0 0 0 -1 1 0 0 6636.dat
1 14 -120 -36 -120 0 0 1 0 1 0 -1 0 0 93274.dat
1 72 -142 -16 -120 0 1 0 0 0 -1 -1 0 0 3020.dat
1 72 -166 -16 -140 0 1 0 0 0 -1 -1 0 0 30165.dat
1 72 -166 -16 -100 0 1 0 0 0 -1 -1 0 0 30165.dat
1 0 -174 -16 -120 0 1 0 0 0 -1 -1 0 0 6636.dat
1 71 -110 -36 -200 0 0 1 0 1 0 -1 0 0 3795.dat
1 72 -110 -36 -280 1 0 0 0 1 0 0 0 1 3020.dat
1 0 -70 -36 80 0 0 -1 0 1 0 1 0 0 50745.dat
1 0 -150 -36 80 0 0 1 0 1 0 -1 0 0 50745.dat
1 0 -70 -36 0 0 0 -1 0 1 0 1 0 0 50745.dat
1 0 -150 -36 0 0 0 1 0 1 0 -1 0 0 50745.dat
1 0 -70 -36 -240 0 0 -1 0 1 0 1 0 0 50745.dat
1 0 -150 -36 -240 0 0 1 0 1 0 -1 0 0 50745.dat
1 2 -110 -52 -290 1 0 0 0 1 0 0 0 1 87609.dat
1 2 -110 -44 -250 1 0 0 0 1 0 0 0 1 3666.dat
1 2 -80 -44 -220 1 0 0 0 1 0 0 0 1 3021.dat
1 2 -140 -44 -220 1 0 0 0 1 0 0 0 1 3021.dat
1 14 -160 -52 -260 0 0 1 0 1 0 -1 0 0 3710.dat
1 14 -60 -52 -260 0 0 1 0 1 0 -1 0 0 3710.dat
1 14 -110 -52 -210 -1 0 0 0 1 0 0 0 -1 3666.dat
1 2 -130 -124 -210 1 0 0 0 1 0 0 0 1 87544.dat
1 2 -90 -124 -210 1 0 0 0 1 0 0 0 1 87544.dat
1 2 -160 -124 -220 0 0 -1 0 1 0 1 0 0 87544.dat
1 2 -60 -124 -220 0 0 1 0 1 0 -1 0 0 87544.dat
1 2 -60 -76 -290 1 0 0 0 1 0 0 0 1 3822.dat
1 2 -160 -76 -290 1 0 0 0 1 0 0 0 1 3821.dat
1 1 -130 -76 -290 1 0 0 0 1 0 0 0 1 3004.dat
1 1 -90 -60 -290 1 0 0 0 1 0 0 0 1 3829.dat
1 4 -140 -100 -290 1 0 0 0 1 0 0 0 1 3899.dat
1 2 -110 -66 -316 -1 0 0 0 0 1 0 1 0 87609.dat
1 0 -110 -16 -308 1 0 0 0 0 -1 0 1 0 32001.dat
1 2 -130 -26 -316 0 0 1 1 0 0 0 1 0 3021.dat
1 2 -90 -26 -316 0 0 1 1 0 0 0 1 0 3021.dat
1 0 -60 -6 -316 0 0 1 1 0 0 0 1 0 6141.dat
1 0 -160 -6 -316 0 0 1 1 0 0 0 1 0 6141.dat
1 0 -110 -6 -324 -1 0 0 0 0 1 0 1 0 6636.dat
1 0 -90 -26 -324 -1 0 0 0 0 1 0 1 0 2412.dat
1 0 -130 -26 -324 -1 0 0 0 0 1 0 1 0 2412.dat
1 0 -90 -46 -324 -1 0 0 0 0 1 0 1 0 2412.dat
1 0 -130 -46 -324 -1 0 0 0 0 1 0 1 0 2412.dat
1 57 -60 -46 -316 0 0 1 1 0 0 0 1 0 6141.dat
1 57 -160 -46 -316 0 0 1 1 0 0 0 1 0 6141.dat
1 47 -60 -26 -308 0 0 -1 -1 0 0 0 1 0 54200.dat
1 47 -160 -26 -308 0 0 1 1 0 0 0 1 0 54200.dat
1 2 -70 -66 -308 0 0 -1 -1 0 0 0 1 0 11477.dat
1 2 -150 -66 -308 0 0 1 1 0 0 0 1 0 11477.dat
1 2 -110 -66 -324 -1 0 0 0 0 1 0 1 0 3069.dat
1 47 -110 -124 -290 1 0 0 0 1 0 0 0 1 4176.dat
1 0 -130 -132 -290 1 0 0 0 1 0 0 0 1 32028.dat
1 0 -90 -132 -290 1 0 0 0 1 0 0 0 1 32028.dat
1 0 -110 -132 -210 1 0 0 0 1 0 0 0 1 3666.dat
1 0 -160 -132 -230 0 0 1 0 1 0 -1 0 0 4085.dat
1 0 -160 -132 -290 0 0 1 0 1 0 -1 0 0 4085.dat
1 0 -60 -132 -230 0 0 -1 0 1 0 1 0 0 4085.dat
1 0 -60 -132 -290 0 0 -1 0 1 0 1 0 0 4085.dat
1 0 -24.444 -118 -277.272 0 -0.707107 0.707107 1 0 0 0 0.707107 0.707107 48336.dat
1 0 -195.556 -118 -277.272 0 0.707107 -0.707107 -1 0 0 0 0.707107 0.707107 48336.dat
1 2 -110 -140 -210 1 0 0 0 1 0 0 0 1 3666.dat
1 57 -40 -124 -230 1 0 0 0 1 0 0 0 1 58176.dat
1 57 -180 -124 -230 1 0 0 0 1 0 0 0 1 58176.dat
1 2 -110 -148 -230 1 0 0 0 1 0 0 0 1 52031.dat
1 72 -140 -156 -230 0 0 -1 0 1 0 1 0 0 2555.dat
1 72 -80 -156 -230 0 0 -1 0 1 0 1 0 0 2555.dat
1 148 -180 -162.485 -228.06 0 1 0 0.241922 0 -0.970296 -0.970296 0 -0.241922 92589.dat
1 0 -110 -44 -190 -1 0 0 0 1 0 0 0 -1 2412.dat
1 2 -90 -44 -150 0 0 1 0 1 0 -1 0 0 3021.dat
1 2 -130 -44 -150 0 0 1 0 1 0 -1 0 0 3021.dat
1 2 -110 -44 -110 1 0 0 0 1 0 0 0 1 3666.dat
1 2 -110 -44 30 1 0 0 0 1 0 0 0 1 3666.dat
1 2 -110 -44 -40 0 0 -1 0 1 0 1 0 0 3032.dat
1 2 -90 -44 70 0 0 1 0 1 0 -1 0 0 3021.dat
1 2 -130 -44 70 0 0 1 0 1 0 -1 0 0 3021.dat
1 0 -110 -52 -170 1 0 0 0 1 0 0 0 1 6583.dat
1 0 -110 -52 90 -1 0 0 0 1 0 0 0 -1 6583.dat
1 0 -120 -52 20 0 0 1 0 1 0 -1 0 0 6636.dat
1 0 -100 -52 20 0 0 1 0 1 0 -1 0 0 6636.dat
1 0 -120 -52 -100 0 0 1 0 1 0 -1 0 0 6636.dat
1 0 -100 -52 -100 0 0 1 0 1 0 -1 0 0 6636.dat
1 71 -140 -52 -120 0 0 -1 0 1 0 1 0 0 92280.dat
1 71 -80 -52 -120 0 0 -1 0 1 0 1 0 0 92280.dat
1 71 -80 -52 40 0 0 1 0 1 0 -1 0 0 92280.dat
1 71 -140 -52 40 0 0 1 0 1 0 -1 0 0 92280.dat
1 0 -160 -58 30 0 0 -1 0 1 0 1 0 0 87617.dat
1 0 -60 -58 30 0 0 1 0 1 0 -1 0 0 87617.dat
1 0 -160 -58 -110 0 0 -1 0 1 0 1 0 0 87617.dat
1 0 -60 -58 -110 0 0 1 0 1 0 -1 0 0 87617.dat
1 72 -60 -156 -110 0 0 -1 0 1 0 1 0 0 92338-f2.dat
1 72 -60 -156 30 0 0 -1 0 1 0 1 0 0 92338-f2.dat
1 14 -110 -60 140 0.981627 0 0.190809 0 1 0 -0.190809 0 0.981627 3941.dat
1 71 -110 -68 140 0.981627 0 0.190809 0 1 0 -0.190809 0 0.981627 4032.dat
1 14 -110 -92 140 0.981627 0 0.190809 0 1 0 -0.190809 0 0.981627 3941.dat
1 14 -110 -116 140 0.981627 0 0.190809 0 1 0 -0.190809 0 0.981627 6232.dat
1 72 -117.909 -124 151.725 0.981627 0 0.190809 0 1 0 -0.190809 0 0.981627 11212.dat
1 1 -98.275 -132 147.909 0.190809 0 -0.981627 0 1 0 0.981627 0 0.190809 3623.dat
1 72 -100.187 -156 138.092 0.190809 0 -0.981627 0 1 0 0.981627 0 0.190809 2458.dat
1 71 -76.735 -126 153.908 0 -0.190809 -0.981627 1 0 0 0 -0.981627 0.190809 63869.dat
1 4 -76.735 -136 153.908 0 -0.190809 -0.981627 1 0 0 0 -0.981627 0.190809 32062.dat
1 0 -76.735 -156 153.908 -0.981627 0.190809 0 0 0 1 0.190809 0.981627 0 30552.dat
1 1 -125.816 -132 163.451 0.981627 0 0.190809 0 1 0 -0.190809 0 0.981627 4079.dat
1 1 -141.358 -132 135.909 0.981627 0 0.190809 0 1 0 -0.190809 0 0.981627 4592.dat
1 1 -121.725 -131.999 132.091 0.981627 0 0.190809 0 1 0 -0.190809 0 0.981627 4592.dat
1 14 -82.131 -208.426 126.144 -0.134922 -0.134922 0.981627 -0.707106 0.707106 0 -0.694115 -0.694115 -0.190809 30387.dat
1 14 -99.768 -246.711 35.416 -0.190809 0 0.981627 0 1 0 -0.981627 0 -0.190809 30387.dat
1 14 -109.308 -216.713 -13.665 -0.981627 0.190809 0 0 0 1 0.190809 0.981627 0 30396.dat
1 14 -79.8592 -176.712 -19.3893 -0.190809 0.981627 0 0 0 -1 -0.981627 -0.190809 0 4032.dat
1 0 -89.6203 -166.712 -27.6791 -0.190809 0.981627 0 0 0 -1 -0.981627 -0.190809 0 4085.dat
1 72 -85.8041 -186.712 -8.0465 0 0.981627 -0.190809 1 0 0 0 -0.190809 -0.981627 2420.dat
1 71 -95.5652 -176.712 -16.3363 0 0.981627 -0.190809 1 0 0 0 -0.190809 -0.981627 3022.dat
1 0 -117.2162 -166.712 -1.9406 0 0.981627 -0.190809 1 0 0 0 -0.190809 -0.981627 3062.dat
1 14 -119.1243 -186.712 -11.7569 -0.190809 0.981627 0 0 0 -1 -0.981627 -0.190809 0 3700.dat
1 0 -105.3263 -166.712 -24.6261 -0.190809 0.981627 0 0 0 -1 -0.981627 -0.190809 0 4085.dat
1 1 -113.1793 -166.712 -23.0997 -0.190809 0.981627 0 0 0 -1 -0.981627 -0.190809 0 6141.dat
1 0 -121.0324 -166.712 -21.5732 -0.190809 0.981627 0 0 0 -1 -0.981627 -0.190809 0 4085.dat
1 0 -109.308 -196.712 -13.665 0 0.981627 -0.190809 1 0 0 0 -0.190809 -0.981627 6628.dat
1 71 -126.9773 -176.712 -10.2304 0 0.981627 -0.190809 1 0 0 0 -0.190809 -0.981627 3022.dat
1 0 -136.7384 -166.712 -18.5202 -0.190809 0.981627 0 0 0 -1 -0.981627 -0.190809 0 4085.dat
1 72 -132.9222 -186.712 1.1123 0 0.981627 -0.190809 1 0 0 0 -0.190809 -0.981627 2420.dat
1 14 -142.6833 -176.712 -7.1775 0 0.981627 -0.190809 1 0 0 0 -0.190809 -0.981627 4150.dat
1 14 -148.5179 -146.712 -16.2305 0 0.981627 -0.190809 1 0 0 0 -0.190809 -0.981627 30374.dat
1 14 -93.5468 -146.712 -26.9158 -0.981627 -0.098274 -0.163555 0 0.857167 -0.515038 0.190809 -0.505575 -0.841418 92220.dat
1 14 -109.2528 -146.712 -23.8629 0.981627 0.098274 0.163555 0 0.857167 -0.515038 -0.190809 0.505575 0.841418 92220.dat
1 14 -124.9589 -146.712 -20.8099 -0.981627 -0.098274 -0.163555 0 0.857167 -0.515038 0.190809 -0.505575 -0.841418 92220.dat
1 71 -60 1 80 0 0 -1 0 1 0 1 0 0 6014.dat
1 256 -54 1 80 0 0 -1 0 1 0 1 0 0 87697.dat
1 71 -160 1 80 0 0 1 0 1 0 -1 0 0 6014.dat
1 256 -166 1 80 0 0 1 0 1 0 -1 0 0 87697.dat
1 71 -60 1 0 0 0 -1 0 1 0 1 0 0 6014.dat
1 256 -54 1 0 0 0 -1 0 1 0 1 0 0 87697.dat
1 71 -160 1 0 0 0 1 0 1 0 -1 0 0 6014.dat
1 256 -166 1 0 0 0 1 0 1 0 -1 0 0 87697.dat
1 71 -60 1 -240 0 0 -1 0 1 0 1 0 0 6014.dat
1 256 -54 1 -240 0 0 -1 0 1 0 1 0 0 87697.dat
1 71 -160 1 -240 0 0 1 0 1 0 -1 0 0 6014.dat
1 256 -166 1 -240 0 0 1 0 1 0 -1 0 0 87697.dat
