0 Main
0 Name: 5893 - Offroad Power - Buggy.mpd
0 Author: LTRON
1 1 0 -22.158 49.256 0 0 -1 -0.146 0.989 0 0.989 0.146 0 3035.dat
1 72 0 -40.29 117.318 1 0 0 0 0.989 -0.146 0 0.146 0.989 3710.dat
1 71 0 -35.91 87.648 1 0 0 0 0.989 -0.146 0 0.146 0.989 3795.dat
1 71 -40 -24.23 8.528 0 0 1 0.146 0.989 0 -0.989 0.146 0 3795.dat
1 71 40 -24.23 8.528 0 0 1 0.146 0.989 0 -0.989 0.146 0 3795.dat
1 72 0 -30.07 48.088 0 0 1 0.146 0.989 0 -0.989 0.146 0 3022.dat
1 1 0 1.202 -108.984 0 0 1 0.146 0.989 0 -0.989 0.146 0 3035.dat
1 71 0 -6.71 -110.152 -1 0 0 0 0.989 0.146 0 0.146 -0.989 3030.dat
1 0 0 -14.01 -60.702 -1 0 0 0 0.989 0.146 0 0.146 -0.989 4477.dat
1 72 0 30.402 -306.784 0 0 -1 -0.146 0.989 0 0.989 0.146 0 3029.dat
1 72 -40 13.73 -248.612 0 0 -1 -0.146 0.989 0 0.989 0.146 0 3832.dat
1 72 40 13.73 -248.612 0 0 -1 -0.146 0.989 0 0.989 0.146 0 3832.dat
1 71 0 34.17 -387.072 1 0 0 0 0.989 -0.146 0 0.146 0.989 3032.dat
1 4 -60 -1.718 -89.204 0 0 1 0.146 0.989 0 -0.989 0.146 0 3795.dat
1 4 60 -1.718 -89.204 0 0 1 0.146 0.989 0 -0.989 0.146 0 3795.dat
1 1 0 -11.702 -131.1 0 0 1 0.146 0.989 0 -0.989 0.146 0 3068.dat
1 4 -10 -19.002 -81.65 0 0 1 0.146 0.989 0 -0.989 0.146 0 63864.dat
1 4 10 -19.002 -81.65 0 0 1 0.146 0.989 0 -0.989 0.146 0 63864.dat
1 72 -30 -64.026 113.814 0 0 1 0.146 0.989 0 -0.989 0.146 0 4070.dat
1 72 -10 -64.026 113.814 -1 0 0 0 0.989 0.146 0 0.146 -0.989 4070.dat
1 72 10 -64.026 113.814 -1 0 0 0 0.989 0.146 0 0.146 -0.989 4070.dat
1 72 30 -64.026 113.814 0 0 -1 -0.146 0.989 0 0.989 0.146 0 4070.dat
1 71 -20 -59.646 84.144 -1 0 0 0 0.989 0.146 0 0.146 -0.989 6232.dat
1 15 -50 -47.966 5.024 0 0 -1 -0.146 0.989 0 0.989 0.146 0 2730.dat
1 1 -30 -37.746 -64.206 0 0 -1 -0.146 0.989 0 0.989 0.146 0 3622.dat
1 1 30 -37.746 -64.206 0 0 -1 -0.146 0.989 0 0.989 0.146 0 3622.dat
1 0 0 -53.806 44.584 0 0 -1 -0.146 0.989 0 0.989 0.146 0 3003.dat
1 0 -30 -29.222 -12.42 0 0 -1 -0.146 0.989 0 0.989 0.146 0 2412.dat
1 0 30 -29.222 -12.42 0 0 -1 -0.146 0.989 0 0.989 0.146 0 2412.dat
1 71 20 -59.646 84.144 1 0 0 0 0.989 -0.146 0 0.146 0.989 6232.dat
1 15 50 -47.966 5.024 0 0 -1 -0.146 0.989 0 0.989 0.146 0 2730.dat
1 15 -30 -27.526 -133.436 0 0 -1 -0.146 0.989 0 0.989 0.146 0 3010.dat
1 15 30 -27.526 -133.436 0 0 -1 -0.146 0.989 0 0.989 0.146 0 3010.dat
1 1 -50 -30.446 -113.656 0 0 -1 -0.146 0.989 0 0.989 0.146 0 3004.dat
1 1 -50 -24.606 -153.216 0 0 -1 -0.146 0.989 0 0.989 0.146 0 3004.dat
1 1 50 -30.446 -113.656 0 0 -1 -0.146 0.989 0 0.989 0.146 0 3004.dat
1 1 50 -24.606 -153.216 0 0 -1 -0.146 0.989 0 0.989 0.146 0 3004.dat
1 71 -44 -54.136 115.274 0 1 0 -0.146 0 0.989 0.989 0 0.146 6141.dat
1 71 44 -54.136 115.274 0 -1 0 -0.146 0 -0.989 0.989 0 -0.146 6141.dat
1 71 -44 -54.136 115.274 0 1 0 0.989 0 0.146 0.146 0 -0.989 54200.dat
1 71 44 -54.136 115.274 0 -1 0 -0.989 0 0.146 -0.146 0 -0.989 54200.dat
1 15 -70 -30.446 -113.656 0 0 -1 -0.146 0.989 0 0.989 0.146 0 2730.dat
1 15 70 -30.446 -113.656 0 0 -1 -0.146 0.989 0 0.989 0.146 0 2730.dat
1 71 -70 3.51 -179.382 0 0 -1 -0.146 0.989 0 0.989 0.146 0 3623.dat
1 71 70 3.51 -179.382 0 0 -1 -0.146 0.989 0 0.989 0.146 0 3623.dat
1 72 -70 -18.39 -31.032 0 0 -1 -0.146 0.989 0 0.989 0.146 0 3023.dat
1 72 70 -18.39 -31.032 0 0 -1 -0.146 0.989 0 0.989 0.146 0 3023.dat
1 1 -30 -17.306 -202.666 0 0 -1 -0.146 0.989 0 0.989 0.146 0 3622.dat
1 1 30 -17.306 -202.666 0 0 -1 -0.146 0.989 0 0.989 0.146 0 3622.dat
1 15 -50 -7.086 -271.896 0 0 -1 -0.146 0.989 0 0.989 0.146 0 2730.dat
1 15 50 -7.086 -271.896 0 0 -1 -0.146 0.989 0 0.989 0.146 0 2730.dat
1 14 0 0.214 -321.346 1 0 0 0 0.989 -0.146 0 0.146 0.989 3701.dat
1 1 -30 4.594 -351.016 0 0 -1 -0.146 0.989 0 0.989 0.146 0 3004.dat
1 1 30 4.594 -351.016 0 0 -1 -0.146 0.989 0 0.989 0.146 0 3004.dat
1 57 90 -37.746 -64.206 0 0 -1 -0.146 0.989 0 0.989 0.146 0 3005.dat
1 57 -90 -37.746 -64.206 0 0 -1 -0.146 0.989 0 0.989 0.146 0 3005.dat
1 14 -90 -33.366 -93.876 0 0 -1 -0.146 0.989 0 0.989 0.146 0 3700.dat
1 14 90 -33.366 -93.876 0 0 -1 -0.146 0.989 0 0.989 0.146 0 3700.dat
1 1 -90 -28.986 -123.546 0 0 -1 -0.146 0.989 0 0.989 0.146 0 6541.dat
1 15 -90 -26.066 -143.326 0 0 -1 -0.146 0.989 0 0.989 0.146 0 6541.dat
1 1 90 -28.986 -123.546 0 0 -1 -0.146 0.989 0 0.989 0.146 0 6541.dat
1 15 90 -26.066 -143.326 0 0 -1 -0.146 0.989 0 0.989 0.146 0 6541.dat
1 71 100 -19.096 -122.086 1 0 0 0 0.989 -0.146 0 0.146 0.989 4274.dat
1 71 100 -16.176 -141.866 1 0 0 0 0.989 -0.146 0 0.146 0.989 4274.dat
1 71 -100 -19.096 -122.086 -1 0 0 0 0.989 0.146 0 0.146 -0.989 4274.dat
1 71 -100 -16.176 -141.866 -1 0 0 0 0.989 0.146 0 0.146 -0.989 4274.dat
1 71 -10 -58.516 144.944 -1 0 0 0 0.146 -0.989 0 -0.989 -0.146 3062.dat
1 71 10 -58.516 144.944 -1 0 0 0 0.146 -0.989 0 -0.989 -0.146 3062.dat
1 57 10 -59.684 152.856 -1 0 0 0 0.146 -0.989 0 -0.989 -0.146 3024.dat
1 57 -10 -59.684 152.856 -1 0 0 0 0.146 -0.989 0 -0.989 -0.146 3024.dat
1 57 -10 -59.684 152.856 0 0 -1 0.989 0.146 0 0.146 -0.989 0 54200.dat
1 57 10 -59.684 152.856 1 0 0 0 0.146 0.989 0 -0.989 0.146 54200.dat
1 80 0 -60.258 33.526 1 0 0 0 0.989 -0.146 0 0.146 0.989 2412.dat
1 72 -40 -69.018 92.866 1 0 0 0 0.989 -0.146 0 0.146 0.989 3023.dat
1 72 40 -69.018 92.866 1 0 0 0 0.989 -0.146 0 0.146 0.989 3023.dat
1 72 -50 -64.638 63.196 0 0 1 0.146 0.989 0 -0.989 0.146 0 3023.dat
1 72 50 -64.638 63.196 0 0 1 0.146 0.989 0 -0.989 0.146 0 3023.dat
1 1 -90 -23.476 -92.416 1 0 0 0 0.989 -0.146 0 0.146 0.989 6558.dat
1 1 90 -23.476 -92.416 -1 0 0 0 0.989 0.146 0 0.146 -0.989 6558.dat
1 72 100 -17.636 -131.976 0 -1 0 0.989 0 -0.146 0.146 0 0.989 61409.dat
1 72 -100 -17.636 -131.976 0 1 0 -0.989 0 -0.146 -0.146 0 0.989 61409.dat
1 72 40 -69.018 92.866 0 0 -1 -0.146 0.989 0 0.989 0.146 0 61409.dat
1 72 -40 -69.018 92.866 0 0 1 0.146 0.989 0 -0.989 0.146 0 61409.dat
1 71 -30 -60.776 23.344 0 -1 0 0.146 0 0.989 -0.989 0 0.146 32523.dat
1 1 -50 -80.556 20.424 -1 0 0 0 -0.146 0.989 0 0.989 0.146 6558.dat
1 0 -40 -60.776 23.344 -1 0 0 0 -0.146 0.989 0 0.989 0.146 2780.dat
1 72 -50 -58.798 23.636 0 0 1 0.146 0.989 0 -0.989 0.146 0 32530.dat
1 71 30 -60.776 23.344 0 1 0 -0.146 0 0.989 0.989 0 0.146 32523.dat
1 1 50 -80.556 20.424 1 0 0 0 0.146 0.989 0 -0.989 0.146 6558.dat
1 0 40 -60.776 23.344 1 0 0 0 0.146 0.989 0 -0.989 0.146 2780.dat
1 72 50 -58.798 23.636 0 0 -1 -0.146 0.989 0 0.989 0.146 0 32530.dat
1 71 50 -40.996 26.264 -1 0 0 0 0.989 0.146 0 0.146 -0.989 32054.dat
1 71 -50 -40.996 26.264 1 0 0 0 0.989 -0.146 0 0.146 0.989 32054.dat
1 71 0 -115.03 75.968 0 0 -1 -0.146 0.989 0 0.989 0.146 0 61100.dat
1 71 0 -98.076 139.104 0 0 1 0.146 0.989 0 -0.989 0.146 0 2736.dat
1 71 30 -86.396 59.984 -1 0 0 0 0.146 -0.989 0 -0.989 -0.146 61510.dat
1 15 -50 10.434 -390.576 0 0 -1 -0.146 0.989 0 0.989 0.146 0 3660.dat
1 15 50 10.434 -390.576 0 0 1 0.146 0.989 0 -0.989 0.146 0 3660.dat
1 0 0 14.814 -420.246 1 0 0 0 0.989 -0.146 0 0.146 0.989 3700.dat
1 71 60 14.484 -349.556 1 0 0 0 0.989 -0.146 0 0.146 0.989 4274.dat
1 14 68 14.484 -349.556 0 -1 0 0.989 0 -0.146 0.146 0 0.989 6141.dat
1 14 -68 14.484 -349.556 0 1 0 0.989 0 0.146 0.146 0 -0.989 6141.dat
1 71 -60 14.484 -349.556 -1 0 0 0 0.989 0.146 0 0.146 -0.989 4274.dat
1 0 -60 2.804 -270.436 -1 0 0 0 0.989 0.146 0 0.146 -0.989 2780.dat
1 0 -60 5.724 -290.216 -1 0 0 0 0.989 0.146 0 0.146 -0.989 2780.dat
1 0 60 5.724 -290.216 -1 0 0 0 0.989 0.146 0 0.146 -0.989 2780.dat
1 0 60 2.804 -270.436 -1 0 0 0 0.989 0.146 0 0.146 -0.989 2780.dat
1 71 50 14.814 -420.246 0 0 -1 -0.146 0.989 0 0.989 0.146 0 4287.dat
1 71 -50 14.814 -420.246 0 0 1 0.146 0.989 0 -0.989 0.146 0 4287.dat
1 71 -30 14.814 -420.246 1 0 0 0 0.989 -0.146 0 0.146 0.989 3665.dat
1 71 30 14.814 -420.246 1 0 0 0 0.989 -0.146 0 0.146 0.989 3665.dat
1 72 0 25.208 -435.891 0 0 1 -0.989 0.146 0 -0.146 -0.989 0 30395.dat
1 71 30 -71.938 112.646 0 0 -1 -0.146 0.989 0 0.989 0.146 0 6141.dat
1 71 -30 -71.938 112.646 0 0 -1 -0.146 0.989 0 0.989 0.146 0 6141.dat
1 71 -30 -95.674 109.142 0 0 -1 -0.146 0.989 0 0.989 0.146 0 3062.dat
1 71 30 -95.674 109.142 0 0 -1 -0.146 0.989 0 0.989 0.146 0 3062.dat
1 71 30 -95.674 109.142 0 0 -1 -0.146 0.989 0 0.989 0.146 0 54200.dat
1 71 -30 -95.674 109.142 0 0 1 0.146 0.989 0 -0.989 0.146 0 54200.dat
1 71 -50 -86.914 49.802 -1 0 0 0 0.989 0.146 0 0.146 -0.989 4599.dat
1 71 50 -86.914 49.802 -1 0 0 0 0.989 0.146 0 0.146 -0.989 4599.dat
1 71 50 -89.834 69.582 -1 0 0 0 0.989 0.146 0 0.146 -0.989 59900.dat
1 71 -50 -89.834 69.582 -1 0 0 0 0.989 0.146 0 0.146 -0.989 59900.dat
1 72 90 -32.236 -33.076 0 1 0 -0.935196 0 0.352061 0.352061 0 0.935196 32271.dat
1 72 120 10.0113 79.1475 -1 0 0 0 -0.935196 0.352061 0 0.352061 0.935196 87083.dat
1 14 105 10.0113 79.1475 0 0 1 0.352061 -0.935196 0 0.935196 0.352061 0 32123.dat
1 4 120 10.0113 79.1475 0 0 -1 -0.352061 -0.935196 0 -0.935196 0.352061 0 3713.dat
1 71 90 -32.236 -33.076 -1 0 0 0 -0.935196 0.352061 0 0.352061 0.935196 4519.dat
1 72 110 -39.206 -54.316 0 0 -1 -0.146 0.989 0 0.989 0.146 0 3894.dat
1 72 -90 -32.236 -33.076 0 1 0 -0.935196 0 0.352061 0.352061 0 0.935196 32271.dat
1 72 -120 10.0113 79.1475 1 0 0 0 0.935196 0.352061 0 -0.352061 0.935196 87083.dat
1 14 -105 10.0113 79.1475 0 0 1 -0.352061 0.935196 0 -0.935196 -0.352061 0 32123.dat
1 4 -120 10.0113 79.1475 0 0 1 -0.352061 0.935196 0 -0.935196 -0.352061 0 3713.dat
1 71 -90 -32.236 -33.076 1 0 0 0 0.935196 0.352061 0 -0.352061 0.935196 4519.dat
1 72 -110 -39.206 -54.316 0 0 -1 -0.146 0.989 0 0.989 0.146 0 3894.dat
1 71 -110 -51.498 -25.814 0 0 -1 -0.146 0.989 0 0.989 0.146 0 63864.dat
1 71 110 -51.498 -25.814 0 0 -1 -0.146 0.989 0 0.989 0.146 0 63864.dat
1 71 -30 -40.666 -44.426 0 0 -1 -0.146 0.989 0 0.989 0.146 0 54200.dat
1 71 30 -40.666 -44.426 0 0 1 0.146 0.989 0 -0.989 0.146 0 54200.dat
1 1 -60 -51.498 -25.814 0 0 1 0.146 0.989 0 -0.989 0.146 0 3021.dat
1 1 60 -51.498 -25.814 0 0 1 0.146 0.989 0 -0.989 0.146 0 3021.dat
1 71 -60 -41.278 -95.044 -1 0 0 0 0.989 0.146 0 0.146 -0.989 3795.dat
1 71 60 -41.278 -95.044 -1 0 0 0 0.989 0.146 0 0.146 -0.989 3795.dat
1 71 -60 -45.658 -65.374 -1 0 0 0 0.989 0.146 0 0.146 -0.989 3666.dat
1 71 60 -45.658 -65.374 -1 0 0 0 0.989 0.146 0 0.146 -0.989 3666.dat
1 0 -30 -29.598 -174.164 0 0 -1 -0.146 0.989 0 0.989 0.146 0 3666.dat
1 0 30 -29.598 -174.164 0 0 -1 -0.146 0.989 0 0.989 0.146 0 3666.dat
1 72 70 -26.678 -193.944 1 0 0 0 0.989 -0.146 0 0.146 0.989 50305.dat
1 72 -70 -26.678 -193.944 1 0 0 0 0.989 -0.146 0 0.146 0.989 50304.dat
1 1 -50 -3.318 -352.184 0 0 1 0.146 0.989 0 -0.989 0.146 0 2431.dat
1 1 50 -3.318 -352.184 0 0 1 0.146 0.989 0 -0.989 0.146 0 2431.dat
1 71 0 -12.078 -292.844 -1 0 0 0 0.989 0.146 0 0.146 -0.989 3795.dat
1 71 0 8.362 -431.304 -1 0 0 0 0.989 0.146 0 0.146 -0.989 3795.dat
1 72 -50 3.982 -401.634 -1 0 0 0 0.989 0.146 0 0.146 -0.989 3024.dat
1 72 50 3.982 -401.634 -1 0 0 0 0.989 0.146 0 0.146 -0.989 3024.dat
1 72 0 -7.698 -322.514 -1 0 0 0 0.989 0.146 0 0.146 -0.989 3710.dat
1 14 0 2.522 -391.744 -1 0 0 0 0.989 0.146 0 0.146 -0.989 3020.dat
1 71 0 -4.778 -342.294 -1 0 0 0 0.989 0.146 0 0.146 -0.989 2431.dat
1 71 0 -1.858 -362.074 -1 0 0 0 0.989 0.146 0 0.146 -0.989 2431.dat
1 0 60 10.104 -319.886 0 -1 0 0.989 0 -0.146 0.146 0 0.989 32069.dat
1 0 90 3.134 -341.126 1 0 0 0 0.989 -0.146 0 0.146 0.989 32068.dat
1 72 120 10.104 -319.886 -1 0 0 0 0.989 0.146 0 0.146 -0.989 87083.dat
1 14 105 10.104 -319.886 0 0 -1 -0.146 0.989 0 0.989 0.146 0 4185.dat
1 14 115 10.104 -319.886 0 0 -1 -0.146 0.989 0 0.989 0.146 0 4185.dat
1 0 -60 10.104 -319.886 0 1 0 -0.989 0 -0.146 -0.146 0 0.989 32069.dat
1 0 -90 22.914 -338.206 -1 0 0 0 -0.989 -0.146 0 -0.146 0.989 32068.dat
1 72 -120 10.104 -319.886 1 0 0 0 -0.989 0.146 0 -0.146 -0.989 87083.dat
1 14 -105 10.104 -319.886 0 0 1 -0.146 -0.989 0 0.989 -0.146 0 4185.dat
1 14 -115 10.104 -319.886 0 0 1 -0.146 -0.989 0 0.989 -0.146 0 4185.dat
1 1 -50 -15.61 -323.682 -1 0 0 0 0.989 0.146 0 0.146 -0.989 32124.dat
1 1 50 -15.61 -323.682 -1 0 0 0 0.989 0.146 0 0.146 -0.989 32124.dat
1 19 -90 6.054 -360.906 0 1 0 0.989 0 0.146 0.146 0 -0.989 3749.dat
1 19 90 6.054 -360.906 0 1 0 0.989 0 0.146 0.146 0 -0.989 3749.dat
1 71 0 -11.748 -363.534 -1 0 0 0 0.989 0.146 0 0.146 -0.989 6592.dat
1 71 -100 8.362 -431.304 0 0 1 0.146 0.989 0 -0.989 0.146 0 41770.dat
1 71 100 8.362 -431.304 0 0 -1 -0.146 0.989 0 0.989 0.146 0 41769.dat
1 80 -50 -96.286 58.524 0 0 -1 -0.146 0.989 0 0.989 0.146 0 2412.dat
1 80 50 -96.286 58.524 0 0 -1 -0.146 0.989 0 0.989 0.146 0 2412.dat
1 71 0 -62.33 -7.202 1 0 0 0 0.989 -0.146 0 0.146 0.989 3666.dat
1 71 -70 -78.154 -9.538 1 0 0 0 0.989 -0.146 0 0.146 0.989 3062.dat
1 71 70 -78.154 -9.538 1 0 0 0 0.989 -0.146 0 0.146 0.989 3062.dat
1 71 10 -117.95 95.748 0 0 -1 -0.146 0.989 0 0.989 0.146 0 48336.dat
1 71 -10 -117.95 95.748 0 0 1 0.146 0.989 0 -0.989 0.146 0 48336.dat
1 1 -50 -10.618 -302.734 0 0 1 0.146 0.989 0 -0.989 0.146 0 54200.dat
1 1 50 -10.618 -302.734 0 0 -1 -0.146 0.989 0 0.989 0.146 0 54200.dat
1 72 0 -34.59 -195.112 0 0 -1 -0.146 0.989 0 0.989 0.146 0 3029.dat
1 1 -110 -39.818 -104.934 0 0 1 0.146 0.989 0 -0.989 0.146 0 54200.dat
1 1 -110 -42.738 -85.154 0 0 1 0.146 0.989 0 -0.989 0.146 0 54200.dat
1 1 -110 -45.658 -65.374 0 0 1 0.146 0.989 0 -0.989 0.146 0 54200.dat
1 1 110 -39.818 -104.934 0 0 -1 -0.146 0.989 0 0.989 0.146 0 54200.dat
1 1 110 -42.738 -85.154 0 0 -1 -0.146 0.989 0 0.989 0.146 0 54200.dat
1 1 110 -45.658 -65.374 0 0 -1 -0.146 0.989 0 0.989 0.146 0 54200.dat
1 0 -60 -73.774 -39.208 1 0 0 0 0.989 -0.146 0 0.146 0.989 3003.dat
1 0 60 -73.774 -39.208 1 0 0 0 0.989 -0.146 0 0.146 0.989 3003.dat
1 1 -50 -59.174 -138.108 0 0 1 0.146 0.989 0 -0.989 0.146 0 3008.dat
1 1 50 -59.174 -138.108 0 0 1 0.146 0.989 0 -0.989 0.146 0 3008.dat
1 1 -50 -46.034 -227.118 0 0 1 0.146 0.989 0 -0.989 0.146 0 6541.dat
1 1 50 -46.034 -227.118 0 0 1 0.146 0.989 0 -0.989 0.146 0 6541.dat
1 71 -60 -36.144 -225.658 -1 0 0 0 0.989 0.146 0 0.146 -0.989 4274.dat
1 71 60 -36.144 -225.658 1 0 0 0 0.989 -0.146 0 0.146 0.989 4274.dat
1 1 -70 -72.926 -99.716 0 0 1 0.146 0.989 0 -0.989 0.146 0 6081.dat
1 1 70 -72.926 -99.716 0 0 -1 -0.146 0.989 0 0.989 0.146 0 6081.dat
1 1 70 -65.626 -149.166 0 0 -1 -0.146 0.989 0 0.989 0.146 0 6091.dat
1 1 -70 -65.626 -149.166 0 0 1 0.146 0.989 0 -0.989 0.146 0 6091.dat
1 14 -70 -54.794 -167.778 0 0 1 0.146 0.989 0 -0.989 0.146 0 4070.dat
1 14 70 -54.794 -167.778 0 0 -1 -0.146 0.989 0 0.989 0.146 0 4070.dat
1 57 -76 -44.904 -166.318 0 1 0 -0.989 0 -0.146 -0.146 0 0.989 54200.dat
1 57 76 -44.904 -166.318 0 -1 0 0.989 0 -0.146 0.146 0 0.989 54200.dat
1 1 -70 -50.414 -197.448 0 0 1 0.146 0.989 0 -0.989 0.146 0 3004.dat
1 1 70 -50.414 -197.448 0 0 1 0.146 0.989 0 -0.989 0.146 0 3004.dat
1 1 -30 -55.406 -218.396 0 0 1 0.146 0.989 0 -0.989 0.146 0 3004.dat
1 1 30 -55.406 -218.396 0 0 1 0.146 0.989 0 -0.989 0.146 0 3004.dat
1 19 -30 -3.93 -402.802 0 0 1 0.146 0.989 0 -0.989 0.146 0 3623.dat
1 19 30 -3.93 -402.802 0 0 1 0.146 0.989 0 -0.989 0.146 0 3623.dat
1 19 0 -3.93 -402.802 0 0 1 0.146 0.989 0 -0.989 0.146 0 3021.dat
1 1 -50 -5.39 -392.912 0 0 1 0.146 0.989 0 -0.989 0.146 0 3023.dat
1 1 50 -5.39 -392.912 0 0 1 0.146 0.989 0 -0.989 0.146 0 3023.dat
1 1 -30 1.91 -442.362 0 0 1 0.146 0.989 0 -0.989 0.146 0 3070.dat
1 1 30 1.91 -442.362 0 0 1 0.146 0.989 0 -0.989 0.146 0 3070.dat
1 1 -60 0.45 -432.472 0 0 1 0.146 0.989 0 -0.989 0.146 0 3068.dat
1 1 60 0.45 -432.472 0 0 1 0.146 0.989 0 -0.989 0.146 0 3068.dat
1 71 -10 1.91 -442.362 1 0 0 0 0.989 -0.146 0 0.146 0.989 6019.dat
1 71 10 1.91 -442.362 1 0 0 0 0.989 -0.146 0 0.146 0.989 6019.dat
1 15 0 -8.922 -423.75 0 0 1 0.146 0.989 0 -0.989 0.146 0 3021.dat
1 72 -40 -14.762 -384.19 -1 0 0 0 0.989 0.146 0 0.146 -0.989 3023.dat
1 72 40 -14.762 -384.19 -1 0 0 0 0.989 0.146 0 0.146 -0.989 3023.dat
1 15 -30 -23.522 -324.85 0 0 -1 -0.146 0.989 0 0.989 0.146 0 2420.dat
1 15 30 -23.522 -324.85 1 0 0 0 0.989 -0.146 0 0.146 0.989 2420.dat
1 72 -70 -23.522 -324.85 1 0 0 0 0.989 -0.146 0 0.146 0.989 3024.dat
1 72 70 -23.522 -324.85 1 0 0 0 0.989 -0.146 0 0.146 0.989 3024.dat
1 1 60 -36.144 -225.658 0 -1 0 0.989 0 -0.146 0.146 0 0.989 54200.dat
1 1 -60 -36.144 -225.658 0 1 0 -0.989 0 -0.146 -0.146 0 0.989 54200.dat
1 71 -70 -83.146 -30.486 0 0 1 0.146 0.989 0 -0.989 0.146 0 3623.dat
1 71 70 -83.146 -30.486 0 0 1 0.146 0.989 0 -0.989 0.146 0 3623.dat
1 71 -50 -83.146 -30.486 0 0 1 0.146 0.989 0 -0.989 0.146 0 6141.dat
1 71 50 -83.146 -30.486 0 0 1 0.146 0.989 0 -0.989 0.146 0 6141.dat
0 !LEOCAD SYNTH BEGIN
0 !LEOCAD SYNTH CONTROL_POINT 0 110 0 1 0 0 0 1 0 0 0 1 1
0 !LEOCAD SYNTH CONTROL_POINT 0 0 0 1 0 0 0 1 0 0 0 1 1
1 71 70 -80.556 20.424 0 0 1 0.68726 0.726187 0 -0.726187 0.68726 0 76537.dat
0 !LEOCAD SYNTH END
0 !LEOCAD SYNTH BEGIN
0 !LEOCAD SYNTH CONTROL_POINT 0 110 0 1 0 0 0 1 0 0 0 1 1
0 !LEOCAD SYNTH CONTROL_POINT 0 0 0 1 0 0 0 1 0 0 0 1 1
1 71 -70 -80.556 20.424 0 0 1 0.68726 0.726187 0 -0.726187 0.68726 0 76537.dat
0 !LEOCAD SYNTH END
1 72 0 -45.516 -216.936 1 0 0 0 0.989 -0.146 0 0.146 0.989 59443.dat
1 0 0 -48.436 -197.156 0 0 1 0.146 0.989 0 -0.989 0.146 0 32062.dat
1 72 0 -51.356 -177.376 1 0 0 0 0.989 -0.146 0 0.146 0.989 59443.dat
1 71 0 -64.496 -88.366 0 0 1 0.146 0.989 0 -0.989 0.146 0 60485.dat
1 71 0 -32.376 -305.946 0 0 1 0.146 0.989 0 -0.989 0.146 0 60485.dat
1 0 0 -65.626 -149.166 -1 0 0 0 0.989 0.146 0 0.146 -0.989 3700.dat
1 0 0 -68.546 -129.386 -1 0 0 0 0.989 0.146 0 0.146 -0.989 3700.dat
1 14 0 -60.846 -113.091 -1 0 0 0 0.989 0.146 0 0.146 -0.989 32123.dat
1 4 0 -63.036 -98.256 -1 0 0 0 0.989 0.146 0 0.146 -0.989 3713.dat
1 4 0 -65.956 -78.476 -1 0 0 0 0.989 0.146 0 0.146 -0.989 3713.dat
1 4 0 -68.876 -58.696 -1 0 0 0 0.989 0.146 0 0.146 -0.989 3713.dat
1 14 0 -71.796 -38.916 -0.707 -0.707 0 -0.699223 0.699223 0.146 -0.103222 0.103222 -0.989 32072.dat
1 14 0 -73.986 -24.081 -1 0 0 0 0.989 0.146 0 0.146 -0.989 32123.dat
1 0 0 -51.026 -248.066 -1 0 0 0 0.989 0.146 0 0.146 -0.989 3700.dat
1 0 0 -48.106 -267.846 -1 0 0 0 0.989 0.146 0 0.146 -0.989 3700.dat
1 0 0 -45.186 -287.626 -1 0 0 0 0.989 0.146 0 0.146 -0.989 3700.dat
1 0 0 -42.266 -307.406 -1 0 0 0 0.989 0.146 0 0.146 -0.989 3700.dat
1 0 0 -39.346 -327.186 -1 0 0 0 0.989 0.146 0 0.146 -0.989 3700.dat
1 72 0 -26.536 -345.506 -1 0 0 0 0.989 0.146 0 0.146 -0.989 3647.dat
1 72 0 -23.616 -365.286 -1 0 0 0 0.989 0.146 0 0.146 -0.989 3647.dat
1 0 0 -30.586 -386.526 -1 0 0 0 0.989 0.146 0 0.146 -0.989 3700.dat
1 72 0 -86.066 -10.706 -1 0 0 0 0.989 0.146 0 0.146 -0.989 3894.dat
1 72 0 -118.562 45.13 1 0 0 0 0.989 -0.146 0 0.146 0.989 44728.dat
1 72 70 -89.598 -41.544 0 0 -1 -0.146 0.989 0 0.989 0.146 0 44728.dat
1 72 -70 -89.598 -41.544 0 0 1 0.146 0.989 0 -0.989 0.146 0 44728.dat
1 72 -50 -91.058 -31.654 0 0 1 0.146 0.989 0 -0.989 0.146 0 3024.dat
1 72 50 -91.058 -31.654 0 0 1 0.146 0.989 0 -0.989 0.146 0 3024.dat
1 72 -60 -93.978 -11.874 -1 0 0 0 0.989 0.146 0 0.146 -0.989 3023.dat
1 72 60 -93.978 -11.874 -1 0 0 0 0.989 0.146 0 0.146 -0.989 3023.dat
1 72 0 -122.942 74.8 1 0 0 0 0.989 -0.146 0 0.146 0.989 3022.dat
1 0 0 -93.234 10.468 1 0 0 0 -0.146 -0.989 0 0.989 -0.146 3003.dat
1 72 0 -92.066 2.556 1 0 0 0 -0.146 -0.989 0 0.989 -0.146 3068.dat
1 1 -30 -29.126 -396.416 1 0 0 0 0.989 -0.146 0 0.146 0.989 61678.dat
1 1 -50 -29.126 -396.416 1 0 0 0 0.989 -0.146 0 0.146 0.989 61678.dat
1 1 30 -29.126 -396.416 1 0 0 0 0.989 -0.146 0 0.146 0.989 61678.dat
1 1 50 -29.126 -396.416 1 0 0 0 0.989 -0.146 0 0.146 0.989 61678.dat
1 1 -50 -46.034 -227.118 0 0 1 0.146 0.989 0 -0.989 0.146 0 54200.dat
1 1 50 -46.034 -227.118 0 0 -1 -0.146 0.989 0 0.989 0.146 0 54200.dat
1 14 0 -63.318 -219.564 1 0 0 0 0.989 -0.146 0 0.146 0.989 3020.dat
1 1 0 -74.998 -140.444 1 0 0 0 0.989 -0.146 0 0.146 0.989 3022.dat
1 15 0 -19.754 -405.138 1 0 0 0 0.989 -0.146 0 0.146 0.989 3023.dat
1 1 -70 -67.086 -139.276 0 0 1 0.146 0.989 0 -0.989 0.146 0 3460.dat
1 1 70 -67.086 -139.276 0 0 1 0.146 0.989 0 -0.989 0.146 0 3460.dat
1 1 -10 -66.85 -250.402 0 0 1 0.146 0.989 0 -0.989 0.146 0 6005.dat
1 1 -10 -63.93 -270.182 0 0 1 0.146 0.989 0 -0.989 0.146 0 6005.dat
1 1 -10 -61.01 -289.962 0 0 1 0.146 0.989 0 -0.989 0.146 0 6005.dat
1 1 10 -66.85 -250.402 0 0 -1 -0.146 0.989 0 0.989 0.146 0 6005.dat
1 1 10 -63.93 -270.182 0 0 -1 -0.146 0.989 0 0.989 0.146 0 6005.dat
1 1 10 -61.01 -289.962 0 0 -1 -0.146 0.989 0 0.989 0.146 0 6005.dat
1 1 10 -58.09 -309.742 0 0 -1 -0.146 0.989 0 0.989 0.146 0 6091.dat
1 1 -10 -58.09 -309.742 0 0 1 0.146 0.989 0 -0.989 0.146 0 6091.dat
1 1 -30 -80.602 -212.01 0 0 1 0.146 0.989 0 -0.989 0.146 0 6091.dat
1 1 30 -80.602 -212.01 0 0 -1 -0.146 0.989 0 0.989 0.146 0 6091.dat
1 1 0 -47.258 -328.354 1 0 0 0 0.989 -0.146 0 0.146 0.989 3023.dat
1 1 -30 -69.77 -230.622 1 0 0 0 0.989 -0.146 0 0.146 0.989 3070.dat
1 1 30 -69.77 -230.622 1 0 0 0 0.989 -0.146 0 0.146 0.989 3070.dat
1 15 -10 -56.63 -319.632 0 0 1 0.146 0.989 0 -0.989 0.146 0 6636.dat
1 15 10 -56.63 -319.632 0 0 1 0.146 0.989 0 -0.989 0.146 0 6636.dat
1 19 0 -69.77 -230.622 0 0 1 0.146 0.989 0 -0.989 0.146 0 3021.dat
1 15 -10 -34.118 -417.364 1 0 0 0 0.989 -0.146 0 0.146 0.989 61678.dat
1 15 10 -34.118 -417.364 1 0 0 0 0.989 -0.146 0 0.146 0.989 61678.dat
1 72 30 -29.974 -335.908 0 0 1 0.146 0.989 0 -0.989 0.146 0 3023.dat
1 72 -30 -29.974 -335.908 0 0 1 0.146 0.989 0 -0.989 0.146 0 3023.dat
1 1 30 -37.886 -337.076 0 0 1 0.146 0.989 0 -0.989 0.146 0 3023.dat
1 1 -30 -37.886 -337.076 0 0 1 0.146 0.989 0 -0.989 0.146 0 3023.dat
1 1 30 -39.346 -327.186 0 0 -1 -0.146 0.989 0 0.989 0.146 0 54200.dat
1 1 30 -36.426 -346.966 0 0 -1 -0.146 0.989 0 0.989 0.146 0 54200.dat
1 1 -30 -39.346 -327.186 0 0 1 0.146 0.989 0 -0.989 0.146 0 54200.dat
1 1 -30 -36.426 -346.966 0 0 1 0.146 0.989 0 -0.989 0.146 0 54200.dat
1 19 0 -80.602 -212.01 -1 0 0 0 0.989 0.146 0 0.146 -0.989 2540.dat
1 1 -30 -80.602 -212.01 -1 0 0 0 0.989 0.146 0 0.146 -0.989 3070.dat
1 1 30 -80.602 -212.01 -1 0 0 0 0.989 0.146 0 0.146 -0.989 3070.dat
1 0 0 -109.802 -14.21 -1 0 0 0 0.989 0.146 0 0.146 -0.989 2653.dat
1 0 92 -71.278 -28.734 0 -1 0 -0.146 0 -0.989 0.989 0 -0.146 3021.dat
1 0 -92 -71.278 -28.734 0 1 0 -0.146 0 0.989 0.989 0 0.146 3021.dat
1 72 100 -69.818 -38.624 0 -1 0 -0.146 0 -0.989 0.989 0 -0.146 4032.dat
1 72 108 -69.818 -38.624 0 -1 0 -0.146 0 -0.989 0.989 0 -0.146 4032.dat
1 15 -100 -69.818 -38.624 0 1 0 -0.146 0 0.989 0.989 0 0.146 4032.dat
1 71 -108 -69.818 -38.624 0 1 0 -0.146 0 0.989 0.989 0 0.146 4150.dat
1 72 -92 -74.198 -8.954 0 1 0 -0.146 0 0.989 0.989 0 0.146 61409.dat
1 72 92 -74.198 -8.954 0 -1 0 0.146 0 0.989 -0.989 0 0.146 61409.dat
1 1 -50 -117.714 -15.378 -1 0 0 0 0.989 0.146 0 0.146 -0.989 6541.dat
1 1 50 -117.714 -15.378 -1 0 0 0 0.989 0.146 0 0.146 -0.989 6541.dat
1 72 -30 -117.714 -15.378 -1 0 0 0 0.989 0.146 0 0.146 -0.989 3024.dat
1 72 30 -117.714 -15.378 -1 0 0 0 0.989 0.146 0 0.146 -0.989 3024.dat
1 14 0 -122.094 14.292 0 0 -1 -0.146 0.989 0 0.989 0.146 0 3020.dat
1 71 0 -143.146 102.134 -1 0 0 0 0.989 0.146 0 0.146 -0.989 3660.dat
1 71 10 -132.314 83.522 0 0 -1 -0.146 0.989 0 0.989 0.146 0 6019.dat
1 71 10 -129.394 63.742 0 0 -1 -0.146 0.989 0 0.989 0.146 0 6019.dat
1 71 -10 -132.314 83.522 0 0 1 0.146 0.989 0 -0.989 0.146 0 6019.dat
1 71 -10 -129.394 63.742 0 0 1 0.146 0.989 0 -0.989 0.146 0 6019.dat
1 0 -50 -109.284 -4.028 0 0 1 0.146 0.989 0 -0.989 0.146 0 2780.dat
1 0 50 -109.284 -4.028 0 0 1 0.146 0.989 0 -0.989 0.146 0 2780.dat
1 1 70 -56.866 -208.506 0 0 -1 -0.146 0.989 0 0.989 0.146 0 54200.dat
1 1 70 -59.786 -188.726 0 0 -1 -0.146 0.989 0 0.989 0.146 0 54200.dat
1 1 70 -62.706 -168.946 0 0 -1 -0.146 0.989 0 0.989 0.146 0 54200.dat
1 1 70 -65.626 -149.166 0 0 -1 -0.146 0.989 0 0.989 0.146 0 54200.dat
1 1 70 -68.546 -129.386 0 0 -1 -0.146 0.989 0 0.989 0.146 0 54200.dat
1 1 70 -71.466 -109.606 0 0 -1 -0.146 0.989 0 0.989 0.146 0 54200.dat
1 4 70 -74.386 -89.826 0 0 -1 -0.146 0.989 0 0.989 0.146 0 54200.dat
1 4 70 -77.306 -70.046 0 0 -1 -0.146 0.989 0 0.989 0.146 0 54200.dat
1 4 -70 -77.306 -70.046 0 0 1 0.146 0.989 0 -0.989 0.146 0 54200.dat
1 4 -70 -74.386 -89.826 0 0 1 0.146 0.989 0 -0.989 0.146 0 54200.dat
1 1 -70 -71.466 -109.606 0 0 1 0.146 0.989 0 -0.989 0.146 0 54200.dat
1 1 -70 -68.546 -129.386 0 0 1 0.146 0.989 0 -0.989 0.146 0 54200.dat
1 1 -70 -65.626 -149.166 0 0 1 0.146 0.989 0 -0.989 0.146 0 54200.dat
1 1 -70 -62.706 -168.946 0 0 1 0.146 0.989 0 -0.989 0.146 0 54200.dat
1 1 -70 -59.786 -188.726 0 0 1 0.146 0.989 0 -0.989 0.146 0 54200.dat
1 1 -70 -56.866 -208.506 0 0 1 0.146 0.989 0 -0.989 0.146 0 54200.dat
1 0 50 -114.794 -35.158 0 0 1 0.146 0.989 0 -0.989 0.146 0 59900.dat
1 0 -50 -114.794 -35.158 0 0 1 0.146 0.989 0 -0.989 0.146 0 59900.dat
1 0 0 -137.306 62.574 0 0 -1 -0.146 0.989 0 0.989 0.146 0 3021.dat
1 0 -50 -85.83 -121.832 0 0 1 0.146 0.989 0 -0.989 0.146 0 3702.dat
1 0 -40 -70.1 -159.932 -1 0 0 0 0.989 0.146 0 0.146 -0.989 2780.dat
1 1 -50 -101.042 -73.55 0 0 -1 -0.146 0.989 0 0.989 0.146 0 3623.dat
1 1 -50 -84.982 -182.34 0 0 -1 -0.146 0.989 0 0.989 0.146 0 3023.dat
1 1 -50 -89.362 -152.67 0 0 -1 -0.146 0.989 0 0.989 0.146 0 3070.dat
1 71 -35 -67.18 -179.712 0 -1 0 -0.146 0 -0.989 0.989 0 -0.146 32056.dat
1 71 -25 -67.18 -179.712 0 -1 0 -0.146 0 -0.989 0.989 0 -0.146 32056.dat
1 19 -40 -106.74 -185.552 1 0 0 0 -0.146 -0.989 0 0.989 -0.146 3749.dat
1 0 50 -85.83 -121.832 0 0 1 0.146 0.989 0 -0.989 0.146 0 3702.dat
1 0 40 -70.1 -159.932 -1 0 0 0 0.989 0.146 0 0.146 -0.989 2780.dat
1 1 50 -101.042 -73.55 0 0 -1 -0.146 0.989 0 0.989 0.146 0 3623.dat
1 1 50 -84.982 -182.34 0 0 -1 -0.146 0.989 0 0.989 0.146 0 3023.dat
1 1 50 -89.362 -152.67 0 0 -1 -0.146 0.989 0 0.989 0.146 0 3070.dat
1 71 35 -67.18 -179.712 0 -1 0 -0.146 0 -0.989 0.989 0 -0.146 32056.dat
1 71 25 -67.18 -179.712 0 -1 0 -0.146 0 -0.989 0.989 0 -0.146 32056.dat
1 19 40 -106.74 -185.552 -1 0 0 0 0.146 -0.989 0 -0.989 -0.146 3749.dat
1 0 -70 -15.516 -283.246 0 0 1 0.146 0.989 0 -0.989 0.146 0 32557.dat
1 0 70 -15.516 -283.246 0 0 1 0.146 0.989 0 -0.989 0.146 0 32557.dat
1 1 -70 -33.836 -296.056 0 -0.707 0.707 0.146 0.699223 0.699223 -0.989 0.103222 0.103222 43093.dat
1 1 70 -33.836 -296.056 0 0.707 0.707 0.146 0.699223 -0.699223 -0.989 0.103222 -0.103222 43093.dat
1 71 -55.858 -46.3624 -308.0107 0 0.707 0.707 0.146 0.699223 -0.699223 -0.989 0.103222 -0.103222 32039.dat
1 71 55.858 -46.3624 -308.0107 0 0.707 -0.707 0.146 -0.699223 -0.699223 -0.989 -0.103222 -0.103222 32039.dat
1 19 -48.787 -53.3557 -309.0431 -0.707 0.707 0 0.699223 0.699223 0.146 0.103222 0.103222 -0.989 3749.dat
1 19 48.787 -53.3557 -309.0431 0.707 0.707 0 0.699223 -0.699223 0.146 0.103222 -0.103222 -0.989 3749.dat
1 71 -34.645 -67.3421 -311.1078 -0.707 -0.707 0 0.699223 -0.699223 -0.146 0.103222 -0.103222 0.989 62462.dat
1 71 34.645 -67.3421 -311.1078 0.707 0.707 0 0.699223 -0.699223 0.146 0.103222 -0.103222 -0.989 62462.dat
1 4 -20.503 -81.3285 -313.1726 -0.707 0.707 0 -0.699223 -0.699223 -0.146 -0.103222 -0.103222 0.989 6141.dat
1 4 20.503 -81.3285 -313.1726 -0.707 -0.707 0 0.699223 -0.699223 -0.146 0.103222 -0.103222 0.989 6141.dat
1 4 -14.846 -86.9233 -313.9985 -0.707 0.707 0 -0.699223 -0.699223 -0.146 -0.103222 -0.103222 0.989 6141.dat
1 4 14.846 -86.9233 -313.9985 -0.707 -0.707 0 0.699223 -0.699223 -0.146 0.103222 -0.103222 0.989 6141.dat
1 46 -60 -49.688 -352.966 1 0 0 0 0.146 0.989 0 -0.989 0.146 2654.dat
1 15 -60 -50.856 -345.054 1 0 0 0 0.146 0.989 0 -0.989 0.146 4032.dat
1 19 -60 -51.732 -339.12 0 -1 0 0.1314 0 0.989 -0.8901 0 0.146 3749.dat
1 72 -60 -31.434 -326.018 -1 0 0 0 0.989 0.146 0 0.146 -0.989 32530.dat
1 46 60 -49.688 -352.966 1 0 0 0 0.146 0.989 0 -0.989 0.146 2654.dat
1 15 60 -50.856 -345.054 1 0 0 0 0.146 0.989 0 -0.989 0.146 4032.dat
1 19 60 -51.732 -339.12 0 -1 0 0.1314 0 0.989 -0.8901 0 0.146 3749.dat
1 72 60 -31.434 -326.018 -1 0 0 0 0.989 0.146 0 0.146 -0.989 32530.dat
1 71 -30 -71.466 -109.606 0 0 -1 -0.146 0.989 0 0.989 0.146 0 59900.dat
1 71 30 -71.466 -109.606 0 0 -1 -0.146 0.989 0 0.989 0.146 0 59900.dat
1 72 0 -79.378 -110.774 1 0 0 0 0.989 -0.146 0 0.146 0.989 3710.dat
1 1 0 -103.114 -114.278 1 0 0 0 0.989 -0.146 0 0.146 0.989 3004.dat
1 1 -120 -1.01 -422.582 1 0 0 0 0.989 -0.146 0 0.146 0.989 2431.dat
1 1 120 -1.01 -422.582 1 0 0 0 0.989 -0.146 0 0.146 0.989 2431.dat
1 57 -150 6.902 -421.414 1 0 0 0 0.989 -0.146 0 0.146 0.989 3024.dat
1 57 150 6.902 -421.414 1 0 0 0 0.989 -0.146 0 0.146 0.989 3024.dat
1 15 0 -80.602 -212.01 1 0 0 0 0.989 -0.146 0 0.146 0.989 85984.dat
1 15 -10 -74.762 -251.57 0 0 1 0.146 0.989 0 -0.989 0.146 0 63864.dat
1 15 10 -74.762 -251.57 0 0 1 0.146 0.989 0 -0.989 0.146 0 63864.dat
1 0 0 -110.414 -64.828 1 0 0 0 0.989 -0.146 0 0.146 0.989 32001.dat
1 1 0 -121.246 -46.216 0 0 1 0.146 0.989 0 -0.989 0.146 0 3738.dat
1 0 0 -142.062 -69.5 0 0 1 0.989 -0.146 0 0.146 0.989 0 3706.dat
1 14 0 -92.612 -62.2 -1 0 0 0 -0.146 0.989 0 0.989 0.146 32072.dat
1 71 0 -143.758 51.516 0 0 1 0.146 0.989 0 -0.989 0.146 0 3795.dat
1 36 0 -153.978 120.746 -1 0 0 0 0.989 0.146 0 0.146 -0.989 3023.dat
1 1 -40 -122.706 -36.326 0 0 1 0.146 0.989 0 -0.989 0.146 0 3021.dat
1 1 40 -122.706 -36.326 0 0 1 0.146 0.989 0 -0.989 0.146 0 3021.dat
1 71 0 -95.0986 -172.1404 1 0 0 0 0.825163 -0.564436 0 0.564436 0.825163 42610.dat
1 256 0 -95.0986 -172.1404 1 0 0 0 0.825163 -0.564436 0 0.564436 0.825163 50951.dat
1 71 0 -89.4543 -180.392 0 0 1 0.564436 0.825163 0 -0.825163 0.564436 0 4274.dat
1 0 0 -84.9388 -186.9933 0 0 1 0.825163 -0.564436 0 0.564436 0.825163 0 2555.dat
1 71 0 -184.166 106.184 -1 0 0 0 0.989 0.146 0 0.146 -0.989 50943.dat
1 72 0 -154.59 70.128 -1 0 0 0 0.989 0.146 0 0.146 -0.989 3022.dat
1 0 0 -133.538 -17.714 -1 0 0 0 0.989 0.146 0 0.146 -0.989 3666.dat
1 1 -30 -108.954 -74.718 1 0 0 0 0.989 -0.146 0 0.146 0.989 54200.dat
1 1 30 -108.954 -74.718 1 0 0 0 0.989 -0.146 0 0.146 0.989 54200.dat
1 1 -50 -112.486 -105.556 1 0 0 0 0.989 -0.146 0 0.146 0.989 61678.dat
1 1 50 -112.486 -105.556 1 0 0 0 0.989 -0.146 0 0.146 0.989 61678.dat
1 80 -30 -129.158 -47.384 0 0 1 0.146 0.989 0 -0.989 0.146 0 2412.dat
1 80 30 -129.158 -47.384 0 0 1 0.146 0.989 0 -0.989 0.146 0 2412.dat
1 71 -10 -146.442 -39.83 0 0 1 0.146 0.989 0 -0.989 0.146 0 59900.dat
1 71 10 -146.442 -39.83 0 0 1 0.146 0.989 0 -0.989 0.146 0 59900.dat
1 72 -10 -154.59 70.128 1 0 0 0 0.989 -0.146 0 0.146 0.989 61409.dat
1 72 10 -154.59 70.128 1 0 0 0 0.989 -0.146 0 0.146 0.989 61409.dat
1 14 0 -127.227 -67.31 1 0 0 0 0.146 0.989 0 -0.989 0.146 32123.dat
1 14 0 -137.117 -68.77 1 0 0 0 0.146 0.989 0 -0.989 0.146 32123.dat
1 0 -20 -157.274 -21.218 -1 0 0 0 0.989 0.146 0 0.146 -0.989 3660.dat
1 0 20 -157.274 -21.218 -1 0 0 0 0.989 0.146 0 0.146 -0.989 3660.dat
1 72 0 -154.354 -40.998 1 0 0 0 0.989 -0.146 0 0.146 0.989 3023.dat
1 1 -50 -157.274 -21.218 -1 0 0 0 0.989 0.146 0 0.146 -0.989 6541.dat
1 1 50 -157.274 -21.218 -1 0 0 0 0.989 0.146 0 0.146 -0.989 6541.dat
1 0 -50 -148.844 -9.868 0 0 1 0.146 0.989 0 -0.989 0.146 0 2780.dat
1 0 50 -148.844 -9.868 0 0 1 0.146 0.989 0 -0.989 0.146 0 2780.dat
1 1 0 -112.486 -105.556 -1 0 0 0 0.989 0.146 0 0.146 -0.989 30602.dat
1 1 -70 -165.186 -22.386 1 0 0 0 0.989 -0.146 0 0.146 0.989 4460.dat
1 1 70 -165.186 -22.386 1 0 0 0 0.989 -0.146 0 0.146 0.989 4460.dat
1 47 -50 -165.186 -22.386 1 0 0 0 0.989 -0.146 0 0.146 0.989 3024.dat
1 47 50 -165.186 -22.386 1 0 0 0 0.989 -0.146 0 0.146 0.989 3024.dat
1 15 0 -160.806 -52.056 0 0 1 0.146 0.989 0 -0.989 0.146 0 3709.dat
1 1 -30 -166.646 -12.496 0 0 -1 -0.146 0.989 0 0.989 0.146 0 63868.dat
1 1 30 -166.646 -12.496 0 0 -1 -0.146 0.989 0 0.989 0.146 0 63868.dat
1 1 0 -168.106 -2.606 1 0 0 0 0.989 -0.146 0 0.146 0.989 3023.dat
1 72 0 -176.018 -3.774 1 0 0 0 0.989 -0.146 0 0.146 0.989 3710.dat
1 1 0 -173.098 -23.554 1 0 0 0 0.989 -0.146 0 0.146 0.989 3460.dat
1 15 0 -170.178 -43.334 1 0 0 0 0.989 -0.146 0 0.146 0.989 3023.dat
1 14 0 -166.787 -73.15 1 0 0 0 0.146 0.989 0 -0.989 0.146 32123.dat
1 1 -50 -196.834 -27.058 1 0 0 0 0.989 -0.146 0 0.146 0.989 6541.dat
1 1 50 -196.834 -27.058 1 0 0 0 0.989 -0.146 0 0.146 0.989 6541.dat
1 47 -70 -181.01 -24.722 1 0 0 0 0.989 -0.146 0 0.146 0.989 3024.dat
1 47 70 -181.01 -24.722 1 0 0 0 0.989 -0.146 0 0.146 0.989 3024.dat
1 47 -70 -181.01 -24.722 -1 0 0 0 0.989 0.146 0 0.146 -0.989 54200.dat
1 47 70 -181.01 -24.722 -1 0 0 0 0.989 0.146 0 0.146 -0.989 54200.dat
1 15 -10 -181.01 -24.722 0 0 -1 -0.146 0.989 0 0.989 0.146 0 63864.dat
1 15 10 -181.01 -24.722 0 0 -1 -0.146 0.989 0 0.989 0.146 0 63864.dat
1 72 -30 -174.558 -13.664 1 0 0 0 0.989 -0.146 0 0.146 0.989 61409.dat
1 72 30 -174.558 -13.664 1 0 0 0 0.989 -0.146 0 0.146 0.989 61409.dat
1 72 50 -150.304 0.022 1 0 0 0 0.146 0.989 0 -0.989 0.146 32316.dat
1 72 -50 -150.304 0.022 1 0 0 0 0.146 0.989 0 -0.989 0.146 32316.dat
1 1 90 -0.7354 96.0663 -1 0 0 0 0.726187 0.68726 0 0.68726 -0.726187 6558.dat
1 1 -90 -0.7354 96.0663 1 0 0 0 -0.726187 0.68726 0 -0.68726 -0.726187 6558.dat
1 71 -46.406 -117.3917 75.6194 0 0.656 -0.755 -0.146 0.746695 0.648784 0.989 0.11023 0.095776 48336.dat
1 72 -51.654 -123.3653 74.7375 0 0.656 -0.755 -0.146 0.746695 0.648784 0.989 0.11023 0.095776 3710.dat
1 71 -67.398 -136.906 42.422 0 0.656 -0.755 -0.146 0.746695 0.648784 0.989 0.11023 0.095776 3062.dat
1 71 -67.398 -139.826 62.202 0 0.656 -0.755 -0.146 0.746695 0.648784 0.989 0.11023 0.095776 3062.dat
1 71 -67.398 -142.746 81.982 0 0.656 -0.755 -0.146 0.746695 0.648784 0.989 0.11023 0.095776 3062.dat
1 71 -67.398 -145.666 101.762 0 0.656 -0.755 -0.146 0.746695 0.648784 0.989 0.11023 0.095776 3062.dat
1 71 -72.646 -142.8795 41.5402 0 0.656 -0.755 -0.146 0.746695 0.648784 0.989 0.11023 0.095776 6141.dat
1 71 -72.646 -145.7995 61.3202 0 0.656 -0.755 -0.146 0.746695 0.648784 0.989 0.11023 0.095776 6141.dat
1 71 -72.646 -148.7195 81.1002 0 0.656 -0.755 -0.146 0.746695 0.648784 0.989 0.11023 0.095776 6141.dat
1 71 -72.646 -151.6395 100.8801 0 0.656 -0.755 -0.146 0.746695 0.648784 0.989 0.11023 0.095776 6141.dat
1 71 46.406 -117.3917 75.6194 0 -0.656 0.755 0.146 0.746695 0.648784 -0.989 0.11023 0.095776 48336.dat
1 72 51.654 -123.3653 74.7375 0 -0.656 0.755 0.146 0.746695 0.648784 -0.989 0.11023 0.095776 3710.dat
1 71 67.398 -145.666 101.762 0 -0.656 0.755 0.146 0.746695 0.648784 -0.989 0.11023 0.095776 3062.dat
1 71 67.398 -142.746 81.982 0 -0.656 0.755 0.146 0.746695 0.648784 -0.989 0.11023 0.095776 3062.dat
1 71 67.398 -139.826 62.202 0 -0.656 0.755 0.146 0.746695 0.648784 -0.989 0.11023 0.095776 3062.dat
1 71 67.398 -136.906 42.422 0 -0.656 0.755 0.146 0.746695 0.648784 -0.989 0.11023 0.095776 3062.dat
1 71 72.646 -151.6395 100.8801 0 -0.656 0.755 0.146 0.746695 0.648784 -0.989 0.11023 0.095776 6141.dat
1 71 72.646 -148.7195 81.1002 0 -0.656 0.755 0.146 0.746695 0.648784 -0.989 0.11023 0.095776 6141.dat
1 71 72.646 -145.7995 61.3202 0 -0.656 0.755 0.146 0.746695 0.648784 -0.989 0.11023 0.095776 6141.dat
1 71 72.646 -142.8795 41.5402 0 -0.656 0.755 0.146 0.746695 0.648784 -0.989 0.11023 0.095776 6141.dat
1 72 -50 -106.74 -185.552 -1 0 0 0 0.853783 0.521165 0 0.521165 -0.853783 32013.dat
1 0 -50 -122.3749 -159.9385 0 0 -1 -0.521165 0.853783 0 0.853783 0.521165 0 32062.dat
1 72 -50 -132.7982 -142.8629 -1 0 0 0 0.853783 0.521165 0 0.521165 -0.853783 59443.dat
1 0 -50 -153.6449 -108.7115 0 0 -1 -0.521165 0.853783 0 0.853783 0.521165 0 3705.dat
1 0 -50 -179.7031 -66.0224 -1 0 0 0 -0.853783 -0.521165 0 -0.521165 0.853783 32016.dat
1 72 50 -106.74 -185.552 -1 0 0 0 0.853783 0.521165 0 0.521165 -0.853783 32013.dat
1 0 50 -122.3749 -159.9385 0 0 -1 -0.521165 0.853783 0 0.853783 0.521165 0 32062.dat
1 72 50 -132.7982 -142.8629 -1 0 0 0 0.853783 0.521165 0 0.521165 -0.853783 59443.dat
1 0 50 -153.6449 -108.7115 0 0 -1 -0.521165 0.853783 0 0.853783 0.521165 0 3705.dat
1 0 50 -179.7031 -66.0224 -1 0 0 0 -0.853783 -0.521165 0 -0.521165 0.853783 32016.dat
1 72 -50 -188.696 -13.73 0 0 -1 -0.146 0.989 0 0.989 0.146 0 87083.dat
1 4 -50 -192.784 13.962 1 0 0 0 0.989 -0.146 0 0.146 0.989 3713.dat
1 72 50 -188.696 -13.73 0 0 -1 -0.146 0.989 0 0.989 0.146 0 87083.dat
1 4 50 -192.784 13.962 1 0 0 0 0.989 -0.146 0 0.146 0.989 3713.dat
1 0 0 -191.512 -76.8 1 0 0 0 0.146 0.989 0 -0.989 0.146 32269.dat
1 71 0 -225.1943 66.6638 1 0 0 0 0.879728 -0.475478 0 0.475478 0.879728 3030.dat
1 1 0 -222.7225 45.2654 1 0 0 0 0.879728 -0.475478 0 0.475478 0.879728 3795.dat
1 1 -70 -222.7225 45.2654 0 0 1 0.475478 0.879728 0 -0.879728 0.475478 0 3023.dat
1 1 70 -222.7225 45.2654 0 0 1 0.475478 0.879728 0 -0.879728 0.475478 0 3023.dat
1 72 0 -241.7416 80.4545 1 0 0 0 0.879728 -0.475478 0 0.475478 0.879728 3020.dat
1 1 120 -222.7225 45.2654 0 0 -1 -0.475478 0.879728 0 0.879728 0.475478 0 41769.dat
1 1 -120 -222.7225 45.2654 0 0 1 0.475478 0.879728 0 -0.879728 0.475478 0 41770.dat
1 1 -100 -241.7416 80.4545 -1 0 0 0 0.879728 0.475478 0 0.475478 -0.879728 3795.dat
1 1 100 -241.7416 80.4545 -1 0 0 0 0.879728 0.475478 0 0.475478 -0.879728 3795.dat
1 15 0 -225.0056 32.6643 -1 0 0 0 0.879728 0.475478 0 0.475478 -0.879728 3666.dat
1 15 -60 -239.2699 59.0561 -1 0 0 0 0.879728 0.475478 0 0.475478 -0.879728 3795.dat
1 15 60 -239.2699 59.0561 -1 0 0 0 0.879728 0.475478 0 0.475478 -0.879728 3795.dat
1 4 -130 -253.5342 85.448 -1 0 0 0 0.879728 0.475478 0 0.475478 -0.879728 3623.dat
1 4 130 -253.5342 85.448 -1 0 0 0 0.879728 0.475478 0 0.475478 -0.879728 3623.dat
1 4 -30 -253.5342 85.448 -1 0 0 0 0.879728 0.475478 0 0.475478 -0.879728 63864.dat
1 4 30 -253.5342 85.448 -1 0 0 0 0.879728 0.475478 0 0.475478 -0.879728 63864.dat
1 4 -150 -258.1003 60.2458 1 0 0 0 0.879728 -0.475478 0 0.475478 0.879728 50950.dat
1 4 -130 -258.1003 60.2458 1 0 0 0 0.879728 -0.475478 0 0.475478 0.879728 50950.dat
1 4 130 -258.1003 60.2458 1 0 0 0 0.879728 -0.475478 0 0.475478 0.879728 50950.dat
1 4 150 -258.1003 60.2458 1 0 0 0 0.879728 -0.475478 0 0.475478 0.879728 50950.dat
1 4 -90 -267.6099 77.8403 0 0 -1 -0.475478 0.879728 0 0.879728 0.475478 0 50950.dat
1 4 90 -267.6099 77.8403 0 0 1 0.475478 0.879728 0 -0.879728 0.475478 0 50950.dat
1 72 -20 -187.5334 64.2845 0 0 1 0.475478 0.879728 0 -0.879728 0.475478 0 3020.dat
1 72 20 -187.5334 64.2845 0 0 1 0.475478 0.879728 0 -0.879728 0.475478 0 3020.dat
1 71 -30 -218.1564 70.4676 0 0 1 0.475478 0.879728 0 -0.879728 0.475478 0 3660.dat
1 71 30 -218.1564 70.4676 0 0 -1 -0.475478 0.879728 0 0.879728 0.475478 0 3660.dat
1 71 0 -222.9112 79.2649 -1 0 0 0 0.879728 0.475478 0 0.475478 -0.879728 3660.dat
1 15 0 -213.4016 61.6703 -1 0 0 0 0.879728 0.475478 0 0.475478 -0.879728 3004.dat
1 0 -30 -185.0617 42.8861 0 0 1 0.475478 0.879728 0 -0.879728 0.475478 0 60478.dat
1 0 30 -185.0617 42.8861 0 0 1 0.475478 0.879728 0 -0.879728 0.475478 0 60478.dat
1 1 0 -203.8921 44.0758 -1 0 0 0 0.879728 0.475478 0 0.475478 -0.879728 3004.dat
1 1 0 -194.3825 26.4812 -1 0 0 0 0.879728 0.475478 0 0.475478 -0.879728 3004.dat
1 72 -30 -192.0995 39.0823 0 0 -1 -0.475478 0.879728 0 0.879728 0.475478 0 3023.dat
1 72 30 -192.0995 39.0823 0 0 -1 -0.475478 0.879728 0 0.879728 0.475478 0 3023.dat
1 1 -30 -203.8921 44.0758 -1 0 0 0 0.879728 0.475478 0 0.475478 -0.879728 2420.dat
1 1 30 -203.8921 44.0758 0 0 1 0.475478 0.879728 0 -0.879728 0.475478 0 2420.dat
1 15 -20 -194.3825 26.4812 1 0 0 0 0.879728 -0.475478 0 0.475478 0.879728 85984.dat
1 15 20 -194.3825 26.4812 1 0 0 0 0.879728 -0.475478 0 0.475478 0.879728 85984.dat
1 36 -150 -234.7038 84.2584 0 0 1 0.475478 0.879728 0 -0.879728 0.475478 0 3023.dat
1 36 150 -234.7038 84.2584 0 0 1 0.475478 0.879728 0 -0.879728 0.475478 0 3023.dat
1 47 0 -190.0051 85.6829 0 0 1 0.475478 0.879728 0 -0.879728 0.475478 0 2654.dat
1 71 140 10.104 -319.886 0 0 1 0.146 0.989 0 -0.989 0.146 0 56145.dat
1 256 140 10.104 -319.886 0 0 1 0.146 0.989 0 -0.989 0.146 0 55976.dat
