0 Main
0 Name: 8218-1 - Trike Tourer.mpd
0 Author: LTRON
1 14 -71 40 -40 0 0 1 1 0 0 0 1 0 2994.dat
1 14 71 40 -40 0 0 -1 1 0 0 0 -1 0 2994.dat
1 256 -71 40 -40 0 0 1 1 0 0 0 1 0 6578.dat
1 71 -50 40 -40 -1 0 0 0 1 0 0 0 -1 3749.dat
1 71 0 40 -40 0 0 -1 1 0 0 0 -1 0 2853.dat
1 71 25 40 -40 0 0 -1 0 1 0 1 0 0 32123.dat
1 0 40 40 -40 -1 0 0 0 1 0 0 0 -1 4519.dat
1 256 71 40 -40 0 0 -1 1 0 0 0 -1 0 6578.dat
1 1 -40 40 0 0 1 0 -1 0 0 0 0 1 32009.dat
1 1 40 40 0 0 1 0 -1 0 0 0 0 1 32009.dat
1 71 -20 40 -100 0 0 -1 0 1 0 1 0 0 3713.dat
1 0 0 40 -100 -1 0 0 0 1 0 0 0 -1 32073.dat
1 71 20 40 -100 0 0 -1 0 1 0 1 0 0 3713.dat
1 71 -50 40 -120 -1 0 0 0 0.707 -0.707 0 -0.707 -0.707 3749.dat
1 71 50 40 -120 1 0 0 0 0.707 0.707 0 -0.707 0.707 3749.dat
1 0 0 40 -130 0 0 -1 0 1 0 1 0 0 32062.dat
1 71 -20 40 -160 0 0 -1 0 1 0 1 0 0 3713.dat
1 0 0 40 -160 -1 0 0 0 1 0 0 0 -1 32073.dat
1 71 20 40 -160 0 0 -1 0 1 0 1 0 0 3713.dat
1 71 0 40 -100 1 0 0 0 1 0 0 0 1 32015.dat
1 71 0 40 -160 -1 0 0 0 1 0 0 0 -1 32015.dat
1 0 0 12.284 -171.481 0 0 -1 0.924 0.383 0 0.383 -0.924 0 32062.dat
1 71 0 30 -40 0 0 -1 0 1 0 1 0 0 2852.dat
1 0 -60 0 0 1 0 0 0 -1 0 0 0 -1 6536.dat
1 71 -60 -20 -10 0 0 -1 0 -1 0 -1 0 0 4274.dat
1 0 -60 25.858 -105.858 1 0 0 0 0.707 -0.707 0 0.707 0.707 32039.dat
1 0 60 0 0 1 0 0 0 -1 0 0 0 -1 6536.dat
1 71 60 -20 -10 0 0 -1 0 -1 0 -1 0 0 4274.dat
1 0 60 25.858 -105.858 1 0 0 0 0.707 -0.707 0 0.707 0.707 32039.dat
1 0 -15 21.522 -92.346 0 -1 0 -0.924 0 -0.383 0.383 0 -0.924 32056.dat
1 0 15 21.522 -92.346 0 -1 0 -0.924 0 -0.383 0.383 0 -0.924 32056.dat
1 71 -5 6.202 -129.306 0 0 1 -0.383 0.924 0 -0.924 -0.383 0 32123.dat
1 0 0 6.202 -129.306 -1 0 0 0 0.924 -0.383 0 -0.383 -0.924 32062.dat
1 71 5 6.202 -129.306 0 0 1 -0.383 0.924 0 -0.924 -0.383 0 32123.dat
1 71 0 -15.438 -77.026 -1 0 0 0 0.924 -0.383 0 -0.383 -0.924 6553.dat
1 0 0 -15.438 -77.026 -1 0 0 0 0.924 -0.383 0 -0.383 -0.924 32062.dat
1 0 -20 0 0 0 -1 0 -1 0 0 0 0 -1 2825.dat
1 0 20 0 0 0 1 0 1 0 0 0 0 -1 2825.dat
1 1 -5 0 0 0 -1 0 0 0 -1 1 0 0 6632.dat
1 1 5 0 0 0 -1 0 0 0 -1 1 0 0 6632.dat
1 0 0 0 0 1 0 0 0 1 0 0 0 1 3707.dat
1 72 -20 0 -20 -1 0 0 0 1 0 0 0 -1 32002.dat
1 72 20 0 -20 1 0 0 0 0 1 0 -1 0 32002.dat
1 0 0 0 -60 1 0 0 0 1 0 0 0 1 3705.dat
1 47 0 -26 -40 0 0 1 0 1 0 -1 0 0 2850.dat
1 0 0 -11.606 -192.2 0 -1 0 -0.383 0 -0.924 0.924 0 -0.383 2780.dat
1 14 0 -10 -40 0 0 -1 0 1 0 1 0 0 2851.dat
1 71 0 -15.433 -182.961 0 -1 0 -0.383 0 -0.924 0.924 0 -0.383 32013.dat
1 0 0 -40 0 -1 0 0 0 1 0 0 0 -1 32073.dat
1 0 0 -41.564 -172.137 1 0 0 0 0.924 -0.383 0 0.383 0.924 4519.dat
1 0 -30 -45.394 -162.897 0 0 -1 -0.383 0.924 0 0.924 0.383 0 2854.dat
1 1 -15 -26.244 -209.097 0 1 0 -0.924 0 -0.383 -0.383 0 0.924 6632.dat
1 0 0 -26.244 -209.097 1 0 0 0 0.924 -0.383 0 0.383 0.924 3705.dat
1 71 0 -26.244 -209.097 -1 0 0 0 0.924 0.383 0 0.383 -0.924 6536.dat
1 1 15 -26.244 -209.097 0 1 0 -0.924 0 -0.383 -0.383 0 0.924 6632.dat
1 0 30 -45.394 -162.897 0 0 1 -0.383 -0.924 0 0.924 -0.383 0 2854.dat
1 0 30 -18.584 -227.577 1 0 0 0 -0.924 0.383 0 -0.383 -0.924 32039.dat
1 0 -30 -18.584 -227.577 1 0 0 0 -0.924 0.383 0 -0.383 -0.924 32039.dat
1 0 -30 -7.094 -255.297 0 0 1 -0.383 -0.924 0 0.924 -0.383 0 3705.dat
1 0 30 -7.094 -255.297 0 0 1 -0.383 -0.924 0 0.924 -0.383 0 3705.dat
1 0 50 -49.224 -153.657 1 0 0 0 -0.924 0.383 0 -0.383 -0.924 32062.dat
1 0 -50 -49.224 -153.657 1 0 0 0 -0.924 0.383 0 -0.383 -0.924 32062.dat
1 71 30 4.396 -283.017 1 0 0 0 0.924 -0.383 0 0.383 0.924 32126.dat
1 71 -30 4.396 -283.017 -1 0 0 0 -0.924 -0.383 0 -0.383 0.924 32126.dat
1 0 0 12.056 -301.497 1 0 0 0 0.924 -0.383 0 0.383 0.924 3705.dat
1 71 10 12.056 -301.497 0 0 -1 -0.383 0.924 0 0.924 0.383 0 3713.dat
1 14 0 12.056 -301.497 0 0 -1 -0.383 0.924 0 0.924 0.383 0 2994.dat
1 256 0 12.056 -301.497 0 0 -1 -0.383 0.924 0 0.924 0.383 0 6578.dat
