0 Main
0 Name: 8828 - Frone End Loader - Front End Loader.mpd
0 Author: LTRON
1 14 -10 0 0 0 0 -1 0 1 0 1 0 0 3702.dat
1 14 -30 0 -120 0 0 -1 0 1 0 1 0 0 3702.dat
1 14 10 0 0 0 0 -1 0 1 0 1 0 0 3702.dat
1 14 30 0 -120 0 0 -1 0 1 0 1 0 0 3702.dat
1 0 20 10 40 0 1 0 0 0 1 1 0 0 6141.dat
1 0 -20 10 40 0 -1 0 0 0 1 -1 0 0 6141.dat
1 0 20 10 -60 -1 0 0 0 1 0 0 0 -1 2780.dat
1 0 -20 10 -60 -1 0 0 0 1 0 0 0 -1 2780.dat
1 0 40 10 -140 -1 0 0 0 1 0 0 0 -1 2780.dat
1 0 -40 10 -140 -1 0 0 0 1 0 0 0 -1 2780.dat
1 14 0 24 70 -1 0 0 0 1 0 0 0 -1 3710.dat
1 14 0 24 -60 -1 0 0 0 1 0 0 0 -1 3709.dat
1 14 0 24 -180 -1 0 0 0 1 0 0 0 -1 3738.dat
1 7 0 24 10 -1 0 0 0 1 0 0 0 -1 4262.dat
1 14 30 0 70 -1 0 0 0 1 0 0 0 -1 3665.dat
1 14 -30 0 70 -1 0 0 0 1 0 0 0 -1 3665.dat
1 14 70 0 -180 0 0 -1 0 1 0 1 0 0 3700.dat
1 14 -70 0 -180 0 0 -1 0 1 0 1 0 0 3700.dat
1 7 80 10 -180 1 0 0 0 1 0 0 0 1 3749.dat
1 7 -80 10 -180 -1 0 0 0 1 0 0 0 -1 3749.dat
1 7 -50 0 10 1 0 0 0 1 0 0 0 1 4261.dat
1 0 -70 10 10 1 0 0 0 1 0 0 0 1 3705.dat
1 7 -70 10 10 0 0 -1 0 1 0 1 0 0 3713.dat
1 7 -35 10 10 0 0 1 0 1 0 -1 0 0 4265.dat
1 7 -50 0 50 0 1 0 1 0 0 0 0 -1 3749.dat
1 14 0 -8 -60 -1 0 0 0 1 0 0 0 -1 3709.dat
1 14 0 -8 -180 -1 0 0 0 1 0 0 0 -1 3738.dat
1 14 0 -8 80 -1 0 0 0 1 0 0 0 -1 3709.dat
1 14 0 -8 -130 -1 0 0 0 1 0 0 0 -1 3710.dat
1 7 0 -8 40 -1 0 0 0 1 0 0 0 -1 3068.dat
1 7 50 0 10 1 0 0 0 1 0 0 0 1 4261.dat
1 7 50 0 50 0 1 0 1 0 0 0 0 -1 3749.dat
1 0 70 10 10 -1 0 0 0 1 0 0 0 -1 3705.dat
1 7 70 10 10 0 0 1 0 1 0 -1 0 0 3713.dat
1 7 35 10 10 0 0 -1 0 1 0 1 0 0 4265.dat
1 14 30 -80 70 -1 0 0 0 1 0 0 0 -1 4460.dat
1 14 -30 -80 70 -1 0 0 0 1 0 0 0 -1 4460.dat
1 7 0 -8 10 -1 0 0 0 1 0 0 0 -1 4262.dat
1 14 -30 -16 -160 0 0 -1 0 1 0 1 0 0 3710.dat
1 14 30 -16 -160 0 0 -1 0 1 0 1 0 0 3710.dat
1 14 0 -16 -170 1 0 0 0 1 0 0 0 1 3023.dat
1 7 0 -16 10 1 0 0 0 1 0 0 0 1 3023.dat
1 7 0 -16 -70 1 0 0 0 1 0 0 0 1 3023.dat
1 7 0 -16 50 -1 0 0 0 1 0 0 0 -1 4262.dat
1 7 0 -24 50 -1 0 0 0 1 0 0 0 -1 3743.dat
1 7 0 -24 -10 -1 0 0 0 1 0 0 0 -1 3004.dat
1 7 0 -24 10 1 0 0 0 1 0 0 0 1 3023.dat
1 7 0 -40 -70 1 0 0 0 1 0 0 0 1 3700.dat
1 0 0 -16 70 -1 0 0 0 1 0 0 0 -1 3023.dat
1 0 10 -40 70 -1 0 0 0 1 0 0 0 -1 4070.dat
1 0 -10 -40 70 -1 0 0 0 1 0 0 0 -1 4070.dat
1 0 0 -48 70 -1 0 0 0 1 0 0 0 -1 3023.dat
1 0 0 -30 84 -1 0 0 0 0 -1 0 -1 0 2412.dat
1 0 10 -72 70 -1 0 0 0 1 0 0 0 -1 4070.dat
1 0 -10 -72 70 -1 0 0 0 1 0 0 0 -1 4070.dat
1 0 0 -80 70 -1 0 0 0 1 0 0 0 -1 3023.dat
1 0 0 -62 84 -1 0 0 0 0 -1 0 -1 0 2412.dat
1 0 0 -38 10 0 0 -1 0 1 0 1 0 0 3705.dat
1 7 0 -38 25 1 0 0 0 1 0 0 0 1 4265.dat
1 7 0 -38 40 1 0 0 0 1 0 0 0 1 3647.dat
1 7 0 -48 10 1 0 0 0 1 0 0 0 1 3700.dat
1 7 0 -48 -10 1 0 0 0 1 0 0 0 1 3700.dat
1 7 0 -38 -23 1 0 0 0 1 0 0 0 1 4143.dat
1 0 0 -30 -130 0 0.707 -0.707 0 0.707 0.707 1 0 0 3706.dat
1 7 0 -30 -102 0.707 -0.707 0 0.707 0.707 0 0 0 1 3650.dat
1 7 0 -30 -115 0.707 -0.707 0 0.707 0.707 0 0 0 1 4265.dat
1 7 0 -30 -85 0.707 0.707 0 0.707 -0.707 0 0 0 -1 4265.dat
1 14 0 -40 -130 1 0 0 0 1 0 0 0 1 3701.dat
1 14 0 -40 -170 1 0 0 0 1 0 0 0 1 3700.dat
1 7 0 -30 -183 0.707 0.707 0 -0.707 0.707 0 0 0 1 4143.dat
1 7 0 -48 -70 1 0 0 0 1 0 0 0 1 3023.dat
1 0 0 -30 -200 -1 0 0 0 0.707 0.707 0 0.707 -0.707 3705.dat
1 7 -10 12.426 -242.426 0 1 0 -0.707 0 -0.707 -0.707 0 0.707 2825.dat
1 7 10 12.426 -242.426 0 -1 0 0.707 0 -0.707 0.707 0 0.707 2825.dat
1 7 17 -30 -200 0 0 1 0.707 -0.707 0 0.707 0.707 0 4143.dat
1 7 -15 -30 -200 0 0 1 1 0 0 0 1 0 4265.dat
1 14 30 -40 -180 0 0 1 0 1 0 -1 0 0 3701.dat
1 14 -30 -40 -180 0 0 1 0 1 0 -1 0 0 3701.dat
1 14 0 -56 0 -1 0 0 0 1 0 0 0 -1 3709.dat
1 14 0 -48 -140 -1 0 0 0 1 0 0 0 -1 3709.dat
1 14 0 -56 -70 -1 0 0 0 1 0 0 0 -1 3710.dat
1 14 0 -48 -170 -1 0 0 0 1 0 0 0 -1 3710.dat
1 7 -20 12.426 -242.426 1 0 0 0 0.707 -0.707 0 0.707 0.707 3749.dat
1 7 20 12.426 -242.426 -1 0 0 0 0.707 0.707 0 0.707 -0.707 3749.dat
1 0 30 -7.574 -252.426 0 0 1 1 0 0 0 1 0 3701.dat
1 0 -30 -7.574 -252.426 0 0 1 1 0 0 0 1 0 3701.dat
1 14 30 -56 -150 0 0 1 0 1 0 -1 0 0 3623.dat
1 14 -30 -56 -150 0 0 1 0 1 0 -1 0 0 3623.dat
1 14 0 -56 -150 -1 0 0 0 1 0 0 0 -1 3069.dat
1 14 -30 -80 -100 0 0 -1 0 1 0 1 0 0 3895.dat
1 0 10 -70 -100 1 0 0 0 0.819 -0.574 0 0.574 0.819 3706.dat
1 7 -45 -70 -100 0 0 -1 -0.574 0.819 0 0.819 0.574 0 4265.dat
1 7 -20 -70 -160 1 0 0 0 1 0 0 0 1 4274.dat
1 7 -40 -70 -200 1 0 0 0 1 0 0 0 1 3673.dat
1 0 -40 -70 -40 1 0 0 0 1 0 0 0 1 2780.dat
1 8 -5 -66.783 -250.339 0 -1 0 -0.005 0 -1 1 0 -0.005 2900.dat
1 7 -5 -66.833 -240.839 -1 0 0 0 0.005 -1 0 -1 -0.005 342.dat
1 7 -5 -67.3355 -140.339 -1 0 0 0 -0.005 1 0 1 0.005 342.dat
1 8 -5 -67.412 -130.341 0 1 0 0.005 0 -1 -1 0 -0.005 2900.dat
1 8 5 -66.783 -250.339 0 -1 0 -0.005 0 -1 1 0 -0.005 2900.dat
1 7 5 -66.833 -240.839 -1 0 0 0 0.005 -1 0 -1 -0.005 342.dat
1 7 5 -67.3355 -140.339 -1 0 0 0 -0.005 1 0 1 0.005 342.dat
1 8 5 -67.412 -130.341 0 1 0 0.005 0 -1 -1 0 -0.005 2900.dat
1 7 0 -66.783 -250.339 -1 0 0 0 -1 -0.005 0 -0.005 1 3673.dat
1 7 0 -70 -140 0 0 1 -0.259 0.966 0 -0.966 -0.259 0 2853.dat
1 7 30 -67.412 -130.341 0 0 1 0.259 -0.966 0 0.966 0.259 0 2853.dat
1 0 -40 -70 -140 1 0 0 0 -0.966 -0.259 0 0.259 -0.966 4519.dat
1 0 0 -70 -100 0 0 -1 0.574 -0.819 0 -0.819 -0.574 0 4716.dat
1 14 30 -80 -100 0 0 -1 0 1 0 1 0 0 3895.dat
1 0 40 -70 -40 1 0 0 0 1 0 0 0 1 2780.dat
1 7 40 -70 -200 1 0 0 0 1 0 0 0 1 3673.dat
1 14 50 -30 -150 0 0 1 1 0 0 0 1 0 3894.dat
1 14 -50 -30 -150 0 0 1 1 0 0 0 1 0 3894.dat
1 0 -10 -27.574 -242.426 0 -1 0 -0.198 0 -0.98 0.98 0 -0.198 2825.dat
1 0 10 -27.574 -242.426 0 1 0 0.198 0 -0.98 -0.98 0 -0.198 2825.dat
1 7 50 -70 -100 0 0 1 0.574 0.819 0 -0.819 0.574 0 3713.dat
1 14 0 -64 -40 0 0 1 0 1 0 -1 0 0 3709.dat
1 0 0 -128 -40 0 0 1 1 0 0 0 1 0 3708.dat
1 7 0 -57 -40 0 1 0 0 0 -1 -1 0 0 4143.dat
1 0 0 -86.388 -254.295 1 0 0 0 0.587 -0.81 0 0.81 0.587 3705.dat
1 0 0 -27.574 -242.426 1 0 0 0 0.198 0.98 0 -0.98 0.198 3706.dat
1 14 0 -88 40 1 0 0 0 1 0 0 0 1 3031.dat
1 14 0 -88 -10 -1 0 0 0 1 0 0 0 -1 3710.dat
1 7 70 -63.572 -92.34 0 0 -1 -0.643 -0.766 0 -0.766 0.643 0 2854.dat
1 0 90 -57.144 -84.679 1 0 0 0 -0.766 -0.643 0 0.643 -0.766 3704.dat
1 7 -70 -67.4121 -130.3366 0 0 1 -0.258272 0.966301 0 -0.966301 -0.258272 0 2854.dat
1 0 -90 -64.8274 -120.6747 -1 0 0 0 0.966301 -0.258272 0 -0.258272 -0.966301 3704.dat
1 0 50 -34.645 -249.497 0 0 -1 -0.707 0.707 0 0.707 0.707 0 3702.dat
1 0 -50 -34.645 -249.497 0 0 -1 -0.707 0.707 0 0.707 0.707 0 3702.dat
1 0 -28 -54.007 -277.779 0 1 0 -0.81 0 0.587 0.587 0 0.81 2711.dat
1 0 28 -54.007 -277.779 0 -1 0 -0.81 0 -0.587 0.587 0 -0.81 2711.dat
1 14 0 -88 -40 -1 0 0 0 1 0 0 0 -1 3709.dat
1 14 30 -96 -40 0 0 -1 0 1 0 1 0 0 3023.dat
1 14 -30 -96 -40 0 0 -1 0 1 0 1 0 0 3023.dat
1 14 -30 -120 -40 0 0 -1 0 1 0 1 0 0 3700.dat
1 14 30 -120 -40 0 0 -1 0 1 0 1 0 0 3700.dat
1 0 40 -110 -40 1 0 0 0 1 0 0 0 1 2780.dat
1 0 -40 -110 -40 1 0 0 0 1 0 0 0 1 2780.dat
1 7 -33 -86.388 -254.295 0 0 -1 -0.81 0.587 0 0.587 0.81 0 4265.dat
1 7 33 -86.388 -254.295 0 0 1 0.81 0.587 0 -0.587 0.81 0 4265.dat
1 14 50 -130 -30 0 0 -1 1 0 0 0 -1 0 3702.dat
1 0 40 -190 -40 -1 0 0 0 -1 0 0 0 1 2780.dat
1 14 30 -200.235 -59.881 0 0 -1 0.012 1 0 1 -0.012 0 3701.dat
1 14 -30 -200.235 -59.881 0 0 -1 0.012 1 0 1 -0.012 0 3701.dat
1 14 -50 -130 -30 0 0 -1 1 0 0 0 -1 0 3702.dat
1 0 -40 -190 -40 -1 0 0 0 -1 0 0 0 1 2780.dat
1 14 0 -207.999 -39.788 -1 0 0 0 1 -0.012 0 -0.012 -1 3709.dat
1 14 -50 -200.705 -99.878 0 0 1 -0.012 1 0 -1 -0.012 0 4276.dat
1 14 -50 -168.904 -141.029 0 0 -1 -0.971 0.241 0 0.241 0.971 0 4275.dat
1 14 -50 -70 -158 0 0 -1 -1 0 0 0 1 0 4275.dat
1 14 -50 -130.081 -150.659 0 0 1 0.971 0.241 0 -0.241 0.971 0 4276.dat
1 14 -50 -151.418 -153.609 0 0 -1 -0.971 0.241 0 0.241 0.971 0 3710.dat
1 14 50 -200.705 -99.878 0 0 1 -0.012 1 0 -1 -0.012 0 4276.dat
1 14 50 -168.904 -141.029 0 0 -1 -0.971 0.241 0 0.241 0.971 0 4275.dat
1 14 50 -70 -158 0 0 -1 -1 0 0 0 1 0 4275.dat
1 14 50 -130.081 -150.659 0 0 1 0.971 0.241 0 -0.241 0.971 0 4276.dat
1 14 50 -151.418 -153.609 0 0 -1 -0.971 0.241 0 0.241 0.971 0 3710.dat
1 14 0 -208.705 -99.784 -1 0 0 0 1 -0.012 0 -0.012 -1 3032.dat
1 0 0 14.853 -284.853 -1 0 0 0 0.707 0.707 0 0.707 -0.707 3707.dat
1 0 0 -21.626 -301.262 -1 0 0 0 0.736 0.677 0 0.677 -0.736 3706.dat
1 7 0 -217.2 -40 -1 0 0 0 0 -1 0 -1 0 4265.dat
1 7 50 -21.626 -301.262 0 0 -1 0.677 -0.736 0 -0.736 -0.677 0 3713.dat
1 7 70 14.853 -284.853 0 0 -1 0.707 -0.707 0 -0.707 -0.707 0 3713.dat
1 0 0 14.853 -284.853 1 0 0 0 0.912 -0.41 0 0.41 0.912 2951.dat
1 7 -50 -21.626 -301.262 0 0 1 -0.677 -0.736 0 0.736 -0.677 0 3713.dat
1 7 -70 14.853 -284.853 0 0 1 -0.707 -0.707 0 0.707 -0.707 0 3713.dat
1 14 0 -230 -40 -1 0 0 0 1 0 0 0 -1 4032.dat
1 46 0 -254 -40 -1 0 0 0 1 0 0 0 -1 3941.dat
1 14 0 -262 -40 -1 0 0 0 1 0 0 0 -1 4150.dat
1 14 90.5 10 -180 0 0 -1 0 1 0 1 0 0 4266.dat
1 256 90.5 10 -180 0 0 -1 0 1 0 1 0 0 2857.dat
1 14 90.5 10 10 0 0 -1 0 1 0 1 0 0 4266.dat
1 256 90.5 10 10 0 0 -1 0 1 0 1 0 0 2857.dat
1 14 -90.5 10 -180 0 0 1 0 1 0 -1 0 0 4266.dat
1 256 -90.5 10 -180 0 0 1 0 1 0 -1 0 0 2857.dat
1 14 -90.5 10 10 0 0 1 0 1 0 -1 0 0 4266.dat
1 256 -90.5 10 10 0 0 1 0 1 0 -1 0 0 2857.dat
