0 Main
0 Name: 7128-1 - Speeder Bikes.mpd
0 Author: LTRON
1 8 330 -27 90 1 0 0 0 1 0 0 0 1 3022.dat
1 6 330 -27 -50 1 0 0 0 1 0 0 0 1 4032.dat
1 0 330 -35 30 0 0 -1 0 1 0 1 0 0 3034.dat
1 8 330 -35 -60 1 0 0 0 1 0 0 0 1 2540.dat
1 8 320 -59 -50 1 0 0 0 1 0 0 0 1 30359.dat
1 8 340 -59 -50 1 0 0 0 1 0 0 0 1 30359.dat
1 8 330 -43 90 1 0 0 0 1 0 0 0 1 3022.dat
1 6 330 -67 120 1 0 0 0 1 0 0 0 1 2399.dat
1 0 330 -67 100 1 0 0 0 1 0 0 0 1 3794.dat
1 6 330 -67 10 -1 0 0 0 1 0 0 0 -1 4732.dat
1 8 320 -51 0 0 0 1 0 1 0 -1 0 0 4085.dat
1 8 340 -51 0 0 0 -1 0 1 0 1 0 0 4085.dat
1 7 330 -51 20 1 0 0 0 1 0 0 0 1 3023.dat
1 8 330 -75 60 1 0 0 0 1 0 0 0 1 2412.dat
1 8 330 -67 100 1 0 0 0 1 0 0 0 1 2524.dat
1 6 330 -75 0 -1 0 0 0 1 0 0 0 -1 3039.dat
1 0 330 -75 -20 1 0 0 0 1 0 0 0 1 3794.dat
1 8 330 -83 -20 0 0 -1 0 1 0 1 0 0 2555.dat
1 6 330 -91 -40 1 0 0 0 1 0 0 0 1 3048.dat
1 0 330 -91 -20 1 0 0 0 0.681998 0.731354 0 -0.731354 0.681998 30031.dat
1 0 300 -35 0 -1 0 0 0 -1 0 0 0 1 4349.dat
1 0 320 -49 -188 0.866025 0 -0.5 0.5 0 0.866025 0 -1 0 2433.dat
1 0 340 -49 -188 0.866025 0 0.5 -0.5 0 0.866025 0 -1 0 2433.dat
1 6 320.432 -48.747 -208 -0.5 0 0.866025 0.866025 0 0.5 0 1 0 30259.dat
1 6 339.567 -48.747 -208 -0.5 0 -0.866025 -0.866025 0 0.5 0 1 0 30259.dat
1 8 360 5 62 1 0 0 0 1 0 0 0 1 6120.dat
1 8 300 5 62 1 0 0 0 1 0 0 0 1 6120.dat
1 0 330 -3 60 1 0 0 0 1 0 0 0 1 3710.dat
1 8 330 -27 60 1 0 0 0 1 0 0 0 1 3004.dat
1 0 330 -27 -80 0 0 1 0 1 0 -1 0 0 2555.dat
1 8 330 -19 -80 0 0 1 0 1 0 -1 0 0 3062.dat
