0 Main
0 Name: 8855-1 - Prop Plane.mpd
0 Author: LTRON
1 14 -50 -197 -10 0 0 -1 0 1 0 1 0 0 3703.dat
1 14 50 -197 -10 0 0 -1 0 1 0 1 0 0 3703.dat
1 0 40 -187 -150 1 0 0 0 1 0 0 0 1 4459.dat
1 0 -40 -187 -150 1 0 0 0 1 0 0 0 1 4459.dat
1 0 60 -187 10 1 0 0 0 1 0 0 0 1 4459.dat
1 0 -60 -187 10 1 0 0 0 1 0 0 0 1 4459.dat
1 14 -30 -197 -190 0 0 -1 0 1 0 1 0 0 3894.dat
1 14 30 -197 -190 0 0 -1 0 1 0 1 0 0 3894.dat
1 7 40 -187 -210 1 0 0 0 1 0 0 0 1 3673.dat
1 7 -40 -187 -210 1 0 0 0 1 0 0 0 1 3673.dat
1 7 60 -187 -90 1 0 0 0 1 0 0 0 1 3749.dat
1 7 -60 -187 -90 -1 0 0 0 1 0 0 0 -1 3749.dat
1 14 -30 -205 -190 0 0 -1 0 1 0 1 0 0 3023.dat
1 14 30 -205 -190 0 0 -1 0 1 0 1 0 0 3023.dat
1 14 0 -205 -230 1 0 0 0 1 0 0 0 1 3020.dat
1 14 0 -205 -150 1 0 0 0 1 0 0 0 1 3795.dat
1 14 0 -205 -40 1 0 0 0 1 0 0 0 1 3666.dat
1 14 -50 -205 20 0 0 1 0 1 0 -1 0 0 2420.dat
1 14 50 -205 20 -1 0 0 0 1 0 0 0 -1 2420.dat
1 14 -50 -221 70 0 0 -1 0 1 0 1 0 0 3700.dat
1 0 0 -211 70 1 0 0 0 0 1 0 -1 0 3706.dat
1 7 -30.25 -211 70 0 0 -0.975 0 1 0 1 0 0 3713.dat
1 7 -10.75 -211 70 0 0 0.975 0 1 0 -1 0 0 3713.dat
1 7 20 -211 70 0 0 1 0 1 0 -1 0 0 3713.dat
1 7 0 -191.015 69.2357 -1 0 0 0 0.0382 0.9993 0 0.9993 -0.0382 4273.dat
1 0 0 -181.022 68.8536 0 0 -1 0.9993 -0.0382 0 -0.0382 -0.9993 0 3704.dat
1 7 0 -171.029 68.4715 0 -1 0 0.0382 0 -0.9993 0.9993 0 0.0382 3651.dat
1 7 35 -211 70 0 0 -1 0 1 0 1 0 0 4265.dat
1 14 50 -221 70 0 0 -1 0 1 0 1 0 0 3700.dat
1 14 0 -213 20 1 0 0 0 1 0 0 0 1 3666.dat
1 14 0 -213 -40 1 0 0 0 1 0 0 0 1 3710.dat
1 14 -50 -213 -20 0 0 1 0 1 0 -1 0 0 3623.dat
1 14 50 -213 -20 0 0 1 0 1 0 -1 0 0 3623.dat
1 14 0 -229 -230 0 0 1 0 1 0 -1 0 0 3003.dat
1 14 30 -229 -210 0 0 1 0 1 0 -1 0 0 3004.dat
1 14 -30 -229 -210 0 0 1 0 1 0 -1 0 0 3004.dat
1 14 30 -229 -240 1 0 0 0 1 0 0 0 1 3665.dat
1 14 -30 -229 -240 1 0 0 0 1 0 0 0 1 3665.dat
1 14 30 -229 -180 -1 0 0 0 1 0 0 0 -1 3040.dat
1 14 -30 -229 -180 -1 0 0 0 1 0 0 0 -1 3040.dat
1 7 0 -237 -300 1 0 0 0 1 0 0 0 1 3710.dat
1 7 30 -237 -270 0 0 -1 0 1 0 1 0 0 3023.dat
1 7 -30 -237 -270 0 0 -1 0 1 0 1 0 0 3023.dat
1 7 0 -237 -230 1 0 0 0 1 0 0 0 1 3020.dat
1 7 30 -237 -190 0 0 -1 0 1 0 1 0 0 3023.dat
1 7 -30 -237 -190 0 0 -1 0 1 0 1 0 0 3023.dat
1 7 -30 -261 -250 0 0 -1 0 1 0 1 0 0 3702.dat
1 7 30 -261 -250 0 0 -1 0 1 0 1 0 0 3702.dat
1 7 0 -261 -300 1 0 0 0 1 0 0 0 1 3660.dat
1 7 0 -261 -230 1 0 0 0 1 0 0 0 1 3003.dat
1 7 40 -251 -310 1 0 0 0 1 0 0 0 1 3673.dat
1 7 -40 -251 -310 1 0 0 0 1 0 0 0 1 3673.dat
1 7 0 -269 -310 1 0 0 0 1 0 0 0 1 3020.dat
1 7 0 -269 -220 1 0 0 0 1 0 0 0 1 3710.dat
1 7 30 -269 -190 0 0 1 0 1 0 -1 0 0 3023.dat
1 7 -30 -269 -190 0 0 1 0 1 0 -1 0 0 3023.dat
1 4 0 -269 -240 1 0 0 0 1 0 0 0 1 3666.dat
1 4 30 -269 -280 1 0 0 0 1 0 0 0 1 2420.dat
1 4 -30 -269 -280 0 0 -1 0 1 0 1 0 0 2420.dat
1 7 30 -293 -200 0 0 -1 0 1 0 1 0 0 3622.dat
1 7 -30 -293 -200 0 0 -1 0 1 0 1 0 0 3622.dat
1 4 30 -277 -270 0 0 -1 0 1 0 1 0 0 3710.dat
1 4 -30 -277 -270 0 0 -1 0 1 0 1 0 0 3710.dat
1 4 50 -277 -230 0 0 -1 0 1 0 1 0 0 3666.dat
1 4 -50 -277 -230 0 0 -1 0 1 0 1 0 0 3666.dat
1 7 0 -293 -220 -1 0 0 0 1 0 0 0 -1 3004.dat
1 4 40 -285 -280 -1 0 0 0 1 0 0 0 -1 3023.dat
1 4 -40 -285 -280 -1 0 0 0 1 0 0 0 -1 3023.dat
1 4 -50 -301 -240 0 0 -1 0 1 0 1 0 0 3040.dat
1 4 50 -301 -240 0 0 1 0 1 0 -1 0 0 3040.dat
1 7 30 -317 -190 0 0 -1 0 1 0 1 0 0 3700.dat
1 7 -30 -317 -190 0 0 -1 0 1 0 1 0 0 3700.dat
1 7 -30 -325 -190 0 0 -1 0 1 0 1 0 0 3023.dat
1 7 30 -325 -190 0 0 -1 0 1 0 1 0 0 3023.dat
1 14 50 -237 10 0 0 -1 0 1 0 1 0 0 3700.dat
1 14 -50 -237 10 0 0 -1 0 1 0 1 0 0 3700.dat
1 0 60 -227 10 1 0 0 0 1 0 0 0 1 4459.dat
1 0 -60 -227 10 1 0 0 0 1 0 0 0 1 4459.dat
1 7 0 -293 -320 1 0 0 0 1 0 0 0 1 3701.dat
1 14 0 -237 20 -1 0 0 0 1 0 0 0 -1 3701.dat
1 7 0 -227 30 0 -0.1951 -0.9808 0 0.9808 -0.1951 1 0 0 3749.dat
1 7 0 -227 40 -0.9808 -0.1951 0 -0.1951 0.9808 0 0 0 -1 4019.dat
1 7 -10 -247 -200 0 0 -1 -1 0 0 0 1 0 3702.dat
1 7 10 -247 -200 0 0 -1 -1 0 0 0 1 0 3702.dat
1 0 0 -307 -190 1 0 0 0 1 0 0 0 1 3705.dat
1 0 0 -187 -190 1 0 0 0 1 0 0 0 1 3705.dat
1 14 0 -301 -220 1 0 0 0 1 0 0 0 1 3666.dat
1 14 0 -301 -320 1 0 0 0 1 0 0 0 1 3666.dat
1 7 0 -325 -220 1 0 0 0 1 0 0 0 1 3701.dat
1 7 0 -315 -230 0 0 1 0 1 0 -1 0 0 3749.dat
1 7 0 -315 -240 0 -1 0 -1 0 0 0 0 -1 3648.dat
1 0 0 -331 -270 0 0.7071 0.7071 0 0.7071 -0.7071 -1 0 0 3705.dat
1 0 0 -301 -270 0 0 1 1 0 0 0 1 0 3704.dat
1 7 0 -311 -270 0 1 0 0 0 1 1 0 0 3651.dat
1 7 0 -291 -270 1 0 0 0 0 -1 0 1 0 3651.dat
1 7 0 -271 -270 -1 0 0 0 -1 0 0 0 1 3652.dat
1 14 0 -245 20 1 0 0 0 1 0 0 0 1 3023.dat
1 14 50 -245 20 -1 0 0 0 1 0 0 0 -1 2420.dat
1 14 -50 -245 20 0 0 1 0 1 0 -1 0 0 2420.dat
1 14 50 -245 60 -1 0 0 0 1 0 0 0 -1 3040.dat
1 14 -50 -245 60 -1 0 0 0 1 0 0 0 -1 3040.dat
1 14 50 -210.576 -265.387 0 0 -1 -0.5333 -0.8423 0 -0.8333 0.5391 0 3702.dat
1 14 -50 -210.576 -265.387 0 0 -1 -0.5333 -0.8423 0 -0.8333 0.5391 0 3702.dat
1 14 50 -325 -250 0 0 -1 0 1 0 1 0 0 3702.dat
1 14 -50 -325 -250 0 0 -1 0 1 0 1 0 0 3702.dat
1 0 60 -315 -190 1 0 0 0 1 0 0 0 1 4459.dat
1 0 -60 -315 -190 1 0 0 0 1 0 0 0 1 4459.dat
1 14 0 -253 20 1 0 0 0 1 0 0 0 1 3710.dat
1 14 50 -253 30 0 0 -1 0 1 0 1 0 0 3710.dat
1 14 -50 -253 30 0 0 -1 0 1 0 1 0 0 3710.dat
1 14 0 -277 20 1 0 0 0 1 0 0 0 1 3894.dat
1 14 70 -359.141 -145.801 0 0 -1 -0.5999 0.8116 0 0.8333 0.5842 0 3702.dat
1 14 -70 -359.141 -145.801 0 0 -1 -0.5999 0.8116 0 0.8333 0.5842 0 3702.dat
1 14 70 -287 0 0 0 -1 -1 0 0 0 1 0 3895.dat
1 14 -70 -287 0 0 0 -1 -1 0 0 0 1 0 3895.dat
1 0 80 -347 10 1 0 0 0 1 0 0 0 1 4459.dat
1 0 80 -387 10 1 0 0 0 1 0 0 0 1 4459.dat
1 0 -80 -387 10 1 0 0 0 1 0 0 0 1 4459.dat
1 0 -80 -347 10 1 0 0 0 1 0 0 0 1 4459.dat
1 0 80 -387 -90 1 0 0 0 0.8116 -0.5842 0 0.5842 0.8116 4459.dat
1 0 -80 -387 -90 1 0 0 0 0.8116 -0.5842 0 0.5842 0.8116 4459.dat
1 14 40 -333 -190 0 0 1 0 1 0 -1 0 0 3022.dat
1 14 -40 -333 -190 0 0 1 0 1 0 -1 0 0 3022.dat
1 14 0 -333 -220 -1 0 0 0 1 0 0 0 -1 3666.dat
1 14 90 -397 10 0 0 -1 0 1 0 1 0 0 3700.dat
1 14 90 -357 10 0 0 -1 0 1 0 1 0 0 3700.dat
1 14 90 -365 10 0 0 -1 0 1 0 1 0 0 3023.dat
1 14 90 -373 10 0 0 -1 0 1 0 1 0 0 4477.dat
1 14 -90 -373 10 0 0 -1 0 1 0 1 0 0 4477.dat
1 14 -90 -397 10 0 0 -1 0 1 0 1 0 0 3700.dat
1 14 -90 -357 10 0 0 -1 0 1 0 1 0 0 3700.dat
1 14 -90 -365 10 0 0 -1 0 1 0 1 0 0 3023.dat
1 14 90 -397 -90 0 0 1 0 1 0 -1 0 0 2743.dat
1 14 -90 -397 -90 0 0 1 0 1 0 -1 0 0 2743.dat
1 14 0 -341 -210 -1 0 0 0 1 0 0 0 -1 3020.dat
1 14 0 -341 -180 -1 0 0 0 1 0 0 0 -1 3710.dat
1 0 0 -187 -120 1 0 0 0 0 -1 0 1 0 4519.dat
1 0 0 -187 -80 1 0 0 0 0 -1 0 1 0 4519.dat
1 7 -24 -187 -80 0 0 -1 -1 0 0 0 1 0 4265.dat
1 7 -24 -187 -120 0 0 -1 -1 0 0 0 1 0 4265.dat
1 7 -15 -187 -100 0 0 -1 -1 0 0 0 1 0 4185.dat
1 0 0 -187 -100 1 0 0 0 0 -1 0 1 0 3704.dat
1 7 0 -167 -100 1 0 0 0 0 1 0 -1 0 4273.dat
1 7 0 -207 -100 -1 0 0 0 0 -1 0 -1 0 4273.dat
1 0 0 -237 -100 0 0 -1 1 0 0 0 -1 0 3705.dat
1 7 0 -187 -140 1 0 0 0 -1 0 0 0 -1 3651.dat
1 7 0 -187 -60 1 0 0 0 1 0 0 0 1 3651.dat
1 7 15 -187 -100 0 0 -1 -1 0 0 0 1 0 4185.dat
1 7 24 -187 -120 0 0 1 1 0 0 0 1 0 4265.dat
1 7 24 -187 -80 0 0 1 1 0 0 0 1 0 4265.dat
1 7 24 -187 -120 0 0 1 1 0 0 0 1 0 4265.dat
1 7 0 -187 -150 0 0 1 0 -1 0 1 0 0 3749.dat
1 14 0 -197 -160 1 0 0 0 1 0 0 0 1 3700.dat
1 14 0 -197 20 1 0 0 0 1 0 0 0 1 3701.dat
1 0 0 -187 -10 0 0 -1 0 1 0 1 0 0 3706.dat
1 14 0 -205 20 1 0 0 0 1 0 0 0 1 3023.dat
1 7 0 -187 40 1 0 0 0 1 0 0 0 1 4019.dat
1 14 0 -197 -40 1 0 0 0 1 0 0 0 1 3701.dat
1 14 -10 -227 0 0 1 0 -1 0 0 0 0 1 3894.dat
1 7 0 -187 -20 0 1 0 1 0 0 0 0 -1 3713.dat
1 0 0 -145 -100 -1 0 0 0 -0.9935 0.1136 0 0.1136 0.9935 2739.dat
1 7 0 -157 -100 0 1 0 -1 0 0 0 0 1 2736.dat
1 7 0 -145.6387 -0.1891 0 1 0 -0.9993 0 0.0382 0.0382 0 0.9993 2736.dat
1 7 0 -152.8686 20.102 0 1 0 -0.9993 0 0.0382 0.0382 0 0.9993 4273.dat
1 7 0 -157.63 0.269 0 1 0 0.0382 0 0.9993 0.9993 0 -0.0382 4265.dat
1 0 0 -150.958 70.065 0 1 0 0.0382 0 0.9993 0.9993 0 -0.0382 3706.dat
1 14 0 -173 -150 -1 0 0 0 1 0 0 0 -1 3795.dat
1 14 -40 -173 -10 0 0 -1 0 1 0 1 0 0 3020.dat
1 14 40 -173 -10 0 0 -1 0 1 0 1 0 0 3020.dat
1 0 10 -187 130 0 1 0 -0.968 0 -0.25 -0.25 0 0.968 2711.dat
1 0 0 -148.28 140 -1 0 0 0 -0.968 -0.25 0 -0.25 0.968 4519.dat
1 0 0 -225.72 120 -1 0 0 0 -0.968 -0.25 0 -0.25 0.968 4519.dat
1 7 23 -148.28 140 0 0 1 -0.25 -0.968 0 0.968 -0.25 0 4265.dat
1 7 23 -225.72 120 0 0 1 -0.25 -0.968 0 0.968 -0.25 0 4265.dat
1 7 0 -149.0507 120.0196 -1 0 0 0 0.999047 -0.038535 0 -0.038535 -0.999047 3651.dat
1 7 0 -228.3649 139.8196 -1 0 0 0 -0.99098 -0.132234 0 -0.132234 0.99098 3651.dat
1 0 -10 -187 130 0 -1 0 -0.968 0 0.25 -0.25 0 -0.968 2711.dat
1 7 -23 -148.28 140 0 0 -1 0.25 -0.968 0 -0.968 -0.25 0 4265.dat
1 7 -23 -225.72 120 0 0 -1 0.25 -0.968 0 -0.968 -0.25 0 4265.dat
1 14 -189.34 -17.35 -140 0 0 1 0 1 0 -1 0 0 3710.dat
1 14 -189.34 -17.35 130 0 0 1 0 1 0 -1 0 0 3623.dat
1 14 -169.34 -17.35 -80 -1 0 0 0 1 0 0 0 -1 3021.dat
1 14 -169.34 -17.35 -40 -1 0 0 0 1 0 0 0 -1 3021.dat
1 14 -169.34 -17.35 0 -1 0 0 0 1 0 0 0 -1 3021.dat
1 14 -169.34 -17.35 40 -1 0 0 0 1 0 0 0 -1 3021.dat
1 14 -169.34 -17.35 80 -1 0 0 0 1 0 0 0 -1 3021.dat
1 14 169.34 -17.35 -80 -1 0 0 0 1 0 0 0 -1 3021.dat
1 14 169.34 -17.35 -40 -1 0 0 0 1 0 0 0 -1 3021.dat
1 14 169.34 -17.35 0 -1 0 0 0 1 0 0 0 -1 3021.dat
1 14 169.34 -17.35 40 -1 0 0 0 1 0 0 0 -1 3021.dat
1 14 169.34 -17.35 80 -1 0 0 0 1 0 0 0 -1 3021.dat
1 14 149.34 -17.35 130 0 0 1 0 1 0 -1 0 0 3623.dat
1 14 149.34 -17.35 -140 0 0 1 0 1 0 -1 0 0 3710.dat
1 14 -189.34 -41.35 -170 1 0 0 0 1 0 0 0 1 4287.dat
1 14 149.34 -41.35 -170 1 0 0 0 1 0 0 0 1 4287.dat
1 14 -189.34 -41.35 0 0 0 -1 0 1 0 1 0 0 3703.dat
1 14 149.34 -41.35 0 0 0 -1 0 1 0 1 0 0 3703.dat
1 0 -179.34 -31.35 -40 1 0 0 0 1 0 0 0 1 4459.dat
1 0 -179.34 -31.35 40 1 0 0 0 1 0 0 0 1 4459.dat
1 0 159.34 -31.35 -40 1 0 0 0 1 0 0 0 1 4459.dat
1 0 159.34 -31.35 40 1 0 0 0 1 0 0 0 1 4459.dat
1 14 -149.34 -41.35 0 0 0 -1 0 1 0 1 0 0 3703.dat
1 14 189.34 -41.35 0 0 0 -1 0 1 0 1 0 0 3703.dat
1 14 -149.34 -17.35 -140 0 0 1 0 1 0 -1 0 0 3710.dat
1 14 189.34 -17.35 -140 0 0 1 0 1 0 -1 0 0 3710.dat
1 14 189.34 -41.35 -170 1 0 0 0 1 0 0 0 1 4287.dat
1 14 -149.34 -41.35 -170 1 0 0 0 1 0 0 0 1 4287.dat
1 14 -149.34 -17.35 130 0 0 1 0 1 0 -1 0 0 3623.dat
1 14 189.34 -17.35 130 0 0 1 0 1 0 -1 0 0 3623.dat
1 7 -169.34 -31.35 50 -1 0 0 0 0 -1 0 -1 -0.025 4261.dat
1 0 -169.34 -71.35 71 0 1 0 0 0 -1 -1 0 0 4519.dat
1 7 -158.0695 -87.872 50 0 0.8261 0.5635 0 0.5635 -0.8261 -1 0 0 4273.dat
1 7 -169.34 -71.35 65 0 1 0 -1 0 0 0 0 1 4265.dat
1 7 -169.34 -31.35 70 1 0 0 0 0 -1 0 1 0 4261.dat
1 7 169.34 -31.35 -50 1 0 0 0 0 -1 0 1 0.025 4261.dat
1 0 169.34 -71.35 -71 0 -1 0 0 0 -1 1 0 0 4519.dat
1 7 158.0695 -87.872 -50 0 -0.8261 -0.5635 0 0.5635 -0.8261 1 0 0 4273.dat
1 7 169.34 -71.35 -65 0 -1 0 -1 0 0 0 0 -1 4265.dat
1 7 169.34 -31.35 -70 -1 0 0 0 0 -1 0 -1 0 4261.dat
1 7 -169.34 -31.35 -50 1 0 0 0 0 -1 0 1 0.025 4261.dat
1 0 -169.34 -71.35 -71 0 -1 0 0 0 -1 1 0 0 4519.dat
1 7 -158.0695 -87.872 -50 0 -0.8261 0.5635 0 -0.5635 -0.8261 1 0 0 4273.dat
1 7 -169.34 -71.35 -65 0 -1 0 -1 0 0 0 0 -1 4265.dat
1 7 -169.34 -31.35 -70 -1 0 0 0 0 -1 0 -1 0 4261.dat
1 7 169.34 -31.35 50 -1 0 0 0 0 -1 0 -1 -0.025 4261.dat
1 0 169.34 -71.35 71 0 1 0 0 0 -1 -1 0 0 4519.dat
1 7 158.0695 -87.872 50 0 0.8261 -0.5635 0 -0.5635 -0.8261 -1 0 0 4273.dat
1 7 169.34 -71.35 65 0 1 0 -1 0 0 0 0 1 4265.dat
1 7 169.34 -31.35 70 1 0 0 0 0 -1 0 1 0 4261.dat
1 14 -169.34 -49.35 -20 -1 0 0 0 1 0 0 0 -1 3021.dat
1 14 -169.34 -49.35 20 -1 0 0 0 1 0 0 0 -1 3021.dat
1 14 169.34 -49.35 -20 -1 0 0 0 1 0 0 0 -1 3021.dat
1 14 169.34 -49.35 20 -1 0 0 0 1 0 0 0 -1 3021.dat
1 14 -149.34 -49.35 -140 0 0 1 0 1 0 -1 0 0 3710.dat
1 14 -189.34 -49.35 -140 0 0 1 0 1 0 -1 0 0 3710.dat
1 14 149.34 -49.35 -140 0 0 1 0 1 0 -1 0 0 3710.dat
1 14 189.34 -49.35 -140 0 0 1 0 1 0 -1 0 0 3710.dat
1 14 -149.34 -49.35 130 0 0 1 0 1 0 -1 0 0 3623.dat
1 14 -189.34 -49.35 130 0 0 1 0 1 0 -1 0 0 3623.dat
1 14 149.34 -49.35 130 0 0 1 0 1 0 -1 0 0 3623.dat
1 14 189.34 -49.35 130 0 0 1 0 1 0 -1 0 0 3623.dat
1 14 169.34 -49.35 -90 1 0 0 0 1 0 0 0 1 3623.dat
1 14 -169.34 -49.35 -90 1 0 0 0 1 0 0 0 1 3623.dat
1 14 -169.34 -49.35 90 1 0 0 0 1 0 0 0 1 3623.dat
1 14 169.34 -49.35 90 1 0 0 0 1 0 0 0 1 3623.dat
1 14 -149.34 -49.35 -60 0 0 -1 0 1 0 1 0 0 3023.dat
1 14 -189.34 -49.35 -60 0 0 -1 0 1 0 1 0 0 3023.dat
1 14 -189.34 -49.35 60 0 0 -1 0 1 0 1 0 0 3023.dat
1 14 -149.34 -49.35 60 0 0 -1 0 1 0 1 0 0 3023.dat
1 14 149.34 -49.35 60 0 0 -1 0 1 0 1 0 0 3023.dat
1 14 189.34 -49.35 60 0 0 -1 0 1 0 1 0 0 3023.dat
1 14 149.34 -49.35 -60 0 0 -1 0 1 0 1 0 0 3023.dat
1 14 189.34 -49.35 -60 0 0 -1 0 1 0 1 0 0 3023.dat
1 0 169.34 -31.35 -80 1 0 0 0 1 0 0 0 1 3705.dat
1 0 169.34 -31.35 80 1 0 0 0 1 0 0 0 1 3705.dat
1 0 -169.34 -31.35 80 1 0 0 0 1 0 0 0 1 3705.dat
1 0 -169.34 -31.35 -80 1 0 0 0 1 0 0 0 1 3705.dat
1 7 -134.34 -31.35 -80 0 0 1 0 1 0 -1 0 0 4265.dat
1 7 -134.34 -31.35 80 0 0 1 0 1 0 -1 0 0 4265.dat
1 7 204.34 -31.35 -80 0 0 1 0 1 0 -1 0 0 4265.dat
1 7 204.34 -31.35 80 0 0 1 0 1 0 -1 0 0 4265.dat
1 7 134.34 -31.35 -80 0 0 -1 0 1 0 1 0 0 4265.dat
1 7 134.34 -31.35 80 0 0 -1 0 1 0 1 0 0 4265.dat
1 7 -204.34 -31.35 -80 0 0 -1 0 1 0 1 0 0 4265.dat
1 7 -204.34 -31.35 80 0 0 -1 0 1 0 1 0 0 4265.dat
1 0 -129.893 -129.177 -50 0.5635 0.8261 0 -0.8261 0.5635 0 0 0 1 3706.dat
1 0 -129.893 -129.177 50 0.5635 0.8261 0 -0.8261 0.5635 0 0 0 1 3706.dat
1 0 129.893 -129.177 50 0.5635 -0.8261 0 0.8261 0.5635 0 0 0 1 3706.dat
1 0 129.893 -129.177 -50 0.5635 -0.8261 0 0.8261 0.5635 0 0 0 1 3706.dat
1 7 101.717 -170.482 -50 0 -0.8261 0.5635 0 0.5635 0.8261 -1 0 0 3651.dat
1 7 101.717 -170.482 50 0 -0.8261 0.5635 0 0.5635 0.8261 -1 0 0 3651.dat
1 7 -101.717 -170.482 50 0 0.8261 -0.5635 0 0.5635 0.8261 1 0 0 3651.dat
1 7 -101.717 -170.482 -50 0 0.8261 -0.5635 0 0.5635 0.8261 1 0 0 3651.dat
1 0 0 -124.93 -89 -1 0 0 0 0 -1 0 -1 0 4519.dat
1 7 -20 -124.93 -89 0 0 1 0 -1 0 1 0 0 4273.dat
1 7 20 -124.93 -89 0 0 -1 0 1 0 1 0 0 4273.dat
1 0 40 -124.93 -80 0 0 -1 0 1 0 1 0 0 4459.dat
1 0 -40 -124.93 -80 0 0 -1 0 1 0 1 0 0 4459.dat
1 0 104.672 -98.1422 -82 0.9239 0 -0.3827 0.3827 0 0.9239 0 -1 0 4442.dat
1 0 -104.672 -98.1422 -82 -0.9239 0 -0.3827 0.3827 0 -0.9239 0 -1 0 4442.dat
1 7 52.6135 -140.4509 -70 0 -0.776 0.6307 0 -0.6307 -0.776 1 0 0 3651.dat
1 7 -52.6135 -140.4509 -70 0 -0.776 -0.6307 0 0.6307 -0.776 1 0 0 3651.dat
1 0 -65.227 -155.9719 -70 -0.6307 -0.776 0 -0.776 0.6307 0 0 0 -1 4519.dat
1 0 65.227 -155.9719 -70 0.6307 -0.776 0 -0.776 -0.6307 0 0 0 -1 4519.dat
1 7 77.8405 -171.493 -70 0 0.776 -0.6307 0 0.6307 0.776 1 0 0 3651.dat
1 7 -77.8405 -171.493 -70 0 0.776 0.6307 0 -0.6307 0.776 1 0 0 3651.dat
1 0 0 -124.93 89 1 0 0 0 0 -1 0 1 0 4519.dat
1 7 20 -124.93 89 0 0 -1 0 -1 0 -1 0 0 4273.dat
1 7 -20 -124.93 89 0 0 1 0 1 0 -1 0 0 4273.dat
1 0 -40 -124.93 80 0 0 1 0 1 0 -1 0 0 4459.dat
1 0 40 -124.93 80 0 0 1 0 1 0 -1 0 0 4459.dat
1 0 -104.672 -98.1422 82 -0.9239 0 0.3827 0.3827 0 0.9239 0 1 0 4442.dat
1 0 104.672 -98.1422 82 0.9239 0 0.3827 0.3827 0 -0.9239 0 1 0 4442.dat
1 7 -52.6135 -140.4509 70 0 0.776 -0.6307 0 -0.6307 -0.776 -1 0 0 3651.dat
1 7 52.6135 -140.4509 70 0 0.776 0.6307 0 0.6307 -0.776 -1 0 0 3651.dat
1 0 65.227 -155.9719 70 0.6307 0.776 0 -0.776 0.6307 0 0 0 1 4519.dat
1 0 -65.227 -155.9719 70 -0.6307 0.776 0 -0.776 -0.6307 0 0 0 1 4519.dat
1 7 -77.8405 -171.493 70 0 -0.776 0.6307 0 0.6307 0.776 -1 0 0 3651.dat
1 7 77.8405 -171.493 70 0 -0.776 -0.6307 0 -0.6307 0.776 -1 0 0 3651.dat
1 14 169.34 -49.35 -200 -1 0 0 0 1 0 0 0 -1 3021.dat
1 14 -169.34 -49.35 -200 -1 0 0 0 1 0 0 0 -1 3021.dat
1 7 169.34 -71.35 -93 -1 0 0 0 -1 0 0 0 1 4265.dat
1 7 169.34 -71.35 93 -1 0 0 0 1 0 0 0 -1 4265.dat
1 7 -169.34 -71.35 93 -1 0 0 0 1 0 0 0 -1 4265.dat
1 7 -169.34 -71.35 -94 -1 0 0 0 -1 0 0 0 1 4265.dat
1 0 90.45 -187 0 0 0 -1 0 1 0 1 0 0 3708.dat
1 0 -90.45 -187 0 0 0 -1 0 1 0 1 0 0 3708.dat
1 7 70.45 -187 90 0 0 -1 0 -1 0 -1 0 0 3651.dat
1 7 -70.45 -187 90 0 0 1 0 1 0 -1 0 0 3651.dat
1 7 -90.45 -187 35 -1 0 0 0 1 0 0 0 -1 4265.dat
1 7 90.45 -187 35 -1 0 0 0 1 0 0 0 -1 4265.dat
1 7 -90.45 -187 110 -1 0 0 0 1 0 0 0 -1 3713.dat
1 7 90.45 -187 110 -1 0 0 0 1 0 0 0 -1 3713.dat
1 7 -90.45 -187 -35 1 0 0 0 1 0 0 0 1 4265.dat
1 7 90.45 -187 -35 1 0 0 0 1 0 0 0 1 4265.dat
1 7 -70.45 -187 -90 0 0 1 0 1 0 -1 0 0 3651.dat
1 7 70.45 -187 -90 0 0 -1 0 -1 0 -1 0 0 3651.dat
1 7 -90.45 -187 -110 1 0 0 0 1 0 0 0 1 3713.dat
1 7 90.45 -187 -110 1 0 0 0 1 0 0 0 1 3713.dat
1 14 169.34 -31.35 -140 0 0 -1 0 1 0 1 0 0 3482.dat
1 14 -170.66 -31.35 -140 0 0 -1 0 1 0 1 0 0 3482.dat
1 14 169.34 -31.35 140 0 0 -1 0 1 0 1 0 0 3482.dat
1 14 -170.66 -31.35 140 0 0 -1 0 1 0 1 0 0 3482.dat
1 256 169.34 -31.35 -140 0 0 -1 0 1 0 1 0 0 3483.dat
1 256 169.34 -31.35 140 0 0 -1 0 1 0 1 0 0 3483.dat
1 256 -170.66 -31.35 140 0 0 -1 0 1 0 1 0 0 3483.dat
1 256 -170.66 -31.35 -140 0 0 -1 0 1 0 1 0 0 3483.dat
1 0 169.34 -31.35 -140 1 0 0 0 1 0 0 0 1 4519.dat
1 0 169.34 -31.35 140 1 0 0 0 1 0 0 0 1 4519.dat
1 0 -170.66 -31.35 -140 1 0 0 0 1 0 0 0 1 4519.dat
1 0 -170.66 -31.35 140 1 0 0 0 1 0 0 0 1 4519.dat
1 0 0 -187 90 1 0 0 0 -1 0 0 0 -1 3707.dat
1 14 0 -277 60 -1 0 0 0 1 0 0 0 -1 3894.dat
1 0 0 -267 50 0 0 1 0 1 0 -1 0 0 3706.dat
1 7 0 -267 75 1 0 0 0 1 0 0 0 1 4265.dat
1 7 0 -267 40 1 0 0 0 1 0 0 0 1 4019.dat
1 7 0 -267 88 1 0 0 0 0 1 0 -1 0 2712.dat
1 7 34.641 -287 88 0 0.5 0.866 0 0.866 -0.5 -1 0 0 2736.dat
1 7 -34.641 -287 88 0 0.5 -0.866 0 -0.866 -0.5 -1 0 0 2736.dat
1 7 34.641 -287 77 0.866 0.5 0 -0.5 0.866 0 0 0 1 4265.dat
1 7 -34.641 -287 77 -0.866 0.5 0 -0.5 -0.866 0 0 0 1 4265.dat
1 14 30 -264.826 246.804 0 0 -1 -0.4938 0.8696 0 0.8696 0.4938 0 3703.dat
1 14 -30 -264.826 246.804 0 0 -1 -0.4938 0.8696 0 0.8696 0.4938 0 3703.dat
1 14 50 -285 40 0 0 -1 0 1 0 1 0 0 3623.dat
1 14 -50 -285 40 0 0 -1 0 1 0 1 0 0 3623.dat
1 0 40 -246.255 234.35 -1 0 0 0 0.8696 0.4938 0 0.4938 -0.8696 4459.dat
1 0 -40 -246.255 234.35 -1 0 0 0 0.8696 0.4938 0 0.4938 -0.8696 4459.dat
1 0 0 -187 130 -1 0 0 0 0.9 0.4359 0 0.4359 -0.9 3707.dat
1 7 70 -187 130 0 0 -1 -0.9 -0.4359 0 -0.4359 0.9 0 3713.dat
1 7 -70 -187 130 0 0 1 0.9 -0.4359 0 0.4359 0.9 0 3713.dat
1 14 -30 -295.386 575.4097 0 0 -1 -0.065518 0.997907 0 0.997907 0.065518 0 3701.dat
1 14 30 -295.386 575.4097 0 0 -1 -0.065518 0.997907 0 0.997907 0.065518 0 3701.dat
1 14 30 -303.369 574.8846 0 0 -1 -0.065518 0.997907 0 0.997907 0.065518 0 3710.dat
1 14 -30 -303.369 574.8846 0 0 -1 -0.065518 0.997907 0 0.997907 0.065518 0 3710.dat
1 7 20 -286.7185 596.022 -1 0 0 0 0.997907 0.065518 0 0.065518 -0.997907 4274.dat
1 7 -20 -286.7185 596.022 1 0 0 0 0.997907 -0.065518 0 0.065518 0.997907 4274.dat
1 14 -140 -312.0075 584.3395 1 0 0 0 0.997907 -0.065518 0 0.065518 0.997907 3585.dat
1 14 140 -312.0075 584.3395 1 0 0 0 0.997907 -0.065518 0 0.065518 0.997907 3586.dat
1 14 30 -335.3009 572.787 0 0 -1 -0.065518 0.997907 0 0.997907 0.065518 0 3701.dat
1 14 -30 -335.3009 572.787 0 0 -1 -0.065518 0.997907 0 0.997907 0.065518 0 3701.dat
1 7 20 -326.6334 593.4003 -1 0 0 0 0.997907 0.065518 0 0.065518 -0.997907 4274.dat
1 7 -20 -326.6334 593.4003 1 0 0 0 0.997907 -0.065518 0 0.065518 0.997907 4274.dat
1 7 -20 -324.011 553.485 1 0 0 0 0.997907 -0.065518 0 0.065518 0.997907 3673.dat
1 7 20 -324.011 553.485 1 0 0 0 0.997907 -0.065518 0 0.065518 0.997907 3673.dat
1 14 12 -306.6756 594.7117 0 1 0 -0.997504 0 -0.065021 -0.065021 0 0.997504 3623.dat
1 14 -12 -306.6756 594.7117 0 -1 0 0.997504 0 -0.065021 0.065021 0 0.997504 3623.dat
1 7 0 -252.2336 318.226 -1 0 0 0 -0.991178 -0.132769 0 -0.132769 0.991178 4273.dat
1 7 0 -246.9232 278.579 1 0 0 0 -0.991178 0.132769 0 -0.132769 -0.991178 4273.dat
1 0 0 -237.63 209.1969 0 0 -1 0.132769 -0.991178 0 -0.991178 -0.132769 0 3707.dat
1 0 0 -266.8373 427.2546 0 0 -1 0.132769 -0.991178 0 -0.991178 -0.132769 0 3708.dat
1 7 0 -281.4409 536.2842 1 0 0 0 -0.991178 0.132769 0 -0.132769 -0.991178 3651.dat
1 0 0 -284.0961 556.1077 1 0 0 0 -0.991178 0.132769 0 -0.132769 -0.991178 3705.dat
1 7 -15 -284.0961 556.1077 0 0 -1 0.132769 -0.991178 0 -0.991178 -0.132769 0 4265.dat
1 7 15 -284.0961 556.1077 0 0 1 -0.132769 -0.991178 0 0.991178 -0.132769 0 4265.dat
1 7 10 -249.5784 298.4025 1 0 0 0 -0.991178 0.132769 0 -0.132769 -0.991178 4274.dat
1 14 -10 -335.971 273.555 0 0 -1 0.007 1 0 1 -0.007 0 3894.dat
1 14 10 -334.291 513.555 0 0 -1 0.007 1 0 1 -0.007 0 3894.dat
1 14 -10 -334.711 453.555 0 0 -1 0.007 1 0 1 -0.007 0 3895.dat
1 14 10 -335.551 333.555 0 0 -1 0.007 1 0 1 -0.007 0 3895.dat
1 0 0 -326.111 253.485 -1 0 0 0 1 -0.007 0 -0.007 -1 4459.dat
1 0 0 -325.691 313.485 -1 0 0 0 1 -0.007 0 -0.007 -1 4459.dat
1 0 0 -325.411 353.485 -1 0 0 0 1 -0.007 0 -0.007 -1 4459.dat
1 0 -20 -325.271 373.485 -1 0 0 0 1 -0.007 0 -0.007 -1 4459.dat
1 0 20 -325.271 373.485 -1 0 0 0 1 -0.007 0 -0.007 -1 4459.dat
1 0 0 -324.851 433.485 -1 0 0 0 1 -0.007 0 -0.007 -1 4459.dat
1 0 0 -324.571 473.485 -1 0 0 0 1 -0.007 0 -0.007 -1 4459.dat
1 0 0 -324.151 533.485 -1 0 0 0 1 -0.007 0 -0.007 -1 4459.dat
1 14 0 -312.251 233.387 -1 0 0 0 1 -0.007 0 -0.007 -1 3020.dat
1 14 30 -336.251 233.555 0 0 -1 0.007 1 0 1 -0.007 0 3700.dat
1 14 -30 -336.251 233.555 0 0 -1 0.007 1 0 1 -0.007 0 3700.dat
1 14 0 -344.251 233.611 -1 0 0 0 1 -0.007 0 -0.007 -1 3020.dat
1 14 0 -343.061 403.611 0 0 1 -0.007 1 0 -1 -0.007 0 3021.dat
1 14 0 -343.691 313.611 0 0 1 -0.007 1 0 -1 -0.007 0 3795.dat
1 14 0 -342.781 443.611 -1 0 0 0 1 -0.007 0 -0.007 -1 3794.dat
1 14 0 -342.641 463.611 -1 0 0 0 1 -0.007 0 -0.007 -1 3794.dat
1 14 0 -342.501 483.611 -1 0 0 0 1 -0.007 0 -0.007 -1 3794.dat
1 14 0 -342.361 503.611 -1 0 0 0 1 -0.007 0 -0.007 -1 3794.dat
1 14 0 -342.221 523.611 -1 0 0 0 1 -0.007 0 -0.007 -1 3794.dat
1 14 0 -342.081 543.611 -1 0 0 0 1 -0.007 0 -0.007 -1 3794.dat
1 14 0 -341.941 563.611 -1 0 0 0 1 -0.007 0 -0.007 -1 3794.dat
1 14 0 -366.501 483.779 1 0 0 0 1 0.007 0 -0.007 1 4286.dat
1 14 0 -365.941 563.779 -1 0 0 0 1 -0.007 0 -0.007 -1 4287.dat
1 14 0 -366.221 523.779 0 0 -1 0.007 1 0 1 -0.007 0 3622.dat
1 4 0 -390.361 503.947 1 0 0 0 1 0.007 0 -0.007 1 3040.dat
1 14 0 -414.221 524.115 1 0 0 0 1 0.007 0 -0.007 1 3040.dat
1 14 0 -438.081 544.283 1 0 0 0 1 0.007 0 -0.007 1 3040.dat
1 14 0 -461.941 564.451 1 0 0 0 1 0.007 0 -0.007 1 3040.dat
1 14 0 -485.801 584.619 1 0 0 0 1 0.007 0 -0.007 1 3040.dat
1 14 0 -509.661 604.787 1 0 0 0 1 0.007 0 -0.007 1 3040.dat
1 4 0 -390.081 543.947 0 0 -1 0.007 1 0 1 -0.007 0 3622.dat
1 14 0 -413.941 564.115 0 0 -1 0.007 1 0 1 -0.007 0 3622.dat
1 14 0 -437.801 584.283 0 0 -1 0.007 1 0 1 -0.007 0 3622.dat
1 14 0 -461.661 604.451 0 0 -1 0.007 1 0 1 -0.007 0 3622.dat
1 14 0 -485.451 634.619 0 0 -1 0.007 1 0 1 -0.007 0 3010.dat
1 14 0 -509.451 634.787 0 0 -1 0.007 1 0 1 -0.007 0 3004.dat
1 4 0 -389.731 593.947 0 0 -1 0.007 1 0 1 -0.007 0 3004.dat
1 14 0 -413.661 604.115 -1 0 0 0 1 -0.007 0 -0.007 -1 3665.dat
1 14 0 -437.521 624.283 -1 0 0 0 1 -0.007 0 -0.007 -1 3665.dat
1 14 0 -461.381 644.451 -1 0 0 0 1 -0.007 0 -0.007 -1 3665.dat
1 14 0 -517.451 634.843 0 0 -1 0.007 1 0 1 -0.007 0 3710.dat
1 36 0 -509.241 664.787 0 0 -1 0.007 1 0 1 -0.007 0 3062.dat
1 14 50 -286.361 243.916 0 0 -1 0.9999 0.0108 0 0.0108 -0.9999 0 3894.dat
1 14 -50 -286.361 243.916 0 0 -1 0.9999 0.0108 0 0.0108 -0.9999 0 3894.dat
1 0 0 -326.25 233.484 -1 0 0 0 0.9999 0.0108 0 0.0108 -0.9999 3737.dat
1 0 40 -213 -40 1 0 0 0 1 0 0 0 1 2717.dat
1 0 0 -235 -30 1 0 0 0 1 0 0 0 1 4459.dat
1 0 -40 -213 -40 1 0 0 0 1 0 0 0 1 2717.dat
1 14 0 -333 -320 1 0 0 0 1 0 0 0 1 3666.dat
1 7 0 -325 -320 1 0 0 0 1 0 0 0 1 3701.dat
1 16 0 -315 -328 1 0 0 0 1 0 0 0 1 2742.dat
1 14 70 -365.253 186.807 0 0 -1 0.5062 0.8624 0 0.8624 -0.5062 0 3702.dat
1 14 -70 -365.253 186.807 0 0 -1 0.5062 0.8624 0 0.8624 -0.5062 0 3702.dat
1 7 90 -326.25 233.484 0 0 -1 0.9999 0.0108 0 0.0108 -0.9999 0 3713.dat
1 7 -90 -326.25 233.484 0 0 1 -0.9999 0.0108 0 -0.0108 -0.9999 0 3713.dat
1 14 0 -397 -40 1 0 0 0 1 0 0 0 1 3703.dat
1 14 240 -397 -20 1 0 0 0 1 0 0 0 1 3703.dat
1 14 560 -397 -20 1 0 0 0 1 0 0 0 1 3703.dat
1 14 -240 -397 -20 1 0 0 0 1 0 0 0 1 3703.dat
1 14 -560 -397 -20 1 0 0 0 1 0 0 0 1 3703.dat
1 14 -240 -397 40 1 0 0 0 1 0 0 0 1 3703.dat
1 14 -560 -397 40 1 0 0 0 1 0 0 0 1 3703.dat
1 14 0 -397 60 1 0 0 0 1 0 0 0 1 3703.dat
1 14 240 -397 40 1 0 0 0 1 0 0 0 1 3703.dat
1 14 560 -397 40 1 0 0 0 1 0 0 0 1 3703.dat
1 7 400 -397 0 1 0 0 0 1 0 0 0 1 3894.dat
1 7 400 -397 20 1 0 0 0 1 0 0 0 1 3894.dat
1 7 -400 -397 0 1 0 0 0 1 0 0 0 1 3894.dat
1 7 -400 -397 20 1 0 0 0 1 0 0 0 1 3894.dat
1 0 -140 -387 -30 0 0 -1 0 1 0 1 0 0 4459.dat
1 0 -100 -387 -30 0 0 -1 0 1 0 1 0 0 4459.dat
1 0 100 -387 -30 0 0 -1 0 1 0 1 0 0 4459.dat
1 0 140 -387 -30 0 0 -1 0 1 0 1 0 0 4459.dat
1 0 -140 -387 50 0 0 -1 0 1 0 1 0 0 4459.dat
1 0 -100 -387 50 0 0 -1 0 1 0 1 0 0 4459.dat
1 0 100 -387 50 0 0 -1 0 1 0 1 0 0 4459.dat
1 0 140 -387 50 0 0 -1 0 1 0 1 0 0 4459.dat
1 0 360 -387 -10 0 0 -1 0 1 0 1 0 0 4459.dat
1 0 380 -387 -10 0 0 -1 0 1 0 1 0 0 4459.dat
1 0 420 -387 -10 0 0 -1 0 1 0 1 0 0 4459.dat
1 0 440 -387 -10 0 0 -1 0 1 0 1 0 0 4459.dat
1 0 440 -387 30 0 0 -1 0 1 0 1 0 0 4459.dat
1 0 420 -387 30 0 0 -1 0 1 0 1 0 0 4459.dat
1 0 380 -387 30 0 0 -1 0 1 0 1 0 0 4459.dat
1 0 360 -387 30 0 0 -1 0 1 0 1 0 0 4459.dat
1 0 -360 -387 30 0 0 -1 0 1 0 1 0 0 4459.dat
1 0 -380 -387 30 0 0 -1 0 1 0 1 0 0 4459.dat
1 0 -420 -387 30 0 0 -1 0 1 0 1 0 0 4459.dat
1 0 -440 -387 30 0 0 -1 0 1 0 1 0 0 4459.dat
1 0 -420 -387 -10 0 0 -1 0 1 0 1 0 0 4459.dat
1 0 -440 -387 -10 0 0 -1 0 1 0 1 0 0 4459.dat
1 0 -380 -387 -10 0 0 -1 0 1 0 1 0 0 4459.dat
1 0 -360 -387 -10 0 0 -1 0 1 0 1 0 0 4459.dat
1 0 -400 -387 10 0 0 -1 0 1 0 1 0 0 4459.dat
1 0 400 -387 10 0 0 -1 0 1 0 1 0 0 4459.dat
1 14 710 -373 10 0 0 1 0 1 0 -1 0 0 3460.dat
1 14 710 -397 -70 0 0 1 0 1 0 -1 0 0 2743.dat
1 14 710 -397 90 0 0 -1 0 1 0 1 0 0 2744.dat
1 14 470 -397 90 0 0 -1 0 1 0 1 0 0 2744.dat
1 14 350 -397 90 0 0 -1 0 1 0 1 0 0 2744.dat
1 14 230 -397 90 0 0 -1 0 1 0 1 0 0 2744.dat
1 14 -230 -397 90 0 0 -1 0 1 0 1 0 0 2744.dat
1 14 -350 -397 90 0 0 -1 0 1 0 1 0 0 2744.dat
1 14 -470 -397 90 0 0 -1 0 1 0 1 0 0 2744.dat
1 14 -710 -397 90 0 0 -1 0 1 0 1 0 0 2744.dat
1 14 470 -397 -70 0 0 1 0 1 0 -1 0 0 2743.dat
1 14 350 -397 -70 0 0 1 0 1 0 -1 0 0 2743.dat
1 14 230 -397 -70 0 0 1 0 1 0 -1 0 0 2743.dat
1 14 -230 -397 -70 0 0 1 0 1 0 -1 0 0 2743.dat
1 14 -350 -397 -70 0 0 1 0 1 0 -1 0 0 2743.dat
1 14 -470 -397 -70 0 0 1 0 1 0 -1 0 0 2743.dat
1 14 -710 -397 -70 0 0 1 0 1 0 -1 0 0 2743.dat
1 14 470 -373 10 0 0 1 0 1 0 -1 0 0 3460.dat
1 14 350 -373 10 0 0 1 0 1 0 -1 0 0 3460.dat
1 14 230 -373 10 0 0 1 0 1 0 -1 0 0 3460.dat
1 14 -230 -373 10 0 0 1 0 1 0 -1 0 0 3460.dat
1 14 -350 -373 10 0 0 1 0 1 0 -1 0 0 3460.dat
1 14 -470 -373 10 0 0 1 0 1 0 -1 0 0 3460.dat
1 14 -710 -373 10 0 0 1 0 1 0 -1 0 0 3460.dat
1 14 -590 -397 -70 0 0 1 0 1 0 -1 0 0 2743.dat
1 14 590 -397 -70 0 0 1 0 1 0 -1 0 0 2743.dat
1 14 590 -373 -10 0 0 1 0 1 0 -1 0 0 3666.dat
1 14 -590 -373 -10 0 0 1 0 1 0 -1 0 0 3666.dat
1 14 470 -405 10 0 0 1 0 1 0 -1 0 0 3460.dat
1 14 350 -405 10 0 0 1 0 1 0 -1 0 0 3460.dat
1 14 230 -405 10 0 0 1 0 1 0 -1 0 0 3460.dat
1 14 -230 -405 10 0 0 1 0 1 0 -1 0 0 3460.dat
1 14 -350 -405 10 0 0 1 0 1 0 -1 0 0 3460.dat
1 14 -470 -405 10 0 0 1 0 1 0 -1 0 0 3460.dat
1 36 710 -397 10 0 0 1 0 1 0 -1 0 0 3065.dat
1 34 -710 -397 10 0 0 1 0 1 0 -1 0 0 3065.dat
1 14 0 -373 80 0 0 1 0 1 0 -1 0 0 3021.dat
1 14 590 -405 -10 0 0 1 0 1 0 -1 0 0 3666.dat
1 14 -590 -405 -10 0 0 1 0 1 0 -1 0 0 3666.dat
1 14 710 -405 10 0 0 1 0 1 0 -1 0 0 3460.dat
1 14 -710 -405 10 0 0 1 0 1 0 -1 0 0 3460.dat
1 0 700 -387 70 -1 0 0 0 0.9645 -0.264 0 -0.264 -0.9645 4519.dat
1 0 -700 -387 70 -1 0 0 0 0.9645 -0.264 0 -0.264 -0.9645 4519.dat
1 7 725 -387 70 0 0 1 -0.264 0.9645 0 -0.9645 -0.264 0 4265.dat
1 7 695 -387 70 0 0 1 -0.264 0.9645 0 -0.9645 -0.264 0 4265.dat
1 7 -695 -387 70 0 0 -1 0.264 0.9645 0 0.9645 -0.264 0 4265.dat
1 7 -725 -387 70 0 0 -1 0.264 0.9645 0 0.9645 -0.264 0 4265.dat
1 0 410 -387 70 -1 0 0 0 0.9645 -0.264 0 -0.264 -0.9645 3737.dat
1 0 260 -387 90 -1 0 0 0 0.9921 -0.1252 0 -0.1252 -0.9921 3737.dat
1 0 -410 -387 70 -1 0 0 0 0.9645 -0.264 0 -0.264 -0.9645 3737.dat
1 0 -260 -387 90 -1 0 0 0 0.9921 -0.1252 0 -0.1252 -0.9921 3737.dat
1 7 -485 -387 70 0 0 1 -0.264 0.9645 0 -0.9645 -0.264 0 4265.dat
1 7 485 -387 70 0 0 -1 0.264 0.9645 0 0.9645 -0.264 0 4265.dat
1 7 332 -387 70 0 0 1 -0.264 0.9645 0 -0.9645 -0.264 0 3647.dat
1 7 332 -387 90 0 0 1 -0.1252 0.9921 0 -0.9921 -0.1252 0 3647.dat
1 7 -332 -387 70 0 0 1 -0.264 0.9645 0 -0.9645 -0.264 0 3647.dat
1 7 -332 -387 90 0 0 1 -0.1252 0.9921 0 -0.9921 -0.1252 0 3647.dat
1 0 60 -387 90 -1 0 0 0 0.9921 -0.1252 0 -0.1252 -0.9921 3706.dat
1 7 30 -384.4968 109.8427 1 0 0 0 0.9921 0.1252 0 -0.1252 0.9921 4273.dat
1 7 34 -387 90 0 0 -1 0.1252 0.9921 0 0.9921 -0.1252 0 4265.dat
1 7 70 -387 90 0 0 1 -0.1252 0.9921 0 -0.9921 -0.1252 0 3713.dat
1 7 30 -383.2452 119.7641 0 0 1 -0.1252 0.9921 0 -0.9921 -0.1252 0 2736.dat
1 14 10 -397 90 0 0 -1 0 1 0 1 0 0 3700.dat
1 14 90 -397 110 0 0 -1 0 1 0 1 0 0 2744.dat
1 7 110 -387 90 0 0 -1 -0.9921 0.1252 0 0.1252 0.9921 0 3712.dat
1 7 140 -387 90 0 0 -1 -0.9921 0.1252 0 0.1252 0.9921 0 3326.dat
1 7 170 -387 90 0 0 1 -0.1252 0.9921 0 -0.9921 -0.1252 0 3712.dat
1 0 80 -387 130 -1 0 0 0 1 0 0 0 -1 4459.dat
1 0 -60 -387 90 1 0 0 0 -0.9921 -0.1252 0 0.1252 -0.9921 3706.dat
1 7 -30 -384.4968 109.8427 -1 0 0 0 -0.9921 0.1252 0 0.1252 0.9921 4273.dat
1 7 -34 -387 90 0 0 1 0.1252 -0.9921 0 0.9921 0.1252 0 4265.dat
1 7 -70 -387 90 0 0 -1 -0.1252 -0.9921 0 -0.9921 0.1252 0 3713.dat
1 7 -30 -383.2452 119.7641 0 0 -1 -0.1252 -0.9921 0 -0.9921 0.1252 0 2736.dat
1 14 -10 -397 90 0 0 1 0 1 0 -1 0 0 3700.dat
1 14 -90 -397 110 0 0 -1 0 1 0 1 0 0 2744.dat
1 7 -110 -387 90 0 0 1 0.9921 0.1252 0 -0.1252 0.9921 0 3712.dat
1 7 -140 -387 90 0 0 1 0.9921 0.1252 0 -0.1252 0.9921 0 3326.dat
1 7 -170 -387 90 0 0 -1 -0.1252 -0.9921 0 -0.9921 0.1252 0 3712.dat
1 0 -80 -387 130 1 0 0 0 -1 0 0 0 -1 4459.dat
1 7 680 -387 70 0 0 1 -0.9645 -0.264 0 0.264 -0.9645 0 4273.dat
1 7 500 -387 70 0 0 -1 -0.9645 0.264 0 0.264 0.9645 0 4273.dat
1 7 -680 -387 70 0 0 -1 -0.9645 0.264 0 0.264 0.9645 0 4273.dat
1 7 -500 -387 70 0 0 1 -0.9645 -0.264 0 0.264 -0.9645 0 4273.dat
1 14 590 -383.399 79.386 1 0 0 0 0.965 0.264 0 -0.264 0.965 3795.dat
1 7 590 -393.759 71.848 1 0 0 0 0.965 0.264 0 -0.264 0.965 4442.dat
1 14 590 -380.559 120.098 1 0 0 0 0.965 0.264 0 -0.264 0.965 3030.dat
1 7 660 -395.689 72.376 0 1 0 -0.965 0 0.264 0.264 0 0.965 4274.dat
1 7 520 -395.689 72.376 0 1 0 -0.965 0 0.264 0.264 0 0.965 4274.dat
1 14 -590 -383.399 79.386 1 0 0 0 0.965 0.264 0 -0.264 0.965 3795.dat
1 7 -590 -393.759 71.848 1 0 0 0 0.965 0.264 0 -0.264 0.965 4442.dat
1 14 -590 -380.559 120.098 1 0 0 0 0.965 0.264 0 -0.264 0.965 3030.dat
1 7 -520 -395.689 72.376 0 1 0 -0.965 0 0.264 0.264 0 0.965 4274.dat
1 7 -660 -395.689 72.376 0 1 0 -0.965 0 0.264 0.264 0 0.965 4274.dat
1 14 0 -405 80 0 0 1 0 1 0 -1 0 0 3021.dat
1 14 90 -405 10 0 0 1 0 1 0 -1 0 0 4477.dat
1 14 -90 -405 10 0 0 1 0 1 0 -1 0 0 4477.dat
1 0 34.641 -287 100 -0.999 -0.0143 -0.0427 0.045 -0.3167 -0.9475 0.0001 -0.9483 0.3171 2739.dat
1 0 -34.641 -287 100 -0.999 0.0143 0.0427 -0.045 -0.3167 -0.9475 -0.0001 -0.9483 0.3171 2739.dat
