0 
0 Name: New Model.ldr
0 Author: 
1 7 -54.279 -26 12.055 -0.866 0 0.5 0 1 0 -0.5 0 -0.866 2508.dat
1 7 -39.279 -26.25 -13.925 -0.866 0 0.5 0 1 0 -0.5 0 -0.866 4859.dat
1 7 0.721 -26.25 -83.205 -0.5 0 -0.866 0 1 0 0.866 0 -0.5 3795.dat
1 0 -47.939 -34.25 -18.925 -0.5 0 -0.866 0 1 0 0.866 0 -0.5 2431.dat
1 0 -30.619 -34.25 -8.925 -0.5 0 -0.866 0 1 0 0.866 0 -0.5 2431.dat
1 0 -4.279 -34.25 -74.545 -0.866 0 0.5 0 1 0 -0.5 0 -0.866 3794.dat
1 0 15.721 -34.25 -109.185 -0.866 0 0.5 0 1 0 -0.5 0 -0.866 3794.dat
1 0 -39.279 -18.25 -13.925 -0.5 0 -0.866 0 1 0 0.866 0 -0.5 3020.dat
1 0 -9.279 -18.25 -65.885 -0.866 0 0.5 0 1 0 -0.5 0 -0.866 4600.dat
1 7 -2.939 -14.25 -96.865 0.5 0 0.866 0 1 0 -0.866 0 0.5 4081.dat
1 7 14.381 -14.25 -86.865 -0.5 0 -0.866 0 1 0 0.866 0 -0.5 4081.dat
1 0 25.721 -50.25 -126.505 -0.866 0 0.5 0 1 0 -0.5 0 -0.866 4865.dat
1 7 19.299 -15 -49.385 -0.5 0 -0.866 0 1 0 0.866 0 -0.5 4624.dat
1 0 18.866 -14.25 -49.635 -0.866 0 0.5 0 1 0 -0.5 0 -0.866 3139.dat
1 7 -37.857 -15 -82.385 0.5 0 0.866 0 1 0 -0.866 0 0.5 4624.dat
1 0 -37.424 -14.25 -82.135 0.866 0 -0.5 0 1 0 0.5 0 0.866 3139.dat
1 36 -14.259 -12.25 -117.257 0.866 -0.5 0 0 0 -1 0.5 0.866 0 6141.dat
1 36 37.701 -12.25 -87.257 0.866 -0.5 0 0 0 -1 0.5 0.866 0 6141.dat
1 15 -40.1005 -56 -13.2227 -0.866 0 0.5 0 1 0 -0.5 0 -0.866 4855.dat
1 15 -25.1005 -56 -39.2027 -0.5 0 -0.866 0 1 0 0.866 0 -0.5 4871.dat
1 15 4.8995 -56 -91.1627 -0.5 0 -0.866 0 1 0 0.866 0 -0.5 4854.dat
1 0 -35.1005 -48 -21.8827 -0.5 0 -0.866 0 1 0 0.866 0 -0.5 3022.dat
1 0 1.2381 -64 -104.8223 0.866 0 -0.5 0 1 0 0.5 0 0.866 4070.dat
1 0 18.5581 -64 -94.8223 0.866 0 -0.5 0 1 0 0.5 0 0.866 4070.dat
1 0 -41.0805 -64 -71.5227 -0.5 0 -0.866 0 1 0 0.866 0 -0.5 3666.dat
1 0 10.8795 -64 -41.5227 -0.5 0 -0.866 0 1 0 0.866 0 -0.5 3666.dat
1 0 -6.0805 -64 -132.1427 -0.5 0 -0.866 0 1 0 0.866 0 -0.5 3024.dat
1 0 45.8795 -64 -102.1427 -0.5 0 -0.866 0 1 0 0.866 0 -0.5 3024.dat
1 0 -45.1005 -72 -4.5627 -0.5 0 -0.866 0 1 0 0.866 0 -0.5 3003.dat
1 7 33.5595 -54 -120.8027 0 -0.5 -0.866 -1 0 0 0 0.866 -0.5 4589.dat
1 7 16.2395 -54 -130.8027 0 -0.5 -0.866 -1 0 0 0 0.866 -0.5 4589.dat
1 4 -30.1005 -56 -30.5427 -0.866 0 0.5 0 1 0 -0.5 0 -0.866 3829.dat
1 0 -65.1005 -64 30.0773 -0.866 0 0.5 0 1 0 -0.5 0 -0.866 4859.dat
1 15 -65.1005 -72 30.0773 -0.866 0 0.5 0 1 0 -0.5 0 -0.866 4859.dat
1 15 -41.0805 -72 -71.5227 -0.5 0 -0.866 0 1 0 0.866 0 -0.5 3666.dat
1 15 19.8981 -72 -117.1423 -0.866 0 0.5 0 1 0 -0.5 0 -0.866 3710.dat
1 15 10.8795 -72 -41.5227 -0.5 0 -0.866 0 1 0 0.866 0 -0.5 3666.dat
1 0 9.899 -72 -99.8218 -0.866 0 0.5 0 1 0 -0.5 0 -0.866 2412.dat
1 15 -50.1005 -80 4.0973 -0.866 0 0.5 0 1 0 -0.5 0 -0.866 3069.dat
1 41 -30.1005 -104 -30.5427 -0.866 0 0.5 0 1 0 -0.5 0 -0.866 2437.dat
1 14 4.8995 -80 -91.1627 -0.866 0 0.5 0 1 0 -0.5 0 -0.866 2610.dat
