0 
0 Name: New Model.ldr
0 Author: 
1 0 300 -18.992 69.715 1 0 0 0 0.998372 -0.057041 0 0.057041 0.998372 6157.dat
1 0 300 -19.562 79.699 -1 0 0 0 0.998372 0.057041 0 0.057041 -0.998372 48336.dat
1 0 300 -18.421 59.731 1 0 0 0 0.998372 -0.057041 0 0.057041 0.998372 3023.dat
1 0 300 -15.569 9.812 1 0 0 0 0.998372 -0.057041 0 0.057041 0.998372 3031.dat
1 0 300 -12.717 -40.106 1 0 0 0 0.998372 -0.057041 0 0.057041 0.998372 3023.dat
1 0 300 -18.993 -70.514 1 0 0 0 0.998372 -0.057041 0 0.057041 0.998372 6157.dat
1 14 270 -24.127 19.34 0 0 1 0.057041 0.998372 0 -0.998372 0.057041 0 3623.dat
1 14 330 -24.127 19.34 0 0 1 0.057041 0.998372 0 -0.998372 0.057041 0 3623.dat
1 14 300 -23.556 9.356 0 0 1 0.057041 0.998372 0 -0.998372 0.057041 0 3034.dat
1 14 270 -21.845 -20.595 0 0 1 0.057041 0.998372 0 -0.998372 0.057041 0 6019.dat
1 14 330 -21.845 -20.595 0 0 -1 -0.057041 0.998372 0 0.998372 0.057041 0 6019.dat
1 14 300 -34.395 58.818 1 0 0 0 0.998372 -0.057041 0 0.057041 0.998372 3023.dat
1 14 300 -33.255 38.851 1 0 0 0 0.998372 -0.057041 0 0.057041 0.998372 3794.dat
1 14 270 -32.684 28.867 0 0 -1 -0.057041 0.998372 0 0.998372 0.057041 0 50947.dat
1 14 330 -32.684 28.867 0 0 -1 -0.057041 0.998372 0 0.998372 0.057041 0 50947.dat
1 14 300 -32.114 18.884 1 0 0 0 0.998372 -0.057041 0 0.057041 0.998372 3794.dat
1 14 280 -30.973 -1.084 1 0 0 0 0.998372 -0.057041 0 0.057041 0.998372 3794.dat
1 14 320 -30.973 -1.084 1 0 0 0 0.998372 -0.057041 0 0.057041 0.998372 3794.dat
1 14 300 -28.691 -41.019 1 0 0 0 0.998372 -0.057041 0 0.057041 0.998372 3023.dat
1 0 300 -26.98 -70.97 1 0 0 0 0.998372 -0.057041 0 0.057041 0.998372 50946.dat
1 14 300 -42.382 58.362 1 0 0 0 0.998372 -0.057041 0 0.057041 0.998372 3023.dat
1 14 300 -41.242 38.395 1 0 0 0 0.998372 -0.057041 0 0.057041 0.998372 3623.dat
1 80 300 -60.069 -52.828 1 0 0 0 0.998372 -0.057041 0 0.057041 0.998372 50943.dat
1 14 290 -58.356 57.449 -1 0 0 0 0.998372 0.057041 0 0.057041 -0.998372 6091.dat
1 14 310 -58.356 57.449 -1 0 0 0 0.998372 0.057041 0 0.057041 -0.998372 6091.dat
1 14 290 -45.806 -21.964 0 0 1 0.057041 0.998372 0 -0.998372 0.057041 0 4070.dat
1 14 310 -45.806 -21.964 0 0 -1 -0.057041 0.998372 0 0.998372 0.057041 0 4070.dat
1 41 250 -20.191 -14.491 0 -1 0 0.998 0 -0.057 0.057 0 0.998 6126.dat
1 41 350 -20.191 -14.491 0 1 0 -0.998 0 -0.057 -0.057 0 0.998 6126.dat
1 14 284 -35.822 -21.394 0 1 0 -0.998372 0 -0.057041 -0.057041 0 0.998372 54200.dat
1 14 316 -35.822 -21.394 0 -1 0 0.998372 0 -0.057041 0.057041 0 0.998372 54200.dat
1 14 300 -58.356 57.449 1 0 0 0 0.998372 -0.057041 0 0.057041 0.998372 3023.dat
1 14 300 -55.504 7.531 1 0 0 0 0.998372 -0.057041 0 0.057041 0.998372 3002.dat
1 14 300 -53.793 -22.42 1 0 0 0 0.998372 -0.057041 0 0.057041 0.998372 2412.dat
1 14 280 -72.049 16.602 -1 0 0 0 0.998372 0.057041 0 0.057041 -0.998372 6091.dat
1 14 300 -72.049 16.602 -1 0 0 0 0.998372 0.057041 0 0.057041 -0.998372 6091.dat
1 14 320 -72.049 16.602 -1 0 0 0 0.998372 0.057041 0 0.057041 -0.998372 6091.dat
1 0 300 -62.921 -2.909 1 0 0 0 0.998372 -0.057041 0 0.057041 0.998372 3623.dat
1 14 280 -71.478 6.618 0 0 1 0.057041 0.998372 0 -0.998372 0.057041 0 3069.dat
1 14 300 -71.478 6.618 0 0 1 0.057041 0.998372 0 -0.998372 0.057041 0 3069.dat
1 14 320 -71.478 6.618 0 0 1 0.057041 0.998372 0 -0.998372 0.057041 0 3069.dat
1 7 258 -14 70 0 0 1 0.057041 0.998372 0 -0.998372 0.057041 0 30027.dat
1 7 342 -14 70 0 0 -1 -0.057041 0.998372 0 0.998372 0.057041 0 30027.dat
1 7 260 -14.001 -70.228 0 0 1 0.057041 0.998372 0 -0.998372 0.057041 0 4624.dat
1 7 340 -14.001 -70.228 0 0 -1 -0.057041 0.998372 0 0.998372 0.057041 0 4624.dat
1 256 253 -14 70 1 0 0 0 0.998372 -0.057041 0 0.057041 0.998372 30028.dat
1 256 337 -14 70 1 0 0 0 0.998372 -0.057041 0 0.057041 0.998372 30028.dat
1 256 260 -14.001 -70.228 0 0 1 0.057041 0.998372 0 -0.998372 0.057041 0 59895.dat
1 256 340 -14.001 -70.228 0 0 1 0.057041 0.998372 0 -0.998372 0.057041 0 59895.dat
