0 Main
0 Name: 6890 - Cosmic Cruiser.mpd
0 Author: LTRON
1 15 271 -133 240 0.914 0.407 0 -0.395 0.886 0.242 0.098 -0.221 0.97 4212.dat
1 0 255.976 -98.652 313.872 0.914 0.407 0 -0.395 0.886 0.242 0.098 -0.221 0.97 4229.dat
1 0 292.536 -114.452 317.792 0.914 0.407 0 -0.395 0.886 0.242 0.098 -0.221 0.97 4229.dat
1 0 274.256 -145.272 160.632 0.914 0.407 0 -0.395 0.886 0.242 0.098 -0.221 0.97 4229.dat
1 15 243.58 -104.21 304.96 0.914 0.407 0 -0.395 0.886 0.242 0.098 -0.221 0.97 3024.dat
1 15 298.42 -127.91 310.84 0.914 0.407 0 -0.395 0.886 0.242 0.098 -0.221 0.97 3024.dat
1 15 252.092 -130.954 321.924 0 0.407 0.914 -0.242 0.886 -0.395 -0.97 -0.221 0.098 3039.dat
1 15 270.372 -138.854 323.884 0 0.407 -0.914 0.242 0.886 0.395 0.97 -0.221 -0.098 3039.dat
1 15 261.232 -142.164 293.804 -0.914 0.407 0 0.395 0.886 -0.242 -0.098 -0.221 -0.97 3004.dat
1 15 267.744 -147.348 212.668 0.914 0.407 0 -0.395 0.886 0.242 0.098 -0.221 0.97 3829.dat
1 15 261.232 -166.364 196.804 0.914 0.407 0 -0.395 0.886 0.242 0.098 -0.221 0.97 3298.dat
1 15 242.324 -154.638 317.528 0 0.407 0.914 -0.242 0.886 -0.395 -0.97 -0.221 0.098 3622.dat
1 15 260.604 -162.538 319.488 0 0.407 0.914 -0.242 0.886 -0.395 -0.97 -0.221 0.098 3622.dat
1 0 259.604 -133.608 343.188 -0.914 0 0.407 0.395 0.242 0.886 -0.098 0.97 -0.221 3956.dat
1 0 259.604 -131.672 350.948 -0.914 0 0.407 0.395 0.242 0.886 -0.098 0.97 -0.221 3943.dat
1 15 239.068 -166.566 299.896 0 0.407 0.914 -0.242 0.886 -0.395 -0.97 -0.221 0.098 4081.dat
1 15 257.348 -174.466 301.856 0 0.407 -0.914 0.242 0.886 0.395 0.97 -0.221 -0.098 4081.dat
1 36 221.602 -159.314 287.794 -0.914 0 0.407 0.395 0.242 0.886 -0.098 0.97 -0.221 6141.dat
1 36 276.442 -183.014 293.674 -0.914 0 0.407 0.395 0.242 0.886 -0.098 0.97 -0.221 6141.dat
1 15 238.44 -182.1 344.98 0.914 0.407 0 -0.395 0.886 0.242 0.098 -0.221 0.97 3298.dat
1 0 235.184 -189.188 346.748 -0.914 0.407 0 0.395 0.886 -0.242 -0.098 -0.221 -0.97 3839.dat
1 4 273.849 -124.862 246.213 0.914 -0.021164 0.406593 -0.395 -0.28783 0.87253 0.098 -0.957538 -0.271219 3816.dat
