0 Main
0 Name: 6984-1 - Galactic Mediator.mpd
0 Author: LTRON
1 0 0 0 0 0 0 -1 0 1 0 1 0 0 3036.dat
1 0 -60 8 -40 -1 0 0 0 1 0 0 0 -1 4229.dat
1 0 60 8 -40 -1 0 0 0 1 0 0 0 -1 4229.dat
1 0 -60 8 60 -1 0 0 0 1 0 0 0 -1 4229.dat
1 0 60 8 60 -1 0 0 0 1 0 0 0 -1 4229.dat
1 0 -70 0 -40 0 0 1 0 1 0 -1 0 0 3023.dat
1 0 70 0 -40 0 0 1 0 1 0 -1 0 0 3023.dat
1 0 -70 0 60 0 0 1 0 1 0 -1 0 0 3710.dat
1 0 70 0 60 0 0 1 0 1 0 -1 0 0 3710.dat
1 0 80 -8 -20 1 0 0 0 1 0 0 0 1 3933.dat
1 0 -80 -8 -20 1 0 0 0 1 0 0 0 1 3934.dat
1 0 0 -24 70 1 0 0 0 1 0 0 0 1 3010.dat
1 0 60 -24 80 0 0 -1 0 1 0 1 0 0 4730.dat
1 0 -60 -24 80 0 0 -1 0 1 0 1 0 0 4730.dat
1 7 0 -32 -80 -1 0 0 0 1 0 0 0 -1 6058.dat
1 4 50 -32 0 0 0 -1 0 1 0 1 0 0 3009.dat
1 4 -50 -32 0 0 0 -1 0 1 0 1 0 0 3009.dat
1 7 -30 -40 -50 0 0 -1 0 1 0 1 0 0 3024.dat
1 7 30 -40 -50 0 0 -1 0 1 0 1 0 0 3024.dat
1 0 0 -32 80 1 0 0 0 1 0 0 0 1 3034.dat
1 7 0 -40 90 1 0 0 0 1 0 0 0 1 3460.dat
1 7 80 -40 0 1 0 0 0 1 0 0 0 1 3933.dat
1 7 -80 -40 0 1 0 0 0 1 0 0 0 1 3934.dat
1 7 0 -64 -50 1 0 0 0 1 0 0 0 1 3009.dat
1 34 -40 -112 90 1 0 0 0 1 0 0 0 1 2362.dat
1 34 20 -112 90 1 0 0 0 1 0 0 0 1 4215.dat
1 0 70 -88 80 0 0 -1 0 1 0 1 0 0 4864.dat
1 0 -70 -88 80 0 0 1 0 1 0 -1 0 0 4864.dat
1 7 0 -72 -50 1 0 0 0 1 0 0 0 1 3710.dat
1 7 0 -80 -50 1 0 0 0 1 0 0 0 1 3710.dat
1 7 -60 -88 20 0 0 -1 0 1 0 1 0 0 6061.dat
1 7 60 -88 20 0 0 -1 0 1 0 1 0 0 6061.dat
1 0 70 -112 90 0 0 -1 0 1 0 1 0 0 4070.dat
1 0 -70 -112 90 0 0 1 0 1 0 -1 0 0 4070.dat
1 7 0 -32 -190 -1 0 0 0 1 0 0 0 -1 3039.dat
1 0 -60 -112 70 1 0 0 0 1 0 0 0 1 3298.dat
1 0 60 -112 70 1 0 0 0 1 0 0 0 1 3298.dat
1 34 60 -64 -30 0 0 -1 0 1 0 1 0 0 2463.dat
1 34 -50 -64 -40 1 0 0 0 1 0 0 0 1 2463.dat
1 0 80 -68 20 0 1 0 1 0 0 0 0 -1 4229.dat
1 0 -80 -68 20 0 -1 0 -1 0 0 0 0 -1 4229.dat
1 7 0 -136 90 -1 0 0 0 1 0 0 0 -1 3660.dat
1 0 0 -32 -240 1 0 0 0 1 0 0 0 1 4859.dat
1 0 -30 -32 -190 0 0 1 0 1 0 -1 0 0 6019.dat
1 0 30 -32 -190 0 0 -1 0 1 0 1 0 0 6019.dat
1 0 -30 -32 -170 0 0 -1 0 1 0 1 0 0 3024.dat
1 0 30 -32 -170 0 0 -1 0 1 0 1 0 0 3024.dat
1 0 -30 -32 -150 0 0 1 0 1 0 -1 0 0 4081.dat
1 0 30 -32 -150 0 0 -1 0 1 0 1 0 0 4081.dat
1 4 50 -30 -162 -1 0 0 0 0 1 0 1 0 3957.dat
1 4 -50 -30 -162 -1 0 0 0 0 1 0 1 0 3957.dat
1 0 0 -88 -50 1 0 0 0 1 0 0 0 1 4315.dat
1 7 30 -136 80 0 0 -1 0 1 0 1 0 0 3298.dat
1 7 -30 -136 80 0 0 1 0 1 0 -1 0 0 3298.dat
1 34 0 -84 -64 1 0 0 0 1 0 0 0 1 2507.dat
1 0 -60 -96 10 1 0 0 0 1 0 0 0 1 2412.dat
1 0 60 -96 10 1 0 0 0 1 0 0 0 1 2412.dat
1 0 -50 -96 -10 -1 0 0 0 1 0 0 0 -1 2420.dat
1 0 50 -96 -10 0 0 1 0 1 0 -1 0 0 2420.dat
1 0 0 -144 90 -1 0 0 0 1 0 0 0 -1 3710.dat
1 0 0 -144 70 1 0 0 0 1 0 0 0 1 4315.dat
1 34 0 -140 56 1 0 0 0 1 0 0 0 1 2507.dat
1 0 0 -152 80 1 0 0 0 1 0 0 0 1 3068.dat
1 0 0 -61.25 -92.431 0.766044 0 0.642788 -0.177176 0.961262 0.21115 -0.617887 -0.275637 0.736369 2446.dat
1 34 2.9543 -58.4493 -89.5715 0.766044 -0.45452 0.45452 -0.177176 0.530409 0.829021 -0.617887 -0.715597 0.325787 2447.dat
1 14 0 -61.25 -92.431 0.766044 0 0.642788 -0.177176 0.961262 0.21115 -0.617887 -0.275637 0.736369 3626.dat
1 0 0 -35.296 -99.873 1 0 0 0 0.961262 0.275637 0 -0.275637 0.961262 3838.dat
1 15 0 -35.296 -99.873 1 0 0 0 0.961262 0.275637 0 -0.275637 0.961262 973.dat
1 0 0 0 220 0 0 -1 0 1 0 1 0 0 3028.dat
1 0 -70 0 120 0 0 -1 0 1 0 1 0 0 3023.dat
1 0 70 0 120 0 0 -1 0 1 0 1 0 0 3023.dat
1 0 -60 -24 110 1 0 0 0 1 0 0 0 1 3700.dat
1 0 60 -24 110 1 0 0 0 1 0 0 0 1 3700.dat
1 0 -50 -24 130 0 0 -1 0 1 0 1 0 0 2357.dat
1 0 50 -24 130 1 0 0 0 1 0 0 0 1 2357.dat
1 0 -50 -24 240 0 0 -1 0 1 0 1 0 0 3008.dat
1 0 50 -24 240 0 0 -1 0 1 0 1 0 0 3008.dat
1 0 -60 -24 330 -1 0 0 0 1 0 0 0 -1 2458.dat
1 0 60 -24 330 -1 0 0 0 1 0 0 0 -1 2458.dat
1 7 0 -24 110 -1 0 0 0 1 0 0 0 -1 3039.dat
1 0 -50 -32 330 -1 0 0 0 1 0 0 0 -1 2420.dat
1 0 50 -32 330 0 0 1 0 1 0 -1 0 0 2420.dat
1 0 -50 -32 260 0 0 1 0 1 0 -1 0 0 3710.dat
1 0 50 -32 260 0 0 1 0 1 0 -1 0 0 3710.dat
1 0 -50 -32 160 0 0 1 0 1 0 -1 0 0 3666.dat
1 0 50 -32 160 0 0 1 0 1 0 -1 0 0 3666.dat
1 0 100 -32 140 1 0 0 0 1 0 0 0 1 3936.dat
1 0 -100 -32 140 1 0 0 0 1 0 0 0 1 3935.dat
1 7 -60 -40 220 0 0 1 0 1 0 -1 0 0 2445.dat
1 7 60 -40 220 0 0 1 0 1 0 -1 0 0 2445.dat
1 7 -70 -64 320 0 0 1 0 1 0 -1 0 0 3004.dat
1 7 70 -64 320 0 0 1 0 1 0 -1 0 0 3004.dat
1 7 -70 -88 320 0 0 1 0 1 0 -1 0 0 3004.dat
1 7 70 -88 320 0 0 1 0 1 0 -1 0 0 3004.dat
1 7 -60 -88 140 0 0 1 0 1 0 -1 0 0 2434.dat
1 7 60 -88 140 0 0 1 0 1 0 -1 0 0 2434.dat
1 7 -50 -112 300 0 0 -1 0 1 0 1 0 0 4215.dat
1 7 50 -112 300 0 0 1 0 1 0 -1 0 0 4215.dat
1 7 -50 -112 120 0 0 1 0 1 0 -1 0 0 3004.dat
1 7 50 -112 120 0 0 1 0 1 0 -1 0 0 3004.dat
1 7 -50 -112 150 0 0 1 0 1 0 -1 0 0 4070.dat
1 7 -50 -112 170 0 0 1 0 1 0 -1 0 0 4070.dat
1 7 50 -112 170 0 0 -1 0 1 0 1 0 0 4070.dat
1 7 50 -112 150 0 0 -1 0 1 0 1 0 0 4070.dat
1 34 50 -112 220 0 0 -1 0 1 0 1 0 0 4215.dat
1 34 -50 -112 220 0 0 1 0 1 0 -1 0 0 4215.dat
1 4 64 -102 160 0 -1 0 0 0 1 -1 0 0 3069.dat
1 4 -64 -102 160 0 1 0 0 0 -1 -1 0 0 3069.dat
1 7 128 -68 160 0 -1 0 1 0 0 0 0 1 3479.dat
1 7 -128 -68 160 0 1 0 -1 0 0 0 0 1 3479.dat
1 34 80 -88 330 0 0 -1 0 1 0 1 0 0 2463.dat
1 34 -70 -88 320 1 0 0 0 1 0 0 0 1 2463.dat
1 0 50 -120 330 0 0 1 0 1 0 -1 0 0 2420.dat
1 0 -50 -120 330 -1 0 0 0 1 0 0 0 -1 2420.dat
1 0 -50 -120 200 0 0 -1 0 1 0 1 0 0 4477.dat
1 0 50 -120 200 0 0 -1 0 1 0 1 0 0 4477.dat
1 0 40 8 140 -1 0 0 0 1 0 0 0 -1 4229.dat
1 0 -40 8 140 -1 0 0 0 1 0 0 0 -1 4229.dat
1 0 40 8 300 -1 0 0 0 1 0 0 0 -1 4229.dat
1 0 -40 8 300 -1 0 0 0 1 0 0 0 -1 4229.dat
1 0 0 -128 300 -1 0 0 0 1 0 0 0 -1 3032.dat
1 0 -50 -128 220 0 0 -1 0 1 0 1 0 0 3710.dat
1 0 50 -128 220 0 0 -1 0 1 0 1 0 0 3710.dat
1 0 -50 -128 120 0 0 -1 0 1 0 1 0 0 3023.dat
1 0 50 -128 120 0 0 -1 0 1 0 1 0 0 3023.dat
1 0 -50 -128 160 0 0 -1 0 1 0 1 0 0 2412.dat
1 0 50 -128 160 0 0 -1 0 1 0 1 0 0 2412.dat
1 0 0 -136 320 0 0 -1 0 1 0 1 0 0 3020.dat
1 0 0 -136 270 1 0 0 0 1 0 0 0 1 4315.dat
1 7 0 -136 220 1 0 0 0 1 0 0 0 1 4213.dat
1 7 0 -136 150 1 0 0 0 1 0 0 0 1 2419.dat
1 0 0 -144 160 0 0 -1 0 1 0 1 0 0 3032.dat
1 0 0 -168 330 -1 0 0 0 1 0 0 0 -1 2432.dat
1 0 0 -160 310 1 0 0 0 1 0 0 0 1 3298.dat
1 0 0 0 420 1 0 0 0 1 0 0 0 1 4151.dat
1 0 0 0 580 1 0 0 0 1 0 0 0 1 4151.dat
1 0 0 -8 460 0 0 1 0 1 0 -1 0 0 3795.dat
1 0 -70 -8 560 0 0 1 0 1 0 -1 0 0 3023.dat
1 0 70 -8 560 0 0 1 0 1 0 -1 0 0 3023.dat
1 0 90 0 500 0 0 1 0 1 0 -1 0 0 3023.dat
1 0 -90 0 500 0 0 1 0 1 0 -1 0 0 3023.dat
1 0 -70 -8 420 0 0 1 0 1 0 -1 0 0 3666.dat
1 0 70 -8 420 0 0 1 0 1 0 -1 0 0 3666.dat
1 0 -60 -24 350 -1 0 0 0 1 0 0 0 -1 3700.dat
1 0 60 -24 350 -1 0 0 0 1 0 0 0 -1 3700.dat
1 7 0 -32 450 1 0 0 0 1 0 0 0 1 3039.dat
1 0 90 -8 510 0 0 -1 0 1 0 1 0 0 2450.dat
1 0 -90 -8 510 -1 0 0 0 1 0 0 0 -1 2450.dat
1 0 -70 -24 600 0 0 -1 0 1 0 1 0 0 3004.dat
1 0 70 -24 600 0 0 -1 0 1 0 1 0 0 3004.dat
1 0 70 -24 630 0 0 -1 0 1 0 1 0 0 4070.dat
1 0 70 -24 650 0 0 -1 0 1 0 1 0 0 4070.dat
1 0 100 -14 640 0 -1 0 0 0 1 -1 0 0 3048.dat
1 0 -70 -24 650 0 0 1 0 1 0 -1 0 0 4070.dat
1 0 -70 -24 630 0 0 1 0 1 0 -1 0 0 4070.dat
1 0 -100 -14 640 0 1 0 0 0 1 1 0 0 3048.dat
1 0 -70 -32 620 0 0 1 0 1 0 -1 0 0 3710.dat
1 0 70 -32 620 0 0 1 0 1 0 -1 0 0 3710.dat
1 0 -70 -32 390 0 0 1 0 1 0 -1 0 0 3622.dat
1 0 70 -32 390 0 0 1 0 1 0 -1 0 0 3622.dat
1 0 -70 -32 460 0 0 1 0 1 0 -1 0 0 3010.dat
1 0 70 -32 460 0 0 1 0 1 0 -1 0 0 3010.dat
1 0 -60 -32 350 -1 0 0 0 1 0 0 0 -1 3023.dat
1 0 60 -32 350 -1 0 0 0 1 0 0 0 -1 3023.dat
1 0 120 -32 480 1 0 0 0 1 0 0 0 1 3831.dat
1 0 -120 -32 480 1 0 0 0 1 0 0 0 1 3830.dat
1 0 232.368 0 541.424 0.9848 0 0.1736 0 1 0 -0.1736 0 0.9848 2401.dat
1 0 151.28 -8 484.64 0.9848 0 0.1736 0 1 0 -0.1736 0 0.9848 3623.dat
1 0 145.504 -8 394.272 0.9848 0 0.1736 0 1 0 -0.1736 0 0.9848 3933.dat
1 0 105.544 0 340.392 -0.1736 0 0.9848 0 1 0 -0.9848 0 -0.1736 3023.dat
1 0 238.144 -24 631.792 -0.1736 0 0.9848 0 1 0 -0.9848 0 -0.1736 4070.dat
1 0 234.672 -24 612.096 -0.1736 0 0.9848 0 1 0 -0.9848 0 -0.1736 4070.dat
1 0 206.864 -14 627.152 0.1736 0.9848 0 0 0 1 0.9848 -0.1736 0 3048.dat
1 4 334.888 -48 604.584 0.1736 0 -0.9848 0 1 0 0.9848 0 0.1736 4864.dat
1 0 236.408 -48 621.944 0.1736 0 -0.9848 0 1 0 0.9848 0 0.1736 3004.dat
1 0 153.584 -24 555.312 0.1736 0 -0.9848 0 1 0 0.9848 0 0.1736 3003.dat
1 0 167.504 -32 461.472 0.1736 0 -0.9848 0 1 0 0.9848 0 0.1736 2357.dat
1 4 109.016 -16 360.088 -0.1736 0 0.9848 0 1 0 -0.9848 0 -0.1736 3023.dat
1 0 149.544 -40 474.792 -0.9848 0 -0.1736 0 1 0 0.1736 0 -0.9848 3021.dat
1 0 153.584 -48 555.312 -0.9848 0 -0.1736 0 1 0 0.1736 0 -0.9848 3003.dat
1 0 285.648 -48 613.264 -0.9848 0 -0.1736 0 1 0 0.1736 0 -0.9848 6061.dat
1 4 109.016 -40 360.088 0.1736 0 -0.9848 0 1 0 0.9848 0 0.1736 3004.dat
1 0 120 -32 480 0.9848 0 0.1736 0 1 0 -0.1736 0 0.9848 3830.dat
1 7 151.28 -48 484.64 -0.9848 0 -0.1736 0 1 0 0.1736 0 -0.9848 3623.dat
1 7 145.504 -48 394.272 0.9848 0 0.1736 0 1 0 -0.1736 0 0.9848 3933.dat
1 7 232.368 -56 541.424 0.9848 0 0.1736 0 1 0 -0.1736 0 0.9848 2401.dat
1 0 132.184 -56 376.312 -0.1736 0 0.9848 0 1 0 -0.9848 0 -0.1736 3023.dat
1 0 132.184 -64 376.312 0.1736 0 -0.9848 0 1 0 0.9848 0 0.1736 3069.dat
1 7 120 -64 480 0.9848 0 0.1736 0 1 0 -0.1736 0 0.9848 2430.dat
1 0 282.176 8 593.568 -0.9848 0 -0.1736 0 1 0 0.1736 0 -0.9848 4229.dat
1 0 272.328 -72 595.304 -0.1736 0 0.9848 0 1 0 -0.9848 0 -0.1736 4531.dat
1 0 271.5391 -93.4556 590.8287 -0.122753 -0.122753 0.9848 -0.7071 0.7071 0 -0.696352 -0.696352 -0.1736 2433.dat
1 4 272.5211 -99.1124 596.3995 -0.122753 -0.122753 0.9848 -0.7071 0.7071 0 -0.696352 -0.696352 -0.1736 2569.dat
1 0 289.12 -28 632.96 0 0.1736 0.9848 1 0 0 0 0.9848 -0.1736 4591.dat
1 0 -232.368 0 541.424 0.1736 0 0.9848 0 1 0 -0.9848 0 0.1736 2401.dat
1 0 -151.28 -8 484.64 -0.9848 0 0.1736 0 1 0 -0.1736 0 -0.9848 3623.dat
1 0 -145.504 -8 394.272 0.9848 0 -0.1736 0 1 0 0.1736 0 0.9848 3934.dat
1 0 -105.544 0 340.392 0.1736 0 0.9848 0 1 0 -0.9848 0 0.1736 3023.dat
1 0 -238.144 -24 631.792 -0.1736 0 -0.9848 0 1 0 0.9848 0 -0.1736 4070.dat
1 0 -234.672 -24 612.096 -0.1736 0 -0.9848 0 1 0 0.9848 0 -0.1736 4070.dat
1 0 -206.864 -14 627.152 0.1736 -0.9848 0 0 0 1 -0.9848 -0.1736 0 3048.dat
1 0 -153.584 -24 555.312 0.1736 0 0.9848 0 1 0 -0.9848 0 0.1736 3003.dat
1 0 -236.408 -48 621.944 0.1736 0 0.9848 0 1 0 -0.9848 0 0.1736 3004.dat
1 4 -334.888 -48 604.584 0.1736 0 0.9848 0 1 0 -0.9848 0 0.1736 4864.dat
1 0 -285.648 -48 613.264 -0.9848 0 0.1736 0 1 0 -0.1736 0 -0.9848 6061.dat
1 0 -153.584 -48 555.312 -0.9848 0 0.1736 0 1 0 -0.1736 0 -0.9848 3003.dat
1 0 -120 -32 480 0.9848 0 -0.1736 0 1 0 0.1736 0 0.9848 3831.dat
1 0 -167.504 -32 461.472 0.9848 0 -0.1736 0 1 0 0.1736 0 0.9848 2357.dat
1 0 -149.544 -40 474.792 0.9848 0 -0.1736 0 1 0 0.1736 0 0.9848 3021.dat
1 4 -109.016 -16 360.088 0.1736 0 0.9848 0 1 0 -0.9848 0 0.1736 3023.dat
1 4 -109.016 -40 360.088 0.1736 0 0.9848 0 1 0 -0.9848 0 0.1736 3004.dat
1 7 -151.28 -48 484.64 -0.9848 0 0.1736 0 1 0 -0.1736 0 -0.9848 3623.dat
1 7 -145.504 -48 394.272 0.9848 0 -0.1736 0 1 0 0.1736 0 0.9848 3934.dat
1 7 -232.368 -56 541.424 0.1736 0 0.9848 0 1 0 -0.9848 0 0.1736 2401.dat
1 0 -132.184 -56 376.312 0.1736 0 0.9848 0 1 0 -0.9848 0 0.1736 3023.dat
1 0 -132.184 -64 376.312 0.1736 0 0.9848 0 1 0 -0.9848 0 0.1736 3069.dat
1 7 -120 -64 480 0.9848 0 -0.1736 0 1 0 0.1736 0 0.9848 2429.dat
1 0 -282.176 8 593.568 -0.9848 0 0.1736 0 1 0 -0.1736 0 -0.9848 4229.dat
1 0 -272.328 -72 595.304 0.1736 0 0.9848 0 1 0 -0.9848 0 0.1736 4531.dat
1 0 -271.5391 -93.4556 590.8287 0.122753 0.122753 0.9848 -0.7071 0.7071 0 -0.696352 -0.696352 0.1736 2433.dat
1 4 -272.5211 -99.1124 596.3995 0.122753 0.122753 0.9848 -0.7071 0.7071 0 -0.696352 -0.696352 0.1736 2569.dat
1 0 -289.12 -28 632.96 0 -0.1736 0.9848 1 0 0 0 0.9848 0.1736 4591.dat
1 7 -70 -56 400 0 0 1 0 1 0 -1 0 0 3009.dat
1 7 70 -56 400 0 0 1 0 1 0 -1 0 0 3009.dat
1 7 -70 -56 470 0 0 -1 0 1 0 1 0 0 4070.dat
1 7 70 -56 470 0 0 1 0 1 0 -1 0 0 4070.dat
1 7 -90 -56 490 -1 0 0 0 1 0 0 0 -1 3622.dat
1 7 90 -56 490 -1 0 0 0 1 0 0 0 -1 3622.dat
1 0 0 -8 650 -1 0 0 0 1 0 0 0 -1 4315.dat
1 0 0 -80.1052 663.6844 1 0 0 0 -0.0567 -0.9984 0 0.9984 -0.0567 3958.dat
1 0 0 -39.7156 657.9652 -1 0 0 0 -0.0567 0.9984 0 0.9984 0.0567 4213.dat
1 7 50 -50.6068 673.3726 -1 0 0 0 -0.0567 0.9984 0 0.9984 0.0567 4287.dat
1 7 -50 -50.6068 673.3726 -1 0 0 0 -0.0567 0.9984 0 0.9984 0.0567 4287.dat
1 0 -70 -64 400 0 0 1 0 1 0 -1 0 0 3023.dat
1 0 70 -64 400 0 0 1 0 1 0 -1 0 0 3023.dat
1 7 -70 -80 460 0 0 1 0 1 0 -1 0 0 3010.dat
1 7 70 -80 460 0 0 1 0 1 0 -1 0 0 3010.dat
1 0 -70 -64 360 0 0 1 0 1 0 -1 0 0 2452.dat
1 0 70 -64 360 0 0 -1 0 1 0 1 0 0 2452.dat
1 7 120 -64 480 1 0 0 0 1 0 0 0 1 2429.dat
1 7 -120 -64 480 1 0 0 0 1 0 0 0 1 2430.dat
1 7 -70 -104 620 0 0 1 0 1 0 -1 0 0 4215.dat
1 7 70 -104 620 0 0 -1 0 1 0 1 0 0 4215.dat
1 0 116.823 -74.0188 360 -0.9397 0.342 0 0.342 0.9397 0 0 0 -1 4276.dat
1 4 105.879 -104.0892 360 0.9397 0.342 0 -0.342 0.9397 0 0 0 1 2432.dat
1 0 -116.823 -74.0188 360 0.9397 -0.342 0 0.342 0.9397 0 0 0 1 4276.dat
1 4 -105.879 -104.0892 360 0.9397 -0.342 0 0.342 0.9397 0 0 0 1 2432.dat
1 0 -70 -88 460 0 0 -1 0 1 0 1 0 0 3475.dat
1 0 70 -88 460 0 0 1 0 1 0 -1 0 0 3475.dat
1 0 -70 -88 490 0 0 -1 0 1 0 1 0 0 4085.dat
1 0 -70 -88 430 0 0 -1 0 1 0 1 0 0 4085.dat
1 0 70 -88 430 0 0 1 0 1 0 -1 0 0 4085.dat
1 0 70 -88 490 0 0 1 0 1 0 -1 0 0 4085.dat
1 0 100 -112 620 1 0 0 0 1 0 0 0 1 3936.dat
1 0 -100 -112 620 1 0 0 0 1 0 0 0 1 3935.dat
1 7 -70 -112 460 0 0 1 0 1 0 -1 0 0 3010.dat
1 7 70 -112 460 0 0 1 0 1 0 -1 0 0 3010.dat
1 15 50 -105 423.5 0 0 -1 0 1 0 1 0 0 4360.dat
1 34 -70 -136 380 0 0 1 0 1 0 -1 0 0 4215.dat
1 34 70 -136 380 0 0 -1 0 1 0 1 0 0 4215.dat
1 7 70 -136 430 0 0 -1 0 1 0 1 0 0 4070.dat
1 7 70 -136 450 0 0 -1 0 1 0 1 0 0 4070.dat
1 0 60 -126 440 0 -1 0 0 0 -1 1 0 0 3023.dat
1 4 84 -126 440 0 -1 0 0 0 -1 1 0 0 2412.dat
1 7 -70 -136 450 0 0 1 0 1 0 -1 0 0 4070.dat
1 7 -70 -136 430 0 0 1 0 1 0 -1 0 0 4070.dat
1 0 -60 -126 440 0 1 0 0 0 -1 -1 0 0 3023.dat
1 4 -84 -126 440 0 1 0 0 0 -1 -1 0 0 2412.dat
1 7 -70 -136 540 0 0 1 0 1 0 -1 0 0 3008.dat
1 7 70 -136 540 0 0 1 0 1 0 -1 0 0 3008.dat
1 7 -70 -136 640 0 0 1 0 1 0 -1 0 0 3004.dat
1 7 70 -136 640 0 0 1 0 1 0 -1 0 0 3004.dat
1 15 -50 -97 490 -1 0 0 0 1 0 0 0 -1 4349.dat
1 0 -60 8 380 -1 0 0 0 1 0 0 0 -1 4229.dat
1 0 60 8 380 -1 0 0 0 1 0 0 0 -1 4229.dat
1 0 -80 8 500 -1 0 0 0 1 0 0 0 -1 4229.dat
1 0 80 8 500 -1 0 0 0 1 0 0 0 -1 4229.dat
1 0 -60 8 640 -1 0 0 0 1 0 0 0 -1 4229.dat
1 0 60 8 640 -1 0 0 0 1 0 0 0 -1 4229.dat
1 34 70 -144 560 0 0 -1 0 1 0 1 0 0 2466.dat
1 34 70 -144 520 0 0 -1 0 1 0 1 0 0 2466.dat
1 34 -70 -144 520 0 0 1 0 1 0 -1 0 0 2466.dat
1 34 -70 -144 560 0 0 1 0 1 0 -1 0 0 2466.dat
1 0 0 -144 620 -1 0 0 0 1 0 0 0 -1 3035.dat
1 0 -70 -144 420 0 0 -1 0 1 0 1 0 0 3460.dat
1 0 70 -144 420 0 0 -1 0 1 0 1 0 0 3460.dat
1 0 0 -152 590 1 0 0 0 1 0 0 0 1 4315.dat
1 0 0 -152 620 1 0 0 0 1 0 0 0 1 3020.dat
1 0 0 -152 650 -1 0 0 0 1 0 0 0 -1 2452.dat
1 0 0 -120.703 683.0744 0 0 1 -0.9511 0.309 0 -0.309 -0.9511 0 4276.dat
1 7 0 -152 540 1 0 0 0 1 0 0 0 1 4213.dat
1 0 0 -144 440 0 0 1 0 1 0 -1 0 0 3033.dat
1 7 50 -152 540 0 0 1 0 1 0 -1 0 0 3710.dat
1 7 -50 -152 540 0 0 1 0 1 0 -1 0 0 3710.dat
1 7 0 -152 490 -1 0 0 0 1 0 0 0 -1 3023.dat
1 7 0 -152 400 -1 0 0 0 1 0 0 0 -1 3020.dat
1 7 0 -152 370 -1 0 0 0 1 0 0 0 -1 3023.dat
1 0 -40 -160 520 0 0 1 0 1 0 -1 0 0 3022.dat
1 0 40 -160 520 0 0 1 0 1 0 -1 0 0 3022.dat
1 0 0 -176 530 1 0 0 0 1 0 0 0 1 3298.dat
1 7 0 -160 390 1 0 0 0 1 0 0 0 1 2419.dat
1 0 70 -152 540 0 0 1 0 1 0 -1 0 0 3460.dat
1 0 -70 -152 540 0 0 1 0 1 0 -1 0 0 3460.dat
1 7 -70 -224 620 1 0 0 0 1 0 0 0 1 2340.dat
1 7 70 -224 620 1 0 0 0 1 0 0 0 1 2340.dat
1 7 -20 -272 660 1 0 0 0 1 0 0 0 1 4476.dat
1 7 20 -272 660 1 0 0 0 1 0 0 0 1 4476.dat
1 0 -70 -240 620 1 0 0 0 1 0 0 0 1 4595.dat
1 0 70 -240 620 1 0 0 0 1 0 0 0 1 4595.dat
1 4 -30 -280 660 0 0 -1 0 1 0 1 0 0 2412.dat
1 4 30 -280 660 0 0 -1 0 1 0 1 0 0 2412.dat
1 0 0 -252 680 -1 0 0 0 0 1 0 1 0 3956.dat
1 0 0 -252 688 -1 0 0 0 0 1 0 1 0 4285.dat
1 0 0 -252 696 -1 0 0 0 0 1 0 1 0 4591.dat
