0 Main
0 Name: 42048-1 - Race Kart.mpd
0 Author: LTRON
1 72 -100 -29 0 0 0 1 0 1 0 -1 0 0 15458.dat
1 0 -80 -29 -110 0 0 1 0 1 0 -1 0 0 2780.dat
1 0 -100 -29 -110 0 0 1 0 1 0 -1 0 0 2780.dat
1 0 -120 -29 -120 0 0 -1 0 1 0 1 0 0 15100.dat
1 0 -120 -29 120 0 0 1 0 1 0 -1 0 0 15100.dat
1 0 -100 -29 110 0 0 1 0 1 0 -1 0 0 2780.dat
1 0 -80 -29 110 0 0 1 0 1 0 -1 0 0 2780.dat
1 0 -70 -29 -20 -1 0 0 0 1 0 0 0 -1 2780.dat
1 1 -60 -29 20 1 0 0 0 1 0 0 0 1 6558.dat
1 1 -60 -29 60 1 0 0 0 1 0 0 0 1 6558.dat
1 72 -60 -29 40 0 1 0 -1 0 0 0 0 1 32316.dat
1 0 -90 -49 120 1 0 0 0 0 -1 0 1 0 41678.dat
1 0 -80 -49 120 -1 0 0 0 0 -1 0 -1 0 18651.dat
1 71 -90 -49 120 -1 0 0 0 0 -1 0 -1 0 32291.dat
1 72 -60 -49 140 0 -1 0 1 0 0 0 0 1 40490.dat
1 71 -50 -49 80 1 0 0 0 1 0 0 0 1 4274.dat
1 36 -42 -49 80 0 -1 0 1 0 0 0 0 1 98138.dat
1 1 -80 -49 200 -1 0 0 0 -1 0 0 0 1 6558.dat
1 0 -70 -49 220 -1 0 0 0 1 0 0 0 -1 2780.dat
1 0 -80 -49 220 0 0 -1 1 0 0 0 -1 0 42003.dat
1 72 -40 -29 80 1 0 0 0 0 1 0 -1 0 11214.dat
1 72 -40 -89 100 0 -1 0 0 0 1 -1 0 0 32140.dat
1 1 -30 -69 100 1 0 0 0 0 1 0 -1 0 43093.dat
1 15 0 -29 80 0 0 1 -1 0 0 0 -1 0 18948.dat
1 15 0 -69 100 0 0 1 -1 0 0 0 -1 0 18948.dat
1 1 30 -69 100 -1 0 0 0 0 -1 0 -1 0 43093.dat
1 72 40 -29 80 -1 0 0 0 0 -1 0 -1 0 11214.dat
1 0 -50 -49 100 -1 0 0 0 1 0 0 0 -1 2780.dat
1 72 40 -89 100 0 -1 0 0 0 1 -1 0 0 32140.dat
1 0 50 -49 100 -1 0 0 0 1 0 0 0 -1 2780.dat
1 71 0 -49 -140 -1 0 0 0 -1 0 0 0 1 64178.dat
1 0 -50 -49 -60 -1 0 0 0 -1 0 0 0 1 2780.dat
1 0 -50 -49 -40 -1 0 0 0 -1 0 0 0 1 2780.dat
1 0 50 -49 -40 -1 0 0 0 -1 0 0 0 1 2780.dat
1 0 50 -49 -60 -1 0 0 0 -1 0 0 0 1 2780.dat
1 72 60 -49 -80 0 -1 0 1 0 0 0 0 1 32140.dat
1 72 40 -49 -20 -1 0 0 0 -0.921 0.391 0 0.391 0.921 11214.dat
1 15 -0.5 -49 -20 0 0 -1 0.922 -0.389 0 -0.389 -0.922 0 18948.dat
1 25 40 -67.41 -12.186 0 -1 0 -0.391 0 0.921 -0.921 0 -0.391 60483.dat
1 72 -40 -49 -20 1 0 0 0 -0.921 -0.391 0 0.391 -0.921 11214.dat
1 72 -60 -49 -80 0 -1 0 1 0 0 0 0 1 32140.dat
1 0 30 -49 -180 1 0 0 0 1 0 0 0 1 6628.dat
1 0 -30 -49 -180 -1 0 0 0 -1 0 0 0 1 6628.dat
1 1 50 -49 -100 1 0 0 0 1 0 0 0 1 43093.dat
1 1 -50 -49 -100 -1 0 0 0 -1 0 0 0 1 43093.dat
1 15 60 -49 -100 1 0 0 0 1 0 0 0 1 6536.dat
1 15 -60 -49 -100 1 0 0 0 1 0 0 0 1 6536.dat
1 0 60 -29 -100 0 1 0 0 0 -1 -1 0 0 32054.dat
1 0 -60 -29 -100 0 1 0 0 0 -1 -1 0 0 32054.dat
1 25 -40 -67.41 -12.186 0 -1 0 -0.391 0 0.921 -0.921 0 -0.391 60483.dat
1 71 20 -49 140 0 0 1 0 -1 0 1 0 0 92907.dat
1 4 20 -69 140 0 0 1 0 -1 0 1 0 0 32062.dat
1 0 20 -89 140 0 0 1 0 -1 0 1 0 0 42003.dat
1 72 50 -49 140 -1 0 0 0 -1 0 0 0 1 87083.dat
1 71 40 -49 140 0 0 1 1 0 0 0 1 0 94925.dat
1 0 10 -109 140 1 0 0 0 -1 0 0 0 -1 2780.dat
1 4 0 -69 140 0 0 1 0 -1 0 1 0 0 32062.dat
1 15 0 -69 140 0 0 1 0 1 0 -1 0 0 6536.dat
1 28 -40 -49 140 1 0 0 0 1 0 0 0 1 15462.dat
1 72 -20 -49 140 0 0 1 0 1 0 -1 0 0 10928.dat
1 71 -40 -49 140 0 0 1 0 1 0 -1 0 0 94925.dat
1 0 0 -109 140 0 0 1 0 1 0 -1 0 0 42003.dat
1 4 -80 -49 140 0 0 1 0 1 0 -1 0 0 3713.dat
1 71 -80 -49 180 -1 0 0 0 1 0 0 0 -1 44294.dat
1 4 -40 -49 180 0 0 -1 0 1 0 1 0 0 18946.dat
1 15 0 -49 180 0 0 1 -1 0 0 0 -1 0 18948.dat
1 71 80 -49 180 -1 0 0 0 1 0 0 0 -1 44294.dat
1 72 0 -49 180 0 0 1 -1 0 0 0 -1 0 18947.dat
1 14 -75 -49 180 0 0 1 -1 0 0 0 -1 0 32123.dat
1 14 -85 -49 180 0 0 1 -1 0 0 0 -1 0 32123.dat
1 1 -80 -49 160 -1 0 0 0 -1 0 0 0 1 6558.dat
1 72 -80 -49 160 0 -1 0 -1 0 0 0 0 -1 18654.dat
1 72 -100 -49 180 0 -1 0 -1 0 0 0 0 -1 32523.dat
1 4 40 -49 180 0 0 -1 0 1 0 1 0 0 18946.dat
1 72 60 -49 140 0 -1 0 1 0 0 0 0 1 40490.dat
1 71 50 -49 80 -1 0 0 0 -1 0 0 0 1 4274.dat
1 36 42 -49 80 0 1 0 -1 0 0 0 0 1 98138.dat
1 4 80 -49 140 0 0 -1 0 -1 0 -1 0 0 3713.dat
1 0 70 -29 -20 -1 0 0 0 1 0 0 0 -1 2780.dat
1 14 75 -49 180 0 0 1 -1 0 0 0 -1 0 32123.dat
1 14 85 -49 180 0 0 1 -1 0 0 0 -1 0 32123.dat
1 1 80 -49 160 1 0 0 0 1 0 0 0 1 6558.dat
1 72 80 -49 160 0 -1 0 -1 0 0 0 0 -1 18654.dat
1 1 80 -49 200 1 0 0 0 1 0 0 0 1 6558.dat
1 0 70 -49 220 -1 0 0 0 1 0 0 0 -1 2780.dat
1 0 80 -49 220 0 0 -1 1 0 0 0 -1 0 42003.dat
1 72 100 -49 180 0 -1 0 -1 0 0 0 0 -1 32523.dat
1 72 100 -29 0 0 0 -1 0 1 0 1 0 0 15458.dat
1 0 80 -29 110 0 0 -1 0 1 0 1 0 0 2780.dat
1 0 100 -29 110 0 0 -1 0 1 0 1 0 0 2780.dat
1 0 120 -29 120 0 0 1 0 1 0 -1 0 0 15100.dat
1 0 120 -29 -120 0 0 -1 0 1 0 1 0 0 15100.dat
1 0 100 -29 -110 0 0 -1 0 1 0 1 0 0 2780.dat
1 0 80 -29 -110 0 0 -1 0 1 0 1 0 0 2780.dat
1 1 60 -29 60 -1 0 0 0 1 0 0 0 -1 6558.dat
1 1 60 -29 20 -1 0 0 0 1 0 0 0 -1 6558.dat
1 72 60 -29 40 0 -1 0 -1 0 0 0 0 -1 32316.dat
1 0 90 -49 120 -1 0 0 0 0 -1 0 -1 0 41678.dat
1 0 80 -49 120 1 0 0 0 0 -1 0 1 0 18651.dat
1 71 90 -49 120 1 0 0 0 0 1 0 -1 0 32291.dat
1 0 -80 -59 100 0 -1 0 1 0 0 0 0 1 2780.dat
1 0 80 -59 100 0 -1 0 1 0 0 0 0 1 2780.dat
1 72 -40 -29 0 0 1 0 -1 0 0 0 0 1 32140.dat
1 72 40 -29 0 0 1 0 -1 0 0 0 0 1 32140.dat
1 72 -52 -49 60 -1 0 0 0 -0.271 0.963 0 0.963 0.271 87083.dat
1 15 0 -49 60 0 0 1 -0.271 -0.963 0 0.963 -0.271 0 18948.dat
1 72 -80 -49 60 0 -1 0 -0.271 0 -0.963 0.963 0 -0.271 32140.dat
1 0 -90 -112.209 62.957 1 0 0 0 -0.442 0.898 0 -0.898 -0.442 6628.dat
1 72 52 -49 60 1 0 0 0 -0.271 -0.963 0 0.963 -0.271 87083.dat
1 4 80 -68.259 54.567 1 0 0 0 -0.271 -0.963 0 0.963 -0.271 32039.dat
1 71 0 -29 -120 0 0 1 1 0 0 0 1 0 32525.dat
1 1 40 -49 -200 0 -1 0 -1 0 0 0 0 -1 6558.dat
1 1 -40 -49 -200 0 -1 0 -1 0 0 0 0 -1 6558.dat
1 72 0 -29 -200 0 0 1 0 1 0 -1 0 0 40490.dat
1 1 -60 -49 -200 0 0 1 -1 0 0 0 -1 0 6558.dat
1 1 60 -49 -200 0 0 1 -1 0 0 0 -1 0 6558.dat
1 72 -60 -49 -200 0 0 1 0 -1 0 1 0 0 18654.dat
1 72 60 -49 -200 0 0 1 0 -1 0 1 0 0 18654.dat
1 71 80 -49 -180 1 0 0 0 0 -1 0 1 0 48989.dat
1 71 -80 -49 -180 1 0 0 0 0 -1 0 1 0 48989.dat
1 72 110 -49 -200 -1 0 0 0 0 -1 0 -1 0 87083.dat
1 72 -110 -49 -200 1 0 0 0 0 -1 0 1 0 87083.dat
1 14 -95 -49 -200 0 0 -1 1 0 0 0 -1 0 32123.dat
1 14 -105 -49 -200 0 0 -1 1 0 0 0 -1 0 32123.dat
1 14 95 -49 -200 0 0 -1 1 0 0 0 -1 0 32123.dat
1 14 105 -49 -200 0 0 -1 1 0 0 0 -1 0 32123.dat
1 71 -70 -49 -160 1 0 0 0 0 1 0 -1 0 4274.dat
1 71 70 -49 -160 -1 0 0 0 0 -1 0 -1 0 4274.dat
1 47 -62 -49 -160 0 -1 0 -1 0 0 0 0 -1 98138.dat
1 47 62 -49 -160 0 1 0 1 0 0 0 0 -1 98138.dat
1 0 80 -29 -160 0 0 -1 0 1 0 1 0 0 15100.dat
1 0 -80 -29 -160 0 0 -1 0 1 0 1 0 0 15100.dat
1 72 0 -29 -140 0 0 -1 -1 0 0 0 1 0 40490.dat
1 0 20 -29 -150 0 0 -1 0 -1 0 -1 0 0 2780.dat
1 0 -20 -29 -150 0 0 -1 0 -1 0 -1 0 0 2780.dat
1 72 20 -29 -160 0 0 -1 1 0 0 0 -1 0 18654.dat
1 72 -20 -29 -160 0 0 -1 1 0 0 0 -1 0 18654.dat
1 0 20 -49 -210 0 0 -1 0 -1 0 -1 0 0 2780.dat
1 0 -20 -49 -210 0 0 -1 0 -1 0 -1 0 0 2780.dat
1 0 0 -29 -220 1 0 0 0 -1 0 0 0 -1 63869.dat
1 71 0 -29 -220 1 0 0 0 -1 0 0 0 -1 4519.dat
1 25 20 -29 -220 0 1 0 1 0 0 0 0 -1 60483.dat
1 25 -20 -29 -220 0 1 0 1 0 0 0 0 -1 60483.dat
1 0 0 -29 -240 -1 0 0 0 0.986 -0.167 0 -0.167 -0.986 18651.dat
1 15 5 -34 -269.58 0 1 0 -0.986 0 0.167 0.167 0 0.986 32449.dat
1 15 -5 -34 -269.58 0 1 0 -0.986 0 0.167 0.167 0 0.986 32449.dat
1 0 40 -69 -80 0 -1 0 1 0 0 0 0 1 15100.dat
1 0 -40 -69 -80 0 -1 0 1 0 0 0 0 1 15100.dat
1 0 -40 -59 -120 0 -1 0 -1 0 0 0 0 -1 2780.dat
1 0 40 -59 -120 0 -1 0 -1 0 0 0 0 -1 2780.dat
1 0 -40 -69 -160 0 -1 0 1 0 0 0 0 1 15100.dat
1 0 40 -69 -160 0 -1 0 1 0 0 0 0 1 15100.dat
1 1 -30 -69 -160 1 0 0 0 0.707 -0.707 0 0.707 0.707 43093.dat
1 1 30 -69 -160 -1 0 0 0 0.707 0.707 0 0.707 -0.707 43093.dat
1 71 0 -69 -160 0 0 -1 -0.707 0.707 0 0.707 0.707 0 32034.dat
1 72 0 -69 -160 0 0 1 0.707 0.707 0 -0.707 0.707 0 87083.dat
1 72 0 -61.929 -167.071 -1 0 0 0 0.707 -0.707 0 -0.707 -0.707 15535.dat
1 25 0 -49.201 -179.799 1 0 0 0 0.707 0.707 0 -0.707 0.707 60483.dat
1 71 0 -27.988 -172.728 0 -0.656 0.755 0.707 0.534 0.464 -0.707 0.534 0.464 4274.dat
1 14 0 -79.607 -149.393 0 -1 0 -0.707 0 0.707 -0.707 0 -0.707 32123.dat
1 72 0 -69 -200 0 0 -1 0 1 0 1 0 0 40490.dat
1 1 120 -49 -120 0 -1 0 -1 0 0 0 0 -1 6558.dat
1 1 -120 -49 -120 0 -1 0 -1 0 0 0 0 -1 6558.dat
1 85 120 -49 0 0 -1 0 -1 0 0 0 0 -1 18944.dat
1 85 -120 -49 0 0 1 0 1 0 0 0 0 -1 18944.dat
1 0 0 -69 -120 0 0 -1 0 -1 0 -1 0 0 41239.dat
1 0 0 -97.284 -131.716 0 -1 0 -0.707 0 0.707 -0.707 0 -0.707 59443.dat
1 1 40 -49 -240 -1 0 0 0 0.781 0.624 0 0.624 -0.781 6558.dat
1 1 -40 -49 -240 1 0 0 0 -0.986 0.167 0 -0.167 -0.986 6558.dat
1 72 -20 -42.333 -279.441 0 -1 0 -0.986 0 0.167 -0.167 0 -0.986 32316.dat
1 72 20 -42.333 -279.441 0 -1 0 -0.986 0 0.167 -0.167 0 -0.986 32316.dat
1 0 30 -42.333 -279.441 -1 0 0 0 1 0 0 0 -1 2780.dat
1 0 -30 -42.333 -279.441 -1 0 0 0 1 0 0 0 -1 2780.dat
1 1 0 -35.667 -318.881 -1 0 0 0 -0.802 -0.597 0 -0.597 0.802 6558.dat
1 85 0 -90.298 -212.038 1 0 0 0 0.89 -0.455 0 0.455 0.89 18944.dat
1 72 -20 -106.964 -92.597 0 -1 0 -0.315 0 -0.949 0.949 0 -0.315 32316.dat
1 72 20 -106.964 -92.597 0 -1 0 -0.315 0 -0.949 0.949 0 -0.315 32316.dat
1 0 0 -106.964 -92.597 1 0 0 0 -0.315 -0.949 0 0.949 -0.315 18651.dat
1 15 0 -106.964 -92.597 1 0 0 0 0.949 -0.315 0 0.315 0.949 6536.dat
1 14 0 -39 -299.161 -1 0 0 0 0.986 -0.167 0 -0.167 -0.986 32073.dat
1 72 60 -66.492 -249.696 0 -1 0 0.485 0 0.875 -0.875 0 0.485 32523.dat
1 72 -60 -66.492 -249.696 0 -1 0 0.485 0 0.875 -0.875 0 0.485 32523.dat
1 4 -60 -83.985 -259.392 -1 0 0 0 -0.485 0.875 0 0.875 0.485 32062.dat
1 4 60 -83.985 -259.392 -1 0 0 0 -0.485 0.875 0 0.875 0.485 32062.dat
1 4 60 -66.492 -249.696 -1 0 0 0 -0.485 0.875 0 0.875 0.485 32062.dat
1 4 -60 -66.492 -249.696 -1 0 0 0 -0.485 0.875 0 0.875 0.485 32062.dat
1 72 -75 -83.985 -259.392 0 1 0 -0.485 0 0.875 0.875 0 0.485 41677.dat
1 72 -45 -83.985 -259.392 0 1 0 -0.485 0 0.875 0.875 0 0.485 41677.dat
1 72 45 -83.985 -259.392 0 1 0 -0.485 0 0.875 0.875 0 0.485 41677.dat
1 72 75 -83.985 -259.392 0 1 0 -0.485 0 0.875 0.875 0 0.485 41677.dat
1 71 0 -69 -80 -1 0 0 0 -1 0 0 0 1 44294.dat
1 4 60 -69 -80 0 0 -1 0 -1 0 -1 0 0 3713.dat
1 4 -60 -69 -80 0 0 -1 0 1 0 1 0 0 3713.dat
1 19 0 -144.929 -105.195 1 0 0 0 -0.988 0.152 0 -0.152 -0.988 32556.dat
1 4 0 -125.569 -103.431 0 -1 0 -0.707 0 -0.707 0.707 0 -0.707 3705.dat
1 1 -120 -49 120 0 -1 0 -1 0 0 0 0 -1 6558.dat
1 1 120 -49 120 0 -1 0 -1 0 0 0 0 -1 6558.dat
1 72 -60 -69 100 0 0 -1 0 1 0 1 0 0 32140.dat
1 72 60 -69 100 0 0 1 0 -1 0 1 0 0 32140.dat
1 0 80 -49 240 0 0 -1 1 0 0 0 -1 0 18651.dat
1 0 -80 -49 240 0 0 -1 1 0 0 0 -1 0 18651.dat
1 71 0 -29 220 0 0 1 0 1 0 -1 0 0 32524.dat
1 1 -20 -49 220 0 -1 0 -1 0 0 0 0 -1 6558.dat
1 1 20 -49 220 0 -1 0 -1 0 0 0 0 -1 6558.dat
1 0 20 -49 220 1 0 0 0 -1 0 0 0 -1 15100.dat
1 0 -20 -49 220 -1 0 0 0 -1 0 0 0 1 15100.dat
1 4 -40 -49 240 -1 0 0 0 -1 0 0 0 1 44809.dat
1 4 40 -49 240 1 0 0 0 1 0 0 0 1 44809.dat
1 1 40 -49 240 0 -1 0 1 0 0 0 0 1 6558.dat
1 1 -40 -49 240 0 -1 0 1 0 0 0 0 1 6558.dat
1 0 0 -29 240 0 0 -1 0 1 0 1 0 0 41239.dat
1 71 0 -69 220 0 0 1 0 1 0 -1 0 0 32524.dat
1 1 120 -49 240 0 -1 0 -1 0 0 0 0 -1 6558.dat
1 1 -120 -49 240 0 -1 0 -1 0 0 0 0 -1 6558.dat
1 72 0 -59 220 0 -1 0 1 0 0 0 0 1 87083.dat
1 4 0 -49 240 0 -1 0 1 0 0 0 0 1 6641.dat
1 0 -20 -89 220 0 -1 0 1 0 0 0 0 1 42003.dat
1 85 0 -49 240 0 0 1 -1 0 0 0 -1 0 18944.dat
1 0 0 -69 240 0 0 1 0 1 0 -1 0 0 41239.dat
1 0 40 -89 220 0 -1 0 1 0 0 0 0 1 15100.dat
1 72 60 -89 100 1 0 0 0 -1 0 0 0 -1 10197.dat
1 71 60 -89 140 1 0 0 0 -1 0 0 0 -1 32034.dat
1 71 0 -89 140 1 0 0 0 -1 0 0 0 -1 44294.dat
1 71 40 -89 140 0 0 1 1 0 0 0 1 0 94925.dat
1 72 0 -129 163 0 0 1 0 1 0 -1 0 0 59426.dat
1 15 0 -129 180 0 0 1 0 1 0 -1 0 0 6536.dat
1 15 0 -129 160 0 0 1 0 -1 0 1 0 0 6536.dat
1 0 0 -149 160 1 0 0 0 -1 0 0 0 -1 32054.dat
1 1 -30 -149 160 1 0 0 0 -1 0 0 0 -1 43093.dat
1 14 30 -109 180 0 0 1 -1 0 0 0 -1 0 2853.dat
1 71 30 -99 180 0 0 -1 0 1 0 1 0 0 2852.dat
1 14 60 -99 180 0 0 1 1 0 0 0 1 0 2853.dat
1 14 30 -139 180 0 0 1 0 1 0 -1 0 0 2851.dat
1 71 -10 -109 180 1 0 0 0 1 0 0 0 1 4519.dat
1 0 -20 -109 180 0 0 -1 -1 0 0 0 1 0 32270.dat
1 0 50 -149 160 1 0 0 0 1 0 0 0 1 2780.dat
1 0 50 -149 200 1 0 0 0 1 0 0 0 1 2780.dat
1 15 60 -129 160 0 0 1 0 -1 0 1 0 0 6536.dat
1 15 60 -129 200 0 0 1 0 -1 0 1 0 0 6536.dat
1 28 60 -129 180 0 0 1 0 -1 0 1 0 0 15462.dat
1 72 60 -129 220 1 0 0 0 0 -1 0 1 0 18654.dat
1 71 60 -109 180 0 0 1 0 1 0 -1 0 0 32184.dat
1 71 60 -89 180 0 0 1 0 1 0 -1 0 0 4519.dat
1 71 60 -89 220 1 0 0 0 1 0 0 0 1 32013.dat
1 0 60 -89 220 -1 0 0 0 1 0 0 0 -1 32054.dat
1 72 -20 -89 140 0 0 1 -1 0 0 0 -1 0 3648.dat
1 4 -40 -89 140 0 0 1 0 1 0 -1 0 0 3713.dat
1 72 -60 -89 100 1 0 0 0 -1 0 0 0 -1 10197.dat
1 71 -60 -89 140 1 0 0 0 1 0 0 0 1 32013.dat
1 72 10 -89 100 -1 0 0 0 -1 0 0 0 1 55013.dat
1 4 80 -89 100 0 0 -1 0 -1 0 -1 0 0 3713.dat
1 71 40 -129 140 0 1 0 0 0 -1 -1 0 0 32184.dat
1 14 30 -129 130 1 0 0 0 1 0 0 0 1 2853.dat
1 72 0 -129 125 0 0 1 -1 0 0 0 -1 0 41677.dat
1 72 5 -149 200 0 -1 0 0 0 -1 1 0 0 41677.dat
1 4 -30 -169 200 -1 0 0 0 0 -1 0 -1 0 3705.dat
1 72 -5 -149 200 0 -1 0 0 0 -1 1 0 0 41677.dat
1 0 0 -149 200 -1 0 0 0 0 -1 0 -1 0 18651.dat
1 0 -40 -149 200 -1 0 0 0 0 -1 0 -1 0 32054.dat
1 71 -20 -169 200 0 1 0 1 0 0 0 0 -1 32140.dat
1 0 -40 -169 140 -1 0 0 0 0 -1 0 -1 0 18651.dat
1 0 -40 -169 180 -1 0 0 0 0 -1 0 -1 0 18651.dat
1 71 -40 -169 160 -1 0 0 0 0 -1 0 -1 0 32184.dat
1 0 -40 -149 140 -1 0 0 0 0 -1 0 -1 0 18651.dat
1 71 -40 -149 140 0 1 0 -1 0 0 0 0 1 32140.dat
1 0 -50 -149 180 -1 0 0 0 -1 0 0 0 1 2780.dat
1 71 -60 -169 200 0 1 0 1 0 0 0 0 -1 32140.dat
1 0 -60 -129 180 0 0 -1 0 -1 0 -1 0 0 63869.dat
1 4 -60 -129 180 0 0 -1 0 -1 0 -1 0 0 32062.dat
1 71 -40 -109 180 0 0 1 0 -1 0 1 0 0 92907.dat
1 71 -40 -179 160 0 0 1 -1 0 0 0 -1 0 4274.dat
1 25 -40 -187 160 0 0 1 0 1 0 -1 0 0 98138.dat
1 0 -20 -89 230 0 0 1 0 -1 0 1 0 0 2780.dat
1 0 -40 -89 230 0 0 1 0 -1 0 1 0 0 2780.dat
1 72 -40 -89 240 0 0 1 -1 0 0 0 -1 0 32523.dat
1 0 -60 -89 220 0 -1 0 0 0 -1 1 0 0 15100.dat
1 0 -70 -89 220 1 0 0 0 0 -1 0 1 0 6628.dat
1 0 -80 -89 220 0 0.992 -0.125 0.989 -0.018 -0.145 -0.146 -0.124 -0.981 32293.dat
1 71 0 -129 230 1 0 0 0 1 0 0 0 1 32013.dat
1 1 0 -129 230 1 0 0 0 -1 0 0 0 -1 6558.dat
1 71 -30 -129 230 0 0 1 0 -1 0 1 0 0 55981.dat
1 0 -50 -129 230 1 0 0 0 -1 0 0 0 -1 2780.dat
1 71 -70 -129 230 1 0 0 0 0 -1 0 1 0 62462.dat
1 16 11.99 -129 230 0 -1 0 0 0 -1 1 0 0 79.dat
1 16 17.5641 -129 230 0 -1 0 0 0 -1 1 0 0 80.dat
1 16 22.8824 -129 230 0.000092 -1 0.00037 0 -0.00037 -1 1 0.000092 0 80.dat
1 16 28.2007 -128.9959 229.999 0.01179 -0.998902 0.045342 0.000187 -0.045343 -0.998971 0.99993 0.011786 -0.000348 80.dat
1 16 33.4684 -128.5434 229.8814 0.057465 -0.976176 0.209232 0.003556 -0.209377 -0.977828 0.998341 0.056935 -0.00856 80.dat
1 16 38.1597 -126.9203 229.4384 0.139375 -0.87769 0.458515 0.021953 -0.460182 -0.887553 0.989996 0.133768 -0.04487 80.dat
1 16 42.2908 -123.8303 228.5224 0.23042 -0.721383 0.65308 0.057952 -0.659775 -0.749225 0.971364 0.210484 -0.11022 80.dat
1 16 45.6985 -119.9801 227.2449 0.304898 -0.622842 0.72049 0.088179 -0.7348 -0.672528 0.948294 0.268584 -0.169117 80.dat
1 16 48.909 -116.0488 225.6792 0.351072 -0.655077 0.669046 0.08742 -0.688475 -0.719972 0.932259 0.31125 -0.184437 80.dat
1 16 52.5864 -112.6976 223.9466 0.355805 -0.789451 0.50017 0.053781 -0.517009 -0.854289 0.933011 0.33086 -0.141497 80.dat
1 16 57.0903 -110.6951 222.2343 0.322462 -0.913572 0.247799 0.017209 -0.256081 -0.966502 0.946426 0.315925 -0.066855 80.dat
1 16 62.0729 -110.0595 220.6609 0.307567 -0.950649 0.040861 0.003093 -0.041944 -0.999115 0.951521 0.307422 -0.00996 80.dat
1 16 66.8737 -110.2204 219.0652 0.351282 -0.934706 -0.054085 0.000865 0.058091 -0.998311 0.936269 0.350642 0.021215 80.dat
1 16 71.7485 -110.6751 217.0107 0.424485 -0.900038 -0.098716 0.000729 0.109365 -0.994001 0.905435 0.421867 0.04708 80.dat
1 16 76.4219 -111.3827 214.5907 0.497123 -0.856867 -0.136555 0.00035 0.157577 -0.987507 0.86768 0.490865 0.078635 80.dat
1 16 80.8394 -112.3491 211.8052 0.565132 -0.807918 -0.167016 -0.000085 0.202387 -0.979306 0.825 0.553451 0.114307 80.dat
1 16 84.9964 -113.5339 208.719 0.628635 -0.754161 -0.189892 -0.000558 0.243734 -0.969842 0.777701 0.609782 0.152798 80.dat
1 16 88.8438 -114.9391 205.3364 0.687882 -0.696234 -0.205127 -0.001025 0.281682 -0.959507 0.725822 0.660238 0.19305 80.dat
1 16 92.3881 -116.5284 201.7126 0.741915 -0.635848 -0.212742 -0.001502 0.315714 -0.948853 0.670492 0.704288 0.233278 80.dat
1 16 95.4521 -118.2082 198.0476 0.79015 -0.574671 -0.213111 -0.001843 0.345473 -0.938427 0.612911 0.741891 0.271916 80.dat
1 16 98.3318 -120.1219 194.0138 0.834413 -0.510956 -0.206588 -0.001907 0.372159 -0.928167 0.551136 0.774869 0.30956 80.dat
1 16 100.8782 -122.1653 189.8224 0.874994 -0.443975 -0.193059 -0.001559 0.396187 -0.918169 0.484132 0.803693 0.345969 80.dat
1 16 103.0463 -124.334 185.4836 0.911697 -0.373267 -0.171701 -0.000224 0.417451 -0.908699 0.410864 0.828497 0.380505 80.dat
1 16 104.8431 -126.6046 181.0294 0.943921 -0.298078 -0.141997 0.002304 0.436007 -0.89994 0.330164 0.849145 0.412243 80.dat
1 16 106.2117 -128.9702 176.4736 0.970518 -0.217266 -0.104362 0.005147 0.451565 -0.892223 0.240976 0.865381 0.43937 80.dat
1 16 107.1519 -131.4069 171.8492 0.989943 -0.128362 -0.059463 0.006942 0.463909 -0.885856 0.141296 0.876534 0.460135 80.dat
1 16 107.5656 -133.7842 167.4006 0.999521 -0.030024 -0.007551 0.007518 0.47201 -0.881561 0.030032 0.881082 0.472009 80.dat
1 16 107.4367 -136.3081 162.7347 0.995073 0.083567 0.053346 0.007369 0.474241 -0.880364 -0.098869 0.87642 0.471289 80.dat
1 16 106.6844 -138.8257 158.1299 0.968372 0.217528 0.122215 0.006508 0.467633 -0.883899 -0.249425 0.856738 0.451427 80.dat
1 16 105.1366 -141.275 153.6976 0.907636 0.373664 0.191237 0.004621 0.446668 -0.894688 -0.419732 0.812935 0.403685 80.dat
1 16 102.7521 -143.5713 149.579 0.800961 0.546865 0.243722 0.001755 0.404928 -0.914347 -0.598714 0.732784 0.323372 80.dat
1 16 99.3973 -145.5665 146.032 0.647764 0.717118 0.257184 -0.001364 0.338674 -0.940903 -0.76184 0.609132 0.220359 80.dat
1 16 95.2401 -147.1612 143.2167 0.466559 0.856192 0.221943 -0.003185 0.252552 -0.967578 -0.884484 0.450725 0.120557 80.dat
1 16 90.6687 -148.2001 141.3947 0.286291 0.946039 0.151817 -0.003424 0.159458 -0.987199 -0.958137 0.282106 0.048891 80.dat
1 16 85.5167 -148.7874 140.3697 0.131574 0.988568 0.073631 -0.002473 0.074603 -0.99721 -0.991303 0.131025 0.012261 80.dat
1 16 80.2288 -148.9875 140.0217 0.033747 0.999244 0.01931 -0.00065 0.019343 -0.999813 -0.99943 0.033729 0.001303 80.dat
1 16 74.911 -149 140 0.002143 0.999997 0.001236 -0.000004 0.001236 -0.999999 -0.999998 0.002143 0.000007 80.dat
1 16 69.5927 -149 140 0 1 0 0 0 -1 -1 0 0 80.dat
1 16 64.2744 -149 140 0 1 0 0 0 -1 -1 0 0 80.dat
1 16 58.9561 -149 140 0 1 0 0 0 -1 -1 0 0 80.dat
1 16 53.811 -149 140 0 -1 0 0 0 1 -1 0 0 79.dat
1 0 40 -139 140 0 1 0 1 0 0 0 0 -1 2780.dat
1 0 40 -149 140 1 0 0 0 -1 0 0 0 -1 15100.dat
1 25 -40 -62.053 -282.781 0 0 -1 -0.986 -0.167 0 -0.167 0.986 0 87080.dat
1 71 -100 -63.723 -272.921 0 0 -1 -0.167 0.986 0 0.986 0.167 0 4274.dat
1 71 -80 -63.723 -272.921 0 0 -1 -0.167 0.986 0 0.986 0.167 0 4274.dat
1 25 -70 -65.059 -265.033 1 0 0 0 0.167 0.986 0 -0.986 0.167 2431.dat
1 25 40 -62.06 -282.781 0 0 1 0.986 -0.167 0 0.167 0.986 0 87086.dat
1 71 80 -63.73 -272.921 0 0 1 -0.167 -0.986 0 0.986 -0.167 0 4274.dat
1 71 100 -63.73 -272.921 0 0 1 -0.167 -0.986 0 0.986 -0.167 0 4274.dat
1 25 70 -65.066 -265.033 1 0 0 0 0.167 0.986 0 -0.986 0.167 2431.dat
1 0 40 -67.41 -12.186 -1 0 0 0 -0.391 -0.921 0 -0.921 0.391 18651.dat
1 25 -10 -43.9795 43.09 0 -1 0 -0.3907 0 0.92155 -0.92155 0 -0.3907 32009.dat
1 0 0 -59.6149 6.2539 -1 0 0 0 -0.92155 0.3907 0 0.3907 0.92155 2780.dat
1 0 0 -172.9058 97.8133 -1 0 0 0 -0.92155 0.3907 0 0.3907 0.92155 2780.dat
1 25 10 -43.9795 43.09 0 -1 0 -0.3907 0 0.92155 -0.92155 0 -0.3907 32009.dat
1 71 0 -75.2503 -30.5823 -1 0 0 0 -0.92155 0.3907 0 0.3907 0.92155 4519.dat
1 72 -25 -75.2503 -30.5823 0 1 0 -0.92155 0 0.3907 0.3907 0 0.92155 41677.dat
1 72 25 -75.2503 -30.5823 0 1 0 -0.92155 0 0.3907 0.3907 0 0.92155 41677.dat
1 0 30 -154.4884 89.9954 -1 0 0 0 0.92155 -0.3907 0 -0.3907 -0.92155 15100.dat
1 0 -30 -154.4884 89.9954 1 0 0 0 0.92155 0.3907 0 -0.3907 0.92155 15100.dat
1 0 30 -80.8161 58.7246 -1 0 0 0 0.92155 -0.3907 0 -0.3907 -0.92155 15100.dat
1 0 30 -99.2335 66.5425 0 1 0 0.92155 0 -0.3907 -0.3907 0 -0.92155 32054.dat
1 25 44.142 -67.9256 37.8834 0.707 -0.707 0 0.276205 0.276205 -0.92155 0.651015 0.651015 0.3907 64683.dat
1 0 30 -99.2335 66.5425 0.707 0 0.707 -0.276205 0.92155 0.276205 -0.651015 -0.3907 0.651015 15100.dat
1 0 30 -136.0697 82.1779 0.707 0 0.707 -0.276205 0.92155 0.276205 -0.651015 -0.3907 0.651015 15100.dat
1 0 30 -55.036 17.0426 0 0 -1 -0.92155 0.3907 0 0.3907 0.92155 0 15100.dat
1 0 -30 -80.8161 58.7246 1 0 0 0 -0.92155 -0.3907 0 0.3907 -0.92155 15100.dat
1 0 -30 -99.2335 66.5425 0 1 0 0.92155 0 -0.3907 -0.3907 0 -0.92155 32054.dat
1 0 -30 -99.2335 66.5425 -0.707 0 0.707 -0.276205 0.92155 -0.276205 -0.651015 -0.3907 -0.651015 15100.dat
1 25 -44.142 -67.9256 37.8834 0.707 0.707 0 -0.276205 0.276205 -0.92155 -0.651015 0.651015 0.3907 64391.dat
1 0 -30 -136.0697 82.1779 -0.707 0 0.707 -0.276205 0.92155 -0.276205 -0.651015 -0.3907 -0.651015 15100.dat
1 0 -30 -55.036 17.0426 0 0 -1 -0.92155 0.3907 0 0.3907 0.92155 0 15100.dat
1 19 -30 -51.1266 26.2522 0 0 -1 0.3907 0.92155 0 0.92155 -0.3907 0 3749.dat
1 19 30 -51.1266 26.2522 0 0 -1 0.3907 0.92155 0 0.92155 -0.3907 0 3749.dat
1 15 0 -49.1728 30.8564 0 0 -1 0.92155 -0.3907 0 -0.3907 -0.92155 0 32449.dat
1 4 -30 -145.2797 86.0864 0 0 1 0.92155 0.3907 0 -0.3907 0.92155 0 3705.dat
1 4 30 -145.2797 86.0864 0 0 1 0.92155 0.3907 0 -0.3907 0.92155 0 3705.dat
1 0 -30 -182.115 101.7214 0 1 0 0.3907 0 0.92155 0.92155 0 -0.3907 59443.dat
1 0 30 -182.115 101.7214 0 1 0 0.3907 0 0.92155 0.92155 0 -0.3907 59443.dat
1 0 -40 -67.41 -12.186 1 0 0 0 0.391 -0.921 0 0.921 0.391 18651.dat
1 72 60 -67.41 -12.186 0 1 0 -0.391 0 -0.921 -0.921 0 0.391 18654.dat
1 72 -60 -67.41 -12.186 0 1 0 -0.391 0 -0.921 -0.921 0 0.391 18654.dat
1 4 80 -77.889 51.857 0 -1 0 0.963 0 -0.271 0.271 0 0.963 32062.dat
1 4 80 -106.767 43.73 -1 0 0 0 -0.993 0.118 0 0.118 0.993 32015.dat
1 4 80 -110.31 13.94 0 0 1 0.118 -0.993 0 0.993 0.118 0 32062.dat
1 4 80 -111.492 4.01 1 0 0 0 -0.993 -0.118 0 0.118 -0.993 3713.dat
1 0 0 -152.436 -76.564 -1 0 0 0 0.707 -0.707 0 -0.707 -0.707 2741.dat
1 0 130 -49 -200 0 0 1 0 1 0 -1 0 0 56145.dat
1 256 130 -49 -200 0 0 1 0 1 0 -1 0 0 55978.dat
1 0 130 -49 180 0 0 1 0 1 0 -1 0 0 56145.dat
1 256 130 -49 180 0 0 1 0 1 0 -1 0 0 55978.dat
1 0 -130 -49 180 0 0 -1 0 -1 0 -1 0 0 56145.dat
1 256 -130 -49 180 0 0 -1 0 -1 0 -1 0 0 55978.dat
1 0 -130 -49 -200 0 0 -1 0 -1 0 -1 0 0 56145.dat
1 256 -130 -49 -200 0 0 -1 0 -1 0 -1 0 0 55978.dat
1 0 140 -49 -200 0 1 0 0 0 -1 -1 0 0 2723.dat
1 0 140 -49 180 0 1 0 0 0 -1 -1 0 0 2723.dat
1 0 -150 -49 180 0 1 0 0 0 -1 -1 0 0 2723.dat
1 0 -150 -49 -200 0 1 0 0 0 -1 -1 0 0 2723.dat
