0 Main
0 Name: 8845 - Dune Buggy.mpd
0 Author: LTRON
1 4 0 -15.342 -3.388 0 0 -1 0.342 0.94 0 0.94 -0.342 0 3702.dat
1 4 100 -15.342 -3.388 0 0 -1 0.342 0.94 0 0.94 -0.342 0 3702.dat
1 7 110 -12.785 -25.603 -1 0 0 0 0.94 -0.342 0 -0.342 -0.94 3673.dat
1 7 -10 -12.785 -25.603 -1 0 0 0 0.94 -0.342 0 -0.342 -0.94 3673.dat
1 0 110 7.736 30.779 -1 0 0 0 0.94 -0.342 0 -0.342 -0.94 3706.dat
1 0 -10 7.736 30.779 -1 0 0 0 0.94 -0.342 0 -0.342 -0.94 3706.dat
1 7 80 7.736 30.779 0 0 1 -0.94 -0.342 0 0.342 -0.94 0 3713.dat
1 7 120 7.736 30.779 0 0 -1 -0.94 0.342 0 0.342 0.94 0 3713.dat
1 7 20 7.736 30.779 0 0 -1 -0.94 0.342 0 0.342 0.94 0 3713.dat
1 7 -20 7.736 30.779 0 0 1 0.94 0.342 0 -0.342 0.94 0 3713.dat
1 4 140 -1.661 34.2 0 0 -1 0.342 0.94 0 0.94 -0.342 0 3700.dat
1 4 -40 -1.661 34.2 0 0 -1 0.342 0.94 0 0.94 -0.342 0 3700.dat
1 4 -20 20.891 25.991 1 0 0 0 0.94 0.342 0 -0.342 0.94 3021.dat
1 4 120 20.891 25.991 1 0 0 0 0.94 0.342 0 -0.342 0.94 3021.dat
1 0 0 1.083 65.126 1 0 0 0 0.94 0.342 0 -0.342 0.94 3070.dat
1 0 100 1.083 65.126 1 0 0 0 0.94 0.342 0 -0.342 0.94 3070.dat
1 4 20 -18.949 -163.408 0 0 1 0.174 0.985 0 -0.985 0.174 0 3895.dat
1 4 80 -18.949 -163.408 0 0 1 0.174 0.985 0 -0.985 0.174 0 3895.dat
1 7 90 -2.155 -201.063 -1 0 0 0 0.985 0.174 0 0.174 -0.985 3673.dat
1 7 10 -2.155 -201.063 -1 0 0 0 0.985 0.174 0 0.174 -0.985 3673.dat
1 0 50 -16.047 -122.279 -1 0 0 0 0.985 0.174 0 0.174 -0.985 3708.dat
1 7 100 -16.047 -122.279 0 0 -1 -0.985 -0.174 0 -0.174 0.985 0 3713.dat
1 7 0 -16.047 -122.279 0 0 1 -0.985 0.174 0 -0.174 -0.985 0 3713.dat
1 7 100 -14.755 -185.523 1 0 0 0 0.777 -0.63 0 0.63 0.777 3651.dat
1 0 100 -21.055 -177.753 0 0 -1 -0.63 0.777 0 0.777 0.63 0 3704.dat
1 7 100 -27.355 -169.983 -1 0 0 0 0.777 0.63 0 0.63 -0.777 3651.dat
1 7 110 -39.955 -154.443 -1 0 0 0 0.777 0.63 0 0.63 -0.777 3673.dat
1 7 0 -14.755 -185.523 -1 0 0 0 -0.777 -0.63 0 -0.63 0.777 3651.dat
1 0 0 -21.055 -177.753 0 0 1 -0.63 -0.777 0 0.777 -0.63 0 3704.dat
1 7 0 -27.355 -169.983 1 0 0 0 -0.777 0.63 0 -0.63 -0.777 3651.dat
1 7 -10 -39.955 -154.443 1 0 0 0 -0.777 0.63 0 -0.63 -0.777 3673.dat
1 4 50 -44.193 -66.316 1 0 0 0 0.985 -0.174 0 0.174 0.985 3020.dat
1 14 20 -37.247 -105.708 0 0 1 0.174 0.985 0 -0.985 0.174 0 3023.dat
1 14 80 -37.247 -105.708 0 0 1 0.174 0.985 0 -0.985 0.174 0 3023.dat
1 0 50 -26.466 -63.19 1 0 0 0 0.985 -0.174 0 0.174 0.985 3708.dat
1 0 -10 23.787 -267.569 -1 0 0 0 0.985 0.174 0 0.174 -0.985 4263.dat
1 0 90 23.787 -267.569 -1 0 0 0 0.985 0.174 0 0.174 -0.985 4262.dat
1 0 50 31.666 -266.18 -1 0 0 0 0.985 0.174 0 0.174 -0.985 3460.dat
1 4 50 21.118 -298.502 0 0 -1 -0.174 0.985 0 0.985 0.174 0 3020.dat
1 4 50 8.03 -270.347 1 0 0 0 0.985 -0.174 0 0.174 0.985 3023.dat
1 7 50 13.24 -299.892 1 0 0 0 0.985 -0.174 0 0.174 0.985 3068.dat
1 7 -40 0.152 -271.736 -1 0 0 0 0.985 0.174 0 0.174 -0.985 4261.dat
1 7 140 0.152 -271.736 -1 0 0 0 0.985 0.174 0 0.174 -0.985 4261.dat
1 4 50 0.152 -271.736 1 0 0 0 0.985 -0.174 0 0.174 0.985 3023.dat
1 4 100 0.152 -271.736 -1 0 0 0 0.985 0.174 0 0.174 -0.985 3005.dat
1 4 0 0.152 -271.736 -1 0 0 0 0.985 0.174 0 0.174 -0.985 3005.dat
1 7 50 2.692 -332.214 -1 0 0 0 0.985 0.174 0 0.174 -0.985 3004.dat
1 7 150 10 -270 1 0 0 0 0.985 -0.174 0 0.174 0.985 3749.dat
1 7 -50 10 -270 -1 0 0 0 0.985 0.174 0 0.174 -0.985 3749.dat
1 7 -40 7.098 -311.129 0 0 -1 0.985 0.174 0 0.174 -0.985 0 3749.dat
1 7 140 5.128 -311.476 0 0 -1 0.985 0.174 0 0.174 -0.985 0 3749.dat
1 4 120 -48.106 -148.206 0 0 -1 0.601 0.799 0 0.799 -0.601 0 3894.dat
1 4 -20 -48.106 -148.206 0 0 -1 0.601 0.799 0 0.799 -0.601 0 3894.dat
1 4 50 -52.071 -67.705 1 0 0 0 0.985 -0.174 0 0.174 0.985 3795.dat
1 14 80 -45.125 -107.098 0 0 1 0.174 0.985 0 -0.985 0.174 0 3023.dat
1 14 20 -45.125 -107.098 0 0 1 0.174 0.985 0 -0.985 0.174 0 3023.dat
1 0 50 -0.781 -312.518 1 0 0 0 0.985 -0.174 0 0.174 0.985 3666.dat
1 0 110 -8.659 -313.907 1 0 0 0 0.985 -0.174 0 0.174 0.985 4263.dat
1 0 10 -8.659 -313.907 1 0 0 0 0.985 -0.174 0 0.174 0.985 4262.dat
1 7 50 -16.538 -315.296 1 0 0 0 0.985 -0.174 0 0.174 0.985 3743.dat
1 14 20 -72.234 -91.569 0 0 1 0.174 0.985 0 -0.985 0.174 0 3010.dat
1 14 80 -72.234 -91.569 0 0 1 0.174 0.985 0 -0.985 0.174 0 3010.dat
1 0 110 -7.727 -273.126 1 0 0 0 0.985 -0.174 0 0.174 0.985 4263.dat
1 0 10 -7.727 -273.126 1 0 0 0 0.985 -0.174 0 0.174 0.985 4262.dat
1 4 100 -86.125 -12.784 0 0 -1 -0.174 0.985 0 0.985 0.174 0 3702.dat
1 4 0 -86.125 -12.784 0 0 -1 -0.174 0.985 0 0.985 0.174 0 3702.dat
1 7 110 -65.858 -70.136 -1 0 0 0 0.985 0.174 0 0.174 -0.985 3673.dat
1 7 110 -86.696 48.041 -1 0 0 0 0.985 0.174 0 0.174 -0.985 3673.dat
1 7 -10 -65.858 -70.136 -1 0 0 0 0.985 0.174 0 0.174 -0.985 3673.dat
1 7 -10 -86.696 48.041 -1 0 0 0 0.985 0.174 0 0.174 -0.985 3673.dat
1 0 50 -15.605 -274.515 -1 0 0 0 0.985 0.174 0 0.174 -0.985 3460.dat
1 4 50 -39.24 -278.682 -1 0 0 0 0.985 0.174 0 0.174 -0.985 3894.dat
1 0 50 -27.656 -286.794 0 0 1 0.174 0.985 0 -0.985 0.174 0 3705.dat
1 7 50 -25.919 -296.642 1 0 0 0 0.985 -0.174 0 0.174 0.985 3647.dat
1 7 50 -22.446 -316.338 1 0 0 0 0.985 -0.174 0 0.174 0.985 3647.dat
1 7 50 -32.865 -257.25 1 0 0 0 0.985 -0.174 0 0.174 0.985 4019.dat
1 7 50 -5.186 -333.603 1 0 0 0 0.985 -0.174 0 0.174 0.985 3710.dat
1 0 50 -13.065 -334.993 1 0 0 0 0.985 -0.174 0 0.174 0.985 3710.dat
1 7 50 -20.943 -336.382 1 0 0 0 0.985 -0.174 0 0.174 0.985 3710.dat
1 0 50 -28.821 -337.771 1 0 0 0 0.985 -0.174 0 0.174 0.985 3710.dat
1 7 20 -41.909 -309.616 0 0 -1 -0.174 0.985 0 0.985 0.174 0 3710.dat
1 7 50 -47.119 -280.072 -1 0 0 0 0.985 0.174 0 0.174 -0.985 3023.dat
1 7 50 -36.7 -339.16 -1 0 0 0 0.985 0.174 0 0.174 -0.985 3023.dat
1 7 80 -41.909 -309.616 0 0 -1 -0.174 0.985 0 0.985 0.174 0 3710.dat
1 7 50 -54.997 -281.461 1 0 0 0 0.985 -0.174 0 0.174 0.985 3710.dat
1 0 50 -44.578 -340.549 1 0 0 0 0.985 -0.174 0 0.174 0.985 3710.dat
1 7 50 -52.457 -341.938 1 0 0 0 0.985 -0.174 0 0.174 0.985 3710.dat
1 0 50 -60.335 -343.328 1 0 0 0 0.985 -0.174 0 0.174 0.985 3710.dat
1 4 120 -42.459 -127.419 0 0 -1 0.601 0.799 0 0.799 -0.601 0 3710.dat
1 4 -20 -42.459 -127.419 0 0 -1 0.601 0.799 0 0.799 -0.601 0 3710.dat
1 4 120 -44.426 -76.511 0 0 -1 -0.985 -0.174 0 -0.174 0.985 0 3701.dat
1 4 -20 -44.426 -76.511 0 0 -1 -0.985 -0.174 0 -0.174 0.985 0 3701.dat
1 0 90 -34.602 -247.402 0 0 1 0.174 0.985 0 -0.985 0.174 0 3705.dat
1 7 90 -32.865 -257.25 1 0 0 0 0.985 -0.174 0 0.174 0.985 4019.dat
1 4 50 -78.568 -175.337 1 0 0 0 0.799 0.601 0 -0.601 0.799 3738.dat
1 0 90 -84.158 -171.124 0 0 1 0.829 0.56 0 -0.56 0.829 0 3705.dat
1 7 90 -43.536 -198.525 0 1 0 -0.56 0 -0.829 -0.829 0 0.56 62520.dat
1 7 90 -43.111 -199.146 -1 0 0 0 0.985 0.174 0 0.174 -0.985 62520.dat
1 7 90 -43.536 -198.525 0 1 0 -0.56 0 -0.829 -0.829 0 0.56 62519.dat
1 7 90 -91.619 -166.091 1 0 0 0 0.56 -0.829 0 0.829 0.56 3713.dat
1 7 90 -113.174 -151.553 1 0 0 0 0.56 -0.829 0 0.829 0.56 4185.dat
1 4 140 -29.368 -104.319 0 0 -1 -0.174 0.985 0 0.985 0.174 0 3894.dat
1 4 -40 -29.368 -104.319 0 0 -1 -0.174 0.985 0 0.985 0.174 0 3894.dat
1 16 120 -12.785 -25.603 0 0 -1 -0.707 -0.707 0 -0.707 0.707 0 4255.dat
1 0 120 -86.313 47.925 0 0 -1 -0.707 -0.707 0 -0.707 0.707 0 4254.dat
1 16 -20 -13.157 -25.499 0 0 -1 -0.707 -0.707 0 -0.707 0.707 0 4255.dat
1 0 -20 -86.685 48.029 0 0 -1 -0.707 -0.707 0 -0.707 0.707 0 4254.dat
1 4 50 -90.531 -33.87 1 0 0 0 0.985 -0.174 0 0.174 0.985 3832.dat
1 4 50 -104.423 44.915 1 0 0 0 0.985 -0.174 0 0.174 0.985 3033.dat
1 4 -20 -135.004 80.14 0 0 1 0.174 0.985 0 -0.985 0.174 0 3700.dat
1 4 120 -135.004 80.14 0 0 1 0.174 0.985 0 -0.985 0.174 0 3700.dat
1 4 50 -136.741 89.988 -1 0 0 0 0.985 0.174 0 0.174 -0.985 3009.dat
1 4 50 -112.43 -47.885 -1 0 0 0 0.985 0.174 0 0.174 -0.985 3008.dat
1 4 140 -121.112 1.355 0 0 -1 -0.174 0.985 0 0.985 0.174 0 3009.dat
1 4 -40 -121.112 1.355 0 0 -1 -0.174 0.985 0 0.985 0.174 0 3009.dat
1 7 130 -125.156 81.876 1 0 0 0 0.978 -0.208 0 0.208 0.978 3673.dat
1 7 -30 -125.156 81.876 1 0 0 0 0.985 -0.174 0 0.174 0.985 3673.dat
1 7 160 -16.047 -122.279 0 0 -1 0.985 0.174 0 0.174 -0.985 0 3713.dat
1 7 160 -26.466 -63.19 0 0 -1 0.985 0.174 0 0.174 -0.985 0 3713.dat
1 7 -60 -16.047 -122.279 0 0 1 0.985 -0.174 0 0.174 0.985 0 3713.dat
1 7 -60 -26.466 -63.19 0 0 1 0.985 -0.174 0 0.174 0.985 0 3713.dat
1 7 130 -64.179 -186.163 -1 0 0 0 -0.174 0.985 0 0.985 0.174 3673.dat
1 7 -30 -64.179 -186.163 -1 0 0 0 -0.174 0.985 0 0.985 0.174 3673.dat
1 14 50 -83.585 -73.262 -1 0 0 0 0.985 0.174 0 0.174 -0.985 3795.dat
1 14 50 -93.2 -64.803 -1 0 0 0 0.985 0.174 0 0.174 -0.985 3666.dat
1 14 50 -116.835 -68.971 -1 0 0 0 0.985 0.174 0 0.174 -0.985 3008.dat
1 14 50 -140.471 -73.138 -1 0 0 0 0.985 0.174 0 0.174 -0.985 3008.dat
1 14 0 -164.106 -77.306 0 0 1 0.174 0.985 0 -0.985 0.174 0 3040.dat
1 14 20 -164.106 -77.306 0 0 -1 -0.174 0.985 0 0.985 0.174 0 3040.dat
1 14 80 -164.106 -77.306 0 0 1 0.174 0.985 0 -0.985 0.174 0 3040.dat
1 14 100 -164.106 -77.306 0 0 -1 -0.174 0.985 0 0.985 0.174 0 3040.dat
1 4 150 -37.247 -105.708 0 0 -1 -0.174 0.985 0 0.985 0.174 0 3795.dat
1 4 -50 -37.247 -105.708 0 0 -1 -0.174 0.985 0 0.985 0.174 0 3795.dat
1 4 140 -52.999 -194.584 0.999 0 0 0 0.799 0.601 0 -0.601 0.799 3021.dat
1 4 -40 -53.002 -194.581 0.999 0 0 0 0.799 0.601 0 -0.601 0.799 3021.dat
1 7 140 -83.984 -183.38 1 0 0 0 0.122 -0.992 0 0.992 0.122 3651.dat
1 7 -40 -83.984 -183.38 1 0 0 0 0.122 -0.992 0 0.992 0.122 3651.dat
1 7 140 -144.381 76.363 1 0 0 0 -0.276 -0.962 0 0.962 -0.276 3651.dat
1 0 -40 -133.611 -177.286 0 0 -1 -0.992 0.122 0 0.122 0.992 0 3706.dat
1 0 140 -196.29 61.479 0 0 -1 -0.962 -0.276 0 -0.276 0.962 0 3706.dat
1 0 140 -133.611 -177.286 0 0 -1 -0.992 0.122 0 0.122 0.992 0 3706.dat
1 7 140 -183.239 -171.193 1 0 0 0 -0.122 0.992 0 -0.992 -0.122 4273.dat
1 7 140 -244.353 47.697 1 0 0 0 0.276 0.962 0 -0.962 0.276 4273.dat
1 7 -40 -183.239 -171.193 -1 0 0 0 0.122 0.992 0 0.992 -0.122 4273.dat
1 7 140 -258.065 22.959 -1 0 0 0 0.962 0.276 0 0.276 -0.962 4273.dat
1 0 140 -233.257 -63.555 0 0 1 -0.276 -0.962 0 0.962 -0.276 0 3737.dat
1 7 140 -208.45 -150.067 -1 0 0 0 -0.962 -0.276 0 -0.276 0.962 4273.dat
1 7 -40 -144.381 76.363 1 0 0 0 -0.276 -0.962 0 0.962 -0.276 3651.dat
1 0 -40 -196.29 61.479 0 0 -1 -0.962 -0.276 0 -0.276 0.962 0 3706.dat
1 7 -40 -244.353 47.697 -1 0 0 0 -0.276 0.962 0 0.962 0.276 4273.dat
1 7 -40 -258.065 22.959 1 0 0 0 -0.962 0.276 0 -0.276 -0.962 4273.dat
1 0 -40 -233.257 -63.555 0 0 1 -0.276 -0.962 0 0.962 -0.276 0 3737.dat
1 7 -40 -208.45 -150.067 1 0 0 0 0.962 -0.276 0 0.276 0.962 4273.dat
1 7 -20 -252.552 3.734 0 0 1 -0.276 -0.962 0 0.962 -0.276 0 3651.dat
1 7 -20 -213.963 -130.843 0 0 1 -0.276 -0.962 0 0.962 -0.276 0 3651.dat
1 7 120 -252.552 3.734 0 0 -1 -0.276 0.962 0 0.962 0.276 0 3651.dat
1 7 120 -213.963 -130.843 0 0 -1 -0.276 0.962 0 0.962 0.276 0 3651.dat
1 7 -40 -219.476 -111.618 -1 0 0 0 0.962 0.276 0 0.276 -0.962 3713.dat
1 7 140 -219.476 -111.618 -1 0 0 0 0.962 0.276 0 0.276 -0.962 3713.dat
1 7 140 -247.039 -15.491 1 0 0 0 0.962 -0.276 0 0.276 0.962 3713.dat
1 7 -40 -247.039 -15.491 1 0 0 0 0.962 -0.276 0 0.276 0.962 3713.dat
1 0 50 -213.963 -130.843 1 0 0 0 0.961 -0.276 0 0.276 0.961 3707.dat
1 0 50 -252.552 3.734 1 0 0 0 0.961 -0.276 0 0.276 0.961 3707.dat
1 7 150 -263.578 42.185 1 0 0 0 0.962 -0.276 0 0.276 0.962 4274.dat
1 7 150 -202.938 -169.293 1 0 0 0 0.962 -0.276 0 0.276 0.962 4274.dat
1 7 -50 -202.938 -169.293 -1 0 0 0 0.971 0.242 0 0.242 -0.971 4274.dat
1 7 -50 -263.578 42.185 -1 0 0 0 0.962 0.276 0 0.276 -0.962 4274.dat
1 14 50 -76.639 -112.654 1 0 0 0 0.985 -0.174 0 0.174 0.985 3034.dat
1 7 160 10 -270 0 0 -1 -0.174 0.985 0 0.985 0.174 0 3482.dat
1 256 160 10 -270 0 0 -1 -0.174 0.985 0 0.985 0.174 0 3634.dat
1 7 160 7.736 30.779 0 0 -1 0.342 0.94 0 0.94 -0.342 0 3482.dat
1 256 160 7.736 30.779 0 0 -1 0.342 0.94 0 0.94 -0.342 0 3634.dat
1 7 -60 7.736 30.779 0 0 1 0.94 0.342 0 -0.342 0.94 0 3482.dat
1 256 -60 7.736 30.779 0 0 1 0.94 0.342 0 -0.342 0.94 0 3634.dat
1 7 -60 10 -270 0 0 1 0.174 0.985 0 -0.985 0.174 0 3482.dat
1 256 -60 10 -270 0 0 1 0.174 0.985 0 -0.985 0.174 0 3634.dat
