0 Main
0 Name: 10227-1 - B-wing Starfighter.mpd
0 Author: LTRON
1 0 -60 14.468 45.886 0 1 0 0.819 0 -0.574 -0.574 0 -0.819 32009.dat
1 0 -60 47.234 22.943 -1 0 0 0 0.819 -0.574 0 -0.574 -0.819 32054.dat
1 0 -60 37.411 78.652 -1 0 0 0 0.819 -0.574 0 -0.574 -0.819 32054.dat
1 0 -60 83.297 144.184 -1 0 0 0 0.819 -0.574 0 -0.574 -0.819 32054.dat
1 71 0 37.411 78.652 -1 0 0 0 0.819 -0.574 0 -0.574 -0.819 32073.dat
1 71 -2 83.297 144.184 -1 0 0 0 0.819 -0.574 0 -0.574 -0.819 32073.dat
1 71 0 47.234 22.943 -1 0 0 0 0.819 -0.574 0 -0.574 -0.819 32073.dat
1 0 58 83.297 144.184 1 0 0 0 -0.819 -0.574 0 0.574 -0.819 32054.dat
1 0 60 37.411 78.652 1 0 0 0 -0.819 -0.574 0 0.574 -0.819 32054.dat
1 0 60 47.234 22.943 1 0 0 0 -0.819 -0.574 0 0.574 -0.819 32054.dat
1 0 60 14.468 45.886 0 1 0 0.819 0 -0.574 -0.574 0 -0.819 32009.dat
1 0 -80 14.468 45.886 0 1 0 0.819 0 -0.574 -0.574 0 -0.819 32009.dat
1 0 80 14.468 45.886 0 1 0 0.819 0 -0.574 -0.574 0 -0.819 32009.dat
1 1 90 80 0 -1 0 0 0 0.574 0.819 0 0.819 -0.574 43093.dat
1 1 -90 80 0 1 0 0 0 -0.5 0.866 0 -0.866 -0.5 43093.dat
1 0 90 94.769 160.567 1 0 0 0 -0.574 0.819 0 -0.819 -0.574 2780.dat
1 0 -90 94.769 160.567 1 0 0 0 -0.574 0.819 0 -0.819 -0.574 2780.dat
1 0 -110 120 40 -1 0 0 0 0 -1 0 -1 0 2780.dat
1 1 -100 160 60 1 0 0 0 -0.545 -0.839 0 0.839 -0.545 6558.dat
1 1 -100 160 40 1 0 0 0 0 -1 0 1 0 6558.dat
1 0 -100 127.322 110.32 0 -1 0 -0.839 0 0.545 -0.545 0 -0.839 32524.dat
1 0 -100 160 40 0 1 0 0 0 -1 -1 0 0 32526.dat
1 0 -80 160 50 0 1 0 1 0 0 0 0 -1 43857.dat
1 0 110 120.125 39.927 1 0 0 0 1 0 0 0 1 2780.dat
1 1 100 160.125 59.927 -1 0 0 0 -0.839 -0.545 0 -0.545 0.839 6558.dat
1 1 100 160.125 39.927 -1 0 0 0 -1 0 0 0 1 6558.dat
1 0 80 160.125 49.927 0 1 0 -1 0 0 0 0 1 43857.dat
1 0 100 127.447 110.247 0 -1 0 0.839 0 -0.545 0.545 0 0.839 32524.dat
1 0 100 160.125 39.927 0 1 0 0 0 -1 -1 0 0 32526.dat
1 71 -50 -200 175 -1 0 0 0 0.574 0.819 0 0.819 -0.574 30355.dat
1 71 30 -200 175 0 0 -1 -0.819 0.574 0 0.574 0.819 0 2445.dat
1 1 10 -237.352 191.408 0 0 -1 -0.819 0.574 0 0.574 0.819 0 3738.dat
1 2 -40 -188.212 156.968 1 0 0 0 0.574 -0.819 0 0.819 0.574 3021.dat
1 19 -20 -253.732 202.888 0 0 1 0.819 0.574 0 -0.574 0.819 0 3666.dat
1 71 -60 -253.732 202.888 -1 0 0 0 0.574 0.819 0 0.819 -0.574 54384.dat
1 71 -100 -155.452 134.008 -1 0 0 0 0.574 0.819 0 0.819 -0.574 54384.dat
1 72 10 -139.072 122.528 -1 0 0 0 0.574 0.819 0 0.819 -0.574 3035.dat
1 71 50 -270.112 214.368 0 0 -1 -0.819 0.574 0 0.574 0.819 0 2445.dat
1 72 50 -347.42 278.32 0 0 -1 -0.819 0.574 0 0.574 0.819 0 3958.dat
1 71 80 -281.9 232.4 1 0 0 0 0.574 -0.819 0 0.819 0.574 3021.dat
1 71 90 -232.76 197.96 0 0 -1 -0.819 0.574 0 0.574 0.819 0 6179.dat
1 71 90 -167.24 152.04 0 0 -1 -0.819 0.574 0 0.574 0.819 0 3031.dat
1 71 80 -118.1 117.6 1 0 0 0 0.574 -0.819 0 0.819 0.574 3021.dat
1 0 100 -140.066 103.684 0 0 -1 -0.819 0.574 0 0.574 0.819 0 87087.dat
1 0 100 -123.686 92.204 0 0 -1 -0.819 0.574 0 0.574 0.819 0 87087.dat
1 0 100 -241.944 184.856 0 0 -1 -0.819 0.574 0 0.574 0.819 0 87609.dat
1 72 118 -213.93 172.55 0 -1 0 0.574 0 -0.819 0.819 0 0.574 2555.dat
1 72 118 -230.31 184.03 0 -1 0 0.574 0 -0.819 0.819 0 0.574 2555.dat
1 72 110 -254.88 201.25 0 -1 0 0.819 0 0.574 -0.574 0 0.819 85984.dat
1 70 80 -180.022 151.228 1 0 0 0 0.574 -0.819 0 0.819 0.574 6141.dat
1 1 100 -163.642 139.748 0 0 1 0.819 0.574 0 -0.574 0.819 0 3623.dat
1 71 90 -352.012 271.768 0 0 1 0.819 0.574 0 -0.574 0.819 0 3034.dat
1 72 -40 -347.42 278.32 -1 0 0 0 0.574 0.819 0 0.819 -0.574 54384.dat
1 71 10 -401.152 306.208 -1 0 0 0 0.574 0.819 0 0.819 -0.574 3795.dat
1 19 10 -376.582 288.988 -1 0 0 0 0.574 0.819 0 0.819 -0.574 3666.dat
1 71 100 -287.486 207.004 0 0 -1 -0.819 0.574 0 0.574 0.819 0 6091.dat
1 71 100 -303.866 218.484 0 0 -1 -0.819 0.574 0 0.574 0.819 0 6091.dat
1 72 100 -344.816 247.184 0 0 -1 -0.819 0.574 0 0.574 0.819 0 6081.dat
1 71 -60 -127.284 104.496 0 0 1 0.819 0.574 0 -0.574 0.819 0 44302.dat
1 71 -40 -127.284 104.496 0 0 1 0.819 0.574 0 -0.574 0.819 0 44302.dat
1 71 -20 -127.284 104.496 0 0 1 0.819 0.574 0 -0.574 0.819 0 44302.dat
1 71 0 -127.284 104.496 0 0 1 0.819 0.574 0 -0.574 0.819 0 44302.dat
1 71 20 -127.284 104.496 0 0 1 0.819 0.574 0 -0.574 0.819 0 44302.dat
1 71 40 -127.284 104.496 0 0 1 0.819 0.574 0 -0.574 0.819 0 44302.dat
1 71 70 -127.284 104.496 1 0 0 0 0.574 -0.819 0 0.819 0.574 3022.dat
1 14 30 -176.424 138.936 1 0 0 0 0.574 -0.819 0 0.819 0.574 3035.dat
1 1 70 -291.084 219.296 0 0 1 0.819 0.574 0 -0.574 0.819 0 3832.dat
1 4 30 -258.324 196.336 0 0 1 0.819 0.574 0 -0.574 0.819 0 3795.dat
1 19 0 -258.324 196.336 0 0 1 0.819 0.574 0 -0.574 0.819 0 3666.dat
1 71 -30 -270.112 214.368 0 0 1 0.819 0.574 0 -0.574 0.819 0 88930.dat
1 71 -40 -225.564 173.376 -1 0 0 0 0.574 0.819 0 0.819 -0.574 3021.dat
1 2 40 -340.224 253.736 0 0 -1 -0.819 0.574 0 0.574 0.819 0 3710.dat
1 71 10 -413.934 305.396 1 0 0 0 0.574 -0.819 0 0.819 0.574 4477.dat
1 71 -10 -381.174 282.436 1 0 0 0 0.574 -0.819 0 0.819 0.574 3460.dat
1 4 50 -406.738 280.812 1 0 0 0 0.574 -0.819 0 0.819 0.574 3004.dat
1 72 10 -406.738 280.812 0 0 1 0.819 0.574 0 -0.574 0.819 0 41763.dat
1 72 10 -361.196 258.664 0 0 1 0.819 0.574 0 -0.574 0.819 0 93606.dat
1 72 10 -328.436 235.704 0 0 1 0.819 0.574 0 -0.574 0.819 0 93606.dat
1 71 80 -400.998 289.002 0 1 0 0.574 0 0.819 0.819 0 -0.574 60483.dat
1 0 90 -384.618 277.522 -1 0 0 0 0.574 0.819 0 0.819 -0.574 2780.dat
1 71 100 -398.548 275.072 0 0 -1 -0.819 0.574 0 0.574 0.819 0 32000.dat
1 72 30 -164.636 120.904 1 0 0 0 0.574 -0.819 0 0.819 0.574 3958.dat
1 71 100 -185.608 125.832 0 0 -1 -0.819 0.574 0 0.574 0.819 0 6081.dat
1 71 50 -262.916 189.784 0 0 -1 -0.819 0.574 0 0.574 0.819 0 10202.dat
1 72 90 -344.816 247.184 0 0 -1 -0.819 0.574 0 0.574 0.819 0 87079.dat
1 72 60 -344.816 247.184 0 0 -1 -0.819 0.574 0 0.574 0.819 0 2431.dat
1 71 -30 -238.346 172.564 1 0 0 0 0.574 -0.819 0 0.819 0.574 30244.dat
1 71 -30 -221.966 161.084 1 0 0 0 0.574 -0.819 0 0.819 0.574 30244.dat
1 19 -40 -131.876 97.944 0 0 1 0.819 0.574 0 -0.574 0.819 0 3023.dat
1 71 30 -415.922 267.708 1 0 0 0 0.574 -0.819 0 0.819 0.574 6081.dat
1 71 -50 -415.922 267.708 -1 0 0 0 0.574 0.819 0 0.819 -0.574 6081.dat
1 71 30 -432.302 279.188 -1 0 0 0 0.574 0.819 0 0.819 -0.574 6191.dat
1 71 -50 -399.542 256.228 1 0 0 0 0.574 -0.819 0 0.819 0.574 6191.dat
1 71 80 -415.922 267.708 -1 0 0 0 0.574 0.819 0 0.819 -0.574 6091.dat
1 71 100 -415.922 267.708 -1 0 0 0 0.574 0.819 0 0.819 -0.574 6091.dat
1 71 90 -390.358 269.332 1 0 0 0 0.574 -0.819 0 0.819 0.574 85984.dat
1 72 118 -126.136 106.134 0 -1 0 -0.819 0 -0.574 0.574 0 -0.819 99780.dat
1 72 126 -126.136 106.134 0 -1 0 -0.819 0 -0.574 0.574 0 -0.819 30244.dat
1 71 120 -113.508 124.152 0 0 1 -0.819 -0.574 0 0.574 -0.819 0 3069.dat
1 71 50 -169.228 114.352 1 0 0 0 0.574 -0.819 0 0.819 0.574 3958.dat
1 71 -20 -136.468 91.392 0 0 1 0.819 0.574 0 -0.574 0.819 0 30244.dat
1 71 -70 -136.468 91.392 0 0 1 0.819 0.574 0 -0.574 0.819 0 93606.dat
1 71 -50 -169.228 114.352 0 0 1 0.819 0.574 0 -0.574 0.819 0 93606.dat
1 71 -50 -201.988 137.312 0 0 1 0.819 0.574 0 -0.574 0.819 0 93606.dat
1 71 80 -415.922 267.708 -1 0 0 0 0.574 0.819 0 0.819 -0.574 63864.dat
1 71 10 -415.922 267.708 -1 0 0 0 0.574 0.819 0 0.819 -0.574 2431.dat
1 72 -50 -411.33 274.26 0 0 1 0.819 0.574 0 -0.574 0.819 0 61409.dat
1 0 180 -400.998 289.002 1 0 0 0 -0.574 0.819 0 -0.819 -0.574 3708.dat
1 72 310 -400.998 289.002 0 0 1 0.819 0.574 0 -0.574 0.819 0 59443.dat
1 71 270 -400.998 289.002 -1 0 0 0 -0.574 -0.819 0 -0.819 0.574 62462.dat
1 71 240 -400.998 289.002 0 0 1 -0.819 -0.574 0 0.574 -0.819 0 42610.dat
1 71 220 -400.998 289.002 0 0 1 -0.819 -0.574 0 0.574 -0.819 0 42610.dat
1 71 200 -400.998 289.002 0 0 1 -0.819 -0.574 0 0.574 -0.819 0 42610.dat
1 71 180 -400.998 289.002 0 0 1 -0.819 -0.574 0 0.574 -0.819 0 42610.dat
1 71 160 -400.998 289.002 0 0 1 -0.819 -0.574 0 0.574 -0.819 0 42610.dat
1 0 390 -400.998 289.002 1 0 0 0 -0.574 0.819 0 -0.819 -0.574 3707.dat
1 71 120 -406.738 280.812 0 0 1 0.819 0.574 0 -0.574 0.819 0 32064.dat
1 71 140 -417.378 300.482 0 -1 0 -0.574 0 0.819 -0.819 0 -0.574 60483.dat
1 71 350 -400.998 289.002 -1 0 0 0 -0.574 -0.819 0 -0.819 0.574 62462.dat
1 71 390 -400.998 289.002 -1 0 0 0 -0.574 -0.819 0 -0.819 0.574 62462.dat
1 71 415 -400.998 289.002 0 0 1 -0.574 0.819 0 -0.819 -0.574 0 32123.dat
1 71 437 -400.998 289.002 1 0 0 0 0.574 -0.819 0 0.819 0.574 2585.dat
1 72 464 -400.998 289.002 0 0 -1 0.574 0.819 0 0.819 -0.574 0 3647.dat
1 0 232 -417.378 300.482 0 1 0 0.574 0 0.819 0.819 0 -0.574 63965.dat
1 72 242 -417.378 300.482 -1 0 0 0 -0.819 0.574 0 0.574 0.819 32002.dat
1 71 120 -411.33 274.26 0 0 -1 -0.819 0.574 0 0.574 0.819 0 3794.dat
1 72 120 -413.626 270.984 0 0 -1 -0.819 0.574 0 0.574 0.819 0 30162.dat
1 71 150 -392.962 300.468 0 0 -1 -0.819 0.574 0 0.574 0.819 0 47755.dat
1 71 -50.021 140.7505 -63.7177 1 0 0 0 0.574 -0.819 0 0.819 0.574 30356.dat
1 71 29.979 140.7505 -63.7177 0 0 1 0.819 0.574 0 -0.574 0.819 0 2445.dat
1 1 9.979 168.9185 -93.2297 0 0 1 0.819 0.574 0 -0.574 0.819 0 3738.dat
1 19 -20.021 185.2985 -104.7097 0 0 1 0.819 0.574 0 -0.574 0.819 0 3666.dat
1 2 -40.021 119.7785 -58.7897 -1 0 0 0 0.574 0.819 0 0.819 -0.574 3021.dat
1 71 -60.021 185.2985 -104.7097 1 0 0 0 0.574 -0.819 0 0.819 0.574 54383.dat
1 71 -100.021 87.0185 -35.8297 1 0 0 0 0.574 -0.819 0 0.819 0.574 54383.dat
1 72 9.979 70.6385 -24.3497 1 0 0 0 0.574 -0.819 0 0.819 0.574 3035.dat
1 71 49.979 201.6785 -116.1897 0 0 -1 -0.819 0.574 0 0.574 0.819 0 2445.dat
1 72 49.979 288.1705 -167.0377 0 0 -1 -0.819 0.574 0 0.574 0.819 0 3958.dat
1 71 89.979 222.6505 -121.1177 0 0 -1 -0.819 0.574 0 0.574 0.819 0 3022.dat
1 71 89.979 173.5105 -86.6777 0 0 -1 -0.819 0.574 0 0.574 0.819 0 6179.dat
1 71 89.979 107.9905 -40.7577 0 0 -1 -0.819 0.574 0 0.574 0.819 0 3031.dat
1 71 79.979 58.8505 -6.3177 1 0 0 0 0.574 -0.819 0 0.819 0.574 3021.dat
1 0 99.979 36.8845 -20.2337 0 0 -1 -0.819 0.574 0 0.574 0.819 0 87087.dat
1 0 99.979 53.2645 -31.7137 0 0 -1 -0.819 0.574 0 0.574 0.819 0 87087.dat
1 70 79.979 111.5885 -53.0497 1 0 0 0 0.574 -0.819 0 0.819 0.574 6141.dat
1 1 99.979 95.2085 -41.5697 0 0 1 0.819 0.574 0 -0.574 0.819 0 3623.dat
1 0 99.979 164.3265 -99.7817 0 0 -1 -0.819 0.574 0 0.574 0.819 0 87609.dat
1 72 117.979 175.9605 -100.6077 0 -1 0 -0.819 0 -0.574 0.574 0 -0.819 3024.dat
1 72 125.979 175.9605 -100.6077 0 -1 0 -0.819 0 -0.574 0.574 0 -0.819 3070.dat
1 72 117.979 159.5805 -89.1277 0 -1 0 -0.574 0 0.819 -0.819 0 -0.574 2555.dat
1 72 117.979 143.2005 -77.6477 0 -1 0 -0.574 0 0.819 -0.819 0 -0.574 2555.dat
1 72 109.979 192.3405 -112.0877 0 -1 0 0.574 0 -0.819 0.819 0 0.574 50746.dat
1 71 89.979 283.5785 -173.5897 0 0 1 0.819 0.574 0 -0.574 0.819 0 3034.dat
1 72 -40.021 288.1705 -167.0377 1 0 0 0 0.574 -0.819 0 0.819 0.574 54383.dat
1 19 9.979 308.1485 -190.8097 1 0 0 0 0.574 -0.819 0 0.819 0.574 3666.dat
1 71 9.979 332.7185 -208.0297 1 0 0 0 0.574 -0.819 0 0.819 0.574 3795.dat
1 72 99.979 258.0145 -175.2137 0 0 -1 -0.819 0.574 0 0.574 0.819 0 6081.dat
1 71 99.979 217.0645 -146.5137 0 0 -1 -0.819 0.574 0 0.574 0.819 0 6091.dat
1 71 99.979 200.6845 -135.0337 0 0 -1 -0.819 0.574 0 0.574 0.819 0 6091.dat
1 1 69.979 213.4665 -134.2217 0 0 -1 -0.819 0.574 0 0.574 0.819 0 3832.dat
1 71 69.979 49.6665 -19.4217 0 0 -1 -0.819 0.574 0 0.574 0.819 0 3022.dat
1 71 39.979 49.6665 -19.4217 0 0 -1 -0.819 0.574 0 0.574 0.819 0 44302.dat
1 71 19.979 49.6665 -19.4217 0 0 -1 -0.819 0.574 0 0.574 0.819 0 44302.dat
1 71 -0.021 49.6665 -19.4217 0 0 -1 -0.819 0.574 0 0.574 0.819 0 44302.dat
1 71 -20.021 49.6665 -19.4217 0 0 -1 -0.819 0.574 0 0.574 0.819 0 44302.dat
1 71 -40.021 49.6665 -19.4217 0 0 -1 -0.819 0.574 0 0.574 0.819 0 44302.dat
1 71 -60.021 49.6665 -19.4217 0 0 -1 -0.819 0.574 0 0.574 0.819 0 44302.dat
1 14 29.979 98.8065 -53.8617 1 0 0 0 0.574 -0.819 0 0.819 0.574 3035.dat
1 4 29.979 180.7065 -111.2617 0 0 1 0.819 0.574 0 -0.574 0.819 0 3795.dat
1 2 39.979 262.6065 -168.6617 0 0 1 0.819 0.574 0 -0.574 0.819 0 3710.dat
1 71 9.979 336.3165 -220.3217 -1 0 0 0 0.574 0.819 0 0.819 -0.574 4477.dat
1 71 -10.021 303.5565 -197.3617 -1 0 0 0 0.574 0.819 0 0.819 -0.574 3460.dat
1 19 -0.021 180.7065 -111.2617 0 0 1 0.819 0.574 0 -0.574 0.819 0 3666.dat
1 71 -40.021 147.9465 -88.3017 -1 0 0 0 0.574 0.819 0 0.819 -0.574 3021.dat
1 71 -30.021 201.6785 -116.1897 0 0 1 0.819 0.574 0 -0.574 0.819 0 88930.dat
1 72 9.979 241.6345 -163.7337 0 0 1 0.819 0.574 0 -0.574 0.819 0 93606.dat
1 72 9.979 274.3945 -186.6937 0 0 1 0.819 0.574 0 -0.574 0.819 0 93606.dat
1 4 49.979 310.7525 -221.9457 -1 0 0 0 0.574 0.819 0 0.819 -0.574 3004.dat
1 72 9.979 310.7525 -221.9457 0 0 1 0.819 0.574 0 -0.574 0.819 0 41763.dat
1 71 79.979 316.4925 -213.7557 0 1 0 -0.574 0 -0.819 -0.819 0 0.574 60483.dat
1 0 89.979 300.1125 -202.2757 1 0 0 0 0.574 -0.819 0 0.819 0.574 2780.dat
1 71 99.979 302.5625 -216.2057 0 0 1 0.819 0.574 0 -0.574 0.819 0 32000.dat
1 71 -50.021 301.5685 -235.0497 1 0 0 0 0.574 -0.819 0 0.819 0.574 6081.dat
1 71 29.979 301.5685 -235.0497 -1 0 0 0 0.574 0.819 0 0.819 -0.574 6081.dat
1 71 99.979 89.6225 -66.9657 0 0 -1 -0.819 0.574 0 0.574 0.819 0 6081.dat
1 72 59.979 258.0145 -175.2137 0 0 -1 -0.819 0.574 0 0.574 0.819 0 2431.dat
1 72 89.979 258.0145 -175.2137 0 0 -1 -0.819 0.574 0 0.574 0.819 0 87079.dat
1 71 49.979 176.1145 -117.8137 0 0 -1 -0.819 0.574 0 0.574 0.819 0 10202.dat
1 72 29.979 77.8345 -48.9337 0 0 -1 -0.819 0.574 0 0.574 0.819 0 3958.dat
1 71 -30.021 151.5445 -100.5937 1 0 0 0 0.574 -0.819 0 0.819 0.574 30244.dat
1 71 -30.021 135.1645 -89.1137 1 0 0 0 0.574 -0.819 0 0.819 0.574 30244.dat
1 19 -40.021 45.0745 -25.9737 0 0 1 0.819 0.574 0 -0.574 0.819 0 3023.dat
1 71 29.979 317.9485 -246.5297 1 0 0 0 0.574 -0.819 0 0.819 0.574 6191.dat
1 71 -50.021 285.1885 -223.5697 -1 0 0 0 0.574 0.819 0 0.819 -0.574 6191.dat
1 71 79.979 301.5685 -235.0497 1 0 0 0 0.574 -0.819 0 0.819 0.574 6091.dat
1 71 99.979 301.5685 -235.0497 1 0 0 0 0.574 -0.819 0 0.819 0.574 6091.dat
1 71 89.979 294.3725 -210.4657 -1 0 0 0 0.574 0.819 0 0.819 -0.574 85984.dat
1 72 117.979 50.8145 -17.7837 0 -1 0 -0.819 0 -0.574 0.574 0 -0.819 99780.dat
1 72 125.979 50.8145 -17.7837 0 -1 0 -0.819 0 -0.574 0.574 0 -0.819 30244.dat
1 71 119.979 63.4425 0.2343 0 0 1 -0.819 -0.574 0 0.574 -0.819 0 3069.dat
1 71 79.979 301.5685 -235.0497 1 0 0 0 0.574 -0.819 0 0.819 0.574 63864.dat
1 71 9.979 301.5685 -235.0497 1 0 0 0 0.574 -0.819 0 0.819 0.574 2431.dat
1 72 -50.021 306.1605 -228.4977 0 0 1 0.819 0.574 0 -0.574 0.819 0 61409.dat
1 71 -20.021 40.4825 -32.5257 0 0 1 0.819 0.574 0 -0.574 0.819 0 30244.dat
1 71 49.979 73.2425 -55.4857 0 0 -1 -0.819 0.574 0 0.574 0.819 0 3958.dat
1 71 -70.021 40.4825 -32.5257 0 0 1 0.819 0.574 0 -0.574 0.819 0 93606.dat
1 71 -50.021 73.2425 -55.4857 0 0 1 0.819 0.574 0 -0.574 0.819 0 93606.dat
1 71 -50.021 106.0025 -78.4457 0 0 1 0.819 0.574 0 -0.574 0.819 0 93606.dat
1 0 179.979 316.4925 -213.7557 1 0 0 0 0.574 -0.819 0 0.819 0.574 3708.dat
1 72 309.979 316.4925 -213.7557 0 0 1 0.819 0.574 0 -0.574 0.819 0 59443.dat
1 71 269.979 316.4925 -213.7557 -1 0 0 0 -0.574 -0.819 0 -0.819 0.574 62462.dat
1 71 239.979 316.4925 -213.7557 0 0 1 -0.819 -0.574 0 0.574 -0.819 0 42610.dat
1 71 219.979 316.4925 -213.7557 0 0 1 -0.819 -0.574 0 0.574 -0.819 0 42610.dat
1 71 199.979 316.4925 -213.7557 0 0 1 -0.819 -0.574 0 0.574 -0.819 0 42610.dat
1 71 179.979 316.4925 -213.7557 0 0 1 -0.819 -0.574 0 0.574 -0.819 0 42610.dat
1 71 159.979 316.4925 -213.7557 0 0 1 -0.819 -0.574 0 0.574 -0.819 0 42610.dat
1 0 389.979 316.4925 -213.7557 1 0 0 0 -0.574 0.819 0 -0.819 -0.574 3707.dat
1 71 119.979 310.7525 -221.9457 0 0 1 0.819 0.574 0 -0.574 0.819 0 32064.dat
1 71 139.979 332.8725 -225.2357 0 -1 0 0.574 0 -0.819 0.819 0 0.574 60483.dat
1 71 349.979 316.4925 -213.7557 -1 0 0 0 -0.574 -0.819 0 -0.819 0.574 62462.dat
1 71 389.979 316.4925 -213.7557 -1 0 0 0 -0.574 -0.819 0 -0.819 0.574 62462.dat
1 71 414.979 316.4925 -213.7557 0 0 1 -0.574 0.819 0 -0.819 -0.574 0 32123.dat
1 71 436.979 316.4925 -213.7557 1 0 0 0 0.574 -0.819 0 0.819 0.574 2585.dat
1 72 463.979 316.4925 -213.7557 0 0 -1 0.574 0.819 0 0.819 -0.574 0 3647.dat
1 0 231.979 332.8725 -225.2357 0 1 0 -0.574 0 -0.819 -0.819 0 0.574 63965.dat
1 72 241.979 332.8725 -225.2357 -1 0 0 0 0.819 -0.574 0 -0.574 -0.819 32002.dat
1 71 119.979 306.1605 -228.4977 0 0 -1 -0.819 0.574 0 0.574 0.819 0 3794.dat
1 72 119.979 303.8645 -231.7737 0 0 -1 -0.819 0.574 0 0.574 0.819 0 30162.dat
1 71 149.979 324.5285 -202.2897 0 0 -1 -0.819 0.574 0 0.574 0.819 0 47755.dat
1 72 104.979 -279.5995 -409.0697 0 0 -1 0.574 0.819 0 0.819 -0.574 0 87611.dat
1 71 104.979 -286.1515 -404.4777 0 0 -1 0.574 0.819 0 0.819 -0.574 0 3032.dat
1 71 184.979 -286.1515 -404.4777 0 0 -1 0.574 0.819 0 0.819 -0.574 0 32059.dat
1 71 84.979 -321.4035 -440.8357 1 0 0 0 0.819 0.574 0 -0.574 0.819 99207.dat
1 71 84.979 -264.0035 -358.9357 -1 0 0 0 0.819 -0.574 0 -0.574 -0.819 99207.dat
1 70 114.979 -321.4035 -440.8357 -1 0 0 0 0.819 -0.574 0 -0.574 -0.819 6141.dat
1 70 114.979 -264.0035 -358.9357 -1 0 0 0 0.819 -0.574 0 -0.574 -0.819 6141.dat
1 72 144.979 -264.0035 -358.9357 -1 0 0 0 0.819 -0.574 0 -0.574 -0.819 99780.dat
1 72 144.979 -321.4035 -440.8357 1 0 0 0 0.819 0.574 0 -0.574 0.819 99780.dat
1 2 174.979 -292.7035 -399.8857 0 0 1 -0.574 0.819 0 -0.819 -0.574 0 3710.dat
1 71 204.979 -316.4755 -419.8636 1 0 0 0 0.819 0.574 0 -0.574 0.819 99206.dat
1 71 204.979 -282.0355 -370.7237 -1 0 0 0 0.819 -0.574 0 -0.574 -0.819 99206.dat
1 4 204.979 -299.2555 -395.2937 -1 0 0 0 0.819 -0.574 0 -0.574 -0.819 3022.dat
1 1 164.979 -304.9955 -403.4837 -1 0 0 0 0.819 -0.574 0 -0.574 -0.819 3794.dat
1 1 164.979 -293.5155 -387.1037 -1 0 0 0 0.819 -0.574 0 -0.574 -0.819 3794.dat
1 1 94.979 -327.9555 -436.2437 -1 0 0 0 0.819 -0.574 0 -0.574 -0.819 3623.dat
1 1 94.979 -270.5555 -354.3437 -1 0 0 0 0.819 -0.574 0 -0.574 -0.819 3623.dat
1 71 74.979 -305.8075 -390.7017 0 0 -1 0.574 0.819 0 0.819 -0.574 0 3701.dat
1 72 74.979 -312.3595 -386.1096 0 0 -1 0.574 0.819 0 0.819 -0.574 0 32530.dat
1 1 94.979 -309.0975 -412.8217 1 0 0 0 0.819 0.574 0 -0.574 0.819 6558.dat
1 1 94.979 -297.6175 -396.4417 1 0 0 0 0.819 0.574 0 -0.574 0.819 6558.dat
1 1 94.979 -286.1375 -380.0617 1 0 0 0 0.819 0.574 0 -0.574 0.819 6558.dat
1 0 84.979 -313.9975 -384.9617 1 0 0 0 0.819 0.574 0 -0.574 0.819 2780.dat
1 72 4.979 -330.3775 -373.4817 1 0 0 0 0.819 0.574 0 -0.574 0.819 55013.dat
1 14 59.979 -330.3775 -373.4817 0 0 1 -0.574 0.819 0 -0.819 -0.574 0 32123.dat
1 0 94.979 -330.3775 -373.4817 0 -1 0 -0.574 0 0.819 -0.819 0 -0.574 60484.dat
1 71 114.979 -305.8075 -390.7017 0 0 -1 0.574 0.819 0 0.819 -0.574 0 3701.dat
1 19 204.979 -266.7895 -359.4257 1 0 0 0 -0.574 0.819 0 -0.819 -0.574 3023.dat
1 71 184.979 -253.0135 -339.7697 0 0 -1 0.819 -0.574 0 -0.574 -0.819 0 61678.dat
1 19 204.979 -321.8935 -438.0497 1 0 0 0 0.574 -0.819 0 0.819 0.574 3023.dat
1 71 184.979 -335.6695 -457.7057 0 0 -1 -0.819 0.574 0 0.574 0.819 0 61678.dat
1 19 194.979 -305.8075 -390.7017 0 0 -1 0.574 0.819 0 0.819 -0.574 0 3023.dat
1 71 214.979 -305.8075 -390.7017 0 0 -1 0.574 0.819 0 0.819 -0.574 0 99781.dat
1 4 84.979 -290.2115 -340.5677 -1 0 0 0 0.819 -0.574 0 -0.574 -0.819 3004.dat
1 4 84.979 -308.2435 -352.3557 -1 0 0 0 0.819 -0.574 0 -0.574 -0.819 3004.dat
1 4 84.979 -342.6835 -401.4957 -1 0 0 0 0.819 -0.574 0 -0.574 -0.819 3004.dat
1 4 84.979 -347.6115 -422.4677 -1 0 0 0 0.819 -0.574 0 -0.574 -0.819 3004.dat
1 19 236.979 -297.6175 -396.4417 0 -1 0 0.574 0 -0.819 0.819 0 0.574 3023.dat
1 72 244.979 -297.6175 -396.4417 0 -1 0 -0.574 0 0.819 -0.819 0 -0.574 4590.dat
1 19 204.979 -288.5875 -366.1317 1 0 0 0 0.819 0.574 0 -0.574 0.819 3023.dat
1 19 204.979 -323.0275 -415.2717 1 0 0 0 0.819 0.574 0 -0.574 0.819 3023.dat
1 19 164.979 -305.8075 -390.7017 0 0 1 -0.574 0.819 0 -0.819 -0.574 0 3021.dat
1 0 114.979 -290.2115 -340.5677 -1 0 0 0 0.819 -0.574 0 -0.574 -0.819 4070.dat
1 0 114.979 -347.6115 -422.4677 1 0 0 0 0.819 0.574 0 -0.574 0.819 4070.dat
1 72 330.979 -272.2075 -377.6117 0 1 0 -0.819 0 0.574 0.574 0 0.819 63965.dat
1 0 228.979 -306.6475 -426.7516 0 1 0 -0.819 0 0.574 0.574 0 0.819 30374.dat
1 72 303.979 -306.6475 -426.7516 -1 0 0 0 -0.819 0.574 0 0.574 0.819 32002.dat
1 72 224.979 -312.3595 -386.1096 -1 0 0 0 0.819 -0.574 0 -0.574 -0.819 3020.dat
1 0 194.979 -295.1395 -361.5397 1 0 0 0 0.819 0.574 0 -0.574 0.819 2420.dat
1 0 194.979 -329.5795 -410.6797 0 0 1 -0.574 0.819 0 -0.819 -0.574 0 2420.dat
1 19 214.979 -318.9115 -381.5177 -1 0 0 0 0.819 -0.574 0 -0.574 -0.819 3021.dat
1 0 194.979 -290.2115 -340.5677 -1 0 0 0 0.819 -0.574 0 -0.574 -0.819 2420.dat
1 0 194.979 -347.6115 -422.4677 0 0 -1 0.574 0.819 0 0.819 -0.574 0 2420.dat
1 72 124.979 -273.9855 -334.8417 0 0 -1 0.819 -0.574 0 -0.574 -0.819 0 50967.dat
1 72 124.979 -347.4575 -439.6737 0 0 -1 -0.819 0.574 0 0.574 0.819 0 50967.dat
1 72 84.979 -296.7635 -335.9756 -1 0 0 0 0.819 -0.574 0 -0.574 -0.819 99780.dat
1 72 84.979 -354.1635 -417.8757 1 0 0 0 0.819 0.574 0 -0.574 0.819 99780.dat
1 0 144.979 -296.7635 -335.9756 1 0 0 0 0.819 0.574 0 -0.574 0.819 3710.dat
1 0 144.979 -354.1635 -417.8757 1 0 0 0 0.819 0.574 0 -0.574 0.819 3710.dat
1 0 214.979 -325.4635 -376.9257 0 0 -1 0.574 0.819 0 0.819 -0.574 0 2419.dat
1 72 254.979 -318.9115 -381.5177 0 0 -1 0.574 0.819 0 0.819 -0.574 0 44728.dat
1 72 254.979 -325.4635 -376.9257 0 0 -1 0.574 0.819 0 0.819 -0.574 0 99780.dat
1 0 234.979 -337.7555 -380.5237 1 0 0 0 0.819 0.574 0 -0.574 0.819 63864.dat
1 0 234.979 -326.2755 -364.1436 1 0 0 0 0.819 0.574 0 -0.574 0.819 63864.dat
1 19 194.979 -332.0155 -372.3336 0 0 1 -0.574 0.819 0 -0.819 -0.574 0 3023.dat
1 71 84.979 -354.9755 -405.0937 0 0 1 -0.574 0.819 0 -0.819 -0.574 0 3022.dat
1 71 84.979 -309.0555 -339.5737 0 0 1 -0.574 0.819 0 -0.819 -0.574 0 3022.dat
1 72 74.979 -315.6075 -334.9817 0 0 -1 0.574 0.819 0 0.819 -0.574 0 3069.dat
1 72 74.979 -361.5275 -400.5016 0 0 -1 0.574 0.819 0 0.819 -0.574 0 3069.dat
1 0 214.979 -321.3475 -343.1717 0 0 1 -0.574 0.819 0 -0.819 -0.574 0 4735.dat
1 0 214.979 -355.7875 -392.3117 0 0 1 -0.574 0.819 0 -0.819 -0.574 0 4735.dat
1 0 194.979 -351.6715 -358.5576 0 0 -1 0.574 0.819 0 0.819 -0.574 0 52107.dat
1 72 176.979 -343.4815 -364.2977 0 1 0 0.574 0 0.819 0.819 0 -0.574 3069.dat
1 72 236.979 -343.4815 -364.2977 0 -1 0 -0.574 0 0.819 -0.819 0 -0.574 2432.dat
1 71 276.979 -317.2735 -382.6656 0 -1 0 -0.819 0 -0.574 0.574 0 -0.819 60474.dat
1 71 284.979 -309.0835 -388.4057 0 -1 0 0.574 0 -0.819 0.819 0 0.574 3023.dat
1 297 316.979 -298.4435 -408.0757 0 -1 0 0.574 0 -0.819 0.819 0 0.574 64644.dat
1 297 316.979 -286.9635 -391.6956 0 -1 0 0.574 0 -0.819 0.819 0 0.574 64644.dat
1 71 292.979 -309.0835 -388.4057 0 -1 0 0.574 0 -0.819 0.819 0 0.574 3069.dat
1 71 276.979 -325.4635 -376.9257 0 -1 0 -0.574 0 0.819 -0.819 0 -0.574 85984.dat
1 71 104.979 -269.3935 -328.2897 0 0 -1 0.819 -0.574 0 -0.574 -0.819 0 3021.dat
1 71 74.979 -269.3935 -328.2897 0 0 1 -0.819 -0.574 0 0.574 -0.819 0 3623.dat
1 19 134.979 -261.2035 -334.0297 0 0 1 -0.819 -0.574 0 0.574 -0.819 0 3023.dat
1 71 84.979 -281.1815 -310.2577 1 0 0 0 -0.574 0.819 0 -0.819 -0.574 60470.dat
1 72 114.979 -281.1815 -310.2577 0 0 -1 0.819 -0.574 0 -0.574 -0.819 0 61252.dat
1 71 104.979 -261.2035 -334.0297 -1 0 0 0 -0.574 -0.819 0 -0.819 0.574 88930.dat
1 71 94.979 -276.5895 -303.7057 -1 0 0 0 -0.574 -0.819 0 -0.819 0.574 63864.dat
1 71 104.979 -352.0495 -446.2256 0 0 -1 -0.819 0.574 0 0.574 0.819 0 3021.dat
1 71 74.979 -352.0495 -446.2256 0 0 1 0.819 0.574 0 -0.574 0.819 0 3623.dat
1 71 84.979 -373.0215 -441.2977 -1 0 0 0 0.574 0.819 0 0.819 -0.574 60470.dat
1 72 114.979 -373.0215 -441.2977 0 0 -1 -0.819 0.574 0 0.574 0.819 0 61252.dat
1 19 134.979 -343.8595 -451.9657 0 0 1 0.819 0.574 0 -0.574 0.819 0 3023.dat
1 71 104.979 -343.8595 -451.9657 1 0 0 0 0.574 -0.819 0 0.819 0.574 88930.dat
1 71 94.979 -377.6135 -447.8497 1 0 0 0 0.574 -0.819 0 0.819 0.574 63864.dat
1 72 128.12 -321.5929 -379.6384 -0.292 -0.956 0 -0.782964 0.239148 -0.574 0.548744 -0.167608 -0.819 44302.dat
1 72 120.8426 -360.8224 -352.1443 0 -0.99744 0.06952 0.574 -0.056937 -0.816903 0.819 0.039904 0.572531 44567.dat
1 19 128.8192 -360.3636 -352.4658 0 -0.99744 0.06952 0.574 -0.056937 -0.816903 0.819 0.039904 0.572531 3069.dat
1 19 135.768 -323.5061 -378.2975 0 -0.956 -0.292 0.574 0.239148 -0.782964 0.819 -0.167608 0.548744 3021.dat
1 72 128.12 -310.1129 -363.2584 0.292 -0.956 0 0.782964 0.239148 0.574 -0.548744 -0.167608 0.819 44302.dat
1 72 128.12 -333.0729 -396.0184 0.292 -0.956 0 0.782964 0.239148 0.574 -0.548744 -0.167608 0.819 44302.dat
1 19 143.416 -336.8993 -393.3367 0.292 -0.956 0 0.782964 0.239148 0.574 -0.548744 -0.167608 0.819 3069.dat
1 19 143.416 -313.9393 -360.5767 0.292 -0.956 0 0.782964 0.239148 0.574 -0.548744 -0.167608 0.819 3069.dat
1 71 164.132 -286.5593 -317.9309 -0.951 -0.309 0 0.177366 -0.545874 -0.819 0.253071 -0.778869 0.574 60478.dat
1 71 204.644 -289.287 -321.8228 -0.951 -0.309 0 0.177366 -0.545874 -0.819 0.253071 -0.778869 0.574 6636.dat
1 71 164.132 -367.6437 -433.6245 -0.951 -0.309 0 -0.177366 0.545874 0.819 -0.253071 0.778869 -0.574 60478.dat
1 71 204.644 -364.916 -429.7326 -0.951 -0.309 0 -0.177366 0.545874 0.819 -0.253071 0.778869 -0.574 6636.dat
1 71 84.974 -403.2666 -334.6014 1 0 0 0 0.820638 0.574 0 -0.575148 0.819 48336.dat
1 71 84.974 -391.7866 -318.2214 -1 0 0 0 0.820638 -0.574 0 -0.575148 -0.819 48336.dat
1 71 84.974 -404.0917 -321.8102 -1 0 0 0 0.820638 -0.574 0 -0.575148 -0.819 3022.dat
1 71 84.974 -358.7135 -300.3654 1 0 0 0 0.033183 1.00091 0 -1.000289 0.031282 60470.dat
1 71 84.974 -408.7663 -371.7823 -1 0 0 0 0.951583 0.31211 0 0.310111 -0.951518 60470.dat
1 19 84.974 -390.9615 -331.0125 -1 0 0 0 0.820638 -0.574 0 -0.575148 -0.819 54196.dat
1 19 84.974 -348.4389 -308.055 -1 0 0 0 0.033183 -1.00091 0 -1.000289 -0.031282 54196.dat
1 19 84.974 -398.0325 -378.8166 -1 0 0 0 0.951583 0.31211 0 0.310111 -0.951518 54196.dat
1 71 74.974 -399.402 -400.3248 0 0 1 0.31211 0.951583 0 -0.951518 0.310111 0 60478.dat
1 71 94.974 -399.403 -400.3278 0 0 1 0.31211 0.951583 0 -0.951518 0.310111 0 60478.dat
1 71 74.974 -328.6862 -299.427 0 0 -1 1.00091 0.033183 0 0.031282 -1.000289 0 60478.dat
1 71 94.974 -328.6862 -299.427 0 0 -1 1.00091 0.033183 0 0.031282 -1.000289 0 60478.dat
1 71 74.974 -338.9607 -291.7375 0 0 -1 1.00091 0.033183 0 0.031282 -1.000289 0 63864.dat
1 71 74.974 -410.1347 -393.2924 0 0 -1 -0.31211 0.951583 0 0.951518 0.310111 0 63864.dat
1 71 104.974 -338.9607 -291.7375 1 0 0 0 0.033183 1.00091 0 -1.000289 0.031282 43723.dat
1 71 104.974 -410.1367 -393.2935 -1 0 0 0 0.951583 0.31211 0 0.310111 -0.951518 43722.dat
1 40 163.979 -330.3775 -373.4817 -0.991 -0.139 0 -0.113841 0.811629 -0.574 0.079786 -0.568834 -0.819 50986.dat
1 72 44 -250.819 -294.8987 0 0 -1 0.820638 -0.574 0 -0.575148 -0.819 0 6553.dat
1 71 44 -267.2318 -283.3957 0 0 -1 0.820638 -0.574 0 -0.575148 -0.819 0 4519.dat
1 72 44 -267.2318 -283.3957 0 1 0 0.820638 0 -0.574 -0.575148 0 -0.819 32291.dat
1 72 44 -283.6445 -271.8927 0 0 -1 0.820638 -0.574 0 -0.575148 -0.819 0 6553.dat
1 71 44 -330.3718 -373.4857 0 0 -1 0.820638 -0.574 0 -0.575148 -0.819 0 88517.dat
1 71 25.983 -330.3775 -373.4817 0 1.002 0 0.819 0 -0.574 -0.574 0 -0.819 4032.dat
1 19 1.935 -330.3775 -373.4817 0 1.002 0 0.819 0 -0.574 -0.574 0 -0.819 6143.dat
1 71 -6.081 -330.3775 -373.4817 0 1.002 0 0.819 0 -0.574 -0.574 0 -0.819 4032.dat
1 72 -24 -250.8108 -294.9044 0 0 1 -0.824733 -0.574574 0 0.578018 -0.819819 0 6553.dat
1 71 -24 -267.3055 -283.344 0 0 1 -0.824733 -0.574574 0 0.578018 -0.819819 0 4519.dat
1 72 -24 -267.3055 -283.344 0 -1 0 -0.824733 0 -0.574574 0.578018 0 -0.819819 32291.dat
1 72 -24 -283.8001 -271.7837 0 0 1 -0.824733 -0.574574 0 0.578018 -0.819819 0 6553.dat
1 71 -24 -330.5086 -373.5241 0 0 -1 -0.824733 0.574574 0 0.578018 0.819819 0 88517.dat
1 71 9.941 -376.65 -453.4016 1 0 0 0 0.574 -0.819 0 0.819 0.574 3873.dat
1 71 9.941 -389.754 -444.2176 1 0 0 0 0.707896 -0.706839 0 0.706839 0.707896 3873.dat
1 71 9.941 -401.0644 -432.8979 1 0 0 0 0.819658 -0.573552 0 0.573552 0.819658 3873.dat
1 71 9.941 -410.2365 -419.7854 1 0 0 0 0.906584 -0.422254 0 0.422254 0.906584 3873.dat
1 71 9.941 -416.9926 -405.2801 1 0 0 0 0.966301 -0.258272 0 0.258272 0.966301 3873.dat
1 71 9.941 -421.1281 -389.8219 1 0 0 0 0.996436 -0.086933 0 0.086933 0.996436 3873.dat
1 71 9.941 -422.516 -373.8799 1 0 0 0 0.996254 0.087584 0 -0.087584 0.996254 3873.dat
1 71 9.941 -421.1146 -357.9398 1 0 0 0 0.966168 0.259462 0 -0.259462 0.966168 3873.dat
1 71 9.941 -416.9661 -342.4852 1 0 0 0 0.906591 0.422884 0 -0.422884 0.906591 3873.dat
1 71 9.941 -410.1968 -327.9857 1 0 0 0 0.819 0.574 0 -0.574 0.819 3873.dat
1 71 9.941 -401.0128 -314.8817 1 0 0 0 0.706839 0.707896 0 -0.707896 0.706839 3873.dat
1 71 9.941 -389.6931 -303.5713 1 0 0 0 0.573552 0.819658 0 -0.819658 0.573552 3873.dat
1 71 9.941 -376.5814 -294.3985 1 0 0 0 0.422254 0.906584 0 -0.906584 0.422254 3873.dat
1 71 9.941 -362.0755 -287.6416 1 0 0 0 0.258272 0.966301 0 -0.966301 0.258272 3873.dat
1 71 9.941 -346.6165 -283.5067 1 0 0 0 0.086933 0.996436 0 -0.996436 0.086933 3873.dat
1 71 9.941 -330.675 -282.1197 1 0 0 0 -0.087584 0.996254 0 -0.996254 -0.087584 3873.dat
1 71 9.941 -314.735 -283.521 1 0 0 0 -0.259462 0.966168 0 -0.966168 -0.259462 3873.dat
1 71 9.941 -299.2804 -287.6695 1 0 0 0 -0.422884 0.906591 0 -0.906591 -0.422884 3873.dat
1 71 9.941 -284.7803 -294.438 1 0 0 0 -0.574 0.819 0 -0.819 -0.574 3873.dat
1 71 9.941 -271.6763 -303.622 1 0 0 0 -0.707896 0.706839 0 -0.706839 -0.707896 3873.dat
1 71 9.941 -260.3664 -314.9426 1 0 0 0 -0.819658 0.573552 0 -0.573552 -0.819658 3873.dat
1 71 9.941 -251.1937 -328.0542 1 0 0 0 -0.906584 0.422254 0 -0.422254 -0.906584 3873.dat
1 71 9.941 -244.4376 -342.5596 1 0 0 0 -0.966301 0.258272 0 -0.258272 -0.966301 3873.dat
1 71 9.941 -240.3022 -358.0177 1 0 0 0 -0.996436 0.086933 0 -0.086933 -0.996436 3873.dat
1 71 9.941 -238.9143 -373.9597 1 0 0 0 -0.996254 -0.087584 0 0.087584 -0.996254 3873.dat
1 71 9.941 -240.3162 -389.9006 1 0 0 0 -0.966168 -0.259462 0 0.259462 -0.966168 3873.dat
1 71 9.941 -244.4647 -405.3552 1 0 0 0 -0.906591 -0.422884 0 0.422884 -0.906591 3873.dat
1 71 9.941 -251.234 -419.8548 1 0 0 0 -0.819 -0.574 0 0.574 -0.819 3873.dat
1 71 9.941 -260.418 -432.9588 1 0 0 0 -0.706839 -0.707896 0 0.707896 -0.706839 3873.dat
1 71 9.941 -271.7377 -444.2692 1 0 0 0 -0.573552 -0.819658 0 0.819658 -0.573552 3873.dat
1 71 9.941 -284.8494 -453.4419 1 0 0 0 -0.422254 -0.906584 0 0.906584 -0.422254 3873.dat
1 71 9.941 -299.3547 -460.198 1 0 0 0 -0.258272 -0.966301 0 0.966301 -0.258272 3873.dat
1 71 9.941 -314.8137 -464.3329 1 0 0 0 -0.086933 -0.996436 0 0.996436 -0.086933 3873.dat
1 71 9.941 -330.7552 -465.72 1 0 0 0 0.087584 -0.996254 0 0.996254 0.087584 3873.dat
1 71 9.941 -346.6953 -464.3186 1 0 0 0 0.259462 -0.966168 0 0.966168 0.259462 3873.dat
1 71 9.941 -362.1504 -460.1709 1 0 0 0 0.422884 -0.906591 0 0.906591 0.422884 3873.dat
1 1 -44.02 -341.9886 -389.9041 -1.001 0 0 0 0.824733 -0.574 0 -0.578018 -0.819 6558.dat
1 1 -44.02 -319.0286 -357.1441 -1.001 0 0 0 0.824733 -0.574 0 -0.578018 -0.819 6558.dat
1 0 -90.04 -305.9386 -390.7441 0 1 0 -0.574 0 -0.819 -0.819 0 0.574 2419.dat
1 0 -90.04 -355.0786 -356.3041 0 1 0 0.574 0 0.819 0.819 0 -0.574 2419.dat
1 4 -82.04 -330.5086 -373.5241 0 1 0 0.819 0 -0.574 -0.574 0 -0.819 3795.dat
1 15 -82.04 -307.5486 -340.7641 0 1 0 0.819 0 -0.574 -0.574 0 -0.819 2476.dat
1 15 -82.04 -353.4686 -406.2841 0 1 0 0.819 0 -0.574 -0.574 0 -0.819 2476.dat
1 72 -54.04 -330.5086 -373.5241 0 0 -1 0.819 -0.574 0 -0.574 -0.819 0 64711.dat
1 72 -98.04 -340.3086 -317.8041 0 1 0 0.574 0 0.819 0.819 0 -0.574 30565.dat
1 72 -98.04 -386.2286 -383.3241 0 1 0 -0.819 0 0.574 0.574 0 0.819 30565.dat
1 72 -98.04 -274.7886 -363.7241 0 1 0 0.819 0 -0.574 -0.574 0 -0.819 30565.dat
1 72 -98.04 -320.7086 -429.2441 0 1 0 -0.574 0 -0.819 -0.819 0 0.574 30565.dat
1 71 -106.04 -387.8386 -333.3441 0 1 0 0.574 0 0.819 0.819 0 -0.574 60470.dat
1 71 -106.04 -273.1786 -413.7041 0 1 0 -0.574 0 -0.819 -0.819 0 0.574 60470.dat
1 71 -106.04 -290.3286 -316.1941 0 1 0 0.819 0 -0.574 -0.574 0 -0.819 3023.dat
1 71 -106.04 -370.6886 -430.8541 0 1 0 0.819 0 -0.574 -0.574 0 -0.819 3023.dat
1 71 -106.04 -400.1586 -385.7741 0 1 0 0.819 0 -0.574 -0.574 0 -0.819 6141.dat
1 71 -106.04 -260.8586 -361.2741 0 1 0 0.819 0 -0.574 -0.574 0 -0.819 6141.dat
1 71 -106.04 -342.7586 -303.8741 0 1 0 0.819 0 -0.574 -0.574 0 -0.819 6141.dat
1 71 -106.04 -318.2586 -443.1741 0 1 0 0.819 0 -0.574 -0.574 0 -0.819 6141.dat
1 19 -74.04 -261.7126 -421.7401 1 0 0 0 -0.819 -0.574 0 0.574 -0.819 54196.dat
1 71 -74.04 -260.9006 -434.5221 -1 0 0 0 -0.819 0.574 0 0.574 0.819 60478.dat
1 71 -74.04 -249.4206 -418.1421 -1 0 0 0 -0.819 0.574 0 0.574 0.819 60478.dat
1 71 -84.04 -261.7126 -421.7401 -1 0 0 0 -0.819 0.574 0 0.574 0.819 93273.dat
1 71 -64.04 -261.7126 -421.7401 -1 0 0 0 -0.819 0.574 0 0.574 0.819 93273.dat
1 19 -74.04 -399.3046 -325.3081 1 0 0 0 0.819 0.574 0 -0.574 0.819 54196.dat
1 71 -74.04 -400.1166 -312.5261 -1 0 0 0 0.819 -0.574 0 -0.574 -0.819 60478.dat
1 71 -74.04 -411.5966 -328.9061 -1 0 0 0 0.819 -0.574 0 -0.574 -0.819 60478.dat
1 71 -84.04 -399.3046 -325.3081 -1 0 0 0 0.819 -0.574 0 -0.574 -0.819 93273.dat
1 71 -64.04 -399.3046 -325.3081 -1 0 0 0 0.819 -0.574 0 -0.574 -0.819 93273.dat
1 71 -130.04 -330.5086 -373.5241 0 1 0 -0.819 0 0.574 0.574 0 0.819 48092.dat
1 71 -130.04 -330.5086 -373.5241 0 1 0 -0.574 0 -0.819 -0.819 0 0.574 48092.dat
1 71 -130.04 -330.5086 -373.5241 0 1 0 0.574 0 0.819 0.819 0 -0.574 48092.dat
1 71 -130.04 -330.5086 -373.5241 0 1 0 0.819 0 -0.574 -0.574 0 -0.819 48092.dat
1 72 -146.04 -330.5086 -373.5241 0 1 0 0.819 0 -0.574 -0.574 0 -0.819 3943.dat
1 71 -154.04 -330.5086 -373.5241 0 1 0 0.819 0 -0.574 -0.574 0 -0.819 4032.dat
1 19 -178.04 -330.5086 -373.5241 0 1 0 -0.574 0 -0.819 -0.819 0 0.574 6143.dat
1 0 -186.04 -330.5086 -373.5241 0 1 0 -0.574 0 -0.819 -0.819 0 0.574 30033.dat
1 19 -210.04 -330.5086 -373.5241 0 1 0 -0.574 0 -0.819 -0.819 0 0.574 6143.dat
1 19 -234.04 -330.5086 -373.5241 0 1 0 -0.574 0 -0.819 -0.819 0 0.574 6143.dat
1 72 -242.04 -330.5086 -373.5241 0 -1 0 0.574 0 -0.819 0.819 0 0.574 63965.dat
1 0 -154.843 -336.9497 -336.9021 -0.985 0.174 0 0.030135 0.17052 -0.984851 -0.171339 -0.969528 -0.173215 63868.dat
1 19 -156.235 -338.3138 -329.1459 -0.985 0.174 0 0.030135 0.17052 -0.984851 -0.171339 -0.969528 -0.173215 3023.dat
1 0 -154.843 -324.0676 -410.1461 -0.985 0.174 0 -0.030135 -0.170765 0.984851 0.171339 0.970921 0.173215 63868.dat
1 19 -156.235 -322.7014 -417.9135 -0.985 0.174 0 -0.030135 -0.170765 0.984851 0.171339 0.970921 0.173215 3023.dat
1 0 -154.843 -351.8494 -403.9737 -0.985 0.174 0 0.099876 0.56539 0.819 0.142506 0.806715 -0.574 63868.dat
1 19 -156.235 -356.3725 -410.4274 -0.985 0.174 0 0.099876 0.56539 0.819 0.142506 0.806715 -0.574 3023.dat
1 0 -154.843 -367.1306 -379.9651 -0.985 0.174 0 0.171339 0.970921 0.173215 0.030135 0.170765 -0.984851 63868.dat
1 19 -156.235 -374.8979 -381.3313 -0.985 0.174 0 0.171339 0.970921 0.173215 0.030135 0.170765 -0.984851 3023.dat
1 0 -154.843 -360.9582 -352.1833 -0.985 0.174 0 0.142506 0.806715 -0.574 -0.099876 -0.56539 -0.819 63868.dat
1 19 -156.235 -367.412 -347.6602 -0.985 0.174 0 0.142506 0.806715 -0.574 -0.099876 -0.56539 -0.819 3023.dat
1 0 -154.843 -309.1679 -343.0745 -0.985 0.174 0 -0.099876 -0.56539 -0.819 -0.142506 -0.806715 0.574 63868.dat
1 19 -156.235 -304.6447 -336.6208 -0.985 0.174 0 -0.099876 -0.56539 -0.819 -0.142506 -0.806715 0.574 3023.dat
1 0 -154.843 -293.8867 -367.0831 -0.985 0.174 0 -0.171339 -0.969528 -0.173215 -0.030135 -0.17052 0.984851 63868.dat
1 19 -156.235 -286.1304 -365.7189 -0.985 0.174 0 -0.171339 -0.969528 -0.173215 -0.030135 -0.17052 0.984851 3023.dat
1 0 -154.843 -300.059 -394.8649 -0.985 0.174 0 -0.142506 -0.806715 0.574 0.099876 0.56539 0.819 63868.dat
1 19 -156.235 -293.6053 -399.388 -0.985 0.174 0 -0.142506 -0.806715 0.574 0.099876 0.56539 0.819 3023.dat
1 72 -253.04 -330.5086 -373.5241 0 1 0 0.706839 0 -0.707896 -0.707896 0 -0.706839 43898.dat
1 71 -177.327 -358.8981 -414.031 0.985 0.174 0 -0.099876 0.56539 -0.819 -0.142506 0.806715 0.574 3710.dat
1 70 -188.569 -362.4225 -419.0597 0.985 0.174 0 -0.099876 0.56539 -0.819 -0.142506 0.806715 0.574 6141.dat
1 71 -159.019 -365.4187 -423.3349 0.985 0.174 0 -0.099876 0.56539 -0.819 -0.142506 0.806715 0.574 60470.dat
1 72 -219.511 -363.9493 -421.2382 0 0.174 0.985 0.819 0.56539 -0.099876 -0.574 0.806715 -0.142506 61678.dat
1 72 -160.411 -369.9419 -429.7886 -0.985 0.174 0 0.099876 0.56539 0.819 0.142506 0.806715 -0.574 3069.dat
1 71 -143.896 -349.4061 -435.339 0 -0.985 -0.174 -0.819 0.099876 -0.56539 0.574 0.142506 -0.806715 30374.dat
1 71 -177.327 -371.0155 -345.1346 0.985 0.174 0 -0.142506 0.806715 0.574 0.099876 -0.56539 0.819 3710.dat
1 70 -188.569 -376.0442 -341.6103 0.985 0.174 0 -0.142506 0.806715 0.574 0.099876 -0.56539 0.819 6141.dat
1 71 -159.019 -380.3194 -338.614 0.985 0.174 0 -0.142506 0.806715 0.574 0.099876 -0.56539 0.819 60470.dat
1 72 -219.511 -378.2227 -340.0834 0 0.174 0.985 -0.574 0.806715 -0.142506 -0.819 -0.56539 0.099876 61678.dat
1 72 -160.411 -386.7731 -334.0909 -0.985 0.174 0 0.142506 0.806715 -0.574 -0.099876 -0.56539 -0.819 3069.dat
1 71 -143.896 -392.3235 -354.6266 0 -0.985 -0.174 0.574 0.142506 -0.806715 0.819 -0.099876 0.56539 30374.dat
1 71 -177.318 -302.1169 -333.0139 0.985 0.174 0 0.099876 -0.56539 0.819 0.142506 -0.806715 -0.574 3710.dat
1 70 -188.56 -298.5925 -327.9853 0.985 0.174 0 0.099876 -0.56539 0.819 0.142506 -0.806715 -0.574 6141.dat
1 71 -159.01 -295.5962 -323.7101 0.985 0.174 0 0.099876 -0.56539 0.819 0.142506 -0.806715 -0.574 60470.dat
1 72 -219.502 -297.0657 -325.8067 0 0.174 0.985 -0.819 -0.56539 0.099876 0.574 -0.806715 0.142506 61678.dat
1 72 -160.402 -291.0731 -317.2563 -0.985 0.174 0 -0.099876 -0.56539 -0.819 -0.142506 -0.806715 0.574 3069.dat
1 71 -143.887 -311.6089 -311.7059 0 -0.985 -0.174 0.819 -0.099876 0.56539 -0.574 -0.142506 0.806715 30374.dat
1 71 -177.318 -289.9984 -401.9159 0.985 0.174 0 0.142506 -0.806715 -0.574 -0.099876 0.56539 -0.819 3710.dat
1 70 -188.56 -284.9698 -405.4402 0.985 0.174 0 0.142506 -0.806715 -0.574 -0.099876 0.56539 -0.819 6141.dat
1 71 -159.01 -280.6946 -408.4365 0.985 0.174 0 0.142506 -0.806715 -0.574 -0.099876 0.56539 -0.819 60470.dat
1 72 -219.502 -282.7912 -406.9671 0 0.174 0.985 0.574 -0.806715 0.142506 0.819 0.56539 -0.099876 61678.dat
1 72 -160.402 -274.2409 -412.9596 -0.985 0.174 0 -0.142506 -0.806715 0.574 0.099876 0.56539 0.819 3069.dat
1 71 -143.887 -268.6904 -392.4239 0 -0.985 -0.174 -0.574 -0.142506 0.806715 -0.819 0.099876 -0.56539 30374.dat
1 71 -177.327 -379.226 -382.0925 0.985 0.174 0 -0.171339 0.970921 -0.173215 -0.030135 0.170765 0.984851 3710.dat
1 70 -188.569 -385.28 -383.1573 0.985 0.174 0 -0.171339 0.970921 -0.173215 -0.030135 0.170765 0.984851 6141.dat
1 71 -159.019 -390.4202 -384.0613 0.985 0.174 0 -0.171339 0.970921 -0.173215 -0.030135 0.170765 0.984851 60470.dat
1 71 -219.511 -387.9072 -383.6193 0 0.174 0.985 0.173215 0.970921 -0.171339 -0.984851 0.170765 -0.030135 61678.dat
1 71 -160.411 -398.1875 -385.4274 -0.985 0.174 0 0.171339 0.970921 0.173215 0.030135 0.170765 -0.984851 3069.dat
1 71 -143.896 -387.5841 -403.8688 0 -0.985 -0.174 -0.173215 0.171339 -0.970921 0.984851 0.030135 -0.170765 30374.dat
1 71 -177.318 -339.0777 -324.8026 0.985 0.174 0 -0.030135 0.17052 0.984851 0.171339 -0.969528 0.173215 3710.dat
1 70 -188.56 -340.1406 -318.7597 0.985 0.174 0 -0.030135 0.17052 0.984851 0.171339 -0.969528 0.173215 6141.dat
