0 Main
0 Name: 6526-1 - Red Line Racer.mpd
0 Author: LTRON
1 4 -30 -44 0 1 0 0 0 1 0 0 0 1 4732.dat
1 4 -10 -28 -10 0 0 1 0 1 0 -1 0 0 3021.dat
1 4 -50 -28 -10 0 0 1 0 1 0 -1 0 0 3021.dat
1 4 -30 -52 50 1 0 0 0 1 0 0 0 1 3023.dat
1 4 -30 -52 70 -1 0 0 0 1 0 0 0 -1 2452.dat
1 4 -30 -60.105 118.601 0 0 -1 0.5 -0.866025 0 -0.866025 -0.5 0 4276.dat
1 0 -30 -67.033 114.601 0 0 -1 0.5 -0.866 0 -0.866 -0.5 0 3938.dat
1 0 -30 -36 -30 1 0 0 0 1 0 0 0 1 3829.dat
1 0 -30 -68 -50 1 0 0 0 1 0 0 0 1 3298.dat
1 4 -20 -76 60 0 0 -1 0 1 0 1 0 0 3937.dat
1 4 -40 -76 60 0 0 1 0 1 0 -1 0 0 3937.dat
1 0 -46.778 -73.88 60 0 0.707 0.707 0 0.707 -0.707 -1 0 0 3938.dat
1 0 -13.636 -73.879 60 0 -0.707 0.707 0 0.707 0.707 -1 0 0 3938.dat
1 7 -51.109 -78.447 51 0 0.707107 0.707107 0 0.707107 -0.707107 -1 0 0 6141.dat
1 7 -7.976 -79.154 50 0 -0.707107 0.707107 0 0.707107 0.707107 -1 0 0 6141.dat
1 7 -7.976 -79.154 70 0 -0.707 -0.707 0 0.707 -0.707 1 0 0 4081.dat
1 7 -52.524 -79.862 70 0 0.707 0.707 0 0.707 -0.707 -1 0 0 4081.dat
1 7 -58.18 -84.812 60 0 0.707 0.707 0 0.707 -0.707 -1 0 0 2412.dat
1 7 -2.319 -84.811 60 0 -0.707 -0.707 0 0.707 -0.707 1 0 0 2412.dat
1 4 -30 -44 -140 0 0 1 0 1 0 -1 0 0 3795.dat
1 0 -30 -36 60 1 0 0 0 1 0 0 0 1 2817.dat
1 0 -30 -36 -80 1 0 0 0 1 0 0 0 1 4859.dat
1 0 -29 -26 60 1 0 0 0 1 0 0 0 1 3706.dat
1 7 -62 -26 60 0 0 1 0 1 0 -1 0 0 4265.dat
1 7 3 -26 60 0 0 -1 0 1 0 1 0 0 4265.dat
1 0 -30 -76 30 1 0 0 0 1 0 0 0 1 2432.dat
1 0 0 -52 10 1 0 0 0 1 0 0 0 1 4286.dat
1 0 -60 -52 10 1 0 0 0 1 0 0 0 1 4286.dat
1 0 -30 -36 -200 1 0 0 0 1 0 0 0 1 4600.dat
1 0 0 -26 60 0 0 -1 0 1 0 1 0 0 4084.dat
1 0 -65 -26 60 0 0 -1 0 1 0 1 0 0 4084.dat
1 0 -85 -26 60 0 0 -1 0 1 0 1 0 0 4084.dat
1 0 20 -26 60 0 0 -1 0 1 0 1 0 0 4084.dat
1 7 -83 -26 60 0 0 1 0 1 0 -1 0 0 4265.dat
1 7 23 -26 60 0 0 -1 0 1 0 1 0 0 4265.dat
1 7 0 -31 -200 0 0 -1 0 1 0 1 0 0 4624.dat
1 7 -60 -31 -200 0 0 1 0 1 0 -1 0 0 4624.dat
1 0 -60 -31 -200 1 0 0 0 1 0 0 0 1 3139.dat
1 0 0 -31 -200 1 0 0 0 1 0 0 0 1 3139.dat
1 7 -64 -64 114 1 0 0 0 0 1 0 -1 0 2343.dat
1 7 5 -65 114 1 0 0 0 0 1 0 -1 0 2343.dat
1 0 -30 -84.354 104.601 1 0 0 0 0.866 -0.5 0 0.5 0.866 2440.dat
