0 
0 Name: New Model.ldr
0 Author: 
1 7 -260 0 120 0 0 1 0 1 0 -1 0 0 3832.dat
1 7 -140 0 120 0 0 1 0 1 0 -1 0 0 3832.dat
1 7 -260 0 -120 0 0 1 0 1 0 -1 0 0 3832.dat
1 7 -140 0 -120 0 0 1 0 1 0 -1 0 0 3832.dat
1 0 -250 -8 140 0 0 1 0 1 0 -1 0 0 3023.dat
1 0 -150 -8 140 0 0 1 0 1 0 -1 0 0 3023.dat
1 7 -200 -24 170 1 0 0 0 1 0 0 0 1 3895.dat
1 8 -270 -24 120 0 0 1 0 1 0 -1 0 0 3010.dat
1 8 -130 -24 120 0 0 1 0 1 0 -1 0 0 3010.dat
1 8 -200 -24 110 1 0 0 0 1 0 0 0 1 3894.dat
1 0 -260 -24 0 0 0 1 0 1 0 -1 0 0 3007.dat
1 0 -140 -24 0 0 0 1 0 1 0 -1 0 0 3007.dat
1 8 -270 -24 -120 0 0 1 0 1 0 -1 0 0 3010.dat
1 8 -130 -24 -120 0 0 1 0 1 0 -1 0 0 3010.dat
1 7 -200 -24 -170 1 0 0 0 1 0 0 0 1 3895.dat
1 1 -300 -14 190 0 0 -1 0 1 0 1 0 0 32556.dat
1 1 -100 -14 190 0 0 -1 0 1 0 1 0 0 32556.dat
1 0 -200 -14 120 0 0 1 0 1 0 -1 0 0 3673.dat
1 1 -300 -14 -190 0 0 1 0 1 0 -1 0 0 32556.dat
1 1 -100 -14 -190 0 0 1 0 1 0 -1 0 0 32556.dat
1 0 -280 -24 210 1 0 0 0 1 0 0 0 1 3701.dat
1 0 -120 -24 210 1 0 0 0 1 0 0 0 1 3701.dat
1 0 -280 -24 -210 1 0 0 0 1 0 0 0 1 3701.dat
1 0 -120 -24 -210 1 0 0 0 1 0 0 0 1 3701.dat
1 7 -280 -24 -230 -1 0 0 0 1 0 0 0 -1 2458.dat
1 7 -120 -24 -230 -1 0 0 0 1 0 0 0 -1 2458.dat
1 7 -260 -32 120 0 0 1 0 1 0 -1 0 0 3832.dat
1 7 -140 -32 120 0 0 1 0 1 0 -1 0 0 3832.dat
1 1 -260 -32 0 1 0 0 0 1 0 0 0 1 3022.dat
1 1 -140 -32 0 1 0 0 0 1 0 0 0 1 3022.dat
1 7 -260 -32 -120 0 0 1 0 1 0 -1 0 0 3832.dat
1 7 -140 -32 -120 0 0 1 0 1 0 -1 0 0 3832.dat
1 34 -310 -32 -210 1 0 0 0 1 0 0 0 1 6141.dat
1 34 -90 -32 -210 1 0 0 0 1 0 0 0 1 6141.dat
1 8 -290 -32 -230 1 0 0 0 1 0 0 0 1 2420.dat
1 8 -110 -32 -230 0 0 -1 0 1 0 1 0 0 2420.dat
1 8 -270 -32 190 0 0 1 0 1 0 -1 0 0 42446.dat
1 8 -130 -32 190 0 0 -1 0 1 0 1 0 0 42446.dat
1 8 -270 -32 -190 0 0 1 0 1 0 -1 0 0 42446.dat
1 8 -130 -32 -190 0 0 -1 0 1 0 1 0 0 42446.dat
1 15 -290 -48 210 0 0 1 0 1 0 -1 0 0 50950.dat
1 15 -110 -48 210 0 0 -1 0 1 0 1 0 0 50950.dat
1 15 -250 -40 200 0 0 1 0 1 0 -1 0 0 3069.dat
1 15 -150 -40 200 0 0 1 0 1 0 -1 0 0 3069.dat
1 15 -290 -48 170 0 0 1 0 1 0 -1 0 0 50950.dat
1 15 -110 -48 170 0 0 -1 0 1 0 1 0 0 50950.dat
1 8 -200 -40 150 1 0 0 0 1 0 0 0 1 3460.dat
1 8 -200 -40 110 1 0 0 0 1 0 0 0 1 3460.dat
1 34 -270 -40 90 1 0 0 0 1 0 0 0 1 6141.dat
1 34 -130 -40 90 1 0 0 0 1 0 0 0 1 6141.dat
1 15 -250 -32 70 1 0 0 0 1 0 0 0 1 54200.dat
1 15 -150 -32 70 1 0 0 0 1 0 0 0 1 54200.dat
1 15 -250 -40 0 0 0 1 0 1 0 -1 0 0 6636.dat
1 15 -150 -40 0 0 0 1 0 1 0 -1 0 0 6636.dat
1 0 -250 -56 -120 0 0 -1 0 1 0 1 0 0 3048.dat
1 0 -150 -56 -120 0 0 1 0 1 0 -1 0 0 3048.dat
1 15 -250 -32 -150 -1 0 0 0 1 0 0 0 -1 54200.dat
1 15 -150 -32 -150 -1 0 0 0 1 0 0 0 -1 54200.dat
1 0 -250 -40 -180 0 0 1 0 1 0 -1 0 0 3023.dat
1 0 -150 -40 -180 0 0 1 0 1 0 -1 0 0 3023.dat
1 15 -280 -40 -230 1 0 0 0 1 0 0 0 1 3069.dat
1 15 -120 -40 -230 1 0 0 0 1 0 0 0 1 3069.dat
1 15 -290 -48 -170 0 0 1 0 1 0 -1 0 0 3040.dat
1 15 -110 -48 -170 0 0 -1 0 1 0 1 0 0 3040.dat
1 15 -250 -48 -180 0 0 1 0 1 0 -1 0 0 3069.dat
1 15 -150 -48 -180 0 0 1 0 1 0 -1 0 0 3069.dat
1 15 -270 -56 -40 0 0 1 0 1 0 -1 0 0 6112.dat
1 15 -130 -56 -40 0 0 1 0 1 0 -1 0 0 6112.dat
1 7 -250 -56 -80 0 0 1 0 1 0 -1 0 0 3700.dat
1 7 -150 -56 -80 0 0 1 0 1 0 -1 0 0 3700.dat
1 15 -290 -56 -210 0 0 1 0 1 0 -1 0 0 3040.dat
1 15 -110 -56 -210 0 0 -1 0 1 0 1 0 0 3040.dat
1 0 -240 -46 -80 1 0 0 0 1 0 0 0 1 3673.dat
1 0 -160 -46 -80 1 0 0 0 1 0 0 0 1 3673.dat
1 15 -270 -64 130 0 0 1 0 1 0 -1 0 0 3038.dat
1 15 -130 -64 130 0 0 -1 0 1 0 1 0 0 3038.dat
1 8 -200 -64 110 1 0 0 0 1 0 0 0 1 3894.dat
1 15 -250 -64 -80 0 0 1 0 1 0 -1 0 0 3069.dat
1 15 -150 -64 -80 0 0 1 0 1 0 -1 0 0 3069.dat
1 0 -220 -54 120 0 0 1 0 1 0 -1 0 0 3673.dat
1 0 -180 -54 120 0 0 1 0 1 0 -1 0 0 3673.dat
1 7 -240 -54 100 0 0 1 0 1 0 -1 0 0 3673.dat
1 7 -160 -54 100 0 0 1 0 1 0 -1 0 0 3673.dat
1 7 -200 -14 130 1 0 0 0 0 -1 0 1 0 60484.dat
1 8 -200 -64 150 1 0 0 0 1 0 0 0 1 3894.dat
1 1 -200 -54 150 0 0 1 0 1 0 -1 0 0 32556.dat
1 0 -220 -88 150 1 0 0 0 1 0 0 0 1 3048.dat
1 0 -180 -88 150 1 0 0 0 1 0 0 0 1 3048.dat
1 15 -270 -80 -20 -1 0 0 0 1 0 0 0 -1 41748.dat
1 15 -130 -80 -20 -1 0 0 0 1 0 0 0 -1 41747.dat
1 15 -270 -80 -60 1 0 0 0 1 0 0 0 1 41747.dat
1 15 -130 -80 -60 1 0 0 0 1 0 0 0 1 41748.dat
1 15 -250 -88 130 0 0 1 0 1 0 -1 0 0 3038.dat
1 15 -150 -88 130 0 0 -1 0 1 0 1 0 0 3038.dat
1 0 -270 -88 -40 0 0 1 0 1 0 -1 0 0 2412.dat
1 0 -130 -88 -40 0 0 1 0 1 0 -1 0 0 2412.dat
1 36 -250 -88 150 -1 0 0 0 1 0 0 0 -1 54200.dat
1 36 -150 -88 150 -1 0 0 0 1 0 0 0 -1 54200.dat
1 15 -250 -88 130 1 0 0 0 1 0 0 0 1 54200.dat
1 15 -150 -88 130 1 0 0 0 1 0 0 0 1 54200.dat
1 33 -250 -88 110 1 0 0 0 1 0 0 0 1 54200.dat
1 33 -150 -88 110 1 0 0 0 1 0 0 0 1 54200.dat
1 4 -300 -34 190 1 0 0 0 1 0 0 0 1 6536.dat
1 8 -368 -34 190 1 0 0 0 1 0 0 0 1 55013.dat
1 0 -330 -34 190 -1 0 0 0 -1 0 0 0 1 62462.dat
1 0 -350 -34 190 0 0 -1 0 1 0 1 0 0 64711.dat
1 7 -381 -34 190 0 0 -1 0 1 0 1 0 0 3713.dat
1 0 -391 -34 190 0 0 -1 0 1 0 1 0 0 64711.dat
1 1 -420 -34 190 0 1 0 0 0 -1 -1 0 0 4032.dat
1 15 -428 -34 190 0 1 0 0 0 -1 -1 0 0 4285.dat
1 7 -438 -34 190 0 0 1 0 1 0 -1 0 0 3713.dat
1 4 -100 -34 190 -1 0 0 0 1 0 0 0 -1 6536.dat
1 8 -32 -34 190 -1 0 0 0 1 0 0 0 -1 55013.dat
1 0 -70 -34 190 1 0 0 0 -1 0 0 0 -1 62462.dat
1 0 -50 -34 190 0 0 1 0 1 0 -1 0 0 64711.dat
1 7 -19 -34 190 0 0 1 0 1 0 -1 0 0 3713.dat
1 0 -9 -34 190 0 0 1 0 1 0 -1 0 0 64711.dat
1 1 20 -34 190 0 -1 0 0 0 -1 1 0 0 4032.dat
1 15 28 -34 190 0 -1 0 0 0 -1 1 0 0 4285.dat
1 7 38 -34 190 0 0 -1 0 1 0 1 0 0 3713.dat
1 4 -300 -34 -190 1 0 0 0 1 0 0 0 1 6536.dat
1 8 -368 -34 -190 1 0 0 0 1 0 0 0 1 55013.dat
1 0 -330 -34 -190 -1 0 0 0 -1 0 0 0 1 62462.dat
1 0 -350 -34 -190 0 0 -1 0 1 0 1 0 0 64711.dat
1 7 -381 -34 -190 0 0 -1 0 1 0 1 0 0 3713.dat
1 0 -391 -34 -190 0 0 -1 0 1 0 1 0 0 64711.dat
1 1 -420 -34 -190 0 1 0 0 0 -1 -1 0 0 4032.dat
1 15 -428 -34 -190 0 1 0 0 0 -1 -1 0 0 4285.dat
1 7 -438 -34 -190 0 0 1 0 1 0 -1 0 0 3713.dat
1 4 -100 -34 -190 -1 0 0 0 1 0 0 0 -1 6536.dat
1 8 -32 -34 -190 -1 0 0 0 1 0 0 0 -1 55013.dat
1 0 -70 -34 -190 1 0 0 0 -1 0 0 0 -1 62462.dat
1 0 -50 -34 -190 0 0 1 0 1 0 -1 0 0 64711.dat
1 7 -19 -34 -190 0 0 1 0 1 0 -1 0 0 3713.dat
1 0 -9 -34 -190 0 0 1 0 1 0 -1 0 0 64711.dat
1 1 20 -34 -190 0 -1 0 0 0 -1 1 0 0 4032.dat
1 15 28 -34 -190 0 -1 0 0 0 -1 1 0 0 4285.dat
1 7 38 -34 -190 0 0 -1 0 1 0 1 0 0 3713.dat
1 15 -200 8 -240 0 0 1 0 1 0 -1 0 0 3032.dat
1 8 -200 0 -200 1 0 0 0 1 0 0 0 1 3020.dat
1 0 -250 -48 -240 0 0 -1 0 1 0 1 0 0 6087.dat
1 0 -150 -48 -240 0 0 1 0 1 0 -1 0 0 6087.dat
1 8 -200 0 -290 1 0 0 0 1 0 0 0 1 2419.dat
1 0 -200 0 -330 1 0 0 0 1 0 0 0 1 3023.dat
1 7 -220 -24 -200 0 0 -1 0 1 0 1 0 0 6232.dat
1 7 -180 -24 -200 0 0 -1 0 1 0 1 0 0 6232.dat
1 8 -230 -24 -240 0 0 1 0 1 0 -1 0 0 3004.dat
1 8 -170 -24 -240 0 0 1 0 1 0 -1 0 0 3004.dat
1 0 -240 -24 -270 1 0 0 0 1 0 0 0 1 32000.dat
1 0 -160 -24 -270 1 0 0 0 1 0 0 0 1 32000.dat
1 0 -230 -24 -290 1 0 0 0 1 0 0 0 1 6541.dat
1 0 -170 -24 -290 1 0 0 0 1 0 0 0 1 6541.dat
1 0 -200 -24 -310 1 0 0 0 1 0 0 0 1 3039.dat
1 7 -250 -14 -280 0 0 1 0 1 0 -1 0 0 4274.dat
1 7 -150 -14 -280 0 0 1 0 1 0 -1 0 0 4274.dat
1 7 -230 -14 -300 0 0 1 0 1 0 -1 0 0 4274.dat
1 7 -170 -14 -300 0 0 1 0 1 0 -1 0 0 4274.dat
1 34 -250 -14 -304 1 0 0 0 0 -1 0 1 0 4589.dat
1 34 -150 -14 -304 1 0 0 0 0 -1 0 1 0 4589.dat
1 34 -230 -14 -324 1 0 0 0 0 -1 0 1 0 4589.dat
1 34 -170 -14 -324 1 0 0 0 0 -1 0 1 0 4589.dat
1 8 -200 -32 -190 1 0 0 0 1 0 0 0 1 3710.dat
1 8 -230 -32 -240 0 0 1 0 1 0 -1 0 0 3710.dat
1 8 -170 -32 -240 0 0 1 0 1 0 -1 0 0 3710.dat
1 15 -230 -48 -290 0 0 1 0 1 0 -1 0 0 2462.dat
1 15 -170 -48 -290 1 0 0 0 1 0 0 0 1 2462.dat
1 8 -290 -56 -230 1 0 0 0 1 0 0 0 1 2555.dat
1 8 -110 -56 -230 1 0 0 0 1 0 0 0 1 2555.dat
1 8 -290 -56 -250 1 0 0 0 1 0 0 0 1 2555.dat
1 8 -110 -56 -250 1 0 0 0 1 0 0 0 1 2555.dat
1 0 -290 -62 -322 1 0 0 0 0 1 0 -1 0 63965.dat
1 0 -110 -62 -322 1 0 0 0 0 1 0 -1 0 63965.dat
1 34 -290 -60 -346 1 0 0 0 0 -1 0 1 0 4589.dat
1 34 -110 -60 -346 1 0 0 0 0 -1 0 1 0 4589.dat
1 8 -200 -56 -200 1 0 0 0 1 0 0 0 1 3001.dat
1 8 -200 -64 -180 1 0 0 0 1 0 0 0 1 3020.dat
1 15 -200 -72 -170 1 0 0 0 1 0 0 0 1 2431.dat
1 15 -250 -72 -180 1 0 0 0 1 0 0 0 1 41747.dat
1 15 -150 -72 -180 1 0 0 0 1 0 0 0 1 41748.dat
1 33 -200 -96 -180 1 0 0 0 1 0 0 0 1 41751.dat
1 0 -240 -54 232 1 0 0 0 0 -1 0 1 0 6233.dat
1 0 -160 -54 232 1 0 0 0 0 -1 0 1 0 6233.dat
1 15 -240 -54 224 1 0 0 0 0 -1 0 1 0 30033.dat
1 15 -160 -54 224 1 0 0 0 0 -1 0 1 0 30033.dat
1 8 -200 -64 210 1 0 0 0 1 0 0 0 1 3894.dat
1 8 -240 -54 230 0 0 1 0 1 0 -1 0 0 6587.dat
1 8 -160 -54 230 0 0 1 0 1 0 -1 0 0 6587.dat
1 8 -200 -64 190 1 0 0 0 1 0 0 0 1 3894.dat
1 0 -200 -64 170 1 0 0 0 1 0 0 0 1 3701.dat
1 1 -200 -40 180 1 0 0 0 1 0 0 0 1 3022.dat
1 0 -200 -72 210 1 0 0 0 1 0 0 0 1 3023.dat
1 0 -250 -72 200 0 0 1 0 1 0 -1 0 0 2540.dat
1 0 -150 -72 200 0 0 -1 0 1 0 1 0 0 2540.dat
1 8 -220 -96 180 1 0 0 0 1 0 0 0 1 50943.dat
1 8 -180 -96 180 1 0 0 0 1 0 0 0 1 50943.dat
1 0 -270 -70 180 0.382683 0 -0.92388 -0.92388 0 -0.382683 0 1 0 44676.dat
1 0 -130 -70 180 0.382683 0 0.92388 0.92388 0 -0.382683 0 1 0 44676.dat
1 0 -200 -80 210 1 0 0 0 1 0 0 0 1 3023.dat
1 15 -230 -96 210 0 0 1 0 1 0 -1 0 0 50950.dat
1 15 -170 -96 210 0 0 -1 0 1 0 1 0 0 50950.dat
1 57 -240 -14.766 262.86 1 0 0 0 0.243 -0.97 0 0.97 0.243 6141.dat
1 16 -240 -20.598 239.58 1 0 0 0 0.243 -0.97 0 0.97 0.243 4589.dat
1 8 -240 -22.542 231.82 0 0 1 0.97 0.243 0 -0.243 0.97 0 2555.dat
1 57 -187.711 -26.289 262.86 0.707 -0.171 0.686 0.707 0.171 -0.686 0 0.97 0.243 6141.dat
1 16 -183.607 -30.393 239.58 0.707 -0.171 0.686 0.707 0.171 -0.686 0 0.97 0.243 4589.dat
1 8 -182.239 -31.761 231.82 -0.686 -0.171 0.707 0.686 0.171 0.707 -0.243 0.97 0 2555.dat
1 57 -132.289 -26.289 262.86 0.707 0.171 -0.686 -0.707 0.171 -0.686 0 0.97 0.243 6141.dat
1 16 -136.393 -30.393 239.58 0.707 0.171 -0.686 -0.707 0.171 -0.686 0 0.97 0.243 4589.dat
1 8 -137.761 -31.761 231.82 0.686 0.171 0.707 0.686 0.171 -0.707 -0.243 0.97 0 2555.dat
1 57 -279.234 -54 262.86 0 -0.243 -0.97 -1 0 0 0 0.97 -0.243 6141.dat
1 16 -273.402 -54 239.58 0 -0.243 -0.97 -1 0 0 0 0.97 -0.243 4589.dat
1 8 -271.458 -54 231.82 0.97 -0.243 0 0 0 -1 0.243 0.97 0 2555.dat
1 57 -200.766 -54 262.86 0 0.243 0.97 1 0 0 0 0.97 -0.243 6141.dat
1 16 -206.598 -54 239.58 0 0.243 0.97 1 0 0 0 0.97 -0.243 4589.dat
1 8 -208.542 -54 231.82 -0.97 0.243 0 0 0 1 0.243 0.97 0 2555.dat
1 57 -187.711 -81.711 262.86 0.707 -0.171 -0.686 -0.707 -0.171 -0.686 0 0.97 -0.243 6141.dat
1 16 -183.607 -77.607 239.58 0.707 -0.171 -0.686 -0.707 -0.171 -0.686 0 0.97 -0.243 4589.dat
1 8 -182.239 -76.239 231.82 0.686 -0.171 0.707 0.686 -0.171 -0.707 0.243 0.97 0 2555.dat
1 57 -132.289 -81.711 262.86 0.707 0.171 0.686 0.707 -0.171 -0.686 0 0.97 -0.243 6141.dat
1 16 -136.393 -77.607 239.58 0.707 0.171 0.686 0.707 -0.171 -0.686 0 0.97 -0.243 4589.dat
1 8 -137.761 -76.239 231.82 -0.686 0.171 0.707 0.686 -0.171 0.707 0.243 0.97 0 2555.dat
1 57 -240 -93.234 262.86 1 0 0 0 -0.243 -0.97 0 0.97 -0.243 6141.dat
1 16 -240 -87.402 239.58 1 0 0 0 -0.243 -0.97 0 0.97 -0.243 4589.dat
1 8 -240 -85.458 231.82 0 0 1 0.97 -0.243 0 0.243 0.97 0 2555.dat
1 0 -313.92 -84.64 60 0 -0.383 0.924 0 0.924 0.383 -1 0 0 3705.dat
1 7 -313.92 -84.64 50 -0.383 -0.924 0 0.924 -0.383 0 0 0 1 3713.dat
1 0 -313.92 -84.64 70 0.383 0 -0.924 -0.924 0 -0.383 0 1 0 60483.dat
1 0 -332.4 -92.3 80 0 -0.383 0.924 0 0.924 0.383 -1 0 0 3673.dat
1 0 -313.92 -84.64 30 0 -0.383 0.924 0 0.924 0.383 -1 0 0 32291.dat
1 0 -221.52 -46.34 90 -0.383 0 -0.924 0.924 0 -0.383 0 -1 0 32271.dat
1 0 -330.82 -69.99 40 0.924 -0.383 0 0.383 0.924 0 0 0 1 3673.dat
1 0 -330.82 -69.99 20 0.924 -0.383 0 0.383 0.924 0 0 0 1 3673.dat
1 15 -340.06 -73.82 20 0.383 0.924 0 -0.924 0.383 0 0 0 1 61069.dat
1 1 -366.832 -71.924 80 0 0.5094 -0.8608 0 0.8608 0.5094 1 0 0 3749.dat
1 36 -330.82 -69.99 0 0.383 0.924 0 -0.924 0.383 0 0 0 1 6141.dat
1 8 -368.6613 -58.0391 70 -0.991781 -0.130662 0 -0.130662 0.991781 0 0 0 -1 2420.dat
1 0 -375.4432 -83.1484 70 0.991781 -0.130662 0 0.130662 0.991781 0 0 0 1 32000.dat
1 0 -365.5254 -81.8418 50 0.991781 -0.130662 0 0.130662 0.991781 0 0 0 1 6541.dat
1 0 -386.6676 -74.5372 60 0 -0.130662 0.991781 0 0.991781 0.130662 -1 0 0 3673.dat
1 0 -366.832 -71.924 40 0 -0.130662 0.991781 0 0.991781 0.130662 -1 0 0 3673.dat
1 0 -386.6676 -74.5372 -4 0.991781 0 -0.130662 0.130662 0 0.991781 0 -1 0 40244.dat
1 0 -366.832 -71.924 -24 0.991781 0 -0.130662 0.130662 0 0.991781 0 -1 0 40244.dat
1 34 -386.6676 -74.5372 -68 0.991781 0 -0.130662 0.130662 0 0.991781 0 -1 0 6141.dat
1 34 -366.832 -71.924 -88 0.991781 0 -0.130662 0.130662 0 0.991781 0 -1 0 6141.dat
1 8 -364.4801 -89.7761 70 -0.991781 -0.130662 0 -0.130662 0.991781 0 0 0 -1 2420.dat
1 0 -86.08 -84.64 60 0 0.383 0.924 0 0.924 -0.383 -1 0 0 3705.dat
1 7 -86.08 -84.64 50 0.383 -0.924 0 0.924 0.383 0 0 0 1 3713.dat
1 0 -86.08 -84.64 70 0.383 0 0.924 0.924 0 -0.383 0 1 0 60483.dat
1 0 -67.6 -92.3 80 0 0.383 0.924 0 0.924 -0.383 -1 0 0 3673.dat
1 0 -86.08 -84.64 30 0 0.383 0.924 0 0.924 -0.383 -1 0 0 32291.dat
1 0 -178.48 -46.34 90 0.383 0 0.924 0.924 0 -0.383 0 1 0 32271.dat
1 0 -69.18 -69.99 40 0.924 0.383 0 -0.383 0.924 0 0 0 1 3673.dat
1 0 -69.18 -69.99 20 0.924 0.383 0 -0.383 0.924 0 0 0 1 3673.dat
1 15 -59.94 -73.82 20 -0.383 -0.924 0 -0.924 0.383 0 0 0 -1 61069.dat
1 1 -33.168 -71.924 80 0 -0.5094 -0.8608 0 0.8608 -0.5094 1 0 0 3749.dat
1 36 -69.18 -69.99 0 0.383 -0.924 0 0.924 0.383 0 0 0 1 6141.dat
1 8 -31.3387 -58.0391 70 0 0.130662 0.991781 0 0.991781 -0.130662 -1 0 0 2420.dat
1 0 -24.5568 -83.1484 70 0.991781 0.130662 0 -0.130662 0.991781 0 0 0 1 32000.dat
1 0 -34.4746 -81.8418 50 0.991781 0.130662 0 -0.130662 0.991781 0 0 0 1 6541.dat
1 0 -13.3324 -74.5372 60 0 0.130662 0.991781 0 0.991781 -0.130662 -1 0 0 3673.dat
1 0 -33.168 -71.924 40 0 0.130662 0.991781 0 0.991781 -0.130662 -1 0 0 3673.dat
1 0 -13.3324 -74.5372 -4 0.991781 0 0.130662 -0.130662 0 0.991781 0 -1 0 40244.dat
1 0 -33.168 -71.924 -24 0.991781 0 0.130662 -0.130662 0 0.991781 0 -1 0 40244.dat
1 34 -13.3324 -74.5372 -68 0.991781 0 0.130662 -0.130662 0 0.991781 0 -1 0 6141.dat
1 34 -33.168 -71.924 -88 0.991781 0 0.130662 -0.130662 0 0.991781 0 -1 0 6141.dat
1 8 -35.5199 -89.7761 70 0 0.130662 0.991781 0 0.991781 -0.130662 -1 0 0 2420.dat
1 15 -200 -49.09 -70.49 1 0 0 0 0.309 0.951 0 -0.951 0.309 6222.dat
1 0 -200 -7.96 -67.64 0 0 1 -0.951 0.309 0 -0.309 -0.951 0 3673.dat
1 0 -200 -84.04 -92.36 0 0 -1 0.951 0.309 0 0.309 -0.951 0 6628.dat
1 0 -200 -23.032 -53.612 1 0 0 0 0.309 0.951 0 -0.951 0.309 3023.dat
1 0 -230 -51.562 -62.882 0 0 1 -0.951 0.309 0 -0.309 -0.951 0 3023.dat
1 0 -170 -51.562 -62.882 0 0 1 -0.951 0.309 0 -0.309 -0.951 0 3023.dat
1 15 -200 -80.092 -72.152 1 0 0 0 0.309 0.951 0 -0.951 0.309 3069.dat
1 33 -200 -88.642 51.238 -1 0 0 0 0.309 -0.951 0 -0.951 -0.309 85941.dat
1 7 -200 -62.584 68.116 1 0 0 0 0.309 0.951 0 -0.951 0.309 32028.dat
1 8 -200 -70 90.94 1 0 0 0 0.309 0.951 0 -0.951 0.309 85943.dat
1 0 -200 -57.4 84.52 0 0 1 -0.951 0.309 0 -0.309 -0.951 0 3673.dat
1 4 -200 -95.44 72.16 1 0 0 0 0.309 0.951 0 -0.951 0.309 32062.dat
1 0 -200 -23.17 11.53 1 0 0 0 -0.951 0.309 0 -0.309 -0.951 40490.dat
1 33 -200 -88.642 51.238 1 0 0 0 0.309 0.951 0 -0.951 0.309 85941.dat
1 16 -200 -119.644 49.576 -1 0 0 0 0.309 -0.951 0 -0.951 -0.309 32028.dat
1 7 -200 -95.44 72.16 1 0 0 0 0.951 -0.309 0 0.309 0.951 32034.dat
1 16 -200 -113.98 129.22 0 0 1 -0.951 0.309 0 -0.309 -0.951 0 6553.dat
1 4 -200 -113.98 129.22 0 -1 0 0.951 0 -0.309 0.309 0 0.951 32062.dat
1 0 -200 -133 123.04 1 0 0 0 0.951 -0.309 0 0.309 0.951 2723.dat
