0 Main
0 Name: 8081 - Extreme Cruiser - Hot Rod.mpd
0 Author: LTRON
1 71 0 -9.55 2.353 1 0 0 0 0.996 -0.094 0 0.094 0.996 64179.dat
1 0 -50 -13.31 42.193 1 0 0 0 0.996 -0.094 0 0.094 0.996 2780.dat
1 0 -50 -9.55 2.353 1 0 0 0 0.996 -0.094 0 0.094 0.996 2780.dat
1 0 50 -13.31 42.193 1 0 0 0 0.996 -0.094 0 0.094 0.996 2780.dat
1 0 50 -9.55 2.353 1 0 0 0 0.996 -0.094 0 0.094 0.996 2780.dat
1 1 -40 -23.83 -59.287 0 1 0 -0.996 0 -0.094 -0.094 0 0.996 6558.dat
1 1 40 -23.83 -59.287 0 1 0 -0.996 0 -0.094 -0.094 0 0.996 6558.dat
1 28 0 -17.07 82.033 0 1 0 0.094 0 -0.996 -0.996 0 -0.094 6587.dat
1 71 0 -17.07 82.033 0 1 0 -0.996 0 -0.094 -0.094 0 0.996 94925.dat
1 0 0 -19.89 111.913 0 1 0 -0.996 0 -0.094 -0.094 0 0.996 59443.dat
1 71 0 -26.47 181.633 0 1 0 -0.094 0 0.996 0.996 0 0.094 44294.dat
1 0 0 -33.05 251.353 0 1 0 -0.996 0 -0.094 -0.094 0 0.996 59443.dat
1 4 -60 -22.71 141.793 0 1 0 -0.996 0 -0.094 -0.094 0 0.996 32278.dat
1 0 -70 -17.07 82.033 1 0 0 0 0.996 -0.094 0 0.094 0.996 2780.dat
1 0 -70 -20.83 121.873 1 0 0 0 0.996 -0.094 0 0.094 0.996 2780.dat
1 0 -70 -32.11 241.393 1 0 0 0 0.996 -0.094 0 0.094 0.996 2780.dat
1 0 0 -23.83 -59.287 0 0 1 0.094 0.996 0 -0.996 0.094 0 32316.dat
1 71 0 -49.39 -1.407 1 0 0 0 0.996 -0.094 0 0.094 0.996 64179.dat
1 0 -50 -53.15 38.433 1 0 0 0 0.996 -0.094 0 0.094 0.996 2780.dat
1 0 -50 -49.39 -1.407 1 0 0 0 0.996 -0.094 0 0.094 0.996 2780.dat
1 0 50 -53.15 38.433 1 0 0 0 0.996 -0.094 0 0.094 0.996 2780.dat
1 0 50 -49.39 -1.407 1 0 0 0 0.996 -0.094 0 0.094 0.996 2780.dat
1 4 -60 -62.55 138.033 0 1 0 -0.996 0 -0.094 -0.094 0 0.996 32278.dat
1 0 -50 -75.71 277.473 1 0 0 0 0.996 -0.094 0 0.094 0.996 2780.dat
1 1 -60 -66.31 177.873 -1 0 0 0 0.996 0.094 0 0.094 -0.996 6558.dat
1 4 -40 -115.55 273.713 0 1 0 0.996 0 0.094 0.094 0 -0.996 32009.dat
1 1 -60 -119.31 313.553 -1 0 0 0 0.996 0.094 0 0.094 -0.996 6558.dat
1 0 -50 -126.83 393.233 -1 0 0 0 0.996 0.094 0 0.094 -0.996 2780.dat
1 4 0 -35.87 281.233 0 0 -1 -0.094 0.996 0 0.996 0.094 0 32034.dat
1 71 -60 -35.87 281.233 1 0 0 0 0.996 -0.094 0 0.094 0.996 32073.dat
1 71 60 -35.87 281.233 1 0 0 0 0.996 -0.094 0 0.094 0.996 32073.dat
1 71 0 -35.87 281.233 0 0 1 0.094 0.996 0 -0.996 0.094 0 4519.dat
1 4 0 -130.59 433.073 0 0 -1 -0.094 0.996 0 0.996 0.094 0 32034.dat
1 71 -40 -130.59 433.073 1 0 0 0 0.996 -0.094 0 0.094 0.996 4519.dat
1 71 40 -130.59 433.073 1 0 0 0 0.996 -0.094 0 0.094 0.996 4519.dat
1 71 0 -121.19 333.473 1 0 0 0 0.996 -0.094 0 0.094 0.996 60485.dat
1 0 0 -121.19 333.473 1 0 0 0 0.094 0.996 0 -0.996 0.094 6536.dat
1 0 -15 -121.19 333.473 0 -1 0 0.996 0 -0.094 0.094 0 0.996 41677.dat
1 71 0 -123.07 353.393 1 0 0 0 0.996 -0.094 0 0.094 0.996 60485.dat
1 0 -25 -121.19 333.473 0 -1 0 0.996 0 -0.094 0.094 0 0.996 41677.dat
1 71 0 -119.31 313.553 0 -0.707 0.707 0.996 -0.066458 -0.066458 0.094 0.704172 0.704172 4519.dat
1 4 0 -159.15 309.793 -0.707 0.707 0 -0.066458 -0.066458 0.996 0.704172 0.704172 0.094 32034.dat
1 14 0 -99.39 315.433 0.707 -0.707 0 -0.066458 -0.066458 -0.996 0.704172 0.704172 -0.094 32072.dat
1 0 0 -103.15 355.273 1 0 0 0 0.996 -0.094 0 0.094 0.996 42003.dat
1 28 0 -81.35 337.233 0 0 -1 -0.094 0.996 0 0.996 0.094 0 6587.dat
1 14 0 -81.35 337.233 1 0 0 0 0.996 -0.094 0 0.094 0.996 32072.dat
1 0 0 -78.53 307.353 1 0 0 0 0.996 -0.094 0 0.094 0.996 59443.dat
1 71 0 -73.83 257.553 0 0 1 0.094 0.996 0 -0.996 0.094 0 32073.dat
1 0 15 -121.19 333.473 0 -1 0 0.996 0 -0.094 0.094 0 0.996 41677.dat
1 0 25 -121.19 333.473 0 -1 0 0.996 0 -0.094 0.094 0 0.996 41677.dat
1 0 0 -69.13 207.753 1 0 0 0 0.996 -0.094 0 0.094 0.996 59443.dat
1 71 0 -64.43 157.953 0 0 1 0.094 0.996 0 -0.996 0.094 0 32073.dat
1 0 0 -59.73 108.153 1 0 0 0 0.996 -0.094 0 0.094 0.996 59443.dat
1 72 0 -56.91 78.273 -0.981 -0.195 0 -0.19422 0.977076 0.094 -0.01833 0.092214 -0.996 6542.dat
1 0 0 -55.97 68.313 0 0 -1 -0.094 0.996 0 0.996 0.094 0 3705.dat
1 0 0 -52.21 28.473 1 0 0 0 0.996 -0.094 0 0.094 0.996 59443.dat
1 4 40 -115.55 273.713 0 1 0 0.996 0 0.094 0.094 0 -0.996 32009.dat
1 1 60 -119.31 313.553 1 0 0 0 -0.996 0.094 0 -0.094 -0.996 6558.dat
1 0 50 -126.83 393.233 1 0 0 0 -0.996 0.094 0 -0.094 -0.996 2780.dat
1 0 50 -75.71 277.473 1 0 0 0 -0.996 0.094 0 -0.094 -0.996 2780.dat
1 4 60 -22.71 141.793 0 1 0 -0.996 0 -0.094 -0.094 0 0.996 32278.dat
1 0 70 -32.11 241.393 1 0 0 0 0.996 -0.094 0 0.094 0.996 2780.dat
1 0 70 -20.83 121.873 1 0 0 0 0.996 -0.094 0 0.094 0.996 2780.dat
1 0 70 -17.07 82.033 1 0 0 0 0.996 -0.094 0 0.094 0.996 2780.dat
1 4 60 -62.55 138.033 0 1 0 -0.996 0 -0.094 -0.094 0 0.996 32278.dat
1 1 60 -66.31 177.873 1 0 0 0 0.996 -0.094 0 0.094 0.996 6558.dat
1 71 0 -43.75 -61.167 0 0 1 0.094 0.996 0 -0.996 0.094 0 60485.dat
1 71 0 -41.87 -81.087 -1 0 0 0 0.996 0.094 0 0.094 -0.996 3713.dat
1 4 60 -39.63 321.073 0 -1 0 -0.094 0 -0.996 0.996 0 -0.094 32526.dat
1 4 -60 -39.63 321.073 0 -1 0 -0.094 0 -0.996 0.996 0 -0.094 32526.dat
1 0 -70 -79.47 317.313 1 0 0 0 -0.094 -0.996 0 0.996 -0.094 2780.dat
1 0 70 -79.47 317.313 1 0 0 0 -0.094 -0.996 0 0.996 -0.094 2780.dat
1 71 0 -35.6251 360.8892 0 0 1 -0.100014 0.995218 0 -0.995218 -0.100014 0 4519.dat
1 71 0 -39.6257 321.0804 0 -1 0 -0.995612 0 0.093963 -0.093963 0 -0.995612 62519.dat
1 71 0 -29.6243 420.6022 1 0 0 0 -0.995218 -0.100014 0 0.100014 -0.995218 64178.dat
1 0 0 -33.6248 380.7935 1 0 0 0 -0.995218 -0.100014 0 0.100014 -0.995218 32269.dat
1 1 40 -27.624 440.5066 0 1 0 0.995218 0 -0.100014 -0.100014 0 -0.995218 6558.dat
1 1 40 -31.6246 400.6979 0 1 0 0.995218 0 -0.100014 -0.100014 0 -0.995218 6558.dat
1 1 -40 -27.624 440.5066 0 1 0 0.995218 0 -0.100014 -0.100014 0 -0.995218 6558.dat
1 1 -40 -31.6246 400.6979 0 1 0 0.995218 0 -0.100014 -0.100014 0 -0.995218 6558.dat
1 72 0 -29.6243 420.6022 0 0 -1 1.000448 0.01205 0 0.01205 -1.000448 0 62821.dat
1 71 -40 -29.6243 420.6022 -1 0 0 0 0.01205 -1.000448 0 -1.000448 -0.01205 4519.dat
1 71 40 -29.6243 420.6022 -1 0 0 0 0.01205 -1.000448 0 -1.000448 -0.01205 4519.dat
1 19 17 -29.6243 420.6022 0 0 -1 1.000448 0.01205 0 0.01205 -1.000448 0 6589.dat
1 19 -17 -29.6243 420.6022 0 0 1 1.000448 -0.01205 0 0.01205 1.000448 0 6589.dat
1 19 0 -29.8296 437.6049 -0.259 0.966 0 0.966211 0.258671 0.01205 0.01147 0.003158 -1.000448 6589.dat
1 71 60 -49.5286 422.6025 0 -1 0 -0.100014 0 0.995218 -0.995218 0 -0.100014 63869.dat
1 71 60 -9.7199 418.602 0 -1 0 -0.100014 0 0.995218 -0.995218 0 -0.100014 63869.dat
1 71 -60 -49.5286 422.6025 0 1 0 0.100014 0 0.995218 0.995218 0 -0.100014 63869.dat
1 71 -60 -9.7199 418.602 0 1 0 0.100014 0 0.995218 0.995218 0 -0.100014 63869.dat
1 71 60 -49.5286 422.6025 0 1 0 0.100014 0 0.995218 0.995218 0 -0.100014 4519.dat
1 71 -60 -49.5286 422.6025 0 1 0 0.100014 0 0.995218 0.995218 0 -0.100014 4519.dat
1 71 -60 -9.7199 418.602 0 1 0 0.100014 0 0.995218 0.995218 0 -0.100014 4519.dat
1 71 60 -9.7199 418.602 0 1 0 0.100014 0 0.995218 0.995218 0 -0.100014 4519.dat
1 0 70 -29.6243 420.6022 0 0 -1 1.000448 0.01205 0 0.01205 -1.000448 0 59443.dat
1 0 -70 -29.6243 420.6022 0 0 -1 1.000448 0.01205 0 0.01205 -1.000448 0 59443.dat
1 71 100 -48.0284 437.5308 0 0 -1 0.995218 -0.100014 0 -0.100014 -0.995218 0 6632.dat
1 71 100 -51.0288 407.6743 0 0 -1 0.995218 -0.100014 0 -0.100014 -0.995218 0 6632.dat
1 71 100 -11.2201 403.6737 0 0 -1 0.995218 -0.100014 0 -0.100014 -0.995218 0 6632.dat
1 71 -60 -51.0288 407.6743 0 0 -1 0.995218 -0.100014 0 -0.100014 -0.995218 0 6632.dat
1 71 -60 -48.0284 437.5308 0 0 -1 0.995218 -0.100014 0 -0.100014 -0.995218 0 6632.dat
1 71 -60 -11.2201 403.6737 0 0 -1 0.995218 -0.100014 0 -0.100014 -0.995218 0 6632.dat
1 71 100 -8.2197 433.5302 0 0 -1 0.995218 -0.100014 0 -0.100014 -0.995218 0 6632.dat
1 71 -60 -8.2197 433.5302 0 0 -1 0.995218 -0.100014 0 -0.100014 -0.995218 0 6632.dat
1 72 -127 -29.6243 420.6022 -1 0 0 0 0.01205 -1.000448 0 -1.000448 -0.01205 59426.dat
1 72 127 -29.6243 420.6022 1 0 0 0 0.01205 1.000448 0 -1.000448 0.01205 59426.dat
1 71 -100 -29.6243 420.6022 0 0 -1 -0.100014 -0.995218 0 -0.995218 0.100014 0 32184.dat
1 71 100 -29.6243 420.6022 0 0 -1 -0.100014 -0.995218 0 -0.995218 0.100014 0 32184.dat
1 71 120 -29.6243 420.6022 0 0 1 -0.01205 -1.000448 0 1.000448 -0.01205 0 3713.dat
1 71 -120 -29.6243 420.6022 0 0 -1 0.01205 -1.000448 0 -1.000448 -0.01205 0 3713.dat
1 28 -100 -8.9198 426.5637 0 0 -1 -0.100014 -0.995218 0 -0.995218 0.100014 0 6587.dat
1 28 -100 -48.7285 430.5643 0 0 -1 -0.100014 -0.995218 0 -0.995218 0.100014 0 6587.dat
1 28 100 -8.9198 426.5637 0 0 -1 -0.100014 -0.995218 0 -0.995218 0.100014 0 6587.dat
1 28 100 -48.7285 430.5643 0 0 -1 -0.100014 -0.995218 0 -0.995218 0.100014 0 6587.dat
1 71 -100 -46.5282 452.4591 0 0 1 -0.100014 0.995218 0 -0.995218 -0.100014 0 6536.dat
1 0 -90 -26.6239 450.4588 -1 0 0 0 0.995218 -0.100014 0 -0.100014 -0.995218 2780.dat
1 71 100 -46.5282 452.4591 0 0 1 -0.100014 0.995218 0 -0.995218 -0.100014 0 6536.dat
1 0 90 -26.6239 450.4588 -1 0 0 0 0.995218 -0.100014 0 -0.100014 -0.995218 2780.dat
0 !LEOCAD SYNTH BEGIN
0 !LEOCAD SYNTH CONTROL_POINT 0 110 0 1 0 0 0 1 0 0 0 1 1
0 !LEOCAD SYNTH CONTROL_POINT 0 0 0 1 0 0 0 1 0 0 0 1 1
1 71 -80 -134.3398 472.8824 0 0 -1 0.203912 0.978745 0 0.978745 -0.203912 0 76537.dat
0 !LEOCAD SYNTH END
0 !LEOCAD SYNTH BEGIN
0 !LEOCAD SYNTH CONTROL_POINT 0 110 0 1 0 0 0 1 0 0 0 1 1
0 !LEOCAD SYNTH CONTROL_POINT 0 0 0 1 0 0 0 1 0 0 0 1 1
1 71 80 -134.3398 472.8824 0 0 -1 0.203912 0.978745 0 0.978745 -0.203912 0 76537.dat
0 !LEOCAD SYNTH END
1 71 0 -39.6257 321.0804 0 -1 0 -0.995612 0 0.093963 -0.093963 0 -0.995612 62520.dat
1 71 0 -39.6257 321.0804 1 0 0 0 0.995218 0.100014 0 -0.100014 0.995218 62520.dat
1 19 -60 -39.63 321.073 1 0 0 0 0.996 -0.094 0 0.094 0.996 32556.dat
1 19 60 -39.63 321.073 -1 0 0 0 0.996 0.094 0 0.094 -0.996 32556.dat
1 4 80 -32.11 241.393 0 1 0 -0.996 0 -0.094 -0.094 0 0.996 32526.dat
1 4 -80 -32.11 241.393 0 1 0 -0.996 0 -0.094 -0.094 0 0.996 32526.dat
1 0 90 -30.23 221.473 1 0 0 0 -0.996 0.094 0 -0.094 -0.996 62462.dat
1 0 70 -30.23 221.473 1 0 0 0 -0.996 0.094 0 -0.094 -0.996 2780.dat
1 0 110 -30.23 221.473 1 0 0 0 -0.996 0.094 0 -0.094 -0.996 2780.dat
1 0 -90 -30.23 221.473 1 0 0 0 -0.996 0.094 0 -0.094 -0.996 62462.dat
1 0 -110 -30.23 221.473 1 0 0 0 -0.996 0.094 0 -0.094 -0.996 2780.dat
1 0 -70 -30.23 221.473 1 0 0 0 -0.996 0.094 0 -0.094 -0.996 2780.dat
1 0 -90 -24.59 161.713 1 0 0 0 -0.996 0.094 0 -0.094 -0.996 62462.dat
1 0 -110 -24.59 161.713 1 0 0 0 -0.996 0.094 0 -0.094 -0.996 2780.dat
1 0 -70 -24.59 161.713 1 0 0 0 -0.996 0.094 0 -0.094 -0.996 2780.dat
1 0 90 -24.59 161.713 1 0 0 0 -0.996 0.094 0 -0.094 -0.996 62462.dat
1 0 70 -24.59 161.713 1 0 0 0 -0.996 0.094 0 -0.094 -0.996 2780.dat
1 0 110 -24.59 161.713 1 0 0 0 -0.996 0.094 0 -0.094 -0.996 2780.dat
1 0 100 -35.87 281.233 1 0 0 0 -0.094 -0.996 0 0.996 -0.094 6536.dat
1 0 -100 -35.87 281.233 1 0 0 0 -0.094 -0.996 0 0.996 -0.094 6536.dat
1 0 0 -57.67 299.273 0 0 -1 -0.094 0.996 0 0.996 0.094 0 41239.dat
1 4 100 -57.67 299.273 0 0 -1 0.996 0.094 0 0.094 -0.996 0 32054.dat
1 4 -100 -57.67 299.273 0 0 -1 0.996 0.094 0 0.094 -0.996 0 32054.dat
1 4 -60 -132.47 452.993 0 -1 0 0.996 0 -0.094 0.094 0 0.996 32524.dat
1 0 -70 -134.35 472.913 1 0 0 0 0.996 -0.094 0 0.094 0.996 2780.dat
1 4 -60 -138.11 512.753 -1 0 0 0 0.996 0.094 0 0.094 -0.996 32054.dat
1 4 60 -138.11 512.753 1 0 0 0 0.996 -0.094 0 0.094 0.996 32054.dat
1 71 0 -138.11 512.753 1 0 0 0 0.996 -0.094 0 0.094 0.996 32073.dat
1 4 60 -132.47 452.993 0 -1 0 0.996 0 -0.094 0.094 0 0.996 32524.dat
1 0 70 -134.35 472.913 1 0 0 0 0.996 -0.094 0 0.094 0.996 2780.dat
1 1 40 -130.0277 272.5576 0 -1 0 0.423944 0 -0.90621 0.90621 0 0.423944 32316.dat
1 1 60 -166.2943 289.5057 1 0 0 0 0.90621 0.423944 0 -0.423944 0.90621 6558.dat
1 1 60 -93.75 255.673 1 0 0 0 0.996 -0.094 0 0.094 0.996 6558.dat
1 0 60 -91.87 235.753 0 -1 0 0.996 0 -0.094 0.094 0 0.996 60483.dat
1 71 60 -91.87 235.753 -1 0 0 0 -0.996 -0.094 0 -0.094 0.996 4519.dat
1 1 40 -91.87 235.753 0 1 0 0.996 0 0.094 0.094 0 -0.996 32140.dat
1 1 -40 -130.0277 272.5576 0 -1 0 0.423944 0 -0.90621 0.90621 0 0.423944 32316.dat
1 1 -60 -166.2943 289.5057 -1 0 0 0 0.90621 -0.423944 0 -0.423944 -0.90621 6558.dat
1 1 -60 -93.75 255.673 -1 0 0 0 -0.996 -0.094 0 -0.094 0.996 6558.dat
1 0 -60 -91.87 235.753 0 -1 0 0.996 0 -0.094 0.094 0 0.996 60483.dat
1 71 -60 -91.87 235.753 -1 0 0 0 -0.996 -0.094 0 -0.094 0.996 4519.dat
1 1 -40 -91.87 235.753 0 1 0 0.996 0 0.094 0.094 0 -0.996 32140.dat
1 1 80 -91.87 235.753 0 1 0 0.996 0 0.094 0.094 0 -0.996 32140.dat
1 1 -80 -91.87 235.753 0 1 0 0.996 0 0.094 0.094 0 -0.996 32140.dat
1 0 60 -165.5416 329.5294 0 1 0 1.000646 0 -0.019112 -0.019112 0 -1.000646 32316.dat
1 0 -60 -165.5416 329.5294 0 1 0 1.000646 0 -0.019112 -0.019112 0 -1.000646 32316.dat
1 1 80 -164.788 369.5532 1 0 0 0 -1.000646 -0.019112 0 0.019112 -1.000646 6558.dat
1 1 -80 -164.788 369.5532 -1 0 0 0 -1.000646 0.019112 0 0.019112 1.000646 6558.dat
1 1 80 -130.0277 272.5576 0 -1 0 0.423944 0 -0.90621 0.90621 0 0.423944 32316.dat
1 1 -80 -130.0277 272.5576 0 -1 0 0.423944 0 -0.90621 0.90621 0 0.423944 32316.dat
1 0 80 -198.99 306.033 0 1 0 -0.094 0 0.996 0.996 0 0.094 32526.dat
1 1 100 -198.99 306.033 1 0 0 0 -0.996 0.094 0 -0.094 -0.996 6558.dat
1 1 100 -159.15 309.793 1 0 0 0 -0.996 0.094 0 -0.094 -0.996 6558.dat
1 0 90 -139.23 311.673 1 0 0 0 -0.996 0.094 0 -0.094 -0.996 2780.dat
1 0 80 -177.95 508.993 0 -1 0 0.996 0 -0.094 0.094 0 0.996 32009.dat
1 1 100 -170.43 429.313 1 0 0 0 0.996 -0.094 0 0.094 0.996 6558.dat
1 1 100 -166.67 389.473 1 0 0 0 0.996 -0.094 0 0.094 0.996 6558.dat
1 0 90 -118.19 514.633 1 0 0 0 0.996 -0.094 0 0.094 0.996 2780.dat
1 0 100 -177.95 508.993 0 -1 0 0.996 0 -0.094 0.094 0 0.996 32009.dat
1 19 110 -162.91 349.633 -1 0 0 0 -0.996 -0.094 0 -0.094 0.996 3749.dat
1 71 100 -98.27 516.513 -1 0 0 0 -0.996 -0.094 0 -0.094 0.996 32073.dat
1 0 40 -98.27 516.513 0 0 -1 -0.094 0.996 0 0.996 0.094 0 32014.dat
1 0 120 -98.27 516.513 0 1 0 -0.094 0 0.996 0.996 0 0.094 41669.dat
1 36 140 -98.27 516.513 0 -1 0 0.094 0 0.996 -0.996 0 0.094 41669.dat
1 0 40 -99.21 526.473 0 -1 0 0.094 0 0.996 -0.996 0 0.094 2780.dat
1 0 -80 -198.99 306.033 0 1 0 -0.094 0 0.996 0.996 0 0.094 32526.dat
1 1 -100 -198.99 306.033 -1 0 0 0 -0.094 0.996 0 0.996 0.094 6558.dat
1 1 -100 -159.15 309.793 -1 0 0 0 -0.094 0.996 0 0.996 0.094 6558.dat
1 0 -90 -139.23 311.673 -1 0 0 0 -0.094 0.996 0 0.996 0.094 2780.dat
1 0 100 -119.31 313.553 0 -1 0 -0.094 0 -0.996 0.996 0 -0.094 32526.dat
1 1 100 -202.75 345.873 -1 0 0 0 -0.996 -0.094 0 -0.094 0.996 6558.dat
1 71 0 -200.87 325.953 1 0 0 0 0.996 -0.094 0 0.094 0.996 4519.dat
1 0 -30 -200.87 325.953 0 0 1 0.094 0.996 0 -0.996 0.094 0 59443.dat
1 0 30 -200.87 325.953 0 0 1 0.094 0.996 0 -0.996 0.094 0 59443.dat
1 0 0 -200.87 325.953 1 0 0 0 0.094 0.996 0 -0.996 0.094 6536.dat
1 71 -60 -200.87 325.953 1 0 0 0 0.094 0.996 0 -0.996 0.094 4519.dat
1 71 60 -200.87 325.953 1 0 0 0 0.094 0.996 0 -0.996 0.094 4519.dat
1 4 100 -200.87 325.953 1 0 0 0 0.094 0.996 0 -0.996 0.094 32054.dat
1 4 -100 -200.87 325.953 -1 0 0 0 -0.094 0.996 0 0.996 0.094 32054.dat
1 0 0 -218.91 304.153 0.707 0.707 0 0.066458 -0.066458 -0.996 -0.704172 0.704172 -0.094 32269.dat
1 28 0 -200.982 305.845 0 0.707 -0.707 -0.996 -0.066458 -0.066458 -0.094 0.704172 0.704172 6587.dat
1 0 120 -164.79 369.553 0 1 0 -0.996 0 -0.094 -0.094 0 0.996 32524.dat
1 0 -80 -177.95 508.993 0 -1 0 0.996 0 -0.094 0.094 0 0.996 32009.dat
1 1 -100 -166.67 389.473 -1 0 0 0 -0.996 -0.094 0 -0.094 0.996 6558.dat
1 1 -100 -170.43 429.313 -1 0 0 0 -0.996 -0.094 0 -0.094 0.996 6558.dat
1 0 -90 -118.19 514.633 -1 0 0 0 -0.996 -0.094 0 -0.094 0.996 2780.dat
1 0 -100 -177.95 508.993 0 -1 0 0.996 0 -0.094 0.094 0 0.996 32009.dat
1 19 -110 -162.91 349.633 1 0 0 0 0.996 -0.094 0 0.094 0.996 3749.dat
1 71 -100 -98.27 516.513 1 0 0 0 0.996 -0.094 0 0.094 0.996 32073.dat
1 0 -40 -98.27 516.513 0 0 1 0.094 0.996 0 -0.996 0.094 0 32014.dat
1 0 -120 -98.27 516.513 0 -1 0 0.094 0 0.996 -0.996 0 0.094 41669.dat
1 36 -140 -98.27 516.513 0 1 0 -0.094 0 0.996 0.996 0 0.094 41669.dat
1 0 -40 -99.21 526.473 0 1 0 -0.094 0 0.996 0.996 0 0.094 2780.dat
1 0 -100 -119.31 313.553 0 -1 0 -0.094 0 -0.996 0.996 0 -0.094 32526.dat
1 1 -100 -202.75 345.873 1 0 0 0 -0.996 0.094 0 -0.094 -0.996 6558.dat
1 0 -120 -164.79 369.553 0 1 0 -0.996 0 -0.094 -0.094 0 0.996 32524.dat
1 0 0 -100.15 536.433 0 0 -1 0.996 0.094 0 0.094 -0.996 0 32316.dat
1 1 20 -101.09 546.393 0 0 -1 -0.094 0.996 0 0.996 0.094 0 4274.dat
1 1 -20 -101.09 546.393 0 0 -1 -0.094 0.996 0 0.996 0.094 0 4274.dat
1 15 0 -101.842 554.361 1 0 0 0 0.094 0.996 0 -0.996 0.094 2431.dat
1 71 -80 -198.3147 405.7348 0 0 -1 -0.073648 -0.997754 0 -0.997754 0.073648 0 32073.dat
1 0 -80 -193.8958 465.6 -1 0 0 0 -0.997754 0.073648 0 0.073648 0.997754 32013.dat
1 0 -80 -202.7336 345.8695 1 0 0 0 -0.997754 -0.073648 0 0.073648 -0.997754 32013.dat
1 71 80 -198.3147 405.7348 0 0 -1 -0.073648 -0.997754 0 -0.997754 0.073648 0 32073.dat
1 0 80 -193.8958 465.6 -1 0 0 0 -0.997754 0.073648 0 0.073648 0.997754 32013.dat
1 0 80 -202.7336 345.8695 1 0 0 0 -0.997754 -0.073648 0 0.073648 -0.997754 32013.dat
1 1 -70 -174.19 469.153 1 0 0 0 -0.984026 0.178284 0 -0.178284 -0.984026 43093.dat
1 0 -65 -174.19 469.153 0 1 0 0.178284 0 -0.984026 -0.984026 0 -0.178284 41677.dat
1 0 65 -174.19 469.153 0 1 0 0.178284 0 -0.984026 -0.984026 0 -0.178284 41677.dat
1 1 70 -174.19 469.153 -1 0 0 0 0.178284 -0.984026 0 -0.984026 -0.178284 43093.dat
1 1 70 -193.8793 465.5955 -1 0 0 0 -0.984026 -0.178284 0 -0.178284 0.984026 43093.dat
1 1 -70 -193.8793 465.5955 1 0 0 0 -0.984026 0.178284 0 -0.178284 -0.984026 43093.dat
1 1 70 -62.55 138.033 1 0 0 0 0.996 -0.094 0 0.094 0.996 43093.dat
1 1 -70 -62.55 138.033 -1 0 0 0 0.996 0.094 0 0.094 -0.996 43093.dat
1 1 -70 -22.71 141.793 -1 0 0 0 0.996 0.094 0 0.094 -0.996 43093.dat
1 1 70 -22.71 141.793 1 0 0 0 0.996 -0.094 0 0.094 0.996 43093.dat
1 71 80 -42.63 139.913 1 0 0 0 0.996 -0.094 0 0.094 0.996 32184.dat
1 71 -80 -42.63 139.913 1 0 0 0 0.996 -0.094 0 0.094 0.996 32184.dat
1 0 0 -40.75 119.993 0 0 -1 -0.996 -0.094 0 -0.094 0.996 0 32525.dat
1 1 -80 -40.75 119.993 0 0 -1 -0.094 0.996 0 0.996 0.094 0 6558.dat
1 1 80 -40.75 119.993 0 0 -1 -0.094 0.996 0 0.996 0.094 0 6558.dat
1 0 -100 -39.81 110.033 0 0 -1 -0.094 0.996 0 0.996 0.094 0 2780.dat
1 0 100 -39.81 110.033 0 0 -1 -0.094 0.996 0 0.996 0.094 0 2780.dat
1 1 -80 -68.75 97.253 0 0 1 0.996 -0.094 0 0.094 0.996 0 43093.dat
1 0 -80 -38.87 100.073 0 1 0 -0.094 0 0.996 0.996 0 0.094 32013.dat
1 0 80 -38.87 100.073 0 1 0 -0.094 0 0.996 0.996 0 0.094 32013.dat
1 1 80 -68.75 97.253 0 0 1 0.996 -0.094 0 0.094 0.996 0 43093.dat
1 71 0 -80.59 116.233 1 0 0 0 0.996 -0.094 0 0.094 0.996 32073.dat
1 0 -50 -80.59 116.233 0 0 1 0.094 0.996 0 -0.996 0.094 0 59443.dat
1 0 50 -80.59 116.233 0 0 1 0.094 0.996 0 -0.996 0.094 0 59443.dat
1 71 -80 -80.59 116.233 1 0 0 0 0.996 -0.094 0 0.094 0.996 4519.dat
1 71 80 -80.59 116.233 1 0 0 0 0.996 -0.094 0 0.094 0.996 4519.dat
1 0 -80 -80.59 116.233 1 0 0 0 0.094 0.996 0 -0.996 0.094 6536.dat
1 0 80 -80.59 116.233 1 0 0 0 0.094 0.996 0 -0.996 0.094 6536.dat
1 0 70 -56.91 78.273 1 0 0 0 0.996 -0.094 0 0.094 0.996 2780.dat
1 0 -70 -56.91 78.273 1 0 0 0 0.996 -0.094 0 0.094 0.996 2780.dat
1 71 120 -30.23 221.473 0 -1 0 0.996 0 -0.094 0.094 0 0.996 40490.dat
1 71 -120 -30.23 221.473 0 -1 0 0.996 0 -0.094 0.094 0 0.996 40490.dat
1 0 80 -96.75 74.513 0 1 0 -0.094 0 0.996 0.996 0 0.094 32526.dat
1 0 -80 -96.75 74.513 0 1 0 -0.094 0 0.996 0.996 0 0.094 32526.dat
1 0 0 -133.39 -69.627 1 0 0 0 0.996 -0.094 0 0.094 0.996 32333.dat
1 1 20 -123.43 -68.687 0 0 1 0.094 0.996 0 -0.996 0.094 0 6558.dat
1 1 44 -92.498 -55.719 0 0 1 -0.094 -0.996 0 0.996 -0.094 0 4274.dat
1 1 -44 -92.498 -55.719 0 0 1 -0.094 -0.996 0 0.996 -0.094 0 4274.dat
1 71 52.8 -125.8516 -38.7694 0.6 -0.8 0 0.7968 0.5976 -0.094 0.0752 0.0564 0.996 2850.dat
1 0 20 -128.13 -18.887 0 -0.8 0.6 0.094 0.5976 0.7968 -0.996 0.0564 0.0752 2780.dat
1 0 44 -96.258 -15.879 0 -0.8 0.6 0.094 0.5976 0.7968 -0.996 0.0564 0.0752 2780.dat
1 71 52.8 -129.6116 1.0706 0.6 -0.8 0 0.7968 0.5976 -0.094 0.0752 0.0564 0.996 2850.dat
1 1 20 -132.83 30.913 0 -0.8 -0.6 -0.094 0.5976 -0.7968 0.996 0.0564 -0.0752 6558.dat
1 0 44 -100.018 23.961 0 -0.8 -0.6 -0.094 0.5976 -0.7968 0.996 0.0564 -0.0752 2780.dat
1 14 0 -86.41 -35.047 1 0 0 0 0.996 -0.094 0 0.094 0.996 2853.dat
1 71 -10 -86.41 -35.047 0.473 -0.881 0 0.877476 0.471108 -0.094 0.082814 0.044462 0.996 2852.dat
1 71 -10 -86.41 -35.047 -0.713 0.701 0 0.698196 0.710148 0.094 0.065894 0.067022 -0.996 2852.dat
1 72 0 -88.29 -15.127 -1 0 0 0 0.996 0.094 0 0.094 -0.996 2854.dat
1 71 10 -90.17 4.793 0.713 -0.701 0 0.698196 0.710148 -0.094 0.065894 0.067022 0.996 2852.dat
1 71 10 -90.17 4.793 -0.473 0.881 0 0.877476 0.471108 0.094 0.082814 0.044462 -0.996 2852.dat
1 14 0 -90.17 4.793 -1 0 0 0 0.996 0.094 0 0.094 -0.996 2853.dat
1 14 38.038 -118.315 2.1367 -0.6 -0.8 0 -0.7968 0.5976 0.094 -0.0752 0.0564 -0.996 2851.dat
1 14 25.238 -105.2623 -36.8262 -0.6 -0.8 0 -0.7968 0.5976 0.094 -0.0752 0.0564 -0.996 2851.dat
1 14 -25.238 -109.0223 3.0138 0.6 0.8 0 -0.7968 0.5976 -0.094 -0.0752 0.0564 0.996 2851.dat
1 14 -38.038 -114.8239 -37.7286 0.6 0.8 0 -0.7968 0.5976 -0.094 -0.0752 0.0564 0.996 2851.dat
1 4 0 -83.59 -64.927 0 0 1 0.094 0.996 0 -0.996 0.094 0 32062.dat
1 71 -52.8 -125.8516 -38.7694 0.6 0.8 0 -0.7968 0.5976 -0.094 -0.0752 0.0564 0.996 2850.dat
1 0 -44 -96.258 -15.879 0 0.8 0.6 0.094 0.5976 -0.7968 -0.996 0.0564 -0.0752 2780.dat
1 0 -20 -128.13 -18.887 0 0.8 0.6 0.094 0.5976 -0.7968 -0.996 0.0564 -0.0752 2780.dat
1 71 -52.8 -129.6116 1.0706 0.6 0.8 0 -0.7968 0.5976 -0.094 -0.0752 0.0564 0.996 2850.dat
1 0 -44 -100.018 23.961 0 0.8 0.6 0.094 0.5976 -0.7968 -0.996 0.0564 -0.0752 2780.dat
1 1 -20 -132.83 30.913 0 0.8 -0.6 -0.094 0.5976 0.7968 0.996 0.0564 0.0752 6558.dat
1 1 -20 -123.43 -68.687 0 0 -1 -0.094 0.996 0 0.996 0.094 0 6558.dat
1 0 0 -142.79 29.973 1 0 0 0 0.996 -0.094 0 0.094 0.996 32333.dat
1 0 0 -94.87 54.593 0 0 -1 -0.094 0.996 0 0.996 0.094 0 3705.dat
1 71 0 -94.87 54.593 -1 0 0 0 -0.996 -0.094 0 -0.094 0.996 32184.dat
1 71 0 -114.79 52.713 -1 0 0 0 -0.996 -0.094 0 -0.094 0.996 4519.dat
1 71 0 -74.95 56.473 -1 0 0 0 -0.996 -0.094 0 -0.094 0.996 4519.dat
1 0 40 -74.95 56.473 0 0 1 -0.996 0.094 0 -0.094 -0.996 0 32013.dat
1 0 -40 -74.95 56.473 0 0 -1 -0.996 -0.094 0 -0.094 0.996 0 32013.dat
1 0 20 -114.79 52.713 1 0 0 0 -0.996 0.094 0 -0.094 -0.996 6536.dat
1 0 -20 -114.79 52.713 1 0 0 0 -0.996 0.094 0 -0.094 -0.996 6536.dat
1 4 -40 -74.95 56.473 0 0 1 0.996 -0.094 0 0.094 0.996 0 32054.dat
1 4 40 -74.95 56.473 0 0 1 0.996 -0.094 0 0.094 0.996 0 32054.dat
1 71 0 -96.75 74.513 -1 0 0 0 -0.996 -0.094 0 -0.094 0.996 94925.dat
1 0 -20 -82.65 -74.887 0 0 1 0.094 0.996 0 -0.996 0.094 0 2780.dat
1 0 20 -82.65 -74.887 0 0 1 0.094 0.996 0 -0.996 0.094 0 2780.dat
1 71 20 -41.87 -81.087 1 0 0 0 -0.094 -0.996 0 0.996 -0.094 32316.dat
1 71 -20 -41.87 -81.087 1 0 0 0 -0.094 -0.996 0 0.996 -0.094 32316.dat
1 1 -20 -2.03 -77.327 0 -1 0 -0.094 0 -0.996 0.996 0 -0.094 6558.dat
1 1 20 -41.87 -81.087 0 -1 0 -0.094 0 -0.996 0.996 0 -0.094 6558.dat
1 1 20 -2.03 -77.327 0 -1 0 -0.094 0 -0.996 0.996 0 -0.094 6558.dat
1 1 -20 -41.87 -81.087 0 -1 0 -0.094 0 -0.996 0.996 0 -0.094 6558.dat
1 4 0 -10.11 -98.187 1 0 0 0 0.996 -0.094 0 0.094 0.996 3894.dat
1 71 0 -17.138 -108.899 1 0 0 0 0.996 -0.094 0 0.094 0.996 3022.dat
1 4 -40 -18.078 -98.939 1 0 0 0 0.996 -0.094 0 0.094 0.996 3023.dat
1 4 40 -18.078 -98.939 1 0 0 0 0.996 -0.094 0 0.094 0.996 3023.dat
1 4 40 -0.15 -97.247 0 0.121 0.993 0.094 0.989028 -0.120516 -0.996 0.093342 -0.011374 32062.dat
1 71 -79.705 -4.9836 -97.7032 0 -0.121 0.993 0.094 0.989028 0.120516 -0.996 0.093342 0.011374 6572.dat
1 71 79.705 -4.9836 -97.7032 0 0.121 -0.993 -0.094 0.989028 0.120516 0.996 0.093342 0.011374 6572.dat
1 4 -40 -0.15 -97.247 0 -0.121 -0.993 -0.094 0.989028 -0.120516 0.996 0.093342 -0.011374 32062.dat
1 4 0 -26.046 -99.691 -1 0 0 0 0.996 0.094 0 0.094 -0.996 3666.dat
1 4 0 -49.95 -101.947 1 0 0 0 0.996 -0.094 0 0.094 0.996 3894.dat
1 4 -40 -39.99 -101.007 0 -0.121 -0.993 -0.094 0.989028 -0.120516 0.996 0.093342 -0.011374 32062.dat
1 4 40 -39.99 -101.007 0 0.121 -0.993 -0.094 0.989028 0.120516 0.996 0.093342 0.011374 32062.dat
1 71 -79.705 -44.8236 -101.4632 0 -0.121 0.993 0.094 0.989028 0.120516 -0.996 0.093342 0.011374 6572.dat
1 71 79.705 -44.8236 -101.4632 0 0.121 -0.993 -0.094 0.989028 0.120516 0.996 0.093342 0.011374 6572.dat
1 4 79.705 -44.8236 -101.4632 0 0.121 -0.993 -0.094 0.989028 0.120516 0.996 0.093342 0.011374 32062.dat
1 4 -79.705 -44.8236 -101.4632 0 -0.121 -0.993 -0.094 0.989028 -0.120516 0.996 0.093342 -0.011374 32062.dat
1 71 -77.278 -64.5962 -103.3293 0 -0.121 -0.993 -0.094 0.989028 -0.120516 0.996 0.093342 -0.011374 32184.dat
1 71 77.278 -64.5962 -103.3293 0 0.121 -0.993 -0.094 0.989028 0.120516 0.996 0.093342 0.011374 32184.dat
1 71 -74.852 -84.3688 -105.1954 0 -0.121 -0.993 -0.094 0.989028 -0.120516 0.996 0.093342 -0.011374 4519.dat
1 71 74.852 -84.3688 -105.1954 0 0.121 -0.993 -0.094 0.989028 0.120516 0.996 0.093342 0.011374 4519.dat
1 0 119.409 -29.7362 -100.0393 0 0 -1 0.094 -0.996 0 -0.996 -0.094 0 6571.dat
1 72 149.409 -29.7362 -100.0393 -1 0 0 0 -0.996 -0.094 0 -0.094 0.996 87083.dat
1 14 134.409 -29.7362 -100.0393 0 0 1 -0.094 -0.996 0 0.996 -0.094 0 32123.dat
1 0 -119.409 -29.7362 -100.0393 0 0 1 0.094 0.996 0 -0.996 0.094 0 6571.dat
1 72 -149.409 -29.7362 -100.0393 1 0 0 0 0.996 -0.094 0 0.094 0.996 87083.dat
1 14 -134.409 -29.7362 -100.0393 0 0 -1 -0.094 0.996 0 0.996 0.094 0 32123.dat
1 0 -74.852 -86.2488 -85.2754 0.121 0 0.993 -0.989028 0.094 0.120516 -0.093342 -0.996 0.011374 60483.dat
1 0 74.852 -86.2488 -85.2754 0.121 0 -0.993 0.989028 0.094 0.120516 0.093342 -0.996 0.011374 60483.dat
1 0 -55 -82.8925 -95.0073 0 0.121 -0.993 0.094 -0.989028 -0.120516 -0.996 -0.093342 -0.011374 2780.dat
1 0 55 -82.8925 -95.0073 0 -0.121 -0.993 0.094 -0.989028 0.120516 -0.996 -0.093342 0.011374 2780.dat
0 !LEOCAD SYNTH BEGIN
0 !LEOCAD SYNTH CONTROL_POINT 0 110 0 1 0 0 0 1 0 0 0 1 1
0 !LEOCAD SYNTH CONTROL_POINT 0 0 0 1 0 0 0 1 0 0 0 1 1
1 71 -55 -81.9525 -104.9673 0 1 0 -0.996 0 -0.094 -0.094 0 0.996 76537.dat
0 !LEOCAD SYNTH END
1 0 -74.852 -82.4888 -125.1154 0.993 0 0.121 0.120516 -0.094 -0.989028 0.011374 0.996 -0.093342 60483.dat
1 0 74.852 -82.4888 -125.1154 0.993 0 -0.121 -0.120516 -0.094 -0.989028 -0.011374 0.996 -0.093342 60483.dat
1 47 -72.426 -99.8174 -152.8774 -0.993 0 0.121 -0.120516 0.094 -0.989028 -0.011374 -0.996 -0.093342 2654.dat
1 0 -72.426 -100.5694 -144.9094 -0.993 0 0.121 -0.120516 0.094 -0.989028 -0.011374 -0.996 -0.093342 4032.dat
1 1 -72.426 -101.3214 -136.9415 0 0.993 0.121 0.094 0.120516 -0.989028 -0.996 0.011374 -0.093342 43093.dat
1 47 72.426 -99.8174 -152.8774 -0.993 0 -0.121 0.120516 0.094 -0.989028 0.011374 -0.996 -0.093342 2654.dat
1 0 72.426 -100.5694 -144.9094 -0.993 0 -0.121 0.120516 0.094 -0.989028 0.011374 -0.996 -0.093342 4032.dat
1 1 72.426 -101.3214 -136.9415 0 0.993 -0.121 0.094 -0.120516 -0.989028 -0.996 -0.011374 -0.093342 43093.dat
1 0 0 -24.166 -119.611 -1 0 0 0 0.996 0.094 0 0.094 -0.996 6574.dat
1 72 20 -18.302 -139.155 0.069 -0.156 0.985 0.992974 -0.092872 -0.084384 0.104768 0.984048 0.148796 32005.dat
1 72 -20 -18.302 -139.155 0.069 0.156 -0.985 -0.992974 -0.092872 -0.084384 -0.104768 0.984048 0.148796 32005.dat
1 72 0 -38.11 -120.927 1 0 0 0 0.996 -0.094 0 0.094 0.996 3647.dat
1 71 0 -36.23 -140.847 -1 0 0 0 0.996 0.094 0 0.094 -0.996 3713.dat
1 0 0 -120.43 112.473 0 0 -1 0.996 0.094 0 0.094 -0.996 0 32525.dat
1 0 -40 -119.49 102.513 0 0 -1 -0.094 0.996 0 0.996 0.094 0 2780.dat
1 0 40 -119.49 102.513 0 0 -1 -0.094 0.996 0 0.996 0.094 0 2780.dat
1 0 0 -118.55 92.553 0 0 -1 0.996 0.094 0 0.094 -0.996 0 32316.dat
1 0 -100 -38.87 100.073 1 0 0 0 -0.094 -0.996 0 0.996 -0.094 32526.dat
1 0 -100 -118.55 92.553 0 -1 0 -0.094 0 -0.996 0.996 0 -0.094 32054.dat
1 0 -80 -118.55 92.553 0 -1 0 -0.094 0 -0.996 0.996 0 -0.094 32054.dat
1 0 100 -38.87 100.073 -1 0 0 0 0.094 -0.996 0 -0.996 -0.094 32526.dat
1 0 80 -118.55 92.553 0 -1 0 -0.094 0 -0.996 0.996 0 -0.094 32054.dat
1 0 100 -118.55 92.553 0 -1 0 -0.094 0 -0.996 0.996 0 -0.094 32054.dat
1 0 -100 -57.85 88.233 0 -1 0 -0.094 0 -0.996 0.996 0 -0.094 2780.dat
1 0 -100 -77.77 86.353 0 -1 0 -0.094 0 -0.996 0.996 0 -0.094 2780.dat
1 0 100 -77.77 86.353 0 -1 0 -0.094 0 -0.996 0.996 0 -0.094 2780.dat
1 0 100 -57.85 88.233 0 -1 0 -0.094 0 -0.996 0.996 0 -0.094 2780.dat
1 0 -100 -76.83 76.393 -1 0 0 0 0.996 0.094 0 0.094 -0.996 42003.dat
1 0 100 -76.83 76.393 -1 0 0 0 0.996 0.094 0 0.094 -0.996 42003.dat
1 1 -80 -115.73 62.673 0 0 -1 -0.094 0.996 0 0.996 0.094 0 43093.dat
1 1 -100 -115.73 62.673 0 0 -1 -0.094 0.996 0 0.996 0.094 0 43093.dat
1 1 80 -115.73 62.673 0 0 -1 -0.094 0.996 0 0.996 0.094 0 43093.dat
1 1 100 -115.73 62.673 0 0 -1 -0.094 0.996 0 0.996 0.094 0 43093.dat
1 4 60 -120.43 112.473 0 0 1 0.094 0.996 0 -0.996 0.094 0 32054.dat
1 4 60 -123.25 142.353 0 0 1 0.094 0.996 0 -0.996 0.094 0 32062.dat
1 71 60 -125.506 166.257 1 0 0 0 0.094 0.996 0 -0.996 0.094 2819.dat
1 0 100 -15.19 62.113 0 0 1 -0.996 0.094 0 -0.094 -0.996 0 32016.dat
1 1 70 -15.19 62.113 1 0 0 0 0.094 0.996 0 -0.996 0.094 43093.dat
1 1 127.716 -16.2692 73.5481 -0.924 -0.383 0 0.036002 -0.086856 0.996 -0.381468 0.920304 0.094 43093.dat
1 0 146.194 -16.9886 81.1705 0.924 0.383 0 -0.036002 0.086856 0.996 0.381468 -0.920304 0.094 62462.dat
1 0 100 -11.43 22.273 0 0 1 -0.996 0.094 0 -0.094 -0.996 0 32016.dat
1 1 70 -11.43 22.273 1 0 0 0 0.094 0.996 0 -0.996 0.094 43093.dat
1 1 127.716 -12.5092 33.7081 -0.924 -0.383 0 0.036002 -0.086856 0.996 -0.381468 0.920304 0.094 43093.dat
1 0 146.194 -13.2286 41.3305 0.924 0.383 0 -0.036002 0.086856 0.996 0.381468 -0.920304 0.094 62462.dat
1 0 -100 -11.43 22.273 0 0 -1 0.996 0.094 0 0.094 -0.996 0 32016.dat
1 1 -70 -11.43 22.273 -1 0 0 0 0.094 -0.996 0 -0.996 -0.094 43093.dat
1 1 -127.716 -12.5092 33.7081 0.924 0.383 0 0.036002 -0.086856 -0.996 -0.381468 0.920304 -0.094 43093.dat
1 0 -146.194 -13.2286 41.3305 -0.924 -0.383 0 -0.036002 0.086856 -0.996 0.381468 -0.920304 -0.094 62462.dat
1 0 -100 -15.19 62.113 0 0 -1 0.996 0.094 0 0.094 -0.996 0 32016.dat
1 1 -70 -15.19 62.113 -1 0 0 0 0.094 -0.996 0 -0.996 -0.094 43093.dat
1 1 -127.716 -16.2692 73.5481 0.924 0.383 0 0.036002 -0.086856 -0.996 -0.381468 0.920304 -0.094 43093.dat
1 0 -146.194 -16.9886 81.1705 -0.924 -0.383 0 -0.036002 0.086856 -0.996 0.381468 -0.920304 -0.094 62462.dat
1 1 100 -25.15 61.173 0 1 0 -0.996 0 -0.094 -0.094 0 0.996 43093.dat
1 1 -100 -25.15 61.173 0 1 0 -0.996 0 -0.094 -0.094 0 0.996 43093.dat
1 71 100 -35.11 60.233 -1 0 0 0 0.996 0.094 0 0.094 -0.996 33299.dat
1 71 -100 -35.11 60.233 -1 0 0 0 0.996 0.094 0 0.094 -0.996 33299.dat
1 0 100 -60.67 118.113 0 1 0 -0.094 0 0.996 0.996 0 0.094 6536.dat
1 1 120 -80.59 116.233 0 1 0 -0.996 0 -0.094 -0.094 0 0.996 6558.dat
1 0 120 -80.59 116.233 0 0 1 -0.996 0.094 0 -0.094 -0.996 0 32013.dat
1 0 100 -100.51 114.353 0 1 0 -0.094 0 0.996 0.996 0 0.094 6536.dat
1 1 100 -101.45 124.313 0 -1 0 0.094 0 0.996 -0.996 0 0.094 43093.dat
1 1 100 -61.61 128.073 0 -1 0 0.094 0 0.996 -0.996 0 0.094 43093.dat
1 0 120 -122.31 132.393 -1 0 0 0 -0.996 -0.094 0 -0.094 0.996 64682.dat
1 0 -100 -60.67 118.113 0 -1 0 0.094 0 0.996 -0.996 0 0.094 6536.dat
1 1 -120 -80.59 116.233 0 -1 0 -0.996 0 0.094 -0.094 0 -0.996 6558.dat
1 0 -120 -80.59 116.233 0 0 -1 -0.996 -0.094 0 -0.094 0.996 0 32013.dat
1 0 -100 -100.51 114.353 0 -1 0 0.094 0 0.996 -0.996 0 0.094 6536.dat
1 1 -100 -101.45 124.313 0 -1 0 0.094 0 0.996 -0.996 0 0.094 43093.dat
1 1 -100 -61.61 128.073 0 -1 0 0.094 0 0.996 -0.996 0 0.094 43093.dat
1 0 -120 -122.31 132.393 -1 0 0 0 -0.996 -0.094 0 -0.094 0.996 64392.dat
1 0 0 -191.47 226.353 1 0 0 0 0.996 -0.094 0 0.094 0.996 64782.dat
1 0 110 -195.23 266.193 1 0 0 0 0.996 -0.094 0 0.094 0.996 2780.dat
1 0 110 -187.71 186.513 1 0 0 0 0.996 -0.094 0 0.094 0.996 2780.dat
1 0 -110 -195.23 266.193 1 0 0 0 0.996 -0.094 0 0.094 0.996 2780.dat
1 0 -110 -187.71 186.513 1 0 0 0 0.996 -0.094 0 0.094 0.996 2780.dat
1 1 -60 -185.83 166.593 0 0 1 0.094 0.996 0 -0.996 0.094 0 6558.dat
1 1 60 -185.83 166.593 0 0 1 0.094 0.996 0 -0.996 0.094 0 6558.dat
1 0 0 -185.83 166.593 0 0 1 -0.996 0.094 0 -0.094 -0.996 0 32524.dat
1 0 0 -183.95 146.673 0 0 1 -0.996 0.094 0 -0.094 -0.996 0 32524.dat
1 0 -120 -193.35 246.273 0 -1 0 -0.996 0 0.094 -0.094 0 -0.996 32525.dat
1 0 -110 -185.83 166.593 1 0 0 0 -0.996 0.094 0 -0.094 -0.996 2780.dat
1 0 -110 -183.95 146.673 1 0 0 0 -0.996 0.094 0 -0.094 -0.996 2780.dat
1 0 -100 -183.95 146.673 0 1 0 0.996 0 0.094 0.094 0 -0.996 32523.dat
1 0 -100 -182.07 126.753 -1 0 0 0 0.996 0.094 0 0.094 -0.996 32054.dat
1 0 100 -182.07 126.753 1 0 0 0 0.996 -0.094 0 0.094 0.996 32054.dat
1 71 0 -182.07 126.753 -1 0 0 0 0.996 0.094 0 0.094 -0.996 60485.dat
1 0 100 -183.95 146.673 0 -1 0 0.996 0 -0.094 0.094 0 0.996 32523.dat
1 0 110 -183.95 146.673 -1 0 0 0 -0.996 -0.094 0 -0.094 0.996 2780.dat
1 0 110 -185.83 166.593 -1 0 0 0 -0.996 -0.094 0 -0.094 0.996 2780.dat
1 0 120 -193.35 246.273 0 1 0 -0.996 0 -0.094 -0.094 0 0.996 32525.dat
1 0 120 -182.07 126.753 1 0 0 0 0.5224 -0.8532 0 0.8532 0.5224 32013.dat
1 0 120 -139.41 100.633 0 0 1 0.8532 0.5224 0 -0.5224 0.8532 0 3705.dat
1 0 120 -96.75 74.513 -1 0 0 0 0.5224 0.8532 0 0.8532 -0.5224 32013.dat
1 0 -120 -182.07 126.753 1 0 0 0 0.5224 -0.8532 0 0.8532 0.5224 32013.dat
1 0 -120 -139.41 100.633 0 0 1 0.8532 0.5224 0 -0.5224 0.8532 0 3705.dat
1 0 -120 -96.75 74.513 -1 0 0 0 0.5224 0.8532 0 0.8532 -0.5224 32013.dat
1 28 100 -96.75 74.513 1 0 0 0 0.996 -0.094 0 0.094 0.996 6587.dat
1 28 -100 -96.75 74.513 -1 0 0 0 0.996 0.094 0 0.094 -0.996 6587.dat
1 0 80 -134.71 50.833 0 -1 0 -0.996 0 0.094 -0.094 0 -0.996 87080.dat
1 0 -80 -134.71 50.833 0 1 0 0.996 0 0.094 0.094 0 -0.996 87086.dat
1 71 0 -191.65 15.313 0 0 1 0.996 -0.094 0 0.094 0.996 0 32316.dat
1 0 40 -190.71 5.353 0 0 1 0.094 0.996 0 -0.996 0.094 0 2780.dat
1 0 -40 -190.71 5.353 0 0 1 0.094 0.996 0 -0.996 0.094 0 2780.dat
1 0 40 -188.83 -14.567 0 0 1 0.094 0.996 0 -0.996 0.094 0 62462.dat
1 0 -40 -188.83 -14.567 0 0 1 0.094 0.996 0 -0.996 0.094 0 62462.dat
1 0 40 -186.95 -34.487 0 0 1 0.094 0.996 0 -0.996 0.094 0 2780.dat
1 0 -40 -186.95 -34.487 0 0 1 0.094 0.996 0 -0.996 0.094 0 2780.dat
1 71 0 -168.91 -12.687 0 1 0 -0.996 0 -0.094 -0.094 0 0.996 4519.dat
1 71 0 -188.83 -14.567 0 1 0 -0.094 0 0.996 0.996 0 0.094 3713.dat
1 0 0 -168.91 -12.687 1 0 0 0 0.094 0.996 0 -0.996 0.094 32138.dat
1 71 20 -189.77 -4.607 0 0 -1 -0.094 0.996 0 0.996 0.094 0 6536.dat
1 71 20 -187.89 -24.527 0 0 -1 -0.094 0.996 0 0.996 0.094 0 6536.dat
1 71 -20 -189.77 -4.607 0 0 -1 -0.094 0.996 0 0.996 0.094 0 6536.dat
1 71 -20 -187.89 -24.527 0 0 -1 -0.094 0.996 0 0.996 0.094 0 6536.dat
1 0 20 -188.83 -14.567 0 0 -1 -0.094 0.996 0 0.996 0.094 0 3705.dat
1 0 -20 -188.83 -14.567 0 0 -1 -0.094 0.996 0 0.996 0.094 0 3705.dat
1 71 0 -186.01 -44.447 0 0 1 0.996 -0.094 0 0.094 0.996 0 32316.dat
1 0 0 -143.35 -70.567 -1 0 0 0 -0.996 -0.094 0 -0.094 0.996 32039.dat
1 71 0 -145.23 -50.647 0 0 -1 0.094 -0.996 0 -0.996 -0.094 0 4519.dat
1 0 0 -147.11 -30.727 0 -1 0 -0.996 0 0.094 -0.094 0 -0.996 32039.dat
1 71 0 -141.47 -90.487 1 0 0 0 -0.996 0.094 0 -0.094 -0.996 4519.dat
1 0 20 -121.55 -88.607 -1 0 0 0 0.996 0.094 0 0.094 -0.996 42003.dat
1 0 -20 -121.55 -88.607 -1 0 0 0 0.996 0.094 0 0.094 -0.996 42003.dat
1 71 159.409 -29.7362 -100.0393 0 0 1 -0.094 -0.996 0 0.996 -0.094 0 56908.dat
1 71 -159.409 -29.7362 -100.0393 0 0 -1 0.094 -0.996 0 -0.996 -0.094 0 56908.dat
1 256 159.409 -29.7362 -100.0393 0 0 1 -0.094 -0.996 0 0.996 -0.094 0 61480.dat
1 256 -159.409 -29.7362 -100.0393 0 0 -1 0.094 -0.996 0 -0.996 -0.094 0 61480.dat
1 71 150 -29.6243 420.6022 0 0 1 0.999724 -0.011952 0 0.011952 0.999724 0 56908.dat
1 256 150 -29.6243 420.6022 0 0 1 0.999724 -0.011952 0 0.011952 0.999724 0 61480.dat
1 71 -150 -29.6243 420.6022 0 0 -1 -0.999724 -0.011952 0 -0.011952 0.999724 0 56908.dat
1 256 -150 -29.6243 420.6022 0 0 -1 -0.999724 -0.011952 0 -0.011952 0.999724 0 61480.dat
