0 Main
0 Name: 8840 - Rally Shock n Roll Racer.mpd
0 Author: LTRON
1 14 0 0 0 0 0 1 0 1 0 -1 0 0 3703.dat
1 0 10 10 -140 -1 0 0 0 1 0 0 0 -1 2780.dat
1 0 10 10 -120 -1 0 0 0 1 0 0 0 -1 2780.dat
1 0 10 10 -40 -1 0 0 0 1 0 0 0 -1 2780.dat
1 7 -10 10 -100 -1 0 0 0 1 0 0 0 -1 4274.dat
1 14 20 0 -140 0 0 -1 0 1 0 1 0 0 3701.dat
1 0 30 10 -160 -1 0 0 0 1 0 0 0 -1 2780.dat
1 0 70 10 -160 -1 0 0 0 1 0 0 0 -1 2780.dat
1 14 100 0 0 0 0 1 0 1 0 -1 0 0 3703.dat
1 0 90 10 -140 -1 0 0 0 1 0 0 0 -1 2780.dat
1 0 90 10 -120 -1 0 0 0 1 0 0 0 -1 2780.dat
1 0 90 10 -40 -1 0 0 0 1 0 0 0 -1 2780.dat
1 7 110 10 -100 1 0 0 0 1 0 0 0 1 4274.dat
1 14 80 0 -140 0 0 -1 0 1 0 1 0 0 3701.dat
1 14 130 24 40 1 0 0 0 1 0 0 0 1 3933.dat
1 14 -30 24 40 1 0 0 0 1 0 0 0 1 3934.dat
1 14 160 24 110 1 0 0 0 1 0 0 0 1 3024.dat
1 14 -60 24 110 1 0 0 0 1 0 0 0 1 3024.dat
1 14 140 0 110 0 0 1 0 1 0 -1 0 0 2357.dat
1 14 -40 0 110 -1 0 0 0 1 0 0 0 -1 2357.dat
1 14 20 -8 -160 0 0 1 0 1 0 -1 0 0 3023.dat
1 14 80 -8 -160 0 0 1 0 1 0 -1 0 0 3023.dat
1 14 0 -8 -100 0 0 1 0 1 0 -1 0 0 3069.dat
1 14 100 -8 -100 0 0 1 0 1 0 -1 0 0 3069.dat
1 14 0 -8 140 0 0 1 0 1 0 -1 0 0 3023.dat
1 14 100 -8 140 0 0 1 0 1 0 -1 0 0 3023.dat
1 14 40 -10 -170 0 0 1 1 0 0 0 1 0 3701.dat
1 14 60 -10 -170 0 0 1 1 0 0 0 1 0 3701.dat
1 14 130 -8 40 1 0 0 0 1 0 0 0 1 3933.dat
1 14 160 -8 110 1 0 0 0 1 0 0 0 1 3024.dat
1 14 -30 -8 40 1 0 0 0 1 0 0 0 1 3934.dat
1 14 -60 -8 110 1 0 0 0 1 0 0 0 1 3024.dat
1 14 50 23.556 -34.883 -1 0 0 0 0.94 0.342 0 0.342 -0.94 3709.dat
1 14 40 4.416 -52.491 1 0 0 0 0.94 -0.342 0 0.342 0.94 4070.dat
1 14 60 4.416 -52.491 1 0 0 0 0.94 -0.342 0 0.342 0.94 4070.dat
1 14 80 0.996 -43.091 0 0 1 0.342 0.94 0 -0.94 0.342 0 3700.dat
1 14 20 0.996 -43.091 0 0 1 0.342 0.94 0 -0.94 0.342 0 3700.dat
1 14 50 -2.424 -33.691 -1 0 0 0 0.94 0.342 0 0.342 -0.94 3700.dat
1 0 50 3.556 -20.871 0 0 -1 -0.342 0.94 0 0.94 0.342 0 2780.dat
1 14 50 -6.524 -45.827 -1 0 0 0 0.94 0.342 0 0.342 -0.94 3709.dat
1 14 50 -17.464 -39.163 -1 0 0 0 0.94 0.342 0 0.342 -0.94 3023.dat
1 14 50 -40.024 -47.371 -1 0 0 0 0.94 0.342 0 0.342 -0.94 3700.dat
1 14 50 -47.544 -50.107 -1 0 0 0 0.94 0.342 0 0.342 -0.94 3023.dat
1 14 50 -55.064 -52.843 -1 0 0 0 0.94 0.342 0 0.342 -0.94 3666.dat
1 14 50 -77.624 -61.051 -1 0 0 0 0.94 0.342 0 0.342 -0.94 3701.dat
1 0 50 -34.044 -34.551 0 0 -1 -0.342 0.94 0 0.94 0.342 0 2780.dat
1 14 40 -37.464 -25.151 0 1 0 -0.94 0 -0.342 -0.342 0 0.94 3894.dat
1 7 50 -80.878 -22.851 1 0 0 0 0.94 -0.342 0 0.342 0.94 4265.dat
1 0 50 -68.224 -57.631 0 1 0 -0.342 0 0.94 0.94 0 0.342 3706.dat
1 7 50 -62.41 -73.611 -1 0 0 0 0.94 0.342 0 0.342 -0.94 4265.dat
1 7 50 24 -130 1 0 0 0 1 0 0 0 1 2719.dat
1 7 140 0 -130 1 0 0 0 1 0 0 0 1 4261.dat
1 7 -40 0 -130 1 0 0 0 1 0 0 0 1 4261.dat
1 0 -60 10 -130 1 0 0 0 1 0 0 0 1 3705.dat
1 0 161 10 -130 1 0 0 0 1 0 0 0 1 3705.dat
1 7 -25 10 -130 0 0 1 0 1 0 -1 0 0 4265.dat
1 7 126 10 -130 0 0 -1 0 1 0 1 0 0 4265.dat
1 7 -60 10 -130 0 0 -1 0 1 0 1 0 0 3713.dat
1 7 161 10 -130 0 0 -1 0 1 0 1 0 0 3713.dat
1 14 100 -16 100 0 0 1 0 1 0 -1 0 0 3666.dat
1 14 0 -16 100 0 0 1 0 1 0 -1 0 0 3666.dat
1 7 50 -8 -130 1 0 0 0 1 0 0 0 1 2719.dat
1 7 50 -51.094 -104.62 0 1 0 0.94 0 0.342 0.342 0 -0.94 4019.dat
1 7 50 -87.006 -5.952 -1 0 0 0 0.94 0.342 0 0.342 -0.94 4185.dat
1 14 0 -40 100 0 0 1 0 1 0 -1 0 0 3894.dat
1 7 10 -30 60 1 0 0 0 1 0 0 0 1 4274.dat
1 0 10 -30 140 1 0 0 0 1 0 0 0 1 2780.dat
1 0 -10 -48 140 -1 0 0 0 1 0 0 0 -1 2444.dat
1 14 100 -40 100 0 0 1 0 1 0 -1 0 0 3894.dat
1 7 90 -30 60 -1 0 0 0 1 0 0 0 -1 4274.dat
1 0 90 -30 140 1 0 0 0 1 0 0 0 1 2780.dat
1 0 110 -48 140 1 0 0 0 1 0 0 0 1 2444.dat
1 7 90 -30 80 -1 0 0 0 1 0 0 0 -1 3673.dat
1 7 10 -30 80 -1 0 0 0 1 0 0 0 -1 3673.dat
1 4 50 -8 70 1 0 0 0 1 0 0 0 1 2717.dat
1 7 130 -38 140 -1 0 0 0 1 0 0 0 -1 3673.dat
1 7 -30 -38 140 -1 0 0 0 1 0 0 0 -1 3673.dat
1 15 100 -96 140 0 0 1 0 1 0 -1 0 0 4864.dat
1 15 0 -96 140 0 0 -1 0 1 0 1 0 0 4864.dat
1 14 20 -50 130 0 0 -1 -1 0 0 0 1 0 3702.dat
1 14 80 -50 130 0 0 -1 -1 0 0 0 1 0 3702.dat
1 14 50 -120 154 -1 0 0 0 0 1 0 1 0 3710.dat
1 14 50 51.993 242.628 1 0 0 0 0.966 0.259 0 -0.259 0.966 3460.dat
1 14 -10 44.223 213.648 1 0 0 0 0.966 0.259 0 -0.259 0.966 3022.dat
1 14 110 44.223 213.648 1 0 0 0 0.966 0.259 0 -0.259 0.966 3022.dat
1 14 50 36.453 184.668 1 0 0 0 0.966 0.259 0 -0.259 0.966 3460.dat
1 14 50 28.809 248.844 1 0 0 0 0.966 0.259 0 -0.259 0.966 3701.dat
1 14 0 21.039 219.864 0 0 -1 0.259 0.966 0 0.966 -0.259 0 3701.dat
1 14 -20 15.859 200.544 0 0 -1 0.259 0.966 0 0.966 -0.259 0 3702.dat
1 0 50 41.059 255.914 0 0.087 -0.996 0.259 0.962136 0.084042 0.966 -0.257964 -0.022533 4519.dat
1 0 -10 30.699 217.274 -1 0 0 0 0.966 -0.259 0 -0.259 -0.966 3707.dat
1 7 20 30.699 217.274 0 0 1 -0.259 0.966 0 -0.966 -0.259 0 3713.dat
1 7 33 30.699 217.274 0 0 -1 0.259 0.966 0 0.966 -0.259 0 4143.dat
1 7 50 35.102 233.696 0.995 -0.105 0 0.10143 0.96117 0.259 -0.027195 -0.257705 0.966 4143.dat
1 14 100 21.039 219.864 0 0 -1 0.259 0.966 0 0.966 -0.259 0 3701.dat
1 14 120 15.859 200.544 0 0 -1 0.259 0.966 0 0.966 -0.259 0 3702.dat
1 0 130 30.699 217.274 -1 0 0 0 0.966 -0.259 0 -0.259 -0.966 3706.dat
1 7 75 30.699 217.274 0 0 1 -0.259 0.966 0 -0.966 -0.259 0 4265.dat
1 7 83 30.699 217.274 0 0 -1 0.259 0.966 0 0.966 -0.259 0 4265.dat
1 14 50 13.269 190.884 1 0 0 0 0.966 0.259 0 -0.259 0.966 3701.dat
1 0 50 20.339 178.634 0 0 -1 0.259 0.966 0 0.966 -0.259 0 2780.dat
1 7 50 43.649 265.574 -0.996 0.087 0 0.084042 0.962136 -0.259 -0.022533 -0.257964 -0.966 3648.dat
1 0 50 5.541 192.956 -1 0 0 0 0.966 -0.259 0 -0.259 -0.966 3666.dat
1 14 50 21.081 250.916 1 0 0 0 0.966 0.259 0 -0.259 0.966 3460.dat
1 0 20 -17.643 199.172 0 0 1 -0.259 0.966 0 -0.966 -0.259 0 3040.dat
1 0 80 -17.643 199.172 0 0 -1 0.259 0.966 0 0.966 -0.259 0 3040.dat
1 0 50 -17.643 199.172 -1 0 0 0 0.966 -0.259 0 -0.259 -0.966 3004.dat
1 0 50 -25.371 201.244 -1 0 0 0 0.966 -0.259 0 -0.259 -0.966 3710.dat
1 0 49 10 140 1 0 0 0 1 0 0 0 1 3737.dat
1 7 141 10 140 0 0 -1 0 1 0 1 0 0 3713.dat
1 7 101.904 -47.817 238.314 0.626629 -0.779378 0 0.753502 0.604636 0.259 -0.202012 -0.162266 0.966 2850.dat
1 7 -3.0329 -47.9753 238.343 0.632223 0.775376 0 -0.74847 0.61148 0.259 0.200824 -0.163902 0.966 2850.dat
1 7 94.1796 -22.2086 210.7354 0 -0.262 0.965 -0.259 0.932 0.254 -0.966 -0.25 -0.068 4274.dat
1 7 4.4795 -22.3032 210.7493 0 -0.159365 0.987685 -0.259 0.95401 0.15487 -0.966 -0.25589 -0.04141 4274.dat
1 0 69.2971 -52.3126 218.8063 0 0.204668 0.978763 -0.259 0.945728 -0.196814 -0.966 -0.253622 0.052912 2780.dat
1 0 29.7531 -52.228 218.7785 0 -0.159365 0.987685 -0.259 0.95401 0.15487 -0.966 -0.25589 -0.04141 2780.dat
1 7 49.5063 -7.9882 227.625 -0.003157 1.000048 0 0.966098 0.003976 -0.259 -0.259112 -0.000938 -0.966 2853.dat
1 7 49.5379 -17.6492 230.2161 -0.49729 -0.86762 0 -0.838629 0.479606 -0.259 0.22486 -0.128744 -0.966 2852.dat
1 7 49.5379 -17.6492 230.2161 0.487786 0.873511 0 -0.843407 0.472037 0.259 0.226268 -0.12649 0.966 2852.dat
1 7 49.5379 -21.5342 215.7261 0.003157 1.000048 0 -0.966098 0.003976 0.259 0.259112 -0.000938 0.966 4265.dat
1 8 16.337 -32.6921 234.2465 0.631483 0.775052 0 -0.748157 0.610765 0.259 0.20074 -0.16371 0.966 2851.dat
1 8 82.4281 -32.7047 234.2583 -0.626577 -0.779023 0 -0.753159 0.604586 -0.259 0.20192 -0.162253 -0.966 2851.dat
1 0 49.5063 2.3718 266.265 0 -0.170899 0.985597 0.259 -0.952298 -0.164185 0.966 0.255389 0.044162 4519.dat
1 0 49.3789 -64.6447 211.7566 1.000048 -0.003157 0 0.003976 0.966098 0.259 -0.000938 -0.259112 0.966 3701.dat
1 0 49.3466 -57.5749 199.5058 0 0.255608 0.96669 -0.259 0.934112 -0.246036 -0.966 -0.2505 0.066112 2780.dat
1 0 49.2998 -41.4612 205.5387 1.000048 -0.003157 0 0.003976 0.966098 0.259 -0.000938 -0.259112 0.966 3666.dat
1 0 50.0094 -25.297 263.3313 0.999869 0 0 0.000926 0.965928 0.259 -0.00012 -0.259066 0.966 3666.dat
1 0 50.0094 -48.4793 269.5489 0.999869 0 0 0.000926 0.965928 0.259 -0.00012 -0.259066 0.966 3701.dat
1 0 70.0068 -41.3915 257.2958 0 0 0.999869 -0.259 0.965928 0.000926 -0.966 -0.259066 -0.00012 2780.dat
1 0 30.012 -41.4285 257.3007 0 0 0.999869 -0.259 0.965928 0.000926 -0.966 -0.259066 -0.00012 2780.dat
1 0 50.0094 -17.5696 261.2588 0.999869 0 0 0.000926 0.965928 0.259 -0.00012 -0.259066 0.966 3710.dat
1 0 50.0094 -9.8422 259.1863 0.999869 0 0 0.000926 0.965928 0.259 -0.00012 -0.259066 0.966 3700.dat
1 0 20.0133 -9.8699 259.1899 0 0 0.999869 -0.259 0.965928 0.000926 -0.966 -0.259066 -0.00012 3040.dat
1 0 80.0055 -9.8144 259.1827 0 0 -0.999869 0.259 0.965928 -0.000926 0.966 -0.259066 0.00012 3040.dat
1 0 50.0094 13.3401 252.9687 -0.999869 0 0 -0.000926 0.965928 -0.259 0.00012 -0.259066 -0.966 3666.dat
1 7 49.503 4.9589 275.9258 0.985116 0.170823 0 -0.164112 0.951834 0.259 0.044142 -0.255264 0.966 3647.dat
1 0 40 -20.872 179.331 0 1 0 -0.966 0 0.259 0.259 0 0.966 3894.dat
1 14 80 -16 -150 0 0 1 0 1 0 -1 0 0 3623.dat
1 14 20 -16 -150 0 0 1 0 1 0 -1 0 0 3623.dat
1 14 20 -40 -160 0 0 1 0 1 0 -1 0 0 3700.dat
1 14 80 -40 -160 0 0 1 0 1 0 -1 0 0 3700.dat
1 7 140 0 -90 0 0 1 1 0 0 0 1 0 3749.dat
1 7 -40 0 -90 0 0 1 1 0 0 0 1 0 3749.dat
1 7 50 -18 -90 1 0 0 0 1 0 0 0 1 2719.dat
1 7 50 -26 -90 1 0 0 0 1 0 0 0 1 3743.dat
1 14 100 -120 180 0 0 -1 0 1 0 1 0 0 3894.dat
1 14 0 -120 180 0 0 -1 0 1 0 1 0 0 3894.dat
1 7 -41 10 140 0 0 -1 0 1 0 1 0 0 3713.dat
1 14 100 -46.81 -145.628 0 0 1 0.342 0.94 0 -0.94 0.342 0 3895.dat
1 14 0 -46.81 -145.628 0 0 1 0.342 0.94 0 -0.94 0.342 0 3895.dat
1 14 50 -85.11 -63.792 -1 0 0 0 0.94 0.342 0 0.342 -0.94 3666.dat
1 0 110 -71.615 -48.239 1 0 0 0 0.94 -0.342 0 0.342 0.94 2780.dat
1 0 110 -64.775 -67.032 1 0 0 0 0.94 -0.342 0 0.342 0.94 2780.dat
1 0 -10 -64.775 -67.032 1 0 0 0 0.94 -0.342 0 0.342 0.94 2780.dat
1 0 -10 -71.615 -48.239 1 0 0 0 0.94 -0.342 0 0.342 0.94 2780.dat
1 7 120 -110 140 0 0 -1 0 1 0 1 0 0 3713.dat
1 0 50 -110 140 1 0 0 0 1 0 0 0 1 3707.dat
1 7 -20 -110 140 0 0 -1 0 1 0 1 0 0 3713.dat
1 0 110 -110 180 1 0 0 0 0.996 -0.087 0 0.087 0.996 2780.dat
1 0 -10 -110 180 1 0 0 0 0.998 -0.07 0 0.07 0.998 2780.dat
1 7 117 -30 -160 0 0 1 0 1 0 -1 0 0 4265.dat
1 7 -17 -30 -160 0 0 -1 0 1 0 1 0 0 4265.dat
1 0 50 -30 -160 1 0 0 0 1 0 0 0 1 3707.dat
1 14 0 -128 190 0 0 -1 0 1 0 1 0 0 3623.dat
1 14 100 -128 190 0 0 -1 0 1 0 1 0 0 3623.dat
1 15 50 -92.627 -66.528 1 0 0 0 0.94 -0.342 0 0.342 0.94 2431.dat
1 14 50 -128 260 -1 0 0 0 1 0 0 0 -1 3029.dat
1 14 0 -136 210 0 0 -1 0 1 0 1 0 0 3623.dat
1 14 100 -136 210 0 0 -1 0 1 0 1 0 0 3623.dat
1 7 -20 -86.478 -34.856 1 0 0 0 0.669 -0.743 0 0.743 0.669 3651.dat
1 0 -20 -123.635 -1.4 0 -1 0 -0.743 0 -0.669 0.669 0 -0.743 3706.dat
1 7 -20 -161.793 33.057 -1 0 0 0 0.669 0.743 0 0.743 -0.669 4273.dat
1 0 50 -3.21 -236.208 1 0 0 0 1 0 0 0 1 3708.dat
1 7 115 -3.21 -236.208 0 0 1 0 1 0 -1 0 0 4265.dat
1 7 166 -3.21 -236.208 0 0 1 0 1 0 -1 0 0 4265.dat
1 7 -16 -3.21 -236.208 0 0 -1 1 0 0 0 -1 0 4265.dat
1 7 -64 -3.21 -236.208 0 0 -1 1 0 0 0 -1 0 4265.dat
1 7 -20 -127.456 169.929 1 0 0 0 -0.5 -0.866 0 0.866 -0.5 3651.dat
1 7 -20 -148.401 156.343 -1 0 0 0 -0.5 0.866 0 0.866 0.5 4273.dat
1 0 -12 -176.656 46.44 0 -1 0 0.469 0 -0.883 0.883 0 0.469 2714.dat
1 0 -12 -165.722 146.343 0 -1 0 0.616 0 -0.788 0.788 0 0.616 2714.dat
1 7 -20 -174.45 66.815 1 0 0 0 0.995 0.105 0 -0.105 0.995 4273.dat
1 7 -20 -168.178 126.486 1 0 0 0 -0.995 -0.105 0 0.105 -0.995 4273.dat
1 0 -20 -171.314 96.651 0 0 -1 -0.105 -0.995 0 -0.995 0.105 0 3705.dat
1 14 160 -152 290 1 0 0 0 1 0 0 0 1 4286.dat
1 14 -60 -152 290 1 0 0 0 1 0 0 0 1 4286.dat
1 7 120 -86.478 -34.856 1 0 0 0 0.669 -0.743 0 0.743 0.669 3651.dat
1 0 120 -123.635 -1.4 0 -1 0 -0.743 0 -0.669 0.669 0 -0.743 3706.dat
1 7 120 -161.536 32.726 1 0 0 0 -0.669 0.743 0 -0.743 -0.669 4273.dat
1 7 120 -127.143 169.699 1 0 0 0 -0.515 -0.857 0 0.857 -0.515 3651.dat
1 7 120 -148.573 156.823 1 0 0 0 0.515 0.857 0 -0.857 0.515 4273.dat
1 0 120 -135.715 164.549 0 0 1 0.857 -0.515 0 0.515 0.857 0 3704.dat
1 0 -20 -135.411 163.843 0 0 1 0.866 -0.5 0 0.5 0.866 0 3704.dat
1 7 120 -168.178 126.675 -1 0 0 0 0.995 -0.105 0 -0.105 -0.995 4273.dat
1 0 120 -171.314 96.84 0 0 1 -0.105 0.995 0 -0.995 -0.105 0 3705.dat
1 7 120 -174.45 66.004 -1 0 0 0 -0.995 0.105 0 0.105 0.995 4273.dat
1 7 130 -166.087 146.566 1 0 0 0 0.809 0.588 0 -0.588 0.809 4274.dat
1 7 132 -176.656 46.44 1 0 0 0 0.788 0.616 0 -0.616 0.788 4274.dat
1 0 130 -65.646 -76.994 -1 0 0 0 0.087 0.996 0 0.996 -0.087 2444.dat
1 0 -30 -65.646 -76.994 1 0 0 0 0.087 -0.996 0 0.996 0.087 2444.dat
1 7 141 30.706 217.274 0 0 -1 0.743 -0.669 0 -0.669 -0.743 0 4255.dat
1 0 141 -37.8853 140.5428 0 0 -1 0.743 -0.669 0 -0.669 -0.743 0 4254.dat
1 7 -41 30.706 217.274 0 0 -1 0.743 -0.669 0 -0.669 -0.743 0 4255.dat
1 0 -41 -37.8853 140.5428 0 0 -1 0.743 -0.669 0 -0.669 -0.743 0 4254.dat
1 7 160 30.706 217.274 0 0 -1 0.259 0.966 0 0.966 -0.259 0 3713.dat
1 7 -61 30.706 217.274 0 0 -1 0.259 0.966 0 0.966 -0.259 0 3713.dat
1 15 191 10 -130 0 0 1 0 1 0 -1 0 0 4266.dat
1 0 191 10 -130 0 0 1 0 1 0 -1 0 0 2857.dat
1 15 -94 10 -130 0 0 -1 0 1 0 1 0 0 4266.dat
1 0 -94 10 -130 0 0 -1 0 1 0 1 0 0 2857.dat
1 15 -94 31 217 0 0 -1 0.326 0.946 0 0.946 -0.326 0 4266.dat
1 0 -94 31 217 0 0 -1 0.326 0.946 0 0.946 -0.326 0 2857.dat
1 0 191 31 217 0 0 1 0 1 0 -1 0 0 2857.dat
1 15 191 31 217 0 0 1 -0.242 0.97 0 -0.97 -0.242 0 4266.dat
1 15 130 -66.344 -84.964 -1 0 0 0 0.087 0.996 0 0.996 -0.087 4150.dat
1 15 -30 -66.344 -84.964 -1 0 0 0 0.087 0.996 0 0.996 -0.087 4150.dat
1 0 0 -128 150 -1 0 0 0 1 0 0 0 -1 2569.dat
1 14 0 -136 170 1 0 0 0 1 0 0 0 1 4085.dat
