0 Main
0 Name: 42077-1 - Rally Car.mpd
0 Author: LTRON
1 15 90.76 -171.68 38.48 -0.019 1 0 0.017 0 -1 -1 -0.019 -0.017 41239.dat
1 0 80.779 -291.697 37.63 1 0.018563 0.004009 0 0.194391 -0.980587 -0.019 0.980587 0.194391 2780.dat
1 0 80.76 -191.68 38.33 1 0.019 0 0 -0.017 -1 -0.019 1 -0.017 2780.dat
1 0 100.76 -271.68 36.59 1 0.019 0 0 -0.017 -1 -0.019 1 -0.017 2780.dat
1 1 110.76 -151.68 38.44 1 0.019 0 0 -0.017 -1 -0.019 1 -0.017 6558.dat
1 4 90.76 -51.68 40.52 -1 0 -0.019 0 1 0.017 0.019 0.017 -1 32054.dat
1 1 118.76 -51.68 39.988 -1 0 -0.019 0 1 0.017 0.019 0.017 -1 43093.dat
1 0 73.42 -54.06 180.9 0 1 0.019 -1 0 -0.017 -0.017 -0.019 1 32278.dat
1 1 72.28 -53.04 120.9 1 0 -0.019 0 -1 0.017 -0.019 -0.017 -1 6558.dat
1 0 61.14 -52.02 61.09 1 0 -0.019 0 -1 0.017 -0.019 -0.017 -1 2780.dat
1 71 10.38 -51.34 22.04 1 0 -0.019 0 -1 0.017 -0.019 -0.017 -1 64178.dat
1 0 58.48 -49.64 -78.91 1 0 -0.019 0 -1 0.017 -0.019 -0.017 -1 2780.dat
1 0 59.62 -50.66 -18.91 1 0 -0.019 0 -1 0.017 -0.019 -0.017 -1 2780.dat
1 0 -41.52 -49.64 -77.01 1 0 -0.019 0 -1 0.017 -0.019 -0.017 -1 2780.dat
1 0 -40.38 -50.66 -17.01 1 0 -0.019 0 -1 0.017 -0.019 -0.017 -1 2780.dat
1 0 -30 -61 2.63 0 -1 -0.019 -1 0 0.017 -0.017 0.019 -1 2780.dat
1 0 50 -61 1.11 0 -1 -0.019 -1 0 0.017 -0.017 0.019 -1 2780.dat
1 4 76.08 -56.44 320.9 1 0 -0.019 0 -1 0.017 -0.019 -0.017 -1 32054.dat
1 4 74.56 -55.08 240.9 1 0 -0.019 0 -1 0.017 -0.019 -0.017 -1 32054.dat
1 71 14.56 -55.08 242.04 -1 0 -0.019 0 1 0.017 0.019 0.017 -1 32073.dat
1 71 16.08 -56.44 322.04 -1 0 -0.019 0 1 0.017 0.019 0.017 -1 32073.dat
1 4 -45.44 -55.08 243.18 -1 0 -0.019 0 1 0.017 0.019 0.017 -1 32054.dat
1 4 -43.92 -56.44 323.18 -1 0 -0.019 0 1 0.017 0.019 0.017 -1 32054.dat
1 0 -38.86 -52.02 62.99 1 0 -0.019 0 -1 0.017 -0.019 -0.017 -1 2780.dat
1 1 -47.72 -53.04 123.18 1 0 -0.019 0 -1 0.017 -0.019 -0.017 -1 6558.dat
1 0 -46.58 -54.06 183.18 0 1 0.019 -1 0 -0.017 -0.017 -0.019 1 32278.dat
1 0 -97.72 -53.04 124.13 -1 0 0.019 0 -1 -0.017 0.019 -0.017 1 2780.dat
1 0 102.28 -53.04 120.33 -1 0 0.019 0 -1 -0.017 0.019 -0.017 1 62462.dat
1 0 -77.72 -53.04 123.75 -1 0 0.019 0 -1 -0.017 0.019 -0.017 1 62462.dat
1 0 122.28 -53.04 119.95 -1 0 0.019 0 -1 -0.017 0.019 -0.017 1 2780.dat
1 4 90.76 -231.68 37.46 1 0.019 0 0 -0.017 -1 -0.019 1 -0.017 32054.dat
1 14 10.76 -231.68 38.98 1 0.019 0 0 -0.017 -1 -0.019 1 -0.017 44294.dat
1 4 -69.24 -231.68 40.5 -1 -0.019 0 0 0.017 -1 0.019 -1 -0.017 32054.dat
1 15 -69.24 -171.68 41.52 -0.019 1 0 0.017 0 -1 -1 -0.019 -0.017 41239.dat
1 1 -89.24 -151.68 42.24 -1 -0.019 0 0 0.017 -1 0.019 -1 -0.017 6558.dat
1 0 -59.24 -191.68 40.99 1 0.018962 0.00133 0 0.053034 -0.99919 -0.019 0.99919 0.053034 2780.dat
1 0 -79.24 -271.68 40.01 1 0.019 0 0 -0.017 -1 -0.019 1 -0.017 2780.dat
1 0 -59.221 -291.697 40.29 1 0.019 0 0 -0.017 -1 -0.019 1 -0.017 2780.dat
1 4 -69.24 -51.68 43.56 1 0.019 0 0 -0.017 -1 -0.019 1 -0.017 32054.dat
1 1 -97.24 -51.68 44.092 1 0 -0.019 0 -1 0.017 -0.019 -0.017 -1 43093.dat
1 0 171.52 -52.36 79 -0.019 0 1 0.017 1 0 -1 0.017 -0.019 64782.dat
1 1 210 -71 -2.1 0 -1 -0.019 -1 0 0.017 -0.017 0.019 -1 6558.dat
1 1 130 -71 -0.58 0 -1 -0.019 -1 0 0.017 -0.017 0.019 -1 6558.dat
1 1 232.66 -53.38 137.86 -1 0 -0.019 0 1 0.017 0.019 0.017 -1 6558.dat
1 1 232.28 -53.04 117.86 -1 0 -0.019 0 1 0.017 0.019 0.017 -1 6558.dat
1 72 232.66 -53.38 137.86 0 1 -0.019 1 0 0.017 0.017 -0.019 -1 32316.dat
1 4 253.42 -54.06 177.48 0 -1 -0.019 -1 0 0.017 -0.017 0.019 -1 11947.dat
1 0 -146.48 -52.36 85.042 0.019 0 -1 -0.017 1 0 1 0.017 0.019 64782.dat
1 1 -188 -71 5.462 0 1 0.019 -1 0 -0.017 -0.017 -0.019 1 6558.dat
1 1 -108 -71 3.942 0 1 0.019 -1 0 -0.017 -0.017 -0.019 1 6558.dat
1 1 -205.34 -53.38 146.182 1 0 0.019 0 1 -0.017 -0.019 0.017 1 6558.dat
1 1 -205.72 -53.04 126.182 1 0 0.019 0 1 -0.017 -0.019 0.017 1 6558.dat
1 72 -205.34 -53.38 146.182 0 -1 -0.019 -1 0 0.017 -0.017 0.019 -1 32316.dat
1 4 -224.58 -54.06 186.562 0 1 -0.019 1 0 0.017 0.017 -0.019 -1 11946.dat
1 0 15.32 -115.76 281.02 -1 0 -0.019 0 1 0.017 0.019 0.017 -1 64179.dat
1 0 54.18 -124.74 220.09 0 1 -0.019 1 0 0.017 0.017 -0.019 -1 2780.dat
1 0 -25.82 -124.74 221.61 0 1 -0.019 1 0 0.017 0.017 -0.019 -1 2780.dat
1 19 16.65 -116.95 351.02 -0.019 1 0 0.017 0 -1 -1 -0.019 -0.017 99008.dat
1 0 16.08 -116.44 321.02 -1 0 0.019 0 -1 -0.017 0.019 -0.017 1 18575.dat
1 72 15.32 -115.76 281.02 0 -0.019 1 -1 0.017 0 -0.017 -1 -0.019 62821.dat
1 19 -1.68 -115.76 281.343 0 -0.019 1 -1 0.017 0 -0.017 -1 -0.019 6589.dat
1 19 15.643 -116.049 298.02 -0.966 -0.259 -0.019 -0.259 0.966 0.017 0.013951 0.021343 -1 6589.dat
1 19 32.32 -115.76 280.697 0 -0.019 -1 1 0.017 0 0.017 -1 0.019 6589.dat
1 72 75.32 -115.76 279.88 -0.019 0 1 0.017 1 0 -1 0.017 -0.019 92906.dat
1 72 -44.68 -115.76 282.16 -0.019 0 -1 0.017 -1 0 -1 -0.017 0.019 92906.dat
1 1 -25.06 -115.42 261.78 0 -0.019 -1 1 0.017 0 0.017 -1 0.019 6558.dat
1 1 -24.3 -116.1 301.78 0 -0.019 -1 1 0.017 0 0.017 -1 0.019 6558.dat
1 1 54.94 -115.42 260.26 0 -0.019 -1 1 0.017 0 0.017 -1 0.019 6558.dat
1 1 55.7 -116.1 300.26 0 -0.019 -1 1 0.017 0 0.017 -1 0.019 6558.dat
1 71 -44.68 -135.76 281.82 0.019 1 0 -0.017 0 1 1 -0.019 0.017 63869.dat
1 71 -44.68 -95.76 282.5 0.019 1 0 -0.017 0 1 1 -0.019 0.017 63869.dat
1 71 -44.68 -135.76 281.82 0.019 1 0 -0.017 0 1 1 -0.019 0.017 32073.dat
1 71 -44.68 -95.76 282.5 0.019 1 0 -0.017 0 1 1 -0.019 0.017 32073.dat
1 71 75.32 -135.76 279.54 -0.019 -1 0 0.017 0 1 -1 0.019 0.017 63869.dat
1 71 75.32 -95.76 280.22 -0.019 -1 0 0.017 0 1 -1 0.019 0.017 63869.dat
1 71 75.32 -135.76 279.54 -0.019 -1 0 0.017 0 1 -1 0.019 0.017 32073.dat
1 71 75.32 -95.76 280.22 -0.019 -1 0 0.017 0 1 -1 0.019 0.017 32073.dat
1 71 -44.68 -115.76 282.16 -0.019 -0.235 -0.972 0.017 -0.972 0.235 -1 -0.012059 0.022463 32494.dat
1 71 75.32 -115.76 279.88 -0.019 0 1 0.017 1 0 -1 0.017 -0.019 32494.dat
1 0 -102.997 -101.647 283.5079 -0.972 -0.019 -0.235 0.235 0.017 -0.972 0.022463 -1 -0.012059 3705.dat
1 71 -161.313 -87.535 284.8559 -0.019 0.235 0.972 0.017 0.972 -0.235 -1 0.012059 -0.022463 32494.dat
1 72 -191.313 -87.535 285.4258 0 0.019 1 1 -0.017 0 0.017 1 -0.019 92909.dat
1 71 -161.313 -87.535 284.8559 -0.019 0 1 0.017 1 0 -1 0.017 -0.019 11950.dat
1 19 -161.313 -107.535 284.5158 -0.019 0 1 0.017 1 0 -1 0.017 -0.019 32556.dat
1 19 -161.313 -67.535 285.1959 -0.019 0 1 0.017 1 0 -1 0.017 -0.019 32556.dat
1 71 -102.617 -81.987 303.8479 -0.235 0.019 -0.972 -0.972 -0.017 0.235 -0.012059 1 0.022463 32524.dat
1 71 -103.377 -81.307 263.8479 -0.235 0.019 -0.972 -0.972 -0.017 0.235 -0.012059 1 0.022463 32524.dat
1 71 -43.92 -96.44 322.5 0.019 0 -1 -0.017 1 0 1 0.017 0.019 6536.dat
1 71 -45.44 -95.08 242.5 0.019 0 -1 -0.017 1 0 1 0.017 0.019 6536.dat
1 0 -53.92 -76.44 323.03 1 0 -0.019 0 -1 0.017 -0.019 -0.017 -1 2780.dat
1 0 -55.44 -75.08 243.03 1 0 -0.019 0 -1 0.017 -0.019 -0.017 -1 2780.dat
1 71 -103.377 -121.307 263.1679 -0.235 0.019 -0.972 -0.972 -0.017 0.235 -0.012059 1 0.022463 32524.dat
1 1 -141.874 -112.239 284.0665 0.019 -0.235 0.972 -0.017 -0.972 -0.235 1 -0.012059 -0.022463 6558.dat
0 !LEOCAD SYNTH BEGIN
0 !LEOCAD SYNTH CONTROL_POINT 0 110 0 1 0 0 0 1 0 0 0 1 1
0 !LEOCAD SYNTH CONTROL_POINT 0 0 0 1 0 0 0 1 0 0 0 1 1
1 14 -104.68 -215.76 281.6 0.941 -0.338 0.019 0.338 0.941 -0.017 -0.012133 0.022419 1 76537.dat
0 !LEOCAD SYNTH END
1 71 -102.617 -121.987 303.1679 -0.235 0.019 -0.972 -0.972 -0.017 0.235 -0.012059 1 0.022463 32524.dat
1 71 191.953 -87.535 278.1438 0.019 -0.235 -0.972 -0.017 0.972 -0.235 1 0.020989 0.014473 32494.dat
1 72 221.953 -87.535 277.5738 0 0.019 -1 -1 -0.017 0 -0.017 1 0.019 92909.dat
1 71 191.953 -87.535 278.1438 0.019 0 -1 -0.017 1 0 1 0.017 0.019 11950.dat
1 19 191.953 -107.535 277.8038 -0.019 0 1 0.017 1 0 -1 0.017 -0.019 32556.dat
1 19 191.953 -67.535 278.4838 -0.019 0 1 0.017 1 0 -1 0.017 -0.019 32556.dat
1 71 134.017 -81.987 299.3519 -0.235 0.019 0.972 0.972 -0.017 0.235 0.020989 1 -0.014473 32524.dat
1 71 133.257 -81.307 259.3519 -0.235 0.019 0.972 0.972 -0.017 0.235 0.020989 1 -0.014473 32524.dat
1 71 133.257 -121.307 258.6719 -0.235 0.019 0.972 0.972 -0.017 0.235 0.020989 1 -0.014473 32524.dat
1 1 172.514 -112.239 278.0932 0.019 0.235 0.972 -0.017 -0.972 0.235 1 -0.020989 -0.014473 6558.dat
0 !LEOCAD SYNTH BEGIN
0 !LEOCAD SYNTH CONTROL_POINT 0 110 0 1 0 0 0 1 0 0 0 1 1
0 !LEOCAD SYNTH CONTROL_POINT 0 0 0 1 0 0 0 1 0 0 0 1 1
1 14 135.32 -215.76 277.04 0.941 0.338 0.019 -0.338 0.941 -0.017 -0.023625 0.009575 1 76537.dat
0 !LEOCAD SYNTH END
1 71 134.017 -121.987 298.6719 -0.235 0.019 0.972 0.972 -0.017 0.235 0.020989 1 -0.014473 32524.dat
1 0 133.637 -101.647 279.0119 -0.972 -0.019 0.235 -0.235 0.017 -0.972 0.014473 -1 -0.020989 3705.dat
1 71 76.08 -96.44 320.22 -0.019 0 1 0.017 1 0 -1 0.017 -0.019 6536.dat
1 71 74.56 -95.08 240.22 -0.019 0 1 0.017 1 0 -1 0.017 -0.019 6536.dat
1 0 86.08 -76.44 320.37 1 0 -0.019 0 -1 0.017 -0.019 -0.017 -1 2780.dat
1 0 84.56 -75.08 240.37 1 0 -0.019 0 -1 0.017 -0.019 -0.017 -1 2780.dat
1 71 76.08 -136.44 319.54 0.019 0 1 -0.017 -1 0 1 -0.017 -0.019 6536.dat
1 71 74.56 -135.08 239.54 0.019 0 1 -0.017 -1 0 1 -0.017 -0.019 6536.dat
1 1 96.08 -156.44 318.82 1 0.019 0 0 -0.017 -1 -0.019 1 -0.017 6558.dat
1 1 94.56 -155.08 238.82 1 0.019 0 0 -0.017 -1 -0.019 1 -0.017 6558.dat
1 71 96.08 -116.44 319.5 -0.019 1 0 0.017 0 -1 -1 -0.019 -0.017 32524.dat
1 71 94.56 -115.08 239.5 -0.019 1 0 0.017 0 -1 -1 -0.019 -0.017 32524.dat
1 71 -43.92 -136.44 321.82 0.019 0 1 -0.017 -1 0 1 -0.017 -0.019 6536.dat
1 71 -45.44 -135.08 241.82 0.019 0 1 -0.017 -1 0 1 -0.017 -0.019 6536.dat
1 1 -63.92 -156.44 321.86 -1 0 0.019 0 -1 -0.017 0.019 -0.017 1 6558.dat
1 1 -65.44 -155.08 241.86 -1 0 0.019 0 -1 -0.017 0.019 -0.017 1 6558.dat
1 71 -63.92 -116.44 322.54 -0.019 1 0 0.017 0 -1 -1 -0.019 -0.017 32524.dat
1 71 -65.44 -115.08 242.54 -0.019 1 0 0.017 0 -1 -1 -0.019 -0.017 32524.dat
1 71 13.8 -204.4 199.49 -1 0 -0.019 0 1 0.017 0.019 0.017 -1 32333.dat
1 0 33.99 -154.57 209.96 0.019 0 -1 -0.017 1 0 1 0.017 0.019 2780.dat
1 0 -6.01 -154.57 210.72 0.019 0 -1 -0.017 1 0 1 0.017 0.019 2780.dat
1 4 33.8 -194.4 199.28 -0.019 0 1 0.017 1 0 -1 0.017 -0.019 32054.dat
1 4 57.8 -162.4 199.368 -0.019 0 1 0.017 1 0 -1 0.017 -0.019 32054.dat
1 4 -6.2 -194.4 200.04 -0.019 0 1 0.017 1 0 -1 0.017 -0.019 32054.dat
1 4 -30.2 -162.4 201.04 -0.019 0 1 0.017 1 0 -1 0.017 -0.019 32054.dat
1 71 66.03 -193.49 168.6636 -0.6 -0.8 -0.019 -0.8 0.6 0.017 -0.0022 0.0254 -1 2850.dat
1 0 56.85 -161.55 149.368 0.019 0 -1 -0.017 1 0 1 0.017 0.019 2780.dat
1 0 32.85 -193.55 149.28 0.019 0 -1 -0.017 1 0 1 0.017 0.019 2780.dat
1 0 32.09 -192.87 109.28 0.019 0 -1 -0.017 1 0 1 0.017 0.019 2780.dat
1 0 56.09 -160.87 109.368 0.019 0 -1 -0.017 1 0 1 0.017 0.019 2780.dat
1 71 65.27 -192.81 128.6636 -0.6 -0.8 -0.019 -0.8 0.6 0.017 -0.0022 0.0254 -1 2850.dat
1 0 31.33 -192.19 69.28 0.019 0 -1 -0.017 1 0 1 0.017 0.019 2780.dat
1 0 55.33 -160.19 69.368 0.019 0 -1 -0.017 1 0 1 0.017 0.019 2780.dat
1 71 64.51 -192.13 88.6636 -0.6 -0.8 -0.019 -0.8 0.6 0.017 -0.0022 0.0254 -1 2850.dat
1 14 13.23 -153.89 170.34 1 0 -0.019 0 -1 0.017 -0.019 -0.017 -1 2853.dat
1 71 3.23 -153.89 170.53 -0.473 -0.881 -0.019 -0.881 0.473 0.017 -0.00599 0.02478 -1 2852.dat
1 71 3.23 -153.89 170.53 0.713 0.701 0.019 -0.701 0.713 -0.017 -0.025464 -0.001198 1 2852.dat
1 14 38.468 -172.818 169.5387 -0.6 -0.8 -0.019 -0.8 0.6 0.017 -0.0022 0.0254 -1 2851.dat
1 14 -24.808 -182.418 170.5777 -0.6 0.8 -0.019 0.8 0.6 0.017 0.025 -0.005 -1 2851.dat
1 19 12.85 -153.55 150.34 1 0 -0.019 0 -1 0.017 -0.019 -0.017 -1 2854.dat
1 4 22.47 -153.21 130.15 0.019 -1 0 -0.017 0 -1 1 0.019 -0.017 32062.dat
1 71 22.47 -153.21 130.15 -0.713 -0.701 -0.019 -0.701 0.713 0.017 0.00163 0.02544 -1 2852.dat
1 71 22.47 -153.21 130.15 0.473 0.881 0.019 -0.881 0.473 -0.017 -0.023964 -0.008698 1 2852.dat
1 14 50.508 -181.738 129.1323 -0.6 -0.8 -0.019 -0.8 0.6 0.017 -0.0022 0.0254 -1 2851.dat
1 14 -12.768 -172.138 130.4977 -0.6 0.8 -0.019 0.8 0.6 0.017 0.025 -0.005 -1 2851.dat
1 19 12.09 -152.87 110.34 -1 0 -0.019 0 1 0.017 0.019 0.017 -1 2854.dat
1 4 11.14 -152.02 60.34 0.019 1 0 -0.017 0 1 1 -0.019 0.017 32062.dat
1 71 1.71 -152.53 90.53 -0.473 -0.881 -0.019 -0.881 0.473 0.017 -0.00599 0.02478 -1 2852.dat
1 71 1.71 -152.53 90.53 0.713 0.701 0.019 -0.701 0.713 -0.017 -0.025464 -0.001198 1 2852.dat
1 14 36.948 -171.458 89.5387 -0.6 -0.8 -0.019 -0.8 0.6 0.017 -0.0022 0.0254 -1 2851.dat
1 14 -26.328 -181.058 90.5777 -0.6 0.8 -0.019 0.8 0.6 0.017 0.025 -0.005 -1 2851.dat
1 14 11.71 -152.53 90.34 1 0 0.019 0 1 -0.017 -0.019 0.017 1 2853.dat
1 71 -39.57 -193.49 170.67 -0.6 0.8 -0.019 0.8 0.6 0.017 0.025 -0.005 -1 2850.dat
1 0 -31.15 -161.55 151.04 -0.019 0 1 0.017 1 0 -1 0.017 -0.019 2780.dat
1 0 -7.15 -193.55 150.04 -0.019 0 1 0.017 1 0 -1 0.017 -0.019 2780.dat
1 0 -7.91 -192.87 110.04 -0.019 0 1 0.017 1 0 -1 0.017 -0.019 2780.dat
1 0 -31.91 -160.87 111.04 -0.019 0 1 0.017 1 0 -1 0.017 -0.019 2780.dat
1 71 -40.33 -192.81 130.67 -0.6 0.8 -0.019 0.8 0.6 0.017 0.025 -0.005 -1 2850.dat
1 0 -8.67 -192.19 70.04 -0.019 0 1 0.017 1 0 -1 0.017 -0.019 2780.dat
1 0 -32.67 -160.19 71.04 -0.019 0 1 0.017 1 0 -1 0.017 -0.019 2780.dat
1 71 -41.09 -192.13 90.67 -0.6 0.8 -0.019 0.8 0.6 0.017 0.025 -0.005 -1 2850.dat
1 71 11.14 -202.02 59.49 -1 0 -0.019 0 1 0.017 0.019 0.017 -1 32333.dat
1 71 14.18 -134.74 220.68 -1 0 0.019 0 -1 -0.017 0.019 -0.017 1 63869.dat
1 14 14.18 -134.74 220.68 -1 0 0.019 0 -1 -0.017 0.019 -0.017 1 4519.dat
1 15 -25.82 -134.74 221.44 0 0.019 -1 -1 -0.017 0 -0.017 1 0.019 32013.dat
1 15 54.18 -134.74 219.92 0 -0.019 1 -1 0.017 0 -0.017 -1 -0.019 32013.dat
1 72 14.427 -154.961 233.34 -0.019 1 0 0.017 0 -1 -1 -0.019 -0.017 59426.dat
1 14 15.51 -155.93 290.34 0 1 0.019 -1 0 -0.017 -0.017 -0.019 1 59443.dat
1 19 16.27 -156.61 330.34 0.019 0 1 -0.017 -1 0 1 -0.017 -0.019 99008.dat
1 0 16.08 -156.44 320.34 1 0 -0.019 0 -1 0.017 -0.019 -0.017 -1 32270.dat
1 0 -86.58 -154.06 182.24 0 1 -0.019 1 0 0.017 0.017 -0.019 -1 32278.dat
1 0 -108.86 -152.02 62.62 1 -0.019 0 0 0.017 1 -0.019 -1 0.017 15100.dat
1 4 -109.24 -151.68 42.62 -0.019 -1 0 0.017 0 1 -1 0.019 0.017 87082.dat
1 1 -106.96 -153.72 162.62 -1 0.019 0.000152 0 -0.025 0.999864 0.019 0.999864 0.025 6558.dat
1 1 -106.2 -154.4 202.62 -1 0.019 0 0 -0.017 1 0.019 1 0.017 6558.dat
1 72 -106.2 -154.4 202.62 0 1 -0.019 1 0 0.017 0.017 -0.019 -1 18654.dat
1 15 -126.58 -154.06 183 0 1 0.019 -1 0 -0.017 -0.017 -0.019 1 32523.dat
1 0 113.42 -154.06 178.44 0 -1 -0.019 -1 0 0.017 -0.017 0.019 -1 32278.dat
1 0 131.14 -152.02 58.06 -1 -0.019 0 0 0.017 -1 0.019 -1 -0.017 15100.dat
1 4 130.76 -151.68 38.06 0.019 1 0 -0.017 0 1 1 -0.019 0.017 87082.dat
1 1 133.04 -153.72 158.06 1 0.015922 0.010355 0 0.530754 -0.847265 -0.019 0.847265 0.530754 6558.dat
1 1 133.8 -154.4 198.06 1 0.019 0 0 -0.017 -1 -0.019 1 -0.017 6558.dat
1 72 133.8 -154.4 198.06 0 -1 -0.019 -1 0 0.017 -0.017 0.019 -1 18654.dat
1 4 131.9025 -148.7023 98.261 0.001273 -1 0.018962 0.996861 0 -0.083966 0.083966 0.019 0.996861 32348.dat
1 1 141.9025 -148.7023 98.071 -1 0.001273 -0.018962 0 0.996861 0.083966 0.019 0.083966 -0.996861 43093.dat
1 15 153.42 -154.06 177.68 0 -1 0.019 1 0 -0.017 0.017 0.019 1 32523.dat
1 71 153.7833 -108.892 197.5734 -1 0.012388 -0.014402 0 0.746916 0.664886 0.019 0.664886 -0.746916 22961.dat
1 0 153.6594 -116.3632 190.9245 0.012388 0.808645 0.588467 0.746916 -0.398735 0.532319 0.664886 0.433153 -0.609526 6628.dat
1 1 135.32 -215.76 277.04 -0.019 0 1 0.017 1 0 -1 0.017 -0.019 6558.dat
1 1 -104.68 -215.76 281.6 -0.019 0 1 0.017 1 0 -1 0.017 -0.019 6558.dat
1 15 15.32 -175.76 280 0 0.019 -1 -1 -0.017 0 -0.017 1 0.019 40490.dat
1 1 95.32 -175.76 278.48 -0.019 0 1 0.017 1 0 -1 0.017 -0.019 6558.dat
1 1 55.32 -175.76 279.24 -0.019 0 1 0.017 1 0 -1 0.017 -0.019 6558.dat
1 1 -24.68 -175.76 280.76 -0.019 0 1 0.017 1 0 -1 0.017 -0.019 6558.dat
1 1 -64.68 -175.76 281.52 -0.019 0 1 0.017 1 0 -1 0.017 -0.019 6558.dat
1 0 54.94 -175.42 259.24 0 -0.019 1 -1 0.017 0 -0.017 -1 -0.019 32526.dat
1 0 -25.06 -175.42 260.76 0 0.019 -1 -1 -0.017 0 -0.017 1 0.019 32526.dat
1 0 -85.44 -175.08 241.9 0.019 -1 0 -0.017 0 -1 1 0.019 -0.017 15100.dat
1 0 114.56 -175.08 238.1 0.019 -1 0 -0.017 0 -1 1 0.019 -0.017 15100.dat
1 4 114.56 -175.08 238.1 -1 0 0.019 0 -1 -0.017 0.019 -0.017 1 32054.dat
1 4 -85.44 -175.08 241.9 1 0 0.019 0 1 -0.017 -0.019 0.017 1 32054.dat
1 4 35.32 -175.76 279.62 0.019 0 1 -0.017 -1 0 1 -0.017 -0.019 32062.dat
1 4 -4.68 -175.76 280.38 0.019 0 1 -0.017 -1 0 1 -0.017 -0.019 32062.dat
1 4 35.32 -175.76 279.62 0.019 1 0 -0.017 0 1 1 -0.019 0.017 41678.dat
1 4 -4.68 -175.76 280.38 0.019 1 0 -0.017 0 1 1 -0.019 0.017 41678.dat
1 1 15.13 -195.59 269.66 -1 -0.019 0 0 0.017 -1 0.019 -1 -0.017 6558.dat
1 15 15.51 -195.93 289.66 0 -1 0.019 1 0 -0.017 0.017 0.019 1 32523.dat
1 14 15.852 -196.236 307.66 1 -0.003819 0.01862 0 0.983417 0.18434 -0.019 -0.18434 0.983417 4519.dat
1 15 35.852 -196.236 307.28 -1 0.01862 -0.003819 0 0.18434 0.983417 0.019 0.983417 -0.18434 6536.dat
1 15 -4.148 -196.236 308.04 -1 0.01862 -0.003819 0 0.18434 0.983417 0.019 0.983417 -0.18434 6536.dat
1 0 36.2252 -202.7559 326.8148 0.003819 0.01862 -1 -0.983417 0.18434 0 0.18434 0.983417 0.019 2780.dat
1 0 -3.7748 -202.7559 327.5748 0.003819 0.01862 -1 -0.983417 0.18434 0 0.18434 0.983417 0.019 2780.dat
1 4 -108.0985 -148.7023 102.821 0.001273 -1 0.018962 0.996861 0 -0.083966 0.083966 0.019 0.996861 32348.dat
1 1 -118.0985 -148.7023 103.011 1 0.001273 0.018962 0 0.996861 -0.083966 -0.019 0.083966 0.996861 43093.dat
1 71 -126.2177 -108.892 202.8934 1 0.012388 0.014402 0 0.746916 -0.664886 -0.019 0.664886 0.746916 22961.dat
1 0 -126.3416 -116.3632 196.2445 0.012388 -0.791355 0.611533 0.746916 -0.398735 -0.532319 0.664886 0.463553 0.586726 6628.dat
1 0 -24.3 -176.1 300.76 0 0.019 -1 -1 -0.017 0 -0.017 1 0.019 32526.dat
1 0 -83.92 -176.44 321.9 -0.019 -1 0 0.017 0 1 -1 0.019 0.017 15100.dat
1 4 -83.92 -176.44 321.9 1 -0.019 0 0 0.017 1 -0.019 -1 0.017 32054.dat
1 0 55.7 -176.1 299.24 0 -0.019 1 -1 0.017 0 -0.017 -1 -0.019 32526.dat
1 0 116.08 -176.44 318.1 -0.019 1 0 0.017 0 -1 -1 -0.019 -0.017 15100.dat
1 4 116.08 -176.44 318.1 -1 -0.019 0 0 0.017 -1 0.019 -1 -0.017 32054.dat
1 0 70.6674 -291.5045 38.795 -0.004009 -1 0.018563 0.980587 0 0.194391 -0.194391 0.019 0.980587 15100.dat
1 4 36.9335 -213.8036 328.4227 0.993413 -0.004009 -0.111589 0.025841 0.980587 0.192527 0.108647 -0.194391 0.975023 2637.dat
1 4 -4.4155 -213.8006 329.2074 0.988587 -0.004009 0.148411 -0.025841 0.980587 0.192527 -0.146305 -0.194391 0.970083 2637.dat
1 0 -49.0726 -291.5045 41.0701 -0.004009 1 -0.018563 0.980587 0 -0.194391 -0.194391 -0.019 -0.980587 15100.dat
1 1 36.84 -117.12 360.64 0.019 0 -1 -0.017 1 0 1 0.017 0.019 6558.dat
1 1 -3.16 -117.12 361.4 0.019 0 -1 -0.017 1 0 1 0.017 0.019 6558.dat
1 71 16.745 -117.035 356.02 1 0.019 0 0 -0.017 -1 -0.019 1 -0.017 99773.dat
1 71 16.935 -117.205 366.02 1 0.019 0 0 -0.017 -1 -0.019 1 -0.017 99773.dat
1 14 57.22 -117.46 380.26 -0.019 1 0 0.017 0 -1 -1 -0.019 -0.017 4519.dat
1 14 -22.78 -117.46 381.78 -0.019 1 0 0.017 0 -1 -1 -0.019 -0.017 4519.dat
1 72 17.22 -117.46 381.02 0 0.019 1 1 -0.017 0 0.017 1 -0.019 32316.dat
1 0 16.65 -136.95 350.68 -0.019 1 0 0.017 0 -1 -1 -0.019 -0.017 2780.dat
1 4 16.46 -146.78 340.51 -1 -0.019 0 0 0.017 -1 0.019 -1 -0.017 43857.dat
1 72 -22.02 -118.14 421.78 0 0.019 -1 -1 -0.017 0 -0.017 1 0.019 32014.dat
1 72 57.98 -118.14 420.26 0 0.019 1 1 -0.017 0 0.017 1 -0.019 32014.dat
1 14 17.98 -118.14 421.02 -1 0.019 0 0 -0.017 1 0.019 1 0.017 4519.dat
1 72 17.98 -118.14 421.02 0 1 0.019 -1 0 -0.017 -0.017 -0.019 1 18654.dat
1 0 -22.02 -108.14 421.95 0 1 0.019 -1 0 -0.017 -0.017 -0.019 1 2780.dat
1 0 57.98 -108.14 420.43 0 1 0.019 -1 0 -0.017 -0.017 -0.019 1 2780.dat
1 72 17.98 -98.14 421.36 0.019 0 1 -0.017 -1 0 1 -0.017 -0.019 62531.dat
1 1 -62.4 -57.8 403.56 -0.019 0 -1 0.017 -1 0 -1 -0.017 0.019 6558.dat
1 1 97.6 -57.8 400.52 -0.019 0 -1 0.017 -1 0 -1 -0.017 0.019 6558.dat
1 80 98.17 -58.31 430.52 -0.019 0 -1 0.017 -1 0 -1 -0.017 0.019 62462.dat
1 80 -61.83 -58.31 433.56 -0.019 0 -1 0.017 -1 0 -1 -0.017 0.019 62462.dat
1 0 -23.54 -126.78 341.61 0 1 0.019 -1 0 -0.017 -0.017 -0.019 1 2780.dat
1 0 56.46 -126.78 340.09 0 1 0.019 -1 0 -0.017 -0.017 -0.019 1 2780.dat
1 16 -23.54 -129.8238 341.5583 0.019 0 -1 -0.017 1 0 1 0.017 0.019 79.dat
1 16 -23.54 -135.2587 341.4659 0.019 0 -1 -0.017 1 0 1 0.017 0.019 80.dat
1 16 -23.54 -140.6911 341.3735 0.019 0 -1 -0.017 1 0 1 0.017 0.019 80.dat
1 16 -23.54 -146.1234 341.2812 0.019 0 -1 -0.017 1 0 1 0.017 0.019 80.dat
1 16 -23.54 -151.3058 341.1931 0.019 0 -1 -0.017 1 0 1 0.017 0.019 80.dat
1 16 -23.6368 -156.734 341.1026 0.019 0.034087 -0.999419 -0.017 0.999419 0.034087 1 0.016342 0.019568 80.dat
1 16 -24.457 -162.05 341.0278 0.019 0.280161 -0.959953 -0.017 0.959953 0.280161 1 0.010996 0.023002 80.dat
1 16 -26.5926 -166.6906 340.9895 0.019 0.546914 -0.837189 -0.017 0.837189 0.546914 1 0.003841 0.025204 80.dat
1 16 -30.1659 -170.6826 340.9895 0.019 0.76308 -0.646304 -0.017 0.646304 0.76308 1 -0.003511 0.025252 80.dat
1 16 -34.6508 -173.649 341.0243 0.019 0.898402 -0.439173 -0.017 0.439173 0.898402 1 -0.009604 0.023617 80.dat
1 16 -39.4787 -175.4372 341.0857 0.019 0.967707 -0.252077 -0.017 0.252077 0.967707 1 -0.014101 0.02124 80.dat
1 16 -44.8129 -176.2854 341.1726 0.019 0.997613 -0.069049 -0.017 0.069049 0.997613 1 -0.017781 0.018271 80.dat
1 16 -50.2152 -176.196 341.2768 0.019 0.993906 0.11023 -0.017 -0.11023 0.993906 1 -0.020758 0.014802 80.dat
1 16 -55.2727 -175.1909 341.3899 0.019 0.960524 0.278198 -0.017 -0.278198 0.960524 1 -0.022979 0.011043 80.dat
1 16 -60.2844 -173.1815 341.5193 0.019 0.890673 0.454644 -0.017 -0.454644 0.890673 1 -0.024652 0.006503 80.dat
1 16 -64.8149 -170.2554 341.6552 0.019 0.774576 0.63248 -0.017 -0.63248 0.774576 1 -0.025469 0.001151 80.dat
1 16 -68.4488 -166.6104 341.7862 0.019 0.630072 0.776536 -0.017 -0.776536 0.630072 1 -0.025172 -0.004043 80.dat
1 16 -71.3707 -162.0772 341.9187 0.019 0.455626 0.890171 -0.017 -0.890171 0.455626 1 -0.02379 -0.009168 80.dat
1 16 -73.3527 -157.0569 342.0322 0.018023 0.266433 0.963872 -0.013466 -0.963928 0.266365 1.000072 -0.017781 -0.013785 80.dat
1 16 -74.3863 -151.9936 342.0667 0.01786 0.132736 0.991172 0.006908 -0.99133 0.132307 1.000142 0.004484 -0.018621 80.dat
1 16 -74.8715 -146.8388 342.0221 0.020537 0.054551 0.998481 0.013858 -0.998592 0.053949 1.000018 0.012728 -0.021264 80.dat
1 16 -75.0199 -141.4105 341.9577 0.018895 0.002512 0.999999 0.011098 -1.000081 0.001979 1.000084 0.01106 -0.018925 80.dat
1 16 -74.9381 -135.9795 341.9172 0.013427 -0.034352 0.9995 0.003037 -0.999537 -0.034717 1.00023 0.003501 -0.013317 80.dat
1 16 -74.6922 -130.803 341.9276 0.004944 -0.060552 0.998334 -0.007826 -0.998262 -0.060833 1.000282 -0.007512 -0.00541 80.dat
1 16 -74.3016 -125.3853 342.0104 -0.006985 -0.08223 0.99677 -0.021811 -0.996482 -0.082683 1.000063 -0.022318 0.005166 80.dat
1 16 -73.808 -119.9781 342.1794 -0.022556 -0.100347 0.994878 -0.038637 -0.994232 -0.101483 0.999323 -0.040728 0.018549 80.dat
1 16 -73.2513 -114.8324 342.4432 -0.041456 -0.114511 0.992738 -0.056646 -0.991652 -0.117076 0.997857 -0.061088 0.034623 80.dat
1 16 -72.5925 -109.4555 342.8472 -0.065876 -0.127435 0.989839 -0.078546 -0.988175 -0.132775 0.995055 -0.086495 0.055087 80.dat
1 16 -71.8715 -104.0995 343.3938 -0.097115 -0.138552 0.985765 -0.103152 -0.983628 -0.148742 0.990235 -0.116128 0.081232 80.dat
1 16 -71.1296 -99.0174 344.0817 -0.138943 -0.147786 0.979395 -0.128915 -0.977783 -0.166163 0.982193 -0.149345 0.116805 80.dat
1 16 -70.3032 -93.7301 345.0092 -0.205065 -0.156113 0.966404 -0.156526 -0.969348 -0.190136 0.966466 -0.190258 0.174343 80.dat
1 16 -69.436 -88.4983 346.1781 -0.316197 -0.163497 0.934692 -0.181981 -0.956368 -0.229197 0.931383 -0.242567 0.272647 80.dat
1 16 -68.5758 -83.587 347.5813 -0.503811 -0.168545 0.847424 -0.178481 -0.93936 -0.293322 0.845474 -0.299028 0.443177 80.dat
1 16 -67.6509 -78.5624 349.4127 -0.863015 -0.171906 0.47541 -0.042494 -0.912286 -0.407699 0.503795 -0.372051 0.780011 80.dat
1 16 -66.717 -73.7223 351.675 -0.842755 -0.172067 -0.51041 0.374741 -0.868321 -0.325388 -0.38721 -0.465493 0.796263 80.dat
1 16 -65.8377 -69.3859 354.3502 -0.458542 -0.167508 -0.87295 0.573471 -0.806263 -0.146149 -0.679346 -0.567627 0.465766 80.dat
1 16 -64.9652 -65.3053 357.7911 -0.241614 -0.154675 -0.958154 0.708836 -0.70258 -0.06499 -0.663127 -0.694876 0.279392 80.dat
1 16 -64.1862 -61.8743 361.8861 -0.122755 -0.131531 -0.983866 0.830908 -0.555913 -0.029024 -0.543127 -0.821064 0.177532 80.dat
1 16 -63.59 -59.465 366.3937 -0.052925 -0.09897 -0.993864 0.926852 -0.375632 -0.011626 -0.372177 -0.921779 0.111611 80.dat
1 16 -63.1595 -57.9676 371.5602 -0.015261 -0.061528 -0.998169 0.982803 -0.185411 -0.003273 -0.184871 -0.981054 0.063299 80.dat
1 16 -62.9209 -57.4166 376.9339 -0.000551 -0.024765 -0.999873 1.000098 -0.009693 0.000012 -0.009692 -0.999971 0.024773 80.dat
1 16 -62.8074 -57.4355 382.1161 0 -0.019004 -1 1 0.016981 0 0.016981 -1 0.019004 80.dat
1 16 -62.709 -57.5236 387.2985 0 -0.019 -1 1 0.017 0 0.017 -1 0.019 80.dat
1 16 -62.6078 -57.6141 392.6248 0 0.019 1 1 -0.017 0 0.017 1 -0.019 79.dat
1 16 56.46 -129.8238 340.0383 -0.019 0 1 0.017 1 0 -1 0.017 -0.019 79.dat
1 16 56.46 -135.2587 339.9459 -0.019 0 1 0.017 1 0 -1 0.017 -0.019 80.dat
1 16 56.46 -140.6911 339.8535 -0.019 0 1 0.017 1 0 -1 0.017 -0.019 80.dat
1 16 56.46 -146.1234 339.7612 -0.019 0 1 0.017 1 0 -1 0.017 -0.019 80.dat
1 16 56.46 -151.3058 339.6731 -0.019 0 1 0.017 1 0 -1 0.017 -0.019 80.dat
1 16 56.5568 -156.734 339.5789 -0.019 -0.034087 0.999419 0.017 0.999419 0.034087 -1 0.017638 -0.018409 80.dat
1 16 57.377 -162.05 339.473 -0.019 -0.280161 0.959953 0.017 0.959953 0.280161 -1 0.021642 -0.013476 80.dat
1 16 59.5126 -166.6906 339.3535 -0.019 -0.546914 0.837189 0.017 0.837189 0.546914 -1 0.024624 -0.006609 80.dat
1 16 63.0859 -170.6826 339.2178 -0.019 -0.76308 0.646304 0.017 0.646304 0.76308 -1 0.025486 0.000693 80.dat
1 16 67.5708 -173.649 339.0821 -0.019 -0.898402 0.439173 0.017 0.439173 0.898402 -1 0.024536 0.006929 80.dat
1 16 72.3987 -175.4372 338.96 -0.019 -0.967707 0.252077 0.017 0.252077 0.967707 -1 0.022672 0.011662 80.dat
1 16 77.7329 -176.2854 338.8442 -0.019 -0.997613 0.069049 0.017 0.069049 0.997613 -1 0.020128 0.015647 80.dat
1 16 83.1352 -176.196 338.7431 -0.019 -0.993906 -0.11023 0.017 -0.11023 0.993906 -1 0.01701 0.018991 80.dat
1 16 88.1927 -175.1909 338.6641 -0.019 -0.960524 -0.278198 0.017 -0.278198 0.960524 -1 0.013521 0.021615 80.dat
1 16 93.2044 -173.1815 338.603 -0.019 -0.890673 -0.454644 0.017 -0.454644 0.890673 -1 0.009194 0.02378 80.dat
1 16 97.7349 -170.2554 338.5667 -0.019 -0.774576 -0.63248 0.017 -0.63248 0.774576 -1 0.003965 0.025185 80.dat
1 16 101.3688 -166.6104 338.5596 -0.019 -0.630072 -0.776536 0.017 -0.776536 0.630072 -1 -0.00123 0.025465 80.dat
1 16 104.2907 -162.0772 338.5812 -0.019 -0.455626 -0.890171 0.017 -0.890171 0.455626 -1 -0.006476 0.024659 80.dat
1 16 106.2724 -157.0569 338.6194 -0.019977 -0.266293 -0.963872 0.013466 -0.963928 0.266365 -1.000035 -0.007659 0.022842 80.dat
1 16 107.3033 -151.9936 338.6146 -0.02013 -0.13183 -0.99125 -0.006908 -0.99133 0.132307 -1.000099 0.009511 0.019045 80.dat
1 16 107.783 -146.8388 338.5516 -0.017445 -0.053383 -0.998603 -0.013858 -0.998592 0.053949 -1.000077 0.014779 0.01668 80.dat
1 16 107.9254 -141.4105 338.4817 -0.019089 -0.001444 -0.999997 -0.011098 -1.000081 0.001979 -1.000081 0.011135 0.019075 80.dat
1 16 107.8386 -135.9795 338.4444 -0.024565 0.035106 -0.999262 -0.003037 -0.999537 -0.034717 -1.000019 0.002182 0.02466 80.dat
1 16 107.5899 -130.803 338.4642 -0.03305 0.060868 -0.99778 0.007826 -0.998262 -0.060833 -0.999748 -0.009819 0.032516 80.dat
1 16 107.1993 -125.3853 338.5619 -0.044971 0.081966 -0.995802 0.021811 -0.996482 -0.082683 -0.999076 -0.025438 0.043025 80.dat
1 16 106.709 -119.9781 338.7495 -0.060514 0.099369 -0.99339 0.038637 -0.994232 -0.101483 -0.997745 -0.044523 0.056326 80.dat
1 16 106.1594 -114.8324 339.0344 -0.079356 0.112749 -0.990632 0.056646 -0.991652 -0.117076 -0.995562 -0.065405 0.072307 80.dat
1 16 105.5129 -109.4555 339.4632 -0.103666 0.124697 -0.986947 0.078546 -0.988175 -0.132775 -0.991833 -0.091285 0.092646 80.dat
1 16 104.8097 -104.0995 340.0369 -0.134716 0.134678 -0.981873 0.103152 -0.983628 -0.148742 -0.98583 -0.12132 0.118618 80.dat
1 16 104.0912 -99.0174 340.7525 -0.176225 0.14264 -0.974145 0.128915 -0.977783 -0.166163 -0.976205 -0.154864 0.153922 80.dat
1 16 103.2972 -93.7301 341.7108 -0.241719 0.149401 -0.958964 0.156526 -0.969348 -0.190136 -0.957977 -0.196062 0.210925 80.dat
1 16 102.4717 -88.4983 342.9119 -0.351455 0.154785 -0.923516 0.181981 -0.956368 -0.229197 -0.918698 -0.248614 0.307953 80.dat
1 16 101.6622 -83.587 344.3467 -0.535669 0.157675 -0.829794 0.178481 -0.93936 -0.293322 -0.825724 -0.305226 0.475044 80.dat
1 16 100.8043 -78.5624 346.212 -0.881551 0.158242 -0.445182 0.042494 -0.912286 -0.407699 -0.470648 -0.378324 0.797503 80.dat
1 16 99.9538 -73.7223 348.5082 -0.827201 0.154827 0.54049 -0.374741 -0.868321 -0.325388 0.418939 -0.471704 0.776296 80.dat
1 16 99.1739 -69.3859 351.215 -0.432042 0.146352 0.890102 -0.573471 -0.806263 -0.146149 0.696267 -0.57359 0.432268 80.dat
1 16 98.4301 -65.3053 354.6866 -0.2158 0.128629 0.968114 -0.708836 -0.70258 -0.06499 0.671818 -0.700258 0.242793 80.dat
1 16 97.8049 -61.8743 358.8083 -0.101505 0.100615 0.989916 -0.830908 -0.555913 -0.029024 0.547388 -0.825475 0.14003 80.dat
1 16 97.3788 -59.465 363.3353 -0.038155 0.064136 0.997392 -0.926852 -0.375632 -0.011626 0.373907 -0.924878 0.073777 80.dat
1 16 97.1439 -57.9676 368.5145 -0.007595 0.024348 0.999855 -0.982803 -0.185411 -0.003273 0.185305 -0.982686 0.025337 80.dat
1 16 97.1091 -57.4166 373.8933 0.000463 -0.013221 1.000093 -1.000098 -0.009693 0.000012 0.009694 -1.00019 -0.013227 80.dat
1 16 97.1926 -57.4355 379.0761 0 -0.018996 1 -1 0.016981 0 -0.016981 -1 -0.018996 80.dat
1 16 97.291 -57.5236 384.2585 0 -0.019 1 -1 0.017 0 -0.017 -1 -0.019 80.dat
1 16 97.3922 -57.6141 389.5848 0 0.019 -1 -1 -0.017 0 -0.017 1 0.019 79.dat
1 15 10 -71 1.7 -0.019 0 -1 0.017 -1 0 -1 -0.017 0.019 41239.dat
1 0 10 -161 0.17 1 0 -0.019 0 -1 0.017 -0.019 -0.017 -1 87408.dat
1 1 9.62 -160.66 -19.83 0 -0.019 -1 1 0.017 0 0.017 -1 0.019 43093.dat
1 1 10.38 -161.34 20.17 0 -0.019 -1 1 0.017 0 0.017 -1 0.019 43093.dat
1 71 9.62 -170.66 -20 1 0 0.019 0 1 -0.017 -0.019 0.017 1 60484.dat
1 19 10 -161 0.17 0 0.019 1 1 -0.017 0 0.017 1 -0.019 99008.dat
1 14 10 -201 -0.51 0.019 1 0 -0.017 0 1 1 -0.019 0.017 59443.dat
1 19 10 -138 0.561 0.019 1 0 -0.017 0 1 1 -0.019 0.017 6589.dat
1 0 -9.62 -151.34 20.72 0 0.019 -1 -1 -0.017 0 -0.017 1 0.019 15100.dat
1 0 30.38 -151.34 19.96 0 0.019 -1 -1 -0.017 0 -0.017 1 0.019 15100.dat
1 72 9.81 -110.83 -8.98 0.019 0 -1 -0.017 1 0 1 0.017 0.019 87083.dat
1 16 9.62 -121.66 -19.167 -1 0.019 0 0 -0.017 -1 0.019 1 -0.017 32198.dat
1 16 9.62 -99.66 -18.793 1 0.019 0 0 -0.017 1 -0.019 1 0.017 32198.dat
1 16 9.81 -121.83 -9.167 -1 -0.019 0 0 0.017 -1 0.019 -1 -0.017 32198.dat
1 16 9.81 -99.83 -8.793 1 -0.019 0 0 0.017 1 -0.019 -1 0.017 32198.dat
1 1 30.76 -151.68 39.96 0.019 0 1 -0.017 -1 0 1 -0.017 -0.019 6558.dat
1 1 -9.24 -151.68 40.72 0.019 0 1 -0.017 -1 0 1 -0.017 -0.019 6558.dat
1 71 10.76 -151.68 40.34 0 -0.019 1 -1 0.017 0 -0.017 -1 -0.019 32524.dat
1 0 -49.43 -151.51 31.48 -0.019 0 1 0.017 1 0 -1 0.017 -0.019 2780.dat
1 0 -29.43 -151.51 31.1 -0.019 0 1 0.017 1 0 -1 0.017 -0.019 2780.dat
1 0 50.57 -151.51 29.58 -0.019 0 1 0.017 1 0 -1 0.017 -0.019 2780.dat
1 0 70.57 -151.51 29.2 -0.019 0 1 0.017 1 0 -1 0.017 -0.019 2780.dat
1 0 10 -241 -1.19 0 -1 -0.019 -1 0 0.017 -0.017 0.019 -1 3705.dat
1 14 10 -281 -1.87 0.019 1 0 -0.017 0 1 1 -0.019 0.017 59443.dat
1 14 9.05 -110.15 -48.98 1 0 0.019 0 1 -0.017 -0.019 0.017 1 59443.dat
1 0 66.96 -48.28 -159.1 0 1 0.019 -1 0 -0.017 -0.017 -0.019 1 32278.dat
1 0 54.3 -45.9 -298.91 1 0 -0.019 0 -1 0.017 -0.019 -0.017 -1 2780.dat
1 0 55.44 -46.92 -238.91 1 0 -0.019 0 -1 0.017 -0.019 -0.017 -1 2780.dat
1 0 85.82 -47.26 -219.48 -1 0 -0.019 0 1 0.017 0.019 0.017 -1 15100.dat
1 1 85.82 -67.26 -219.82 0 1 0.019 -1 0 -0.017 -0.017 -0.019 1 6558.dat
1 71 3.54 -45.22 -337.96 1 0 -0.019 0 -1 0.017 -0.019 -0.017 -1 64178.dat
1 0 -44.56 -46.92 -237.01 1 0 -0.019 0 -1 0.017 -0.019 -0.017 -1 2780.dat
1 0 -45.7 -45.9 -297.01 1 0 -0.019 0 -1 0.017 -0.019 -0.017 -1 2780.dat
1 0 -48.36 -43.52 -437.01 1 0 -0.019 0 -1 0.017 -0.019 -0.017 -1 2780.dat
1 0 51.64 -43.52 -438.91 1 0 -0.019 0 -1 0.017 -0.019 -0.017 -1 2780.dat
1 0 43.16 -54.88 -358.89 0 -1 -0.019 -1 0 0.017 -0.017 0.019 -1 2780.dat
1 0 -36.84 -54.88 -357.37 0 -1 -0.019 -1 0 0.017 -0.017 0.019 -1 2780.dat
1 4 24.68 -46.24 -278.34 -0.019 1 0 0.017 0 -1 -1 -0.019 -0.017 32054.dat
1 4 -15.32 -46.24 -277.58 -0.019 1 0 0.017 0 -1 -1 -0.019 -0.017 32054.dat
1 1 -37.22 -44.54 -377.2 1 0.019 0 0 -0.017 -1 -0.019 1 -0.017 6558.dat
1 1 42.78 -44.54 -378.72 -1 -0.019 0 0 0.017 -1 0.019 -1 -0.017 6558.dat
1 0 -53.04 -48.28 -156.82 0 1 0.019 -1 0 -0.017 -0.017 -0.019 1 32278.dat
1 0 -74.18 -47.26 -216.44 1 0 0.019 0 1 -0.017 -0.019 0.017 1 15100.dat
1 1 -74.18 -67.26 -216.78 0 -1 -0.019 -1 0 0.017 -0.017 0.019 -1 6558.dat
1 0 228.86 -49.98 -62.14 0 1 0.019 -1 0 -0.017 -0.017 -0.019 1 32278.dat
1 0 221.52 -52.36 78.05 1 0 -0.019 0 -1 0.017 -0.019 -0.017 -1 2780.dat
1 0 220.38 -51.34 18.05 1 0 -0.019 0 -1 0.017 -0.019 -0.017 -1 2780.dat
1 0 217.72 -48.96 -121.95 1 0 -0.019 0 -1 0.017 -0.019 -0.017 -1 2780.dat
1 0 236.58 -47.94 -182.33 1 0 -0.019 0 -1 0.017 -0.019 -0.017 -1 2780.dat
1 1 226.2 -47.6 -202.14 -1 -0.019 0 0 0.017 -1 0.019 -1 -0.017 6558.dat
1 4 245.44 -46.92 -242.52 0 -1 0.019 1 0 -0.017 0.017 0.019 1 11946.dat
1 0 166.96 -48.28 -161 1 0 -0.019 0 -1 0.017 -0.019 -0.017 -1 64179.dat
1 1 207.34 -68.62 -142.1 0 1 0.019 -1 0 -0.017 -0.017 -0.019 1 6558.dat
1 1 206.58 -67.94 -182.1 0 1 0.019 -1 0 -0.017 -0.017 -0.019 1 6558.dat
1 1 205.82 -67.26 -222.1 0 1 0.019 -1 0 -0.017 -0.017 -0.019 1 6558.dat
1 1 125.82 -67.26 -220.58 0 1 0.019 -1 0 -0.017 -0.017 -0.019 1 6558.dat
1 1 117.72 -48.96 -120.05 -1 0 0.019 0 -1 -0.017 0.019 -0.017 1 43093.dat
1 0 106.2 -47.6 -199.86 0.019 1 0 -0.017 0 1 1 -0.019 0.017 32009.dat
1 4 106.96 -48.28 -159.86 1 0 0.019 0 1 -0.017 -0.019 0.017 1 32054.dat
1 1 76.96 -48.28 -159.29 1 0 0.019 0 1 -0.017 -0.019 0.017 1 43093.dat
1 0 -211.14 -49.98 -53.78 0 -1 0.019 1 0 -0.017 0.017 0.019 1 32278.dat
1 0 -198.48 -52.36 86.03 1 0 -0.019 0 -1 0.017 -0.019 -0.017 -1 2780.dat
1 0 -199.62 -51.34 26.03 1 0 -0.019 0 -1 0.017 -0.019 -0.017 -1 2780.dat
1 0 -202.28 -48.96 -113.97 1 0 -0.019 0 -1 0.017 -0.019 -0.017 -1 2780.dat
1 0 -223.42 -47.94 -173.59 1 0 -0.019 0 -1 0.017 -0.019 -0.017 -1 2780.dat
1 1 -213.8 -47.6 -193.78 1 -0.019 0 0 0.017 1 -0.019 -1 0.017 6558.dat
1 4 -234.56 -46.92 -233.4 0 1 0.019 -1 0 -0.017 -0.017 -0.019 1 11947.dat
1 0 -153.04 -48.28 -154.92 1 0 -0.019 0 -1 0.017 -0.019 -0.017 -1 64179.dat
1 1 -192.66 -68.62 -134.5 0 -1 -0.019 -1 0 0.017 -0.017 0.019 -1 6558.dat
1 1 -193.42 -67.94 -174.5 0 -1 -0.019 -1 0 0.017 -0.017 0.019 -1 6558.dat
1 1 -194.18 -67.26 -214.5 0 -1 -0.019 -1 0 0.017 -0.017 0.019 -1 6558.dat
1 1 -114.18 -67.26 -216.02 0 -1 -0.019 -1 0 0.017 -0.017 0.019 -1 6558.dat
1 1 -102.28 -48.96 -115.87 1 0 -0.019 0 -1 0.017 -0.019 -0.017 -1 43093.dat
1 0 -93.8 -47.6 -196.06 0.019 1 0 -0.017 0 1 1 -0.019 0.017 32009.dat
1 4 -93.04 -48.28 -156.06 -1 0 -0.019 0 1 0.017 0.019 0.017 -1 32054.dat
1 1 -63.04 -48.28 -156.63 -1 0 -0.019 0 1 0.017 0.019 0.017 -1 43093.dat
1 0 -191.52 -69.64 -74.5 1 0 0.019 0 1 -0.017 -0.019 0.017 1 32278.dat
1 0 -188.86 -82.02 65.33 0 -0.536154 -0.844488 -1 -0.014178 0.009384 -0.017 0.844488 -0.536154 2780.dat
1 0 -189.24 -81.68 45.33 0 -1 -0.019 -1 0 0.017 -0.017 0.019 -1 2780.dat
1 0 208.48 -69.64 -82.1 1 0 0.019 0 1 -0.017 -0.019 0.017 1 32278.dat
1 0 211.14 -82.02 57.73 0 -1 -0.019 -1 0 0.017 -0.017 0.019 -1 2780.dat
1 0 210.76 -81.68 37.73 0 -1 -0.019 -1 0 0.017 -0.017 0.019 -1 2780.dat
1 15 -189.24 -91.68 45.16 -0.019 0 1 0.017 1 0 -1 0.017 -0.019 32526.dat
1 0 -169.24 -101.68 44.61 0 1 -0.019 1 0 0.017 0.017 -0.019 -1 6628.dat
1 0 -109.24 -111.68 43.3 0 -0.019 -1 1 0.017 0 0.017 -1 0.019 15100.dat
1 15 210.76 -91.68 37.56 -0.019 0 -1 0.017 -1 0 -1 -0.017 0.019 32526.dat
1 0 190.76 -101.68 37.77 0 -1 0.019 1 0 -0.017 0.017 0.019 1 6628.dat
1 0 130.76 -111.68 38.74 0 -0.019 -1 1 0.017 0 0.017 -1 0.019 15100.dat
1 15 -191.52 -89.64 -74.84 -1 0 0.019 0 -1 -0.017 0.019 -0.017 1 32525.dat
1 15 208.48 -89.64 -82.44 -1 0 0.019 0 -1 -0.017 0.019 -0.017 1 32525.dat
1 15 5.82 -67.26 -218.3 0.019 0 1 -0.017 -1 0 1 -0.017 -0.019 41239.dat
1 71 -134.18 -87.26 -215.98 0.019 0 1 -0.017 -1 0 1 -0.017 -0.019 32524.dat
1 71 145.82 -87.26 -221.3 0.019 0 1 -0.017 -1 0 1 -0.017 -0.019 32524.dat
1 15 -29.62 -151.34 21.1 0 -0.019 -1 1 0.017 0 0.017 -1 0.019 32526.dat
1 15 50.38 -151.34 19.58 0 0.019 1 1 -0.017 0 0.017 1 -0.019 32526.dat
1 4 -109.62 -111.34 23.3 0.019 1 0 -0.017 0 1 1 -0.019 0.017 32054.dat
1 4 130.38 -111.34 18.74 0.019 1 0 -0.017 0 1 1 -0.019 0.017 32054.dat
1 14 6.96 -108.28 -158.98 0.019 1 0 -0.017 0 1 1 -0.019 0.017 23948.dat
1 14 4.87 -106.41 -268.98 0 1 -0.019 1 0 0.017 0.017 -0.019 -1 59443.dat
1 321 -253.1917 -113.7211 166.1444 -0.844488 0 0.536154 0.009384 1 0.014178 -0.536154 0.017 -0.844488 64394.dat
1 15 -253.1917 -93.7211 166.4844 0.844488 0 0.536154 -0.009384 -1 0.014178 0.536154 -0.017 -0.844488 32271.dat
1 0 -168.9173 -102 63.4347 0 -0.844488 -0.536154 1 0.009384 -0.014178 0.017 -0.536154 0.844488 2780.dat
1 0 -210.3043 -102.587 98.7645 0 -0.844488 -0.536154 1 0.009384 -0.014178 0.017 -0.536154 0.844488 2780.dat
1 0 -231.7475 -103.1541 132.5399 0 -0.844488 -0.536154 1 0.009384 -0.014178 0.017 -0.536154 0.844488 2780.dat
1 1 -148.9737 -101.98 61.8803 0 -0.996879 0.077962 1 -0.001003 -0.016966 0.017 0.077962 0.996879 43093.dat
1 4 -157.3902 -112.3294 82.4306 0.996879 0 0.077962 0.001003 1 -0.016966 -0.077962 0.017 0.996879 41678.dat
1 70 -169.3568 -112.3414 83.3633 -0.996879 0 -0.077962 -0.001003 1 0.016966 0.077962 0.017 -0.996879 24316.dat
1 71 -187.3047 -112.3594 84.7627 -0.996879 0.077962 0 -0.001003 -0.016966 1 0.077962 0.996879 0.017 6536.dat
1 0 -185.7503 -122.6988 104.5363 0 -0.077962 -0.996879 1 0.016966 -0.001003 0.017 -0.996879 0.077962 6628.dat
1 0 -127.6206 -124.0445 187.9749 -0.814246 -0.068862 -0.577561 -0.009622 0.994666 -0.105077 0.581675 -0.079846 -0.810345 2739.dat
1 321 279.2743 -113.7211 156.0276 -0.823512 0 -0.567846 -0.009384 1 0.014178 0.567846 0.017 -0.823512 64680.dat
1 15 279.2743 -93.7211 156.3676 -0.823512 0 -0.567846 -0.009384 1 0.014178 0.567846 0.017 -0.823512 32271.dat
1 0 191.1526 -102 56.5933 0 0.823512 0.567846 -1 0.009384 -0.014178 -0.017 -0.567846 0.823512 2780.dat
1 0 233.8517 -102.587 90.3255 0 0.823512 0.567846 -1 0.009384 -0.014178 -0.017 -0.567846 0.823512 2780.dat
1 0 256.5625 -103.1541 123.2621 0 0.823512 0.567846 -1 0.009384 -0.014178 -0.017 -0.567846 0.823512 2780.dat
1 1 171.1643 -101.98 55.7977 0 0.999121 0.040038 1 -0.001003 0.016966 0.017 0.040038 -0.999121 43093.dat
1 4 180.3618 -112.3294 76.0134 0.999121 0 -0.040038 -0.001003 1 -0.016966 0.040038 0.017 0.999121 41678.dat
1 70 192.3552 -112.3414 76.4907 0.999121 0 -0.040038 -0.001003 1 -0.016966 0.040038 0.017 0.999121 24316.dat
1 71 210.3433 -112.3594 77.2073 -0.999121 -0.040038 0 0.001003 -0.016966 1 -0.040038 0.999121 0.017 6536.dat
1 0 209.5477 -122.6988 97.0257 0 0.040038 -0.999121 1 0.016966 0.001003 0.017 -0.999121 -0.040038 6628.dat
