0 Main
0 Name: 6901 - Mobile Lab.mpd
0 Author: LTRON
1 7 0 0 0 0 0 1 0 1 0 -1 0 0 3028.dat
1 7 0 -8 110 -1 0 0 0 1 0 0 0 -1 3023.dat
1 36 -30 -8 110 -1 0 0 0 1 0 0 0 -1 3024.dat
1 36 30 -8 110 -1 0 0 0 1 0 0 0 -1 3024.dat
1 7 -50 -8 100 0 0 -1 0 1 0 1 0 0 3069.dat
1 7 -50 -8 60 0 0 -1 0 1 0 1 0 0 3069.dat
1 7 -50 -8 20 0 0 -1 0 1 0 1 0 0 3069.dat
1 7 -50 -8 -10 0 0 1 0 1 0 -1 0 0 4085.dat
1 7 -50 -8 -60 0 0 1 0 1 0 -1 0 0 3710.dat
1 36 -50 -8 -110 0 0 1 0 1 0 -1 0 0 3024.dat
1 34 -30 -8 -110 0 0 1 0 1 0 -1 0 0 3024.dat
1 7 50 -8 100 0 0 -1 0 1 0 1 0 0 3069.dat
1 7 50 -8 60 0 0 -1 0 1 0 1 0 0 3069.dat
1 7 50 -8 20 0 0 -1 0 1 0 1 0 0 3069.dat
1 7 50 -8 -10 0 0 -1 0 1 0 1 0 0 4085.dat
1 7 50 -8 -60 0 0 1 0 1 0 -1 0 0 3710.dat
1 36 50 -8 -110 0 0 1 0 1 0 -1 0 0 3024.dat
1 34 30 -8 -110 0 0 1 0 1 0 -1 0 0 3024.dat
1 7 0 -24 -100 -1 0 0 0 1 0 0 0 -1 792.dat
1 7 0 -14 -120 0 -1 0 -1 0 0 0 0 -1 795.dat
1 7 0 -11.912 -141.82 0 -1 0 0.985 0 -0.174 0.174 0 0.985 3612.dat
1 7 0 -5.7106 -164.9194 0 -1 0 0.939949 0 -0.34278 0.34278 0 0.939949 3612.dat
1 7 0 4.417 -186.5932 0 -1 0 0.866206 0 -0.501189 0.501189 0 0.866206 3612.dat
1 7 0 15.1353 -208.0432 0 -1 0 0.921288 0 -0.392004 0.392004 0 0.921288 3612.dat
1 7 0 22.1404 -230.8893 0 -1 0 0.982556 0 -0.191752 0.191752 0 0.982556 3612.dat
1 7 0 24.4414 -242.68 0 -1 0 0.999484 0 0.051779 -0.051779 0 0.999484 3613.dat
1 7 20.488 39.1309 -290.7372 0.828 0.458 -0.324 -0.229978 0.804022 0.550005 0.512997 -0.381387 0.770233 3022.dat
1 7 27.392 40.063 -301.4906 0.828 0.458 -0.324 -0.229978 0.804022 0.550005 0.512997 -0.381387 0.770233 3839.dat
1 7 20.912 51.0631 -286.086 -0.828 0.458 0.324 0.229978 0.804022 -0.550005 -0.512997 -0.381387 -0.770233 3839.dat
1 7 9.496 19.8344 -281.5839 -0.828 0.324 -0.458 0.229978 -0.550005 -0.804022 -0.512997 -0.770233 0.381387 3959.dat
1 7 4 10.1861 -277.0073 -0.828 0.458 0.324 0.229978 0.804022 -0.550005 -0.512997 -0.381387 -0.770233 3614.dat
1 7 0 -24 -100 -1 0 0 0 1 0 0 0 -1 793.dat
1 7 0 -16 110 1 0 0 0 1 0 0 0 1 3710.dat
1 7 0 -8 -30 1 0 0 0 1 0 0 0 1 3829.dat
1 7 0 -24 -70 1 0 0 0 1 0 0 0 1 3004.dat
1 7 -50 -16 -40 0 0 1 0 1 0 -1 0 0 3710.dat
1 7 -40 -16 -100 1 0 0 0 1 0 0 0 1 3022.dat
1 7 50 -16 -40 0 0 1 0 1 0 -1 0 0 3710.dat
1 7 40 -16 -100 1 0 0 0 1 0 0 0 1 3022.dat
1 7 -60 -40 0 0 0 1 0 1 0 -1 0 0 3830.dat
1 7 -106.96 -16 38.66 0.866 0 0.5 0 1 0 -0.5 0 0.866 3666.dat
1 7 -60 -40 0 0.866 0 0.5 0 1 0 -0.5 0 0.866 3831.dat
1 7 -124.28 -40 48.66 0.866 0 0.5 0 1 0 -0.5 0 0.866 3010.dat
1 7 -72.32 -64 18.66 0.866 0 0.5 0 1 0 -0.5 0 0.866 3004.dat
1 34 -106.96 -64 38.66 0.866 0 0.5 0 1 0 -0.5 0 0.866 3065.dat
1 7 -141.6 -64 58.66 0.866 0 0.5 0 1 0 -0.5 0 0.866 3004.dat
1 7 -60 -88 0 0.866 0 0.5 0 1 0 -0.5 0 0.866 3831.dat
1 34 -106.96 -88 38.66 0.866 0 0.5 0 1 0 -0.5 0 0.866 3065.dat
1 7 -141.6 -88 58.66 0.866 0 0.5 0 1 0 -0.5 0 0.866 3004.dat
1 7 -63.66 -96 13.66 0.866 0 0.5 0 1 0 -0.5 0 0.866 3070.dat
1 7 -89.64 -96 28.66 0.866 0 0.5 0 1 0 -0.5 0 0.866 3069.dat
1 7 -124.28 -96 48.66 0.866 0 0.5 0 1 0 -0.5 0 0.866 3069.dat
1 7 -150.26 -96 63.66 0.866 0 0.5 0 1 0 -0.5 0 0.866 3070.dat
1 7 -50 -40 -50 0 0 1 0 1 0 -1 0 0 4070.dat
1 7 50 -40 -50 0 0 -1 0 1 0 1 0 0 4070.dat
1 7 0 -32 -90 0 0 1 0 1 0 -1 0 0 3021.dat
1 7 60 -40 0 0 0 -1 0 1 0 1 0 0 3831.dat
1 7 50 -16 60 0 0 1 0 1 0 -1 0 0 3666.dat
1 7 60 -40 0 0 0 -1 0 1 0 1 0 0 3830.dat
1 7 50 -40 80 0 0 1 0 1 0 -1 0 0 3010.dat
1 7 50 -64 20 0 0 1 0 1 0 -1 0 0 3004.dat
1 34 50 -64 60 0 0 1 0 1 0 -1 0 0 3065.dat
1 7 50 -64 100 0 0 1 0 1 0 -1 0 0 3004.dat
1 7 60 -88 0 0 0 -1 0 1 0 1 0 0 3830.dat
1 34 50 -88 60 0 0 1 0 1 0 -1 0 0 3065.dat
1 7 50 -88 100 0 0 -1 0 1 0 1 0 0 3004.dat
1 7 50 -96 10 0 0 1 0 1 0 -1 0 0 3070.dat
1 7 50 -96 40 0 0 1 0 1 0 -1 0 0 3069.dat
1 7 50 -96 80 0 0 1 0 1 0 -1 0 0 3069.dat
1 7 50 -96 110 0 0 1 0 1 0 -1 0 0 3070.dat
1 7 0 -40 110 1 0 0 0 1 0 0 0 1 3010.dat
1 7 -40 -40 -70 1 0 0 0 1 0 0 0 1 3298.dat
1 7 40 -40 -70 1 0 0 0 1 0 0 0 1 3298.dat
1 7 0 -40 -70 1 0 0 0 1 0 0 0 1 3023.dat
1 7 0 -40 -90 1 0 0 0 1 0 0 0 1 3069.dat
1 7 0 -40 -110 1 0 0 0 1 0 0 0 1 3794.dat
1 34 0 -64 110 1 0 0 0 1 0 0 0 1 3066.dat
1 36 -64 -30 -50 0 1 0 -1 0 0 0 0 1 3024.dat
1 36 64 -30 -50 0 -1 0 1 0 0 0 0 1 3024.dat
1 34 0 -64 -30 1 0 0 0 1 0 0 0 1 3939.dat
1 7 -50 -64 -10 1 0 0 0 1 0 0 0 1 3005.dat
1 7 50 -64 -10 1 0 0 0 1 0 0 0 1 3005.dat
1 34 0 -88 110 1 0 0 0 1 0 0 0 1 3066.dat
1 7 -60 -88 0 0 0 1 0 1 0 -1 0 0 3830.dat
1 7 60 -88 0 0 0 -1 0 1 0 1 0 0 3831.dat
1 7 0 -96 110 -1 0 0 0 1 0 0 0 -1 3710.dat
1 7 -50 -96 -20 0 0 1 0 1 0 -1 0 0 3023.dat
1 7 50 -96 -20 0 0 1 0 1 0 -1 0 0 3023.dat
1 7 0 -104 40 0 0 -1 0 1 0 1 0 0 3036.dat
1 7 0 -112 30 1 0 0 0 1 0 0 0 1 3023.dat
1 7 -30 -112 90 1 0 0 0 1 0 0 0 1 3957.dat
1 7 0 -120 30 1 0 0 0 1 0 0 0 1 3794.dat
1 36 -50 -128 -30 1 0 0 0 1 0 0 0 1 3062.dat
1 36 50 -128 -30 1 0 0 0 1 0 0 0 1 3062.dat
1 7 0 -144 30 1 0 0 0 1 0 0 0 1 3062.dat
1 7 0 -156 30 0.866 0 0.5 0 1 0 -0.5 0 0.866 3959.dat
1 34 -20 -156 -4.64 0.866 -0.5 0 0 0 1 -0.5 -0.866 0 3062.dat
1 7 -12 -156 9.216 0.866 -0.5 0 0 0 1 -0.5 -0.866 0 3960.dat
1 7 0 -56 -110 1 0 0 0 1 0 0 0 1 3959.dat
1 34 0 -56 -134 1 0 0 0 0 1 0 -1 0 3062.dat
1 7 -40 8 60 0 0 -1 0 1 0 1 0 0 3940.dat
1 7 40 8 60 0 0 -1 0 1 0 1 0 0 3940.dat
1 7 -40 8 0 0 0 -1 0 1 0 1 0 0 3940.dat
1 7 40 8 0 0 0 -1 0 1 0 1 0 0 3940.dat
1 7 -40 8 -60 0 0 -1 0 1 0 1 0 0 3940.dat
1 7 40 8 -60 0 0 -1 0 1 0 1 0 0 3940.dat
1 7 -40 56 0 0 0 1 0 1 0 -1 0 0 3034.dat
1 7 40 56 0 0 0 1 0 1 0 -1 0 0 3034.dat
1 7 0 64 30 -1 0 0 0 1 0 0 0 -1 3666.dat
1 7 0 64 -30 -1 0 0 0 1 0 0 0 -1 3666.dat
1 7 -40 64 60 -1 0 0 0 1 0 0 0 -1 122.dat
1 256 -70 70 60 0 0 -1 0 1 0 1 0 0 3641.dat
1 256 -10 70 60 0 0 -1 0 1 0 1 0 0 3641.dat
1 7 -40 64 0 -1 0 0 0 1 0 0 0 -1 122.dat
1 256 -70 70 0 0 0 -1 0 1 0 1 0 0 3641.dat
1 256 -10 70 0 0 0 -1 0 1 0 1 0 0 3641.dat
1 7 -40 64 -60 -1 0 0 0 1 0 0 0 -1 122.dat
1 256 -70 70 -60 0 0 -1 0 1 0 1 0 0 3641.dat
1 256 -10 70 -60 0 0 -1 0 1 0 1 0 0 3641.dat
1 7 40 64 60 -1 0 0 0 1 0 0 0 -1 122.dat
1 256 10 70 60 0 0 -1 0 1 0 1 0 0 3641.dat
1 256 70 70 60 0 0 -1 0 1 0 1 0 0 3641.dat
1 7 40 64 0 -1 0 0 0 1 0 0 0 -1 122.dat
1 256 10 70 0 0 0 -1 0 1 0 1 0 0 3641.dat
1 256 70 70 0 0 0 -1 0 1 0 1 0 0 3641.dat
1 7 40 64 -60 -1 0 0 0 1 0 0 0 -1 122.dat
1 256 10 70 -60 0 0 -1 0 1 0 1 0 0 3641.dat
1 256 70 70 -60 0 0 -1 0 1 0 1 0 0 3641.dat
1 0 -70 -4 -10 0.259 0 -0.966 0 1 0 0.966 0 0.259 3962.dat
1 15 -220 48.066 101.254 1 0 0 0 0.995 0.105 0 -0.105 0.995 3815.dat
1 15 -220 60 100 1 0 0 0 1 0 0 0 1 3816.dat
1 15 -220 60 100 1 0 0 0 0.707 -0.707 0 0.707 0.707 3817.dat
1 7 -227.923 20.516 64.215 0.961 0.071 -0.266 -0.25 -0.183 -0.951 -0.116 0.981 -0.158 4089.dat
