0 
0 Name: New Model.ldr
0 Author: 
1 72 21.34 -380 15 0.5 0 0.866 0 1 0 -0.866 0 0.5 2540.dat
1 72 38.66 -380 25 -0.5 0 -0.866 0 1 0 0.866 0 -0.5 2540.dat
1 14 30 -388 20 -0.5 0 -0.866 0 1 0 0.866 0 -0.5 3022.dat
1 0 65.98 -378 17.68 0 -0.5 -0.866 -1 0 0 0 0.866 -0.5 85861.dat
1 0 14.02 -378 -12.32 0 -0.5 -0.866 -1 0 0 0 0.866 -0.5 85861.dat
1 0 45.98 -378 52.32 0 0.5 0.866 -1 0 0 0 -0.866 0.5 85861.dat
1 0 -5.98 -378 22.32 0 0.5 0.866 -1 0 0 0 -0.866 0.5 85861.dat
1 72 61.176 -378 38 0 0.866 -0.5 -1 0 0 0 0.5 0.866 15712.dat
1 72 -1.176 -378 2 0 -0.866 0.5 -1 0 0 0 -0.5 -0.866 15712.dat
1 47 17.68 -396 1.34 -0.866 0 0.5 0 1 0 -0.5 0 -0.866 3023.dat
1 47 7.68 -396 18.66 -0.866 0 0.5 0 1 0 -0.5 0 -0.866 3023.dat
1 15 47.32 -412 30 -0.866 0 0.5 0 1 0 -0.5 0 -0.866 30165.dat
1 14 12.68 -404 10 -0.866 0 0.5 0 1 0 -0.5 0 -0.866 3068.dat
