0 Main
0 Name: 6841-1 - Mineral Detector.mpd
0 Author: LTRON
1 7 0 0 0 0 0 1 0 1 0 -1 0 0 3034.dat
1 7 0 8 60 -1 0 0 0 1 0 0 0 -1 122.dat
1 256 30 14 60 0 0 -1 0 1 0 1 0 0 3641.dat
1 256 -30 14 60 0 0 -1 0 1 0 1 0 0 3641.dat
1 7 0 8 20 -1 0 0 0 1 0 0 0 -1 122.dat
1 256 30 14 20 0 0 -1 0 1 0 1 0 0 3641.dat
1 256 -30 14 20 0 0 -1 0 1 0 1 0 0 3641.dat
1 7 0 8 -60 -1 0 0 0 1 0 0 0 -1 122.dat
1 256 30 14 -60 0 0 -1 0 1 0 1 0 0 3641.dat
1 256 -30 14 -60 0 0 -1 0 1 0 1 0 0 3641.dat
1 7 0 -16 60 1 0 0 0 1 0 0 0 1 3788.dat
1 7 0 -16 20 1 0 0 0 1 0 0 0 1 3788.dat
1 7 0 -8 -20 1 0 0 0 1 0 0 0 1 3020.dat
1 7 0 -16 -60 1 0 0 0 1 0 0 0 1 3788.dat
1 36 30 -24 70 1 0 0 0 1 0 0 0 1 3024.dat
1 36 -30 -24 70 1 0 0 0 1 0 0 0 1 3024.dat
1 7 30 -24 10 0 0 -1 0 1 0 1 0 0 4085.dat
1 7 0 -16 -20 0 0 1 0 1 0 -1 0 0 3020.dat
1 36 -10 -16 -70 1 0 0 0 1 0 0 0 1 3024.dat
1 36 10 -16 -70 1 0 0 0 1 0 0 0 1 3024.dat
1 7 30 -40 50 1 0 0 0 1 0 0 0 1 3040.dat
1 7 -30 -40 50 1 0 0 0 1 0 0 0 1 3040.dat
1 7 0 -24 -30 1 0 0 0 1 0 0 0 1 3829.dat
1 7 0 -40 -70 -1 0 0 0 1 0 0 0 -1 3039.dat
1 7 -40 -40 -80 0 0 1 0 1 0 -1 0 0 3831.dat
1 7 -40 -40 -80 -0.5 0 0.866025 0 1 0 -0.866025 0 -0.5 3830.dat
1 7 -61.3397 -16 -136.9615 -0.5 0 0.866025 0 1 0 -0.866025 0 -0.5 3666.dat
1 34 -86.3398 -24 -180.2628 -0.5 0 0.866025 0 1 0 -0.866025 0 -0.5 3024.dat
1 7 -86.3398 -8 -180.2628 -0.5 0 0.866025 0 1 0 -0.866025 0 -0.5 3960.dat
1 7 30 -48 70 -1 0 0 0 1 0 0 0 -1 3963.dat
1 7 -30 -48 70 -1 0 0 0 1 0 0 0 -1 3963.dat
1 7 40 -40 -80 0 0 -1 0 1 0 1 0 0 3830.dat
1 7 40 -40 -80 -0.5 0 -0.866025 0 1 0 0.866025 0 -0.5 3831.dat
1 7 61.3397 -16 -136.9615 0.5 0 0.866025 0 1 0 -0.866025 0 0.5 3666.dat
1 34 86.3398 -24 -180.2628 0.5 0 0.866025 0 1 0 -0.866025 0 0.5 3024.dat
1 7 86.3398 -8 -180.2628 0.5 0 0.866025 0 1 0 -0.866025 0 0.5 3960.dat
1 7 -30 -56 70 1 0 0 0 1 0 0 0 1 3957.dat
1 7 0 -96 50 1 0 0 0 1 0 0 0 1 4083.dat
1 0 50 -20 10 0 0 1 0 1 0 -1 0 0 3962.dat
