0 Main
0 Name: 8810-1 - Cafe Racer.mpd
0 Author: LTRON
1 7 0 0 0 0 0 -1 -0.052 0.999 0 0.999 0.052 0 3021.dat
1 0 0 -7.992 -0.416 -1 0 0 0 0.999 0.052 0 0.052 -0.999 3023.dat
1 15 0 -25.016 18.732 -1 0 0 0 0.999 0.052 0 0.052 -0.999 3747.dat
1 0 0 -35.608 68.266 0 0 1 0.052 0.999 0 -0.999 0.052 0 3795.dat
1 0 0 -31.968 -1.664 1 0 0 0 0.999 -0.052 0 0.052 0.999 3747.dat
1 15 0 -56.464 7.078 1 0 0 0 0.999 -0.052 0 0.052 0.999 2904.dat
1 15 -10 -59.584 67.018 0 0 -1 -0.052 0.999 0 0.999 0.052 0 3701.dat
1 15 10 -59.584 67.018 0 0 -1 -0.052 0.999 0 0.999 0.052 0 3701.dat
1 15 0 -62.184 116.968 -1 0 0 0 0.999 0.052 0 0.052 -0.999 3700.dat
1 7 20 -46.474 7.598 -1 0 0 0 0.999 0.052 0 0.052 -0.999 3673.dat
1 7 20 -49.594 67.538 -1 0 0 0 0.999 0.052 0 0.052 -0.999 3673.dat
1 7 -20 -49.594 67.538 -1 0 0 0 0.999 0.052 0 0.052 -0.999 3673.dat
1 7 -20 -46.474 7.598 -1 0 0 0 0.999 0.052 0 0.052 -0.999 3673.dat
1 0 0 -66.536 46.622 0 0 1 0.052 0.999 0 -0.999 0.052 0 3034.dat
1 0 0 7.472 10.406 0 0 1 0.052 0.999 0 -0.999 0.052 0 3022.dat
1 16 30 -49.594 67.538 0 0 1 0.386594 0.922483 0 -0.922483 0.386594 0 4255.dat
1 0 30 51.8791 110.0633 0 0 1 0.386594 0.922483 0 -0.922483 0.386594 0 4254.dat
1 16 -30 -49.594 67.538 0 0 1 0.386594 0.922483 0 -0.922483 0.386594 0 4255.dat
1 0 -30 51.8791 110.0633 0 0 1 0.386594 0.922483 0 -0.922483 0.386594 0 4254.dat
1 7 0 15.984 0.832 0 0 -1 -0.052 0.999 0 0.999 0.052 0 3021.dat
1 0 0 23.456 11.238 -1 0 0 0 0.999 0.052 0 0.052 -0.999 2817.dat
1 0 0 51.8894 110.0779 -1 0 0 0 0.999 0.052 0 0.052 -0.999 3706.dat
1 7 10 51.8894 110.0779 0 0 -1 -0.052 0.999 0 0.999 0.052 0 3713.dat
1 0 0 33.446 11.758 -1 0 0 0 0.999 0.052 0 0.052 -0.999 3706.dat
1 15 -30 -5.994 -0.312 0 0 1 0.999 -0.052 0 0.052 0.999 0 3894.dat
1 15 30 -5.994 -0.312 0 0 1 0.999 -0.052 0 0.052 0.999 0 3894.dat
1 15 -8 51.8894 110.0779 0 0 -1 0.999 0.052 0 0.052 -0.999 0 2695.dat
1 256 -8 51.8894 110.0779 0 0 -1 0.999 0.052 0 0.052 -0.999 0 2696.dat
1 0 30 85.3214 -22.3054 0 0 -1 -0.788357 0.616084 0 0.616084 0.788357 0 4276.dat
1 0 30 34.382 -6.224 0 0 1 0.999 -0.052 0 0.052 0.999 0 4275.dat
1 0 -30 85.3214 -22.3054 0 0 -1 -0.788357 0.616084 0 0.616084 0.788357 0 4276.dat
1 0 -30 34.382 -6.224 0 0 1 0.999 -0.052 0 0.052 0.999 0 4275.dat
1 0 48 42.6672 60.9179 0 -1 0 0.184221 0 -0.983248 0.983248 0 0.184221 4262.dat
1 0 -48 42.6672 60.9179 0 1 0 0.184221 0 0.983248 0.983248 0 -0.184221 4262.dat
1 0 0 82.3706 -9.8395 -1 0 0 0 0.616084 0.788357 0 0.788357 -0.616084 3710.dat
1 7 53 51.8894 110.0779 0 0 1 0.999 -0.052 0 0.052 0.999 0 4265.dat
1 7 53 33.446 11.758 0 0 1 0.999 -0.052 0 0.052 0.999 0 4265.dat
1 7 -53 33.446 11.758 0 0 -1 0.999 0.052 0 0.052 -0.999 0 4265.dat
1 7 -53 51.8894 110.0779 0 0 -1 0.999 0.052 0 0.052 -0.999 0 4265.dat
1 0 0 -53.1065 -71.4163 0 0 -1 0.975973 -0.217656 0 -0.217656 -0.975973 0 3705.dat
1 7 0 -85.3258 -64.2292 -1 0 0 0 -0.217656 -0.975973 0 -0.975973 0.217656 4265.dat
1 15 0 -40.1129 -105.0624 -1 0 0 0 0.975973 -0.217656 0 -0.217656 -0.975973 3176.dat
1 15 0 -50.0973 -113.0809 -1 0 0 0 0.975973 -0.217656 0 -0.217656 -0.975973 3023.dat
1 0 0 -45.7442 -93.5614 -1 0 0 0 0.975973 -0.217656 0 -0.217656 -0.975973 4263.dat
1 0 0 -69.1675 -88.3377 -1 0 0 0 0.975973 -0.217656 0 -0.217656 -0.975973 3700.dat
1 15 0 -73.5206 -107.8571 -1 0 0 0 0.975973 -0.217656 0 -0.217656 -0.975973 3700.dat
1 0 0 -76.9753 -86.5964 -1 0 0 0 0.975973 -0.217656 0 -0.217656 -0.975973 4263.dat
1 0 0 -81.3284 -106.1159 1 0 0 0 0.975973 0.217656 0 -0.217656 0.975973 2436.dat
1 15 0 -66.5974 -131.9404 1 0 0 0 0.217656 -0.975973 0 0.975973 0.217656 4150.dat
1 46 30 -76.3571 -129.7639 1 0 0 0 0.217656 -0.975973 0 0.975973 0.217656 6141.dat
1 46 -30 -76.3571 -129.7639 1 0 0 0 0.217656 -0.975973 0 0.975973 0.217656 6141.dat
1 15 0 -86.9597 -94.6149 -1 0 0 0 0.975973 -0.217656 0 -0.217656 -0.975973 3176.dat
1 15 0 -108.2064 -79.6314 1 0 0 0 0.975973 0.217656 0 -0.217656 0.975973 3039.dat
1 15 -10 51.8531 -115.327 0 0 -1 0.217656 0.975973 0 0.975973 -0.217656 0 2695.dat
1 256 -10 51.8531 -115.327 0 0 -1 0.217656 0.975973 0 0.975973 -0.217656 0 2696.dat
1 0 0 51.8531 -115.327 1 0 0 0 0.975973 0.217656 0 -0.217656 0.975973 3705.dat
1 7 10 51.8531 -115.327 0 0 -1 0.217656 0.975973 0 0.975973 -0.217656 0 3713.dat
1 0 30 -35.9844 -95.738 0 -1 0 -0.975973 0 -0.217656 0.217656 0 -0.975973 3707.dat
1 7 30 -28.1767 -97.4792 -1 0 0 0 -0.217656 -0.975973 0 -0.975973 0.217656 3713.dat
1 7 30 32.3337 -110.9739 -1 0 0 0 -0.217656 -0.975973 0 -0.975973 0.217656 3651.dat
1 0 -30 -35.9844 -95.738 0 -1 0 -0.975973 0 -0.217656 0.217656 0 -0.975973 3707.dat
1 7 -30 -28.1767 -97.4792 -1 0 0 0 -0.217656 -0.975973 0 -0.975973 0.217656 3713.dat
1 7 -30 32.3337 -110.9739 -1 0 0 0 -0.217656 -0.975973 0 -0.975973 0.217656 3651.dat
1 7 30 -86.735 -84.4199 1 0 0 0 -0.217656 0.975973 0 -0.975973 -0.217656 3713.dat
1 7 -30 -86.735 -84.4199 1 0 0 0 -0.217656 0.975973 0 -0.975973 -0.217656 3713.dat
1 7 0 -20.8861 -78.6032 -1 0 0 0 0.217656 0.975973 0 0.975973 -0.217656 4265.dat
1 0 0 -76.608 86.166 1 0 0 0 0.999 -0.052 0 0.052 0.999 3022.dat
1 0 0 -78.168 116.136 -1 0 0 0 0.999 0.052 0 0.052 -0.999 2436.dat
1 15 0 -85.832 -44.536 -1 0 0 0 0.999 0.052 0 0.052 -0.999 3298.dat
1 7 44.059 -101.2441 -66.6706 0 0.707 0.707 -0.975973 -0.154398 0.154398 0.217656 -0.690199 0.690199 4273.dat
1 7 -44.142 -101.2465 -66.6817 0 0.707 -0.707 -0.975973 0.154398 0.154398 0.217656 0.690199 0.690199 4273.dat
1 7 -30 -108.2322 -79.6178 0 1 0 0.217656 0 0.975973 0.975973 0 -0.217656 4265.dat
1 7 30 -108.2322 -79.6178 0 1 0 0.217656 0 0.975973 0.975973 0 -0.217656 4265.dat
1 0 51.13 -99.7042 -59.7668 0.707 0 -0.707 0.154398 0.975973 0.154398 0.690199 -0.217656 0.690199 3704.dat
1 0 -51.213 -99.7066 -59.7779 -0.707 0 -0.707 0.154398 0.975973 -0.154398 0.690199 -0.217656 -0.690199 3704.dat
1 0 0 -85.64 105.73 1 0 0 0 0.999 -0.052 0 0.052 0.999 3022.dat
1 36 10 -69.322 138.634 1 0 0 0 0.052 0.999 0 -0.999 0.052 3024.dat
1 36 -10 -69.322 138.634 1 0 0 0 0.052 0.999 0 -0.999 0.052 3024.dat
1 46 30 -69.322 138.634 1 0 0 0 0.052 0.999 0 -0.999 0.052 6141.dat
1 46 -30 -69.322 138.634 1 0 0 0 0.052 0.999 0 -0.999 0.052 6141.dat
