0 Main
0 Name: 8062 - Universal Set with Storage _U9mKzeK.mpd
0 Author: LTRON
1 0 -70 0 0 0 0 1 0 1 0 -1 0 0 3703.dat
1 0 -80 10 -80 -1 0 0 0 1 0 0 0 -1 2780.dat
1 0 -60 10 -120 -1 0 0 0 1 0 0 0 -1 2780.dat
1 0 -60 10 -140 -1 0 0 0 1 0 0 0 -1 2780.dat
1 0 -60 10 0 -1 0 0 0 1 0 0 0 -1 2780.dat
1 0 -70 10 120 -1 0 0 0 1 0 0 0 -1 6558.dat
1 0 -50 0 100 0 0 -1 0 1 0 1 0 0 3895.dat
1 0 -60 10 200 -1 0 0 0 1 0 0 0 -1 2780.dat
1 0 -60 10 180 -1 0 0 0 1 0 0 0 -1 2780.dat
1 0 -70 0 220 0 0 -1 0 1 0 1 0 0 3894.dat
1 0 -50 0 -220 0 0 -1 0 1 0 1 0 0 3895.dat
1 7 -60 10 -240 -1 0 0 0 -0.687 -0.726 0 -0.726 0.687 3749.dat
1 7 -60 10 -220 -1 0 0 0 -1 0 0 0 1 3749.dat
1 7 -60 10 -320 -1 0 0 0 -0.936 -0.351 0 -0.351 0.936 3673.dat
1 0 -40 24 220 1 0 0 0 1 0 0 0 1 3709.dat
1 0 0 24 -110 1 0 0 0 1 0 0 0 1 3460.dat
1 0 0 24 -50 1 0 0 0 1 0 0 0 1 3460.dat
1 0 40 24 220 1 0 0 0 1 0 0 0 1 3709.dat
1 0 0 10 260 1 0 0 0 0.766 -0.643 0 0.643 0.766 3708.dat
1 7 -20 10 260 -1 0 0 0 -0.643 0.766 0 0.766 0.643 6553.dat
1 7 20 10 260 -1 0 0 0 -0.643 0.766 0 0.766 0.643 6553.dat
1 7 -37 10 260 0 0 -1 -0.766 -0.643 0 -0.643 0.766 0 4143.dat
1 7 50 10 260 0 0 -1 -0.766 -0.643 0 -0.643 0.766 0 3713.dat
1 7 -50 10 260 0 0 1 -0.766 0.643 0 -0.643 -0.766 0 3713.dat
1 14 0 -16.95 276.55 -1 0 0 0 0.766 0.643 0 0.643 -0.766 3894.dat
1 0 -40 -28.58 305.96 0 1 0 0.643 0 -0.766 -0.766 0 -0.643 3705.dat
1 7 -40 -22.15 298.3 0 1 0 -0.766 0 -0.643 -0.643 0 0.766 3713.dat
1 7 40 -22.15 298.3 0 -1 0 0.766 0 -0.643 0.643 0 0.766 3713.dat
1 0 40 -28.58 305.96 0 1 0 0.643 0 -0.766 -0.766 0 -0.643 3705.dat
1 14 0 -42.67 307.19 -1 0 0 0 0.766 0.643 0 0.643 -0.766 3894.dat
1 14 -40 -68.088 325.026 0 0 1 0.643 0.766 0 -0.766 0.643 0 3738.dat
1 14 40 -68.088 325.026 0 0 1 0.643 0.766 0 -0.766 0.643 0 3738.dat
1 0 60 10 200 1 0 0 0 1 0 0 0 1 2780.dat
1 0 50 0 100 0 0 1 0 1 0 -1 0 0 3895.dat
1 0 60 10 180 1 0 0 0 1 0 0 0 1 2780.dat
1 0 60 10 0 1 0 0 0 1 0 0 0 1 2780.dat
1 0 70 10 120 1 0 0 0 1 0 0 0 1 6558.dat
1 0 70 0 220 0 0 1 0 1 0 -1 0 0 3894.dat
1 0 70 0 0 0 0 1 0 1 0 -1 0 0 3703.dat
1 0 80 10 -80 1 0 0 0 1 0 0 0 1 2780.dat
1 0 60 10 -120 1 0 0 0 1 0 0 0 1 2780.dat
1 0 60 10 -140 1 0 0 0 1 0 0 0 1 2780.dat
1 0 50 0 -220 0 0 1 0 1 0 -1 0 0 3895.dat
1 7 60 10 -320 -1 0 0 0 0.936 0.351 0 0.351 -0.936 3673.dat
1 7 60 10 -240 1 0 0 0 0.687 -0.726 0 0.726 0.687 3749.dat
1 7 60 10 -220 1 0 0 0 1 0 0 0 1 3749.dat
1 0 100 24 50 1 0 0 0 1 0 0 0 1 4477.dat
1 0 160 0 50 1 0 0 0 1 0 0 0 1 3700.dat
1 0 120 0 50 1 0 0 0 1 0 0 0 1 3700.dat
1 0 -100 24 50 -1 0 0 0 1 0 0 0 -1 4477.dat
1 0 -160 0 50 -1 0 0 0 1 0 0 0 -1 3700.dat
1 0 -120 0 50 -1 0 0 0 1 0 0 0 -1 3700.dat
1 0 160 24 190 1 0 0 0 1 0 0 0 1 3710.dat
1 0 80 24 190 1 0 0 0 1 0 0 0 1 3710.dat
1 0 120 0 190 1 0 0 0 1 0 0 0 1 3700.dat
1 0 160 0 190 1 0 0 0 1 0 0 0 1 3700.dat
1 0 -160 24 190 -1 0 0 0 1 0 0 0 -1 3710.dat
1 0 -80 24 190 -1 0 0 0 1 0 0 0 -1 3710.dat
1 0 -120 0 190 -1 0 0 0 1 0 0 0 -1 3700.dat
1 0 -160 0 190 -1 0 0 0 1 0 0 0 -1 3700.dat
1 0 -20 10 -30 0 0 1 0 1 0 -1 0 0 3708.dat
1 7 -20 10 80 -1 0 0 0 1 0 0 0 -1 3712.dat
1 7 -20 10 110 -1 0 0 0 1 0 0 0 -1 3326.dat
1 7 -20 10 140 0 1 0 -1 0 0 0 0 1 3712.dat
1 0 -20 10 190 0 -1 0 0 0 1 -1 0 0 3706.dat
1 0 0 0 50 1 0 0 0 1 0 0 0 1 3701.dat
1 0 0 0 -50 1 0 0 0 1 0 0 0 1 3894.dat
1 7 -20 10 -78 -1 0 0 0 1 0 0 0 -1 3650.dat
1 0 0 0 230 1 0 0 0 1 0 0 0 1 3894.dat
1 7 -20 10 243 1 0 0 0 -1 0 0 0 -1 4143.dat
1 0 0 0 -110 1 0 0 0 1 0 0 0 1 3701.dat
1 0 190 0 40 0 0 1 0 1 0 -1 0 0 2743.dat
1 0 190 0 200 0 0 -1 0 1 0 1 0 0 2743.dat
1 0 -190 0 200 0 0 -1 0 1 0 1 0 0 2743.dat
1 0 -190 0 40 0 0 1 0 1 0 -1 0 0 2743.dat
1 0 -40 -8 -40 1 0 0 0 1 0 0 0 1 3709.dat
1 0 40 -8 -40 1 0 0 0 1 0 0 0 1 3709.dat
1 0 40 -8 -120 1 0 0 0 1 0 0 0 1 3709.dat
1 0 -40 -8 -120 1 0 0 0 1 0 0 0 1 3709.dat
1 0 -60 -8 50 1 0 0 0 1 0 0 0 1 4262.dat
1 0 60 -8 50 1 0 0 0 1 0 0 0 1 4262.dat
1 0 0 -8 -10 1 0 0 0 1 0 0 0 1 4442.dat
1 0 0 -8 110 1 0 0 0 1 0 0 0 1 4442.dat
1 0 0 -8 170 1 0 0 0 1 0 0 0 1 4442.dat
1 0 0 -8 230 1 0 0 0 1 0 0 0 1 4442.dat
1 0 -120 -8 190 1 0 0 0 1 0 0 0 1 4442.dat
1 0 120 -8 190 1 0 0 0 1 0 0 0 1 4442.dat
1 0 160 -8 50 1 0 0 0 1 0 0 0 1 4263.dat
1 0 -160 -8 50 1 0 0 0 1 0 0 0 1 4263.dat
1 0 -70 -16 -80 0 0 -1 0 1 0 1 0 0 3710.dat
1 0 70 -16 -80 0 0 -1 0 1 0 1 0 0 3710.dat
1 0 30 -16 -80 0 0 -1 0 1 0 1 0 0 3710.dat
1 0 -70 -8 260 0 0 -1 0 1 0 1 0 0 3069.dat
1 0 70 -8 260 0 0 -1 0 1 0 1 0 0 3069.dat
1 0 0 -94.079 368.479 -1 0 0 0 0.766 0.643 0 0.643 -0.766 3666.dat
1 0 0 24 -330 -1 0 0 0 1 0 0 0 -1 3666.dat
1 0 70 32 120 0 0 1 0 1 0 -1 0 0 3023.dat
1 0 70 24 120 0 0 1 0 1 0 -1 0 0 3023.dat
1 0 -70 32 120 0 0 1 0 1 0 -1 0 0 3023.dat
1 0 -70 24 120 0 0 1 0 1 0 -1 0 0 3023.dat
1 0 -50 32 -220 0 0 1 0 1 0 -1 0 0 3023.dat
1 0 -50 24 -220 0 0 1 0 1 0 -1 0 0 3023.dat
1 0 50 32 -220 0 0 1 0 1 0 -1 0 0 3023.dat
1 0 50 24 -220 0 0 1 0 1 0 -1 0 0 3023.dat
1 0 50 40 -220 0 0 1 0 1 0 -1 0 0 3700.dat
1 0 -50 40 -220 0 0 1 0 1 0 -1 0 0 3700.dat
1 0 70 40 120 0 0 1 0 1 0 -1 0 0 3700.dat
1 0 100 50 120 1 0 0 0 0 1 0 -1 0 3706.dat
1 7 -50 50 120 0 0 1 0 1 0 -1 0 0 3713.dat
1 7 50 50 120 0 0 -1 0 1 0 1 0 0 3713.dat
1 0 -70 40 120 0 0 -1 0 1 0 1 0 0 3700.dat
1 0 -100 50 120 -1 0 0 0 0 1 0 1 0 3706.dat
1 0 0 50 -220 -1 0 0 0 0 -1 0 -1 0 3707.dat
1 7 30 50 -220 0 0 -1 1 0 0 0 -1 0 3713.dat
1 7 10 50 -220 0 0 1 -1 0 0 0 -1 0 3713.dat
1 7 -30 50 -220 0 0 1 -1 0 0 0 -1 0 3713.dat
1 15 1 50 -220 0 0 -1 1 0 0 0 -1 0 6580.dat
1 0 1 50 -220 0 0 -1 1 0 0 0 -1 0 6579.dat
1 14 -90 -50 110 0 0 -1 -1 0 0 0 1 0 3895.dat
1 14 90 -50 110 0 0 -1 -1 0 0 0 1 0 3895.dat
1 7 -110 50 120 0 0 -1 0 1 0 1 0 0 3713.dat
1 7 110 50 120 0 0 1 0 -1 0 1 0 0 3713.dat
1 0 -70 10 -220 0 1 0 0 0 1 1 0 0 2825.dat
1 0 70 10 -220 0 -1 0 0 0 1 -1 0 0 2825.dat
1 0 -20 -30 -80 1 0 0 0 1 0 0 0 1 3708.dat
1 7 -50 -30 -80 0 0 1 -1 0 0 0 -1 0 3713.dat
1 0 -20 -30 -80 0 0 1 -1 0 0 0 -1 0 4716.dat
1 7 10 -30 -80 0 0 -1 -1 0 0 0 1 0 3713.dat
1 0 70 -40 -80 0 0 1 0 1 0 -1 0 0 3700.dat
1 0 30 -40 -80 0 0 1 0 1 0 -1 0 0 3700.dat
1 0 -70 -40 -80 0 0 1 0 1 0 -1 0 0 3700.dat
1 15 141 50 120 0 0 -1 0 1 0 1 0 0 6580.dat
1 0 141 50 120 0 0 -1 0 1 0 1 0 0 6579.dat
1 0 -141 50 120 0 0 1 0 -1 0 1 0 0 6579.dat
1 15 -141 50 120 0 0 1 0 -1 0 1 0 0 6580.dat
1 0 68 -17.496 -269.052 0 -1 0 0.687 0 -0.726 0.726 0 0.687 2711.dat
1 0 -68 -17.496 -269.052 0 1 0 0.687 0 0.726 0.726 0 -0.687 2711.dat
1 14 -70 -48 -80 0 0 1 0 1 0 -1 0 0 3023.dat
1 14 -70 -56 -80 0 0 1 0 1 0 -1 0 0 3023.dat
1 14 -70 -80 -80 0 0 1 0 1 0 -1 0 0 3700.dat
1 14 -70 -88 -80 0 0 1 0 1 0 -1 0 0 3023.dat
1 14 50 -48 -70 1 0 0 0 1 0 0 0 1 3623.dat
1 14 50 -48 -90 1 0 0 0 1 0 0 0 1 3623.dat
1 14 70 -56 -80 0 0 1 0 1 0 -1 0 0 3023.dat
1 14 30 -56 -80 0 0 1 0 1 0 -1 0 0 3023.dat
1 0 70 -70 -80 1 0 0 0 1 0 0 0 1 3706.dat
1 7 50 -70 -80 0 0 1 1 0 0 0 1 0 3713.dat
1 14 30 -80 -80 0 0 1 0 1 0 -1 0 0 3700.dat
1 14 70 -80 -80 0 0 1 0 1 0 -1 0 0 3700.dat
1 7 17 -70 -80 0 0 1 0 1 0 -1 0 0 4143.dat
1 14 30 -88 -80 0 0 1 0 1 0 -1 0 0 3023.dat
1 14 70 -88 -80 0 0 1 0 1 0 -1 0 0 3023.dat
1 0 190 24 120 0 0 1 0 1 0 -1 0 0 3666.dat
1 0 190 0 120 0 0 1 0 1 0 -1 0 0 3701.dat
1 0 -190 24 120 0 0 1 0 1 0 -1 0 0 3666.dat
1 0 -190 0 120 0 0 1 0 1 0 -1 0 0 3701.dat
1 0 190 -8 120 0 0 1 0 1 0 -1 0 0 3666.dat
1 0 -190 -8 120 0 0 1 0 1 0 -1 0 0 3666.dat
1 14 0 -96 -80 -1 0 0 0 1 0 0 0 -1 3738.dat
1 0 0 -174 -80 0 0 -1 1 0 0 0 -1 0 3737.dat
1 7 0 -88 -80 0 -1 0 0 0 -1 1 0 0 4143.dat
1 14 -50 -53.978 -302.488 0 0 1 0.439 0.899 0 -0.899 0.439 0 3894.dat
1 14 50 -53.978 -302.488 0 0 1 0.439 0.899 0 -0.899 0.439 0 3894.dat
1 0 70 -62.548 -262.138 1 0 0 0 -0.899 0.439 0 -0.439 -0.899 6558.dat
1 0 -70 -62.548 -262.138 -1 0 0 0 0.899 0.439 0 0.439 -0.899 6558.dat
1 7 60 -27.428 -334.058 -1 0 0 0 0.899 0.439 0 0.439 -0.899 3673.dat
1 7 -60 -27.428 -334.058 -1 0 0 0 0.899 0.439 0 0.439 -0.899 3673.dat
1 14 -70 -71.538 -266.528 0 0 -1 -0.439 0.899 0 0.899 0.439 0 3700.dat
1 14 70 -71.538 -266.528 0 0 -1 -0.439 0.899 0 0.899 0.439 0 3700.dat
1 14 0 -39.22 -350.95 1 0 0 0 0.899 -0.439 0 0.439 0.899 3666.dat
1 14 0 -78.73 -270.04 1 0 0 0 0.899 -0.439 0 0.439 0.899 3738.dat
1 0 0 -44.991 -298.103 1 0 0 0 0.299 -0.954 0 0.954 0.299 3707.dat
1 14 -70 -5.212 -336.389 0 0 1 0.936 -0.351 0 0.351 0.936 0 3701.dat
1 14 70 -5.212 -336.389 0 0 1 0.936 -0.351 0 0.351 0.936 0 3701.dat
1 14 -70 -120 -80 0 0 -1 0 1 0 1 0 0 3700.dat
1 14 -70 -128 -70 0 0 -1 0 1 0 1 0 0 3623.dat
1 14 -70 -136 -80 0 0 -1 0 1 0 1 0 0 3023.dat
1 14 70 -120 -80 0 0 -1 0 1 0 1 0 0 3700.dat
1 14 70 -128 -70 0 0 -1 0 1 0 1 0 0 3623.dat
1 14 70 -136 -80 0 0 -1 0 1 0 1 0 0 3023.dat
1 14 -50 -160 40 0 0 1 0 1 0 -1 0 0 3702.dat
1 0 -60 -150 -20 -1 0 0 0 1 0 0 0 -1 2780.dat
1 0 -60 -150 20 -1 0 0 0 1 0 0 0 -1 2780.dat
1 0 -60 -150 60 -1 0 0 0 1 0 0 0 -1 2780.dat
1 0 -60 -150 100 -1 0 0 0 1 0 0 0 -1 2780.dat
1 14 -70 -160 40 0 0 -1 0 1 0 1 0 0 3701.dat
1 14 -70 -160 -100 0 0 -1 0 1 0 1 0 0 2730.dat
1 0 -80 -150 -180 -1 0 0 0 1 0 0 0 -1 2780.dat
1 0 -80 -150 -80 -1 0 0 0 1 0 0 0 -1 2780.dat
1 0 -80 -150 120 -1 0 0 0 1 0 0 0 -1 2780.dat
1 14 -70 -160 240 0 0 -1 0 1 0 1 0 0 3703.dat
1 14 0 -136 -50 -1 0 0 0 1 0 0 0 -1 3460.dat
1 14 0 -136 40 -1 0 0 0 1 0 0 0 -1 3738.dat
1 14 0 -136 190 -1 0 0 0 1 0 0 0 -1 3460.dat
1 14 -40 -136 310 1 0 0 0 1 0 0 0 1 3710.dat
1 14 40 -136 310 1 0 0 0 1 0 0 0 1 3710.dat
1 7 0 -150 130 1 0 0 0 1 0 0 0 1 3326.dat
1 7 0 -150 160 0 -1 0 1 0 0 0 0 1 3712.dat
1 7 0 -150 100 -1 0 0 0 1 0 0 0 -1 3712.dat
1 0 0 -150 250 0 0 -1 0 1 0 1 0 0 3737.dat
1 0 0 -150 50 0 0 -1 0 1 0 1 0 0 3706.dat
1 14 0 -160 50 1 0 0 0 1 0 0 0 1 3701.dat
1 14 0 -160 190 1 0 0 0 1 0 0 0 1 3701.dat
1 14 0 -160 310 1 0 0 0 1 0 0 0 1 3894.dat
1 0 -40 -150 320 0 0 1 0 1 0 -1 0 0 2780.dat
1 0 40 -150 320 0 0 1 0 1 0 -1 0 0 2780.dat
1 7 0 -150 323 -1 0 0 0 1 0 0 0 -1 4143.dat
1 14 0 -160 -50 1 0 0 0 1 0 0 0 1 3894.dat
1 0 0 -150 -40 0 0 1 0 1 0 -1 0 0 4519.dat
1 7 0 -150 -10 -1 0 0 0 1 0 0 0 -1 6538.dat
1 7 0 -150 -63 1 0 0 0 1 0 0 0 1 4143.dat
1 0 -40 -150 -60 0 0 1 0 1 0 -1 0 0 2780.dat
1 0 40 -150 -60 0 0 1 0 1 0 -1 0 0 2780.dat
1 14 50 -160 40 0 0 1 0 1 0 -1 0 0 3702.dat
1 0 60 -150 -20 -1 0 0 0 1 0 0 0 -1 2780.dat
1 0 60 -150 20 -1 0 0 0 1 0 0 0 -1 2780.dat
1 0 60 -150 60 -1 0 0 0 1 0 0 0 -1 2780.dat
1 0 60 -150 100 -1 0 0 0 1 0 0 0 -1 2780.dat
1 14 70 -160 40 0 0 -1 0 1 0 1 0 0 3701.dat
1 14 70 -160 -100 0 0 -1 0 1 0 1 0 0 2730.dat
1 14 70 -160 240 0 0 -1 0 1 0 1 0 0 3703.dat
1 0 80 -150 -80 -1 0 0 0 1 0 0 0 -1 2780.dat
1 0 80 -150 -180 -1 0 0 0 1 0 0 0 -1 2780.dat
1 0 80 -150 120 -1 0 0 0 1 0 0 0 -1 2780.dat
1 14 -40 -168 310 1 0 0 0 1 0 0 0 1 3710.dat
1 14 40 -168 310 1 0 0 0 1 0 0 0 1 3710.dat
1 14 -40 -168 200 1 0 0 0 1 0 0 0 1 3709.dat
1 14 40 -168 200 1 0 0 0 1 0 0 0 1 3709.dat
1 14 40 -168 40 1 0 0 0 1 0 0 0 1 3709.dat
1 14 -40 -168 40 1 0 0 0 1 0 0 0 1 3709.dat
1 14 -40 -168 -50 1 0 0 0 1 0 0 0 1 3710.dat
1 14 40 -168 -50 1 0 0 0 1 0 0 0 1 3710.dat
1 14 0 -168 -110 -1 0 0 0 1 0 0 0 -1 3460.dat
1 14 0 -168 -170 -1 0 0 0 1 0 0 0 -1 3460.dat
1 0 0 -176 280 0 0 1 0 1 0 -1 0 0 3738.dat
1 0 0 -244 340 0 -1 0 -1 0 0 0 0 -1 3707.dat
1 7 0 -168 340 0 1 0 0 0 -1 -1 0 0 4143.dat
1 0 0 -176 120 0 0 1 0 1 0 -1 0 0 3738.dat
1 14 40 -176 310 -1 0 0 0 1 0 0 0 -1 3023.dat
1 14 -40 -176 310 -1 0 0 0 1 0 0 0 -1 3023.dat
1 14 -40 -176 -50 -1 0 0 0 1 0 0 0 -1 3023.dat
1 14 40 -176 -50 -1 0 0 0 1 0 0 0 -1 3023.dat
1 14 -40 -176 -110 -1 0 0 0 1 0 0 0 -1 3023.dat
1 14 40 -176 -110 -1 0 0 0 1 0 0 0 -1 3023.dat
1 0 0 -200 310 1 0 0 0 1 0 0 0 1 3894.dat
1 0 -40 -190 320 0 0 1 0 1 0 -1 0 0 2780.dat
1 0 40 -190 320 0 0 1 0 1 0 -1 0 0 2780.dat
1 7 0 -168 -80 -1 0 0 0 0 -1 0 -1 0 4143.dat
1 14 -90 -70 -90 0 0 -1 -1 0 0 0 1 0 2730.dat
1 14 90 -70 -90 0 0 -1 -1 0 0 0 1 0 2730.dat
1 14 90 -76 312 0 0 1 0.8 0.6 0 -0.6 0.8 0 3895.dat
1 0 70 -150 380 1 0 0 0 -1 0 0 0 -1 3705.dat
1 0 -70 -150 380 -1 0 0 0 -1 0 0 0 1 3705.dat
1 14 -90 -76 312 0 0 1 0.8 0.6 0 -0.6 0.8 0 3895.dat
1 0 50 -170 330 0 -1 0 1 0 0 0 0 1 3701.dat
1 0 -50 -170 330 0 1 0 1 0 0 0 0 -1 3701.dat
1 0 -20 -208 310 1 0 0 0 1 0 0 0 1 3023.dat
1 0 20 -208 310 1 0 0 0 1 0 0 0 1 3023.dat
1 0 0 -216 310 1 0 0 0 1 0 0 0 1 3710.dat
1 0 0 -176 -40 0 0 1 0 1 0 -1 0 0 3738.dat
1 0 0 -200 -50 -1 0 0 0 1 0 0 0 -1 3894.dat
1 0 -40 -190 -60 0 0 -1 0 1 0 1 0 0 2780.dat
1 0 40 -190 -60 0 0 -1 0 1 0 1 0 0 2780.dat
1 7 130 -50 -80 1 0 0 0 1 0 0 0 1 3749.dat
1 7 124 -70 -80 0 0 -1 0 -1 0 -1 0 0 4185.dat
1 7 115 -70 -80 0 0 -1 0 -1 0 -1 0 0 4185.dat
1 7 -130 -10 -80 -1 0 0 0 1 0 0 0 -1 3749.dat
1 7 -124 -30 -80 0 0 1 0 -1 0 1 0 0 4185.dat
1 7 -115 -30 -80 0 0 1 0 -1 0 1 0 0 4185.dat
1 0 50 -170 -70 0 -1 0 1 0 0 0 0 1 3701.dat
1 0 -50 -170 -70 0 1 0 1 0 0 0 0 -1 3701.dat
1 0 -30 -240 340 0 0 1 0 1 0 -1 0 0 3894.dat
1 0 -40 -230 300 -1 0 0 0 0.6 0.8 0 0.8 -0.6 2780.dat
1 0 -40 -230 380 -1 0 0 0 0 -1 0 -1 0 2780.dat
1 0 -50 -190 390 0 0 1 -1 0 0 0 -1 0 3894.dat
1 0 -50 -188 256 0 0 1 0.8 0.6 0 -0.6 0.8 0 3702.dat
1 0 -60 -150 240 -1 0 0 0 0.6 0.8 0 0.8 -0.6 2780.dat
1 0 30 -240 340 0 0 1 0 1 0 -1 0 0 3894.dat
1 0 40 -230 300 -1 0 0 0 0.6 0.8 0 0.8 -0.6 2780.dat
1 0 40 -230 380 -1 0 0 0 0 -1 0 -1 0 2780.dat
1 0 60 -150 240 -1 0 0 0 0.6 0.8 0 0.8 -0.6 2780.dat
1 0 50 -190 390 0 0 1 -1 0 0 0 -1 0 3894.dat
1 0 50 -188 256 0 0 1 0.8 0.6 0 -0.6 0.8 0 3702.dat
1 14 -90 -113.112 -228.366 0 0 -1 -0.729 0.685 0 0.685 0.729 0 3702.dat
1 14 90 -113.112 -228.366 0 0 -1 -0.729 0.685 0 0.685 0.729 0 3702.dat
1 7 0 -230 340 0 -1 0 0 0 1 -1 0 0 3713.dat
1 0 0 -200 -110 -1 0 0 0 1 0 0 0 -1 3701.dat
1 0 0 -208 -80 0 0 1 0 1 0 -1 0 0 3709.dat
1 0 0 -248 340 -1 0 0 0 1 0 0 0 -1 3709.dat
1 7 0 -272 340 1 0 0 0 0 -1 0 1 0 4019.dat
1 7 0 -232 -80 1 0 0 0 0 -1 0 1 0 4019.dat
1 14 0 -150 398 1 0 0 0 0 1 0 -1 0 3795.dat
1 7 0 -293 340 0 0 1 0 1 0 -1 0 0 2712.dat
1 0 170 -285 330 -1 0 0 0 1 0 0 0 -1 4282.dat
1 0 -93.66 -285 197.776 0.5 0 -0.866 0 1 0 0.866 0 0.5 4282.dat
1 0 -76.34 -285 492.224 0.5 0 0.866 0 1 0 -0.866 0 0.5 4282.dat
1 7 0 -253 -80 1 0 0 0 1 0 0 0 1 2712.dat
1 0 10 -245 90 0 0 1 0 1 0 -1 0 0 4282.dat
1 0 142.224 -245 -173.66 -0.866 0 -0.5 0 1 0 0.5 0 -0.866 4282.dat
1 0 -152.224 -245 -156.34 0.866 0 -0.5 0 1 0 0.5 0 0.866 4282.dat
