0 Main
0 Name: 6661-1 - Mobile TV Studio.mpd
0 Author: LTRON
1 0 0 0 0 0 0 -1 0 1 0 1 0 0 3034.dat
1 7 0 -16 60 -1 0 0 0 1 0 0 0 -1 4211.dat
1 7 0 -16 -60 1 0 0 0 1 0 0 0 1 4211.dat
1 46 -30 -16 -90 1 0 0 0 1 0 0 0 1 3024.dat
1 46 30 -16 -90 1 0 0 0 1 0 0 0 1 3024.dat
1 36 30 -16 90 1 0 0 0 1 0 0 0 1 3024.dat
1 36 -30 -16 90 1 0 0 0 1 0 0 0 1 3024.dat
1 7 0 -16 90 1 0 0 0 1 0 0 0 1 3023.dat
1 7 -30 -16 0 0 0 -1 0 1 0 1 0 0 3710.dat
1 7 30 -16 0 0 0 -1 0 1 0 1 0 0 3710.dat
1 0 0 -16 -80 0 0 -1 0 1 0 1 0 0 3022.dat
1 0 0 8 -60 -1 0 0 0 1 0 0 0 -1 4600.dat
1 0 0 8 60 -1 0 0 0 1 0 0 0 -1 4600.dat
1 14 0 -24 -70 1 0 0 0 1 0 0 0 1 3829.dat
1 16 30 -24 0 0 0 -1 0 1 0 1 0 0 3023.dat
1 16 30 -32 0 0 0 -1 0 1 0 1 0 0 3023.dat
1 16 -30 -24 0 0 0 -1 0 1 0 1 0 0 3023.dat
1 16 -30 -32 0 0 0 -1 0 1 0 1 0 0 3023.dat
1 16 0 -24 90 -1 0 0 0 1 0 0 0 -1 3069.dat
1 14 0 -8 -40 1 0 0 0 1 0 0 0 1 4079.dat
1 16 -30 -88 60 0 0 -1 0 1 0 1 0 0 4215.dat
1 16 30 -88 60 0 0 1 0 1 0 -1 0 0 4215.dat
1 16 -30 -80 0 0 0 1 0 1 0 -1 0 0 2377.dat
1 16 30 -80 0 0 0 -1 0 1 0 1 0 0 2377.dat
1 43 30 -80 0 0 0 -1 0 1 0 1 0 0 4862.dat
1 43 -30 -80 0 0 0 1 0 1 0 -1 0 0 4862.dat
1 16 0 -40 -90 1 0 0 0 1 0 0 0 1 3010.dat
1 16 30 -40 -70 1 0 0 0 1 0 0 0 1 3822.dat
1 16 -30 -40 -70 1 0 0 0 1 0 0 0 1 3821.dat
1 16 30 -88 10 1 0 0 0 1 0 0 0 1 3024.dat
1 16 -30 -88 10 1 0 0 0 1 0 0 0 1 3024.dat
1 16 30 -88 -10 1 0 0 0 1 0 0 0 1 3070.dat
1 16 -30 -88 -10 1 0 0 0 1 0 0 0 1 3070.dat
1 43 0 -88 -70 1 0 0 0 1 0 0 0 1 3823.dat
1 16 0 -96 90 -1 0 0 0 1 0 0 0 -1 4315.dat
1 16 0 -56 108 -1 0 0 0 0 -1 0 -1 0 2349.dat
1 43 0 -73 104 1 0 0 0 0 1 0 -1 0 2348.dat
1 16 0 -96 70 -1 0 0 0 1 0 0 0 -1 3710.dat
1 15 0 -88 70 -1 0 0 0 1 0 0 0 -1 3660.dat
1 16 0 -96 10 1 0 0 0 1 0 0 0 1 4315.dat
1 16 0 -96 -40 1 0 0 0 1 0 0 0 1 2349.dat
1 43 0 -92 -57 1 0 0 0 1 0 0 0 1 2348.dat
1 16 0 -96 40 1 0 0 0 1 0 0 0 1 3020.dat
1 16 0 -104 20 1 0 0 0 1 0 0 0 1 3680.dat
1 16 -8.66 -112 15 0.5 0 0.866 0 1 0 -0.866 0 0.5 3069.dat
1 16 8.66 -128 25 0.5 0 0.866 0 1 0 -0.866 0 0.5 3937.dat
1 16 2.5365 -127.071 21.4645 0.5 0.612262 0.612262 0 0.707 -0.707 -0.866 0.3535 0.3535 3938.dat
1 16 -2.3633 -132.727 18.6355 0.5 0.612262 0.612262 0 0.707 -0.707 -0.866 0.3535 0.3535 3794.dat
1 15 -14.6094 -132.728 11.565 -0.5 0.612262 0.612262 0 -0.707 0.707 0.866 0.3535 0.3535 4070.dat
1 15 0.0866 -149.698 20.05 -0.5 0.612262 0.612262 0 -0.707 0.707 0.866 0.3535 0.3535 3960.dat
1 15 9.8845 -161 25.707 -0.5 0.612262 0.612262 0 -0.707 0.707 0.866 0.3535 0.3535 4589.dat
1 7 24.5805 -178 34.192 -0.5 0.612355 0.612355 0 -0.707107 0.707107 0.866 0.353554 0.353554 6141.dat
1 16 30 -104 -70 -1 0 0 0 1 0 0 0 -1 4592.dat
1 14 30 -104 -70 -1 0 0 0 0.924 -0.383 0 -0.383 -0.924 4593.dat
1 7 30 13 -60 0 0 -1 0 1 0 1 0 0 4624.dat
1 0 30 13 -60 0 0 -1 0 1 0 1 0 0 3641.dat
1 7 30 13 60 0 0 -1 0 1 0 1 0 0 4624.dat
1 0 30 13 60 0 0 -1 0 1 0 1 0 0 3641.dat
1 7 -30 13 60 0 0 1 0 1 0 -1 0 0 4624.dat
1 0 -30 13 60 0 0 1 0 1 0 -1 0 0 3641.dat
1 7 -30 13 -60 0 0 1 0 1 0 -1 0 0 4624.dat
1 0 -30 13 -60 0 0 1 0 1 0 -1 0 0 3641.dat
