0 
0 Name: New Model.ldr
0 Author: 
1 0 339.289 50 245.564 -0.707107 0 0.707107 0 1 0 -0.707107 0 -0.707107 3795.dat
1 0 325.1469 58 231.4219 -0.707107 0 -0.707107 0 1 0 0.707107 0 -0.707107 4600.dat
1 15 346.3601 63 210.2086 0.707107 0 -0.707107 0 1 0 0.707107 0 0.707107 4624.dat
1 256 346.3601 63 210.2086 0.707107 0 -0.707107 0 1 0 0.707107 0 0.707107 3641.dat
1 15 303.9337 63 252.6351 -0.707107 0 0.707107 0 1 0 -0.707107 0 -0.707107 4624.dat
1 256 303.9337 63 252.6351 -0.707107 0 0.707107 0 1 0 -0.707107 0 -0.707107 3641.dat
1 0 367.5733 58 273.8483 -0.707107 0 -0.707107 0 1 0 0.707107 0 -0.707107 4600.dat
1 15 388.7865 63 252.6351 0.707107 0 -0.707107 0 1 0 0.707107 0 0.707107 4624.dat
1 256 388.7865 63 252.6351 0.707107 0 -0.707107 0 1 0 0.707107 0 0.707107 3641.dat
1 15 346.3601 63 295.0615 -0.707107 0 0.707107 0 1 0 -0.707107 0 -0.707107 4624.dat
1 256 346.3601 63 295.0615 -0.707107 0 0.707107 0 1 0 -0.707107 0 -0.707107 3641.dat
1 4 367.5733 42 273.8483 -0.707107 0 0.707107 0 1 0 -0.707107 0 -0.707107 3022.dat
1 0 339.289 42 259.7061 -0.707107 0 0.707107 0 1 0 -0.707107 0 -0.707107 4081.dat
1 0 353.4312 42 245.564 0.707107 0 -0.707107 0 1 0 0.707107 0 0.707107 4081.dat
1 15 303.9337 42 210.2086 -0.707107 0 -0.707107 0 1 0 0.707107 0 -0.707107 3069.dat
1 4 346.3601 34 252.6351 -0.707107 0 -0.707107 0 1 0 0.707107 0 -0.707107 2412.dat
1 0 367.5733 34 273.8483 -0.707107 0 -0.707107 0 1 0 0.707107 0 -0.707107 2460.dat
1 42 376.0586 44 239.9072 -0.707107 -0.707107 0 0 0 -1 0.707107 -0.707107 0 6141.dat
1 42 333.6321 44 282.3336 -0.707107 -0.707107 0 0 0 -1 0.707107 -0.707107 0 6141.dat
1 4 374.6443 24 280.9193 0.707107 -0.707107 0 0 0 1 -0.707107 -0.707107 0 2607.dat
1 0 368.2804 -2.5 274.5554 0.707107 -0.686103 0.171065 0 0.241922 0.970296 -0.707107 -0.686103 0.171065 2959.dat
