0 
0 Name: New Model.ldr
0 Author: 
1 7 200 -22.19 5.73 1 0 0 0 0.819 0.573 0 -0.573 0.819 2817.dat
1 15 200 -17.282 26.694 0 0 1 -0.573 0.819 0 -0.819 -0.573 0 3020.dat
1 0 200 -41.024 6.708 1 0 0 0 0.819 0.573 0 -0.573 0.819 88072.dat
1 0 200 -45.956 83.352 1 0 0 0 0.819 0.573 0 -0.573 0.819 6087.dat
1 0 200 -52.484 -9.672 -1 0 0 0 0.819 -0.573 0 -0.573 -0.819 3838.dat
1 15 200 -47.576 11.292 1 0 0 0 0.819 0.573 0 -0.573 0.819 3829.dat
1 7 200 -59.855 -4.515 1 0 0 0 -0.573 0.819 0 -0.819 -0.573 32123.dat
1 7 200 -22.214 103.338 1 0 0 0 0.819 0.573 0 -0.573 0.819 2817.dat
1 15 200 -42.692 129.864 -1 0 0 0 0.819 -0.573 0 -0.573 -0.819 3937.dat
1 15 200 -47.6 108.9 1 0 0 0 0.819 0.573 0 -0.573 0.819 47457.dat
1 8 190 -54.152 113.484 0 0 1 -0.573 0.819 0 -0.819 -0.573 0 2555.dat
1 8 210 -54.152 113.484 0 0 1 -0.573 0.819 0 -0.819 -0.573 0 2555.dat
1 7 200 -59.066 116.922 0 0 1 -0.819 -0.573 0 0.573 -0.819 0 4697b.dat
1 19 180 -14 0 -1 0 0 0 0.819 -0.573 0 -0.573 -0.819 3749.dat
1 19 220 -14 0 1 0 0 0 0.819 0.573 0 -0.573 0.819 3749.dat
1 19 180 -14.024 97.608 -1 0 0 0 0.819 -0.573 0 -0.573 -0.819 3749.dat
1 19 220 -14.024 97.608 1 0 0 0 0.819 0.573 0 -0.573 0.819 3749.dat
1 0 160 -14 0 0 0 1 -0.573 0.819 0 -0.819 -0.573 0 55982.dat
1 0 240 -14 0 0 0 -1 0.573 0.819 0 0.819 -0.573 0 55982.dat
1 0 160 -14.0246 97.6072 0 0 1 -0.573 0.819 0 -0.819 -0.573 0 55982.dat
1 0 240 -14.024 97.608 0 0 -1 0.573 0.819 0 0.819 -0.573 0 55982.dat
1 256 160 -14 0 0 0 1 -0.573 0.819 0 -0.819 -0.573 0 30391.dat
1 256 240 -14 0 0 0 1 -0.573 0.819 0 -0.819 -0.573 0 30391.dat
1 256 160 -14.024 97.608 0 0 1 -0.573 0.819 0 -0.819 -0.573 0 30391.dat
1 256 240 -14.024 97.608 0 0 1 -0.573 0.819 0 -0.819 -0.573 0 30391.dat
1 7 190 -37.241 133.806 -1 0 0 0 0.276 -0.961 0 -0.961 -0.276 6134.dat
1 15 180 -58.669 135.974 0 0 1 -0.961 0.276 0 -0.276 -0.961 0 6019.dat
1 15 200 -58.669 135.974 0 0 -1 0.961 0.276 0 0.276 -0.961 0 6019.dat
1 36 160 -53.312 135.432 1 0 0 0 0.961 -0.276 0 0.276 0.961 58176.dat
1 33 240 -53.312 135.432 1 0 0 0 0.961 -0.276 0 0.276 0.961 58176.dat
1 0 190 -60.877 143.662 -1 0 0 0 0.276 -0.961 0 -0.961 -0.276 50949.dat
