0 Main
0 Name: 8062 - Universal Set with Storage _Ir4xguM.mpd
0 Author: LTRON
1 0 -30 14 -80 0 0 1 0 1 0 -1 0 0 3710.dat
1 0 -30 14 80 0 0 1 0 1 0 -1 0 0 3710.dat
1 0 -30 -10 0 0 0 1 0 1 0 -1 0 0 3895.dat
1 0 -40 0 0 1 0 0 0 1 0 0 0 1 2780.dat
1 7 -20 0 -40 1 0 0 0 -1 0 0 0 -1 3749.dat
1 0 0 0 -100 1 0 0 0 -1 0 0 0 -1 3737.dat
1 7 -50 0 -100 0 0 -1 0 -1 0 -1 0 0 3713.dat
1 7 -70 0 -100 0 0 1 0 1 0 -1 0 0 3713.dat
1 7 -10 0 -40 0 0 1 0 1 0 -1 0 0 3648.dat
1 7 0 -10 -50 -1 0 0 0 0.998 -0.07 0 -0.07 -0.998 3673.dat
1 7 -10 0 -100 0 0 1 0 1 0 -1 0 0 3648.dat
1 7 10 0 -100 0 0 -1 0 -1 0 -1 0 0 3713.dat
1 14 10 -90.503 -54.39 0 0 -1 -0.998 0.07 0 0.07 0.998 0 2730.dat
1 7 20 -169.61 -38.829 -1 0 0 0 0.998 -0.07 0 -0.07 -0.998 3673.dat
1 0 40 0 0 1 0 0 0 1 0 0 0 1 2780.dat
1 0 30 -10 0 0 0 1 0 1 0 -1 0 0 3895.dat
1 0 30 14 -80 0 0 1 0 1 0 -1 0 0 3710.dat
1 0 30 14 80 0 0 1 0 1 0 -1 0 0 3710.dat
1 7 50 0 -100 0 0 1 0 1 0 -1 0 0 3713.dat
1 7 70 0 -100 0 0 -1 0 -1 0 -1 0 0 3713.dat
1 0 -30 -18 -100 0 0 1 0 1 0 -1 0 0 3023.dat
1 0 30 -18 -100 0 0 1 0 1 0 -1 0 0 3023.dat
1 0 30 -18 100 0 0 1 0 1 0 -1 0 0 3023.dat
1 0 -30 -18 100 0 0 1 0 1 0 -1 0 0 3023.dat
1 0 0 -18 20 -1 0 0 0 1 0 0 0 -1 3709.dat
1 0 30 -26 -100 0 0 1 0 1 0 -1 0 0 3023.dat
1 0 -30 -26 -100 0 0 1 0 1 0 -1 0 0 3023.dat
1 0 30 -26 20 0 0 1 0 1 0 -1 0 0 3023.dat
1 0 -30 -26 20 0 0 1 0 1 0 -1 0 0 3023.dat
1 0 30 -26 100 0 0 1 0 1 0 -1 0 0 3023.dat
1 0 -30 -26 100 0 0 1 0 1 0 -1 0 0 3023.dat
1 0 30 -50 0 0 0 1 0 1 0 -1 0 0 3703.dat
1 0 40 -40 0 1 0 0 0 1 0 0 0 1 2780.dat
1 0 -40 -40 0 -1 0 0 0 1 0 0 0 -1 2780.dat
1 0 -30 -50 0 0 0 -1 0 1 0 1 0 0 3703.dat
1 0 0 -58 150 -1 0 0 0 1 0 0 0 -1 4477.dat
1 0 0 -58 -150 -1 0 0 0 1 0 0 0 -1 4477.dat
1 14 0 -58 90 -1 0 0 0 1 0 0 0 -1 3710.dat
1 0 0 0 100 1 0 0 0 0.999 -0.052 0 0.052 0.999 3737.dat
1 7 70 0 100 0 0 -1 0 -1 0 -1 0 0 3713.dat
1 7 50 0 100 0 0 1 0 1 0 -1 0 0 3713.dat
1 7 -70 0 100 0 0 1 0 1 0 -1 0 0 3713.dat
1 7 -50 0 100 0 0 -1 0 -1 0 -1 0 0 3713.dat
1 0 0 -58.387 113.802 1 0 0 0 0.23 -0.973 0 0.973 0.23 2780.dat
1 0 -10 -41.227 99.472 0 0 1 0.973 0.23 0 -0.23 0.973 0 3894.dat
1 0 0 -19.467 104.602 1 0 0 0 0.23 -0.973 0 0.973 0.23 2780.dat
1 0 -20 -77.847 118.402 1 0 0 0 0.23 -0.973 0 0.973 0.23 2780.dat
1 0 10 -41.227 99.472 0 0 1 0.973 0.23 0 -0.23 0.973 0 3894.dat
1 0 20 -77.847 118.402 1 0 0 0 0.23 -0.973 0 0.973 0.23 2780.dat
1 14 30 -119.067 117.872 0 0 1 0.973 0.23 0 -0.23 0.973 0 3894.dat
1 14 -30 -119.067 117.872 0 0 1 0.973 0.23 0 -0.23 0.973 0 3894.dat
1 14 0 -91.717 103.188 -1 0 0 0 0.23 0.973 0 0.973 -0.23 3710.dat
1 14 0 -72.257 98.588 -1 0 0 0 0.23 0.973 0 0.973 -0.23 3710.dat
1 14 0 -84.357 134.324 -1 0 0 0 0.23 0.973 0 0.973 -0.23 3710.dat
1 0 -50 -20 14 0 0 1 1 0 0 0 1 0 3710.dat
1 0 -50 0 -10 0 0 1 1 0 0 0 1 0 3700.dat
1 0 -50 -100 -10 0 0 1 1 0 0 0 1 0 3702.dat
1 0 -50 -20 -18 0 0 1 1 0 0 0 1 0 3710.dat
1 0 0 -160 0 1 0 0 0 0 -1 0 1 0 3707.dat
1 0 0 -140.781 77.657 1 0 0 0 0.971 0.24 0 -0.24 0.971 3707.dat
1 7 -10 -140.781 77.657 0 0 1 -0.24 0.971 0 -0.971 -0.24 0 3713.dat
1 7 10 -140.781 77.657 0 0 -1 0.24 0.971 0 0.971 -0.24 0 3713.dat
1 14 -30 -169.691 2.377 0 0 -1 0.24 0.971 0 0.971 -0.24 0 2730.dat
1 7 -10 -179.181 -77.703 0 0 1 -0.24 0.971 0 -0.971 -0.24 0 3713.dat
1 7 10 -179.181 -77.703 0 0 -1 0.24 0.971 0 0.971 -0.24 0 3713.dat
1 0 0 -179.181 -77.703 1 0 0 0 0.971 0.24 0 -0.24 0.971 3707.dat
1 14 30 -169.691 2.377 0 0 -1 0.24 0.971 0 0.971 -0.24 0 2730.dat
1 14 0 -175.059 14.007 1 0 0 0 0.971 0.24 0 -0.24 0.971 3710.dat
1 0 50 -20 14 0 0 1 1 0 0 0 1 0 3710.dat
1 0 50 0 -10 0 0 1 1 0 0 0 1 0 3700.dat
1 0 50 -100 -10 0 0 1 1 0 0 0 1 0 3702.dat
1 0 50 -20 -18 0 0 1 1 0 0 0 1 0 3710.dat
1 0 80 -66 0 0 0 -1 0 1 0 1 0 0 4282.dat
1 0 70 -90 0 0 0 -1 0 1 0 1 0 0 3700.dat
1 0 -80 -66 0 0 0 1 0 1 0 -1 0 0 4282.dat
1 0 -70 -90 0 0 0 1 0 1 0 -1 0 0 3700.dat
1 0 70 -80 0 -1 0 0 0 -0.23 0.973 0 0.973 0.23 6558.dat
1 0 -70 -80 0 1 0 0 0 -0.23 0.973 0 -0.973 -0.23 6558.dat
1 0 0 -155.709 136.808 1 0 0 0 0.483 0.876 0 -0.876 0.483 3706.dat
1 14 0 -267.548 91.094 1 0 0 0 -0.483 -0.876 0 0.876 -0.483 3709.dat
1 14 0 -232.508 110.414 1 0 0 0 -0.483 -0.876 0 0.876 -0.483 3709.dat
1 14 0 -264.716 65.24 1 0 0 0 -0.483 -0.876 0 0.876 -0.483 3700.dat
1 7 0 -278.306 69.17 0 0 1 -0.876 0.483 0 -0.483 -0.876 0 3749.dat
1 0 -20 -225.746 98.15 1 0 0 0 -0.483 -0.876 0 0.876 -0.483 2780.dat
1 14 -10 -185.876 108.71 0 0 1 0.876 -0.483 0 0.483 0.876 0 3894.dat
1 0 -30 -238.436 79.73 0 0 1 0.876 -0.483 0 0.483 0.876 0 3701.dat
1 7 -40 -260.786 78.83 -1 0 0 0 -0.876 -0.483 0 -0.483 0.876 3673.dat
1 0 20 -225.746 98.15 1 0 0 0 -0.483 -0.876 0 0.876 -0.483 2780.dat
1 14 10 -185.876 108.71 0 0 1 0.876 -0.483 0 0.483 0.876 0 3894.dat
1 0 30 -238.436 79.73 0 0 1 0.876 -0.483 0 0.483 0.876 0 3701.dat
1 7 40 -260.786 78.83 1 0 0 0 0.483 0.876 0 -0.876 0.483 3673.dat
1 14 0 -217.052 82.382 1 0 0 0 -0.483 -0.876 0 0.876 -0.483 3709.dat
1 14 0 -252.092 63.062 1 0 0 0 -0.483 -0.876 0 0.876 -0.483 3709.dat
1 14 50 -200.876 68.246 0 0 -1 -1 0.01 0 0.01 1 0 3702.dat
1 14 -50 -200.876 68.246 0 0 -1 -1 0.01 0 0.01 1 0 3702.dat
1 15 0 -286.257 67.057 1 0 0 0 0.876 -0.483 0 0.483 0.876 4032.dat
1 46 0 -307.281 55.465 1 0 0 0 0.876 -0.483 0 0.483 0.876 6143.dat
1 14 -10 -309.459 42.841 0 0 1 0.483 0.876 0 -0.876 0.483 0 3623.dat
1 14 10 -309.459 42.841 0 0 1 0.483 0.876 0 -0.876 0.483 0 3623.dat
1 15 0 -321.297 47.737 0 0 1 0.483 0.876 0 -0.876 0.483 0 4150.dat
1 15 101 0 -100 0 0 -1 0 1 0 1 0 0 6580.dat
1 0 101 0 -100 0 0 -1 0 1 0 1 0 0 6579.dat
1 15 101 0 100 0 0 -1 0 1 0 1 0 0 6580.dat
1 0 101 0 100 0 0 -1 0 1 0 1 0 0 6579.dat
1 15 -101 0 100 0 0 1 0 -1 0 1 0 0 6580.dat
1 0 -101 0 100 0 0 1 0 -1 0 1 0 0 6579.dat
1 15 -101 0 -100 0 0 1 0 -1 0 1 0 0 6580.dat
1 0 -101 0 -100 0 0 1 0 -1 0 1 0 0 6579.dat
