0 Main
0 Name: 8826 - ATX Sport Cycle - Race Car.mpd
0 Author: LTRON
1 14 -20 0 -40 0 0 -1 0 1 0 1 0 0 3709.dat
1 14 20 0 -40 0 0 -1 0 1 0 1 0 0 3709.dat
1 14 -30 0 70 1 0 0 0 1 0 0 0 1 2420.dat
1 14 30 0 70 0 0 -1 0 1 0 1 0 0 2420.dat
1 14 30 -8 80 0 0 -1 0 1 0 1 0 0 3023.dat
1 14 0 -8 20 0 0 -1 0 1 0 1 0 0 3795.dat
1 14 -30 -8 80 0 0 -1 0 1 0 1 0 0 3023.dat
1 1 0 -16 10 0 0 -1 0 1 0 1 0 0 3021.dat
1 14 0 -24 -70 1 0 0 0 1 0 0 0 1 3298.dat
1 7 0 -16 60 1 0 0 0 1 0 0 0 1 3709.dat
1 7 0 -16 100 1 0 0 0 1 0 0 0 1 3709.dat
1 1 0 -40 30 1 0 0 0 1 0 0 0 1 3039.dat
1 14 20 -24 60 1 0 0 0 1 0 0 0 1 4032.dat
1 14 -20 -24 60 1 0 0 0 1 0 0 0 1 4032.dat
1 7 40 -24 100 1 0 0 0 1 0 0 0 1 2444.dat
1 7 -40 -24 100 -1 0 0 0 1 0 0 0 -1 2444.dat
1 0 30 -24 -40 0 0 1 0 1 0 -1 0 0 3701.dat
1 0 -30 -24 -40 0 0 1 0 1 0 -1 0 0 3701.dat
1 7 40 -14 -60 1 0 0 0 1 0 0 0 1 3749.dat
1 7 -40 -14 -60 -1 0 0 0 1 0 0 0 -1 3749.dat
1 14 30 -32 -70 0 0 -1 0 1 0 1 0 0 2420.dat
1 14 -30 -32 -70 1 0 0 0 1 0 0 0 1 2420.dat
1 0 40 -32 60 0 0 1 0 1 0 -1 0 0 3738.dat
1 0 -40 -32 60 0 0 1 0 1 0 -1 0 0 3738.dat
1 7 60 -14 100 1 0 0 0 1 0 0 0 1 3749.dat
1 7 -60 -14 100 -1 0 0 0 1 0 0 0 -1 3749.dat
1 0 40 -40 -10 1 0 0 0 1 0 0 0 1 3023.dat
1 0 -40 -40 -10 1 0 0 0 1 0 0 0 1 3023.dat
1 0 40 -40 120 1 0 0 0 1 0 0 0 1 3022.dat
1 0 -40 -40 120 1 0 0 0 1 0 0 0 1 3022.dat
1 256 50 -24 20 0 0 -1 0 1 0 1 0 0 2436.dat
1 256 -50 -24 20 0 0 1 0 1 0 -1 0 0 2436.dat
1 14 0 -48 120 1 0 0 0 1 0 0 0 1 3709.dat
1 256 -40 -56 120 1 0 0 0 1 0 0 0 1 3022.dat
1 256 40 -56 120 1 0 0 0 1 0 0 0 1 3022.dat
1 0 0 -93.443 64.77 -1 0 0 0 0.921 -0.391 0 -0.391 -0.921 3706.dat
1 7 26 -93.443 64.77 0 0 1 -0.391 0.921 0 -0.921 -0.391 0 4265.dat
1 7 -26 -93.443 64.77 0 0 -1 0.391 0.921 0 0.921 -0.391 0 4265.dat
1 7 -30 -85.951 46.226 1 0 0 0 -0.927 0.375 0 -0.375 -0.927 4273.dat
1 7 30 -85.951 46.226 -1 0 0 0 0.927 0.375 0 0.375 -0.927 4273.dat
1 7 50 -70 120 0 -1 0 -0.921 0 -0.391 0.391 0 -0.921 2825.dat
1 7 -50 -70 120 0 1 0 0.921 0 -0.391 -0.391 0 -0.921 2825.dat
1 0 40 -70 120 -1 0 0 0 0.707 -0.707 0 -0.707 -0.707 3704.dat
1 0 30 -67.221 -0.133 0 1 0 0.375 0 -0.927 -0.927 0 -0.375 3706.dat
1 0 -30 -67.221 -0.133 0 1 0 0.375 0 -0.927 -0.927 0 -0.375 3706.dat
1 7 30 -48.491 -46.492 0 1 0 -0.927 0 -0.375 -0.375 0 0.927 3713.dat
1 7 -30 -48.491 -46.492 0 1 0 -0.927 0 -0.375 -0.375 0 0.927 3713.dat
1 0 -30 -70 120 1 0 0 0 0.391 -0.921 0 0.921 0.391 4519.dat
1 7 55 -93.443 64.77 0 0 1 -0.391 0.921 0 -0.921 -0.391 0 4265.dat
1 7 -55 -93.443 64.77 0 0 -1 -0.921 0.391 0 0.391 0.921 0 4265.dat
1 7 30 -80 140 0 0 -1 0 1 0 1 0 0 3701.dat
1 7 -30 -80 140 0 0 -1 0 1 0 1 0 0 3701.dat
1 7 -17 -70 120 0 0 -1 -0.921 0.391 0 0.391 0.921 0 4143.dat
1 14 0 -88 160 -1 0 0 0 1 0 0 0 -1 3738.dat
1 0 0 -80 160 0 0 -1 0 1 0 1 0 0 2817.dat
1 0 0 -70 170 0 0.927 -0.375 0 -0.375 -0.927 -1 0 0 3705.dat
1 7 0 -70 185 -0.927 -0.375 0 0.375 -0.927 0 0 0 1 4265.dat
1 7 0 -70 200 -0.927 0.375 0 0.375 0.927 0 0 0 -1 3713.dat
1 7 0 -70 137 0.927 0.375 0 -0.375 0.927 0 0 0 1 4143.dat
1 14 70 -14 100 0 0 -1 0 -1 0 -1 0 0 3482.dat
1 256 70 -14 100 0 0 -1 0 -1 0 -1 0 0 2346.dat
1 14 50 -14 -60 0 0 -1 0 -1 0 -1 0 0 3482.dat
1 256 50 -14 -60 0 0 -1 0 -1 0 -1 0 0 2346.dat
1 14 -50 -14 -60 0 0 1 0 -1 0 1 0 0 3482.dat
1 256 -50 -14 -60 0 0 1 0 -1 0 1 0 0 2346.dat
1 14 -70 -14 100 0 0 1 0 -1 0 1 0 0 3482.dat
1 256 -70 -14 100 0 0 1 0 -1 0 1 0 0 2346.dat
