0 Main
0 Name: 8657-1 - ATR 4.mpd
0 Author: LTRON
1 15 0 -7.992 69.715 1 0 0 0 0.998372 -0.057041 0 0.057041 0.998372 6157.dat
1 25 0 -8.562 79.699 -1 0 0 0 0.998372 0.057041 0 0.057041 -0.998372 2540.dat
1 15 0 -4.569 9.812 0 0 1 0.057041 0.998372 0 -0.998372 0.057041 0 3795.dat
1 15 0 -7.993 -70.514 1 0 0 0 0.998372 -0.057041 0 0.057041 0.998372 6157.dat
1 11 0 -15.979 69.258 1 0 0 0 0.998372 -0.057041 0 0.057041 0.998372 3022.dat
1 11 0 -11.416 -10.611 0 0 1 0.057041 0.998372 0 -0.998372 0.057041 0 3795.dat
1 25 0 -7.423 -80.497 1 0 0 0 0.998372 -0.057041 0 0.057041 0.998372 2540.dat
1 25 0 -24.536 78.786 -1 0 0 0 0.998372 0.057041 0 0.057041 -0.998372 2540.dat
1 25 0 -20.543 8.9 0 0 1 0.057041 0.998372 0 -0.998372 0.057041 0 3795.dat
1 8 0 -32.523 78.33 1 0 0 0 0.998372 -0.057041 0 0.057041 0.998372 3023.dat
1 15 -10 -30.242 38.395 0 0 -1 -0.057041 0.998372 0 0.998372 0.057041 0 2420.dat
1 15 10 -30.242 38.395 1 0 0 0 0.998372 -0.057041 0 0.057041 0.998372 2420.dat
1 15 0 -28.53 8.443 1 0 0 0 0.998372 -0.057041 0 0.057041 0.998372 3022.dat
1 11 0 -26.819 -21.508 1 0 0 0 0.998372 -0.057041 0 0.057041 0.998372 3023.dat
1 15 -10 -32.524 -61.899 1 0 0 0 0.998372 -0.057041 0 0.057041 0.998372 50950.dat
1 15 10 -32.524 -61.899 1 0 0 0 0.998372 -0.057041 0 0.057041 0.998372 50950.dat
1 11 0 -41.081 87.857 -1 0 0 0 0.998372 0.057041 0 0.057041 -0.998372 43719.dat
1 7 0 -38.799 47.922 1 0 0 0 0.998372 -0.057041 0 0.057041 0.998372 3022.dat
1 7 -10 -36.517 7.987 0 0 1 0.057041 0.998372 0 -0.998372 0.057041 0 44728.dat
1 7 10 -36.517 7.987 0 0 -1 -0.057041 0.998372 0 0.998372 0.057041 0 44728.dat
1 15 0 -34.806 -21.964 1 0 0 0 0.998372 -0.057041 0 0.057041 0.998372 2412.dat
1 11 -24 -16.55 9.128 0 1 0 -0.998372 0 -0.057041 -0.057041 0 0.998372 30602.dat
1 11 24 -16.55 9.128 0 -1 0 0.998372 0 -0.057041 0.057041 0 0.998372 30602.dat
1 15 -10 -48.497 77.417 0 0 1 0.057041 0.998372 0 -0.998372 0.057041 0 2555.dat
1 15 10 -48.497 77.417 0 0 1 0.057041 0.998372 0 -0.998372 0.057041 0 2555.dat
1 7 0 -47.356 57.449 1 0 0 0 0.998372 -0.057041 0 0.057041 0.998372 50948.dat
1 8 0 -46.215 37.482 1 0 0 0 0.998372 -0.057041 0 0.057041 0.998372 3023.dat
1 15 0 -64.983 94.216 1 0 0 0 0.900547 -0.43476 0 0.43476 0.900547 48336.dat
1 15 0 -54.773 47.009 1 0 0 0 0.998372 -0.057041 0 0.057041 0.998372 3022.dat
1 15 0 -72.188 90.738 1 0 0 0 0.900547 -0.43476 0 0.43476 0.900547 2431.dat
1 11 -40 -3 70 0 0 1 0.057041 0.998372 0 -0.998372 0.057041 0 6014.dat
1 11 40 -3 70 0 0 -1 -0.057041 0.998372 0 0.998372 0.057041 0 6014.dat
1 11 -40 -3.001 -70.228 0 0 1 0.057041 0.998372 0 -0.998372 0.057041 0 6014.dat
1 11 40 -3.001 -70.228 0 0 -1 -0.057041 0.998372 0 0.998372 0.057041 0 6014.dat
1 256 -46 -3 70 0 0 1 0.057041 0.998372 0 -0.998372 0.057041 0 6015.dat
1 256 46 -3 70 0 0 1 0.057041 0.998372 0 -0.998372 0.057041 0 6015.dat
1 256 -46 -3.001 -70.228 0 0 1 0.057041 0.998372 0 -0.998372 0.057041 0 6015.dat
1 256 46 -3.001 -70.228 0 0 1 0.057041 0.998372 0 -0.998372 0.057041 0 6015.dat
