0 Main
0 Name: 8848 - Power Truck.mpd
0 Author: LTRON
1 71 -64 -11 50 0 0 -1 0 1 0 1 0 0 73071.dat
1 71 -63 6 50 0 1 0 0 0 1 1 0 0 4143.dat
1 0 14 -11 50 -1 0 0 0 1 0 0 0 -1 3707.dat
1 71 -48 -11 50 0 0 1 0 1 0 -1 0 0 4143.dat
1 0 -146 -11 50 1 0 0 0 1 0 0 0 1 3707.dat
1 71 -81 -11 50 0 0 -1 0 1 0 1 0 0 4143.dat
1 71 -114 -11 50 0 0 1 0 1 0 -1 0 0 3713.dat
1 71 -14 -11 50 0 0 -1 0 1 0 1 0 0 3713.dat
1 0 6 -21 -10 0 0 1 0 1 0 -1 0 0 3895.dat
1 71 26 -11 50 0 0 -1 0 1 0 1 0 0 3713.dat
1 0 -134 -21 -10 0 0 1 0 1 0 -1 0 0 3895.dat
1 71 -154 -11 50 0 0 1 0 1 0 -1 0 0 3713.dat
1 0 -174 -21 50 0 0 -1 0 1 0 1 0 0 3700.dat
1 0 46 -21 50 0 0 -1 0 1 0 1 0 0 3700.dat
1 0 -134 11 50 0 0 1 0 1 0 -1 0 0 3666.dat
1 0 -154 3 50 1 0 0 0 1 0 0 0 1 3021.dat
1 0 -134 3 80 1 0 0 0 1 0 0 0 1 3024.dat
1 0 -134 3 20 1 0 0 0 1 0 0 0 1 3024.dat
1 0 -64 3 100 1 0 0 0 1 0 0 0 1 3460.dat
1 0 6 11 50 0 0 1 0 1 0 -1 0 0 3666.dat
1 0 -64 3 0 1 0 0 0 1 0 0 0 1 3460.dat
1 0 26 3 50 1 0 0 0 1 0 0 0 1 3021.dat
1 0 6 3 80 1 0 0 0 1 0 0 0 1 3024.dat
1 0 6 3 20 1 0 0 0 1 0 0 0 1 3024.dat
1 0 -134 11 -90 0 0 -1 0 1 0 1 0 0 3710.dat
1 0 -134 3 -110 0 0 1 0 1 0 -1 0 0 3023.dat
1 0 -64 3 -70 1 0 0 0 1 0 0 0 1 3034.dat
1 0 6 11 -90 0 0 1 0 1 0 -1 0 0 3710.dat
1 0 6 3 -110 0 0 1 0 1 0 -1 0 0 3023.dat
1 0 -34 -21 -229 0 0 -1 0 1 0 1 0 0 3703.dat
1 0 -94 -21 -229 0 0 -1 0 1 0 1 0 0 3703.dat
1 0 -14 -11 -90 1 0 0 0 1 0 0 0 1 3705.dat
1 0 -114 -11 -90 1 0 0 0 1 0 0 0 1 3705.dat
1 71 21 -11 -90 0 0 -1 0 1 0 1 0 0 4265.dat
1 71 -49 -11 -90 0 0 -1 0 1 0 1 0 0 4265.dat
1 71 -79 -11 -90 0 0 -1 0 1 0 1 0 0 4265.dat
1 71 -149 -11 -90 0 0 -1 0 1 0 1 0 0 4265.dat
1 0 -64 -29 -329 0 0 -1 0 1 0 1 0 0 3032.dat
1 0 -64 -21 -279 -1 0 0 0 1 0 0 0 -1 3700.dat
1 0 -64 -21 -379 -1 0 0 0 1 0 0 0 -1 3700.dat
1 0 -64 -11 -289 0 0 1 0 1 0 -1 0 0 3708.dat
1 71 -64 -11 -359 1 0 0 0 1 0 0 0 1 3713.dat
1 71 -64 -11 -299 -1 0 0 0 1 0 0 0 -1 3713.dat
1 0 -64 -21 -259 1 0 0 0 1 0 0 0 1 3700.dat
1 0 -64 -21 -239 1 0 0 0 1 0 0 0 1 3700.dat
1 0 -64 -21 -219 1 0 0 0 1 0 0 0 1 3700.dat
1 71 -64 -11 -149 1 0 0 0 1 0 0 0 1 9244.dat
1 0 -64 -11 -48 0 0 -1 0 1 0 1 0 0 3707.dat
1 0 -64 -21 0 1 0 0 0 1 0 0 0 1 3700.dat
1 71 -64 -11 13 -1 0 0 0 1 0 0 0 -1 4143.dat
1 0 -64 -21 -60 1 0 0 0 1 0 0 0 1 3701.dat
1 0 -64 3 -379 1 0 0 0 1 0 0 0 1 3710.dat
1 0 -64 -37 -369 1 0 0 0 1 0 0 0 1 3020.dat
1 71 -24 -11 -369 1 0 0 0 1 0 0 0 1 3673.dat
1 71 -104 -11 -369 1 0 0 0 1 0 0 0 1 3673.dat
1 71 -64 11 -259 1 0 0 0 1 0 0 0 1 3460.dat
1 71 -24 3 -259 1 0 0 0 1 0 0 0 1 4262.dat
1 71 -124 3 -259 1 0 0 0 1 0 0 0 1 4263.dat
1 0 -14 -21 -259 1 0 0 0 1 0 0 0 1 3005.dat
1 0 -113 -21 -259 1 0 0 0 1 0 0 0 1 3005.dat
1 71 26 -21 -259 1 0 0 0 1 0 0 0 1 4261.dat
1 0 36 -11 -259 1 0 0 0 1 0 0 0 1 3705.dat
1 71 46 -11 -259 0 0 -1 0 1 0 1 0 0 3713.dat
1 71 6 -11 -259 0 0 1 0 1 0 -1 0 0 3713.dat
1 71 -154 -21 -259 1 0 0 0 1 0 0 0 1 4261.dat
1 0 -164 -11 -259 1 0 0 0 1 0 0 0 1 3705.dat
1 71 -134 -11 -259 0 0 -1 0 1 0 1 0 0 3713.dat
1 71 -174 -11 -259 0 0 1 0 1 0 -1 0 0 3713.dat
1 71 -4 -29 -259 1 0 0 0 1 0 0 0 1 4263.dat
1 71 -104 -29 -259 1 0 0 0 1 0 0 0 1 4262.dat
1 71 -154 -21 -219 0 -1 0 1 0 0 0 0 1 3749.dat
1 71 26 -21 -219 0 -1 0 1 0 0 0 0 1 3749.dat
1 0 -84 -29 -229 1 0 0 0 1 0 0 0 1 3068.dat
1 0 -44 -29 -229 1 0 0 0 1 0 0 0 1 3068.dat
1 71 -24 -36 -219 1 0 0 0 1 0 0 0 1 4262.dat
1 71 -124 -36 -219 1 0 0 0 1 0 0 0 1 4263.dat
1 71 -64 -44 -219 1 0 0 0 1 0 0 0 1 3460.dat
1 71 -65 -52 -219 1 0 0 0 1 0 0 0 1 3743.dat
1 0 -64 -53 -259 1 0 0 0 1 0 0 0 1 3008.dat
1 0 -64 -45 -369 1 0 0 0 1 0 0 0 1 3020.dat
1 0 -64 -29 -139 1 0 0 0 1 0 0 0 1 3710.dat
1 0 -64 -29 -70 1 0 0 0 1 0 0 0 1 3020.dat
1 0 6 -29 -110 0 0 -1 0 1 0 1 0 0 3023.dat
1 0 -134 -29 -110 0 0 -1 0 1 0 1 0 0 3023.dat
1 0 -64 -21 100 1 0 0 0 1 0 0 0 1 3700.dat
1 71 -64 -11 87 1 0 0 0 1 0 0 0 1 4143.dat
1 0 -64 -11 116 0 0 -1 0 1 0 1 0 0 3705.dat
1 71 -64 -11 120 -1 0 0 0 1 0 0 0 -1 3713.dat
1 0 -64 -53 -369 1 0 0 0 1 0 0 0 1 3795.dat
1 0 -64 -29 100 1 0 0 0 1 0 0 0 1 3460.dat
1 0 -64 -29 0 1 0 0 0 1 0 0 0 1 3460.dat
1 0 -134 -29 80 1 0 0 0 1 0 0 0 1 3024.dat
1 0 6 -29 80 1 0 0 0 1 0 0 0 1 3024.dat
1 0 -134 -29 20 1 0 0 0 1 0 0 0 1 3024.dat
1 0 6 -29 20 1 0 0 0 1 0 0 0 1 3024.dat
1 0 -154 -29 50 1 0 0 0 1 0 0 0 1 3021.dat
1 71 -64 -61 -379 1 0 0 0 1 0 0 0 1 3710.dat
1 71 6 -61 -379 1 0 0 0 1 0 0 0 1 3623.dat
1 71 -134 -61 -379 1 0 0 0 1 0 0 0 1 3623.dat
1 0 26 -29 50 1 0 0 0 1 0 0 0 1 3021.dat
1 71 -14 -85 -379 1 0 0 0 1 0 0 0 1 3622.dat
1 71 -114 -85 -379 1 0 0 0 1 0 0 0 1 3622.dat
1 0 -64 -53 -60 1 0 0 0 1 0 0 0 1 3004.dat
1 0 -64 -37 100 1 0 0 0 1 0 0 0 1 3023.dat
1 0 -64 -37 0 1 0 0 0 1 0 0 0 1 3023.dat
1 0 -64 -61 100 1 0 0 0 1 0 0 0 1 3660.dat
1 0 -64 -61 0 -1 0 0 0 1 0 0 0 -1 3660.dat
1 0 -64 -69 50 0 0 -1 0 1 0 1 0 0 3795.dat
1 71 26 -85 -359 1 0 0 0 1 0 0 0 1 3063.dat
1 71 -154 -85 -359 0 0 1 0 1 0 -1 0 0 3063.dat
1 71 -14 -44.088 -51.4246 0 1 0 -0.848048 0 -0.529919 -0.529919 0 0.848048 4273.dat
1 71 -14 -97.0799 33.3802 1 0 0 0 -0.848048 0.529919 0 -0.529919 -0.848048 4273.dat
1 0 -14 -70.584 -9.0222 0 0 1 0.529919 0.848048 0 -0.848048 0.529919 0 3706.dat
1 71 -14 -13.7781 -115.0273 0 0 1 0.529919 0.848048 0 -0.848048 0.529919 0 4262.dat
1 71 -14 -20.5625 -119.2667 0 0 -1 -0.529919 0.848048 0 0.848048 0.529919 0 3743.dat
1 71 -14 11.0218 -158.4896 0 0 1 -0.848048 0.529919 0 -0.529919 -0.848048 0 3749.dat
1 71 -14 -41.9701 -73.6848 0 1 0 -0.848048 0 -0.529919 -0.529919 0 0.848048 4274.dat
1 71 -114 -44.397 -51.6036 0 1 0 -0.848048 0 -0.529919 -0.529919 0 0.848048 4273.dat
1 71 -114 -97.3889 33.2012 -1 0 0 0 0.848048 0.529919 0 0.529919 -0.848048 4273.dat
1 0 -114 -70.893 -9.2012 0 0 1 0.529919 0.848048 0 -0.848048 0.529919 0 3706.dat
1 71 -114 -14.0871 -115.2063 0 0 1 0.529919 0.848048 0 -0.848048 0.529919 0 4262.dat
1 71 -114 -20.8715 -119.4457 0 0 -1 -0.529919 0.848048 0 0.848048 0.529919 0 3743.dat
1 71 -114 10.7128 -158.6686 0 0 1 -0.848048 0.529919 0 -0.529919 -0.848048 0 3749.dat
1 71 -114 -42.2791 -73.8638 0 1 0 -0.848048 0 -0.529919 -0.529919 0 0.848048 4274.dat
1 0 -74 -53 -110 0 0 -1 0 1 0 1 0 0 3701.dat
1 0 -54 -53 -110 0 0 -1 0 1 0 1 0 0 3701.dat
1 0 -64 -61 -90 0 0 -1 0 1 0 1 0 0 3020.dat
1 0 -64 -43 -110 1 0 0 0 1 0 0 0 1 3737.dat
1 71 -14 -43 -110 0 0 -1 0 1 0 1 0 0 3647.dat
1 71 -34 -43 -110 0 0 -1 0 1 0 1 0 0 3647.dat
1 0 6 -53 -110 0 0 -1 0 1 0 1 0 0 3700.dat
1 71 -94 -43 -110 0 0 -1 0 1 0 1 0 0 3713.dat
1 71 26 -43 -110 0 0 -1 0 1 0 1 0 0 3651.dat
1 0 -134 -53 -110 0 0 -1 0 1 0 1 0 0 3700.dat
1 71 -114 -43 -110 0 0 -1 0 1 0 1 0 0 3647.dat
1 71 -154 -43 -111 0 0 1 0 1 0 -1 0 0 3651.dat
1 0 6 -77 -120 0 0 -1 0 1 0 1 0 0 3622.dat
1 0 -134 -77 -120 0 0 -1 0 1 0 1 0 0 3622.dat
1 0 -64 -69 -90 0 0 -1 0 1 0 1 0 0 3020.dat
1 0 -74 -53 -289 0 0 -1 0 1 0 1 0 0 3700.dat
1 0 -54 -53 -289 0 0 -1 0 1 0 1 0 0 3700.dat
1 0 -64 -43 -289 1 0 0 0 0.866026 0.5 0 -0.5 0.866026 3705.dat
1 71 -94 -52.999 -306.32 -1 0 0 0 0.866026 -0.5 0 -0.5 -0.866026 4273.dat
1 71 -34 -52.999 -306.32 1 0 0 0 -0.866026 -0.5 0 0.5 -0.866026 4273.dat
1 71 -98 -43 -289 0 0 1 -0.866026 -0.5 0 0.5 -0.866026 0 4265.dat
1 71 -30 -43 -289 0 0 -1 -0.866026 0.5 0 0.5 0.866026 0 4265.dat
1 0 -94 -58 -314.983 0 0 -1 0.5 0.866026 0 0.866026 -0.5 0 3704.dat
1 0 -34 -58 -314.983 0 0 -1 0.5 0.866026 0 0.866026 -0.5 0 3704.dat
1 71 -94 -63.001 -323.641 1 0 0 0 0.866026 0.5 0 -0.5 0.866026 3651.dat
1 71 -34 -63.001 -323.641 1 0 0 0 0.866026 0.5 0 -0.5 0.866026 3651.dat
1 71 -114 -72.997 -340.96 0 0 1 -0.5 0.866026 0 -0.866026 -0.5 0 3713.dat
1 0 -64 -72.997 -340.96 1 0 0 0 0.866026 0.5 0 -0.5 0.866026 3706.dat
1 71 -74 -72.997 -340.96 0 0 -1 0.5 0.866026 0 0.866026 -0.5 0 3713.dat
1 71 -54 -83.478 -359.082 -1 0 0 0 0.857168 -0.515038 0 -0.515038 -0.857168 3651.dat
1 0 -54 -89.567 -368.4 0 0 -1 0.515038 0.857168 0 0.857168 -0.515038 0 3704.dat
1 71 -14 -76.368 -321.699 1 0 0 0 0.987689 -0.156434 0 0.156434 0.987689 4273.dat
1 71 -10 -73.35 -341.077 0 0 -1 0.48481 0.87462 0 0.87462 -0.48481 0 4265.dat
1 0 -14 -81.061 -292.073 0 0 1 -0.156434 -0.987689 0 0.987689 -0.156434 0 3705.dat
1 71 -14 -85.919 -261.448 1 0 0 0 -0.987689 0.156434 0 -0.156434 -0.987689 3651.dat
1 0 -64 -77 -279 1 0 0 0 1 0 0 0 1 3700.dat
1 0 -64 -77 -259 1 0 0 0 1 0 0 0 1 3700.dat
1 0 -64 -67 -209 0 0 -1 0 1 0 1 0 0 3707.dat
1 71 -64 -67 -239 1 0 0 0 1 0 0 0 1 3647.dat
1 71 -64 -67 -219 1 0 0 0 1 0 0 0 1 3647.dat
1 71 -64 -67 -206 -1 0 0 0 1 0 0 0 -1 4143.dat
1 0 -64 -77 -139 1 0 0 0 1 0 0 0 1 3700.dat
1 0 -64 -85 -139 1 0 0 0 1 0 0 0 1 3023.dat
1 0 -74 -93 -10 0 0 -1 0 1 0 1 0 0 3895.dat
1 71 -64 -83 70 1 0 0 0 1 0 0 0 1 3673.dat
1 0 -54 -93 -10 0 0 -1 0 1 0 1 0 0 3895.dat
1 0 -64 -83 -110 1 0 0 0 1 0 0 0 1 3705.dat
1 71 -34 -83 -110 0 0 -1 0 1 0 1 0 0 3648.dat
1 71 -93 -93.237 -121.45 0 0 -1 0.681998 0.731354 0 0.731354 -0.681998 0 3648.dat
1 71 -103 -107 -122 1 0 0 0 1 0 0 0 1 3673.dat
1 0 -64 -101 -11 1 0 0 0 1 0 0 0 1 3068.dat
1 0 -113 -107.812 -183.009 0 0 -1 -0.156434 0.987688 0 0.987688 0.156434 0 3702.dat
1 71 -103 -88.548 -240.706 1 0 0 0 0.987688 -0.156434 0 0.156434 0.987688 3673.dat
1 14 -93 -149.094 -238.674 0 0 1 0.978147 0.207912 0 -0.207912 0.978147 0 3702.dat
1 71 -4 -93 -369 1 0 0 0 1 0 0 0 1 3020.dat
1 71 -124 -93 -369 1 0 0 0 1 0 0 0 1 3020.dat
1 71 -174 -93 -359 1 0 0 0 1 0 0 0 1 3024.dat
1 71 46 -93 -359 1 0 0 0 1 0 0 0 1 3024.dat
1 0 26 -101 -140 1 0 0 0 1 0 0 0 1 3622.dat
1 0 -154 -101 -140 1 0 0 0 1 0 0 0 1 3622.dat
1 0 -94 -101 -369 0 0 -1 0 1 0 1 0 0 3023.dat
1 0 -34 -101 -369 0 0 -1 0 1 0 1 0 0 3023.dat
1 0 -144 -101 -359 1 0 0 0 1 0 0 0 1 3710.dat
1 0 16 -101 -359 1 0 0 0 1 0 0 0 1 3710.dat
1 71 -14 -26.287 -381.17 1 0 0 0 -0.629321 -0.777146 0 0.777146 -0.629321 3651.dat
1 71 -114 -26.83 -381.672 1 0 0 0 -0.615662 -0.788011 0 0.788011 -0.615662 3651.dat
1 0 -114 -49.685 -399.524 0 0 -1 0.788011 0.615662 0 0.615662 -0.788011 0 3705.dat
1 0 -14 -49.609 -400.049 0 0 -1 0.777146 0.629321 0 0.629321 -0.777146 0 3705.dat
1 71 -114 -74.902 -419.228 1 0 0 0 0.615662 0.788011 0 -0.788011 0.615662 3651.dat
1 71 -14 -73.696 -419.561 1 0 0 0 0.629321 0.777146 0 -0.777146 0.629321 3651.dat
1 0 36 -109 -349 1 0 0 0 1 0 0 0 1 3022.dat
1 0 -164 -109 -349 1 0 0 0 1 0 0 0 1 3022.dat
1 0 -154 -109 -150 1 0 0 0 1 0 0 0 1 3021.dat
1 0 26 -109 -150 1 0 0 0 1 0 0 0 1 3021.dat
1 0 -64 -85 -269 1 0 0 0 1 0 0 0 1 3022.dat
1 0 -64 -93 -209 0 0 -1 0 1 0 1 0 0 3738.dat
1 0 -64 -117 -249 0 0 -1 0 1 0 1 0 0 3001.dat
1 0 -64 -101 -109 0 0 -1 0 1 0 1 0 0 3795.dat
1 0 -64 -109 -159 1 0 0 0 1 0 0 0 1 3023.dat
1 0 -64 -117 -159 1 0 0 0 1 0 0 0 1 3023.dat
1 0 -64 -175 -189 0 1 0 -1 0 0 0 0 1 3737.dat
1 71 -64 -82 -189 1 0 0 0 0 -1 0 1 0 4143.dat
1 71 -64 -107 -189 1 0 0 0 0 -1 0 1 0 3713.dat
1 0 -64 -125 -259 0 0 -1 0 1 0 1 0 0 3021.dat
1 0 -64 -125 -189 0 0 1 0 1 0 -1 0 0 3709.dat
1 0 -64 -125 -139 1 0 0 0 1 0 0 0 1 3004.dat
1 0 -74 -149 -269 0 0 1 0 1 0 -1 0 0 3700.dat
1 0 -54 -149 -269 0 0 1 0 1 0 -1 0 0 3700.dat
1 0 -54 -149 -149 0 0 1 0 1 0 -1 0 0 3700.dat
1 0 -74 -149 -149 0 0 1 0 1 0 -1 0 0 3700.dat
1 0 -64 -133 -229 1 0 0 0 1 0 0 0 1 3022.dat
1 71 -64 -139 -189 1 0 0 0 0 -1 0 1 0 3713.dat
1 0 -74 -157 -229 0 0 -1 0 1 0 1 0 0 3700.dat
1 0 -54 -157 -229 0 0 -1 0 1 0 1 0 0 3700.dat
1 0 -64 -157 -269 1 0 0 0 1 0 0 0 1 3022.dat
1 0 -64 -165 -269 0 0 -1 0 1 0 1 0 0 3020.dat
1 71 -64 -240 -189 1 0 0 0 0 1 0 -1 0 3713.dat
1 71 -64 -260 -189 1 0 0 0 0 -1 0 1 0 3736.dat
1 71 -44 -147 -229 1 0 0 0 1 0 0 0 1 3673.dat
1 71 -84 -147 -229 1 0 0 0 1 0 0 0 1 3673.dat
1 0 -164 -117 -329 1 0 0 0 1 0 0 0 1 3022.dat
1 0 -164 -117 -170 1 0 0 0 1 0 0 0 1 3022.dat
1 0 36 -117 -170 1 0 0 0 1 0 0 0 1 3022.dat
1 0 36 -117 -329 1 0 0 0 1 0 0 0 1 3022.dat
1 0 26 -117 -359 1 0 0 0 1 0 0 0 1 3024.dat
1 0 -154 -117 -359 1 0 0 0 1 0 0 0 1 3024.dat
1 0 -134 -117 -160 1 0 0 0 1 0 0 0 1 3024.dat
1 0 6 -117 -160 1 0 0 0 1 0 0 0 1 3024.dat
1 0 -144 -117 -140 1 0 0 0 1 0 0 0 1 3023.dat
1 0 16 -117 -140 1 0 0 0 1 0 0 0 1 3023.dat
1 4 -34 -93 50 0 0 -1 0 1 0 1 0 0 3894.dat
1 4 -94 -93 50 0 0 -1 0 1 0 1 0 0 3894.dat
1 0 -64 -83 90 1 0 0 0 1 0 0 0 1 3706.dat
1 71 -14 -83 90 0 0 -1 0 1 0 1 0 0 3713.dat
1 71 -114 -83 90 0 0 1 0 1 0 -1 0 0 3713.dat
1 14 -34 -149.369 -238.686 0 0 1 0.978147 0.207912 0 -0.207912 0.978147 0 3702.dat
1 71 -24 -89 -242 1 0 0 0 1 0 0 0 1 3673.dat
1 0 -64 -114.848 -369.219 1 0 0 0 0.999391 -0.034899 0 0.034899 0.999391 3705.dat
1 71 -75 -103.914 -380.271 0 0 -1 -0.707107 0.707107 0 0.707107 0.707107 0 3648.dat
1 71 -51 -114.848 -369.219 0 0 -1 -0.999391 -0.034899 0 -0.034899 0.999391 0 4265.dat
1 71 -55 -133.776 -375.344 1 0 0 0 -0.374607 -0.927183 0 0.927183 -0.374607 4273.dat
1 0 -55 -161.225 -387.616 0 0 -1 0.913546 0.406737 0 0.406737 -0.913546 0 3705.dat
1 71 -65 -104 -394 1 0 0 0 1 0 0 0 1 3673.dat
1 71 -53 -93.351 -376.829 1 0 0 0 0.857167 0.515038 0 -0.515038 0.857167 4273.dat
1 0 -34 -125 -369 0 0 1 0 1 0 -1 0 0 3700.dat
1 0 -94 -125 -369 0 0 1 0 1 0 -1 0 0 3700.dat
1 71 -53 -188.518 -400.702 1 0 0 0 0.422618 0.906308 0 -0.906308 0.422618 3651.dat
1 4 -34 -117 50 0 0 -1 0 1 0 1 0 0 3702.dat
1 4 -94 -117 50 0 0 -1 0 1 0 1 0 0 3702.dat
1 0 -64 -107 51 1 0 0 0 1 0 0 0 1 3706.dat
1 71 -9 -107 51 0 0 -1 0 1 0 1 0 0 4265.dat
1 71 -118 -107 51 0 0 1 0 1 0 -1 0 0 4265.dat
1 71 -14 -107 -10 0 0 -1 0 1 0 1 0 0 3713.dat
1 71 -114 -107 -10 0 0 1 0 1 0 -1 0 0 3713.dat
1 0 -64 -107 -10 1 0 0 0 1 0 0 0 1 3706.dat
1 0 36 -125 -249 0 0 1 0 1 0 -1 0 0 3034.dat
1 0 -164 -125 -249 0 0 1 0 1 0 -1 0 0 3034.dat
1 0 16 -125 -150 1 0 0 0 1 0 0 0 1 3022.dat
1 0 -144 -125 -150 1 0 0 0 1 0 0 0 1 3022.dat
1 0 26 -125 -349 0 0 -1 0 1 0 1 0 0 3023.dat
1 0 -154 -125 -349 0 0 -1 0 1 0 1 0 0 3023.dat
1 47 -4 -125 -359 1 0 0 0 1 0 0 0 1 3004.dat
1 47 -124 -125 -359 1 0 0 0 1 0 0 0 1 3004.dat
1 4 26 -149 -249 0 0 -1 0 1 0 1 0 0 3895.dat
1 4 -154 -149 -249 0 0 -1 0 1 0 1 0 0 3895.dat
1 4 6 -149 -149 0 0 -1 0 1 0 1 0 0 3700.dat
1 4 -134 -149 -149 0 0 -1 0 1 0 1 0 0 3700.dat
1 47 -4 -149 -359 1 0 0 0 1 0 0 0 1 3004.dat
1 47 -124 -149 -359 1 0 0 0 1 0 0 0 1 3004.dat
1 4 -94 -133 -359 1 0 0 0 1 0 0 0 1 3024.dat
1 4 -34 -133 -359 1 0 0 0 1 0 0 0 1 3024.dat
1 4 -94 -141 -359 1 0 0 0 1 0 0 0 1 3024.dat
1 4 -34 -141 -359 1 0 0 0 1 0 0 0 1 3024.dat
1 0 -64 -139 -149 1 0 0 0 1 0 0 0 1 3737.dat
1 71 -114 -139 -149 0 0 1 0 1 0 -1 0 0 3713.dat
1 71 -34 -139 -149 0 0 1 0 1 0 -1 0 0 3713.dat
1 71 -14 -139 -149 0 0 -1 0 1 0 1 0 0 3713.dat
1 71 -94 -139 -149 0 0 -1 0 1 0 1 0 0 3713.dat
1 0 -64 -139 -269 1 0 0 0 1 0 0 0 1 3737.dat
1 0 46 -133 -249 0 0 -1 0 1 0 1 0 0 3666.dat
1 0 -174 -133 -249 0 0 -1 0 1 0 1 0 0 3666.dat
1 4 -64 -149 -358.664 1 0 0 0 1 0 0 0 1 3710.dat
1 4 -64 -157 -349 1 0 0 0 1 0 0 0 1 3832.dat
1 4 -154 -157 -309 0 0 -1 0 1 0 1 0 0 3023.dat
1 4 26 -157 -309 0 0 -1 0 1 0 1 0 0 3023.dat
1 4 -64 -165 -329 1 0 0 0 1 0 0 0 1 3832.dat
1 4 16 -165 -299 1 0 0 0 1 0 0 0 1 3023.dat
1 4 -144 -165 -299 1 0 0 0 1 0 0 0 1 3023.dat
1 4 -64 -173 -309 1 0 0 0 1 0 0 0 1 3034.dat
1 4 -154 -173 -309 0 0 -1 0 1 0 1 0 0 u1126.dat
1 4 26 -173 -309 0 0 -1 0 1 0 1 0 0 u1126.dat
1 4 -4 -181 -299 1 0 0 0 1 0 0 0 1 3710.dat
1 4 -104 -181 -299 1 0 0 0 1 0 0 0 1 3666.dat
1 4 -64 -157 -149 1 0 0 0 1 0 0 0 1 3832.dat
1 4 -154 -181 -149 0 0 -1 0 1 0 1 0 0 3004.dat
1 4 26 -181 -149 0 0 -1 0 1 0 1 0 0 3004.dat
1 4 -64 -181 -139 1 0 0 0 1 0 0 0 1 3008.dat
1 4 -154 -205 -159 1 0 0 0 1 0 0 0 1 3005.dat
1 4 26 -205 -159 1 0 0 0 1 0 0 0 1 3005.dat
1 4 -124 -205 -139 1 0 0 0 1 0 0 0 1 3010.dat
1 4 -24 -205 -139 1 0 0 0 1 0 0 0 1 3009.dat
1 4 -134 -229 -139 1 0 0 0 1 0 0 0 1 3005.dat
1 4 6 -229 -139 1 0 0 0 1 0 0 0 1 3005.dat
1 4 -154 -229 -149 0 0 -1 0 1 0 1 0 0 3004.dat
1 4 26 -229 -149 0 0 -1 0 1 0 1 0 0 3004.dat
1 4 -154 -253 -159 1 0 0 0 1 0 0 0 1 3005.dat
1 4 26 -253 -159 1 0 0 0 1 0 0 0 1 3005.dat
1 4 -144 -253 -139 1 0 0 0 1 0 0 0 1 3004.dat
1 4 16 -253 -139 1 0 0 0 1 0 0 0 1 3004.dat
1 4 -144 -261 -149 1 0 0 0 1 0 0 0 1 3022.dat
1 4 16 -261 -149 1 0 0 0 1 0 0 0 1 3022.dat
1 4 -144 -269 -159 0 0 -1 0 1 0 1 0 0 3021.dat
1 4 16 -269 -159 0 0 -1 0 1 0 1 0 0 3021.dat
1 4 26 -269 -209 0 0 1 0 1 0 -1 0 0 u1126.dat
1 4 -154 -269 -209 0 0 1 0 1 0 -1 0 0 u1126.dat
1 4 26 -277 -189 0 0 -1 0 1 0 1 0 0 3666.dat
1 4 -154 -277 -189 0 0 -1 0 1 0 1 0 0 3666.dat
1 4 26 -200.4858 -271.8855 0 0 1 0.920505 0.390731 0 -0.390731 0.920505 0 u1125.dat
1 4 26 -237.306 -256.2563 0 0 -1 -0.920505 0.390731 0 0.390731 0.920505 0 u1125.dat
1 4 26 -222.0218 -271.4349 0 0 1 0.920505 0.390731 0 -0.390731 0.920505 0 3710.dat
1 4 -154 -200.4858 -271.8855 0 0 1 0.920505 0.390731 0 -0.390731 0.920505 0 u1125.dat
1 4 -154 -237.306 -256.2563 0 0 -1 -0.920505 0.390731 0 0.390731 0.920505 0 u1125.dat
1 4 -154 -222.0218 -271.4349 0 0 1 0.920505 0.390731 0 -0.390731 0.920505 0 3710.dat
1 4 -64 -277 -188.647 1 0 0 0 1 0 0 0 1 3036.dat
1 4 -64 -125 -30 1 0 0 0 1 0 0 0 1 3028.dat
1 4 -64 -125 90 -1 0 0 0 1 0 0 0 -1 3028.dat
1 4 -174 -133 -70 0 0 1 0 1 0 -1 0 0 3023.dat
1 4 46 -133 -70 0 0 -1 0 1 0 1 0 0 3023.dat
1 4 46 -133 130 0 0 -1 0 1 0 1 0 0 3023.dat
1 4 -174 -133 130 0 0 -1 0 1 0 1 0 0 3023.dat
1 4 -4 -133 -80 1 0 0 0 1 0 0 0 1 3710.dat
1 4 -104 -133 -80 1 0 0 0 1 0 0 0 1 3666.dat
1 4 46 -133 30 0 0 -1 0 1 0 1 0 0 3666.dat
1 4 -174 -133 30 0 0 -1 0 1 0 1 0 0 3666.dat
1 4 36 -133 -40 1 0 0 0 1 0 0 0 1 u1125.dat
1 4 36 -133 100 1 0 0 0 1 0 0 0 1 u1125.dat
1 4 -164 -133 100 -1 0 0 0 1 0 0 0 -1 u1125.dat
1 4 -164 -133 -40 -1 0 0 0 1 0 0 0 -1 u1125.dat
1 4 70 -159 -40 0 -1 0 1 0 0 0 0 1 u1126.dat
1 4 70 -159 100 0 -1 0 1 0 0 0 0 1 u1126.dat
1 4 -198 -159 100 0 1 0 1 0 0 0 0 -1 u1126.dat
1 4 -154 -133 130 0 0 -1 0 1 0 1 0 0 u1125.dat
1 4 -154 -159 164 0 0 -1 1 0 0 0 -1 0 u1126.dat
1 4 -198 -159 -40 0 1 0 1 0 0 0 0 -1 u1126.dat
1 4 26 -133 130 0 0 -1 0 1 0 1 0 0 u1125.dat
1 4 26 -159 164 0 0 -1 1 0 0 0 -1 0 u1126.dat
1 4 -124 -159 156 1 0 0 0 0 1 0 -1 0 3795.dat
1 4 -4 -159 156 1 0 0 0 0 1 0 -1 0 3795.dat
1 4 -64 -159 164 1 0 0 0 0 1 0 -1 0 3020.dat
1 4 -190 -159 30 0 1 0 0 0 -1 -1 0 0 3832.dat
1 4 62 -159 30 0 -1 0 0 0 1 -1 0 0 3832.dat
1 4 -24 -157 -80 1 0 0 0 1 0 0 0 1 3008.dat
1 4 -104 -181 -80 1 0 0 0 1 0 0 0 1 3008.dat
1 4 -144 -157 -80 1 0 0 0 1 0 0 0 1 3010.dat
1 4 16 -181 -80 1 0 0 0 1 0 0 0 1 3010.dat
1 14 -63 -83.8169 -474.2096 1 0 0 0 0.981627 0.190808 0 -0.190808 0.981627 3034.dat
1 14 7 -107.3759 -469.6302 0 0 1 -0.190808 0.981627 0 -0.981627 -0.190808 0 3894.dat
1 14 -133 -107.3759 -469.6302 0 0 1 -0.190808 0.981627 0 -0.981627 -0.190808 0 3894.dat
1 14 -53 -103.5598 -449.9977 0 0 1 -0.190808 0.981627 0 -0.981627 -0.190808 0 3701.dat
1 14 -133 -122.8613 -507.3688 0 0 1 -0.190808 0.981627 0 -0.981627 -0.190808 0 u1125.dat
1 14 -133 -126.4567 -567.7929 0 0 1 0.190808 -0.981627 0 0.981627 0.190808 0 u1126.dat
1 14 7 -122.8613 -507.3688 0 0 1 -0.190808 0.981627 0 -0.981627 -0.190808 0 u1125.dat
1 14 7 -126.4567 -567.7929 0 0 1 0.190808 -0.981627 0 0.981627 0.190808 0 u1126.dat
1 14 -63 -115.2289 -468.1037 1 0 0 0 0.981627 0.190808 0 -0.190808 0.981627 3034.dat
1 14 -53 -107.5966 -428.8387 0 0 1 -0.190808 0.981627 0 -0.981627 -0.190808 0 3023.dat
1 14 -53 -119.2658 -446.9447 0 0 1 -0.190808 0.981627 0 -0.981627 -0.190808 0 3710.dat
1 14 -73 -150.733 -430.641 0 0 -1 -0.981627 0.190808 0 0.190808 0.981627 0 3702.dat
1 71 -63 -129.1924 -424.6409 1 0 0 0 0.981627 0.190808 0 -0.190808 0.981627 3673.dat
1 14 -53 -139.0087 -422.7328 0 0 1 -0.190808 0.981627 0 -0.981627 -0.190808 0 3700.dat
1 14 -63 -138.1259 -585.899 1 0 0 0 -0.981627 -0.190808 0 0.190808 -0.981627 3029.dat
1 14 -123 -153.8995 -531.9693 1 0 0 0 0.656058 -0.75471 0 0.75471 0.656058 3795.dat
1 14 -63 -159.1479 -538.007 1 0 0 0 0.656058 -0.75471 0 0.75471 0.656058 3020.dat
1 14 -3 -153.8995 -531.9693 1 0 0 0 0.656058 -0.75471 0 0.75471 0.656058 3795.dat
1 14 -173 -199.1675 -584.0443 0 0 1 0.75471 0.656058 0 -0.656058 0.75471 0 3145.dat
1 14 47 -199.1675 -584.0443 0 0 -1 -0.75471 0.656058 0 0.656058 0.75471 0 3145.dat
1 14 -63 -209.167 -524.0752 -1 0 0 0 0.325568 -0.945517 0 -0.945517 -0.325568 3029.dat
1 0 -63 -207 -409 1 0 0 0 1 0 0 0 1 3705.dat
1 71 -93 -207 -409 0 0 1 0 1 0 -1 0 0 3713.dat
1 71 -33 -207 -409 0 0 -1 0 1 0 1 0 0 3713.dat
1 0 -64 -90 -432 1 0 0 0 1 0 0 0 1 3737.dat
1 71 -155 -90 -432 0 0 1 0 1 0 -1 0 0 3713.dat
1 71 26 -88 -433 0 0 -1 0 1 0 1 0 0 3713.dat
1 71 68 -11 -259 0 0 -1 0 1 0 1 0 0 4266.dat
1 71 68 -11 50 0 0 -1 0 1 0 1 0 0 4266.dat
1 256 68 -11 50 0 0 -1 0 1 0 1 0 0 4267.dat
1 256 68 -11 -259 0 0 -1 0 1 0 1 0 0 4267.dat
1 71 -192 -11 50 0 0 1 0 1 0 -1 0 0 4266.dat
1 256 -197 -11 -259 0 0 -1 0 1 0 1 0 0 4267.dat
1 256 -197 -11 50 0 0 -1 0 1 0 1 0 0 4267.dat
1 71 -196 -11 -259 0 0 1 0 1 0 -1 0 0 4266.dat
