0 
0 Name: New Model.ldr
0 Author: 
1 0 -12.34 72 -614.767 0.707107 0 -0.707107 0 1 0 0.707107 0 0.707107 3034.dat
1 4 30.0864 64 -572.3406 -0.707107 0 -0.707107 0 1 0 0.707107 0 -0.707107 4859.dat
1 0 -54.7664 64 -657.1934 -0.707107 0 -0.707107 0 1 0 0.707107 0 -0.707107 2460.dat
1 15 23.0154 56 -579.4116 0.707107 0 0.707107 0 1 0 -0.707107 0 0.707107 3069.dat
1 4 -61.8375 54 -664.2645 -0.707107 0.707107 0 0 0 1 0.707107 0.707107 0 2607.dat
1 0 -55.4735 27.5 -657.9005 -0.707107 0.707107 0 0 0 1 0.707107 0.707107 0 2959.dat
1 0 -5.2689 64 -607.6959 -0.707107 0 -0.707107 0 1 0 0.707107 0 -0.707107 4598.dat
1 4 -20.8253 44 -623.2523 0 -0.707107 -0.707107 1 0 0 0 -0.707107 0.707107 4871.dat
1 0 -37.7959 54 -640.2228 -0.707107 -0.707107 0 0 0 -1 0.707107 -0.707107 0 4590.dat
1 42 -70.3228 44 -630.3234 -0.707107 -0.707107 0 0 0 -1 0.707107 -0.707107 0 4589.dat
1 42 -27.8964 44 -672.7498 -0.707107 -0.707107 0 0 0 -1 0.707107 -0.707107 0 4589.dat
1 0 -36.3816 44 -596.3822 0 -0.707107 -0.707107 1 0 0 0 -0.707107 0.707107 2412.dat
1 0 6.0448 44 -638.8087 0 -0.707107 -0.707107 1 0 0 0 -0.707107 0.707107 2412.dat
