0 Main
0 Name: 6879-1 - Blizzard Baron.mpd
0 Author: LTRON
1 0 0 -15.9526 -51.4346 0 0 1 0.079677 0.996821 0 -0.996821 0.079677 0 3030.dat
1 0 0 -47.0472 36.3671 -1 0 0 0 0.996821 0.079677 0 0.079677 -0.996821 3700.dat
1 15 30 -23.9271 -52.072 0 0 -1 -0.079677 0.996821 0 0.996821 0.079677 0 3023.dat
1 15 -30 -23.9271 -52.072 0 0 -1 -0.079677 0.996821 0 0.996821 0.079677 0 3023.dat
1 15 -100 -28.7078 7.7373 0 0 1 0.079677 0.996821 0 -0.996821 0.079677 0 3934.dat
1 15 100 -28.7078 7.7373 0 0 -1 -0.079677 0.996821 0 0.996821 0.079677 0 3933.dat
1 15 0 -16.7562 -141.7859 1 0 0 0 0.996821 -0.079677 0 0.079677 0.996821 2625.dat
1 1 30 -33.4952 -32.773 0 0 1 0.079677 0.996821 0 -0.996821 0.079677 0 4477.dat
1 1 -30 -33.4952 -32.773 0 0 1 0.079677 0.996821 0 -0.996821 0.079677 0 4477.dat
1 0 -30 -46.2504 26.3988 0 0 1 0.079677 0.996821 0 -0.996821 0.079677 0 3023.dat
1 0 30 -46.2504 26.3988 0 0 1 0.079677 0.996821 0 -0.996821 0.079677 0 3023.dat
1 0 0 -23.934 -152.3915 0 0 1 0.079677 0.996821 0 -0.996821 0.079677 0 3020.dat
1 15 0 -27.9179 -102.5505 -1 0 0 0 0.996821 0.079677 0 0.079677 -0.996821 3069.dat
1 0 50 -20.7332 8.3747 0 0 1 0.079677 0.996821 0 -0.996821 0.079677 0 3023.dat
1 0 -50 -20.7332 8.3747 0 0 1 0.079677 0.996821 0 -0.996821 0.079677 0 3023.dat
1 0 0 -12.7586 9.0121 1 0 0 0 0.996821 -0.079677 0 0.079677 0.996821 3795.dat
1 0 0 -15.1489 38.9167 1 0 0 0 0.996821 -0.079677 0 0.079677 0.996821 3666.dat
1 1 -50 -6.3776 29.5859 0 0 1 0.079677 0.996821 0 -0.996821 0.079677 0 4275.dat
1 1 -30 -6.3776 29.5859 0 0 1 0.079677 0.996821 0 -0.996821 0.079677 0 4275.dat
1 1 50 -6.3776 29.5859 0 0 1 0.079677 0.996821 0 -0.996821 0.079677 0 4275.dat
1 1 30 -6.3776 29.5859 0 0 1 0.079677 0.996821 0 -0.996821 0.079677 0 4275.dat
1 1 10 -6.3913 -171.0531 0 0 1 0.079677 0.996821 0 -0.996821 0.079677 0 4275.dat
1 1 -10 -6.3913 -171.0531 0 0 1 0.079677 0.996821 0 -0.996821 0.079677 0 4275.dat
1 0 0 -0.0103 -150.4793 0 0 1 0.079677 0.996821 0 -0.996821 0.079677 0 2654.dat
1 15 -30 -40.6799 -143.6982 0 0 1 0.079677 0.996821 0 -0.996821 0.079677 0 4070.dat
1 15 30 -40.6799 -143.6982 0 0 -1 -0.079677 0.996821 0 0.996821 0.079677 0 4070.dat
1 15 0 -29.5114 -82.6141 -1 0 0 0 0.996821 0.079677 0 0.079677 -0.996821 2342.dat
1 0 0 -54.225 25.7614 -1 0 0 0 0.996821 0.079677 0 0.079677 -0.996821 3795.dat
1 1 -50 -23.9085 -132.0518 -1 0 0 0 -0.993433 -0.114417 0 -0.114417 0.993433 2516.dat
1 38 -50 -26.655 -108.2088 -1 0 0 0 -0.993433 -0.114417 0 -0.114417 0.993433 6117.dat
1 1 -110 -35.0888 -12.8366 0 0 -1 -0.079677 0.996821 0 0.996821 0.079677 0 2412.dat
1 1 110 -35.0888 -12.8366 0 0 -1 -0.079677 0.996821 0 0.996821 0.079677 0 2412.dat
1 0 0 -78.1487 23.8492 0 0 -1 -0.079677 0.996821 0 0.996821 0.079677 0 6143.dat
1 15 60 -53.4282 15.7932 0 0 -1 -0.079677 0.996821 0 0.996821 0.079677 0 2463.dat
1 15 -50 -52.6315 5.825 1 0 0 0 0.996821 -0.079677 0 0.079677 0.996821 2463.dat
1 1 0 -86.1233 23.2118 1 0 0 0 0.996821 -0.079677 0 0.079677 0.996821 3795.dat
1 1 0 -48.6545 -144.3356 1 0 0 0 0.996821 -0.079677 0 0.079677 0.996821 3298.dat
1 1 0 -72.5782 -146.2478 -1 0 0 0 0.996821 0.079677 0 0.079677 -0.996821 3937.dat
1 15 0 -94.0978 22.5743 -1 0 0 0 0.996821 0.079677 0 0.079677 -0.996821 3020.dat
1 0 -50 -94.0978 22.5743 0 0 -1 -0.079677 0.996821 0 0.996821 0.079677 0 3475.dat
1 0 50 -94.0978 22.5743 0 0 1 0.079677 0.996821 0 -0.996821 0.079677 0 3475.dat
1 1 0 -102.0724 21.9369 -1 0 0 0 0.996821 0.079677 0 0.079677 -0.996821 3795.dat
1 38 -80 -86.9235 -16.9798 0 0 -1 0.996821 0.079677 0 0.079677 -0.996821 0 4740.dat
1 38 80 -86.9235 -16.9798 0 0 -1 0.996821 0.079677 0 0.079677 -0.996821 0 4740.dat
1 15 0 -110.8438 31.2677 -1 0 0 0 0.996821 0.079677 0 0.079677 -0.996821 2412.dat
1 1 -30 -110.047 21.2995 0 0 1 0.079677 0.996821 0 -0.996821 0.079677 0 4623.dat
1 1 30 -110.047 21.2995 0 0 -1 -0.079677 0.996821 0 0.996821 0.079677 0 4623.dat
1 38 52 -113.1968 23.0541 1 0 0 0 0.996821 -0.079677 0 0.079677 0.996821 6120.dat
1 38 -52 -113.1968 23.0541 1 0 0 0 0.996821 -0.079677 0 0.079677 0.996821 6120.dat
1 15 0 -64.4876 -135.6284 1 0 0 0 0.187761 0.982263 0 -0.982263 0.187761 3938.dat
1 38 0 -90.023 -2.0406 1 0 0 0 0.187761 0.982263 0 -0.982263 0.187761 2466.dat
1 0 0 -26.3106 78.1521 -1 0 0 0 0.996821 0.079677 0 0.079677 -0.996821 2419.dat
1 15 -30 -32.6916 57.5783 -1 0 0 0 0.996821 0.079677 0 0.079677 -0.996821 3070.dat
1 15 30 -32.6916 57.5783 -1 0 0 0 0.996821 0.079677 0 0.079677 -0.996821 3070.dat
1 0 0 -51.8278 96.1763 -1 0 0 0 0.996821 0.079677 0 0.079677 -0.996821 3700.dat
1 0 0 -49.4375 66.2717 0 0 1 0.079677 0.996821 0 -0.996821 0.079677 0 4730.dat
1 7 0 -42.6564 106.9413 0 0 -1 -0.079677 0.996821 0 0.996821 0.079677 0 3749.dat
1 38 0 -44.5686 130.865 0 0 1 -0.996821 0.079677 0 -0.079677 -0.996821 0 6143.dat
1 38 0 -48.4745 154.6293 0 0 1 -0.996821 0.079677 0 -0.079677 -0.996821 0 4589.dat
1 15 0 -58.2089 75.6025 0 0 -1 -0.079677 0.996821 0 0.996821 0.079677 0 3021.dat
1 15 0 -64.5899 55.0286 1 0 0 0 0.996821 -0.079677 0 0.079677 0.996821 3069.dat
1 1 0 -66.9802 84.9333 1 0 0 0 0.996821 -0.079677 0 0.079677 0.996821 3680.dat
1 7 0 -66.9802 84.9333 0.9397 0 0.342 0.02725 0.996821 -0.074872 -0.340913 0.079677 0.936713 3679.dat
1 0 0 -74.9548 84.2959 0.9397 0 0.342 0.02725 0.996821 -0.074872 -0.340913 0.079677 0.936713 4032.dat
1 0 3.42 -83.6781 93.0256 -0.9397 0 -0.342 -0.02725 0.996821 0.074872 0.340913 0.079677 -0.936713 2540.dat
1 1 3.42 -91.6526 92.3881 0.9397 0 0.342 0.02725 0.996821 -0.074872 -0.340913 0.079677 0.936713 2452.dat
1 0 17.0438 -81.4331 130.7579 0.9397 -0.08851 0.330338 0.02725 0.982206 0.185658 -0.340913 -0.165461 0.925391 6019.dat
1 38 17.7519 -89.2908 132.0816 0.9397 -0.08851 0.330338 0.02725 0.982206 0.185658 -0.340913 -0.165461 0.925391 2569.dat
1 1 2.8947 -111.4541 89.3574 -0.171 -0.296172 -0.9397 0.900683 -0.433571 -0.02725 -0.399356 -0.851032 0.340913 4276.dat
1 38 -1.1847 -105.9158 78.5556 -0.171 -0.296172 -0.9397 0.900683 -0.433571 -0.02725 -0.399356 -0.851032 0.340913 3960.dat
1 38 -5.9234 -112.853 64.9391 -0.171 -0.296172 -0.9397 0.900683 -0.433571 -0.02725 -0.399356 -0.851032 0.340913 4589.dat
1 38 -50 9 -12 1 0 0 0 1 0 0 0 1 6120.dat
1 38 -30 9 -12 1 0 0 0 1 0 0 0 1 6120.dat
1 38 50 9 -12 1 0 0 0 1 0 0 0 1 6120.dat
1 38 30 9 -12 1 0 0 0 1 0 0 0 1 6120.dat
1 38 10 8.987 -212.638 1 0 0 0 1 0 0 0 1 6120.dat
1 38 -10 8.987 -212.638 1 0 0 0 1 0 0 0 1 6120.dat
