0 
0 Name: New Model.ldr
0 Author: 
1 0 70 -35.989 -270.333 1 0 0 0 0.997785 -0.066518 0 0.066518 0.997785 6157.dat
1 8 70 -35.989 -270.333 1 0 0 0 0.997785 -0.066518 0 0.066518 0.997785 3022.dat
1 25 70 -33.328 -310.244 1 0 0 0 0.997785 -0.066518 0 0.066518 0.997785 3020.dat
1 25 70 -30.668 -350.155 1 0 0 0 0.997785 -0.066518 0 0.066518 0.997785 3020.dat
1 0 70 -35.989 -390.599 1 0 0 0 0.997785 -0.066518 0 0.066518 0.997785 6157.dat
1 0 70 -44.636 -260.887 -1 0 0 0 0.997785 0.066518 0 0.066518 -0.997785 2436.dat
1 0 70 -39.98 -330.732 0 0 1 0.066518 0.997785 0 -0.997785 0.066518 0 3795.dat
1 9 70 -35.324 -400.577 1 0 0 0 0.997785 -0.066518 0 0.066518 0.997785 50949.dat
1 25 70 -53.949 -241.463 1 0 0 0 0.997785 -0.066518 0 0.066518 0.997785 3710.dat
1 9 70 -59.936 -271.929 1 0 0 0 0.997785 -0.066518 0 0.066518 0.997785 3788.dat
1 0 70 -46.632 -351.22 0 0 1 0.066518 0.997785 0 -0.997785 0.066518 0 3795.dat
1 9 60 -61.931 -241.995 -1 0 0 0 0.997785 0.066518 0 0.066518 -0.997785 2420.dat
1 9 80 -61.931 -241.995 0 0 1 0.066518 0.997785 0 -0.997785 0.066518 0 2420.dat
1 9 70 -57.275 -311.84 0 0 1 0.066518 0.997785 0 -0.997785 0.066518 0 3020.dat
1 9 40 -55.945 -331.796 0 0 1 0.066518 0.997785 0 -0.997785 0.066518 0 3010.dat
1 9 100 -55.945 -331.796 0 0 1 0.066518 0.997785 0 -0.997785 0.066518 0 3010.dat
1 14 70 -53.949 -361.73 1 0 0 0 0.997785 -0.066518 0 0.066518 0.997785 3023.dat
1 9 70 -59.936 -392.195 1 0 0 0 0.997785 -0.066518 0 0.066518 0.997785 3788.dat
1 9 70 -69.914 -242.528 -1 0 0 0 0.997785 0.066518 0 0.066518 -0.997785 2436.dat
1 14 70 -68.583 -262.483 1 0 0 0 0.997785 -0.066518 0 0.066518 0.997785 3023.dat
1 9 40 -67.918 -272.461 0 0 1 0.066518 0.997785 0 -0.997785 0.066518 0 3710.dat
1 9 100 -67.918 -272.461 0 0 1 0.066518 0.997785 0 -0.997785 0.066518 0 3710.dat
1 9 70 -63.927 -332.328 1 0 0 0 0.997785 -0.066518 0 0.066518 0.997785 3020.dat
1 9 40 -61.931 -362.262 1 0 0 0 0.997785 -0.066518 0 0.066518 0.997785 3070.dat
1 9 100 -61.931 -362.262 1 0 0 0 0.997785 -0.066518 0 0.066518 0.997785 3070.dat
1 7 70 -85.213 -373.836 1 0 0 0 0.997785 -0.066518 0 0.066518 0.997785 50943.dat
1 9 70 -59.271 -402.173 1 0 0 0 0.997785 -0.066518 0 0.066518 0.997785 2436.dat
1 7 40 -36.122 -238.27 1 0 0 0 0.067 0.998 0 -0.998 0.067 6141.dat
1 9 70 -37.186 -222.306 -1 0 0 0 0.066518 -0.997785 0 -0.997785 -0.066518 4865.dat
1 7 100 -36.122 -238.27 1 0 0 0 0.067 0.998 0 -0.998 0.067 6141.dat
1 36 40 -61.399 -219.911 1 0 0 0 0.066518 0.997785 0 -0.997785 0.066518 3070.dat
1 9 70 -61.399 -219.911 1 0 0 0 0.066518 0.997785 0 -0.997785 0.066518 3069.dat
1 36 100 -61.399 -219.911 1 0 0 0 0.066518 0.997785 0 -0.997785 0.066518 3070.dat
1 47 40 -48.362 -415.477 0 0 1 0.997785 -0.066518 0 0.066518 0.997785 0 54200.dat
1 0 70 -47.963 -421.464 1 0 0 0 -0.066518 -0.997785 0 0.997785 -0.066518 3023.dat
1 47 100 -48.362 -415.477 0 0 -1 -0.997785 -0.066518 0 -0.066518 0.997785 0 54200.dat
1 25 70 -47.43 -429.446 1 0 0 0 -0.066518 -0.997785 0 0.997785 -0.066518 2412.dat
1 0 50 -84.548 -263.548 -1 0 0 0 0.997785 0.066518 0 0.066518 -0.997785 47458.dat
1 0 90 -84.548 -263.548 -1 0 0 0 0.997785 0.066518 0 0.066518 -0.997785 47458.dat
1 0 70 -83.217 -283.503 1 0 0 0 0.997785 -0.066518 0 0.066518 0.997785 45677.dat
1 9 70 -67.253 -402.705 1 0 0 0 0.997785 -0.066518 0 0.066518 0.997785 3069.dat
1 0 30 -31 -270 0 0 1 0.066518 0.997785 0 -0.997785 0.066518 0 51719.dat
1 0 110 -31 -270 0 0 -1 -0.066518 0.997785 0 0.997785 0.066518 0 51719.dat
1 0 30 -31 -390.266 0 0 1 0.066518 0.997785 0 -0.997785 0.066518 0 51719.dat
1 0 110 -31 -390.266 0 0 -1 -0.066518 0.997785 0 0.997785 0.066518 0 51719.dat
1 256 30 -31 -270 0 0 -1 -0.066518 0.997785 0 0.997785 0.066518 0 50951.dat
1 256 110 -31 -270 0 0 -1 -0.066518 0.997785 0 0.997785 0.066518 0 50951.dat
1 256 30 -31 -390.266 0 0 -1 -0.066518 0.997785 0 0.997785 0.066518 0 50951.dat
1 256 110 -31 -390.266 0 0 -1 -0.066518 0.997785 0 0.997785 0.066518 0 50951.dat
