0 
0 Name: New Model.ldr
0 Author: 
1 16 -107.5111 -40 136.2067 -0.865 0 0.501732 0 1 0 -0.501732 0 -0.865 3031.dat
1 16 -132.6769 -40 179.8139 -0.865 0 0.501732 0 1 0 -0.501732 0 -0.865 2508.dat
1 0 -127.6477 -16 171.0854 -0.865 0 0.501732 0 1 0 -0.501732 0 -0.865 2496.dat
1 0 -97.4426 -16 118.7681 -0.865 0 0.501732 0 1 0 -0.501732 0 -0.865 2496.dat
1 7 -97.4426 -32 118.7681 -0.865 0 0.501732 0 1 0 -0.501732 0 -0.865 2655.dat
1 7 -127.6477 -32 171.0854 -0.865 0 0.501732 0 1 0 -0.501732 0 -0.865 2655.dat
1 7 -118.928 -88 176.1199 0.501732 0 0.865 0 1 0 -0.865 0 0.501732 4864.dat
1 7 -136.3675 -88 166.0509 -0.501732 0 -0.865 0 1 0 0.865 0 -0.501732 4864.dat
1 7 -112.5456 -96 144.9265 0.865 0 -0.501732 0 1 0 0.501732 0 0.865 6087.dat
1 7 -102.4766 -72 127.487 0.865 0 -0.501732 0 1 0 0.501732 0 0.865 3004.dat
1 7 -132.6769 -104 179.8139 -0.501732 0 -0.865 0 1 0 0.865 0 -0.501732 3021.dat
1 16 -153.8022 -144 155.9915 -0.501732 0 -0.865 0 1 0 0.865 0 -0.501732 2432.dat
1 16 -101.4893 -144 186.1884 0.501732 0 0.865 0 1 0 -0.865 0 0.501732 2432.dat
1 16 -153.8022 -112 155.9915 0.865 0 -0.501732 0 1 0 0.501732 0 0.865 2340.dat
1 16 -101.4893 -112 186.1884 0.865 0 -0.501732 0 1 0 0.501732 0 0.865 2340.dat
