0 FILE X-Walker.ldr
0 X-Walker
0 Name: X-Walker.ldr
0 Author: R Paluczak
0 Unofficial Model
0 ROTATION CENTER 0 0 0 1 "Custom" 
0 ROTATION CONFIG 0 0
1 0 314.742 51.1 -307.086 0.00125493 0.271451 0.962452 -0.0653479 0.960417 -0.270792 -0.997862 -0.0625544 0.018944 Part 1.ldr
1 0 343.353 -89.229 -177.193 -0.149766 0.2264 0.962452 -0.587914 0.762253 -0.270792 -0.794938 -0.606394 0.018944 Part 5.ldr
0 MLCAD HIDE 1 0 355.922 -81.758 -708.74 -0.149766 0.2264 0.962452 -0.587914 0.762253 -0.270792 -0.794938 -0.606394 0.018944 Her.dat
1 0 346.804 -84.251 -386.805 0.192832 0.191057 0.962452 0.63291 0.725326 -0.270792 -0.749827 0.661362 0.018944 Part 6.ldr
1 0 165.344 -217.374 -249.607 0.00125493 -0.117527 0.993069 -0.0653479 0.990938 0.117357 -0.997862 -0.0650423 -0.00643657 Part 8.ldr
1 0 355.195 215.493 -159.462 0.00125493 0.999999 -1.10396e-005 -0.0653479 0 -0.997862 -0.997862 0.0012548 0.0653479 Part 2.ldr
1 7 395.292 10.83 -224.176 0.00125493 1.10396e-005 0.999999 -0.0653479 0.997862 0 -0.997862 -0.0653479 0.0012548 3673.dat
1 7 395.445 2.991 -343.919 0.00125493 -0.0653956 0.99786 -0.0653479 0.995722 0.0653315 -0.997862 -0.06529 -0.00302356 3673.dat
1 7 258.709 -48.965 -380.776 0.00125493 0.652767 0.757558 -0.0653479 0.755993 -0.65131 -0.997862 -0.0486875 0.0436057 3673.dat
1 7 172.275 62.673 -422.268 0.652767 -0.00125493 0.757558 0.755993 0.0653479 -0.65131 -0.0486875 0.997862 0.0436057 Part 7.ldr
1 7 420.098 219.67 -436.246 -0.00125493 -0.997564 0.0697478 0.0653479 -0.0696765 -0.995426 0.997862 0.00330844 0.0652761 Part 4.ldr
1 7 255.239 -46.442 -180.516 0.00125493 -0.515029 0.857172 -0.0653479 0.855298 0.513998 -0.997862 -0.0566594 -0.0325827 3673.dat
1 7 157.371 60.102 -153.543 -0.857172 0.00125493 0.515029 -0.513998 -0.0653479 -0.855298 0.0325827 -0.997862 0.0566594 Part 3.ldr
0
0 FILE DSDK.ldr
0 Scout Micro
0 Name: DSDK.ldr
0 Author: R Paluczak
0 Unofficial Model
0 ROTATION CENTER 0 0 0 1 "Custom" 
0 ROTATION CONFIG 0 0
1 4 130 -152 0 1 0 0 0 1 0 0 0 1 332.dat
1 7 130 -152 0 1 0 0 0 1 0 0 0 1 32346.dat
1 0 130 -72 40 1 0 0 0 1 0 0 0 1 32344.dat
1 0 130 -152 0 1 0 0 0 1 0 0 0 1 32277.dat
1 4 150 -160 -10 1 0 0 0 1 0 0 0 1 334.dat
1 4 130 -160 -30 1 0 0 0 1 0 0 0 1 334.dat
1 4 110 -160 -10 1 0 0 0 1 0 0 0 1 334.dat
1 36 130 -152 0 1 0 0 0 1 0 0 0 1 32345.dat
1 7 130 -152 0 1 0 0 0 1 0 0 0 1 32276.dat
0
0 FILE Y-Frame.ldr
0 Y-Frame
0 Name: Y-Frame.ldr
0 Author: R Paluczak
0 Unofficial Model
0 ROTATION CENTER 0 0 0 1 "Custom" 
0 ROTATION CONFIG 0 0
1 0 -130 80 0 1 0 0 0 1 0 0 0 1 DSDK.ldr
1 0 -60 -14 -70 1 0 0 0 1 0 0 0 1 2780.dat
1 0 -20 -54 -110 0 0 -1 0 1 0 1 0 0 2780.dat
1 0 0 -64 -120 -1 0 0 0 1 0 0 0 -1 32333.dat
1 8 50 -64 -130 0 0 -1 0 1 0 1 0 0 3894.dat
1 0 20 -54 -110 0 0 -1 0 1 0 1 0 0 2780.dat
1 7 0 -54 -130 0 0 1 0 1 0 -1 0 0 3749.dat
1 7 0 -14 -140 1 0 0 0 1 0 0 0 1 32270.dat
1 7 0 -54 -140 1 0 0 0 1 0 0 0 1 32269.dat
1 7 30 -54 -170 0 0 -1 0 1 0 1 0 0 32269.dat
1 7 70 -54 -170 0 0 -1 0 1 0 1 0 0 3713.dat
1 8 -50 -64 -130 0 0 -1 0 1 0 1 0 0 3894.dat
1 7 -70 -54 -170 0 0 -1 0 1 0 1 0 0 3713.dat
1 0 0 -14 -120 0 0 -1 0 1 0 1 0 0 4519.dat
1 0 60 -14 -70 1 0 0 0 1 0 0 0 1 2780.dat
1 0 60 -54 -90 1 0 0 0 1 0 0 0 1 2780.dat
1 0 -60 -54 -90 1 0 0 0 1 0 0 0 1 2780.dat
1 0 70 -14 -90 1 0 0 0 1 0 0 0 1 6558.dat
1 0 -70 -14 -90 -1 0 0 0 1 0 0 0 -1 6558.dat
1 0 -70 -74 -90 0 1 0 0 0 1 1 0 0 32140.dat
1 0 70 -74 -90 0 1 0 0 0 1 1 0 0 32140.dat
1 0 0 -54 -170 -1 0 0 0 1 0 0 0 -1 3737.dat
0 
0
0 FILE Part 5.ldr
0 Part 5
0 Name: Part 5.ldr
0 Author: R Paluczak
0 Unofficial Model
0 ROTATION CENTER 0 0 0 1 "Custom" 
0 ROTATION CONFIG 0 0
1 8 -80 16 0 1 0 0 0 1 0 0 0 1 32009.dat
1 7 0 6 0 0 -1 0 1 0 0 0 0 1 3749.dat
0 SYNTH BEGIN TECHNIC_RIBBED_HOSE 135
0 1 7 0 6 0 1 0 0 0 1 0 0 0 1 LS02.dat
0 1 7 0 -13 0 1 0 0 0 1 0 0 0 1 LS02.dat
0 1 7 -60 -14 -130 1 0 0 0 0 -1 0 1 0 LS02.dat
0 1 7 -60 -14 -150 1 0 0 0 0 -1 0 1 0 LS02.dat
0 SYNTH SHOW
0 SYNTH SYNTHESIZED BEGIN
1 135 0 3.5 0 0 0 1 0 1 0 -1 0 0 79.dat
1 135 0 -2.0012 0 0 0 1 0 -1 0 -1 0 0 80.dat
1 135 0 -7.5028 0 0 0 1 0 -1 0 -1 0 0 80.dat
1 135 -0.0586 -13.0017 -0.0577 0.0005 -0.0234 0.9997 0.0231 -0.9995 -0.0235 -0.9997 -0.0231 -0 80.dat
1 135 -0.3289 -18.492 -0.327 0.0064 -0.0799 0.9968 0.0797 -0.9936 -0.0802 -0.9968 -0.08 0 80.dat
1 135 -0.9586 -23.9278 -0.9655 0.0198 -0.1554 0.9877 0.1577 -0.975 -0.1566 -0.9873 -0.1589 -0.0052 80.dat
1 135 -2.0692 -29.1885 -2.118 0.0537 -0.2568 0.965 0.2646 -0.9282 -0.2617 -0.9629 -0.2694 -0.0181 80.dat
1 135 -3.8052 -34.0496 -3.9718 0.1326 -0.3845 0.9136 0.397 -0.8239 -0.4044 -0.9082 -0.4163 -0.0434 80.dat
1 135 -6.2465 -38.1183 -6.6688 0.2793 -0.5134 0.8114 0.5124 -0.635 -0.5781 -0.812 -0.5773 -0.0857 80.dat
1 135 -9.2831 -41.0081 -10.1558 0.4637 -0.5969 0.6548 0.5437 -0.3918 -0.7422 -0.6996 -0.7001 -0.1429 80.dat
1 135 -12.6373 -42.6193 -14.1734 0.6137 -0.6225 0.4857 0.4978 -0.1723 -0.85 -0.6128 -0.7634 -0.2041 80.dat
1 135 -16.0466 -43.1664 -18.4409 0.7052 -0.6148 0.3531 0.4396 -0.0115 -0.8981 -0.5562 -0.7886 -0.2621 80.dat
1 135 -19.386 -42.954 -22.8116 0.7561 -0.5947 0.2732 0.406 0.0988 -0.9085 -0.5133 -0.7978 -0.3162 80.dat
1 135 -22.599 -42.2209 -27.21 0.7843 -0.5714 0.2414 0.4037 0.1746 -0.8981 -0.471 -0.8018 -0.3676 80.dat
1 135 -25.6882 -41.1263 -31.6345 0.7987 -0.548 0.2485 0.4283 0.2277 -0.8745 -0.4226 -0.8049 -0.4166 80.dat
1 135 -28.6557 -39.7757 -36.0852 0.8011 -0.5253 0.2868 0.4745 0.2653 -0.8393 -0.3648 -0.8085 -0.4618 80.dat
1 135 -31.4934 -38.2487 -40.548 0.7903 -0.5035 0.3492 0.536 0.2919 -0.7921 -0.2969 -0.8132 -0.5006 80.dat
1 135 -34.2144 -36.5944 -45.0429 0.7646 -0.4823 0.4275 0.6056 0.3104 -0.7328 -0.2207 -0.8191 -0.5294 80.dat
1 135 -36.8238 -34.8513 -49.5806 0.7231 -0.4616 0.5138 0.6764 0.3226 -0.6621 -0.1399 -0.8264 -0.5455 80.dat
1 135 -39.3181 -33.0542 -54.1597 0.6676 -0.4409 0.5999 0.7422 0.3297 -0.5835 -0.0595 -0.8348 -0.5473 80.dat
1 135 -41.6959 -31.2306 -58.7836 0.6017 -0.4202 0.6792 0.7986 0.3324 -0.5018 0.015 -0.8444 -0.5356 80.dat
1 135 -43.9566 -29.403 -63.4589 0.5305 -0.3991 0.7479 0.844 0.3313 -0.4218 0.0795 -0.855 -0.5126 80.dat
1 135 -46.0995 -27.5903 -68.1952 0.4584 -0.3773 0.8047 0.8789 0.3267 -0.3475 0.1318 -0.8665 -0.4814 80.dat
1 135 -48.1231 -25.8095 -73.0033 0.3887 -0.3547 0.8503 0.9053 0.3186 -0.2809 0.1713 -0.879 -0.445 80.dat
1 135 -50.0175 -24.0833 -77.877 0.3236 -0.331 0.8864 0.9251 0.3072 -0.223 0.1985 -0.8922 -0.4057 80.dat
1 135 -51.7795 -22.4268 -82.8289 0.2642 -0.306 0.9146 0.9404 0.2925 -0.1737 0.2143 -0.906 -0.365 80.dat
1 135 -53.398 -20.862 -87.8529 0.2107 -0.2794 0.9368 0.9525 0.2742 -0.1324 0.2199 -0.9202 -0.3239 80.dat
1 135 -54.8673 -19.4051 -92.9604 0.1633 -0.2511 0.9541 0.9626 0.2524 -0.0983 0.2161 -0.9345 -0.2829 80.dat
1 135 -56.174 -18.079 -98.1421 0.1218 -0.2207 0.9677 0.9714 0.2268 -0.0705 0.2039 -0.9486 -0.242 80.dat
1 135 -57.3093 -16.9023 -103.405 0.0862 -0.1882 0.9783 0.9791 0.1974 -0.0483 0.184 -0.9621 -0.2013 80.dat
1 135 -58.2585 -15.8993 -108.733 0.0564 -0.1534 0.9865 0.986 0.164 -0.0308 0.157 -0.9745 -0.1605 80.dat
1 135 -59.0105 -15.0903 -114.123 0.0326 -0.1164 0.9927 0.9918 0.1266 -0.0177 0.1236 -0.9851 -0.1196 80.dat
1 135 -59.5537 -14.4965 -119.568 0.015 -0.0773 0.9969 0.9963 0.0853 -0.0084 0.0844 -0.9934 -0.0782 80.dat
1 135 -59.8765 -14.1385 -125.052 0.004 -0.0362 0.9993 0.9992 0.0405 -0.0025 0.0404 -0.9985 -0.0363 80.dat
1 135 -59.986 -14.0159 -130.553 0 -0.0003 1 1 0.0003 -0 0.0003 -1 -0.0003 80.dat
1 135 -59.9895 -14.0119 -136.055 0 -0.0011 1 1 0.0012 -0 0.0012 -1 -0.0011 80.dat
1 135 -59.9953 -14.0053 -141.557 0 -0.0011 1 1 0.0012 0 0.0012 -1 -0.0011 79.dat
1 135 -59.9953 -14.0053 -147.557 0 -0.0011 1 1 0.0012 0 0.0012 -1 -0.0011 79.dat
0 SYNTH SYNTHESIZED END
0 SYNTH SYNTHESIZED BEGIN
0 SYNTH SYNTHESIZED END
0 SYNTH END
1 7 -60 6 -170 0 -1 0 0 0 1 -1 0 0 3749.dat
1 4 -60 6 -200 0 -1 0 0 0 1 -1 0 0 32054.dat
1 0 -80 6 -160 0 -1 0 1 0 0 0 0 1 32062.dat
1 0 -80 -4 -160 0 1 0 1 0 0 0 0 -1 32291.dat
1 0 -60 -14 -160 0 1 0 0 0 1 1 0 0 6558.dat
1 0 -60 -14 -210 0 1 0 0 0 1 1 0 0 2780.dat
1 36 -60 -14 -270 -1 0 0 0 0 1 0 1 0 30374.dat
1 0 -60 -14 -190 0 1 0 0 0 1 1 0 0 75535.dat
1 0 -9 47 0 0.55557 0 -0.83147 -0.83147 0 -0.55557 0 1 0 6048.dat
1 0 -20 28 0 1 0 0 0 0 1 0 -1 0 6217.dat
0
0 FILE Part 6.ldr
0 Part 6
0 Name: Part 6.ldr
0 Author: R Paluczak
0 Unofficial Model
0 ROTATION CENTER 0 0 0 1 "Custom" 
0 ROTATION CONFIG 0 0
1 8 80 16 0 -1 0 0 0 -1 0 0 0 1 32009.dat
1 7 0 6 0 0 -1 0 1 0 0 0 0 1 3749.dat
0 SYNTH BEGIN TECHNIC_RIBBED_HOSE 135
0 1 7 0 6 0 1 0 0 0 1 0 0 0 1 LS02.dat
0 1 7 0 -13 0 1 0 0 0 1 0 0 0 1 LS02.dat
0 1 7 60 -14 -130 1 0 0 0 0 -1 0 1 0 LS02.dat
0 1 7 60 -14 -150 1 0 0 0 0 -1 0 1 0 LS02.dat
0 SYNTH SHOW
0 SYNTH SYNTHESIZED BEGIN
1 135 0 3.5 0 0 0 1 0 1 0 -1 0 0 79.dat
1 135 0 -2.0012 0 0 0 1 0 -1 0 -1 0 0 80.dat
1 135 0 -7.5028 0 0 0 1 0 -1 0 -1 0 0 80.dat
1 135 0.0586 -13.0017 -0.0577 -0.0005 0.0234 0.9997 0.0231 -0.9995 0.0235 -0.9997 -0.0231 0 80.dat
1 135 0.3289 -18.492 -0.327 -0.0064 0.0799 0.9968 0.0797 -0.9936 0.0802 -0.9968 -0.08 -0 80.dat
1 135 0.9586 -23.9278 -0.9655 -0.0198 0.1554 0.9877 0.1577 -0.975 0.1566 -0.9873 -0.1589 0.0052 80.dat
1 135 2.0692 -29.1885 -2.118 -0.0537 0.2568 0.965 0.2646 -0.9282 0.2617 -0.9629 -0.2694 0.0181 80.dat
1 135 3.8052 -34.0496 -3.9718 -0.1326 0.3845 0.9136 0.397 -0.8239 0.4044 -0.9082 -0.4163 0.0434 80.dat
1 135 6.2465 -38.1183 -6.6688 -0.2793 0.5134 0.8114 0.5124 -0.635 0.5781 -0.812 -0.5773 0.0857 80.dat
1 135 9.2831 -41.0081 -10.1558 -0.4637 0.5969 0.6548 0.5437 -0.3918 0.7422 -0.6996 -0.7001 0.1429 80.dat
1 135 12.6373 -42.6193 -14.1734 -0.6137 0.6225 0.4857 0.4978 -0.1723 0.85 -0.6128 -0.7634 0.2041 80.dat
1 135 16.0466 -43.1664 -18.4409 -0.7052 0.6148 0.3531 0.4396 -0.0115 0.8981 -0.5562 -0.7886 0.2621 80.dat
1 135 19.386 -42.954 -22.8116 -0.7561 0.5947 0.2732 0.406 0.0988 0.9085 -0.5133 -0.7978 0.3162 80.dat
1 135 22.599 -42.2209 -27.21 -0.7843 0.5714 0.2414 0.4037 0.1746 0.8981 -0.471 -0.8018 0.3676 80.dat
1 135 25.6882 -41.1263 -31.6345 -0.7987 0.548 0.2485 0.4283 0.2277 0.8745 -0.4226 -0.8049 0.4166 80.dat
1 135 28.6557 -39.7757 -36.0852 -0.8011 0.5253 0.2868 0.4745 0.2653 0.8393 -0.3648 -0.8085 0.4618 80.dat
1 135 31.4934 -38.2487 -40.548 -0.7903 0.5035 0.3492 0.536 0.2919 0.7921 -0.2969 -0.8132 0.5006 80.dat
1 135 34.2144 -36.5944 -45.0429 -0.7646 0.4823 0.4275 0.6056 0.3104 0.7328 -0.2207 -0.8191 0.5294 80.dat
1 135 36.8238 -34.8513 -49.5806 -0.7231 0.4616 0.5138 0.6764 0.3226 0.6621 -0.1399 -0.8264 0.5455 80.dat
1 135 39.3181 -33.0542 -54.1597 -0.6676 0.4409 0.5999 0.7422 0.3297 0.5835 -0.0595 -0.8348 0.5473 80.dat
1 135 41.6959 -31.2306 -58.7836 -0.6017 0.4202 0.6792 0.7986 0.3324 0.5018 0.015 -0.8444 0.5356 80.dat
1 135 43.9566 -29.403 -63.4589 -0.5305 0.3991 0.7479 0.844 0.3313 0.4218 0.0795 -0.855 0.5126 80.dat
1 135 46.0995 -27.5903 -68.1952 -0.4584 0.3773 0.8047 0.8789 0.3267 0.3475 0.1318 -0.8665 0.4814 80.dat
1 135 48.1231 -25.8095 -73.0033 -0.3887 0.3547 0.8503 0.9053 0.3186 0.2809 0.1713 -0.879 0.445 80.dat
1 135 50.0175 -24.0833 -77.877 -0.3236 0.331 0.8864 0.9251 0.3072 0.223 0.1985 -0.8922 0.4057 80.dat
1 135 51.7795 -22.4268 -82.8289 -0.2642 0.306 0.9146 0.9404 0.2925 0.1737 0.2143 -0.906 0.365 80.dat
1 135 53.398 -20.862 -87.8529 -0.2107 0.2794 0.9368 0.9525 0.2742 0.1324 0.2199 -0.9202 0.3239 80.dat
1 135 54.8673 -19.4051 -92.9604 -0.1633 0.2511 0.9541 0.9626 0.2524 0.0983 0.2161 -0.9345 0.2829 80.dat
1 135 56.174 -18.079 -98.1421 -0.1218 0.2207 0.9677 0.9714 0.2268 0.0705 0.2039 -0.9486 0.242 80.dat
1 135 57.3093 -16.9023 -103.405 -0.0862 0.1882 0.9783 0.9791 0.1974 0.0483 0.184 -0.9621 0.2013 80.dat
1 135 58.2585 -15.8993 -108.733 -0.0564 0.1534 0.9865 0.986 0.164 0.0308 0.157 -0.9745 0.1605 80.dat
1 135 59.0105 -15.0903 -114.123 -0.0326 0.1164 0.9927 0.9918 0.1266 0.0177 0.1236 -0.9851 0.1196 80.dat
1 135 59.5537 -14.4965 -119.568 -0.015 0.0773 0.9969 0.9963 0.0853 0.0084 0.0844 -0.9934 0.0782 80.dat
1 135 59.8765 -14.1385 -125.052 -0.004 0.0362 0.9993 0.9992 0.0405 0.0025 0.0404 -0.9985 0.0363 80.dat
1 135 59.986 -14.0159 -130.553 -0 0.0003 1 1 0.0003 0 0.0003 -1 0.0003 80.dat
1 135 59.9895 -14.0119 -136.055 -0 0.0011 1 1 0.0012 0 0.0012 -1 0.0011 80.dat
1 135 59.9953 -14.0053 -141.557 -0 0.0011 1 1 0.0012 -0 0.0012 -1 0.0011 79.dat
1 135 59.9953 -14.0053 -147.557 -0 0.0011 1 1 0.0012 -0 0.0012 -1 0.0011 79.dat
0 SYNTH SYNTHESIZED END
0 SYNTH SYNTHESIZED BEGIN
0 SYNTH SYNTHESIZED END
0 SYNTH END
1 7 60 6 -170 0 -1 0 0 0 1 -1 0 0 3749.dat
1 4 60 6 -200 0 -1 0 0 0 1 -1 0 0 32054.dat
1 0 80 6 -160 0 -1 0 1 0 0 0 0 1 32062.dat
1 0 80 -4 -160 0 -1 0 -1 0 0 0 0 -1 32291.dat
1 0 60 -14 -160 0 1 0 0 0 1 1 0 0 6558.dat
1 0 60 -14 -210 0 1 0 0 0 1 1 0 0 2780.dat
1 36 60 -14 -270 -1 0 0 0 0 1 0 1 0 30374.dat
1 0 60 -14 -190 0 1 0 0 0 1 1 0 0 75535.dat
1 0 11 49 0 0.707107 0 0.707107 0.707107 0 -0.707107 0 1 0 6048.dat
1 0 20 28 0 1 0 0 0 0 1 0 -1 0 6217.dat
0 
0
0 FILE Part 1.ldr
0 Part 1
0 Name: Part 1.ldr
0 Author: R Paluczak
0 Unofficial Model
0 ROTATION CENTER 0 0 0 1 "Custom" 
0 ROTATION CONFIG 0 0
1 0 -20 32 0 1 0 0 0 1 0 0 0 1 Y-Frame.ldr
1 0 60 -42 -90 1 0 0 0 1 0 0 0 1 32062.dat
1 0 -100 -42 -90 1 0 0 0 1 0 0 0 1 32062.dat
1 0 -110 -42 -90 1 0 0 0 -1 0 0 0 -1 6536.dat
1 0 70 -42 -90 1 0 0 0 -1 0 0 0 -1 6536.dat
1 0 70 -62 -80 0 0 1 0 -1 0 1 0 0 2780.dat
1 0 -110 -62 -80 0 0 1 0 -1 0 1 0 0 2780.dat
1 0 70 -62 -70 0 0 1 0 -1 0 1 0 0 32013.dat
1 0 -110 -62 -70 0 0 -1 0 1 0 1 0 0 32013.dat
1 0 -20 -62 -70 -1 0 0 0 1 0 0 0 -1 3707.dat
1 0 -20 -82 -70 -1 0 0 0 0 -1 0 -1 0 32039.dat
1 0 -20 -92 -70 0 0 -1 1 0 0 0 -1 0 32062.dat
1 0 -105 -22 -130 0 1 0 1 0 0 0 0 -1 6632.dat
1 0 -115 -22 -130 0 1 0 1 0 0 0 0 -1 6632.dat
1 0 75 -22 -170 0 1 0 1 0 0 0 0 -1 6632.dat
1 0 65 -22 -170 0 1 0 1 0 0 0 0 -1 6632.dat
1 7 -120 -22 -130 1 0 0 0 -1 0 0 0 -1 3749.dat
1 7 80 -22 -210 -1 0 0 0 -1 0 0 0 1 3749.dat
0 
0
0 FILE Part 2.ldr
0 Part 2
0 Name: Part 2.ldr
0 Author: R Paluczak
0 Unofficial Model
0 ROTATION CENTER 0 0 0 1 "Custom" 
0 ROTATION CONFIG 0 0
1 0 24 40 0 0 -1 0 1 0 0 0 0 1 6632.dat
1 0 34 40 0 0 -1 0 1 0 0 0 0 1 6632.dat
1 0 39 40 40 -1 0 0 0 -1 0 0 0 1 32062.dat
1 7 19 40 20 -1 0 0 0 -1 0 0 0 1 3749.dat
1 8 48 40 100 0 -1 0 1 0 0 0 0 1 32177.dat
1 8 68 40 260 0 1 0 -1 0 0 0 0 1 32009.dat
1 7 58 40 120 -1 0 0 0 -1 0 0 0 1 3749.dat
1 7 58 40 160 -1 0 0 0 -1 0 0 0 1 3749.dat
1 0 59 -40 260 -1 0 0 0 -1 0 0 0 1 32062.dat
1 0 48 -40 260 0 1 0 0 0 -1 -1 0 0 32140.dat
1 0 0 40 20 0 0 1 0 1 0 -1 0 0 6578.dat
1 0 0 40 20 0 0 1 0 1 0 -1 0 0 2994.dat
0
0 FILE Part 3.ldr
0 Part 3
0 Name: Part 3.ldr
0 Author: R Paluczak
0 Unofficial Model
0 ROTATION CENTER 0 0 0 1 "Custom" 
0 ROTATION CONFIG 0 0
1 0 -30 24 0 1 0 0 0 1 0 0 0 1 32278.dat
1 0 -18.473 5 -78.303 -0.288196 0 -0.957571 0 1 0 0.957571 0 -0.288196 4519.dat
1 0 -56.652 5 -25.679 0.880891 0 0.47332 0 1 0 -0.47332 0 0.880891 32062.dat
1 8 -30 4 -140 0 -1 0 1 0 0 0 0 1 6587.dat
1 4 -30 4 -140 0 -1 0 0 0 -1 1 0 0 4019.dat
1 7 -30 14 20 0 1 0 -1 0 0 0 0 1 43093.dat
1 7 -30 14 -40 0 0.957571 -0.288196 -1 0 0 0 0.288196 0.957571 3673.dat
1 8 -30.283 5 -39.041 0 0.957571 -0.288196 -1 0 0 0 0.288196 0.957571 32192.dat
1 8 -6.944 5 -116.606 -0.957571 0 0.288196 0 1 0 -0.288196 0 -0.957571 32013.dat
1 7 -30 9 20 0 1 0 0 0 -1 -1 0 0 32123a.dat
1 7 -69.865 5 -18.579 -0.47332 0 0.880891 0 1 0 -0.880891 0 -0.47332 32123a.dat
1 0 -30 -26 -140 0 -1 0 0 0 1 -1 0 0 6578.dat
1 0 -30 -26 -140 0 -1 0 0 0 1 -1 0 0 2994.dat
0
0 FILE Part 4.ldr
0 Part 4
0 Name: Part 4.ldr
0 Author: R Paluczak
0 Unofficial Model
0 ROTATION CENTER 0 0 0 1 "Custom" 
0 ROTATION CONFIG 0 0
1 0 24 40 0 0 -1 0 1 0 0 0 0 1 6632.dat
1 0 34 40 0 0 -1 0 1 0 0 0 0 1 6632.dat
1 0 38 40 40 -1 0 0 0 -1 0 0 0 1 32062.dat
1 7 19 40 20 -1 0 0 0 -1 0 0 0 1 3749.dat
1 8 48 40 100 0 -1 0 1 0 0 0 0 1 32177.dat
1 8 68 40 260 0 -1 0 1 0 0 0 0 1 32009.dat
1 7 58 40 120 -1 0 0 0 -1 0 0 0 1 3749.dat
1 7 58 40 160 -1 0 0 0 -1 0 0 0 1 3749.dat
1 0 57 120 260 1 0 0 0 1 0 0 0 1 32062.dat
1 0 48 120 260 0 -1 0 0 0 1 -1 0 0 32140.dat
1 0 0 40 20 0 0 1 0 1 0 -1 0 0 6578.dat
1 0 0 40 20 0 0 1 0 1 0 -1 0 0 2994.dat
0
0 FILE Part 7.ldr
0 Part 7
0 Name: Part 7.ldr
0 Author: R Paluczak
0 Unofficial Model
0 ROTATION CENTER 0 0 0 1 "Custom" 
0 ROTATION CONFIG 0 0
1 0 -30 24 0 1 0 0 0 1 0 0 0 1 32278.dat
1 8 -30 4 -140 0 -1 0 1 0 0 0 0 1 6587.dat
1 7 -30 14 -100 0 1 0 -1 0 0 0 0 1 4274.dat
1 7 -30 14 -20 0 1 0 -1 0 0 0 0 1 4274.dat
1 38 -30 6 -20 1 0 0 0 1 0 0 0 1 4073.dat
1 4 -30 4 -140 0 -1 0 0 0 -1 1 0 0 4019.dat
1 38 -30 6 -100 1 0 0 0 1 0 0 0 1 4073.dat
1 0 -30 -26 -140 0 -1 0 0 0 1 -1 0 0 6578.dat
1 0 -30 -26 -140 0 -1 0 0 0 1 -1 0 0 2994.dat
0
0 FILE Part 8.ldr
0 Part 8
0 Name: Part 8.ldr
0 Author: R Paluczak
0 Unofficial Model
0 
0 
0 ROTATION CENTER 0 0 0 1 "Custom" 
0 ROTATION CONFIG 0 0
1 8 20 48 0 1 0 0 0 1 0 0 0 1 32310.dat
1 0 20 48 20 1 0 0 0 1 0 0 0 1 3705.dat
1 0 50 48 20 1 0 0 0 -1 0 0 0 -1 6536.dat
1 0 -10 48 20 1 0 0 0 -1 0 0 0 -1 6536.dat
1 0 -10 28 20 0 0 1 0 -1 0 1 0 0 32054.dat
1 0 50 28 20 0 0 1 0 -1 0 1 0 0 32054.dat
1 0 50 28 -10 0 0 1 0 -1 0 1 0 0 32062.dat
1 0 -10 28 -10 0 0 1 0 -1 0 1 0 0 32062.dat
1 36 -10 28 -42 0 0 1 1 0 0 0 1 0 6188.dat
1 36 50 28 -42 0 0 1 1 0 0 0 1 0 6188.dat
1 0 20 144.832 90.455 0 0 1 0.707107 0.707107 0 -0.707107 0.707107 0 32062.dat
1 0 20 166.044 69.242 -1 0 0 0 0.382684 0.92388 0 0.92388 -0.382684 6558.dat
1 0 40 166.044 69.242 -1 0 0 0 0.382684 0.92388 0 0.92388 -0.382684 32013.dat
1 7 40 138.327 80.723 0 0 1 0.92388 0.382684 0 -0.382684 0.92388 0 3749.dat
1 7 0 138.327 80.723 0 0 1 0.92388 0.382684 0 -0.382684 0.92388 0 3749.dat
0 SYNTH BEGIN TECHNIC_RIBBED_HOSE 135
0 1 0 -10 28 30 0 0 1 -1 0 0 0 -1 0 LS02.dat
0 1 0 -10 28 50 0 0 1 -1 0 0 0 -1 0 LS02.dat
0 1 0 -2 119.85 88.374 0 0 -1 -0.382684 -0.92388 0 -0.92388 0.382684 0 LS02.dat
0 1 0 -2 138.327 80.723 0 0 -1 -0.382684 -0.92388 0 -0.92388 0.382684 0 LS02.dat
0 SYNTH SHOW
0 SYNTH SYNTHESIZED BEGIN
1 135 -10 28 32.5 -1 0 0 0 0 -1 0 -1 0 79.dat
1 135 -10 28 38.0009 -1 0 0 0 0 -1 0 1 0 80.dat
1 135 -10 28 43.502 -1 0 0 0 0 -1 0 1 0 80.dat
1 135 -9.994 28.0138 49.0021 -1 0.0024 0 0 0.0055 -1 0.0024 1 0.0055 80.dat
1 135 -9.9681 28.0759 54.515 -1 0.0075 -0 0.0001 0.0182 -0.9998 0.0075 0.9998 0.0182 80.dat
1 135 -9.9122 28.2156 60.022 -0.9999 0.0133 -0 0.0005 0.034 -0.9994 0.0133 0.9993 0.034 80.dat
1 135 -9.8223 28.4523 65.5276 -0.9998 0.0199 -0 0.0011 0.0538 -0.9986 0.0199 0.9984 0.0538 80.dat
1 135 -9.6935 28.8113 71.0147 -0.9996 0.0276 0 0.0022 0.0791 -0.9969 0.0275 0.9965 0.0791 80.dat
1 135 -9.5188 29.33 76.4952 -0.9993 0.0367 0 0.0041 0.1123 -0.9937 0.0364 0.993 0.1123 80.dat
1 135 -9.2894 30.0598 81.95 -0.9989 0.0476 0 0.0075 0.1568 -0.9876 0.047 0.9865 0.157 80.dat
1 135 -8.9933 31.0778 87.355 -0.9981 0.0611 -0 0.0134 0.2184 -0.9758 0.0596 0.9739 0.2188 80.dat
1 135 -8.6141 32.5013 92.6605 -0.997 0.078 0 0.024 0.3063 -0.9516 0.0743 0.9487 0.3072 80.dat
1 135 -8.1318 34.5067 97.751 -0.9951 0.0991 0 0.0432 0.4339 -0.8999 0.0892 0.8955 0.4361 80.dat
1 135 -7.5279 37.3381 102.396 -0.9925 0.1225 0 0.0754 0.6111 -0.7879 0.0965 0.782 0.6158 80.dat
1 135 -6.8119 41.1938 106.173 -0.9903 0.1393 0 0.1137 0.8085 -0.5774 0.0804 0.5718 0.8165 80.dat
1 135 -6.0489 45.9842 108.646 -0.9905 0.1377 0 0.1312 0.9435 -0.3042 0.0419 0.3013 0.9526 80.dat
1 135 -5.3299 51.294 109.73 -0.9925 0.1221 0 0.1218 0.9899 -0.0722 0.0088 0.0716 0.9974 80.dat
1 135 -4.7022 56.759 109.739 -0.9946 0.1037 -0 0.1033 0.9911 0.0834 -0.0086 -0.0829 0.9965 80.dat
1 135 -4.1709 62.1998 109.035 0.9962 0.0873 -0 -0.0858 0.9795 -0.1821 0.0159 -0.1814 -0.9833 80.dat
1 135 -3.7248 67.5632 107.876 0.9973 0.0734 0 -0.0712 0.9666 -0.246 0.0181 -0.2454 -0.9693 80.dat
1 135 -3.3497 72.8583 106.417 0.9981 0.0617 -0 -0.0591 0.9555 -0.289 0.0178 -0.2884 -0.9573 80.dat
1 135 -3.0351 78.097 104.755 0.9987 0.0516 0 -0.049 0.9466 -0.3187 0.0165 -0.3182 -0.9479 80.dat
1 135 -2.7725 83.2955 102.949 0.9991 0.0428 -0 -0.0403 0.9397 -0.3396 0.0145 -0.3392 -0.9406 80.dat
1 135 -2.5557 88.4644 101.041 0.9994 0.035 0 -0.0328 0.9345 -0.3544 0.0124 -0.3542 -0.9351 80.dat
1 135 -2.3802 93.604 99.0627 0.9996 0.028 0 -0.0261 0.9307 -0.3649 0.0102 -0.3648 -0.931 80.dat
1 135 -2.242 98.7196 97.0363 0.9998 0.0216 -0 -0.0201 0.9279 -0.3723 0.0081 -0.3722 -0.9281 80.dat
1 135 -2.1377 103.819 94.9765 0.9999 0.0158 -0 -0.0146 0.926 -0.3773 0.0059 -0.3772 -0.9261 80.dat
1 135 -2.0646 108.911 92.893 0.9999 0.0103 0 -0.0095 0.9248 -0.3804 0.0039 -0.3804 -0.9248 80.dat
1 135 -2.0204 114.005 90.7927 1 0.0052 0 -0.0048 0.9241 -0.3821 0.002 -0.3821 -0.9241 80.dat
1 135 -2.0044 119.096 88.6863 1 0.0001 -0 -0.0001 0.9239 -0.3826 0 -0.3826 -0.9239 80.dat
1 135 -2.0035 124.179 86.5816 1 0.0003 0 -0.0003 0.9239 -0.3825 0.0001 -0.3825 -0.9239 80.dat
1 135 -2.0017 129.263 84.4766 1 0.0003 0 -0.0003 0.9239 -0.3825 0.0001 -0.3825 -0.9239 80.dat
1 135 -2.0004 134.345 82.372 1 0.0001 0 -0.0001 0.9239 -0.3826 0 -0.3826 -0.9239 79.dat
0 SYNTH SYNTHESIZED END
0 SYNTH END
0 SYNTH BEGIN TECHNIC_RIBBED_HOSE 135
0 1 4 50 28 30 0 0 1 -1 0 0 0 -1 0 LS02.dat
0 1 4 50 28 50 0 0 1 -1 0 0 0 -1 0 LS02.dat
0 1 4 40 119.85 88.374 0 0 -1 -0.382684 -0.92388 0 -0.92388 0.382684 0 LS02.dat
0 1 4 40 138.327 80.723 0 0 -1 -0.382684 -0.92388 0 -0.92388 0.382684 0 LS02.dat
0 SYNTH SHOW
0 SYNTH SYNTHESIZED BEGIN
1 135 50 28 32.5 -1 0 0 0 0 -1 0 -1 0 79.dat
1 135 50 28 38.0009 -1 0 0 0 0 -1 0 1 0 80.dat
1 135 50 28 43.502 -1 0 0 0 0 -1 0 1 0 80.dat
1 135 49.9926 28.0138 49.0021 -1 -0.003 0 -0 0.0055 -1 -0.003 1 0.0055 80.dat
1 135 49.9601 28.0759 54.5118 -1 -0.0094 0 -0.0002 0.0182 -0.9998 -0.0094 0.9998 0.0182 80.dat
1 135 49.8904 28.2153 60.0132 -0.9999 -0.0166 0 -0.0006 0.0339 -0.9994 -0.0166 0.9993 0.0339 80.dat
1 135 49.7783 28.4514 65.5106 -0.9997 -0.0249 0 -0.0013 0.0537 -0.9986 -0.0248 0.9982 0.0537 80.dat
1 135 49.6172 28.8106 71.0052 -0.9994 -0.0345 -0 -0.0027 0.0791 -0.9969 -0.0344 0.9963 0.0791 80.dat
1 135 49.3987 29.3295 76.491 -0.9989 -0.0458 0 -0.0051 0.1122 -0.9937 -0.0455 0.9926 0.1123 80.dat
1 135 49.1118 30.0596 81.9485 -0.9982 -0.0595 0 -0.0093 0.1567 -0.9876 -0.0587 0.9859 0.157 80.dat
1 135 48.7417 31.0773 87.353 -0.9971 -0.0763 0 -0.0167 0.2181 -0.9758 -0.0745 0.9729 0.2188 80.dat
1 135 48.2683 32.4992 92.6544 -0.9952 -0.0974 0 -0.0299 0.3056 -0.9517 -0.0927 0.9472 0.3071 80.dat
1 135 47.6667 34.4998 97.7375 -0.9924 -0.1234 0 -0.0538 0.4323 -0.9001 -0.1111 0.8932 0.4357 80.dat
1 135 46.9142 37.3204 102.375 -0.9883 -0.1524 -0 -0.0937 0.6077 -0.7886 -0.1202 0.7794 0.6149 80.dat
1 135 46.0225 41.1576 106.15 -0.9849 -0.1731 -0 -0.141 0.8026 -0.5796 -0.1003 0.5708 0.8149 80.dat
1 135 45.0739 45.9135 108.623 -0.9852 -0.1714 0 -0.1631 0.9374 -0.3077 -0.0527 0.3032 0.9515 80.dat
1 135 44.1765 51.2022 109.724 -0.9883 -0.1524 0 -0.152 0.9855 -0.0757 -0.0115 0.0748 0.9971 80.dat
1 135 43.3946 56.6309 109.749 0.9915 -0.1298 0 0.1293 0.9883 -0.0804 -0.0104 -0.0798 -0.9968 80.dat
1 135 42.7297 62.0567 109.061 0.994 -0.1094 0 0.1076 0.9778 -0.18 -0.0197 -0.1789 -0.9837 80.dat
1 135 42.1706 67.4101 107.914 0.9957 -0.0921 0 0.0893 0.9655 -0.2445 -0.0225 -0.2435 -0.9696 80.dat
1 135 41.7 72.7001 106.465 0.997 -0.0775 0 0.0742 0.9548 -0.2879 -0.0223 -0.2871 -0.9577 80.dat
1 135 41.3048 77.9378 104.808 0.9979 -0.0649 0 0.0615 0.9461 -0.3179 -0.0206 -0.3172 -0.9481 80.dat
1 135 40.9746 83.1387 103.005 0.9985 -0.0539 0 0.0507 0.9394 -0.339 -0.0183 -0.3385 -0.9408 80.dat
1 135 40.7027 88.2952 101.105 0.999 -0.0441 0 0.0412 0.9343 -0.354 -0.0156 -0.3536 -0.9353 80.dat
1 135 40.4822 93.4255 99.1324 0.9994 -0.0353 -0 0.0329 0.9306 -0.3646 -0.0129 -0.3644 -0.9312 80.dat
1 135 40.3075 98.5516 97.1036 0.9996 -0.0273 0 0.0253 0.9279 -0.3721 -0.0101 -0.372 -0.9282 80.dat
1 135 40.1756 103.663 95.0398 0.9998 -0.0199 0 0.0184 0.926 -0.3771 -0.0075 -0.3771 -0.9262 80.dat
1 135 40.0828 108.769 92.9515 0.9999 -0.0131 -0 0.0121 0.9248 -0.3803 -0.005 -0.3803 -0.9249 80.dat
1 135 40.0266 113.862 90.8519 1 -0.0067 -0 0.0062 0.9241 -0.3821 -0.0026 -0.3821 -0.9241 80.dat
1 135 40.0061 118.953 88.7455 1 -0.0001 0 0.0001 0.9239 -0.3826 -0 -0.3826 -0.9239 80.dat
1 135 40.0048 124.037 86.6404 1 -0.0004 -0 0.0004 0.9239 -0.3825 -0.0002 -0.3825 -0.9239 80.dat
1 135 40.0024 129.119 84.5362 1 -0.0005 -0 0.0004 0.9239 -0.3825 -0.0002 -0.3825 -0.9239 80.dat
1 135 40.0006 134.201 82.4318 1 -0.0002 0 0.0002 0.9239 -0.3826 -0.0001 -0.3826 -0.9239 79.dat
0 SYNTH SYNTHESIZED END
0 SYNTH END
1 0 0 166.044 69.242 -1 0 0 0 0.382684 0.92388 0 0.92388 -0.382684 32013.dat
1 0 20 48 40 1 0 0 0 1 0 0 0 1 32039.dat
1 0 20 48 50 0 0 -1 0 1 0 1 0 0 32062.dat
1 0 20 123.344 111.535 -1 0 0 0 -0.382684 0.92388 0 0.92388 0.382684 32015.dat
1 0 20 86.39 96.228 0 0 -1 0.92388 0.382683 0 0.382683 -0.92388 0 4519.dat
1 0 20 48 80 -1 0 0 0 -1 0 0 0 1 32015.dat
1 0 20 166.044 69.242 1 0 0 0 -0.707107 0.707107 0 -0.707107 -0.707107 32015.dat
0 
0 
0 
0
0
